# unix_time, cycles_done, cur_path, paths_total, pending_total, pending_favs, map_size, unique_crashes, unique_hangs, max_depth, execs_per_sec, edge_coverage, total_execs
1601583288, 0, 0, 1, 1, 1, 1.61%, 0, 0, 1, 275.86 0 8
1601583293, 0, 0, 112, 112, 1, 1.92%, 0, 0, 2, 1317.55 1259 4747
1601583298, 0, 0, 180, 180, 1, 1.96%, 0, 0, 2, 1060.75 1284 9892
1601583303, 0, 0, 186, 186, 1, 1.96%, 0, 0, 2, 805.45 1284 13947
1601583308, 0, 0, 193, 193, 1, 1.96%, 0, 0, 2, 657.51 1284 17109
1601583313, 0, 0, 195, 195, 1, 1.96%, 0, 0, 2, 555.77 1284 19835
1601583318, 0, 0, 285, 285, 1, 2.13%, 0, 0, 2, 558.51 1398 22667
1601583323, 0, 0, 292, 292, 1, 2.16%, 0, 0, 2, 472.40 1418 24901
1601583328, 0, 0, 301, 301, 1, 2.17%, 0, 0, 2, 902.05 1422 30048
1601583348, 0, 0, 320, 320, 1, 2.20%, 0, 0, 2, 559.60 1442 43507
1601583353, 0, 0, 322, 322, 1, 2.20%, 0, 0, 2, 483.71 1444 45821
1601583358, 0, 0, 333, 333, 1, 2.21%, 0, 0, 2, 910.04 1449 50600
1601583374, 0, 0, 334, 334, 1, 2.21%, 0, 0, 2, 594.99 1449 62176
1601583379, 0, 0, 338, 338, 1, 2.21%, 0, 0, 2, 544.17 1449 64862
1601583384, 0, 0, 340, 340, 1, 2.21%, 0, 0, 2, 645.13 1450 67847
1601583389, 0, 0, 341, 341, 1, 2.21%, 0, 0, 2, 678.12 1450 71339
1601583394, 0, 0, 344, 344, 1, 2.21%, 0, 0, 2, 677.55 1451 74940
1601583399, 0, 0, 349, 349, 1, 2.22%, 0, 0, 2, 228.16 1452 77368
1601583404, 0, 0, 363, 363, 1, 2.22%, 0, 0, 2, 911.36 1458 81042
1601583409, 0, 0, 367, 367, 1, 2.22%, 0, 0, 2, 995.36 1458 85410
1601583414, 0, 0, 368, 368, 1, 2.22%, 0, 0, 2, 1167.46 1458 91716
1601583419, 0, 0, 373, 373, 1, 2.22%, 0, 0, 2, 1279.70 1458 98202
1601583425, 0, 0, 376, 376, 1, 2.22%, 0, 0, 2, 1022.52 1458 103409
1601583430, 0, 0, 377, 377, 1, 2.22%, 0, 0, 2, 905.03 1458 107887
1601583486, 0, 0, 378, 378, 1, 2.22%, 0, 0, 2, 696.65 1458 158144
1601583567, 0, 0, 388, 388, 1, 2.23%, 0, 0, 2, 535.27 1464 205522
1601583629, 0, 0, 389, 389, 1, 2.23%, 0, 0, 2, 670.78 1464 242273
1601583675, 0, 0, 390, 390, 1, 2.23%, 0, 0, 2, 505.21 1464 263348
1601583685, 0, 0, 391, 391, 1, 2.24%, 0, 0, 2, 516.04 1466 270676
1601583705, 0, 0, 392, 392, 1, 2.24%, 0, 0, 2, 610.69 1467 279502
1601583726, 0, 0, 397, 397, 1, 2.24%, 0, 0, 2, 607.66 1467 294976
1601583731, 0, 0, 399, 399, 1, 2.24%, 0, 0, 2, 972.39 1467 299799
1601583736, 0, 0, 400, 400, 1, 2.24%, 0, 0, 2, 1156.24 1467 306213
1601583741, 0, 0, 401, 401, 1, 2.24%, 0, 0, 2, 1356.58 1469 312776
1601583802, 0, 0, 409, 409, 1, 2.24%, 0, 0, 2, 521.02 1470 356864
1601583817, 0, 0, 411, 411, 1, 2.24%, 0, 0, 2, 1052.89 1471 368480
1601583924, 0, 0, 416, 416, 1, 2.25%, 0, 0, 2, 676.81 1474 459086
1601583929, 0, 0, 418, 418, 1, 2.25%, 0, 0, 2, 505.76 1474 461426
1601583939, 0, 0, 419, 419, 1, 2.25%, 0, 0, 2, 421.99 1475 465920
1601583944, 0, 0, 422, 422, 1, 2.27%, 0, 0, 2, 753.47 1486 470097
1601583950, 0, 0, 423, 423, 1, 2.27%, 0, 0, 2, 948.97 1486 474493
1601583955, 0, 0, 424, 424, 1, 2.27%, 0, 0, 2, 1407.73 1486 481845
1601584041, 0, 0, 428, 428, 1, 2.27%, 0, 0, 2, 621.91 1488 554942
1601584046, 0, 0, 441, 441, 1, 2.29%, 0, 0, 2, 445.53 1504 558199
1601584057, 0, 0, 445, 445, 1, 2.29%, 0, 0, 2, 467.32 1504 563121
1601584072, 0, 0, 459, 459, 1, 2.31%, 0, 0, 2, 1257.27 1517 573656
1601584077, 0, 0, 461, 461, 1, 2.31%, 0, 0, 2, 1578.42 1517 582255
1601584082, 0, 0, 464, 464, 1, 2.32%, 0, 0, 2, 1660.42 1519 590997
1601584087, 0, 0, 465, 465, 1, 2.32%, 0, 0, 2, 1643.89 1519 599232
1601584092, 0, 21, 465, 464, 116, 2.32%, 0, 0, 2, 1929.02 1519 609130
1601584331, 0, 22, 465, 463, 115, 2.32%, 0, 0, 2, 2015.28 1519 1095966
1601584341, 0, 25, 465, 462, 114, 2.32%, 0, 0, 2, 309.40 1519 1112697
1601584372, 0, 25, 467, 464, 114, 2.32%, 0, 0, 3, 383.61 1521 1131258
1601584377, 0, 25, 468, 465, 114, 2.32%, 0, 0, 3, 259.03 1522 1132586
1601584412, 0, 25, 472, 469, 114, 2.33%, 0, 0, 3, 411.90 1526 1152857
1601584448, 0, 25, 474, 471, 114, 2.33%, 0, 0, 3, 439.36 1526 1173176
1601584774, 0, 25, 475, 472, 114, 2.34%, 0, 0, 3, 213.42 1531 1351247
1601584928, 0, 25, 476, 473, 114, 2.34%, 0, 0, 3, 469.26 1531 1401059
1601585015, 0, 25, 477, 474, 114, 2.34%, 0, 0, 3, 416.07 1531 1463414
1601585173, 0, 25, 478, 475, 114, 2.34%, 0, 0, 3, 311.16 1531 1572675
1601585275, 0, 25, 479, 476, 114, 2.34%, 0, 0, 3, 544.03 1532 1656987
1601585300, 0, 25, 483, 480, 114, 2.34%, 0, 0, 3, 472.56 1532 1670069
1601585316, 0, 25, 487, 484, 114, 2.34%, 0, 0, 3, 270.77 1532 1676061
1601585342, 0, 28, 487, 483, 119, 2.34%, 0, 0, 3, 1681.34 1532 1686853
1601585347, 0, 29, 487, 482, 118, 2.34%, 0, 0, 3, 2008.70 1532 1697721
1601585357, 0, 32, 487, 481, 117, 2.34%, 0, 0, 3, 2079.44 1532 1718738
1601585362, 0, 35, 487, 480, 116, 2.34%, 0, 0, 3, 2057.62 1532 1729449
1601585398, 0, 35, 488, 481, 116, 2.34%, 0, 0, 3, 2021.51 1535 1801180
1601585403, 0, 41, 489, 481, 115, 2.35%, 0, 0, 3, 2001.56 1537 1811288
1601585449, 0, 43, 489, 480, 114, 2.35%, 0, 0, 3, 2016.10 1537 1903527
1601585489, 0, 44, 489, 479, 113, 2.35%, 0, 0, 3, 1999.60 1537 1985172
1601585535, 0, 45, 489, 478, 112, 2.35%, 0, 0, 3, 1977.68 1537 2076751
1601585575, 0, 46, 490, 478, 111, 2.35%, 0, 0, 3, 1955.62 1537 2156158
1601585626, 0, 48, 492, 479, 111, 2.35%, 0, 0, 3, 1953.43 1538 2254198
1601585681, 0, 50, 492, 478, 110, 2.35%, 0, 0, 3, 1906.89 1538 2360081
1601585742, 0, 54, 492, 477, 109, 2.35%, 0, 0, 3, 1772.64 1538 2475047
1601585839, 0, 67, 492, 476, 109, 2.35%, 0, 0, 3, 1894.36 1538 2645672
1601585879, 0, 68, 493, 476, 108, 2.35%, 0, 0, 3, 2032.41 1539 2726956
1601585920, 0, 69, 493, 475, 108, 2.35%, 0, 0, 3, 2004.38 1539 2808440
1601585960, 0, 71, 493, 474, 107, 2.35%, 0, 0, 3, 2031.93 1539 2889583
1601586001, 0, 77, 493, 473, 106, 2.35%, 0, 0, 3, 2029.39 1539 2971563
1601586047, 0, 77, 495, 475, 106, 2.35%, 0, 0, 3, 1991.98 1541 3061455
1601586052, 0, 79, 495, 474, 105, 2.35%, 0, 0, 3, 1977.78 1541 3071475
1601586098, 0, 92, 495, 473, 104, 2.35%, 0, 0, 3, 1899.69 1541 3161362
1601586143, 0, 98, 496, 473, 103, 2.35%, 0, 0, 3, 1754.02 1541 3249893
1601586367, 0, 118, 496, 472, 102, 2.35%, 0, 0, 3, 1778.26 1541 3573403
1601586417, 0, 133, 496, 471, 101, 2.35%, 0, 0, 3, 1577.12 1541 3670234
1601586433, 0, 133, 497, 472, 101, 2.35%, 0, 0, 3, 1239.42 1541 3688239
1601586646, 0, 135, 497, 471, 101, 2.35%, 0, 0, 3, 1668.51 1541 3989675
1601586651, 0, 135, 498, 472, 101, 2.35%, 0, 0, 3, 1831.06 1541 3999019
1601586701, 0, 138, 498, 471, 100, 2.35%, 0, 0, 3, 1914.27 1541 4096356
1601586757, 0, 144, 498, 470, 99, 2.35%, 0, 0, 3, 1609.51 1541 4200737
1601586838, 0, 144, 499, 471, 99, 2.35%, 0, 0, 3, 1681.24 1541 4324595
1601586940, 0, 145, 499, 470, 98, 2.35%, 0, 0, 3, 1552.17 1541 4489598
1601587128, 0, 153, 499, 469, 97, 2.35%, 0, 0, 3, 1737.42 1541 4786117
1601587193, 0, 154, 499, 468, 96, 2.35%, 0, 0, 3, 1875.19 1541 4907460
1601587260, 0, 162, 499, 467, 95, 2.35%, 0, 0, 3, 1255.49 1541 5026291
1601587275, 0, 162, 500, 468, 95, 2.35%, 0, 0, 3, 656.68 1541 5038329
1601587280, 0, 162, 501, 469, 95, 2.35%, 0, 0, 3, 555.05 1541 5041067
1601588065, 0, 168, 502, 469, 94, 2.35%, 0, 0, 3, 1293.15 1541 5616331
1601588202, 0, 196, 502, 468, 93, 2.35%, 0, 0, 3, 1723.72 1541 5848553
1601588345, 0, 196, 503, 469, 93, 2.35%, 0, 0, 3, 1552.64 1541 6076038
1601588380, 0, 197, 503, 468, 93, 2.35%, 0, 0, 3, 1610.65 1541 6134470
1601588528, 0, 197, 504, 469, 93, 2.35%, 0, 0, 3, 1728.34 1541 6370488
1601588558, 0, 198, 504, 468, 91, 2.35%, 0, 0, 3, 1575.07 1541 6419629
1601588573, 0, 198, 505, 469, 91, 2.35%, 0, 0, 3, 1535.54 1541 6443106
1601588583, 0, 198, 506, 470, 91, 2.36%, 0, 0, 3, 1524.81 1544 6458315
1601588654, 0, 198, 507, 471, 91, 2.36%, 0, 0, 3, 1561.32 1546 6570144
1601588741, 0, 205, 509, 472, 91, 2.36%, 0, 0, 3, 1608.02 1548 6710705
1601588756, 0, 205, 510, 473, 91, 2.36%, 0, 0, 3, 1526.25 1548 6733471
1601588857, 0, 205, 511, 474, 91, 2.36%, 0, 0, 3, 1632.28 1548 6893847
1601588888, 0, 205, 512, 475, 91, 2.36%, 0, 0, 3, 1691.51 1548 6943355
1601588923, 0, 216, 512, 474, 90, 2.36%, 0, 0, 3, 1585.22 1548 7000966
1601589040, 0, 216, 513, 475, 90, 2.36%, 0, 0, 3, 1680.98 1548 7183679
1601589106, 0, 221, 514, 475, 89, 2.36%, 0, 0, 3, 1149.53 1548 7288394
1601589911, 0, 222, 514, 474, 88, 2.36%, 0, 0, 3, 827.42 1548 7876710
1601590712, 0, 233, 514, 473, 87, 2.36%, 0, 0, 3, 713.02 1548 8463833
1601590742, 0, 233, 515, 474, 87, 2.36%, 0, 0, 3, 471.93 1548 8484294
1601590767, 0, 233, 516, 475, 87, 2.36%, 0, 0, 3, 532.26 1548 8502739
1601590798, 0, 233, 517, 476, 87, 2.36%, 0, 0, 3, 523.76 1548 8524290
1601591139, 0, 233, 518, 477, 87, 2.36%, 0, 0, 3, 559.73 1548 8751746
1601591215, 0, 233, 519, 478, 87, 2.36%, 0, 0, 3, 572.56 1548 8814282
1601591485, 0, 233, 521, 480, 87, 2.36%, 0, 0, 3, 546.55 1548 9038304
1601591516, 0, 238, 521, 479, 86, 2.36%, 0, 0, 3, 1319.93 1548 9057602
1601591699, 0, 239, 521, 478, 85, 2.36%, 0, 0, 3, 1582.57 1548 9347746
1601591887, 0, 243, 521, 477, 84, 2.36%, 0, 0, 3, 1533.33 1548 9645579
1601592066, 0, 251, 521, 476, 83, 2.36%, 0, 0, 3, 1556.28 1548 9930244
1601592111, 0, 251, 522, 477, 83, 2.36%, 0, 0, 3, 1695.48 1549 9999075
1601592254, 0, 256, 522, 476, 83, 2.36%, 0, 0, 3, 1559.85 1549 10228261
1601592442, 0, 260, 522, 475, 82, 2.36%, 0, 0, 3, 1540.70 1549 10526405
1601592625, 0, 261, 522, 474, 81, 2.36%, 0, 0, 3, 1564.36 1549 10818460
1601592813, 0, 262, 527, 478, 80, 2.37%, 0, 0, 3, 524.16 1552 11113464
1601592843, 0, 262, 529, 480, 80, 2.37%, 0, 0, 3, 562.89 1552 11133536
1601592869, 0, 262, 530, 481, 80, 2.37%, 0, 0, 3, 518.08 1552 11151844
1601592900, 0, 262, 531, 482, 80, 2.37%, 0, 0, 3, 470.04 1552 11173369
1601592915, 0, 262, 533, 484, 80, 2.37%, 0, 0, 3, 392.79 1552 11184096
1601593242, 0, 262, 534, 485, 80, 2.37%, 0, 0, 3, 630.03 1552 11401483
1601593319, 0, 262, 535, 486, 80, 2.37%, 0, 0, 3, 507.54 1552 11464047
1601593584, 0, 262, 536, 487, 80, 2.37%, 0, 0, 3, 679.87 1552 11685215
1601593589, 0, 262, 537, 488, 80, 2.37%, 0, 0, 3, 515.96 1552 11687651
1601593615, 0, 263, 537, 487, 82, 2.37%, 0, 0, 3, 1085.16 1552 11701726
1601593803, 0, 268, 537, 486, 81, 2.37%, 0, 0, 3, 1537.53 1552 12000417
1601593986, 0, 269, 537, 485, 80, 2.37%, 0, 0, 3, 1581.38 1552 12290749
1601594174, 0, 273, 537, 484, 79, 2.37%, 0, 0, 3, 1197.43 1552 12587313
1601594980, 0, 274, 538, 484, 78, 2.37%, 0, 0, 3, 922.84 1552 13177419
1601595657, 0, 274, 539, 485, 78, 2.37%, 0, 0, 3, 679.16 1552 13721704
1601595672, 0, 289, 539, 484, 76, 2.37%, 0, 0, 3, 1458.69 1552 13733862
1601595677, 0, 293, 539, 483, 75, 2.37%, 0, 0, 3, 1922.31 1552 13744570
1601595734, 0, 296, 539, 482, 74, 2.37%, 0, 0, 3, 1982.23 1552 13853395
1601595779, 0, 298, 539, 481, 73, 2.37%, 0, 0, 3, 1972.99 1552 13945730
1601595825, 0, 305, 539, 480, 72, 2.37%, 0, 0, 3, 1855.37 1552 14034422
1601596631, 0, 306, 539, 479, 71, 2.37%, 0, 0, 3, 962.57 1552 14624437
1601596779, 0, 306, 540, 480, 71, 2.37%, 0, 0, 3, 1709.01 1552 14858279
1601596814, 0, 308, 540, 479, 70, 2.37%, 0, 0, 3, 1220.15 1552 14914825
1601596839, 0, 308, 542, 481, 70, 2.37%, 0, 0, 3, 528.10 1553 14932966
1601596845, 0, 308, 543, 482, 70, 2.37%, 0, 0, 3, 467.34 1553 14935180
1601596870, 0, 308, 544, 483, 70, 2.37%, 0, 0, 3, 537.52 1553 14953736
1601596901, 0, 308, 545, 484, 70, 2.37%, 0, 0, 3, 524.62 1553 14975287
1601597242, 0, 308, 546, 485, 70, 2.37%, 0, 0, 3, 536.09 1553 15202958
1601597319, 0, 308, 547, 486, 70, 2.37%, 0, 0, 3, 534.20 1553 15265777
1601597588, 0, 308, 549, 488, 70, 2.37%, 0, 0, 3, 560.69 1553 15489325
1601597619, 0, 309, 549, 487, 71, 2.37%, 0, 0, 3, 1307.04 1553 15508462
1601597802, 0, 310, 549, 486, 70, 2.37%, 0, 0, 3, 1565.43 1553 15798669
1601597985, 0, 320, 549, 485, 69, 2.37%, 0, 0, 3, 1704.92 1553 16089909
1601598229, 0, 324, 549, 484, 68, 2.37%, 0, 0, 3, 1989.98 1553 16592837
1601598234, 0, 324, 551, 486, 68, 2.37%, 0, 0, 3, 1264.48 1553 16598007
1601598265, 0, 324, 552, 487, 68, 2.37%, 0, 0, 3, 917.92 1553 16619617
1601598290, 0, 324, 553, 488, 68, 2.37%, 0, 0, 3, 571.80 1553 16636364
1601598320, 0, 324, 554, 489, 68, 2.37%, 0, 0, 3, 684.86 1553 16659384
1601598331, 0, 324, 556, 491, 68, 2.37%, 0, 0, 3, 446.80 1553 16666870
1601598621, 0, 324, 558, 493, 68, 2.37%, 0, 0, 3, 823.95 1553 16870496
1601598642, 0, 324, 559, 494, 68, 2.37%, 0, 0, 3, 652.61 1553 16885424
1601598713, 0, 324, 560, 495, 68, 2.37%, 0, 0, 3, 558.43 1553 16945914
1601598972, 0, 324, 561, 496, 68, 2.37%, 0, 0, 3, 913.10 1553 17169389
1601598977, 0, 324, 562, 497, 68, 2.37%, 0, 0, 3, 573.83 1553 17171870
1601599003, 0, 326, 562, 496, 68, 2.37%, 0, 0, 3, 1068.59 1553 17186476
1601599018, 0, 326, 564, 498, 68, 2.37%, 0, 0, 3, 1538.60 1556 17209760
1601599044, 0, 326, 567, 501, 68, 2.38%, 0, 0, 3, 1674.53 1559 17249790
1601599182, 0, 329, 567, 500, 72, 2.38%, 0, 0, 3, 1797.21 1559 17474416
1601599233, 0, 334, 570, 502, 71, 2.38%, 0, 0, 3, 1633.29 1559 17572224
1601599243, 0, 334, 572, 504, 71, 2.38%, 0, 0, 3, 1476.70 1559 17586861
1601599274, 0, 334, 574, 506, 71, 2.38%, 0, 0, 3, 1627.05 1561 17633228
1601599416, 0, 355, 574, 505, 71, 2.38%, 0, 0, 3, 1682.80 1561 17863777
1601599457, 0, 356, 574, 504, 70, 2.38%, 0, 0, 3, 2032.17 1561 17946660
1601599518, 0, 358, 574, 503, 69, 2.38%, 0, 0, 3, 1611.02 1561 18062659
1601599559, 0, 358, 575, 504, 69, 2.38%, 0, 0, 3, 1680.94 1563 18125029
1601599701, 0, 359, 575, 503, 69, 2.38%, 0, 0, 3, 1560.89 1563 18353477
1601599879, 0, 361, 575, 502, 68, 2.38%, 0, 0, 3, 1631.85 1563 18639188
1601599919, 0, 361, 576, 503, 68, 2.40%, 0, 0, 3, 2021.05 1570 18721585
1601599924, 0, 362, 577, 503, 69, 2.40%, 0, 0, 3, 2024.40 1571 18731803
1601599965, 0, 378, 577, 502, 68, 2.40%, 0, 0, 3, 1808.85 1571 18813647
1601600148, 0, 381, 578, 502, 67, 2.40%, 0, 0, 3, 1575.04 1571 19103823
1601600417, 0, 381, 579, 503, 67, 2.40%, 0, 0, 3, 723.40 1571 19304497
1601600957, 0, 383, 579, 502, 66, 2.40%, 0, 0, 3, 773.16 1571 19699320
1601600962, 0, 383, 580, 503, 66, 2.40%, 0, 0, 3, 944.64 1571 19704293
1601601013, 0, 383, 581, 504, 66, 2.40%, 0, 0, 3, 543.01 1571 19738208
1601601227, 0, 383, 584, 507, 66, 2.40%, 0, 0, 3, 602.52 1571 19899206
1601601762, 0, 390, 584, 506, 66, 2.40%, 0, 0, 3, 695.16 1571 20291444
1601601767, 0, 390, 585, 507, 66, 2.40%, 0, 0, 3, 960.47 1571 20296381
1601602271, 0, 390, 586, 508, 66, 2.40%, 0, 0, 3, 491.17 1571 20645474
1601602541, 0, 390, 588, 510, 66, 2.40%, 0, 0, 3, 626.08 1571 20871607
1601602572, 0, 391, 588, 509, 66, 2.40%, 0, 0, 3, 1112.93 1571 20888285
1601602715, 0, 391, 589, 510, 66, 2.40%, 0, 0, 3, 1656.66 1572 21116085
1601602751, 0, 400, 589, 509, 66, 2.40%, 0, 0, 3, 1713.16 1572 21175708
1601602817, 0, 405, 589, 508, 65, 2.40%, 0, 0, 3, 1838.58 1572 21298467
1601602939, 0, 405, 590, 509, 65, 2.40%, 0, 0, 3, 1659.23 1572 21490620
1601603005, 0, 409, 590, 508, 64, 2.40%, 0, 0, 3, 1927.34 1572 21599282
1601603051, 0, 410, 590, 507, 63, 2.40%, 0, 0, 3, 1845.12 1572 21688625
1601603258, 0, 420, 590, 506, 62, 2.40%, 0, 0, 3, 1769.01 1572 21997274
1601603329, 0, 420, 592, 508, 62, 2.40%, 0, 0, 3, 2011.14 1575 22140038
1601603339, 0, 421, 592, 507, 63, 2.40%, 0, 0, 3, 1893.29 1575 22159302
1601603395, 0, 424, 592, 506, 62, 2.40%, 0, 0, 3, 1684.56 1575 22263728
1601603573, 0, 425, 592, 505, 61, 2.40%, 0, 0, 3, 1579.31 1575 22550835
1601603750, 0, 427, 596, 508, 60, 2.40%, 0, 0, 3, 1579.23 1575 22835990
1601603938, 0, 429, 597, 508, 60, 2.40%, 0, 0, 3, 1598.84 1575 23132052
1601604126, 0, 432, 597, 507, 59, 2.40%, 0, 0, 3, 1281.86 1575 23428829
1601604442, 0, 432, 598, 508, 59, 2.40%, 0, 0, 3, 615.64 1575 23666648
1601604823, 0, 446, 599, 508, 59, 2.40%, 0, 0, 3, 1113.85 1575 23988644
1601604864, 0, 447, 599, 507, 58, 2.40%, 0, 0, 3, 2064.28 1575 24072331
1601604895, 0, 450, 599, 506, 57, 2.40%, 0, 0, 3, 1281.83 1575 24131075
1601604920, 0, 450, 614, 521, 57, 2.63%, 0, 0, 3, 476.09 1721 24147609
1601604950, 0, 450, 615, 522, 57, 2.63%, 0, 0, 3, 502.99 1721 24168519
1601605169, 0, 450, 616, 523, 57, 2.63%, 0, 0, 3, 493.50 1723 24331334
1601605665, 0, 450, 617, 524, 57, 2.63%, 0, 0, 3, 528.63 1724 24705629
1601605675, 0, 450, 618, 525, 57, 2.63%, 0, 0, 3, 455.98 1724 24710484
1601605680, 0, 450, 620, 527, 57, 2.63%, 0, 0, 3, 414.54 1724 24712543
1601605690, 0, 454, 620, 526, 61, 2.63%, 0, 0, 3, 1316.03 1724 24721018
1601605721, 0, 454, 621, 527, 61, 2.63%, 0, 0, 3, 2037.26 1724 24782821
1601605731, 0, 455, 621, 526, 61, 2.63%, 0, 0, 3, 2094.68 1724 24803950
1601605761, 0, 461, 621, 525, 60, 2.63%, 0, 0, 3, 2136.72 1724 24869325
1601605802, 0, 462, 623, 526, 59, 2.63%, 0, 0, 3, 2038.50 1724 24952070
1601605873, 0, 462, 624, 527, 59, 2.63%, 0, 0, 3, 2040.00 1724 25096732
1601605878, 0, 463, 624, 526, 58, 2.63%, 0, 0, 3, 2028.21 1724 25107064
1601605908, 0, 463, 625, 527, 58, 2.63%, 0, 0, 3, 2053.11 1724 25169326
1601605913, 0, 464, 626, 527, 59, 2.63%, 0, 0, 3, 2065.09 1725 25179809
1601605949, 0, 474, 626, 526, 58, 2.63%, 0, 0, 3, 1617.21 1725 25250525
1601605959, 0, 474, 628, 528, 58, 2.64%, 0, 0, 4, 1464.26 1728 25265049
1601605974, 0, 474, 630, 530, 58, 2.64%, 0, 0, 4, 1501.88 1729 25287629
1601605984, 0, 474, 631, 531, 58, 2.64%, 0, 0, 4, 1476.89 1729 25302630
1601605989, 0, 474, 632, 532, 58, 2.64%, 0, 0, 4, 1701.92 1730 25311386
1601606132, 0, 475, 632, 531, 62, 2.64%, 0, 0, 4, 1530.81 1730 25538915
1601606137, 0, 475, 633, 532, 62, 2.64%, 0, 0, 4, 1121.63 1730 25543947
1601606157, 0, 475, 634, 533, 62, 2.64%, 0, 0, 4, 541.36 1730 25557635
1601606162, 0, 475, 639, 538, 62, 2.64%, 0, 0, 4, 570.65 1730 25560363
1601606188, 0, 475, 640, 539, 62, 2.64%, 0, 0, 4, 519.80 1730 25578877
1601606229, 0, 475, 642, 541, 62, 2.64%, 0, 0, 4, 758.91 1730 25609747
1601606855, 0, 475, 643, 542, 62, 2.64%, 0, 0, 4, 449.18 1730 26103224
1601606860, 0, 483, 643, 541, 59, 2.64%, 0, 0, 4, 593.24 1730 26106934
1601606891, 0, 483, 647, 545, 59, 2.64%, 0, 0, 4, 361.33 1733 26125370
1601607504, 0, 483, 648, 546, 59, 2.64%, 0, 0, 4, 388.50 1733 26456509
1601607815, 0, 483, 650, 548, 59, 2.64%, 0, 0, 4, 409.58 1733 26685025
1601607856, 0, 488, 650, 547, 60, 2.64%, 0, 0, 4, 1815.95 1733 26702556
1601607886, 0, 488, 652, 549, 60, 2.64%, 0, 0, 4, 2052.41 1733 26764730
1601607891, 0, 488, 653, 550, 60, 2.64%, 0, 0, 4, 2053.69 1733 26775057
1601607896, 0, 490, 654, 550, 60, 2.65%, 0, 0, 4, 1897.84 1736 26784879
1601607916, 0, 490, 655, 551, 60, 2.65%, 0, 0, 4, 1127.57 1737 26807221
1601607972, 0, 491, 655, 550, 60, 2.65%, 0, 0, 4, 1775.62 1737 26880676
1601608008, 0, 492, 655, 549, 59, 2.65%, 0, 0, 4, 2034.45 1737 26953609
1601608048, 0, 496, 655, 548, 58, 2.65%, 0, 0, 4, 2040.51 1737 27034987
1601608053, 0, 496, 656, 549, 58, 2.65%, 0, 0, 4, 1420.25 1737 27041733
1601608109, 0, 496, 657, 550, 58, 2.65%, 0, 0, 4, 1261.42 1737 27111271
1601608281, 0, 497, 657, 549, 57, 2.65%, 0, 0, 4, 1565.53 1737 27361965
1601608337, 0, 498, 657, 548, 56, 2.65%, 0, 0, 4, 1768.42 1737 27469166
1601608525, 0, 502, 657, 547, 55, 2.65%, 0, 0, 4, 1565.10 1737 27765820
1601608667, 0, 502, 658, 548, 55, 2.65%, 0, 0, 4, 1527.16 1737 27990694
1601608708, 0, 503, 658, 547, 54, 2.65%, 0, 0, 4, 1563.44 1737 28057090
1601608718, 0, 503, 659, 548, 54, 2.66%, 0, 0, 4, 1505.69 1740 28071970
1601608891, 0, 504, 659, 547, 54, 2.66%, 0, 0, 4, 1591.16 1740 28345979
1601609074, 0, 505, 659, 546, 53, 2.66%, 0, 0, 4, 1622.09 1740 28637953
1601609257, 0, 506, 659, 545, 52, 2.66%, 0, 0, 4, 1588.10 1740 28932154
1601609267, 0, 506, 660, 546, 52, 2.66%, 0, 0, 4, 1537.50 1741 28947680
1601609435, 0, 507, 660, 545, 52, 2.66%, 0, 0, 4, 1601.13 1741 29218161
1601609623, 0, 512, 660, 544, 51, 2.66%, 0, 0, 4, 1615.37 1741 29518316
1601609806, 0, 520, 664, 547, 50, 2.66%, 0, 0, 4, 1385.65 1741 29810371
1601609831, 0, 520, 665, 548, 50, 2.66%, 0, 0, 4, 551.57 1741 29828915
1601609836, 0, 520, 666, 549, 50, 2.66%, 0, 0, 4, 752.31 1741 29832387
1601609861, 0, 520, 667, 550, 50, 2.71%, 0, 0, 4, 512.77 1775 29850385
1601609887, 0, 520, 668, 551, 50, 2.71%, 0, 0, 4, 542.17 1775 29870082
1601609902, 0, 520, 669, 552, 50, 2.71%, 0, 0, 4, 690.16 1775 29881531
1601610380, 0, 520, 671, 554, 50, 2.71%, 0, 0, 4, 536.88 1776 30253176
1601610522, 0, 520, 678, 561, 50, 2.71%, 0, 0, 4, 542.86 1776 30376143
1601610543, 0, 521, 678, 560, 51, 2.71%, 0, 0, 4, 1285.84 1776 30390401
1601610727, 0, 526, 678, 559, 50, 2.71%, 0, 0, 4, 1538.70 1776 30682477
1601610788, 0, 526, 679, 560, 50, 2.71%, 0, 0, 4, 149.38 1776 30704729
1601610844, 0, 526, 679, 560, 50, 2.71%, 0, 1, 4, 200.73 1776 30725873
1601612161, 0, 538, 679, 559, 49, 2.71%, 0, 1, 4, 1595.44 1776 31275630
1601612166, 0, 538, 680, 560, 49, 2.71%, 0, 1, 4, 1165.78 1776 31280901
1601612716, 0, 538, 681, 561, 49, 2.71%, 0, 1, 4, 805.96 1776 31712717
1601612864, 0, 540, 681, 560, 49, 2.71%, 0, 1, 4, 871.84 1776 31838934
1601612920, 0, 540, 682, 561, 49, 2.71%, 0, 1, 4, 512.99 1776 31877474
1601612951, 0, 540, 683, 562, 49, 2.71%, 0, 1, 4, 476.59 1776 31898941
1601613293, 0, 540, 684, 563, 49, 2.71%, 0, 1, 4, 627.88 1776 32127128
1601613369, 0, 540, 685, 564, 49, 2.71%, 0, 1, 4, 514.42 1776 32189360
1601613644, 0, 540, 687, 566, 49, 2.71%, 0, 1, 4, 539.84 1776 32417305
1601613675, 0, 548, 689, 567, 49, 2.71%, 0, 1, 4, 977.69 1776 32434174
1601613700, 0, 548, 691, 569, 49, 2.71%, 0, 1, 4, 552.71 1776 32451355
1601613726, 0, 548, 692, 570, 49, 2.79%, 0, 1, 4, 545.63 1828 32470418
1601613766, 0, 548, 694, 572, 49, 2.79%, 0, 1, 4, 813.86 1828 32501671
1601614244, 0, 548, 695, 573, 49, 2.79%, 0, 1, 4, 546.50 1829 32873930
1601614386, 0, 548, 699, 577, 49, 2.79%, 0, 1, 4, 536.00 1829 32997076
1601614407, 0, 559, 699, 576, 50, 2.79%, 0, 1, 4, 980.34 1829 33009915
1601614432, 0, 559, 700, 577, 50, 2.79%, 0, 1, 4, 571.17 1829 33027961
1601614463, 0, 559, 701, 578, 50, 2.79%, 0, 1, 4, 943.96 1829 33052262
1601614499, 0, 559, 702, 579, 50, 2.79%, 0, 1, 4, 737.56 1829 33078892
1601614968, 0, 559, 703, 580, 50, 2.79%, 0, 1, 4, 1055.38 1829 33451743
1601615111, 0, 562, 703, 579, 49, 2.79%, 0, 1, 4, 1179.43 1829 33576108
1601615289, 0, 563, 703, 578, 48, 2.79%, 0, 1, 4, 1625.86 1829 33864079
1601615468, 0, 564, 703, 577, 47, 2.79%, 0, 1, 4, 1587.10 1829 34153277
1601615646, 0, 565, 703, 576, 46, 2.79%, 0, 1, 4, 1552.68 1829 34439928
1601615825, 0, 566, 703, 575, 45, 2.79%, 0, 1, 4, 1640.38 1829 34722982
1601616003, 0, 567, 703, 574, 44, 2.79%, 0, 1, 4, 1634.17 1829 35009832
1601616018, 0, 567, 704, 575, 44, 2.79%, 0, 1, 4, 1501.50 1830 35032396
1601616044, 0, 567, 705, 576, 44, 2.79%, 0, 1, 4, 1663.27 1831 35071336
1601616186, 0, 567, 706, 577, 44, 2.79%, 0, 1, 4, 1512.26 1831 35300340
1601616191, 0, 569, 706, 576, 44, 2.79%, 0, 1, 4, 1522.42 1831 35308327
1601616374, 0, 570, 706, 575, 43, 2.79%, 0, 1, 4, 1629.30 1831 35597820
1601616562, 0, 573, 706, 574, 42, 2.79%, 0, 1, 4, 1634.12 1831 35896131
1601616750, 0, 574, 706, 573, 41, 2.79%, 0, 1, 4, 1575.74 1831 36191959
1601616933, 0, 575, 709, 575, 40, 2.80%, 0, 1, 4, 1914.22 1832 36488157
1601616963, 0, 575, 710, 576, 40, 2.80%, 0, 1, 4, 2007.70 1832 36548286
1601616969, 0, 575, 712, 578, 40, 2.81%, 0, 1, 4, 2005.14 1840 36558703
1601616974, 0, 581, 712, 577, 42, 2.81%, 0, 1, 4, 1626.28 1840 36567210
1601617790, 0, 584, 712, 576, 41, 2.81%, 0, 1, 4, 952.79 1840 37164427
1601618596, 0, 588, 713, 576, 40, 2.81%, 0, 1, 4, 1179.82 1840 37756852
1601618780, 0, 590, 713, 575, 39, 2.81%, 0, 1, 4, 1901.12 1840 38051493
1601618820, 0, 593, 714, 575, 38, 2.81%, 0, 1, 4, 2027.18 1840 38134131
1601619009, 0, 597, 714, 574, 37, 2.81%, 0, 1, 4, 1544.52 1840 38433160
1601619706, 0, 600, 714, 573, 36, 2.81%, 0, 1, 4, 911.82 1840 38992714
1601619711, 0, 600, 715, 574, 36, 2.81%, 0, 1, 4, 967.39 1841 38997346
1601619736, 0, 600, 727, 586, 36, 2.82%, 0, 1, 4, 463.82 1850 39013560
1601619761, 0, 600, 728, 587, 36, 2.82%, 0, 1, 4, 536.60 1850 39032162
1601619767, 0, 600, 730, 589, 36, 2.82%, 0, 1, 4, 454.71 1851 39034554
1601619772, 0, 600, 732, 591, 36, 2.83%, 0, 1, 4, 897.04 1852 39039283
1601619812, 0, 600, 733, 592, 36, 2.83%, 0, 1, 4, 475.13 1855 39066988
1601620063, 0, 600, 735, 594, 36, 2.84%, 0, 1, 4, 408.39 1858 39242888
1601620200, 0, 600, 737, 596, 36, 2.84%, 0, 1, 4, 578.24 1858 39341435
1601620205, 0, 600, 738, 597, 36, 2.84%, 0, 1, 4, 491.96 1858 39343823
1601620210, 0, 600, 741, 600, 36, 2.84%, 0, 1, 4, 664.55 1858 39346951
1601620322, 0, 600, 744, 603, 36, 2.84%, 0, 1, 4, 638.62 1864 39443155
1601620328, 0, 600, 747, 606, 36, 2.84%, 0, 1, 4, 541.29 1864 39446093
1601620333, 0, 600, 749, 608, 36, 2.84%, 0, 1, 4, 480.46 1864 39448478
1601620338, 0, 600, 754, 613, 36, 2.84%, 0, 1, 4, 441.62 1864 39450707
1601620490, 0, 600, 756, 615, 36, 2.84%, 0, 1, 4, 424.25 1864 39577009
1601620505, 0, 615, 756, 614, 43, 2.84%, 0, 1, 4, 939.89 1864 39586915
1601621122, 0, 615, 757, 615, 43, 2.84%, 0, 1, 4, 507.06 1864 40036968
1601621285, 0, 615, 759, 617, 43, 2.84%, 0, 1, 4, 412.06 1864 40167918
1601621295, 0, 620, 760, 617, 43, 2.84%, 0, 1, 4, 1280.12 1864 40176051
1601621306, 0, 620, 762, 619, 43, 2.85%, 0, 1, 4, 1996.23 1865 40197019
1601621336, 0, 624, 763, 619, 43, 2.85%, 0, 1, 4, 2047.22 1865 40258749
1601621371, 0, 625, 763, 618, 42, 2.85%, 0, 1, 4, 2082.78 1865 40333183
1601621407, 0, 626, 764, 618, 41, 2.85%, 0, 1, 4, 2016.90 1865 40405670
1601621594, 0, 627, 764, 617, 40, 2.85%, 0, 1, 4, 1674.05 1865 40702688
1601621778, 0, 628, 764, 616, 39, 2.85%, 0, 1, 4, 1703.81 1865 40995554
1601621967, 0, 629, 764, 615, 38, 2.85%, 0, 1, 4, 1606.55 1865 41296278
1601622150, 0, 631, 765, 615, 37, 2.85%, 0, 1, 5, 1683.67 1865 41587837
1601622338, 0, 634, 768, 617, 36, 2.85%, 0, 1, 5, 1244.48 1865 41884510
1601622364, 0, 634, 769, 618, 36, 2.85%, 0, 1, 5, 494.92 1865 41902182
1601622430, 0, 634, 772, 621, 36, 2.85%, 0, 1, 5, 829.16 1865 41952244
1601623057, 0, 635, 772, 620, 37, 2.85%, 0, 1, 5, 1047.84 1865 42454673
1601623775, 0, 648, 772, 619, 36, 2.85%, 0, 1, 5, 769.78 1865 43019839
1601623806, 0, 648, 779, 626, 36, 2.86%, 0, 1, 5, 341.80 1874 43039133
1601623836, 0, 648, 783, 630, 36, 2.86%, 0, 1, 5, 415.68 1874 43058863
1601624071, 0, 648, 789, 636, 36, 2.86%, 0, 1, 5, 378.39 1874 43221204
1601624627, 0, 650, 789, 635, 36, 2.86%, 0, 1, 5, 1937.68 1874 43602645
1601624667, 0, 653, 789, 634, 35, 2.86%, 0, 1, 5, 2044.78 1874 43685513
1601624698, 0, 654, 789, 633, 34, 2.86%, 0, 1, 5, 1973.14 1874 43748298
1601624748, 0, 658, 789, 632, 33, 2.86%, 0, 1, 5, 1624.24 1874 43845670
1601624774, 0, 658, 790, 633, 33, 2.86%, 0, 1, 5, 1561.55 1874 43883860
1601624784, 0, 658, 792, 635, 33, 2.86%, 0, 1, 5, 1532.94 1876 43899211
1601624825, 0, 658, 793, 636, 33, 2.86%, 0, 1, 5, 1529.51 1876 43963367
1601624835, 0, 658, 795, 638, 33, 2.86%, 0, 1, 5, 1502.76 1877 43979343
1601624865, 0, 658, 796, 639, 33, 2.86%, 0, 1, 5, 1662.99 1877 44024853
1601624932, 0, 659, 797, 639, 35, 2.86%, 0, 1, 5, 1694.28 1877 44132795
1601625115, 0, 665, 797, 638, 34, 2.86%, 0, 1, 5, 1296.09 1877 44421601
1601625141, 0, 665, 798, 639, 34, 2.86%, 0, 1, 5, 530.04 1877 44439867
1601625171, 0, 665, 800, 641, 34, 2.87%, 0, 1, 5, 488.97 1878 44461088
1601625695, 0, 665, 801, 642, 34, 2.87%, 0, 1, 5, 591.89 1880 44863140
1601625838, 0, 665, 803, 644, 34, 2.87%, 0, 1, 5, 577.49 1880 44986322
1601625858, 0, 673, 803, 643, 33, 2.87%, 0, 1, 5, 1074.93 1880 44998997
1601625863, 0, 673, 808, 648, 33, 2.87%, 0, 1, 5, 1018.48 1883 45004069
1601625884, 0, 673, 812, 652, 33, 2.87%, 0, 1, 5, 561.24 1883 45017832
1601625889, 0, 673, 815, 655, 33, 2.87%, 0, 1, 5, 676.52 1883 45020973
1601625914, 0, 673, 816, 656, 33, 2.87%, 0, 1, 5, 520.52 1883 45039203
1601625919, 0, 673, 817, 657, 33, 2.87%, 0, 1, 5, 932.40 1883 45043972
1601625939, 0, 673, 818, 658, 33, 2.88%, 0, 1, 5, 570.37 1886 45058662
1601625955, 0, 673, 821, 661, 33, 2.88%, 0, 1, 5, 815.99 1886 45069817
1601626118, 0, 673, 828, 668, 33, 2.88%, 0, 1, 5, 780.39 1886 45197105
1601626123, 0, 673, 829, 669, 33, 2.88%, 0, 1, 5, 536.42 1886 45199499
1601626174, 0, 673, 831, 671, 33, 2.88%, 0, 1, 5, 577.56 1886 45234546
1601626312, 0, 673, 832, 672, 33, 2.88%, 0, 1, 5, 611.63 1886 45336822
1601626434, 0, 673, 833, 673, 33, 2.88%, 0, 1, 5, 643.40 1886 45440807
1601626439, 0, 673, 834, 674, 33, 2.88%, 0, 1, 5, 505.19 1886 45443181
1601626576, 0, 673, 835, 675, 33, 2.88%, 0, 1, 5, 626.78 1886 45564034
1601626597, 0, 680, 835, 674, 34, 2.88%, 0, 1, 5, 1016.96 1886 45575892
1601627300, 0, 686, 835, 673, 33, 2.88%, 0, 1, 5, 1032.51 1886 46141526
1601628037, 0, 690, 835, 672, 32, 2.88%, 0, 1, 5, 972.47 1886 46717816
1601628062, 0, 690, 836, 673, 32, 2.88%, 0, 1, 5, 521.42 1886 46735721
1601628093, 0, 690, 838, 675, 32, 2.88%, 0, 1, 5, 503.39 1888 46756777
1601628301, 0, 690, 839, 676, 32, 2.88%, 0, 1, 5, 507.67 1889 46917197
1601628760, 0, 690, 841, 678, 32, 2.88%, 0, 1, 5, 531.60 1889 47282439
1601628781, 0, 694, 846, 682, 32, 2.88%, 0, 1, 5, 952.39 1890 47294979
1601628806, 0, 694, 855, 691, 32, 2.90%, 0, 1, 5, 535.19 1899 47313352
1601628811, 0, 694, 860, 696, 32, 2.90%, 0, 1, 5, 610.83 1899 47316230
1601628837, 0, 694, 862, 698, 32, 2.90%, 0, 1, 5, 513.58 1900 47334518
1601628842, 0, 694, 864, 700, 32, 2.90%, 0, 1, 5, 919.65 1900 47339097
1601628862, 0, 694, 865, 701, 32, 2.90%, 0, 1, 5, 576.30 1900 47353980
1601628878, 0, 694, 866, 702, 32, 2.90%, 0, 1, 5, 834.19 1900 47365451
1601629040, 0, 694, 870, 706, 32, 2.90%, 0, 1, 5, 789.42 1900 47492642
1601629045, 0, 694, 871, 707, 32, 2.90%, 0, 1, 5, 538.39 1900 47495012
1601629102, 0, 694, 872, 708, 32, 2.90%, 0, 1, 5, 482.88 1900 47532064
1601629168, 0, 694, 873, 709, 32, 2.90%, 0, 1, 5, 742.31 1900 47573441
1601629239, 0, 694, 875, 711, 32, 2.90%, 0, 1, 5, 601.12 1900 47632583
1601629244, 0, 694, 876, 712, 32, 2.90%, 0, 1, 5, 506.61 1900 47635170
1601629361, 0, 694, 877, 713, 32, 2.90%, 0, 1, 5, 666.27 1900 47734571
1601629503, 0, 694, 878, 714, 32, 2.90%, 0, 1, 5, 743.04 1900 47856278
1601629508, 0, 694, 880, 716, 32, 2.90%, 0, 1, 5, 615.44 1902 47859729
1601629534, 0, 704, 880, 715, 36, 2.90%, 0, 1, 5, 1385.71 1902 47878544
1601629544, 0, 704, 881, 716, 36, 2.90%, 0, 1, 5, 1484.99 1903 47893634
1601629718, 0, 707, 881, 715, 36, 2.90%, 0, 1, 5, 1815.15 1903 48171493
1601629758, 0, 707, 884, 718, 36, 2.91%, 0, 1, 5, 2041.84 1906 48254231
1601629763, 0, 708, 884, 717, 37, 2.91%, 0, 1, 5, 2007.94 1906 48264389
1601629804, 0, 710, 884, 716, 36, 2.91%, 0, 1, 5, 2041.90 1906 48347002
1601629850, 0, 711, 884, 715, 35, 2.91%, 0, 1, 5, 2019.38 1906 48439876
1601629890, 0, 713, 884, 714, 34, 2.91%, 0, 1, 5, 2035.34 1906 48522006
1601629931, 0, 716, 884, 713, 33, 2.91%, 0, 1, 5, 1318.26 1906 48601730
1601630564, 0, 716, 885, 714, 33, 2.91%, 0, 1, 5, 737.48 1906 49059299
1601630696, 0, 716, 886, 715, 33, 2.91%, 0, 1, 5, 650.52 1906 49174799
1601630712, 0, 716, 887, 716, 33, 2.91%, 0, 1, 5, 445.15 1906 49182013
1601630727, 0, 720, 887, 715, 32, 2.91%, 0, 1, 5, 866.13 1906 49190931
1601631349, 0, 720, 888, 716, 32, 2.91%, 0, 1, 5, 496.30 1906 49644313
1601631522, 0, 722, 888, 715, 32, 2.91%, 0, 1, 5, 870.61 1906 49782175
1601632144, 0, 722, 889, 716, 32, 2.91%, 0, 1, 5, 536.92 1906 50234115
1601632323, 0, 723, 890, 716, 32, 2.91%, 0, 1, 5, 936.46 1906 50375709
1601632943, 0, 723, 891, 717, 32, 2.91%, 0, 1, 5, 530.07 1906 50827811
1601633106, 0, 723, 892, 718, 32, 2.91%, 0, 1, 5, 417.83 1906 50959027
1601633117, 0, 731, 892, 717, 32, 2.91%, 0, 1, 5, 961.68 1906 50965577
1601633142, 0, 731, 893, 718, 32, 2.91%, 0, 1, 5, 575.65 1906 50984594
1601633172, 0, 731, 894, 719, 32, 2.91%, 0, 1, 5, 543.27 1907 51005978
1601633177, 0, 731, 895, 720, 32, 2.91%, 0, 1, 5, 651.73 1907 51008977
1601633401, 0, 731, 896, 721, 32, 2.91%, 0, 1, 5, 453.55 1907 51176789
1601633518, 0, 731, 897, 722, 32, 2.91%, 0, 1, 5, 632.75 1907 51252728
1601633717, 0, 731, 900, 725, 32, 2.91%, 0, 1, 5, 523.47 1907 51419656
1601633875, 0, 731, 902, 727, 32, 2.91%, 0, 1, 5, 449.41 1907 51550261
1601633885, 0, 732, 902, 726, 34, 2.91%, 0, 1, 5, 1044.73 1907 51557982
1601634537, 0, 732, 903, 727, 34, 2.91%, 0, 1, 5, 513.88 1907 52010604
1601634721, 0, 741, 903, 726, 34, 2.91%, 0, 1, 5, 854.30 1907 52149830
1601634777, 0, 741, 904, 727, 34, 2.91%, 0, 1, 5, 529.80 1907 52189196
1601634807, 0, 741, 905, 728, 34, 2.91%, 0, 1, 5, 491.38 1907 52210763
1601635337, 0, 741, 906, 729, 34, 2.91%, 0, 1, 5, 696.91 1907 52600504
1601635505, 0, 741, 907, 730, 34, 2.91%, 0, 1, 5, 416.14 1907 52733602
1601635515, 0, 758, 907, 729, 34, 2.91%, 0, 1, 5, 923.76 1907 52739951
1601635785, 0, 758, 908, 730, 34, 2.91%, 0, 1, 5, 622.86 1907 52940768
1601636127, 0, 758, 909, 731, 34, 2.91%, 0, 1, 5, 512.42 1907 53190898
1601636290, 0, 758, 911, 733, 34, 2.91%, 0, 1, 5, 430.91 1907 53321987
1601636305, 0, 761, 912, 733, 34, 2.91%, 0, 1, 5, 1716.28 1907 53336919
1601636346, 0, 767, 915, 735, 34, 2.91%, 0, 1, 6, 247.81 1907 53416027
1601636386, 0, 767, 916, 736, 34, 2.91%, 0, 1, 6, 480.40 1907 53437410
1601636473, 0, 767, 917, 737, 34, 2.91%, 0, 1, 6, 129.45 1907 53485779
1601637310, 0, 770, 917, 736, 34, 2.91%, 0, 1, 6, 1272.65 1907 53983309
1601638023, 0, 789, 917, 735, 33, 2.91%, 0, 1, 6, 1407.88 1907 54555172
1601638206, 0, 790, 917, 734, 32, 2.91%, 0, 1, 6, 1566.70 1907 54851514
1601638323, 0, 790, 918, 735, 32, 2.91%, 0, 1, 6, 1632.46 1907 55035581
1601638389, 0, 794, 918, 734, 31, 2.91%, 0, 1, 6, 1672.55 1907 55145686
1601638404, 0, 794, 919, 735, 31, 2.91%, 0, 1, 6, 1531.02 1907 55168912
1601638415, 0, 794, 920, 736, 31, 2.91%, 0, 1, 6, 1498.27 1907 55183810
1601638577, 0, 800, 921, 736, 33, 2.91%, 0, 1, 6, 1422.17 1907 55447213
1601639162, 0, 800, 922, 737, 33, 2.91%, 0, 1, 6, 956.63 1907 55897342
1601639314, 0, 801, 922, 736, 32, 2.91%, 0, 1, 6, 1073.71 1907 56027780
1601639879, 0, 801, 923, 737, 32, 2.91%, 0, 1, 6, 800.99 1907 56463678
1601640047, 0, 820, 923, 736, 32, 2.91%, 0, 1, 6, 929.05 1907 56602122
1601640072, 0, 820, 931, 744, 32, 2.91%, 0, 1, 6, 485.73 1907 56620114
1601640108, 0, 820, 933, 746, 32, 2.91%, 0, 1, 6, 891.54 1907 56645649
1601640128, 0, 820, 934, 747, 32, 2.91%, 0, 1, 6, 545.04 1907 56660392
1601640149, 0, 820, 935, 748, 32, 2.91%, 0, 1, 6, 720.81 1907 56674378
1601640307, 0, 820, 937, 750, 32, 2.91%, 0, 1, 6, 549.16 1907 56797095
1601640312, 0, 820, 938, 751, 32, 2.91%, 0, 1, 6, 532.19 1907 56800318
1601640398, 0, 820, 940, 753, 32, 2.91%, 0, 1, 6, 397.39 1907 56847223
1601640520, 0, 820, 941, 754, 32, 2.91%, 0, 1, 6, 530.45 1907 56939917
1601640526, 0, 820, 942, 755, 32, 2.91%, 0, 1, 6, 423.57 1907 56941977
1601640643, 0, 820, 943, 756, 32, 2.91%, 0, 1, 6, 590.22 1907 57042619
1601640786, 0, 820, 944, 757, 32, 2.91%, 0, 1, 6, 769.42 1907 57164478
1601640791, 0, 820, 946, 759, 32, 2.91%, 0, 1, 6, 490.49 1907 57166669
1601640801, 0, 820, 948, 761, 32, 2.91%, 0, 1, 6, 401.31 1907 57170686
1601640816, 0, 827, 948, 760, 33, 2.91%, 0, 1, 6, 1043.19 1907 57181730
1601640842, 0, 827, 950, 762, 33, 2.91%, 0, 1, 6, 550.29 1907 57198755
1601640867, 0, 827, 951, 763, 33, 2.91%, 0, 1, 6, 540.99 1907 57217784
1601640892, 0, 827, 952, 764, 33, 2.91%, 0, 1, 6, 590.46 1907 57237471
1601641070, 0, 827, 954, 766, 33, 2.91%, 0, 1, 6, 642.38 1907 57377117
1601641548, 0, 839, 954, 765, 33, 2.91%, 0, 1, 6, 970.00 1907 57757065
1601641574, 0, 839, 956, 767, 33, 2.91%, 0, 1, 6, 529.51 1907 57775641
1601641604, 0, 839, 957, 768, 33, 2.91%, 0, 1, 6, 606.06 1907 57797513
1601641803, 0, 839, 958, 769, 33, 2.91%, 0, 1, 6, 739.43 1907 57954336
1601641995, 0, 839, 959, 770, 33, 2.91%, 0, 1, 6, 601.82 1907 58094344
1601642112, 0, 839, 962, 773, 33, 2.91%, 0, 1, 6, 729.06 1907 58195444
1601642117, 0, 839, 963, 774, 33, 2.91%, 0, 1, 6, 550.30 1907 58198214
1601642254, 0, 839, 964, 775, 33, 2.91%, 0, 1, 6, 779.04 1907 58319090
1601642260, 0, 839, 965, 776, 33, 2.91%, 0, 1, 6, 537.28 1907 58321513
1601642280, 0, 852, 966, 776, 32, 2.91%, 0, 1, 6, 1254.10 1907 58336532
1601643017, 0, 853, 966, 775, 31, 2.91%, 0, 1, 6, 1073.83 1907 58917591
1601643042, 0, 853, 967, 776, 31, 2.91%, 0, 1, 6, 552.79 1907 58934876
1601643749, 0, 860, 973, 781, 30, 2.91%, 0, 1, 6, 1049.13 1907 59495583
1601643774, 0, 860, 974, 782, 30, 2.91%, 0, 1, 6, 516.77 1907 59512891
1601643779, 0, 860, 976, 784, 30, 2.91%, 0, 1, 6, 921.44 1907 59517915
1601644196, 0, 860, 977, 785, 30, 2.91%, 0, 1, 6, 638.28 1907 59831181
1601644481, 0, 863, 981, 788, 30, 2.91%, 0, 1, 6, 1034.00 1907 60071033
1601644578, 0, 863, 982, 789, 30, 2.91%, 0, 1, 6, 778.53 1907 60143603
1601644924, 0, 863, 983, 790, 30, 2.91%, 0, 1, 6, 631.19 1907 60409522
1601645184, 0, 863, 984, 791, 30, 2.91%, 0, 1, 6, 626.44 1907 60635705
1601645205, 0, 872, 984, 790, 30, 2.91%, 0, 1, 6, 1073.92 1907 60648150
1601645210, 0, 872, 985, 791, 30, 2.91%, 0, 1, 6, 1053.48 1908 60653352
1601645230, 0, 872, 988, 794, 30, 2.91%, 0, 1, 6, 579.27 1908 60667369
1601645255, 0, 872, 989, 795, 30, 2.91%, 0, 1, 6, 574.06 1908 60686444
1601645453, 0, 872, 991, 797, 30, 2.91%, 0, 1, 6, 706.74 1908 60843635
1601645494, 0, 872, 992, 798, 30, 2.91%, 0, 1, 6, 521.09 1908 60874245
1601645713, 0, 872, 993, 799, 30, 2.91%, 0, 1, 6, 811.10 1908 61061416
1601645856, 0, 872, 994, 800, 30, 2.91%, 0, 1, 6, 888.72 1908 61186402
1601645861, 0, 880, 994, 799, 28, 2.91%, 0, 1, 6, 1419.99 1908 61194756
1601646044, 0, 882, 994, 798, 27, 2.91%, 0, 1, 6, 1763.59 1908 61485925
1601646085, 0, 882, 996, 800, 27, 2.91%, 0, 1, 6, 2049.24 1908 61568379
1601646090, 0, 887, 996, 799, 26, 2.91%, 0, 1, 6, 1337.41 1908 61574893
1601646115, 0, 887, 997, 800, 26, 2.91%, 0, 1, 6, 513.41 1908 61592559
1601646583, 0, 887, 998, 801, 26, 2.91%, 0, 1, 6, 512.07 1908 61922657
1601646711, 0, 887, 999, 802, 26, 2.91%, 0, 1, 6, 490.59 1908 62027580
1601646848, 0, 887, 1000, 803, 26, 2.91%, 0, 1, 6, 763.42 1908 62146285
1601646884, 0, 888, 1000, 802, 27, 2.91%, 0, 1, 6, 885.34 1908 62166240
1601646940, 0, 888, 1001, 803, 27, 2.91%, 0, 1, 6, 494.81 1908 62205022
1601647505, 0, 888, 1002, 804, 27, 2.91%, 0, 1, 6, 501.28 1908 62618928
1601647678, 0, 890, 1002, 803, 26, 2.91%, 0, 1, 6, 952.86 1908 62757346
1601647734, 0, 890, 1003, 804, 26, 2.91%, 0, 1, 6, 545.03 1908 62796574
1601648470, 0, 893, 1003, 803, 25, 2.91%, 0, 1, 6, 1018.88 1908 63348185
1601648500, 0, 893, 1004, 804, 25, 2.91%, 0, 1, 6, 534.86 1908 63370065
1601649070, 0, 893, 1006, 806, 25, 2.91%, 0, 1, 6, 505.22 1908 63803771
1601649239, 0, 895, 1006, 805, 25, 2.91%, 0, 1, 6, 1074.07 1908 63944811
1601650003, 0, 896, 1006, 804, 24, 2.91%, 0, 1, 6, 962.15 1908 64534193
1601650599, 0, 896, 1007, 805, 24, 2.91%, 0, 1, 6, 505.65 1908 64987481
1601650768, 0, 899, 1007, 804, 23, 2.91%, 0, 1, 6, 1003.42 1908 65126981
1601650798, 0, 899, 1008, 805, 23, 2.91%, 0, 1, 6, 820.13 1908 65148731
1601650854, 0, 899, 1009, 806, 23, 2.91%, 0, 1, 6, 657.21 1908 65189376
1601651109, 0, 899, 1010, 807, 23, 2.91%, 0, 1, 6, 457.95 1908 65374694
1601651532, 0, 906, 1010, 806, 23, 2.91%, 0, 1, 6, 1072.89 1908 65716482
1601652326, 0, 908, 1010, 805, 22, 2.91%, 0, 1, 6, 1027.87 1908 66312215
1601652382, 0, 908, 1011, 806, 22, 2.91%, 0, 1, 6, 472.22 1908 66349722
1601652933, 0, 908, 1012, 807, 22, 2.91%, 0, 1, 6, 530.05 1908 66758631
1601653111, 0, 912, 1012, 806, 21, 2.91%, 0, 1, 6, 1594.36 1908 66902566
1601653147, 0, 912, 1015, 809, 21, 2.91%, 0, 1, 6, 2080.79 1908 66977118
1601653152, 0, 916, 1015, 808, 21, 2.91%, 0, 1, 6, 1167.40 1908 66982145
1601654024, 0, 917, 1015, 807, 20, 2.91%, 0, 1, 6, 1033.07 1908 67547387
1601654217, 0, 918, 1015, 806, 19, 2.91%, 0, 1, 6, 1573.72 1908 67854558
1601654405, 0, 919, 1015, 805, 18, 2.91%, 0, 1, 6, 1612.03 1908 68154435
1601654430, 0, 919, 1016, 806, 18, 2.91%, 0, 1, 7, 1536.33 1908 68192634
1601654593, 0, 921, 1017, 806, 18, 2.91%, 0, 1, 7, 1191.55 1908 68452245
1601654618, 0, 921, 1019, 808, 18, 2.91%, 0, 1, 7, 496.24 1908 68470255
1601654694, 0, 921, 1020, 809, 18, 2.91%, 0, 1, 7, 864.43 1908 68525291
1601654929, 0, 921, 1021, 810, 18, 2.91%, 0, 1, 7, 411.25 1908 68691805
1601655061, 0, 921, 1023, 812, 18, 2.91%, 0, 1, 7, 622.12 1908 68788848
1601655183, 0, 921, 1024, 813, 18, 2.91%, 0, 1, 7, 763.35 1908 68891171
1601655356, 0, 922, 1024, 812, 18, 2.91%, 0, 1, 7, 938.90 1908 69029214
1601655382, 0, 922, 1027, 815, 18, 2.91%, 0, 1, 7, 528.59 1908 69047649
1601655611, 0, 922, 1028, 816, 18, 2.91%, 0, 1, 7, 799.53 1908 69226039
1601655809, 0, 922, 1029, 817, 18, 2.91%, 0, 1, 7, 525.77 1908 69367866
1601655931, 0, 922, 1030, 818, 18, 2.91%, 0, 1, 7, 514.58 1908 69471247
1601656094, 0, 926, 1031, 818, 18, 2.91%, 0, 1, 7, 1024.55 1908 69608813
1601656196, 0, 926, 1032, 819, 18, 2.91%, 0, 1, 7, 846.56 1908 69679777
1601656359, 0, 926, 1033, 820, 18, 2.91%, 0, 1, 7, 565.03 1908 69804481
1601656863, 0, 932, 1033, 819, 17, 2.91%, 0, 1, 7, 996.94 1908 70185447
1601656959, 0, 932, 1034, 820, 17, 2.91%, 0, 1, 7, 742.21 1908 70256302
1601657580, 0, 932, 1035, 821, 17, 2.91%, 0, 1, 7, 506.46 1908 70749794
1601657600, 0, 949, 1035, 820, 17, 2.91%, 0, 1, 7, 984.32 1908 70762758
1601657626, 0, 949, 1037, 822, 17, 2.91%, 0, 1, 7, 524.96 1908 70780820
1601658338, 0, 961, 1037, 821, 16, 2.91%, 0, 1, 7, 1013.37 1908 71341346
1601658364, 0, 961, 1038, 822, 16, 2.91%, 0, 1, 7, 512.08 1908 71359114
1601658420, 0, 961, 1039, 823, 16, 2.91%, 0, 1, 7, 602.15 1908 71400627
1601658430, 0, 961, 1040, 824, 16, 2.91%, 0, 1, 7, 795.63 1908 71408894
1601658593, 0, 961, 1042, 826, 16, 2.91%, 0, 1, 7, 737.58 1908 71537430
1601658924, 0, 961, 1043, 827, 16, 2.91%, 0, 1, 7, 1008.80 1908 71790842
1601659072, 0, 972, 1043, 826, 17, 2.91%, 0, 1, 7, 1069.36 1908 71915764
1601659331, 0, 972, 1044, 827, 17, 2.91%, 0, 1, 7, 708.45 1908 72114721
1601659820, 0, 973, 1044, 826, 17, 2.91%, 0, 1, 7, 1054.27 1908 72497548
1601660405, 0, 973, 1045, 827, 17, 2.91%, 0, 1, 7, 794.40 1908 72944857
1601660558, 0, 992, 1045, 826, 16, 2.91%, 0, 1, 7, 1051.37 1908 73075094
1601661208, 0, 992, 1046, 827, 16, 2.91%, 0, 1, 7, 812.80 1908 73609768
1601661214, 0, 994, 1047, 827, 15, 2.91%, 0, 1, 7, 1733.36 1908 73619742
1601661254, 0, 998, 1047, 826, 16, 2.91%, 0, 1, 7, 2012.87 1908 73702274
1601661285, 0, 998, 1049, 828, 16, 2.91%, 0, 1, 7, 470.81 1908 73723737
1601661361, 0, 998, 1050, 829, 16, 2.91%, 0, 1, 7, 474.27 1908 73777251
1601662018, 0, 998, 1051, 830, 16, 2.91%, 0, 1, 7, 814.95 1908 74278334
1601662054, 0, 1003, 1051, 829, 15, 2.91%, 0, 1, 7, 1059.94 1908 74299179
1601662818, 0, 1004, 1051, 828, 14, 2.91%, 0, 1, 7, 1054.86 1908 74885803
1601662843, 0, 1004, 1054, 831, 14, 2.91%, 0, 1, 7, 568.59 1908 74905010
1601663587, 0, 1005, 1054, 830, 13, 2.91%, 0, 1, 7, 940.91 1908 75479801
1601663648, 0, 1005, 1055, 831, 13, 2.91%, 0, 1, 7, 952.39 1908 75524844
1601663983, 0, 1005, 1056, 832, 13, 2.91%, 0, 1, 7, 575.28 1908 75764141
1601664351, 0, 1009, 1056, 831, 12, 2.91%, 0, 1, 7, 1024.23 1908 76070745
1601664376, 0, 1009, 1057, 832, 12, 2.91%, 0, 1, 7, 551.02 1908 76089505
1601664407, 0, 1009, 1058, 833, 12, 2.91%, 0, 1, 7, 524.52 1908 76111098
1601665114, 0, 1014, 1059, 833, 11, 2.91%, 0, 1, 7, 1517.29 1908 76665362
1601665130, 0, 1015, 1059, 832, 11, 2.91%, 0, 1, 7, 1811.65 1908 76696392
1601665318, 0, 1019, 1060, 832, 10, 2.91%, 0, 1, 8, 1131.84 1908 76995383
1601666114, 0, 1021, 1060, 831, 9, 2.91%, 0, 1, 8, 975.05 1908 77572152
1601666165, 0, 1021, 1061, 832, 9, 2.91%, 0, 1, 8, 549.94 1908 77607885
1601666873, 0, 1024, 1061, 831, 8, 2.91%, 0, 1, 8, 1033.55 1908 78149244
1601667605, 0, 1041, 1061, 830, 7, 2.91%, 0, 1, 8, 959.66 1908 78724645
1601667630, 0, 1041, 1062, 831, 7, 2.91%, 0, 1, 8, 530.52 1908 78743032
1601667661, 0, 1041, 1063, 832, 7, 2.91%, 0, 1, 8, 571.07 1908 78764764
1601668338, 0, 1043, 1063, 831, 6, 2.91%, 0, 1, 8, 1083.79 1908 79300568
1601668364, 0, 1043, 1064, 832, 6, 2.91%, 0, 1, 8, 566.91 1908 79319254
1601668598, 0, 1043, 1065, 833, 6, 2.91%, 0, 1, 8, 710.39 1908 79499020
1601669067, 0, 1043, 1067, 835, 6, 2.91%, 0, 1, 8, 521.14 1908 79866869
1601669087, 0, 1046, 1068, 835, 5, 2.91%, 0, 1, 8, 1341.30 1908 79880331
1601669133, 0, 1056, 1068, 834, 4, 2.91%, 0, 1, 8, 1865.49 1908 79971148
1601669189, 0, 1056, 1069, 835, 4, 2.91%, 0, 1, 8, 534.51 1908 80011489
1601669903, 0, 1057, 1069, 834, 3, 2.91%, 0, 1, 8, 1034.19 1908 80563526
