# unix_time, cycles_done, cur_path, paths_total, pending_total, pending_favs, map_size, unique_crashes, unique_hangs, max_depth, execs_per_sec, edge_coverage, total_execs
1604694867, 0, 0, 2, 2, 2, 6.34%, 0, 0, 1, 56.54, 4153, 16
1604694872, 0, 0, 15, 15, 2, 6.56%, 0, 0, 2, 24.91, 4301, 423
1604694877, 0, 0, 31, 31, 2, 7.22%, 0, 0, 2, 21.56, 4729, 642
1604694883, 0, 0, 44, 44, 2, 7.25%, 0, 0, 2, 22.99, 4753, 761
1604694888, 0, 0, 56, 56, 2, 7.36%, 0, 0, 2, 22.62, 4826, 872
1604694893, 0, 0, 70, 70, 2, 7.38%, 0, 0, 2, 22.95, 4834, 993
1604694898, 0, 0, 83, 83, 2, 7.38%, 0, 0, 2, 22.96, 4834, 1108
1604694903, 0, 0, 95, 95, 2, 7.38%, 0, 0, 2, 22.83, 4834, 1223
1604694908, 0, 0, 108, 108, 2, 7.38%, 0, 0, 2, 22.92, 4834, 1338
1604694913, 0, 0, 120, 120, 2, 7.38%, 0, 0, 2, 22.50, 4835, 1453
1604694918, 0, 0, 131, 131, 2, 7.38%, 0, 0, 2, 20.96, 4835, 1559
1604694923, 0, 0, 139, 139, 2, 7.38%, 0, 0, 2, 20.59, 4835, 1662
1604694928, 0, 0, 150, 150, 2, 7.38%, 0, 0, 2, 20.93, 4839, 1772
1604694934, 0, 0, 160, 160, 2, 7.39%, 0, 0, 2, 22.89, 4842, 1890
1604694939, 0, 0, 171, 171, 2, 7.39%, 0, 0, 2, 22.28, 4842, 2001
1604694944, 0, 0, 176, 176, 2, 7.39%, 0, 0, 2, 22.60, 4842, 2116
1604694954, 0, 0, 185, 185, 2, 7.40%, 0, 0, 2, 20.28, 4852, 2436
1604694959, 0, 0, 197, 197, 2, 7.41%, 0, 0, 2, 21.39, 4854, 2546
1604694964, 0, 0, 205, 205, 2, 7.41%, 0, 0, 2, 22.35, 4854, 2661
1604694985, 0, 0, 235, 235, 2, 7.52%, 0, 0, 2, 410.65, 4929, 3473
1604694990, 0, 0, 303, 303, 2, 7.74%, 0, 0, 2, 40.28, 5071, 4460
1604694995, 0, 0, 318, 318, 2, 7.75%, 0, 0, 2, 31.19, 5079, 4616
1604695000, 0, 0, 330, 330, 2, 7.75%, 0, 0, 2, 27.03, 5082, 4746
1604695005, 0, 0, 354, 354, 2, 7.79%, 0, 0, 2, 27.00, 5103, 5319
1604695010, 0, 0, 375, 375, 2, 7.86%, 0, 0, 2, 29.30, 5154, 5634
1604695015, 0, 0, 387, 387, 2, 7.86%, 0, 0, 2, 25.10, 5154, 5758
1604695020, 0, 0, 398, 398, 2, 7.86%, 0, 0, 2, 24.30, 5154, 5882
1604695025, 0, 0, 409, 409, 2, 7.86%, 0, 0, 2, 24.01, 5154, 6001
1604695031, 0, 0, 419, 419, 2, 7.86%, 0, 0, 2, 21.64, 5154, 6105
1604695036, 0, 0, 431, 431, 2, 7.87%, 0, 0, 2, 21.58, 5159, 6223
1604695041, 0, 0, 440, 440, 2, 7.87%, 0, 0, 2, 22.99, 5159, 6338
1604695046, 0, 0, 452, 452, 2, 7.88%, 0, 0, 2, 24.61, 5161, 6475
1604695051, 0, 0, 465, 465, 2, 7.91%, 0, 0, 2, 26.26, 5184, 6606
1604695056, 0, 0, 477, 477, 2, 7.91%, 0, 0, 2, 26.39, 5185, 6751
1604695061, 0, 0, 485, 485, 2, 7.91%, 0, 0, 2, 27.23, 5185, 6887
1604695066, 0, 0, 496, 496, 2, 7.91%, 0, 0, 2, 25.84, 5186, 7013
1604695072, 0, 0, 503, 503, 2, 7.91%, 0, 0, 2, 30.87, 5186, 7186
1604695077, 0, 0, 513, 513, 2, 7.91%, 0, 0, 2, 25.46, 5186, 7310
1604695082, 0, 0, 523, 523, 2, 7.91%, 0, 0, 2, 23.72, 5186, 7433
1604695087, 0, 0, 533, 533, 2, 7.94%, 0, 0, 2, 26.92, 5202, 7568
1604695092, 0, 0, 543, 543, 2, 7.95%, 0, 0, 2, 28.69, 5209, 7718
1604695097, 0, 0, 553, 553, 2, 7.95%, 0, 0, 2, 24.05, 5209, 7833
1604695102, 0, 0, 563, 563, 2, 7.95%, 0, 0, 2, 23.05, 5209, 7948
1604695107, 0, 0, 576, 576, 2, 8.01%, 0, 0, 2, 24.09, 5249, 8171
1604695112, 0, 0, 578, 578, 2, 8.01%, 0, 0, 2, 213.29, 5251, 8336
1604695117, 0, 0, 586, 586, 2, 8.01%, 0, 0, 2, 19.25, 5251, 8436
1604695123, 0, 0, 593, 593, 2, 8.01%, 0, 0, 2, 21.47, 5251, 8551
1604695128, 0, 0, 598, 598, 2, 8.01%, 0, 0, 2, 22.02, 5251, 8666
1604695133, 0, 0, 600, 600, 2, 8.01%, 0, 0, 2, 22.17, 5251, 8776
1604695138, 0, 0, 601, 601, 2, 8.01%, 0, 0, 2, 22.78, 5251, 8891
1604695148, 0, 0, 602, 602, 2, 8.01%, 0, 0, 2, 21.60, 5251, 9167
1604695169, 0, 0, 617, 617, 2, 8.06%, 0, 0, 2, 26.38, 5282, 10273
1604695174, 0, 0, 626, 626, 2, 8.06%, 0, 0, 2, 770.00, 5283, 10594
1604695179, 0, 0, 634, 634, 2, 8.09%, 0, 0, 2, 31.17, 5299, 11062
1604695184, 0, 0, 641, 641, 2, 8.10%, 0, 0, 2, 25.44, 5306, 11195
1604695189, 0, 0, 649, 649, 2, 8.10%, 0, 0, 2, 24.27, 5306, 11320
1604695194, 0, 0, 657, 657, 2, 8.10%, 0, 0, 2, 29.26, 5306, 11483
1604695199, 0, 0, 662, 662, 2, 8.10%, 0, 0, 2, 32.74, 5306, 11653
1604695205, 0, 0, 667, 667, 2, 8.10%, 0, 0, 2, 35.29, 5306, 11864
1604695210, 0, 0, 674, 674, 2, 8.10%, 0, 0, 2, 27.99, 5306, 12002
1604695215, 0, 0, 681, 681, 2, 8.10%, 0, 0, 2, 29.35, 5309, 12150
1604695220, 0, 0, 688, 688, 2, 8.10%, 0, 0, 2, 29.76, 5309, 12301
1604695225, 0, 0, 692, 692, 2, 8.19%, 0, 0, 2, 25.10, 5368, 12489
1604695230, 0, 0, 700, 700, 2, 8.19%, 0, 0, 2, 25.13, 5368, 12664
1604695235, 0, 0, 705, 705, 2, 8.19%, 0, 0, 2, 24.79, 5368, 12788
1604695241, 0, 0, 709, 709, 2, 8.19%, 0, 0, 2, 23.87, 5368, 12911
1604695246, 0, 0, 714, 714, 2, 8.19%, 0, 0, 2, 21.72, 5368, 13019
1604695256, 0, 0, 715, 715, 2, 8.19%, 0, 0, 2, 19.39, 5368, 13302
1604695261, 0, 0, 716, 716, 2, 8.19%, 0, 0, 2, 22.40, 5368, 13419
1604695282, 0, 0, 729, 729, 2, 8.22%, 0, 0, 2, 43.75, 5386, 14563
1604695287, 0, 0, 739, 739, 2, 8.22%, 0, 0, 2, 24.08, 5389, 15195
1604695292, 0, 0, 744, 744, 2, 8.22%, 0, 0, 2, 25.24, 5390, 15330
1604695297, 0, 0, 750, 750, 2, 8.22%, 0, 0, 2, 30.21, 5390, 15484
1604695302, 0, 0, 755, 755, 2, 8.22%, 0, 0, 2, 35.04, 5390, 15670
1604695307, 0, 0, 762, 762, 2, 8.22%, 0, 0, 2, 40.53, 5390, 15884
1604695313, 0, 0, 768, 768, 2, 8.22%, 0, 0, 2, 32.91, 5390, 16049
1604695318, 0, 0, 776, 776, 2, 8.22%, 0, 0, 2, 28.80, 5390, 16189
1604695323, 0, 0, 782, 782, 2, 8.22%, 0, 0, 2, 27.24, 5390, 16324
1604695328, 0, 0, 790, 790, 2, 8.23%, 0, 0, 2, 34.92, 5392, 16759
1604695333, 0, 0, 795, 795, 2, 8.23%, 0, 0, 2, 32.40, 5392, 16922
1604695338, 0, 0, 802, 802, 2, 8.23%, 0, 0, 2, 24.87, 5393, 17295
1604695344, 0, 0, 811, 811, 2, 8.23%, 0, 0, 2, 30.06, 5393, 17477
1604695349, 0, 0, 820, 820, 2, 8.23%, 0, 0, 2, 62.06, 5393, 17904
1604695354, 0, 0, 825, 825, 2, 8.25%, 0, 0, 2, 25.85, 5404, 18153
1604695359, 0, 0, 826, 826, 2, 8.25%, 0, 0, 2, 23.38, 5404, 18371
1604695395, 0, 0, 833, 833, 2, 8.25%, 0, 0, 2, 21.12, 5404, 19483
1604695405, 0, 0, 834, 834, 2, 8.25%, 0, 0, 2, 21.67, 5404, 19706
1604695411, 0, 0, 837, 837, 2, 8.25%, 0, 0, 2, 21.66, 5404, 19818
1604695421, 0, 0, 838, 838, 2, 8.25%, 0, 0, 2, 21.30, 5404, 20035
1604695426, 0, 0, 839, 839, 2, 8.25%, 0, 0, 2, 21.59, 5404, 20145
1604695436, 0, 0, 841, 841, 2, 8.25%, 0, 0, 2, 22.35, 5404, 20376
1604695451, 0, 0, 844, 844, 2, 8.25%, 0, 0, 2, 21.27, 5404, 20709
1604695467, 0, 0, 846, 846, 2, 8.25%, 0, 0, 2, 20.98, 5404, 21053
1604695488, 0, 0, 847, 847, 2, 8.25%, 0, 0, 2, 21.74, 5404, 21508
1604695560, 0, 0, 848, 848, 2, 8.25%, 0, 0, 2, 22.02, 5404, 23449
1604695714, 0, 0, 874, 874, 2, 8.27%, 0, 0, 2, 2654.04, 5421, 29179
1604695720, 0, 0, 890, 890, 2, 8.27%, 0, 0, 2, 836.46, 5422, 31177
1604695725, 0, 0, 901, 901, 2, 8.27%, 0, 0, 2, 25.21, 5422, 31307
1604695730, 0, 0, 911, 911, 2, 8.27%, 0, 0, 2, 28.37, 5422, 31454
1604695735, 0, 0, 919, 919, 2, 8.28%, 0, 0, 2, 30.30, 5424, 31877
1604695740, 0, 0, 925, 925, 2, 8.28%, 0, 0, 2, 39.23, 5425, 32077
1604695745, 0, 0, 930, 930, 2, 8.28%, 0, 0, 2, 692.83, 5425, 33514
1604695751, 0, 0, 941, 941, 2, 8.28%, 0, 0, 2, 21.51, 5429, 35073
1604695756, 0, 0, 942, 942, 2, 8.28%, 0, 0, 2, 53.56, 5429, 35823
1604695761, 0, 0, 945, 945, 2, 8.29%, 0, 0, 2, 38.80, 5431, 35987
1604695766, 0, 0, 949, 949, 2, 8.29%, 0, 0, 2, 34.50, 5431, 36158
1604695771, 0, 0, 950, 950, 2, 8.29%, 0, 0, 2, 31.77, 5431, 36312
1604695776, 0, 0, 952, 952, 2, 8.29%, 0, 0, 2, 29.10, 5431, 36467
1604695781, 0, 0, 953, 953, 2, 8.29%, 0, 0, 2, 32.13, 5431, 36636
1604695786, 0, 0, 959, 959, 2, 8.29%, 0, 0, 2, 23.51, 5431, 36743
1604695797, 0, 0, 962, 962, 2, 8.29%, 0, 0, 2, 27.17, 5431, 37002
1604695802, 0, 0, 964, 964, 2, 8.29%, 0, 0, 2, 22.26, 5431, 37105
1604695807, 0, 0, 966, 966, 2, 8.29%, 0, 0, 2, 24.04, 5431, 37233
1604695812, 0, 0, 967, 967, 2, 8.29%, 0, 0, 2, 33.54, 5431, 37413
1604695817, 0, 0, 973, 973, 2, 8.29%, 0, 0, 2, 33.48, 5431, 37615
1604695822, 0, 0, 978, 978, 2, 8.29%, 0, 0, 2, 31.23, 5431, 37787
1604695832, 0, 0, 979, 979, 2, 8.29%, 0, 0, 2, 38.28, 5431, 38186
1604695843, 0, 0, 980, 980, 2, 8.29%, 0, 0, 2, 62.66, 5431, 38733
1604695853, 0, 0, 981, 981, 2, 8.29%, 0, 0, 2, 305.56, 5431, 39270
1604695858, 0, 0, 985, 985, 2, 8.29%, 0, 0, 2, 38.23, 5431, 39453
1604695863, 0, 0, 988, 988, 2, 8.29%, 0, 0, 2, 47.39, 5431, 39764
1604695879, 0, 0, 991, 991, 2, 8.29%, 0, 0, 2, 48.78, 5431, 40405
1604695889, 0, 0, 992, 992, 2, 8.29%, 0, 0, 2, 22.98, 5431, 40722
1604695894, 0, 0, 993, 993, 2, 8.29%, 0, 0, 2, 26.66, 5431, 40875
1604695899, 0, 0, 995, 995, 2, 8.29%, 0, 0, 2, 156.68, 5431, 41052
1604695904, 0, 0, 998, 998, 2, 8.29%, 0, 0, 2, 53.99, 5431, 41359
1604695915, 0, 0, 999, 999, 2, 8.29%, 0, 0, 2, 30.64, 5431, 41740
1604695920, 0, 0, 1002, 1002, 2, 8.29%, 0, 0, 2, 30.08, 5431, 41895
1604695925, 0, 0, 1003, 1003, 2, 8.29%, 0, 0, 2, 26.32, 5431, 42037
1604695930, 0, 0, 1004, 1004, 2, 8.29%, 0, 0, 2, 40.07, 5431, 42271
1604695935, 0, 0, 1005, 1005, 2, 8.29%, 0, 0, 2, 324.89, 5432, 42684
1604695971, 0, 0, 1012, 1012, 2, 8.29%, 0, 0, 2, 1484.91, 5432, 55459
1604695987, 0, 0, 1013, 1013, 2, 8.29%, 0, 0, 2, 36.50, 5432, 58129
1604696002, 0, 0, 1017, 1017, 2, 8.29%, 0, 0, 2, 25.77, 5434, 58921
1604696012, 0, 0, 1019, 1019, 2, 8.29%, 0, 0, 2, 33.03, 5435, 69295
1604696018, 0, 0, 1025, 1025, 2, 8.29%, 0, 0, 2, 30.46, 5436, 69467
1604696028, 0, 0, 1028, 1028, 2, 8.29%, 0, 0, 2, 21.13, 5436, 69720
1604696033, 0, 0, 1029, 1029, 2, 8.29%, 0, 0, 2, 22.91, 5436, 69839
1604696043, 0, 0, 1042, 1042, 2, 8.32%, 0, 0, 2, 56.90, 5454, 70681
1604696048, 0, 0, 1048, 1048, 2, 8.32%, 0, 0, 2, 49.90, 5454, 70917
1604696053, 0, 0, 1049, 1049, 2, 8.32%, 0, 0, 2, 43.45, 5454, 71157
1604696058, 0, 0, 1051, 1051, 2, 8.32%, 0, 0, 2, 23.19, 5454, 71401
1604696074, 0, 0, 1057, 1057, 2, 8.33%, 0, 0, 2, 36.96, 5456, 71981
1604696079, 0, 0, 1060, 1060, 2, 8.33%, 0, 0, 2, 65.97, 5456, 72354
1604696084, 0, 0, 1061, 1061, 2, 8.33%, 0, 0, 2, 94.00, 5456, 72846
1604696089, 0, 0, 1062, 1062, 2, 8.33%, 0, 0, 2, 91.16, 5456, 73443
1604696094, 0, 0, 1064, 1064, 2, 8.33%, 0, 0, 2, 2772.18, 5462, 75523
1604696099, 0, 0, 1071, 1071, 2, 8.36%, 0, 0, 2, 60.40, 5477, 76658
1604696105, 0, 0, 1075, 1075, 2, 8.36%, 0, 0, 2, 48.62, 5481, 76908
1604696110, 0, 0, 1076, 1076, 2, 8.36%, 0, 0, 2, 44.33, 5481, 77114
1604696115, 0, 0, 1078, 1078, 2, 8.36%, 0, 0, 2, 42.64, 5481, 77327
1604696120, 0, 0, 1080, 1080, 2, 8.36%, 0, 0, 2, 56.54, 5481, 77631
1604696125, 0, 0, 1082, 1082, 2, 8.36%, 0, 0, 2, 78.61, 5481, 78139
1604696130, 0, 0, 1083, 1083, 2, 8.36%, 0, 0, 2, 65.60, 5481, 78537
1604696135, 0, 0, 1085, 1085, 2, 8.36%, 0, 0, 2, 45.81, 5481, 78762
1604696141, 0, 0, 1086, 1086, 2, 8.36%, 0, 0, 2, 70.24, 5481, 79114
1604696146, 0, 0, 1088, 1088, 2, 8.36%, 0, 0, 2, 55.15, 5481, 79358
1604696151, 0, 0, 1090, 1090, 2, 8.37%, 0, 0, 2, 23.62, 5483, 79735
1604696176, 0, 0, 1093, 1093, 2, 8.37%, 0, 0, 2, 20.14, 5485, 80743
1604696181, 0, 0, 1099, 1099, 2, 8.37%, 0, 0, 2, 22.39, 5485, 81154
1604696192, 0, 0, 1102, 1102, 2, 8.37%, 0, 0, 2, 160.32, 5485, 83266
1604696197, 0, 0, 1103, 1103, 2, 8.37%, 0, 0, 2, 466.01, 5485, 84903
1604696202, 0, 0, 1110, 1110, 2, 8.37%, 0, 0, 2, 62.03, 5486, 89791
1604696207, 0, 0, 1111, 1111, 2, 8.37%, 0, 0, 2, 55.02, 5486, 90175
1604696212, 0, 0, 1115, 1115, 2, 8.37%, 0, 0, 2, 39.36, 5486, 90355
1604696217, 0, 0, 1119, 1119, 2, 8.37%, 0, 0, 2, 43.40, 5486, 90556
1604696222, 0, 0, 1120, 1120, 2, 8.37%, 0, 0, 2, 44.42, 5486, 90780
1604696227, 0, 0, 1122, 1122, 2, 8.37%, 0, 0, 2, 65.60, 5486, 91165
1604696232, 0, 0, 1124, 1124, 2, 8.37%, 0, 0, 2, 78.74, 5486, 91575
1604696243, 0, 0, 1129, 1129, 2, 8.37%, 0, 0, 2, 70.00, 5486, 92309
1604696248, 0, 0, 1130, 1130, 2, 8.37%, 0, 0, 2, 78.85, 5486, 92886
1604696253, 0, 0, 1132, 1132, 2, 8.37%, 0, 0, 2, 83.25, 5486, 93294
1604696263, 0, 0, 1134, 1134, 2, 8.37%, 0, 0, 2, 47.47, 5486, 94044
1604696268, 0, 0, 1135, 1135, 2, 8.37%, 0, 0, 2, 49.40, 5486, 94357
1604696273, 0, 0, 1138, 1138, 2, 8.38%, 0, 0, 2, 23.26, 5491, 94860
1604696283, 0, 0, 1140, 1140, 2, 8.38%, 0, 0, 2, 24.13, 5491, 95201
1604696314, 0, 0, 1141, 1141, 2, 8.38%, 0, 0, 2, 18.44, 5491, 96083
1604696319, 0, 0, 1142, 1142, 2, 8.38%, 0, 0, 2, 25.16, 5491, 96219
1604696350, 0, 0, 1153, 1153, 2, 8.41%, 0, 0, 2, 30.32, 5510, 99117
1604696355, 0, 0, 1161, 1161, 2, 8.41%, 0, 0, 2, 261.40, 5510, 100457
1604696360, 0, 0, 1163, 1163, 2, 8.41%, 0, 0, 2, 23.62, 5511, 100862
1604696371, 0, 0, 1167, 1167, 2, 8.41%, 0, 0, 2, 22.84, 5511, 101165
1604696376, 0, 0, 1170, 1170, 2, 8.41%, 0, 0, 2, 24.75, 5511, 101296
1604696381, 0, 0, 1172, 1172, 2, 8.41%, 0, 0, 2, 25.57, 5511, 101424
1604696406, 0, 0, 1173, 1173, 2, 8.41%, 0, 0, 2, 22.96, 5511, 102163
1604696443, 0, 0, 1180, 1180, 2, 8.41%, 0, 0, 2, 334.47, 5511, 105849
1604696448, 0, 0, 1186, 1186, 2, 8.42%, 0, 0, 2, 1100.00, 5521, 106930
1604696453, 0, 0, 1201, 1201, 2, 8.44%, 0, 0, 2, 949.36, 5533, 108620
1604696458, 0, 0, 1215, 1215, 2, 8.45%, 0, 0, 2, 795.32, 5536, 112171
1604696463, 0, 0, 1227, 1227, 2, 8.46%, 0, 0, 2, 18.78, 5545, 115588
1604696468, 0, 1, 1257, 1256, 155, 8.50%, 0, 0, 2, 2689.44, 5572, 122756
1604696473, 0, 1, 1258, 1257, 155, 8.52%, 0, 0, 2, 100.39, 5581, 134356
1604696478, 0, 1, 1272, 1271, 155, 8.53%, 0, 0, 2, 2925.03, 5591, 148954
1604696484, 0, 8, 1274, 1270, 159, 8.53%, 0, 0, 2, 95.65, 5591, 164163
1604696622, 0, 8, 1275, 1271, 159, 8.53%, 0, 0, 3, 67.29, 5593, 169940
1604697110, 0, 8, 1277, 1273, 159, 8.54%, 0, 0, 3, 25.04, 5597, 192318
1604697739, 0, 8, 1281, 1277, 159, 8.54%, 0, 0, 3, 840.71, 5597, 263340
1604697744, 0, 8, 1284, 1280, 159, 8.54%, 0, 0, 3, 934.81, 5597, 268013
1604697749, 0, 8, 1289, 1285, 159, 8.54%, 0, 0, 3, 23.09, 5597, 271226
1604697755, 0, 8, 1290, 1286, 159, 8.54%, 0, 0, 3, 727.29, 5597, 275236
1604697760, 0, 9, 1294, 1289, 160, 8.54%, 0, 0, 3, 1719.57, 5598, 281057
1604697765, 0, 17, 1294, 1287, 158, 8.54%, 0, 0, 3, 2573.23, 5598, 295943
1604697775, 0, 18, 1294, 1286, 157, 8.54%, 0, 0, 3, 2857.31, 5598, 324794
1604697785, 0, 22, 1295, 1285, 155, 8.54%, 0, 0, 3, 2844.97, 5598, 354706
1604697790, 0, 22, 1296, 1286, 155, 8.54%, 0, 0, 3, 2631.97, 5598, 367799
1604697826, 0, 150, 1297, 1286, 155, 8.55%, 0, 0, 3, 60.91, 5601, 451008
1604697831, 0, 150, 1298, 1287, 155, 8.55%, 0, 0, 3, 35.07, 5601, 451163
1604697877, 0, 150, 1299, 1288, 155, 8.55%, 0, 0, 3, 915.28, 5601, 453208
1604697908, 0, 150, 1300, 1289, 155, 8.55%, 0, 0, 3, 25.01, 5601, 454325
1604697913, 0, 150, 1301, 1290, 155, 8.55%, 0, 0, 3, 22.69, 5601, 454483
1604697959, 0, 150, 1302, 1291, 155, 8.55%, 0, 0, 3, 82.99, 5601, 456653
1604697979, 0, 150, 1303, 1292, 155, 8.55%, 0, 0, 3, 39.47, 5601, 457439
1604697984, 0, 150, 1304, 1293, 155, 8.55%, 0, 0, 3, 37.74, 5601, 457631
1604697989, 0, 150, 1305, 1294, 155, 8.55%, 0, 0, 3, 23.73, 5601, 457789
1604698015, 0, 150, 1306, 1295, 155, 8.55%, 0, 0, 3, 23.11, 5601, 458412
1604698066, 0, 150, 1307, 1296, 155, 8.55%, 0, 0, 3, 47.83, 5601, 461642
1604698071, 0, 150, 1308, 1297, 155, 8.55%, 0, 0, 3, 22.86, 5601, 462243
1604698168, 0, 150, 1309, 1298, 155, 8.55%, 0, 0, 3, 21.33, 5601, 464734
1604698451, 0, 150, 1310, 1299, 155, 8.55%, 0, 0, 3, 244.72, 5601, 474849
1604698456, 0, 150, 1313, 1302, 155, 8.55%, 0, 0, 3, 66.35, 5601, 475324
1604698482, 0, 150, 1314, 1303, 155, 8.55%, 0, 0, 3, 30.99, 5601, 479454
1604698533, 0, 150, 1315, 1304, 155, 8.55%, 0, 0, 3, 45.30, 5601, 481109
1604698569, 0, 150, 1316, 1305, 155, 8.55%, 0, 0, 3, 39.00, 5601, 482924
1604698615, 0, 150, 1317, 1306, 155, 8.55%, 0, 0, 3, 31.93, 5601, 484653
1604698708, 0, 150, 1318, 1307, 155, 8.55%, 0, 0, 3, 23.70, 5601, 511983
1604698738, 0, 150, 1319, 1308, 155, 8.55%, 0, 0, 3, 45.09, 5601, 513232
1604698764, 0, 150, 1320, 1309, 155, 8.55%, 0, 0, 3, 20.11, 5601, 514244
1604698862, 0, 150, 1321, 1310, 155, 8.55%, 0, 0, 3, 144.20, 5601, 523047
1604698867, 0, 150, 1322, 1311, 155, 8.55%, 0, 0, 3, 129.28, 5601, 523623
1604698897, 0, 150, 1323, 1312, 155, 8.55%, 0, 0, 3, 49.49, 5601, 532617
1604698954, 0, 150, 1325, 1314, 155, 8.55%, 0, 0, 3, 25.53, 5601, 536966
1604699118, 0, 207, 1325, 1313, 156, 8.55%, 0, 0, 3, 3040.47, 5601, 562466
1604699138, 0, 209, 1327, 1314, 155, 8.55%, 0, 0, 3, 3061.02, 5601, 625731
1604699154, 0, 212, 1327, 1313, 154, 8.55%, 0, 0, 3, 3152.59, 5601, 673858
1604699164, 0, 214, 1327, 1312, 153, 8.55%, 0, 0, 3, 3148.43, 5601, 705551
1604699179, 0, 216, 1327, 1311, 152, 8.55%, 0, 0, 3, 2918.24, 5601, 752326
1604699189, 0, 225, 1327, 1310, 151, 8.55%, 0, 0, 3, 2945.15, 5601, 782234
1604699205, 0, 228, 1327, 1309, 150, 8.55%, 0, 0, 3, 2961.92, 5601, 827538
1604699220, 0, 231, 1327, 1308, 149, 8.55%, 0, 0, 3, 2767.23, 5601, 871790
1604699245, 0, 232, 1328, 1308, 149, 8.55%, 0, 0, 3, 2565.47, 5604, 936236
1604699260, 0, 233, 1328, 1307, 148, 8.55%, 0, 0, 3, 2949.69, 5604, 981797
1604699276, 0, 241, 1328, 1306, 147, 8.55%, 0, 0, 3, 2925.99, 5604, 1027526
1604699286, 0, 250, 1328, 1305, 146, 8.55%, 0, 0, 3, 2956.33, 5604, 1058270
1604699301, 0, 258, 1328, 1304, 145, 8.55%, 0, 0, 3, 2873.96, 5604, 1103472
1604699306, 0, 258, 1329, 1305, 145, 8.55%, 0, 0, 3, 2781.81, 5604, 1117303
1604699311, 0, 258, 1330, 1306, 145, 8.55%, 0, 0, 3, 2830.27, 5604, 1131386
1604699331, 0, 261, 1333, 1308, 144, 8.55%, 0, 0, 3, 2771.03, 5604, 1184421
1604699346, 0, 261, 1334, 1309, 144, 8.55%, 0, 0, 3, 2892.46, 5604, 1228704
1604699352, 0, 263, 1334, 1308, 143, 8.55%, 0, 0, 3, 2827.00, 5604, 1243277
1604699367, 0, 266, 1335, 1308, 142, 8.55%, 0, 0, 3, 2840.52, 5605, 1288109
1604699382, 0, 266, 1336, 1309, 142, 8.55%, 0, 0, 3, 2956.87, 5605, 1333201
1604699387, 0, 270, 1337, 1309, 143, 8.55%, 0, 0, 3, 2870.43, 5605, 1347810
1604699408, 0, 273, 1337, 1308, 142, 8.55%, 0, 0, 3, 2806.63, 5605, 1407820
1604699423, 0, 283, 1338, 1308, 141, 8.55%, 0, 0, 3, 2809.53, 5605, 1452455
1604699454, 0, 286, 1339, 1308, 140, 8.56%, 0, 0, 3, 37.41, 5607, 1524560
1604699459, 0, 286, 1342, 1311, 140, 8.56%, 0, 0, 3, 22.58, 5607, 1524705
1604699464, 0, 286, 1346, 1315, 140, 8.56%, 0, 0, 3, 21.18, 5609, 1524811
1604699470, 0, 286, 1348, 1317, 140, 8.56%, 0, 0, 3, 20.52, 5609, 1524918
1604699490, 0, 286, 1349, 1318, 140, 8.56%, 0, 0, 3, 21.55, 5609, 1525381
1604699516, 0, 286, 1354, 1323, 140, 8.56%, 0, 0, 3, 29.60, 5609, 1526483
1604699521, 0, 286, 1356, 1325, 140, 8.56%, 0, 0, 3, 61.03, 5609, 1527076
1604699526, 0, 286, 1359, 1328, 140, 8.56%, 0, 0, 3, 34.32, 5609, 1527211
1604699536, 0, 286, 1360, 1329, 140, 8.56%, 0, 0, 3, 33.94, 5609, 1527525
1604699541, 0, 286, 1362, 1331, 140, 8.56%, 0, 0, 3, 29.34, 5609, 1527682
1604699551, 0, 286, 1364, 1333, 140, 8.56%, 0, 0, 3, 26.74, 5609, 1527954
1604699557, 0, 286, 1365, 1334, 140, 8.56%, 0, 0, 3, 21.84, 5611, 1528108
1604699567, 0, 286, 1366, 1335, 140, 8.56%, 0, 0, 3, 20.02, 5611, 1528355
1604699587, 0, 286, 1367, 1336, 140, 8.56%, 0, 0, 3, 20.11, 5611, 1528805
1604699613, 0, 286, 1371, 1340, 140, 8.56%, 0, 0, 3, 45.53, 5611, 1529936
1604699618, 0, 286, 1373, 1342, 140, 8.56%, 0, 0, 3, 27.86, 5611, 1530538
1604699623, 0, 286, 1374, 1343, 140, 8.56%, 0, 0, 3, 31.19, 5611, 1530704
1604699643, 0, 286, 1375, 1344, 140, 8.57%, 0, 0, 3, 20.32, 5617, 1531428
1604699664, 0, 286, 1377, 1346, 140, 8.57%, 0, 0, 3, 19.97, 5617, 1531886
1604699700, 0, 286, 1379, 1348, 140, 8.57%, 0, 0, 3, 239.91, 5617, 1533317
1604699705, 0, 286, 1381, 1350, 140, 8.57%, 0, 0, 3, 26.47, 5617, 1533932
1604699710, 0, 286, 1384, 1353, 140, 8.57%, 0, 0, 3, 30.01, 5617, 1534079
1604699715, 0, 286, 1385, 1354, 140, 8.57%, 0, 0, 3, 34.98, 5617, 1534257
1604699725, 0, 286, 1386, 1355, 140, 8.57%, 0, 0, 3, 34.43, 5617, 1534643
1604699740, 0, 286, 1387, 1356, 140, 8.57%, 0, 0, 3, 219.83, 5617, 1535685
1604699822, 0, 286, 1388, 1357, 140, 8.57%, 0, 0, 3, 21.04, 5617, 1538105
1604699914, 0, 286, 1389, 1358, 140, 8.57%, 0, 0, 3, 19.20, 5617, 1539915
1604699975, 0, 286, 1390, 1359, 140, 8.57%, 0, 0, 3, 20.99, 5617, 1541411
1604700155, 0, 286, 1395, 1364, 140, 8.58%, 0, 0, 3, 18.56, 5620, 1548752
1604700160, 0, 286, 1403, 1372, 140, 8.58%, 0, 0, 3, 26.62, 5622, 1548900
1604700165, 0, 286, 1408, 1377, 140, 8.58%, 0, 0, 3, 31.72, 5622, 1549334
1604700170, 0, 286, 1412, 1381, 140, 8.58%, 0, 0, 3, 23.23, 5622, 1549546
1604700175, 0, 286, 1415, 1384, 140, 8.58%, 0, 0, 3, 19.37, 5622, 1552229
1604700216, 0, 286, 1416, 1385, 140, 8.58%, 0, 0, 3, 34.17, 5622, 1554193
1604700236, 0, 286, 1417, 1386, 140, 8.58%, 0, 0, 3, 38.28, 5622, 1554826
1604700272, 0, 286, 1418, 1387, 140, 8.58%, 0, 0, 3, 20.89, 5622, 1556319
1604700277, 0, 286, 1419, 1388, 140, 8.58%, 0, 0, 3, 48.37, 5622, 1556614
1604700303, 0, 286, 1420, 1389, 140, 8.58%, 0, 0, 3, 26.24, 5622, 1557497
1604700323, 0, 286, 1421, 1390, 140, 8.58%, 0, 0, 3, 40.55, 5622, 1558153
1604700415, 0, 286, 1422, 1391, 140, 8.58%, 0, 0, 3, 39.60, 5622, 1574978
1604700441, 0, 286, 1423, 1392, 140, 8.58%, 0, 0, 3, 22.41, 5622, 1586010
1604700451, 0, 286, 1424, 1393, 140, 8.58%, 0, 0, 3, 20.22, 5622, 1586225
1604700471, 0, 286, 1425, 1394, 140, 8.58%, 0, 0, 3, 49.22, 5622, 1587205
1604700481, 0, 286, 1426, 1395, 140, 8.58%, 0, 0, 3, 39.82, 5622, 1587643
1604700502, 0, 286, 1427, 1396, 140, 8.58%, 0, 0, 3, 47.23, 5622, 1588359
1604700507, 0, 286, 1428, 1397, 140, 8.58%, 0, 0, 3, 67.86, 5622, 1588735
1604700512, 0, 286, 1429, 1398, 140, 8.58%, 0, 0, 3, 81.55, 5622, 1589163
1604700532, 0, 286, 1430, 1399, 140, 8.58%, 0, 0, 3, 50.26, 5622, 1593106
1604700538, 0, 286, 1431, 1400, 140, 8.58%, 0, 0, 3, 41.41, 5622, 1593325
1604700609, 0, 286, 1432, 1401, 140, 8.58%, 0, 0, 3, 18.87, 5622, 1596888
1604700614, 0, 286, 1434, 1403, 140, 8.58%, 0, 0, 3, 152.84, 5623, 1597337
1604700619, 0, 286, 1435, 1404, 140, 8.58%, 0, 0, 3, 119.80, 5623, 1597874
1604700624, 0, 286, 1437, 1406, 140, 8.58%, 0, 0, 3, 75.70, 5623, 1599335
1604700640, 0, 286, 1438, 1407, 140, 8.58%, 0, 0, 3, 299.73, 5623, 1606143
1604700645, 0, 286, 1440, 1409, 140, 8.58%, 0, 0, 3, 37.66, 5623, 1606369
1604700650, 0, 286, 1443, 1412, 140, 8.58%, 0, 0, 3, 47.49, 5623, 1606604
1604700660, 0, 286, 1446, 1415, 140, 8.58%, 0, 0, 3, 46.51, 5623, 1607077
1604700665, 0, 286, 1447, 1416, 140, 8.58%, 0, 0, 3, 82.88, 5623, 1607583
1604700670, 0, 286, 1448, 1417, 140, 8.58%, 0, 0, 3, 67.47, 5623, 1607901
1604700686, 0, 286, 1449, 1418, 140, 8.58%, 0, 0, 3, 65.50, 5623, 1609208
1604700691, 0, 286, 1450, 1419, 140, 8.58%, 0, 0, 3, 51.69, 5623, 1609627
1604700706, 0, 286, 1451, 1420, 140, 8.58%, 0, 0, 3, 18.69, 5624, 1610776
1604700798, 0, 286, 1453, 1422, 140, 8.58%, 0, 0, 3, 156.75, 5624, 1616467
1604700896, 0, 286, 1454, 1423, 140, 8.58%, 0, 0, 3, 20.13, 5624, 1622880
1604700901, 0, 286, 1458, 1427, 140, 8.58%, 0, 0, 3, 39.96, 5624, 1623091
1604700906, 0, 343, 1458, 1426, 143, 8.58%, 0, 0, 3, 33.43, 5624, 1623970
1604700911, 0, 343, 1461, 1429, 143, 8.58%, 0, 0, 3, 17.75, 5624, 1624109
1604700916, 0, 343, 1463, 1431, 143, 8.58%, 0, 0, 3, 20.17, 5624, 1624216
1604700921, 0, 343, 1464, 1432, 143, 8.58%, 0, 0, 3, 20.13, 5624, 1624318
1604700942, 0, 343, 1465, 1433, 143, 8.58%, 0, 0, 3, 20.46, 5624, 1624765
1604700967, 0, 343, 1468, 1436, 143, 8.58%, 0, 0, 3, 24.88, 5624, 1625856
1604700972, 0, 343, 1469, 1437, 143, 8.58%, 0, 0, 3, 22.13, 5624, 1626441
1604700977, 0, 343, 1473, 1441, 143, 8.58%, 0, 0, 3, 26.41, 5624, 1626569
1604700982, 0, 343, 1476, 1444, 143, 8.58%, 0, 0, 3, 26.78, 5624, 1626711
1604700987, 0, 343, 1478, 1446, 143, 8.58%, 0, 0, 3, 26.56, 5624, 1626849
1604701003, 0, 343, 1480, 1448, 143, 8.58%, 0, 0, 3, 26.09, 5624, 1627310
1604701039, 0, 343, 1482, 1450, 143, 8.58%, 0, 0, 3, 54.75, 5624, 1628199
1604701064, 0, 343, 1485, 1453, 143, 8.58%, 0, 0, 3, 171.05, 5624, 1629815
1604701069, 0, 343, 1486, 1454, 143, 8.58%, 0, 0, 3, 33.11, 5624, 1629977
1604701074, 0, 343, 1487, 1455, 143, 8.58%, 0, 0, 3, 32.15, 5624, 1630154
1604701080, 0, 343, 1488, 1456, 143, 8.58%, 0, 0, 3, 43.80, 5624, 1630377
1604701100, 0, 343, 1490, 1458, 143, 8.58%, 0, 0, 3, 21.19, 5624, 1631013
1604701151, 0, 343, 1491, 1459, 143, 8.58%, 0, 0, 3, 26.47, 5624, 1633268
1604701156, 0, 343, 1495, 1463, 143, 8.58%, 0, 0, 3, 33.56, 5624, 1633441
1604701172, 0, 343, 1496, 1464, 143, 8.58%, 0, 0, 3, 33.23, 5624, 1634019
1604701182, 0, 343, 1497, 1465, 143, 8.58%, 0, 0, 3, 19.89, 5624, 1634851
1604701187, 0, 343, 1500, 1468, 143, 8.58%, 0, 0, 3, 74.67, 5624, 1635300
1604701239, 0, 343, 1501, 1469, 143, 8.58%, 0, 0, 3, 21.20, 5624, 1636917
1604701249, 0, 343, 1502, 1470, 143, 8.58%, 0, 0, 3, 20.77, 5624, 1637128
1604701259, 0, 343, 1503, 1471, 143, 8.58%, 0, 0, 3, 21.39, 5624, 1637341
1604701586, 0, 343, 1508, 1476, 143, 8.58%, 0, 0, 3, 106.90, 5624, 1646659
1604701596, 0, 343, 1509, 1477, 143, 8.58%, 0, 0, 3, 48.85, 5624, 1648824
1604701601, 0, 343, 1511, 1479, 143, 8.58%, 0, 0, 3, 52.99, 5624, 1651703
1604701617, 0, 343, 1512, 1480, 143, 8.58%, 0, 0, 3, 33.85, 5624, 1652737
1604701627, 0, 343, 1516, 1484, 143, 8.58%, 0, 0, 3, 25.15, 5624, 1653016
1604701632, 0, 343, 1519, 1487, 143, 8.58%, 0, 0, 3, 27.78, 5624, 1653163
1604701638, 0, 343, 1521, 1489, 143, 8.58%, 0, 0, 3, 292.79, 5624, 1653412
1604701658, 0, 343, 1522, 1490, 143, 8.58%, 0, 0, 3, 29.20, 5624, 1654192
1604701683, 0, 343, 1523, 1491, 143, 8.58%, 0, 0, 3, 33.41, 5624, 1655200
1604701750, 0, 343, 1524, 1492, 143, 8.58%, 0, 0, 3, 32.67, 5624, 1657923
1604701858, 0, 343, 1525, 1493, 143, 8.58%, 0, 0, 3, 27.57, 5624, 1685482
1604701883, 0, 343, 1526, 1494, 143, 8.58%, 0, 0, 3, 36.49, 5624, 1686597
1604701909, 0, 343, 1527, 1495, 143, 8.58%, 0, 0, 3, 31.25, 5624, 1687603
1604701914, 0, 343, 1528, 1496, 143, 8.58%, 0, 0, 3, 68.77, 5624, 1687996
1604701940, 0, 343, 1530, 1498, 143, 8.58%, 0, 0, 3, 54.37, 5624, 1692454
1604702011, 0, 343, 1534, 1502, 143, 8.58%, 0, 0, 3, 159.09, 5624, 1696393
1604702017, 0, 343, 1535, 1503, 143, 8.58%, 0, 0, 3, 119.67, 5624, 1696894
1604702042, 0, 343, 1537, 1505, 143, 8.58%, 0, 0, 3, 51.36, 5624, 1705672
1604702063, 0, 343, 1538, 1506, 143, 8.58%, 0, 0, 3, 82.37, 5624, 1707442
1604702073, 0, 343, 1539, 1507, 143, 8.58%, 0, 0, 3, 58.84, 5624, 1708262
1604702078, 0, 343, 1540, 1508, 143, 8.58%, 0, 0, 3, 37.50, 5624, 1708802
1604702093, 0, 343, 1541, 1509, 143, 8.58%, 0, 0, 3, 77.22, 5624, 1709991
1604702103, 0, 343, 1542, 1510, 143, 8.58%, 0, 0, 3, 24.90, 5624, 1710307
1604702185, 0, 343, 1545, 1513, 143, 8.58%, 0, 0, 3, 63.91, 5624, 1715831
1604702195, 0, 343, 1546, 1514, 143, 8.58%, 0, 0, 3, 19.78, 5624, 1716105
1604702200, 0, 343, 1547, 1515, 143, 8.58%, 0, 0, 3, 23.19, 5624, 1716228
1604702277, 0, 343, 1549, 1517, 143, 8.58%, 0, 0, 3, 984.44, 5624, 1720769
1604702292, 0, 343, 1550, 1518, 143, 8.58%, 0, 0, 3, 74.93, 5624, 1722711
1604702298, 0, 347, 1551, 1518, 137, 8.58%, 0, 0, 3, 1772.36, 5624, 1730841
1604702323, 0, 348, 1551, 1517, 136, 8.58%, 0, 0, 3, 2645.96, 5624, 1800023
1604702349, 0, 364, 1552, 1517, 135, 8.59%, 0, 0, 3, 2576.52, 5628, 1869138
1604702374, 0, 366, 1552, 1516, 135, 8.59%, 0, 0, 3, 2529.48, 5628, 1933582
1604702400, 0, 367, 1552, 1515, 134, 8.59%, 0, 0, 3, 2571.14, 5628, 1998937
1604702430, 0, 368, 1552, 1514, 133, 8.59%, 0, 0, 3, 2632.50, 5628, 2077218
1604702456, 0, 369, 1552, 1513, 132, 8.59%, 0, 0, 3, 2595.28, 5628, 2142788
1604702481, 0, 457, 1553, 1513, 131, 8.59%, 0, 0, 3, 52.66, 5628, 2204783
1604702491, 0, 457, 1554, 1514, 131, 8.59%, 0, 0, 3, 22.04, 5628, 2205060
1604702496, 0, 457, 1556, 1516, 131, 8.59%, 0, 0, 3, 21.50, 5628, 2205171
1604702573, 0, 457, 1557, 1517, 131, 8.59%, 0, 0, 3, 22.97, 5628, 2208217
1604702624, 0, 457, 1558, 1518, 131, 8.59%, 0, 0, 3, 98.94, 5628, 2209954
1604702629, 0, 457, 1559, 1519, 131, 8.59%, 0, 0, 3, 29.17, 5628, 2210584
1604702655, 0, 457, 1560, 1520, 131, 8.59%, 0, 0, 3, 20.40, 5628, 2211485
1604702711, 0, 457, 1561, 1521, 131, 8.59%, 0, 0, 3, 23.15, 5628, 2213887
1604702726, 0, 457, 1562, 1522, 131, 8.59%, 0, 0, 3, 39.86, 5628, 2214442
1604702742, 0, 457, 1563, 1523, 131, 8.59%, 0, 0, 3, 29.25, 5628, 2215201
1604702747, 0, 457, 1564, 1524, 131, 8.59%, 0, 0, 3, 45.23, 5628, 2215630
1604703130, 0, 457, 1565, 1525, 131, 8.59%, 0, 0, 3, 2412.08, 5628, 2228270
1604703136, 0, 457, 1569, 1529, 131, 8.59%, 0, 0, 3, 163.36, 5628, 2229130
1604703141, 0, 457, 1572, 1532, 131, 8.59%, 0, 0, 3, 30.04, 5628, 2229299
1604703146, 0, 457, 1576, 1536, 131, 8.59%, 0, 0, 3, 32.20, 5628, 2229485
1604703151, 0, 457, 1578, 1538, 131, 8.59%, 0, 0, 3, 55.04, 5628, 2232338
1604703248, 0, 457, 1579, 1539, 131, 8.59%, 0, 0, 3, 24.33, 5628, 2236244
1604703289, 0, 457, 1580, 1540, 131, 8.59%, 0, 0, 3, 36.82, 5628, 2237864
1604703387, 0, 457, 1581, 1541, 131, 8.59%, 0, 0, 3, 21.62, 5628, 2255511
1604703459, 0, 457, 1582, 1542, 131, 8.59%, 0, 0, 3, 81.93, 5628, 2268461
1604703561, 0, 457, 1583, 1543, 131, 8.59%, 0, 0, 3, 178.32, 5628, 2277291
1604703571, 0, 457, 1584, 1544, 131, 8.59%, 0, 0, 3, 71.11, 5628, 2279440
1604703587, 0, 457, 1585, 1545, 131, 8.59%, 0, 0, 3, 68.06, 5630, 2286159
1604703602, 0, 457, 1586, 1546, 131, 8.59%, 0, 0, 3, 61.62, 5630, 2286981
1604703608, 0, 457, 1587, 1547, 131, 8.59%, 0, 0, 3, 68.89, 5630, 2287370
1604703643, 0, 457, 1588, 1548, 131, 8.59%, 0, 0, 3, 31.68, 5630, 2290497
1604703741, 0, 457, 1589, 1549, 131, 8.59%, 0, 0, 3, 19.88, 5630, 2296577
1604703838, 0, 467, 1589, 1548, 135, 8.59%, 0, 0, 3, 37.31, 5630, 2303966
1604703904, 0, 467, 1590, 1549, 135, 8.59%, 0, 0, 3, 29.89, 5630, 2307034
1604703909, 0, 467, 1591, 1550, 135, 8.59%, 0, 0, 3, 34.01, 5630, 2307227
1604703935, 0, 467, 1592, 1551, 135, 8.59%, 0, 0, 3, 26.19, 5630, 2308002
1604703950, 0, 467, 1593, 1552, 135, 8.59%, 0, 0, 3, 769.23, 5630, 2309263
1604703981, 0, 467, 1594, 1553, 135, 8.59%, 0, 0, 3, 193.55, 5630, 2310661
1604704017, 0, 467, 1595, 1554, 135, 8.59%, 0, 0, 3, 1755.05, 5630, 2312301
1604704343, 0, 467, 1598, 1557, 135, 8.59%, 0, 0, 3, 33.54, 5630, 2327819
1604704419, 0, 467, 1599, 1558, 135, 8.59%, 0, 0, 3, 38.16, 5630, 2333766
1604704594, 0, 467, 1600, 1559, 135, 8.59%, 0, 0, 3, 29.61, 5630, 2364834
1604704752, 0, 467, 1601, 1560, 135, 8.59%, 0, 0, 3, 28.33, 5630, 2384814
1604704763, 0, 467, 1602, 1561, 135, 8.59%, 0, 0, 3, 43.46, 5630, 2385315
1604704885, 0, 467, 1603, 1562, 135, 8.59%, 0, 0, 3, 62.12, 5630, 2395375
1604704947, 0, 467, 1606, 1565, 135, 8.59%, 0, 0, 3, 130.25, 5630, 2400864
1604704962, 0, 570, 1607, 1565, 132, 8.59%, 0, 0, 3, 1893.12, 5630, 2411481
1604704998, 0, 571, 1607, 1564, 131, 8.59%, 0, 0, 3, 2558.27, 5630, 2505753
1604705034, 0, 572, 1607, 1563, 130, 8.59%, 0, 0, 3, 2553.08, 5630, 2600750
1604705074, 0, 608, 1608, 1563, 129, 8.59%, 0, 0, 3, 2663.67, 5632, 2709722
1604705080, 0, 608, 1610, 1565, 129, 8.59%, 0, 0, 3, 2721.14, 5632, 2723765
1604705085, 0, 608, 1611, 1566, 129, 8.59%, 0, 0, 3, 2884.79, 5632, 2738566
1604705095, 0, 608, 1615, 1570, 129, 8.59%, 0, 0, 3, 2856.15, 5632, 2767675
1604705100, 0, 608, 1616, 1571, 129, 8.59%, 0, 0, 3, 2745.36, 5632, 2782040
1604705105, 0, 625, 1619, 1573, 129, 8.59%, 0, 0, 3, 2744.70, 5632, 2795852
1604705136, 0, 630, 1620, 1573, 128, 8.59%, 0, 0, 3, 58.42, 5632, 2864524
1604705156, 0, 630, 1623, 1576, 128, 8.60%, 0, 0, 3, 52.41, 5638, 2865581
1604705161, 0, 630, 1630, 1583, 128, 8.69%, 0, 0, 3, 82.06, 5694, 2866240
1604705171, 0, 630, 1631, 1584, 128, 8.70%, 0, 0, 3, 62.31, 5699, 2867112
1604705176, 0, 630, 1632, 1585, 128, 8.70%, 0, 0, 3, 49.54, 5699, 2867413
1604705197, 0, 630, 1641, 1594, 128, 8.70%, 0, 0, 3, 50.73, 5701, 2868474
1604705202, 0, 630, 1645, 1598, 128, 8.71%, 0, 0, 3, 53.73, 5705, 2869505
1604705212, 0, 630, 1646, 1599, 128, 8.71%, 0, 0, 3, 68.82, 5705, 2870111
1604705237, 0, 630, 1652, 1605, 128, 8.71%, 0, 0, 3, 187.05, 5705, 2871822
1604705258, 0, 630, 1653, 1606, 128, 8.71%, 0, 0, 3, 111.46, 5706, 2874022
1604705386, 0, 630, 1657, 1610, 128, 8.71%, 0, 0, 3, 160.53, 5706, 2881001
1604705391, 0, 630, 1672, 1625, 128, 8.71%, 0, 0, 3, 46.03, 5706, 2881242
1604705396, 0, 630, 1677, 1630, 128, 8.74%, 0, 0, 3, 49.70, 5726, 2881595
1604705550, 0, 630, 1678, 1631, 128, 8.74%, 0, 0, 3, 68.57, 5726, 2927077
1604705642, 0, 650, 1678, 1630, 136, 8.74%, 0, 0, 3, 60.93, 5726, 2937165
1604705688, 0, 650, 1679, 1631, 136, 8.74%, 0, 0, 3, 34.09, 5726, 2939570
1604705703, 0, 650, 1680, 1632, 136, 8.74%, 0, 0, 3, 35.31, 5726, 2940163
1604705754, 0, 650, 1681, 1633, 136, 8.74%, 0, 0, 3, 39.28, 5726, 2942842
1604705785, 0, 650, 1682, 1634, 136, 8.74%, 0, 0, 3, 23.93, 5726, 2944058
1604705816, 0, 650, 1684, 1636, 136, 8.74%, 0, 0, 3, 120.56, 5726, 2945585
1604705847, 0, 650, 1685, 1637, 136, 8.74%, 0, 0, 3, 66.29, 5726, 2947868
1604706149, 0, 650, 1687, 1639, 136, 8.74%, 0, 0, 3, 537.23, 5726, 2961265
1604706169, 0, 650, 1688, 1640, 136, 8.74%, 0, 0, 3, 38.66, 5726, 2965426
1604706225, 0, 650, 1689, 1641, 136, 8.74%, 0, 0, 3, 47.87, 5726, 2968079
1604706358, 0, 650, 1690, 1642, 136, 8.74%, 0, 0, 3, 69.15, 5728, 2998087
1604706369, 0, 650, 1691, 1643, 136, 8.74%, 0, 0, 3, 35.89, 5728, 2998395
1604706405, 0, 650, 1693, 1645, 136, 8.74%, 0, 0, 3, 52.37, 5728, 3000543
1604706415, 0, 650, 1694, 1646, 136, 8.74%, 0, 0, 3, 41.29, 5728, 3001659
1604706461, 0, 650, 1695, 1647, 136, 8.74%, 0, 0, 3, 55.87, 5728, 3007420
1604706491, 0, 650, 1696, 1648, 136, 8.74%, 0, 0, 3, 70.31, 5728, 3009253
1604706635, 0, 650, 1697, 1649, 136, 8.74%, 0, 0, 3, 399.22, 5728, 3028176
1604706656, 0, 650, 1698, 1650, 136, 8.74%, 0, 0, 3, 24.80, 5728, 3029006
1604706722, 0, 650, 1700, 1652, 136, 8.74%, 0, 0, 3, 638.36, 5729, 3035904
1604706727, 0, 669, 1700, 1651, 137, 8.74%, 0, 0, 3, 33.01, 5729, 3036730
1604706732, 0, 669, 1701, 1652, 137, 8.74%, 0, 0, 3, 22.26, 5729, 3036882
1604706778, 0, 669, 1702, 1653, 137, 8.74%, 0, 0, 3, 87.17, 5729, 3038547
1604706942, 0, 669, 1703, 1654, 137, 8.74%, 0, 0, 3, 24.55, 5729, 3045717
1604707329, 0, 669, 1704, 1655, 137, 8.74%, 0, 0, 3, 50.07, 5729, 3060520
1604707334, 0, 669, 1707, 1658, 137, 8.74%, 0, 0, 3, 70.05, 5729, 3061005
1604707565, 0, 669, 1708, 1659, 137, 8.74%, 0, 0, 3, 42.62, 5729, 3086818
1604707901, 0, 669, 1709, 1660, 137, 8.74%, 0, 0, 3, 69.46, 5729, 3127384
1604707907, 0, 669, 1710, 1661, 137, 8.74%, 0, 0, 3, 22.63, 5729, 3127950
1604708003, 0, 669, 1711, 1662, 137, 8.74%, 0, 0, 3, 561.95, 5729, 3134945
1604708008, 0, 675, 1711, 1661, 137, 8.74%, 0, 0, 3, 37.03, 5729, 3135655
1604708141, 0, 675, 1712, 1662, 137, 8.74%, 0, 0, 3, 80.00, 5729, 3141180
1604708218, 0, 675, 1713, 1663, 137, 8.74%, 0, 0, 3, 27.87, 5729, 3144658
1604708238, 0, 675, 1714, 1664, 137, 8.74%, 0, 0, 3, 42.30, 5729, 3145490
1604708243, 0, 675, 1715, 1665, 137, 8.74%, 0, 0, 3, 35.95, 5729, 3145899
1604708961, 0, 675, 1716, 1666, 137, 8.74%, 0, 0, 3, 58.49, 5729, 3205835
1604709248, 0, 689, 1718, 1667, 137, 8.74%, 0, 0, 3, 1552.60, 5729, 3238799
1604709289, 0, 690, 1718, 1666, 136, 8.74%, 0, 0, 3, 2488.11, 5729, 3347007
1604709325, 0, 694, 1718, 1665, 135, 8.74%, 0, 0, 3, 29.15, 5729, 3433587
1604709447, 0, 694, 1719, 1666, 135, 8.74%, 0, 0, 3, 21.30, 5729, 3437675
1604709988, 0, 694, 1720, 1667, 135, 8.74%, 0, 0, 3, 58.92, 5729, 3457921
1604710035, 0, 694, 1721, 1668, 135, 8.74%, 0, 0, 3, 29.04, 5729, 3462641
1604710055, 0, 694, 1722, 1669, 135, 8.74%, 0, 0, 3, 39.38, 5729, 3463302
1604710256, 0, 694, 1723, 1670, 135, 8.74%, 0, 0, 3, 22.66, 5729, 3494880
1604710686, 0, 718, 1723, 1669, 135, 8.74%, 0, 0, 3, 1904.44, 5729, 3537806
1604710691, 0, 718, 1724, 1670, 135, 8.74%, 0, 0, 3, 2827.20, 5729, 3553651
1604710701, 0, 720, 1724, 1669, 135, 8.74%, 0, 0, 3, 2843.36, 5729, 3583922
1604710716, 0, 721, 1724, 1668, 134, 8.74%, 0, 0, 3, 2646.75, 5729, 3626671
1604710747, 0, 735, 1724, 1667, 133, 8.74%, 0, 0, 3, 2587.63, 5729, 3704516
1604710757, 0, 735, 1725, 1668, 133, 8.74%, 0, 0, 3, 2714.32, 5729, 3732361
1604710767, 0, 735, 1726, 1669, 133, 8.74%, 0, 0, 3, 2636.07, 5730, 3759854
1604710772, 0, 741, 1726, 1668, 132, 8.74%, 0, 0, 3, 25.28, 5730, 3764758
1604710828, 0, 741, 1728, 1670, 132, 8.74%, 0, 0, 3, 62.92, 5730, 3767010
1604710849, 0, 741, 1729, 1671, 132, 8.74%, 0, 0, 3, 33.27, 5730, 3767718
1604710916, 0, 741, 1730, 1672, 132, 8.74%, 0, 0, 3, 27.64, 5730, 3770432
1604710998, 0, 741, 1731, 1673, 132, 8.74%, 0, 0, 3, 22.54, 5730, 3773766
1604711243, 0, 741, 1733, 1675, 132, 8.74%, 0, 0, 3, 21.30, 5730, 3780841
1604711418, 0, 741, 1734, 1676, 132, 8.74%, 0, 0, 3, 368.97, 5730, 3788965
1604711423, 0, 741, 1735, 1677, 132, 8.74%, 0, 0, 3, 48.86, 5730, 3789200
1604711474, 0, 741, 1736, 1678, 132, 8.74%, 0, 0, 3, 25.80, 5730, 3794020
1604711592, 0, 741, 1737, 1679, 132, 8.74%, 0, 0, 3, 166.58, 5730, 3798742
1604712107, 0, 741, 1738, 1680, 132, 8.74%, 0, 0, 3, 37.94, 5730, 3862667
1604712112, 0, 746, 1738, 1679, 132, 8.74%, 0, 0, 3, 808.22, 5730, 3863502
1604712265, 0, 746, 1739, 1680, 132, 8.74%, 0, 0, 3, 31.19, 5730, 3869457
1604712759, 0, 746, 1740, 1681, 132, 8.74%, 0, 0, 3, 42.25, 5730, 3887411
1604712764, 0, 746, 1742, 1683, 132, 8.74%, 0, 0, 3, 51.82, 5730, 3887889
1604712774, 0, 746, 1743, 1684, 132, 8.74%, 0, 0, 3, 61.05, 5730, 3890971
1604712805, 0, 746, 1744, 1685, 132, 8.74%, 0, 0, 3, 23.98, 5730, 3892394
1604713086, 0, 746, 1745, 1686, 132, 8.74%, 0, 0, 3, 77.02, 5730, 3927167
1604713356, 0, 746, 1746, 1687, 132, 8.74%, 0, 0, 3, 21.74, 5730, 3954852
1604713366, 0, 746, 1747, 1688, 132, 8.74%, 0, 0, 3, 20.15, 5730, 3955142
1604713376, 0, 746, 1748, 1689, 132, 8.74%, 0, 0, 3, 23.07, 5730, 3955373
1604713407, 0, 746, 1749, 1690, 132, 8.74%, 0, 0, 3, 22.70, 5730, 3956182
1604713442, 0, 746, 1750, 1691, 132, 8.74%, 0, 0, 3, 165.85, 5730, 3960379
1604713463, 0, 767, 1751, 1691, 133, 8.75%, 0, 0, 3, 37.93, 5732, 3963109
1604713468, 0, 767, 1752, 1692, 133, 8.75%, 0, 0, 3, 24.17, 5732, 3963275
1604713509, 0, 767, 1753, 1693, 133, 8.75%, 0, 0, 3, 21.47, 5732, 3964398
1604713514, 0, 767, 1755, 1695, 133, 8.75%, 0, 0, 3, 30.05, 5732, 3965469
1604713600, 0, 767, 1756, 1696, 133, 8.75%, 0, 0, 3, 35.80, 5732, 3969056
1604713626, 0, 767, 1757, 1697, 133, 8.75%, 0, 0, 3, 24.28, 5732, 3969954
1604713667, 0, 767, 1758, 1698, 133, 8.75%, 0, 0, 3, 1616.38, 5732, 3971967
1604714044, 0, 767, 1760, 1700, 133, 8.75%, 0, 0, 3, 76.08, 5732, 3986949
1604714263, 0, 767, 1761, 1701, 133, 8.75%, 0, 0, 3, 16.60, 5732, 4008799
1604714268, 0, 767, 1762, 1702, 133, 8.75%, 0, 0, 3, 44.44, 5732, 4011973
1604714524, 0, 767, 1763, 1703, 133, 8.75%, 0, 0, 3, 43.61, 5732, 4046716
1604714529, 0, 767, 1764, 1704, 133, 8.75%, 0, 0, 3, 53.68, 5732, 4047026
1604714565, 0, 767, 1765, 1705, 133, 8.75%, 0, 0, 3, 24.29, 5732, 4048653
1604714657, 0, 767, 1766, 1706, 133, 8.75%, 0, 0, 3, 25.52, 5732, 4054800
1604714739, 0, 816, 1766, 1705, 133, 8.75%, 0, 0, 3, 85.02, 5732, 4062004
1604714800, 0, 816, 1767, 1706, 133, 8.75%, 0, 0, 3, 37.76, 5732, 4065027
1604715228, 0, 816, 1768, 1707, 133, 8.75%, 0, 0, 3, 87.82, 5732, 4086382
1604715633, 0, 816, 1769, 1708, 133, 8.75%, 0, 0, 3, 30.26, 5732, 4145365
1604715669, 0, 816, 1770, 1709, 133, 8.75%, 0, 0, 3, 21.81, 5732, 4147951
1604715801, 0, 816, 1772, 1711, 133, 8.75%, 0, 0, 3, 807.15, 5733, 4161577
1604715806, 0, 823, 1772, 1710, 131, 8.75%, 0, 0, 3, 2320.42, 5733, 4174822
1604715817, 0, 824, 1772, 1709, 129, 8.75%, 0, 0, 3, 43.48, 5733, 4203633
1604716426, 0, 824, 1773, 1710, 129, 8.75%, 0, 0, 3, 547.14, 5733, 4227798
1604716441, 0, 824, 1774, 1711, 129, 8.75%, 0, 0, 3, 53.47, 5733, 4231740
1604716671, 0, 824, 1775, 1712, 129, 8.75%, 0, 0, 3, 58.44, 5734, 4264667
1604717069, 0, 858, 1784, 1720, 129, 8.75%, 0, 0, 3, 1338.59, 5734, 4305959
1604717074, 0, 858, 1793, 1729, 129, 8.77%, 0, 0, 3, 1961.75, 5746, 4317150
1604717079, 0, 858, 1805, 1741, 129, 8.79%, 0, 0, 3, 2269.39, 5763, 4328314
1604717090, 0, 858, 1806, 1742, 129, 8.79%, 0, 0, 3, 2498.10, 5763, 4353738
1604717110, 0, 860, 1807, 1742, 135, 8.79%, 0, 0, 3, 2387.01, 5763, 4404717
1604717115, 0, 860, 1809, 1744, 135, 8.80%, 0, 0, 3, 2216.98, 5764, 4415780
1604717120, 0, 860, 1820, 1755, 135, 8.80%, 0, 0, 3, 2246.54, 5764, 4426560
1604717150, 0, 865, 1828, 1762, 134, 8.80%, 0, 0, 3, 2424.39, 5764, 4503976
1604717156, 0, 865, 1831, 1765, 134, 8.80%, 0, 0, 3, 2272.97, 5764, 4515668
1604717161, 0, 865, 1840, 1774, 134, 8.80%, 0, 0, 3, 2381.50, 5767, 4527464
1604717166, 0, 865, 1842, 1776, 134, 8.80%, 0, 0, 3, 2443.36, 5767, 4539173
1604717186, 0, 865, 1843, 1777, 134, 8.80%, 0, 0, 3, 2395.65, 5767, 4591680
1604717191, 0, 868, 1843, 1776, 134, 8.80%, 0, 0, 3, 2489.22, 5767, 4604322
1604717227, 0, 871, 1844, 1776, 133, 8.80%, 0, 0, 3, 2761.49, 5767, 4701569
1604717242, 0, 872, 1844, 1775, 132, 8.80%, 0, 0, 3, 2824.13, 5767, 4745978
1604717257, 0, 892, 1844, 1774, 131, 8.80%, 0, 0, 3, 33.50, 5767, 4781099
1604717334, 0, 892, 1845, 1775, 131, 8.80%, 0, 0, 3, 18.90, 5767, 4784525
1604717375, 0, 892, 1846, 1776, 131, 8.80%, 0, 0, 3, 79.30, 5767, 4786647
1604717410, 0, 892, 1847, 1777, 131, 8.80%, 0, 0, 3, 22.44, 5767, 4787971
1604717446, 0, 892, 1848, 1778, 131, 8.80%, 0, 0, 3, 28.86, 5767, 4790088
1604717522, 0, 892, 1849, 1779, 131, 8.80%, 0, 0, 3, 20.58, 5767, 4793739
1604717538, 0, 892, 1850, 1780, 131, 8.80%, 0, 0, 3, 22.16, 5767, 4794084
1604717788, 0, 892, 1852, 1782, 131, 8.80%, 0, 0, 3, 366.89, 5767, 4805289
1604717808, 0, 892, 1853, 1783, 131, 8.80%, 0, 0, 3, 39.45, 5767, 4809297
1604717854, 0, 892, 1854, 1784, 131, 8.80%, 0, 0, 3, 34.69, 5767, 4810742
1604717992, 0, 892, 1856, 1786, 131, 8.80%, 0, 0, 3, 37.08, 5767, 4826874
1604718207, 0, 892, 1857, 1787, 131, 8.80%, 0, 0, 3, 48.15, 5767, 4862281
1604718212, 0, 892, 1858, 1788, 131, 8.80%, 0, 0, 3, 40.95, 5767, 4862474
1604718243, 0, 892, 1859, 1789, 131, 8.80%, 0, 0, 3, 41.39, 5767, 4864806
1604718248, 0, 892, 1860, 1790, 131, 8.80%, 0, 0, 3, 32.14, 5767, 4865349
1604718411, 0, 892, 1861, 1791, 131, 8.80%, 0, 0, 3, 116.63, 5767, 4878096
1604718427, 0, 918, 1862, 1791, 130, 8.80%, 0, 0, 3, 98.99, 5767, 4881060
1604718585, 0, 918, 1863, 1792, 130, 8.80%, 0, 0, 3, 29.35, 5769, 4886996
1604718667, 0, 918, 1864, 1793, 130, 8.80%, 0, 0, 3, 37.75, 5769, 4890228
1604718769, 0, 918, 1865, 1794, 130, 8.80%, 0, 0, 3, 20.61, 5769, 4894072
1604718922, 0, 918, 1866, 1795, 130, 8.80%, 0, 0, 3, 654.25, 5769, 4897474
1604719100, 0, 918, 1867, 1796, 130, 8.80%, 0, 0, 3, 62.27, 5769, 4905001
1604719161, 0, 918, 1868, 1797, 130, 8.81%, 0, 0, 3, 27.73, 5771, 4910310
1604719376, 0, 918, 1869, 1798, 130, 8.81%, 0, 0, 3, 25.26, 5771, 4942127
1604719432, 0, 918, 1870, 1799, 130, 8.81%, 0, 0, 3, 90.53, 5771, 4944588
1604719442, 0, 918, 1871, 1800, 130, 8.81%, 0, 0, 3, 58.54, 5771, 4945587
1604719825, 0, 923, 1871, 1799, 130, 8.81%, 0, 0, 3, 28.50, 5771, 4980006
1604719911, 0, 923, 1872, 1800, 130, 8.81%, 0, 0, 3, 24.50, 5771, 4983728
1604719947, 0, 923, 1873, 1801, 130, 8.81%, 0, 0, 3, 42.31, 5771, 4985920
1604719978, 0, 923, 1874, 1802, 130, 8.81%, 0, 0, 3, 25.22, 5771, 4987026
1604720213, 0, 923, 1875, 1803, 130, 8.81%, 0, 0, 3, 24.75, 5771, 4996308
1604720366, 0, 923, 1876, 1804, 130, 8.81%, 0, 0, 3, 76.07, 5771, 5007304
1604720554, 0, 923, 1877, 1805, 130, 8.81%, 0, 0, 3, 69.56, 5771, 5040859
1604720902, 0, 934, 1877, 1804, 131, 8.81%, 0, 0, 3, 51.49, 5771, 5078880
1604720933, 0, 934, 1878, 1805, 131, 8.81%, 0, 0, 3, 23.88, 5771, 5079701
1604721465, 0, 934, 1879, 1806, 131, 8.81%, 0, 0, 3, 26.93, 5773, 5103173
1604721768, 0, 934, 1880, 1807, 131, 8.81%, 0, 0, 3, 80.68, 5773, 5148239
1604721820, 0, 934, 1881, 1808, 131, 8.81%, 0, 0, 3, 153.97, 5773, 5153002
1604722040, 0, 935, 1881, 1807, 131, 8.81%, 0, 0, 3, 27.12, 5773, 5177739
1604722235, 0, 935, 1883, 1809, 131, 8.81%, 0, 0, 3, 29.75, 5776, 5186763
1604722605, 0, 935, 1884, 1810, 131, 8.81%, 0, 0, 3, 66.29, 5776, 5202187
1604722621, 0, 935, 1886, 1812, 131, 8.81%, 0, 0, 3, 34.63, 5776, 5205970
1604722857, 0, 935, 1887, 1813, 131, 8.81%, 0, 0, 3, 105.22, 5776, 5240872
1604723174, 0, 973, 1887, 1812, 131, 8.81%, 0, 0, 3, 1193.83, 5776, 5278286
1604723184, 0, 973, 1888, 1813, 131, 8.81%, 0, 0, 3, 2718.95, 5776, 5306382
1604723205, 0, 1004, 1888, 1812, 130, 8.81%, 0, 0, 3, 2602.07, 5776, 5358775
1604723245, 0, 1022, 1888, 1809, 127, 8.81%, 0, 0, 3, 2935.64, 5776, 5467238
1604723250, 0, 1030, 1888, 1808, 125, 8.81%, 0, 0, 3, 3041.54, 5776, 5482756
1604723281, 0, 1031, 1888, 1807, 124, 8.81%, 0, 0, 3, 2663.19, 5776, 5563830
1604723296, 0, 1031, 1889, 1808, 124, 8.81%, 0, 0, 3, 2713.31, 5776, 5603085
1604723307, 0, 1032, 1889, 1807, 123, 8.81%, 0, 0, 3, 2621.12, 5776, 5630820
1604723337, 0, 1033, 1889, 1806, 122, 8.81%, 0, 0, 3, 2569.09, 5776, 5709922
1604723363, 0, 1034, 1889, 1805, 121, 8.81%, 0, 0, 3, 2492.07, 5776, 5776376
1604723388, 0, 1034, 1890, 1806, 121, 8.81%, 0, 0, 3, 2635.04, 5776, 5843077
1604723393, 0, 1035, 1890, 1805, 120, 8.81%, 0, 0, 3, 2577.18, 5776, 5856007
1604723399, 0, 1035, 1891, 1806, 120, 8.81%, 0, 0, 3, 2562.94, 5776, 5869275
1604723424, 0, 1038, 1891, 1805, 120, 8.81%, 0, 0, 3, 2662.37, 5776, 5935910
1604723450, 0, 1051, 1891, 1804, 120, 8.81%, 0, 0, 3, 2844.00, 5776, 6003916
1604723455, 0, 1062, 1892, 1804, 119, 8.81%, 0, 0, 3, 2811.03, 5776, 6018454
1604723470, 0, 1065, 1892, 1803, 118, 8.81%, 0, 0, 3, 2763.97, 5776, 6063013
1604723496, 0, 1066, 1892, 1802, 117, 8.81%, 0, 0, 3, 2689.39, 5776, 6130129
1604723521, 0, 1067, 1892, 1801, 116, 8.81%, 0, 0, 3, 2588.66, 5776, 6196705
1604723552, 0, 1068, 1892, 1800, 115, 8.81%, 0, 0, 3, 2631.51, 5776, 6278057
1604723578, 0, 1069, 1893, 1800, 114, 8.81%, 0, 0, 3, 2635.27, 5776, 6346007
1604723608, 0, 1071, 1893, 1799, 113, 8.81%, 0, 0, 3, 2597.55, 5776, 6424754
1604723639, 0, 1072, 1893, 1798, 112, 8.81%, 0, 0, 3, 25.30, 5776, 6492699
1604723644, 0, 1072, 1894, 1799, 112, 8.81%, 0, 0, 3, 20.60, 5776, 6492850
1604723859, 0, 1072, 1895, 1800, 112, 8.81%, 0, 0, 3, 850.42, 5776, 6501526
1604724280, 0, 1072, 1896, 1801, 112, 8.81%, 0, 0, 3, 38.00, 5776, 6516503
1604724285, 0, 1072, 1898, 1803, 112, 8.81%, 0, 0, 3, 50.10, 5776, 6516999
1604724962, 0, 1096, 1899, 1803, 113, 8.81%, 0, 0, 3, 34.25, 5776, 6591816
1604725039, 0, 1096, 1900, 1804, 113, 8.81%, 0, 0, 3, 30.51, 5776, 6595053
1604725115, 0, 1096, 1901, 1805, 113, 8.81%, 0, 0, 3, 28.46, 5776, 6598416
1604725187, 0, 1096, 1902, 1806, 113, 8.81%, 0, 0, 3, 26.67, 5776, 6601715
1604725765, 0, 1096, 1903, 1807, 113, 8.81%, 0, 0, 3, 32.96, 5776, 6641945
1604725908, 0, 1096, 1904, 1808, 113, 8.81%, 0, 0, 3, 25.63, 5776, 6662714
1604725954, 0, 1096, 1905, 1809, 113, 8.81%, 0, 0, 3, 57.42, 5776, 6672730
1604726093, 0, 1096, 1906, 1810, 113, 8.81%, 0, 0, 3, 533.39, 5776, 6682857
1604726184, 0, 1101, 1906, 1809, 112, 8.81%, 0, 0, 3, 760.33, 5776, 6690706
1604726195, 0, 1101, 1908, 1811, 112, 8.81%, 0, 0, 3, 22.97, 5776, 6691101
1604726220, 0, 1101, 1911, 1814, 112, 8.81%, 0, 0, 3, 21.40, 5776, 6691693
1604726246, 0, 1101, 1914, 1817, 112, 8.81%, 0, 0, 3, 314.09, 5776, 6693304
1604726256, 0, 1101, 1915, 1818, 112, 8.81%, 0, 0, 3, 28.21, 5776, 6693586
1604726307, 0, 1101, 1916, 1819, 112, 8.81%, 0, 0, 3, 22.43, 5776, 6695017
1604726333, 0, 1101, 1917, 1820, 112, 8.81%, 0, 0, 3, 25.68, 5776, 6696658
1604726343, 0, 1101, 1918, 1821, 112, 8.81%, 0, 0, 3, 31.56, 5776, 6696985
1604726506, 0, 1101, 1919, 1822, 112, 8.81%, 0, 0, 3, 22.09, 5776, 6703853
1604726653, 0, 1101, 1920, 1823, 112, 8.81%, 0, 0, 3, 22.54, 5776, 6707337
1604726820, 0, 1101, 1921, 1824, 112, 8.81%, 0, 0, 3, 58.14, 5776, 6714892
1604727106, 0, 1101, 1922, 1825, 112, 8.81%, 0, 0, 3, 28.84, 5776, 6753352
1604727271, 0, 1101, 1923, 1826, 112, 8.81%, 0, 0, 3, 43.24, 5776, 6772812
1604727500, 0, 1104, 1923, 1825, 112, 8.81%, 0, 0, 3, 1871.93, 5776, 6796414
1604727516, 0, 1108, 1923, 1824, 111, 8.81%, 0, 0, 3, 2819.36, 5776, 6841581
1604727536, 0, 1109, 1924, 1824, 110, 8.81%, 0, 0, 3, 2738.43, 5776, 6899307
1604727562, 0, 1129, 1925, 1824, 109, 8.81%, 0, 0, 3, 42.89, 5776, 6961601
1604727639, 0, 1129, 1926, 1825, 109, 8.81%, 0, 0, 3, 27.74, 5776, 6964896
1604727701, 0, 1129, 1927, 1826, 109, 8.81%, 0, 0, 3, 37.67, 5776, 6967671
1604727716, 0, 1129, 1928, 1827, 109, 8.81%, 0, 0, 3, 35.23, 5776, 6968270
1604728132, 0, 1129, 1929, 1828, 109, 8.81%, 0, 0, 3, 48.94, 5776, 6986111
1604728582, 0, 1129, 1930, 1829, 109, 8.81%, 0, 0, 3, 33.56, 5776, 7047334
1604728752, 0, 1145, 1930, 1828, 108, 8.81%, 0, 0, 3, 2243.06, 5776, 7069993
1604728767, 0, 1148, 1930, 1827, 107, 8.81%, 0, 0, 3, 85.54, 5776, 7101969
1604728793, 0, 1148, 1932, 1829, 107, 8.81%, 0, 0, 3, 83.80, 5776, 7103511
1604728859, 0, 1148, 1933, 1830, 107, 8.81%, 0, 0, 3, 53.90, 5776, 7108216
1604729093, 0, 1148, 1934, 1831, 107, 8.81%, 0, 0, 3, 55.44, 5776, 7146289
1604729175, 0, 1150, 1935, 1831, 106, 8.81%, 0, 0, 3, 74.74, 5776, 7153239
1604729200, 0, 1150, 1936, 1832, 106, 8.81%, 0, 0, 3, 80.54, 5776, 7154907
1604729251, 0, 1150, 1937, 1833, 106, 8.82%, 0, 0, 3, 61.65, 5781, 7158652
1604729302, 0, 1150, 1938, 1834, 106, 8.82%, 0, 0, 3, 62.24, 5781, 7163113
1604729500, 0, 1150, 1939, 1835, 106, 8.83%, 0, 0, 3, 49.58, 5785, 7191172
1604729683, 0, 1161, 1939, 1834, 107, 8.83%, 0, 0, 3, 1790.26, 5785, 7230818
1604729718, 0, 1170, 1939, 1833, 106, 8.83%, 0, 0, 3, 2515.41, 5785, 7324104
1604729913, 0, 1170, 1940, 1834, 106, 8.83%, 0, 0, 3, 27.60, 5785, 7333437
1604730320, 0, 1170, 1941, 1835, 106, 8.83%, 0, 0, 3, 33.00, 5785, 7354073
1604730592, 0, 1170, 1942, 1836, 106, 8.83%, 0, 0, 3, 48.17, 5785, 7393113
1604730678, 0, 1170, 1943, 1837, 106, 8.83%, 0, 0, 3, 45.56, 5785, 7406032
1604730841, 0, 1170, 1944, 1838, 106, 8.83%, 0, 0, 3, 21.79, 5785, 7417241
1604730887, 0, 1170, 1946, 1840, 106, 8.83%, 0, 0, 3, 793.38, 5785, 7424873
1604730892, 0, 1181, 1947, 1840, 106, 8.83%, 0, 0, 3, 34.33, 5785, 7426272
1604731179, 0, 1181, 1948, 1841, 106, 8.83%, 0, 0, 3, 19.64, 5785, 7437610
1604731589, 0, 1181, 1949, 1842, 106, 8.83%, 0, 0, 3, 100.43, 5785, 7450595
1604731686, 0, 1181, 1950, 1843, 106, 8.83%, 0, 0, 3, 33.49, 5785, 7457146
1604731866, 0, 1181, 1951, 1844, 106, 8.83%, 0, 0, 3, 33.39, 5787, 7476866
1604732025, 0, 1181, 1952, 1845, 106, 8.83%, 0, 0, 3, 26.50, 5787, 7497150
1604732183, 0, 1181, 1953, 1846, 106, 8.83%, 0, 0, 3, 146.12, 5787, 7512579
1604732275, 0, 1181, 1956, 1849, 106, 8.83%, 0, 0, 3, 28.57, 5790, 7518147
1604732393, 0, 1181, 1958, 1851, 106, 8.83%, 0, 0, 3, 858.93, 5790, 7525964
1604732398, 0, 1182, 1958, 1850, 109, 8.83%, 0, 0, 3, 2227.45, 5790, 7535665
1604732429, 0, 1182, 1959, 1851, 109, 8.83%, 0, 0, 3, 2873.26, 5790, 7596543
1604732445, 0, 1184, 1960, 1851, 109, 8.83%, 0, 0, 3, 2170.61, 5790, 7628961
1604732496, 0, 1192, 1960, 1850, 108, 8.83%, 0, 0, 3, 3105.61, 5790, 7733476
1604732501, 0, 1203, 1960, 1849, 107, 8.83%, 0, 0, 3, 3039.35, 5790, 7748883
1604732516, 0, 1203, 1961, 1850, 107, 8.83%, 0, 0, 3, 2749.41, 5790, 7791633
1604732521, 0, 1206, 1962, 1850, 107, 8.83%, 0, 0, 3, 2999.40, 5790, 7807086
1604732526, 0, 1214, 1964, 1851, 108, 8.83%, 0, 0, 3, 3048.90, 5790, 7822862
1604732542, 0, 1217, 1964, 1850, 108, 8.83%, 0, 0, 3, 2769.84, 5790, 7865658
1604732562, 0, 1225, 1965, 1849, 106, 8.83%, 0, 0, 3, 2985.78, 5790, 7919383
1604732572, 0, 1235, 1965, 1847, 105, 8.83%, 0, 0, 3, 2913.23, 5790, 7949607
1604732583, 0, 1239, 1969, 1850, 104, 8.84%, 0, 0, 3, 2898.44, 5795, 7980337
1604732593, 0, 1242, 1970, 1850, 103, 8.84%, 0, 0, 3, 2820.86, 5795, 8006489
1604732603, 0, 1243, 1972, 1851, 103, 8.85%, 0, 0, 3, 2784.79, 5797, 8032165
1604732613, 0, 1248, 1972, 1850, 103, 8.85%, 0, 0, 3, 2843.86, 5797, 8057769
1604732625, 0, 1252, 1973, 1850, 102, 8.85%, 0, 0, 3, 235.38, 5797, 8083125
1604732650, 0, 1252, 1974, 1851, 102, 8.85%, 0, 0, 3, 64.90, 5797, 8085034
1604732798, 0, 1252, 1975, 1852, 102, 8.85%, 0, 0, 3, 143.82, 5797, 8107955
1604732839, 0, 1254, 1975, 1851, 102, 8.85%, 0, 0, 3, 2366.94, 5797, 8124171
1604732849, 0, 1255, 1979, 1854, 101, 8.85%, 0, 0, 3, 2847.70, 5797, 8153591
1604732854, 0, 1255, 1980, 1855, 101, 8.85%, 0, 0, 3, 2762.06, 5797, 8164855
1604732859, 0, 1260, 1988, 1862, 102, 8.85%, 0, 0, 3, 2867.59, 5797, 8179245
1604732864, 0, 1260, 1989, 1863, 102, 8.85%, 0, 0, 3, 3015.97, 5797, 8191283
1604732869, 0, 1262, 1989, 1862, 101, 8.85%, 0, 0, 3, 2775.49, 5797, 8204938
1604732875, 0, 1262, 1990, 1863, 101, 8.85%, 0, 0, 3, 2984.68, 5797, 8216311
1604732880, 0, 1264, 1991, 1863, 102, 8.85%, 0, 0, 3, 3048.52, 5797, 8231489
1604732885, 0, 1265, 1993, 1864, 101, 8.85%, 0, 0, 3, 2931.51, 5797, 8246164
1604732895, 0, 1267, 1995, 1865, 102, 8.85%, 0, 0, 3, 3168.40, 5797, 8277166
1604732900, 0, 1273, 1995, 1863, 100, 8.85%, 0, 0, 3, 3196.85, 5797, 8294010
1604732905, 0, 1275, 1998, 1865, 99, 8.85%, 0, 0, 3, 205.88, 5797, 8306112
1604732936, 0, 1275, 1999, 1866, 99, 8.85%, 0, 0, 4, 56.28, 5797, 8308392
1604733414, 0, 1276, 1999, 1865, 99, 8.85%, 0, 0, 4, 47.24, 5797, 8378563
1604733439, 0, 1276, 2000, 1866, 99, 8.85%, 0, 0, 4, 80.98, 5797, 8380243
1604733919, 0, 1286, 2000, 1865, 98, 8.85%, 0, 0, 4, 78.29, 5797, 8450817
1604733960, 0, 1286, 2001, 1866, 98, 8.85%, 0, 0, 4, 59.43, 5797, 8452481
1604734302, 0, 1286, 2002, 1867, 98, 8.85%, 0, 0, 4, 22.49, 5797, 8467800
1604734689, 0, 1286, 2003, 1868, 98, 8.85%, 0, 0, 4, 33.99, 5797, 8503532
1604734837, 0, 1286, 2004, 1869, 98, 8.85%, 0, 0, 4, 42.40, 5797, 8524663
1604734903, 0, 1286, 2005, 1870, 98, 8.85%, 0, 0, 4, 79.71, 5797, 8536107
1604735026, 0, 1286, 2006, 1871, 98, 8.85%, 0, 0, 4, 139.93, 5797, 8546149
1604735113, 0, 1292, 2006, 1870, 97, 8.85%, 0, 0, 4, 2332.12, 5797, 8565655
1604735118, 0, 1296, 2008, 1871, 97, 8.86%, 0, 0, 4, 2482.65, 5808, 8578441
1604735138, 0, 1296, 2009, 1872, 97, 8.86%, 0, 0, 4, 2784.34, 5808, 8634063
1604735143, 0, 1325, 2009, 1871, 96, 8.86%, 0, 0, 4, 2855.41, 5808, 8648711
1604735169, 0, 1327, 2009, 1870, 95, 8.86%, 0, 0, 4, 2851.63, 5808, 8723426
1604735194, 0, 1331, 2009, 1869, 94, 8.86%, 0, 0, 4, 2757.31, 5808, 8792906
1604735209, 0, 1331, 2010, 1870, 94, 8.86%, 0, 0, 4, 2738.57, 5809, 8836106
1604735214, 0, 1332, 2010, 1869, 94, 8.86%, 0, 0, 4, 2724.73, 5809, 8849700
1604735230, 0, 1332, 2011, 1870, 94, 8.87%, 0, 0, 4, 2798.06, 5811, 8893504
1604735235, 0, 1333, 2012, 1870, 94, 8.87%, 0, 0, 4, 2773.71, 5811, 8907799
1604735250, 0, 1334, 2012, 1869, 93, 8.87%, 0, 0, 4, 2803.66, 5811, 8951348
1604735271, 0, 1335, 2013, 1869, 92, 8.87%, 0, 0, 4, 2772.46, 5811, 9009426
1604735291, 0, 1367, 2014, 1869, 91, 8.87%, 0, 0, 4, 2426.81, 5811, 9065932
1604735296, 0, 1367, 2015, 1870, 91, 8.87%, 0, 0, 4, 2184.71, 5811, 9076758
1604735301, 0, 1367, 2019, 1874, 91, 8.87%, 0, 0, 4, 2423.76, 5811, 9088771
1604735332, 0, 1393, 2020, 1874, 91, 8.87%, 0, 0, 4, 25.71, 5811, 9157708
1604735337, 0, 1393, 2021, 1875, 91, 8.87%, 0, 0, 4, 22.30, 5811, 9157858
1604735342, 0, 1393, 2022, 1876, 91, 8.87%, 0, 0, 4, 21.90, 5811, 9157968
1604735393, 0, 1393, 2024, 1878, 91, 8.87%, 0, 0, 4, 27.33, 5811, 9160190
1604735398, 0, 1393, 2025, 1879, 91, 8.87%, 0, 0, 4, 28.99, 5811, 9160345
1604735408, 0, 1393, 2026, 1880, 91, 8.87%, 0, 0, 4, 32.47, 5811, 9160692
1604735490, 0, 1393, 2027, 1881, 91, 8.87%, 0, 0, 4, 38.24, 5811, 9163974
1604735505, 0, 1393, 2028, 1882, 91, 8.87%, 0, 0, 4, 17.87, 5811, 9164496
1604735587, 0, 1393, 2029, 1883, 91, 8.87%, 0, 0, 4, 52.75, 5811, 9168407
1604735638, 0, 1393, 2030, 1884, 91, 8.87%, 0, 0, 4, 22.14, 5811, 9170347
1604735969, 0, 1393, 2032, 1886, 91, 8.87%, 0, 0, 4, 109.14, 5811, 9181965
1604735979, 0, 1393, 2033, 1887, 91, 8.87%, 0, 0, 4, 35.50, 5811, 9185029
1604735989, 0, 1393, 2035, 1889, 91, 8.87%, 0, 0, 4, 35.41, 5811, 9185924
1604736015, 0, 1393, 2036, 1890, 91, 8.87%, 0, 0, 4, 41.21, 5811, 9186780
1604736036, 0, 1393, 2037, 1891, 91, 8.87%, 0, 0, 4, 38.35, 5811, 9187459
1604736071, 0, 1393, 2039, 1893, 91, 8.87%, 0, 0, 4, 180.00, 5811, 9188920
1604736184, 0, 1393, 2040, 1894, 91, 8.87%, 0, 0, 4, 77.73, 5811, 9206380
1604736225, 0, 1393, 2040, 1894, 91, 8.87%, 1, 0, 4, 68.70, 5811, 9218613
1604736230, 0, 1393, 2041, 1895, 91, 8.87%, 1, 0, 4, 35.16, 5811, 9218737
1604736240, 0, 1393, 2042, 1896, 91, 8.87%, 1, 0, 4, 21.95, 5811, 9218988
1604736281, 0, 1393, 2042, 1896, 91, 8.87%, 2, 0, 4, 87.67, 5811, 9221052
1604736317, 0, 1393, 2043, 1897, 91, 8.87%, 2, 0, 4, 49.72, 5811, 9226111
1604736322, 0, 1393, 2044, 1898, 91, 8.87%, 2, 0, 4, 50.12, 5811, 9226352
1604736348, 0, 1393, 2045, 1899, 91, 8.87%, 2, 0, 4, 53.32, 5811, 9228060
1604736379, 0, 1393, 2045, 1899, 91, 8.87%, 4, 0, 4, 125.64, 5811, 9229466
1604736594, 0, 1393, 2047, 1901, 91, 8.87%, 4, 0, 4, 21.80, 5811, 9250238
1604736650, 0, 1393, 2048, 1902, 91, 8.87%, 4, 0, 4, 179.14, 5811, 9256497
1604736655, 0, 1393, 2049, 1903, 91, 8.87%, 4, 0, 4, 43.16, 5811, 9256730
1604736661, 0, 1393, 2051, 1905, 91, 8.87%, 4, 0, 4, 121.78, 5811, 9257338
1604736666, 0, 1399, 2051, 1904, 92, 8.87%, 4, 0, 4, 40.13, 5811, 9258578
1604736671, 0, 1399, 2052, 1905, 92, 8.87%, 4, 0, 4, 20.21, 5811, 9258711
1604736676, 0, 1399, 2053, 1906, 92, 8.87%, 4, 0, 4, 19.30, 5811, 9258811
1604736743, 0, 1399, 2054, 1907, 92, 8.87%, 4, 0, 4, 26.70, 5811, 9261181
1604736855, 0, 1399, 2056, 1909, 92, 8.87%, 4, 0, 4, 27.18, 5811, 9264889
1604736861, 0, 1399, 2057, 1910, 92, 8.87%, 4, 0, 4, 30.11, 5811, 9265042
1604736937, 0, 1399, 2058, 1911, 92, 8.87%, 4, 0, 4, 33.84, 5811, 9267841
1604736953, 0, 1399, 2059, 1912, 92, 8.87%, 4, 0, 4, 29.69, 5811, 9268367
1604737421, 0, 1399, 2061, 1914, 92, 8.87%, 4, 0, 4, 132.67, 5811, 9282814
1604737595, 0, 1399, 2062, 1915, 92, 8.87%, 4, 0, 4, 26.25, 5811, 9292100
1604737678, 0, 1399, 2063, 1916, 92, 8.87%, 4, 0, 4, 31.86, 5811, 9308516
1604737893, 0, 1399, 2064, 1917, 92, 8.87%, 4, 0, 4, 50.58, 5811, 9332674
1604738195, 0, 1399, 2065, 1918, 92, 8.87%, 4, 0, 4, 76.57, 5811, 9357342
1604738206, 0, 1432, 2065, 1917, 92, 8.87%, 4, 0, 4, 61.29, 5811, 9358518
1604738216, 0, 1432, 2066, 1918, 92, 8.87%, 4, 0, 4, 22.10, 5811, 9358805
1604738369, 0, 1432, 2067, 1919, 92, 8.87%, 4, 0, 4, 34.02, 5811, 9365094
1604738462, 0, 1432, 2068, 1920, 92, 8.87%, 4, 0, 4, 22.58, 5811, 9369816
1604738827, 0, 1432, 2069, 1921, 92, 8.87%, 4, 0, 4, 54.50, 5811, 9382764
1604738832, 0, 1432, 2070, 1922, 92, 8.87%, 4, 0, 4, 54.53, 5811, 9383030
1604739095, 0, 1432, 2071, 1923, 92, 8.87%, 4, 0, 4, 22.09, 5811, 9420059
1604739233, 0, 1432, 2072, 1924, 92, 8.87%, 4, 0, 4, 146.61, 5812, 9431002
1604739484, 0, 1432, 2073, 1925, 92, 8.87%, 4, 0, 4, 34.96, 5814, 9456055
1604739499, 0, 1432, 2074, 1926, 92, 8.87%, 4, 0, 4, 68.47, 5814, 9457915
1604739504, 0, 1453, 2074, 1925, 93, 8.87%, 4, 0, 4, 68.63, 5814, 9458926
1604739571, 0, 1453, 2075, 1926, 93, 8.87%, 4, 0, 4, 27.15, 5814, 9461435
1604740635, 0, 1453, 2076, 1927, 93, 8.87%, 4, 0, 4, 81.34, 5814, 9531747
1604740926, 0, 1453, 2077, 1928, 93, 8.87%, 4, 0, 4, 94.87, 5814, 9558218
1604740931, 0, 1453, 2078, 1929, 93, 8.87%, 4, 0, 4, 59.88, 5814, 9558441
1604740936, 0, 1453, 2079, 1930, 93, 8.87%, 4, 0, 4, 780.82, 5814, 9559010
1604740941, 0, 1481, 2079, 1929, 92, 8.87%, 4, 0, 4, 47.34, 5814, 9559736
1604741079, 0, 1481, 2080, 1930, 92, 8.87%, 4, 0, 4, 30.30, 5814, 9566022
1604741150, 0, 1481, 2080, 1930, 92, 8.87%, 5, 0, 4, 32.21, 5814, 9569444
1604742086, 0, 1511, 2080, 1929, 91, 8.87%, 5, 0, 4, 20.86, 5814, 9659758
1604742091, 0, 1511, 2081, 1930, 91, 8.87%, 5, 0, 4, 178.86, 5814, 9659886
1604742152, 0, 1511, 2082, 1931, 91, 8.87%, 5, 0, 4, 855.81, 5814, 9661811
1604742162, 0, 1511, 2083, 1932, 91, 8.87%, 5, 0, 4, 30.79, 5814, 9662360
1604742177, 0, 1511, 2084, 1933, 91, 8.87%, 5, 0, 4, 25.26, 5814, 9662785
1604743134, 0, 1511, 2085, 1934, 91, 8.87%, 5, 0, 4, 19.22, 5814, 9721001
1604743611, 0, 1523, 2085, 1933, 91, 8.87%, 5, 0, 4, 58.78, 5814, 9759961
1604743652, 0, 1523, 2086, 1934, 91, 8.87%, 5, 0, 4, 475.91, 5814, 9762171
1604743724, 0, 1523, 2086, 1934, 91, 8.87%, 6, 0, 4, 40.89, 5814, 9765710
1604743729, 0, 1523, 2087, 1935, 91, 8.87%, 6, 0, 4, 36.68, 5814, 9765905
1604744098, 0, 1523, 2089, 1937, 91, 8.87%, 6, 0, 4, 22.73, 5814, 9782279
1604744134, 0, 1523, 2090, 1938, 91, 8.87%, 6, 0, 4, 31.88, 5814, 9788718
1604744139, 0, 1523, 2091, 1939, 91, 8.87%, 6, 0, 4, 54.30, 5814, 9789011
1604744626, 0, 1523, 2092, 1940, 91, 8.87%, 6, 0, 4, 19.89, 5814, 9851466
1604744708, 0, 1526, 2092, 1939, 90, 8.87%, 6, 0, 4, 60.75, 5814, 9860032
1604744718, 0, 1526, 2096, 1943, 90, 8.87%, 6, 0, 4, 21.71, 5814, 9860334
1604744754, 0, 1526, 2097, 1944, 90, 8.87%, 6, 0, 4, 308.42, 5814, 9861849
1604744759, 0, 1526, 2100, 1947, 90, 8.87%, 6, 0, 4, 27.15, 5814, 9862495
1604744764, 0, 1526, 2103, 1950, 90, 8.87%, 6, 0, 4, 28.05, 5814, 9862638
1604744769, 0, 1526, 2105, 1952, 90, 8.87%, 6, 0, 4, 34.32, 5814, 9862829
1604744785, 0, 1526, 2106, 1953, 90, 8.87%, 6, 0, 4, 30.98, 5814, 9863331
1604744841, 0, 1526, 2109, 1956, 90, 8.87%, 6, 0, 4, 32.68, 5814, 9866043
1604744846, 0, 1526, 2110, 1957, 90, 8.87%, 6, 0, 4, 32.21, 5814, 9866212
1604744872, 0, 1526, 2111, 1958, 90, 8.87%, 6, 0, 4, 20.45, 5814, 9867092
1604744913, 0, 1526, 2112, 1959, 90, 8.87%, 6, 0, 4, 32.64, 5814, 9869350
1604744943, 0, 1526, 2113, 1960, 90, 8.87%, 6, 0, 4, 126.08, 5814, 9871236
1604744948, 0, 1526, 2114, 1961, 90, 8.87%, 6, 0, 4, 26.49, 5814, 9871521
1604744995, 0, 1526, 2115, 1962, 90, 8.87%, 6, 0, 4, 22.14, 5814, 9873047
1604745010, 0, 1526, 2116, 1963, 90, 8.87%, 6, 0, 4, 20.12, 5814, 9873370
1604745036, 0, 1526, 2117, 1964, 90, 8.87%, 6, 0, 4, 23.77, 5814, 9873956
1604745266, 0, 1526, 2119, 1966, 90, 8.87%, 6, 0, 4, 47.31, 5814, 9884107
1604745271, 0, 1526, 2120, 1967, 90, 8.87%, 6, 0, 4, 76.14, 5814, 9884711
1604745307, 0, 1526, 2121, 1968, 90, 8.87%, 6, 0, 4, 42.40, 5814, 9889160
1604745312, 0, 1526, 2122, 1969, 90, 8.87%, 6, 0, 4, 48.41, 5814, 9889494
1604745358, 0, 1526, 2123, 1970, 90, 8.87%, 6, 0, 4, 29.80, 5814, 9891517
1604745389, 0, 1526, 2124, 1971, 90, 8.87%, 6, 0, 4, 25.21, 5814, 9892721
1604745394, 0, 1526, 2125, 1972, 90, 8.87%, 6, 0, 4, 27.59, 5814, 9892919
1604745481, 0, 1526, 2126, 1973, 90, 8.87%, 6, 0, 4, 36.79, 5814, 9910232
1604745650, 0, 1526, 2127, 1974, 90, 8.87%, 6, 0, 4, 115.52, 5814, 9933063
1604745670, 0, 1526, 2128, 1975, 90, 8.87%, 6, 0, 4, 40.36, 5814, 9941503
1604745701, 0, 1526, 2129, 1976, 90, 8.87%, 6, 0, 4, 67.45, 5814, 9944091
1604745711, 0, 1526, 2130, 1977, 90, 8.87%, 6, 0, 4, 62.89, 5814, 9944931
1604745814, 0, 1526, 2131, 1978, 90, 8.87%, 6, 0, 4, 24.03, 5814, 9952201
1604745896, 0, 1551, 2138, 1984, 91, 8.87%, 6, 0, 4, 1732.42, 5814, 9965685
1604745922, 0, 1553, 2139, 1984, 91, 8.87%, 6, 0, 4, 377.86, 5814, 10030162
1604746573, 0, 1553, 2140, 1985, 91, 8.87%, 6, 0, 4, 40.80, 5814, 10054136
1604747275, 0, 1553, 2142, 1987, 91, 8.87%, 6, 0, 4, 19.30, 5814, 10129094
1604747285, 0, 1563, 2142, 1986, 90, 8.87%, 6, 0, 4, 147.78, 5814, 10130645
1604748237, 0, 1563, 2143, 1987, 90, 8.87%, 6, 0, 4, 21.65, 5814, 10191680
1604748692, 0, 1584, 2143, 1986, 90, 8.87%, 6, 0, 4, 47.13, 5814, 10230670
1604749348, 0, 1584, 2144, 1987, 90, 8.87%, 6, 0, 4, 36.76, 5814, 10254933
1604750055, 0, 1605, 2144, 1986, 89, 8.87%, 6, 0, 4, 161.34, 5814, 10331176
1604751188, 0, 1614, 2145, 1986, 88, 8.87%, 6, 0, 4, 1352.00, 5814, 10435555
1604751219, 0, 1615, 2145, 1985, 87, 8.87%, 6, 0, 4, 2775.30, 5814, 10523707
1604751255, 0, 1619, 2145, 1984, 86, 8.87%, 6, 0, 4, 54.79, 5814, 10613263
1604751280, 0, 1619, 2146, 1985, 86, 8.87%, 6, 0, 4, 78.24, 5814, 10614950
1604751790, 0, 1627, 2147, 1985, 85, 8.87%, 6, 0, 4, 76.41, 5814, 10687857
1604751816, 0, 1627, 2152, 1990, 85, 8.89%, 6, 0, 4, 53.68, 5828, 10689063
1604751857, 0, 1627, 2153, 1991, 85, 8.89%, 6, 0, 4, 48.20, 5828, 10691738
1604751862, 0, 1627, 2158, 1996, 85, 8.89%, 6, 0, 4, 70.14, 5828, 10692382
1604751903, 0, 1627, 2162, 2000, 85, 8.89%, 6, 0, 4, 183.58, 5828, 10695079
1604752067, 0, 1627, 2176, 2014, 85, 8.89%, 6, 0, 4, 43.12, 5828, 10704360
1604752072, 0, 1627, 2182, 2020, 85, 8.89%, 6, 0, 4, 44.39, 5828, 10704655
1604752350, 0, 1628, 2182, 2019, 86, 8.89%, 6, 0, 4, 108.41, 5828, 10761471
1604752375, 0, 1628, 2185, 2022, 86, 8.90%, 6, 0, 4, 51.32, 5834, 10762753
1604752416, 0, 1628, 2188, 2025, 86, 8.92%, 6, 0, 4, 185.91, 5843, 10765583
1604752457, 0, 1628, 2191, 2028, 86, 8.92%, 6, 0, 4, 59.87, 5843, 10768727
1604752616, 0, 1628, 2202, 2039, 86, 8.92%, 6, 0, 4, 55.47, 5843, 10778035
1604752621, 0, 1628, 2205, 2042, 86, 8.92%, 6, 0, 4, 43.89, 5843, 10778584
1604752888, 0, 1629, 2206, 2042, 88, 8.92%, 6, 0, 4, 50.63, 5843, 10835053
1604752918, 0, 1629, 2207, 2043, 88, 8.92%, 6, 0, 4, 80.42, 5843, 10836887
1604752934, 0, 1629, 2208, 2044, 88, 8.92%, 6, 0, 4, 58.82, 5843, 10838055
1604753364, 0, 1629, 2209, 2045, 88, 8.92%, 6, 0, 4, 70.87, 5845, 10897613
1604753436, 0, 1640, 2209, 2044, 87, 8.92%, 6, 0, 4, 44.38, 5845, 10905195
1604753461, 0, 1640, 2211, 2046, 87, 8.92%, 6, 0, 4, 49.02, 5845, 10906445
1604753507, 0, 1640, 2213, 2048, 87, 8.92%, 6, 0, 4, 580.00, 5845, 10909914
1604753711, 0, 1640, 2216, 2051, 87, 8.92%, 6, 0, 4, 459.33, 5845, 10921999
1604753995, 0, 1641, 2216, 2050, 87, 8.92%, 6, 0, 4, 1434.28, 5845, 10981072
1604754000, 0, 1641, 2217, 2051, 87, 8.92%, 6, 0, 4, 2469.41, 5846, 10995161
1604754021, 0, 1642, 2217, 2050, 87, 8.92%, 6, 0, 4, 2752.09, 5846, 11052613
1604754026, 0, 1642, 2218, 2051, 87, 8.92%, 6, 0, 4, 2695.41, 5847, 11066481
1604754051, 0, 1643, 2218, 2050, 87, 8.92%, 6, 0, 4, 2678.51, 5847, 11136197
1604754077, 0, 1644, 2218, 2049, 86, 8.92%, 6, 0, 4, 2713.61, 5847, 11208279
1604754103, 0, 1645, 2218, 2048, 85, 8.92%, 6, 0, 4, 44.89, 5847, 11271952
1604754553, 0, 1645, 2219, 2049, 85, 8.92%, 6, 0, 4, 63.25, 5848, 11337749
1604754619, 0, 1652, 2219, 2048, 85, 8.92%, 6, 0, 4, 81.97, 5848, 11345457
1604755135, 0, 1676, 2219, 2047, 84, 8.92%, 6, 0, 4, 115.63, 5848, 11418922
1604755160, 0, 1676, 2220, 2048, 84, 8.92%, 6, 0, 4, 147.08, 5848, 11420672
1604755196, 0, 1676, 2228, 2056, 84, 8.92%, 6, 0, 4, 65.65, 5848, 11423039
1604755232, 0, 1676, 2230, 2058, 84, 8.92%, 6, 0, 4, 55.66, 5848, 11425722
1604755381, 0, 1676, 2237, 2065, 84, 8.92%, 6, 0, 4, 50.35, 5848, 11435721
1604755626, 0, 1676, 2238, 2066, 84, 8.92%, 6, 0, 4, 547.82, 5848, 11492757
1604755631, 0, 1682, 2239, 2066, 83, 8.92%, 6, 0, 4, 1882.48, 5848, 11503983
1604755667, 0, 1699, 2239, 2065, 82, 8.92%, 6, 0, 4, 2466.17, 5848, 11593709
1604756899, 0, 1699, 2240, 2066, 82, 8.92%, 6, 0, 4, 67.66, 5848, 11696007
1604756909, 0, 1707, 2240, 2065, 81, 8.92%, 6, 0, 4, 34.87, 5848, 11697294
1604757016, 0, 1707, 2240, 2065, 81, 8.92%, 8, 0, 4, 69.25, 5848, 11702796
1604757389, 0, 1707, 2241, 2066, 81, 8.92%, 8, 0, 4, 188.52, 5848, 11720976
1604757824, 0, 1707, 2242, 2067, 81, 8.92%, 8, 0, 4, 31.54, 5848, 11781427
1604758003, 0, 1715, 2243, 2067, 81, 8.92%, 8, 0, 4, 1318.38, 5848, 11800521
1604758014, 0, 1715, 2244, 2068, 81, 8.92%, 8, 0, 4, 2915.33, 5848, 11817104
1604758055, 0, 1715, 2245, 2069, 81, 8.92%, 8, 0, 4, 207.80, 5848, 11868680
1604758065, 0, 1715, 2246, 2070, 81, 8.92%, 8, 0, 4, 118.58, 5848, 11882829
1604758086, 0, 1725, 2246, 2069, 81, 8.92%, 8, 0, 4, 2686.30, 5848, 11908873
1604758106, 0, 1728, 2247, 2069, 82, 8.93%, 8, 0, 4, 224.87, 5851, 11966040
1604759224, 0, 1771, 2249, 2070, 81, 8.93%, 8, 0, 4, 3206.57, 5851, 12073192
1604759234, 0, 1774, 2251, 2071, 82, 8.94%, 8, 0, 4, 620.15, 5862, 12104577
1604759313, 0, 1780, 2253, 2072, 81, 8.94%, 8, 0, 4, 2704.99, 5862, 12209164
1604759318, 0, 1780, 2254, 2073, 81, 8.94%, 8, 0, 4, 2246.95, 5862, 12220476
1604759353, 0, 1817, 2256, 2074, 80, 8.94%, 8, 0, 4, 2458.67, 5862, 12312958
1604759358, 0, 1817, 2257, 2075, 80, 8.95%, 8, 0, 4, 2321.93, 5868, 12324822
1604759389, 0, 1826, 2257, 2074, 81, 8.95%, 8, 0, 4, 2574.30, 5868, 12407114
1604759425, 0, 1834, 2260, 2076, 80, 8.95%, 8, 0, 4, 2636.53, 5868, 12501314
1604759430, 0, 1834, 2261, 2077, 80, 8.95%, 8, 0, 4, 2457.89, 5868, 12513674
1604759440, 0, 1834, 2262, 2078, 80, 8.95%, 8, 0, 4, 2918.00, 5868, 12541491
1604759460, 0, 1854, 2263, 2078, 79, 8.95%, 8, 0, 4, 35.17, 5868, 12591630
1604759517, 0, 1854, 2265, 2080, 79, 8.95%, 8, 0, 4, 45.40, 5868, 12594714
1604759522, 0, 1854, 2266, 2081, 79, 8.95%, 8, 0, 4, 47.36, 5868, 12594966
1604759568, 0, 1854, 2267, 2082, 79, 8.95%, 8, 0, 4, 43.78, 5868, 12597584
1604759573, 0, 1854, 2268, 2083, 79, 8.95%, 8, 0, 4, 55.41, 5868, 12597857
1604759583, 0, 1854, 2269, 2084, 79, 8.95%, 8, 0, 4, 43.82, 5868, 12598352
1604759955, 0, 1854, 2270, 2085, 79, 8.95%, 8, 0, 4, 27.19, 5868, 12620738
1604760150, 0, 1854, 2271, 2086, 79, 8.95%, 8, 0, 4, 117.15, 5868, 12655165
1604760262, 0, 1854, 2272, 2087, 79, 8.95%, 8, 0, 4, 42.73, 5868, 12673107
1604760272, 0, 1854, 2273, 2088, 79, 8.95%, 8, 0, 4, 137.35, 5868, 12673899
1604760277, 0, 1854, 2274, 2089, 79, 8.95%, 8, 0, 4, 33.92, 5868, 12674310
1604760303, 0, 1854, 2275, 2090, 79, 8.95%, 8, 0, 4, 44.95, 5868, 12677172
1604760434, 0, 1854, 2276, 2091, 79, 8.95%, 8, 0, 4, 90.89, 5868, 12689127
1604760455, 0, 1855, 2276, 2090, 79, 8.95%, 8, 0, 4, 60.24, 5868, 12692541
1604760608, 0, 1855, 2277, 2091, 79, 8.95%, 8, 0, 4, 27.37, 5868, 12701606
1604760618, 0, 1855, 2278, 2092, 79, 8.95%, 8, 0, 4, 54.79, 5868, 12702172
1604761075, 0, 1855, 2279, 2093, 79, 8.95%, 8, 0, 4, 30.98, 5868, 12753459
1604761393, 0, 1855, 2280, 2094, 79, 8.95%, 8, 0, 4, 32.72, 5868, 12791511
1604761403, 0, 1862, 2280, 2093, 78, 8.95%, 8, 0, 4, 55.21, 5868, 12793160
1604761413, 0, 1862, 2281, 2094, 78, 8.95%, 8, 0, 4, 20.20, 5868, 12793416
1604761485, 0, 1862, 2282, 2095, 78, 8.95%, 8, 0, 4, 31.12, 5868, 12796127
1604762164, 0, 1862, 2283, 2096, 78, 8.95%, 8, 0, 4, 30.80, 5868, 12822906
1604762200, 0, 1862, 2284, 2097, 78, 8.95%, 8, 0, 4, 42.29, 5868, 12824600
1604762339, 0, 1862, 2285, 2098, 78, 8.95%, 8, 0, 4, 34.32, 5868, 12842948
1604762437, 0, 1862, 2286, 2099, 78, 8.95%, 8, 0, 4, 59.61, 5868, 12856696
1604762616, 0, 1862, 2287, 2100, 78, 8.95%, 8, 0, 4, 65.76, 5868, 12876865
1604762851, 0, 1862, 2288, 2101, 78, 8.95%, 8, 0, 4, 69.16, 5868, 12892772
1604762856, 0, 1867, 2288, 2100, 78, 8.95%, 8, 0, 4, 501.86, 5868, 12893811
1604763000, 0, 1867, 2289, 2101, 78, 8.95%, 8, 0, 4, 807.20, 5868, 12899407
1604763509, 0, 1867, 2290, 2102, 78, 8.95%, 8, 0, 4, 81.42, 5868, 12918168
1604763534, 0, 1867, 2291, 2103, 78, 8.95%, 8, 0, 4, 23.84, 5868, 12922222
1604764221, 0, 1872, 2291, 2102, 77, 8.95%, 8, 0, 4, 59.06, 5868, 12994583
1604764339, 0, 1872, 2292, 2103, 77, 8.95%, 8, 0, 4, 34.95, 5868, 13001517
1604764472, 0, 1872, 2293, 2104, 77, 8.95%, 8, 0, 4, 31.09, 5868, 13008966
1604764631, 0, 1872, 2294, 2105, 77, 8.95%, 8, 0, 4, 84.39, 5868, 13021804
1604765092, 0, 1874, 2294, 2104, 79, 8.95%, 8, 0, 4, 48.11, 5868, 13095036
1604765097, 0, 1874, 2296, 2106, 79, 8.95%, 8, 0, 4, 26.59, 5868, 13095209
1604766144, 0, 1878, 2296, 2105, 79, 8.95%, 8, 0, 4, 55.12, 5868, 13195616
1604766154, 0, 1878, 2298, 2107, 79, 8.95%, 8, 0, 4, 22.41, 5868, 13195882
1604766159, 0, 1878, 2299, 2108, 79, 8.95%, 8, 0, 4, 22.51, 5868, 13195997
1604766390, 0, 1878, 2300, 2109, 79, 8.95%, 8, 0, 4, 52.91, 5868, 13206230
1604766771, 0, 1878, 2301, 2110, 79, 8.95%, 8, 0, 4, 24.74, 5868, 13219981
1604766843, 0, 1878, 2302, 2111, 79, 8.95%, 8, 0, 4, 59.48, 5868, 13226272
1604767401, 0, 1882, 2302, 2110, 79, 8.95%, 8, 0, 4, 25.64, 5868, 13295981
1604767412, 0, 1882, 2304, 2112, 79, 8.95%, 8, 0, 4, 24.78, 5868, 13296278
1604767448, 0, 1882, 2305, 2113, 79, 8.95%, 8, 0, 4, 91.39, 5868, 13297827
1604767458, 0, 1882, 2306, 2114, 79, 8.95%, 8, 0, 4, 38.55, 5868, 13298673
1604767483, 0, 1882, 2307, 2115, 79, 8.95%, 8, 0, 4, 24.32, 5868, 13299602
1604767929, 0, 1882, 2308, 2116, 79, 8.95%, 8, 0, 4, 67.39, 5868, 13319842
1604768298, 0, 1882, 2310, 2118, 79, 8.96%, 8, 0, 4, 353.75, 5871, 13379799
1604768477, 0, 1889, 2310, 2117, 80, 8.96%, 8, 0, 4, 1502.18, 5871, 13399595
1604768508, 0, 1890, 2312, 2118, 79, 8.96%, 8, 0, 4, 2615.41, 5873, 13480917
1604768533, 0, 1892, 2312, 2117, 79, 8.96%, 8, 0, 4, 2696.49, 5873, 13549282
1604768549, 0, 1894, 2313, 2117, 78, 8.96%, 8, 0, 4, 2652.91, 5873, 13593379
1604768584, 0, 1907, 2313, 2116, 77, 8.96%, 8, 0, 4, 95.50, 5873, 13681778
1604768625, 0, 1907, 2314, 2117, 77, 8.96%, 8, 0, 4, 35.73, 5873, 13684168
1604769622, 0, 1923, 2314, 2116, 76, 8.96%, 8, 0, 4, 2848.18, 5873, 13794487
1604769642, 0, 1933, 2314, 2115, 75, 8.96%, 8, 0, 4, 98.34, 5873, 13847901
1604769992, 0, 1933, 2315, 2116, 75, 8.96%, 8, 0, 4, 71.58, 5873, 13893462
1604770074, 0, 1936, 2315, 2115, 74, 8.96%, 8, 0, 4, 102.08, 5873, 13901399
1604770114, 0, 1936, 2316, 2116, 74, 8.96%, 8, 0, 4, 60.29, 5873, 13904306
1604770201, 0, 1936, 2317, 2117, 74, 8.96%, 8, 0, 4, 49.45, 5873, 13911453
1604770395, 0, 1936, 2318, 2118, 74, 8.96%, 8, 0, 4, 52.15, 5873, 13939480
1604770513, 0, 1936, 2319, 2119, 74, 8.96%, 8, 0, 4, 1089.36, 5873, 13967131
1604770580, 0, 1943, 2319, 2118, 74, 8.96%, 8, 0, 4, 51.28, 5873, 13974968
1604770656, 0, 1943, 2320, 2119, 74, 8.96%, 8, 0, 4, 31.39, 5873, 13978417
1604770769, 0, 1943, 2321, 2120, 74, 8.96%, 8, 0, 4, 29.79, 5873, 13984122
1604771392, 0, 1943, 2322, 2121, 74, 8.96%, 8, 0, 4, 305.94, 5873, 14038198
1604771581, 0, 1943, 2323, 2122, 74, 8.96%, 8, 0, 4, 29.39, 5873, 14061358
1604771648, 0, 1943, 2324, 2123, 74, 8.96%, 8, 0, 4, 29.24, 5873, 14067075
1604771745, 0, 1943, 2325, 2124, 74, 8.96%, 8, 0, 4, 68.10, 5873, 14075725
1604771750, 0, 1947, 2325, 2123, 74, 8.96%, 8, 0, 4, 32.72, 5873, 14076808
1604771755, 0, 1947, 2326, 2124, 74, 8.96%, 8, 0, 4, 23.51, 5873, 14076974
1604771852, 0, 1947, 2326, 2124, 74, 8.96%, 9, 0, 4, 875.00, 5873, 14082113
1604772816, 0, 1950, 2326, 2123, 73, 8.96%, 9, 0, 4, 97.81, 5873, 14178239
1604772826, 0, 1950, 2327, 2124, 73, 8.96%, 9, 0, 4, 22.01, 5873, 14178508
1604772877, 0, 1950, 2329, 2126, 73, 8.96%, 9, 0, 4, 365.30, 5873, 14180651
1604773000, 0, 1950, 2330, 2127, 73, 8.96%, 9, 0, 4, 20.01, 5874, 14185027
1604773496, 0, 1950, 2331, 2128, 73, 8.96%, 9, 0, 4, 587.52, 5874, 14202517
1604774295, 0, 1954, 2331, 2127, 73, 8.96%, 9, 0, 4, 59.68, 5874, 14279956
1604774305, 0, 1954, 2332, 2128, 73, 8.96%, 9, 0, 4, 22.15, 5874, 14280205
1604774356, 0, 1954, 2334, 2130, 73, 8.96%, 9, 0, 4, 352.68, 5874, 14282338
1604774392, 0, 1954, 2335, 2131, 73, 8.96%, 9, 0, 4, 22.67, 5875, 14283368
1604774974, 0, 1954, 2336, 2132, 73, 8.96%, 9, 0, 4, 50.24, 5875, 14303962
1604775762, 0, 1955, 2336, 2131, 74, 8.96%, 9, 0, 4, 30.51, 5875, 14381601
1604775767, 0, 1955, 2337, 2132, 74, 8.96%, 9, 0, 4, 22.93, 5875, 14381750
1604775818, 0, 1955, 2339, 2134, 74, 8.96%, 9, 0, 4, 42.06, 5875, 14383415
1604776446, 0, 1955, 2340, 2135, 74, 8.96%, 9, 0, 4, 454.66, 5875, 14405773
1604777272, 0, 1958, 2340, 2134, 74, 8.96%, 9, 0, 4, 1680.11, 5875, 14488477
1604777302, 0, 1958, 2341, 2135, 74, 8.96%, 9, 0, 4, 497.25, 5875, 14545921
1604777307, 0, 1958, 2342, 2136, 74, 8.96%, 9, 0, 4, 1620.00, 5875, 14554236
1604777323, 0, 1960, 2342, 2135, 73, 8.96%, 9, 0, 4, 2739.36, 5875, 14593905
1604777339, 0, 1962, 2343, 2135, 73, 8.96%, 9, 0, 4, 3100.35, 5875, 14639465
1604777349, 0, 1963, 2343, 2134, 72, 8.96%, 9, 0, 4, 3041.59, 5875, 14671460
1604777364, 0, 1964, 2343, 2133, 71, 8.96%, 9, 0, 4, 3030.00, 5875, 14716638
1604777369, 0, 1967, 2347, 2136, 70, 8.96%, 9, 0, 4, 3023.96, 5875, 14732211
1604777374, 0, 1967, 2348, 2137, 70, 8.96%, 9, 0, 4, 1190.72, 5875, 14745312
1604777379, 0, 1968, 2355, 2143, 70, 8.98%, 9, 0, 4, 2940.59, 5882, 14759691
1604777390, 0, 1969, 2355, 2142, 70, 8.98%, 9, 0, 4, 2511.73, 5882, 14786765
1604777400, 0, 1970, 2355, 2141, 69, 8.98%, 9, 0, 4, 2630.25, 5882, 14814242
1604777410, 0, 1973, 2355, 2140, 68, 8.98%, 9, 0, 4, 2836.13, 5882, 14840497
1604777416, 0, 1973, 2356, 2141, 68, 8.98%, 9, 0, 4, 63.71, 5882, 14847981
1604777426, 0, 1974, 2356, 2140, 67, 8.98%, 9, 0, 4, 48.28, 5882, 14869915
1604777631, 0, 1975, 2356, 2139, 66, 8.98%, 9, 0, 4, 1497.06, 5882, 14900220
1604777636, 0, 1975, 2359, 2142, 66, 8.98%, 9, 0, 4, 462.79, 5882, 14913407
1604777641, 0, 1990, 2359, 2141, 65, 8.98%, 9, 0, 4, 2933.35, 5882, 14927565
1604777646, 0, 1990, 2364, 2146, 65, 8.98%, 9, 0, 4, 370.94, 5882, 14941795
1604777656, 0, 1992, 2364, 2145, 65, 8.98%, 9, 0, 4, 2953.06, 5882, 14970464
1604777661, 0, 1994, 2364, 2144, 64, 8.98%, 9, 0, 4, 3039.19, 5882, 14985715
1604777666, 0, 1994, 2365, 2145, 64, 8.98%, 9, 0, 4, 3197.35, 5882, 15002041
1604777671, 0, 1998, 2365, 2144, 63, 8.98%, 9, 0, 4, 257.94, 5882, 15017649
1604777702, 0, 1998, 2366, 2145, 63, 8.98%, 9, 0, 5, 87.61, 5882, 15019574
1604778220, 0, 2006, 2366, 2144, 63, 8.98%, 9, 0, 5, 958.96, 5882, 15089300
1604778225, 0, 2006, 2367, 2145, 63, 8.98%, 9, 0, 5, 2831.20, 5882, 15106390
1604778230, 0, 2007, 2371, 2148, 63, 8.98%, 9, 0, 5, 174.84, 5882, 15119375
1604778246, 0, 2007, 2372, 2149, 63, 8.98%, 9, 0, 5, 48.21, 5882, 15120196
1604778302, 0, 2007, 2373, 2150, 63, 8.98%, 9, 0, 5, 223.65, 5882, 15123874
1604778820, 0, 2009, 2375, 2151, 63, 8.98%, 9, 0, 5, 1589.18, 5882, 15203254
1604778840, 0, 2010, 2375, 2150, 63, 8.98%, 9, 0, 5, 2872.51, 5882, 15263709
1604778856, 0, 2020, 2375, 2149, 62, 8.98%, 9, 0, 5, 2803.07, 5882, 15308590
1604778912, 0, 2020, 2377, 2151, 62, 8.98%, 9, 0, 5, 96.61, 5882, 15311105
1604779070, 0, 2020, 2378, 2152, 62, 8.98%, 9, 0, 5, 25.75, 5882, 15317777
1604779095, 0, 2020, 2379, 2153, 62, 8.98%, 9, 0, 5, 33.36, 5882, 15318995
1604779146, 0, 2020, 2379, 2153, 62, 8.98%, 10, 0, 5, 22.34, 5882, 15321316
1604779172, 0, 2020, 2380, 2154, 62, 8.98%, 10, 0, 5, 22.96, 5882, 15321899
1604779462, 0, 2020, 2381, 2155, 62, 8.98%, 10, 0, 5, 52.11, 5882, 15333027
1604779473, 0, 2020, 2382, 2156, 62, 8.98%, 10, 0, 5, 54.42, 5882, 15336137
1604779789, 0, 2020, 2383, 2157, 62, 8.98%, 10, 0, 5, 45.04, 5882, 15376940
1604779799, 0, 2020, 2384, 2158, 62, 8.98%, 10, 0, 5, 68.17, 5882, 15377582
1604779916, 0, 2020, 2385, 2159, 62, 8.98%, 10, 0, 5, 113.82, 5882, 15393201
1604780120, 0, 2020, 2386, 2160, 62, 8.98%, 10, 0, 5, 78.53, 5882, 15408600
1604780125, 0, 2020, 2387, 2161, 62, 8.98%, 10, 0, 5, 834.72, 5882, 15409721
1604780130, 0, 2022, 2387, 2160, 62, 8.98%, 10, 0, 5, 42.26, 5882, 15410711
1604780135, 0, 2022, 2388, 2161, 62, 8.98%, 10, 0, 5, 22.40, 5882, 15410866
1604780181, 0, 2022, 2389, 2162, 62, 8.98%, 10, 0, 5, 33.13, 5882, 15412732
1604780354, 0, 2022, 2390, 2163, 62, 8.98%, 10, 0, 5, 41.05, 5882, 15420274
1604780736, 0, 2022, 2391, 2164, 62, 8.98%, 10, 0, 5, 310.00, 5882, 15435078
1604780741, 0, 2022, 2392, 2165, 62, 8.98%, 10, 0, 5, 1930.80, 5882, 15437768
