# unix_time, cycles_done, cur_path, paths_total, pending_total, pending_favs, map_size, unique_crashes, unique_hangs, max_depth, execs_per_sec, edge_coverage, total_execs
1606826135, 0, 0, 1, 1, 1, 0.29%, 0, 0, 1, 1142.86, 191, 8
1606826140, 0, 0, 127, 127, 1, 1.04%, 0, 0, 2, 2064.86, 682, 11801
1606826145, 0, 0, 144, 144, 1, 1.24%, 0, 0, 2, 2286.38, 811, 23911
1606826150, 0, 0, 150, 150, 1, 1.26%, 0, 0, 2, 2318.51, 826, 35780
1606826155, 0, 21, 152, 148, 57, 1.29%, 0, 0, 3, 2280.77, 844, 47164
1606826160, 0, 35, 152, 145, 55, 1.29%, 0, 0, 3, 2299.78, 844, 58835
1606826165, 0, 48, 168, 159, 53, 1.31%, 0, 0, 3, 2339.09, 858, 70621
1606826170, 0, 48, 175, 166, 53, 1.33%, 0, 0, 3, 2317.37, 870, 82315
1606826175, 0, 58, 178, 167, 57, 1.34%, 0, 0, 3, 2242.30, 875, 93486
1606826180, 0, 73, 180, 165, 54, 1.36%, 0, 0, 3, 2286.50, 892, 105048
1606826185, 0, 80, 182, 162, 50, 1.37%, 0, 0, 3, 2254.98, 895, 116756
1606826191, 0, 89, 184, 158, 45, 1.40%, 0, 0, 3, 2268.50, 916, 128199
1606826196, 0, 102, 197, 166, 48, 1.48%, 0, 0, 3, 2311.93, 972, 139894
1606826201, 0, 107, 206, 173, 52, 1.51%, 0, 0, 3, 2239.64, 992, 151448
1606826206, 0, 107, 207, 174, 52, 1.52%, 0, 0, 3, 2256.82, 995, 163129
1606826211, 0, 107, 208, 175, 52, 1.52%, 0, 0, 3, 2317.04, 998, 175094
1606826216, 0, 113, 208, 171, 53, 1.52%, 0, 0, 3, 2356.86, 998, 187110
1606826221, 0, 113, 217, 180, 53, 1.55%, 0, 0, 3, 2363.24, 1013, 199006
1606826226, 0, 113, 221, 184, 53, 1.59%, 0, 0, 3, 2344.30, 1043, 210763
