# unix_time, cycles_done, cur_path, paths_total, pending_total, pending_favs, map_size, unique_crashes, unique_hangs, max_depth, execs_per_sec, edge_coverage, total_execs
1602786910, 0, 0, 3, 3, 3, 11.85%, 0, 0, 1, 135.59, 7766, 24
1602786915, 0, 0, 61, 61, 3, 12.28%, 0, 0, 2, 182.95, 8045, 1042
1602786920, 0, 0, 87, 87, 3, 12.48%, 0, 0, 2, 196.12, 8176, 2038
1602786925, 0, 0, 113, 113, 3, 12.62%, 0, 0, 2, 207.19, 8272, 3084
1602786930, 0, 0, 162, 162, 3, 12.80%, 0, 0, 2, 217.68, 8387, 4220
1602786935, 0, 0, 179, 179, 3, 12.86%, 0, 0, 2, 221.27, 8431, 5348
1602786941, 0, 0, 206, 206, 3, 14.08%, 0, 0, 2, 228.45, 9230, 6503
1602786946, 0, 0, 218, 218, 3, 14.16%, 0, 0, 2, 232.28, 9283, 7703
1602786951, 0, 0, 231, 231, 3, 14.21%, 0, 0, 2, 233.89, 9313, 8911
1602786956, 0, 0, 249, 249, 3, 14.26%, 0, 0, 2, 241.53, 9343, 10161
1602786961, 0, 0, 270, 270, 3, 14.32%, 0, 0, 2, 234.37, 9384, 11361
1602786966, 0, 0, 279, 279, 3, 14.41%, 0, 0, 2, 232.69, 9447, 12561
1602786971, 0, 0, 288, 288, 3, 14.89%, 0, 0, 2, 229.57, 9761, 13709
1602786987, 0, 0, 311, 311, 3, 14.99%, 0, 0, 2, 228.74, 9826, 17205
1602786992, 0, 0, 314, 314, 3, 15.01%, 0, 0, 2, 232.30, 9838, 18421
1602786997, 0, 0, 316, 316, 3, 15.01%, 0, 0, 2, 227.27, 9839, 19557
1602787002, 0, 0, 321, 321, 3, 15.03%, 0, 0, 2, 223.07, 9847, 20705
1602787007, 0, 0, 327, 327, 3, 15.03%, 0, 0, 2, 226.41, 9847, 21850
1602787027, 0, 0, 328, 328, 3, 15.03%, 0, 0, 2, 234.08, 9847, 26522
1602787033, 0, 0, 329, 329, 3, 15.03%, 0, 0, 2, 228.13, 9847, 27714
1602787038, 0, 0, 331, 331, 3, 15.03%, 0, 0, 2, 222.68, 9847, 28860
1602787048, 0, 0, 334, 334, 3, 15.03%, 0, 0, 2, 227.10, 9847, 31170
1602787053, 0, 0, 336, 336, 3, 15.03%, 0, 0, 2, 231.66, 9847, 32342
1602787058, 0, 0, 338, 338, 3, 15.03%, 0, 0, 2, 229.54, 9850, 33494
1602787063, 0, 0, 341, 341, 3, 15.03%, 0, 0, 2, 223.84, 9851, 34638
1602787068, 0, 0, 346, 346, 3, 15.03%, 0, 0, 2, 225.20, 9851, 35786
1602787073, 0, 0, 349, 349, 3, 15.03%, 0, 0, 2, 229.26, 9851, 36966
1602787078, 0, 0, 350, 350, 3, 15.04%, 0, 0, 2, 217.90, 9856, 38058
1602787084, 0, 0, 352, 352, 3, 15.04%, 0, 0, 2, 218.06, 9857, 39162
1602787099, 0, 0, 353, 353, 3, 15.04%, 0, 0, 2, 227.70, 9857, 42626
1602787104, 0, 0, 354, 354, 3, 15.04%, 0, 0, 2, 225.59, 9857, 43778
1602787109, 0, 0, 358, 358, 3, 15.04%, 0, 0, 2, 224.60, 9857, 44926
1602787114, 0, 0, 372, 372, 3, 15.04%, 0, 0, 2, 228.08, 9857, 46083
1602787119, 0, 0, 473, 473, 3, 15.09%, 0, 0, 2, 239.85, 9890, 47334
1602787124, 0, 0, 531, 531, 3, 15.09%, 0, 0, 2, 239.84, 9891, 48519
1602787130, 0, 0, 564, 564, 3, 15.10%, 0, 0, 2, 244.78, 9894, 49789
1602787135, 0, 0, 592, 592, 3, 15.53%, 0, 0, 2, 255.20, 10178, 51118
1602787140, 0, 0, 601, 601, 3, 15.53%, 0, 0, 2, 250.33, 10178, 52385
1602787145, 0, 0, 618, 618, 3, 15.53%, 0, 0, 2, 244.40, 10181, 53596
1602787150, 0, 0, 635, 635, 3, 15.54%, 0, 0, 2, 249.58, 10182, 54890
1602787155, 0, 0, 650, 650, 3, 15.55%, 0, 0, 2, 255.54, 10188, 56192
1602787160, 0, 0, 666, 666, 3, 15.63%, 0, 0, 2, 253.09, 10241, 57466
1602787165, 0, 0, 680, 680, 3, 15.63%, 0, 0, 2, 254.04, 10242, 58742
1602787170, 0, 0, 686, 686, 3, 15.63%, 0, 0, 2, 258.67, 10242, 60085
1602787175, 0, 0, 700, 700, 3, 15.64%, 0, 0, 2, 257.14, 10248, 61372
1602787180, 0, 0, 705, 705, 3, 15.64%, 0, 0, 2, 245.72, 10250, 62588
1602787185, 0, 0, 712, 712, 3, 15.64%, 0, 0, 2, 250.63, 10250, 63844
1602787190, 0, 0, 720, 720, 3, 15.65%, 0, 0, 2, 253.82, 10259, 65127
1602787195, 0, 0, 732, 732, 3, 15.66%, 0, 0, 2, 254.41, 10260, 66408
1602787201, 0, 0, 741, 741, 3, 15.93%, 0, 0, 2, 243.52, 10442, 67660
1602787206, 0, 0, 750, 750, 3, 15.93%, 0, 0, 2, 248.24, 10443, 68956
1602787211, 0, 0, 758, 758, 3, 15.93%, 0, 0, 2, 254.70, 10443, 70231
1602787216, 0, 0, 765, 765, 3, 15.94%, 0, 0, 2, 253.95, 10445, 71552
1602787221, 0, 0, 770, 770, 3, 15.94%, 0, 0, 2, 247.09, 10445, 72816
1602787226, 0, 0, 777, 777, 3, 15.94%, 0, 0, 2, 248.61, 10445, 74100
1602787231, 0, 0, 781, 781, 3, 15.94%, 0, 0, 2, 250.52, 10445, 75408
1602787236, 0, 0, 786, 786, 3, 15.94%, 0, 0, 2, 255.38, 10445, 76700
1602787241, 0, 0, 793, 793, 3, 15.94%, 0, 0, 2, 256.26, 10448, 77986
1602787247, 0, 0, 799, 799, 3, 16.27%, 0, 0, 2, 256.93, 10665, 79284
1602787252, 0, 0, 802, 802, 3, 16.27%, 0, 0, 2, 256.23, 10665, 80563
1602787257, 0, 0, 808, 808, 3, 16.27%, 0, 0, 2, 253.58, 10665, 81831
1602787262, 0, 1, 809, 808, 188, 16.27%, 0, 0, 2, 153.96, 10665, 82587
1602787267, 0, 1, 813, 812, 188, 16.33%, 0, 0, 2, 98.74, 10701, 83002
1602787272, 0, 1, 821, 820, 188, 16.33%, 0, 0, 2, 83.79, 10701, 83409
1602787277, 0, 1, 827, 826, 188, 16.33%, 0, 0, 2, 80.17, 10701, 83813
1602787287, 0, 1, 829, 828, 188, 16.34%, 0, 0, 2, 80.19, 10711, 84627
1602787292, 0, 1, 830, 829, 188, 16.34%, 0, 0, 2, 80.80, 10711, 85035
1602787297, 0, 1, 831, 830, 188, 16.34%, 0, 0, 2, 81.52, 10711, 85454
1602787302, 0, 1, 836, 835, 188, 16.34%, 0, 0, 2, 80.79, 10711, 85870
1602787313, 0, 1, 841, 840, 188, 16.34%, 0, 0, 2, 79.52, 10711, 86688
1602787318, 0, 1, 845, 844, 188, 16.38%, 0, 0, 2, 80.33, 10736, 87099
1602787323, 0, 1, 849, 848, 188, 16.40%, 0, 0, 2, 80.16, 10748, 87508
1602787328, 0, 1, 850, 849, 188, 16.40%, 0, 0, 2, 79.05, 10748, 87909
1602787333, 0, 1, 855, 854, 188, 16.40%, 0, 0, 2, 79.51, 10748, 88318
1602787364, 0, 1, 858, 857, 188, 16.40%, 0, 0, 2, 79.55, 10749, 90731
1602787369, 0, 1, 859, 858, 188, 16.40%, 0, 0, 2, 79.02, 10749, 91131
1602787379, 0, 1, 860, 859, 188, 16.40%, 0, 0, 2, 79.67, 10751, 91938
1602787414, 0, 1, 861, 860, 188, 16.40%, 0, 0, 2, 80.57, 10751, 94782
1602787440, 0, 1, 863, 862, 188, 16.40%, 0, 0, 2, 80.53, 10751, 96818
1602787445, 0, 1, 865, 864, 188, 16.40%, 0, 0, 2, 80.14, 10751, 97226
1602787486, 0, 1, 866, 865, 188, 16.40%, 0, 0, 2, 79.23, 10751, 100458
1602787501, 0, 1, 867, 866, 188, 16.40%, 0, 0, 2, 79.12, 10751, 101666
1602787507, 0, 1, 868, 867, 188, 16.40%, 0, 0, 2, 79.83, 10751, 102074
1602787553, 0, 1, 869, 868, 188, 16.40%, 0, 0, 2, 80.12, 10751, 105785
1602787671, 0, 1, 870, 869, 188, 16.40%, 0, 0, 2, 80.31, 10751, 115197
1602787712, 0, 1, 871, 870, 188, 16.40%, 0, 0, 2, 80.19, 10751, 118513
1602787717, 0, 1, 874, 873, 188, 16.40%, 0, 0, 2, 79.70, 10751, 118917
1602787794, 0, 1, 875, 874, 188, 16.40%, 0, 0, 2, 79.76, 10751, 125085
1602787819, 0, 1, 876, 875, 188, 16.40%, 0, 0, 2, 79.31, 10751, 127194
1602787901, 0, 1, 877, 876, 188, 16.40%, 0, 0, 2, 79.49, 10751, 133716
1602788054, 0, 1, 883, 882, 188, 16.44%, 0, 0, 2, 79.47, 10774, 145812
1602788095, 0, 1, 884, 883, 188, 16.44%, 0, 0, 2, 79.13, 10774, 149022
1602788141, 0, 1, 887, 886, 188, 16.46%, 0, 0, 2, 79.78, 10784, 152721
1602788147, 0, 1, 888, 887, 188, 16.46%, 0, 0, 2, 80.12, 10784, 153132
1602788183, 0, 1, 889, 888, 188, 16.46%, 0, 0, 2, 79.56, 10784, 156002
1602788229, 0, 1, 890, 889, 188, 16.46%, 0, 0, 2, 76.96, 10784, 159662
1602788602, 0, 1, 891, 890, 188, 16.46%, 0, 0, 2, 79.54, 10784, 189402
1602788623, 0, 1, 892, 891, 188, 16.46%, 0, 0, 2, 85.07, 10784, 191071
1602788638, 0, 1, 893, 892, 188, 16.46%, 0, 0, 2, 80.86, 10785, 192301
1602788736, 0, 1, 894, 893, 188, 16.46%, 0, 0, 2, 80.77, 10785, 200253
1602788746, 0, 1, 895, 894, 188, 16.46%, 0, 0, 2, 80.26, 10785, 201078
1602788751, 0, 1, 896, 895, 188, 16.46%, 0, 0, 2, 78.61, 10785, 201477
1602788853, 0, 1, 897, 896, 188, 16.46%, 0, 0, 2, 128.56, 10785, 209997
1602788869, 0, 1, 898, 897, 188, 16.46%, 0, 0, 2, 129.92, 10786, 211969
1602789051, 0, 1, 899, 898, 188, 16.46%, 0, 0, 2, 133.27, 10786, 235989
1602789117, 0, 1, 901, 900, 188, 16.46%, 0, 0, 2, 131.17, 10786, 244569
1602789122, 0, 1, 902, 901, 188, 16.46%, 0, 0, 2, 132.70, 10786, 245249
1602789179, 0, 1, 917, 916, 188, 16.46%, 0, 0, 2, 130.50, 10786, 252540
1602789184, 0, 1, 950, 949, 188, 16.46%, 0, 0, 2, 140.19, 10789, 253272
1602789189, 0, 1, 967, 966, 188, 16.46%, 0, 0, 2, 144.19, 10789, 254020
1602789194, 0, 1, 980, 979, 188, 16.49%, 0, 0, 2, 144.77, 10805, 254772
1602789199, 0, 1, 987, 986, 188, 16.49%, 0, 0, 2, 147.33, 10805, 255518
1602789204, 0, 1, 1000, 999, 188, 16.49%, 0, 0, 2, 141.36, 10807, 256246
1602789209, 0, 1, 1008, 1007, 188, 16.49%, 0, 0, 2, 142.98, 10807, 256984
1602789215, 0, 1, 1013, 1012, 188, 16.49%, 0, 0, 2, 148.12, 10807, 257753
1602789220, 0, 1, 1023, 1022, 188, 16.49%, 0, 0, 2, 145.61, 10807, 258500
1602789225, 0, 1, 1028, 1027, 188, 16.51%, 0, 0, 2, 147.48, 10819, 259260
1602789230, 0, 1, 1030, 1029, 188, 16.51%, 0, 0, 2, 145.77, 10819, 260008
1602789235, 0, 1, 1037, 1036, 188, 16.51%, 0, 0, 2, 146.70, 10819, 260763
1602789240, 0, 1, 1040, 1039, 188, 16.51%, 0, 0, 2, 143.53, 10819, 261508
1602789246, 0, 1, 1046, 1045, 188, 16.52%, 0, 0, 2, 144.17, 10824, 262251
1602789251, 0, 1, 1050, 1049, 188, 16.52%, 0, 0, 2, 147.61, 10824, 263006
1602789256, 0, 1, 1055, 1054, 188, 16.52%, 0, 0, 2, 147.76, 10828, 263764
1602789261, 0, 1, 1059, 1058, 188, 16.52%, 0, 0, 2, 143.74, 10828, 264506
1602789271, 0, 1, 1060, 1059, 188, 16.52%, 0, 0, 2, 148.05, 10828, 266018
1602789277, 0, 1, 1066, 1065, 188, 16.52%, 0, 0, 2, 146.83, 10828, 266774
1602789282, 0, 1, 1070, 1069, 188, 16.52%, 0, 0, 2, 141.84, 10828, 267480
1602789287, 0, 1, 1071, 1070, 188, 16.52%, 0, 0, 2, 145.45, 10828, 268232
1602789292, 0, 1, 1073, 1072, 188, 16.52%, 0, 0, 2, 144.40, 10828, 268978
1602789297, 0, 1, 1074, 1073, 188, 16.52%, 0, 0, 2, 143.84, 10828, 269722
1602789302, 0, 1, 1076, 1075, 188, 16.52%, 0, 0, 2, 148.40, 10828, 270494
1602789307, 0, 1, 1080, 1079, 188, 16.52%, 0, 0, 2, 143.37, 10828, 271234
1602789312, 0, 1, 1081, 1080, 188, 16.52%, 0, 0, 2, 144.12, 10828, 271974
1602789318, 0, 1, 1083, 1082, 188, 16.52%, 0, 0, 2, 144.47, 10828, 272726
1602789323, 0, 1, 1090, 1089, 188, 16.52%, 0, 0, 2, 144.80, 10829, 273474
1602789328, 0, 1, 1092, 1091, 188, 16.52%, 0, 0, 2, 146.78, 10829, 274230
1602789333, 0, 1, 1094, 1093, 188, 16.53%, 0, 0, 2, 138.29, 10832, 274942
1602789338, 0, 1, 1097, 1096, 188, 16.53%, 0, 0, 2, 144.81, 10832, 275686
1602789343, 0, 1, 1100, 1099, 188, 16.53%, 0, 0, 2, 145.64, 10832, 276416
1602789349, 0, 1, 1103, 1102, 188, 16.53%, 0, 0, 2, 144.31, 10832, 277160
1602789354, 0, 1, 1106, 1105, 188, 16.53%, 0, 0, 2, 145.22, 10832, 277914
1602789359, 0, 1, 1110, 1109, 188, 16.53%, 0, 0, 2, 147.65, 10834, 278668
1602789364, 0, 1, 1112, 1111, 188, 16.53%, 0, 0, 2, 144.81, 10834, 279414
1602789369, 0, 1, 1115, 1114, 188, 16.53%, 0, 0, 2, 144.20, 10836, 280162
1602789374, 0, 1, 1116, 1115, 188, 16.53%, 0, 0, 2, 145.71, 10836, 280918
1602789379, 0, 1, 1121, 1120, 188, 16.53%, 0, 0, 2, 143.09, 10836, 281660
1602789385, 0, 1, 1122, 1121, 188, 16.53%, 0, 0, 2, 144.10, 10836, 282402
1602789390, 0, 1, 1124, 1123, 188, 16.53%, 0, 0, 2, 146.88, 10836, 283164
1602789395, 0, 1, 1125, 1124, 188, 16.53%, 0, 0, 2, 148.67, 10836, 283938
1602789400, 0, 1, 1127, 1126, 188, 16.53%, 0, 0, 2, 142.77, 10836, 284680
1602789405, 0, 1, 1130, 1129, 188, 16.54%, 0, 0, 2, 143.07, 10839, 285422
1602789411, 0, 1, 1132, 1131, 188, 16.54%, 0, 0, 2, 145.12, 10839, 286178
1602789416, 0, 2, 1135, 1133, 200, 16.54%, 0, 0, 2, 148.11, 10841, 286938
1602789421, 0, 2, 1148, 1146, 200, 16.55%, 0, 0, 2, 764.53, 10849, 290920
1602789426, 0, 2, 1151, 1149, 200, 16.62%, 0, 0, 2, 768.35, 10889, 294801
1602789431, 0, 2, 1153, 1151, 200, 16.62%, 0, 0, 2, 767.44, 10889, 298672
1602789436, 0, 2, 1174, 1172, 200, 16.62%, 0, 0, 2, 825.94, 10890, 303022
1602789441, 0, 2, 1179, 1177, 200, 16.62%, 0, 0, 2, 845.18, 10890, 307414
1602789446, 0, 2, 1184, 1182, 200, 16.62%, 0, 0, 2, 854.38, 10890, 311753
1602789457, 0, 2, 1187, 1185, 200, 16.62%, 0, 0, 2, 834.95, 10890, 320150
1602789462, 0, 9, 1187, 1183, 204, 16.62%, 0, 0, 2, 839.26, 10890, 324395
1602789610, 0, 9, 1188, 1184, 204, 16.62%, 0, 0, 3, 226.38, 10890, 367428
1602789625, 0, 9, 1191, 1187, 204, 16.62%, 0, 0, 3, 248.48, 10890, 371026
1602789630, 0, 9, 1192, 1188, 204, 16.62%, 0, 0, 3, 249.84, 10891, 372287
1602789635, 0, 9, 1193, 1189, 204, 16.62%, 0, 0, 3, 242.47, 10891, 373494
1602789640, 0, 9, 1194, 1190, 204, 16.62%, 0, 0, 3, 248.14, 10891, 374786
1602789645, 0, 9, 1195, 1191, 204, 16.62%, 0, 0, 3, 254.00, 10891, 376071
1602789650, 0, 9, 1198, 1194, 204, 16.62%, 0, 0, 3, 249.13, 10891, 377338
1602789655, 0, 9, 1201, 1197, 204, 16.62%, 0, 0, 3, 245.47, 10891, 378586
1602789660, 0, 9, 1202, 1198, 204, 16.62%, 0, 0, 3, 248.52, 10891, 379866
1602789665, 0, 9, 1203, 1199, 204, 16.62%, 0, 0, 3, 252.22, 10891, 381140
1602789671, 0, 9, 1207, 1203, 204, 16.62%, 0, 0, 3, 253.94, 10891, 382412
1602789676, 0, 9, 1208, 1204, 204, 16.62%, 0, 0, 3, 251.76, 10891, 383695
1602789681, 0, 9, 1209, 1205, 204, 16.62%, 0, 0, 3, 255.68, 10891, 384978
1602789686, 0, 9, 1211, 1207, 204, 16.62%, 0, 0, 3, 253.94, 10891, 386254
1602789691, 0, 9, 1216, 1212, 204, 16.64%, 0, 0, 3, 246.27, 10905, 387518
1602789696, 0, 9, 1217, 1213, 204, 16.64%, 0, 0, 3, 249.46, 10905, 388762
1602789701, 0, 9, 1219, 1215, 204, 16.64%, 0, 0, 3, 252.93, 10907, 390048
1602789706, 0, 9, 1221, 1217, 204, 16.64%, 0, 0, 3, 250.24, 10907, 391314
1602789711, 0, 9, 1223, 1219, 204, 16.65%, 0, 0, 3, 246.86, 10909, 392590
1602789716, 0, 9, 1224, 1220, 204, 16.65%, 0, 0, 3, 249.09, 10909, 393874
1602789721, 0, 9, 1226, 1222, 204, 16.69%, 0, 0, 3, 248.62, 10939, 395166
1602789727, 0, 9, 1229, 1225, 204, 16.69%, 0, 0, 3, 250.25, 10941, 396462
1602789732, 0, 9, 1231, 1227, 204, 16.69%, 0, 0, 3, 255.46, 10941, 397764
1602789737, 0, 9, 1232, 1228, 204, 16.69%, 0, 0, 3, 246.44, 10941, 399010
1602789742, 0, 9, 1235, 1231, 204, 16.69%, 0, 0, 3, 245.82, 10941, 400278
1602789747, 0, 9, 1238, 1234, 204, 16.69%, 0, 0, 3, 250.64, 10941, 401550
1602789752, 0, 18, 1239, 1234, 210, 16.69%, 0, 0, 3, 244.03, 10941, 402817
1602789956, 0, 18, 1241, 1236, 210, 16.69%, 0, 0, 3, 241.65, 10941, 448561
1602789961, 0, 18, 1243, 1238, 210, 16.69%, 0, 0, 3, 245.58, 10941, 449829
1602789971, 0, 18, 1246, 1241, 210, 16.69%, 0, 0, 3, 248.89, 10941, 452413
1602789976, 0, 18, 1248, 1243, 210, 16.69%, 0, 0, 3, 252.09, 10941, 453680
1602789986, 0, 18, 1249, 1244, 210, 16.70%, 0, 0, 3, 244.07, 10942, 456205
1602789992, 0, 18, 1250, 1245, 210, 16.70%, 0, 0, 3, 250.22, 10942, 457501
1602789997, 0, 18, 1252, 1247, 210, 16.70%, 0, 0, 3, 247.61, 10943, 458785
1602790002, 0, 18, 1255, 1250, 210, 16.70%, 0, 0, 3, 249.96, 10943, 460089
1602790012, 0, 18, 1256, 1251, 210, 16.72%, 0, 0, 3, 256.38, 10959, 462689
1602790028, 0, 18, 1258, 1253, 210, 16.72%, 0, 0, 3, 252.91, 10959, 466545
1602790038, 0, 18, 1259, 1254, 210, 16.72%, 0, 0, 3, 248.69, 10959, 469057
1602790043, 0, 18, 1261, 1256, 210, 16.73%, 0, 0, 3, 250.49, 10961, 470319
1602790048, 0, 18, 1262, 1257, 210, 16.73%, 0, 0, 3, 242.97, 10961, 471593
1602790058, 0, 18, 1263, 1258, 210, 16.73%, 0, 0, 3, 251.54, 10961, 474120
1602790068, 0, 18, 1265, 1260, 210, 16.73%, 0, 0, 3, 254.14, 10961, 476696
1602790078, 0, 18, 1266, 1261, 210, 16.73%, 0, 0, 3, 257.92, 10961, 479319
1602790084, 0, 18, 1267, 1262, 210, 16.73%, 0, 0, 3, 249.94, 10961, 480569
1602790089, 0, 19, 1267, 1261, 213, 16.73%, 0, 0, 3, 224.82, 10961, 481696
1602790288, 0, 19, 1268, 1262, 213, 16.73%, 0, 0, 3, 234.03, 10961, 526183
1602790298, 0, 20, 1268, 1261, 213, 16.73%, 0, 0, 3, 235.00, 10961, 528722
1602790502, 0, 20, 1270, 1263, 213, 16.73%, 0, 0, 3, 249.68, 10961, 574572
1602790508, 0, 20, 1273, 1266, 213, 16.73%, 0, 0, 3, 255.40, 10961, 575873
1602790523, 0, 20, 1275, 1268, 213, 16.73%, 0, 0, 3, 257.00, 10963, 579748
1602790528, 0, 20, 1277, 1270, 213, 16.73%, 0, 0, 3, 255.51, 10967, 581024
1602790533, 0, 20, 1278, 1271, 213, 16.73%, 0, 0, 3, 257.02, 10967, 582322
1602790543, 0, 20, 1280, 1273, 213, 16.73%, 0, 0, 3, 258.02, 10967, 584948
1602790553, 0, 20, 1283, 1276, 213, 16.74%, 0, 0, 3, 258.80, 10968, 587547
1602790558, 0, 20, 1284, 1277, 213, 16.74%, 0, 0, 3, 258.06, 10968, 588840
1602790568, 0, 20, 1285, 1278, 213, 16.74%, 0, 0, 3, 261.37, 10968, 591508
1602790573, 0, 20, 1286, 1279, 213, 16.74%, 0, 0, 3, 251.80, 10968, 592771
1602790578, 0, 20, 1289, 1282, 213, 16.74%, 0, 0, 3, 251.85, 10968, 594050
1602790583, 0, 20, 1290, 1283, 213, 16.74%, 0, 0, 3, 255.75, 10968, 595343
1602790588, 0, 20, 1291, 1284, 213, 16.74%, 0, 0, 3, 256.20, 10968, 596631
1602790598, 0, 20, 1293, 1286, 213, 16.74%, 0, 0, 3, 247.16, 10968, 599160
1602790603, 0, 20, 1294, 1287, 213, 16.74%, 0, 0, 3, 250.07, 10968, 600420
1602790608, 0, 20, 1295, 1288, 213, 16.74%, 0, 0, 3, 255.60, 10968, 601703
1602790614, 0, 20, 1296, 1289, 213, 16.74%, 0, 0, 3, 257.50, 10968, 603051
1602790619, 0, 20, 1298, 1291, 213, 16.74%, 0, 0, 3, 260.37, 10968, 604347
1602790624, 0, 20, 1299, 1292, 213, 16.74%, 0, 0, 3, 257.66, 10968, 605645
1602790629, 0, 24, 1299, 1291, 215, 16.74%, 0, 0, 3, 420.25, 10968, 607827
1602790639, 0, 45, 1299, 1290, 212, 16.74%, 0, 0, 3, 316.13, 10968, 612072
1602790843, 0, 71, 1299, 1289, 211, 16.74%, 0, 0, 3, 228.64, 10968, 657935
1602791041, 0, 71, 1300, 1290, 211, 16.74%, 0, 0, 3, 222.75, 10968, 702727
1602791047, 0, 71, 1301, 1291, 211, 16.74%, 0, 0, 3, 245.86, 10968, 704031
1602791052, 0, 71, 1303, 1293, 211, 16.74%, 0, 0, 3, 248.13, 10968, 705323
1602791057, 0, 71, 1305, 1295, 211, 16.74%, 0, 0, 3, 250.92, 10968, 706593
1602791062, 0, 71, 1306, 1296, 211, 16.74%, 0, 0, 3, 248.16, 10968, 707879
1602791067, 0, 71, 1308, 1298, 211, 17.75%, 0, 0, 3, 246.68, 11630, 709167
1602791078, 0, 71, 1309, 1299, 211, 17.75%, 0, 0, 3, 251.02, 11630, 711780
1602791083, 0, 71, 1310, 1300, 211, 17.75%, 0, 0, 3, 255.16, 11630, 713118
1602791093, 0, 71, 1313, 1303, 211, 17.75%, 0, 0, 3, 251.06, 11635, 715727
1602791103, 0, 71, 1314, 1304, 211, 17.75%, 0, 0, 3, 252.09, 11635, 718290
1602791124, 0, 71, 1315, 1305, 211, 17.75%, 0, 0, 3, 247.90, 11635, 723459
1602791129, 0, 71, 1317, 1307, 211, 17.75%, 0, 0, 3, 251.79, 11635, 724769
1602791134, 0, 71, 1319, 1309, 211, 17.75%, 0, 0, 3, 253.77, 11635, 726055
1602791144, 0, 71, 1321, 1311, 211, 17.75%, 0, 0, 3, 248.89, 11635, 728567
1602791149, 0, 71, 1324, 1314, 211, 17.75%, 0, 0, 3, 252.66, 11635, 729845
1602791165, 0, 71, 1325, 1315, 211, 17.75%, 0, 0, 3, 255.89, 11635, 733748
1602791175, 0, 74, 1325, 1314, 212, 17.75%, 0, 0, 3, 239.87, 11635, 736258
1602791221, 0, 74, 1326, 1315, 212, 17.75%, 0, 0, 3, 225.48, 11635, 746571
1602791379, 0, 74, 1327, 1316, 212, 17.75%, 0, 0, 3, 240.47, 11635, 782149
1602791384, 0, 74, 1328, 1317, 212, 17.80%, 0, 0, 3, 246.86, 11663, 783393
1602791394, 0, 74, 1330, 1319, 212, 17.80%, 0, 0, 3, 252.17, 11664, 785981
1602791405, 0, 74, 1332, 1321, 212, 17.80%, 0, 0, 3, 249.93, 11665, 788505
1602791425, 0, 74, 1334, 1323, 212, 17.80%, 0, 0, 3, 249.34, 11665, 793681
1602791430, 0, 74, 1335, 1324, 212, 17.80%, 0, 0, 3, 254.83, 11665, 794957
1602791446, 0, 74, 1337, 1326, 212, 17.80%, 0, 0, 3, 251.86, 11667, 798873
1602791466, 0, 74, 1338, 1327, 212, 17.80%, 0, 0, 3, 254.54, 11667, 804031
1602791471, 0, 74, 1340, 1329, 212, 17.80%, 0, 0, 3, 244.33, 11667, 805297
1602791476, 0, 74, 1342, 1331, 212, 17.81%, 0, 0, 3, 244.79, 11672, 806553
1602791481, 0, 74, 1344, 1333, 212, 17.81%, 0, 0, 3, 252.47, 11672, 807874
1602791491, 0, 74, 1347, 1336, 212, 17.81%, 0, 0, 3, 252.80, 11672, 810413
1602791507, 0, 76, 1347, 1335, 216, 17.81%, 0, 0, 3, 240.61, 11672, 814224
1602791522, 0, 76, 1348, 1336, 216, 17.81%, 0, 0, 3, 226.41, 11674, 817680
1602791573, 0, 76, 1350, 1338, 216, 17.82%, 0, 0, 3, 222.48, 11678, 829061
1602791711, 0, 76, 1352, 1340, 216, 17.82%, 0, 0, 3, 246.44, 11678, 860003
1602791716, 0, 76, 1353, 1341, 216, 17.82%, 0, 0, 3, 251.76, 11678, 861295
1602791726, 0, 76, 1354, 1342, 216, 17.82%, 0, 0, 3, 247.10, 11678, 863839
1602791746, 0, 76, 1356, 1344, 216, 17.82%, 0, 0, 3, 253.41, 11678, 868884
1602791751, 0, 76, 1357, 1345, 216, 17.83%, 0, 0, 3, 253.73, 11685, 870162
1602791766, 0, 76, 1358, 1346, 216, 17.83%, 0, 0, 3, 245.18, 11685, 873967
1602791781, 0, 76, 1359, 1347, 216, 17.83%, 0, 0, 3, 256.79, 11685, 877843
1602791786, 0, 76, 1361, 1349, 216, 17.83%, 0, 0, 3, 256.71, 11685, 879139
1602791807, 0, 76, 1363, 1351, 216, 17.83%, 0, 0, 3, 251.48, 11685, 884220
1602791827, 0, 76, 1364, 1352, 216, 17.83%, 0, 0, 3, 256.49, 11685, 889378
1602791837, 0, 77, 1364, 1351, 217, 17.83%, 0, 0, 3, 244.62, 11685, 891886
1602792047, 0, 84, 1364, 1350, 216, 17.83%, 0, 0, 3, 232.80, 11685, 938984
1602792251, 0, 105, 1364, 1349, 216, 17.83%, 0, 0, 3, 233.89, 11685, 985285
1602792449, 0, 125, 1364, 1348, 215, 17.83%, 0, 0, 3, 241.00, 11685, 1030406
1602792658, 0, 132, 1364, 1347, 214, 17.83%, 0, 0, 3, 225.41, 11685, 1077285
1602792862, 0, 132, 1366, 1349, 214, 17.83%, 0, 0, 3, 250.83, 11685, 1123024
1602792877, 0, 139, 1366, 1348, 213, 17.83%, 0, 0, 3, 234.76, 11685, 1126782
1602793081, 0, 140, 1366, 1347, 212, 17.83%, 0, 0, 3, 235.94, 11685, 1172699
1602793281, 0, 140, 1368, 1349, 212, 17.83%, 0, 0, 3, 232.32, 11685, 1217640
1602793296, 0, 146, 1368, 1348, 212, 17.83%, 0, 0, 3, 396.70, 11685, 1222057
1602793301, 0, 153, 1368, 1347, 211, 17.83%, 0, 0, 3, 270.96, 11685, 1223353
1602793505, 0, 161, 1368, 1346, 210, 17.83%, 0, 0, 3, 231.51, 11685, 1269359
1602793658, 0, 161, 1371, 1349, 210, 17.83%, 0, 0, 3, 250.07, 11685, 1303741
1602793663, 0, 161, 1372, 1350, 210, 17.83%, 0, 0, 3, 253.91, 11685, 1305069
1602793669, 0, 161, 1373, 1351, 210, 18.03%, 0, 0, 3, 247.67, 11815, 1306346
1602793679, 0, 161, 1375, 1353, 210, 18.03%, 0, 0, 3, 253.60, 11815, 1308958
1602793689, 0, 161, 1376, 1354, 210, 18.03%, 0, 0, 3, 256.86, 11815, 1311551
1602793694, 0, 161, 1378, 1356, 210, 18.03%, 0, 0, 3, 255.57, 11815, 1312879
1602793699, 0, 161, 1380, 1358, 210, 18.06%, 0, 0, 3, 257.54, 11838, 1314163
1602793709, 0, 161, 1381, 1359, 210, 18.06%, 0, 0, 3, 247.00, 11838, 1316654
1602793715, 0, 161, 1382, 1360, 210, 18.07%, 0, 0, 3, 254.93, 11840, 1317949
1602793730, 0, 161, 1383, 1361, 210, 18.07%, 0, 0, 3, 249.38, 11840, 1321798
1602793735, 0, 161, 1384, 1362, 210, 18.07%, 0, 0, 3, 253.71, 11840, 1323070
1602793745, 0, 161, 1385, 1363, 210, 18.07%, 0, 0, 3, 255.85, 11840, 1325663
1602793755, 0, 161, 1386, 1364, 210, 18.07%, 0, 0, 3, 245.81, 11840, 1328170
1602793760, 0, 161, 1387, 1365, 210, 18.07%, 0, 0, 3, 250.85, 11840, 1329469
1602793771, 0, 161, 1388, 1366, 210, 18.07%, 0, 0, 3, 255.01, 11840, 1332122
1602793776, 0, 161, 1389, 1367, 210, 18.07%, 0, 0, 3, 253.60, 11840, 1333405
1602793786, 0, 163, 1391, 1368, 216, 18.07%, 0, 0, 3, 238.14, 11840, 1335929
1602793990, 0, 163, 1393, 1370, 216, 18.07%, 0, 0, 3, 246.90, 11840, 1381844
1602794000, 0, 163, 1394, 1371, 216, 18.07%, 0, 0, 3, 248.76, 11842, 1384364
1602794021, 0, 164, 1394, 1370, 216, 18.07%, 0, 0, 3, 231.47, 11842, 1389435
1602794026, 0, 164, 1395, 1371, 216, 18.07%, 0, 0, 3, 225.20, 11844, 1390575
1602794036, 0, 164, 1396, 1372, 216, 18.08%, 0, 0, 3, 219.42, 11846, 1392839
1602794220, 0, 164, 1397, 1373, 216, 18.08%, 0, 0, 3, 231.35, 11846, 1434099
1602794230, 0, 165, 1397, 1372, 217, 18.08%, 0, 0, 3, 239.83, 11846, 1436602
1602794235, 0, 165, 1398, 1373, 217, 18.08%, 0, 0, 3, 227.81, 11848, 1437754
1602794404, 0, 165, 1399, 1374, 217, 18.09%, 0, 0, 3, 226.37, 11854, 1475724
1602794429, 0, 165, 1400, 1375, 217, 18.09%, 0, 0, 3, 234.51, 11854, 1481525
1602794434, 0, 165, 1401, 1376, 217, 18.09%, 0, 0, 3, 247.62, 11854, 1482785
1602794444, 0, 165, 1402, 1377, 217, 18.09%, 0, 0, 3, 254.72, 11854, 1485407
1602794450, 0, 165, 1403, 1378, 217, 18.09%, 0, 0, 3, 254.14, 11854, 1486720
1602794465, 0, 165, 1404, 1379, 217, 18.09%, 0, 0, 3, 251.22, 11854, 1490578
1602794480, 0, 165, 1406, 1381, 217, 18.09%, 0, 0, 3, 254.93, 11856, 1494474
1602794495, 0, 165, 1407, 1382, 217, 18.09%, 0, 0, 3, 257.10, 11856, 1498382
1602794500, 0, 165, 1408, 1383, 217, 18.09%, 0, 0, 3, 254.92, 11856, 1499655
1602794505, 0, 165, 1410, 1385, 217, 18.09%, 0, 0, 3, 255.99, 11856, 1500991
1602794511, 0, 165, 1411, 1386, 217, 18.09%, 0, 0, 3, 253.80, 11856, 1502274
1602794531, 0, 165, 1412, 1387, 217, 18.09%, 0, 0, 3, 254.60, 11856, 1507382
1602794536, 0, 165, 1416, 1391, 217, 18.09%, 0, 0, 3, 253.63, 11858, 1508664
1602794541, 0, 165, 1417, 1392, 217, 18.09%, 0, 0, 3, 248.72, 11858, 1509917
1602794546, 0, 165, 1418, 1393, 217, 18.09%, 0, 0, 3, 250.07, 11858, 1511215
1602794551, 0, 165, 1419, 1394, 217, 18.09%, 0, 0, 3, 250.24, 11858, 1512513
1602794556, 0, 165, 1420, 1395, 217, 18.09%, 0, 0, 3, 253.25, 11858, 1513791
1602794561, 0, 174, 1421, 1395, 218, 18.11%, 0, 0, 3, 237.06, 11867, 1514992
1602794765, 0, 195, 1421, 1394, 217, 18.11%, 0, 0, 3, 233.90, 11867, 1561275
1602794964, 0, 195, 1423, 1396, 217, 18.11%, 0, 0, 3, 237.18, 11867, 1606387
1602794970, 0, 195, 1424, 1397, 217, 18.11%, 0, 0, 3, 247.99, 11867, 1607679
1602794975, 0, 195, 1426, 1399, 217, 18.11%, 0, 0, 3, 254.37, 11867, 1609003
1602794980, 0, 195, 1427, 1400, 217, 18.11%, 0, 0, 3, 250.54, 11867, 1610301
1602794985, 0, 195, 1429, 1402, 217, 18.11%, 0, 0, 3, 245.54, 11867, 1611563
1602794990, 0, 195, 1430, 1403, 217, 18.11%, 0, 0, 3, 255.75, 11867, 1612905
1602794995, 0, 195, 1432, 1405, 217, 18.11%, 0, 0, 3, 255.91, 11867, 1614196
1602795005, 0, 195, 1433, 1406, 217, 18.13%, 0, 0, 3, 253.04, 11879, 1616754
1602795015, 0, 195, 1434, 1407, 217, 18.13%, 0, 0, 3, 250.24, 11879, 1619292
1602795026, 0, 195, 1435, 1408, 217, 18.13%, 0, 0, 3, 249.51, 11879, 1621835
1602795051, 0, 195, 1436, 1409, 217, 18.13%, 0, 0, 3, 248.26, 11879, 1628191
1602795072, 0, 195, 1438, 1411, 217, 18.13%, 0, 0, 3, 248.40, 11879, 1633279
1602795082, 0, 195, 1439, 1412, 217, 18.13%, 0, 0, 3, 251.90, 11879, 1635887
1602795092, 0, 196, 1439, 1411, 221, 18.13%, 0, 0, 3, 246.57, 11879, 1638475
1602795102, 0, 196, 1440, 1412, 221, 18.13%, 0, 0, 3, 223.20, 11881, 1640718
1602795296, 0, 197, 1440, 1411, 221, 18.13%, 0, 0, 3, 246.45, 11881, 1684764
1602795501, 0, 197, 1441, 1412, 221, 18.13%, 0, 0, 3, 250.24, 11881, 1731135
1602795506, 0, 197, 1442, 1413, 221, 18.13%, 0, 0, 3, 257.77, 11881, 1732438
1602795516, 0, 199, 1442, 1412, 220, 18.13%, 0, 0, 3, 233.21, 11881, 1734906
1602795715, 0, 199, 1443, 1413, 220, 18.13%, 0, 0, 3, 241.20, 11883, 1779578
1602795726, 0, 205, 1443, 1412, 220, 18.13%, 0, 0, 3, 231.60, 11883, 1782073
1602795930, 0, 208, 1443, 1411, 219, 18.13%, 0, 0, 3, 224.82, 11883, 1828319
1602796129, 0, 208, 1444, 1412, 219, 18.28%, 0, 0, 3, 245.37, 11978, 1873446
1602796134, 0, 216, 1444, 1411, 217, 18.28%, 0, 0, 3, 245.33, 11978, 1874737
1602796339, 0, 216, 1447, 1414, 217, 18.28%, 0, 0, 3, 245.67, 11978, 1920892
1602796344, 0, 216, 1448, 1415, 217, 18.28%, 0, 0, 3, 251.93, 11978, 1922176
1602796364, 0, 216, 1449, 1416, 217, 18.28%, 0, 0, 3, 253.80, 11978, 1927344
1602796380, 0, 216, 1450, 1417, 217, 18.28%, 0, 0, 3, 253.09, 11978, 1931277
1602796385, 0, 216, 1452, 1419, 217, 18.28%, 0, 0, 3, 255.41, 11978, 1932568
1602796415, 0, 216, 1453, 1420, 217, 18.28%, 0, 0, 3, 255.10, 11978, 1940211
1602796435, 0, 216, 1454, 1421, 217, 18.28%, 0, 0, 3, 252.96, 11978, 1945389
1602796466, 0, 217, 1454, 1420, 217, 18.28%, 0, 0, 3, 239.46, 11978, 1953103
1602796471, 0, 217, 1455, 1421, 217, 18.28%, 0, 0, 3, 228.46, 11979, 1954243
1602796481, 0, 217, 1456, 1422, 217, 18.28%, 0, 0, 3, 225.99, 11981, 1956551
1602796527, 0, 217, 1457, 1423, 217, 18.28%, 0, 0, 3, 225.60, 11982, 1966960
1602796670, 0, 219, 1457, 1422, 219, 18.28%, 0, 0, 3, 284.04, 11982, 1999562
1602796767, 0, 220, 1458, 1422, 217, 18.28%, 0, 0, 3, 304.10, 11982, 2029807
1602796971, 0, 222, 1458, 1421, 217, 18.28%, 0, 0, 3, 241.58, 11982, 2075986
1602797175, 0, 230, 1458, 1420, 217, 18.28%, 0, 0, 3, 238.77, 11982, 2122256
1602797379, 0, 240, 1458, 1419, 216, 18.28%, 0, 0, 3, 233.48, 11982, 2168575
1602797583, 0, 242, 1458, 1418, 215, 18.28%, 0, 0, 3, 239.39, 11982, 2214497
1602797787, 0, 242, 1460, 1420, 215, 18.28%, 0, 0, 3, 242.81, 11982, 2260228
1602797792, 0, 242, 1461, 1421, 215, 18.28%, 0, 0, 3, 245.33, 11982, 2261504
1602797797, 0, 242, 1462, 1422, 215, 18.28%, 0, 0, 3, 250.95, 11982, 2262765
1602797807, 0, 242, 1463, 1423, 215, 18.28%, 0, 0, 3, 250.94, 11982, 2265308
1602797817, 0, 242, 1464, 1424, 215, 18.28%, 0, 0, 3, 256.25, 11982, 2267856
1602797822, 0, 242, 1465, 1425, 215, 18.28%, 0, 0, 3, 252.54, 11982, 2269129
1602797843, 0, 242, 1466, 1426, 215, 18.28%, 0, 0, 3, 253.22, 11982, 2274222
1602797853, 0, 242, 1468, 1428, 215, 18.28%, 0, 0, 3, 245.80, 11982, 2276744
1602797868, 0, 242, 1469, 1429, 215, 18.28%, 0, 0, 3, 249.72, 11982, 2280531
1602797909, 0, 242, 1471, 1431, 215, 18.28%, 0, 0, 3, 251.84, 11982, 2290827
1602797914, 0, 243, 1472, 1431, 215, 18.28%, 0, 0, 3, 249.09, 11982, 2292088
1602798118, 0, 243, 1474, 1433, 215, 18.28%, 0, 0, 3, 248.67, 11982, 2338130
1602798123, 0, 243, 1475, 1434, 215, 18.28%, 0, 0, 3, 253.86, 11982, 2339423
1602798148, 0, 246, 1475, 1433, 214, 18.28%, 0, 0, 3, 242.26, 11982, 2345837
1602798347, 0, 246, 1476, 1434, 214, 18.28%, 0, 0, 3, 234.52, 11982, 2391080
1602798352, 0, 246, 1477, 1435, 214, 18.28%, 0, 0, 3, 253.02, 11982, 2392367
1602798363, 0, 246, 1478, 1436, 214, 18.28%, 0, 0, 3, 253.92, 11982, 2394970
1602798368, 0, 246, 1480, 1438, 214, 18.28%, 0, 0, 3, 252.39, 11982, 2396226
1602798378, 0, 246, 1482, 1440, 214, 18.28%, 0, 0, 3, 256.08, 11982, 2398782
1602798408, 0, 246, 1483, 1441, 214, 18.28%, 0, 0, 3, 252.92, 11983, 2406470
1602798413, 0, 246, 1484, 1442, 214, 18.28%, 0, 0, 3, 257.08, 11983, 2407763
1602798434, 0, 246, 1485, 1443, 214, 18.28%, 0, 0, 3, 257.58, 11983, 2412896
1602798454, 0, 246, 1486, 1444, 214, 18.28%, 0, 0, 3, 257.37, 11983, 2417994
1602798459, 0, 246, 1487, 1445, 214, 18.28%, 0, 0, 3, 254.93, 11983, 2419287
1602798479, 0, 248, 1487, 1444, 215, 18.28%, 0, 0, 3, 235.47, 11983, 2424355
1602798683, 0, 249, 1487, 1443, 214, 18.28%, 0, 0, 3, 231.33, 11983, 2470721
1602798887, 0, 253, 1487, 1442, 213, 18.28%, 0, 0, 3, 235.92, 11983, 2516451
1602799092, 0, 254, 1487, 1441, 212, 18.28%, 0, 0, 3, 236.39, 11983, 2562473
1602799296, 0, 257, 1487, 1440, 211, 18.28%, 0, 0, 3, 230.52, 11983, 2608777
1602799500, 0, 257, 1488, 1441, 211, 18.28%, 0, 0, 3, 255.44, 11983, 2655198
1602799505, 0, 266, 1488, 1440, 211, 18.28%, 0, 0, 3, 226.77, 11983, 2656322
1602799715, 0, 270, 1489, 1440, 210, 18.29%, 0, 0, 3, 238.37, 11984, 2703568
1602799761, 0, 270, 1490, 1441, 210, 18.29%, 0, 0, 3, 225.24, 11989, 2713985
1602799919, 0, 276, 1490, 1440, 210, 18.29%, 0, 0, 3, 236.19, 11989, 2749766
1602800118, 0, 276, 1491, 1441, 210, 18.29%, 0, 0, 3, 232.96, 11989, 2794507
1602800129, 0, 277, 1491, 1440, 209, 18.29%, 0, 0, 3, 238.38, 11989, 2797058
1602800328, 0, 277, 1492, 1441, 209, 18.29%, 0, 0, 3, 241.57, 11989, 2842169
1602800333, 0, 277, 1494, 1443, 209, 18.29%, 0, 0, 3, 250.81, 11989, 2843474
1602800348, 0, 277, 1495, 1444, 209, 18.29%, 0, 0, 3, 248.64, 11989, 2847321
1602800368, 0, 277, 1497, 1446, 209, 18.29%, 0, 0, 3, 253.95, 11989, 2852548
1602800409, 0, 277, 1499, 1448, 209, 18.29%, 0, 0, 3, 257.30, 11989, 2862949
1602800414, 0, 277, 1500, 1449, 209, 18.29%, 0, 0, 3, 255.78, 11989, 2864237
1602800424, 0, 277, 1501, 1450, 209, 18.29%, 0, 0, 3, 254.90, 11989, 2866835
1602800434, 0, 277, 1502, 1451, 209, 18.29%, 0, 0, 3, 254.97, 11989, 2869413
1602800450, 0, 277, 1503, 1452, 209, 18.29%, 0, 0, 3, 250.91, 11989, 2873241
1602800455, 0, 288, 1503, 1451, 210, 18.29%, 0, 0, 3, 249.99, 11989, 2874524
1602800521, 0, 288, 1504, 1452, 210, 18.30%, 0, 0, 3, 228.51, 11991, 2889557
1602800659, 0, 290, 1504, 1451, 210, 18.30%, 0, 0, 3, 241.41, 11991, 2920881
1602800863, 0, 293, 1504, 1450, 209, 18.30%, 0, 0, 3, 242.11, 11991, 2967090
1602800868, 0, 293, 1505, 1451, 209, 18.30%, 0, 0, 3, 230.83, 11993, 2968242
1602800878, 0, 293, 1506, 1452, 209, 18.30%, 0, 0, 3, 225.93, 11995, 2970550
1602800930, 0, 293, 1507, 1453, 209, 18.30%, 0, 0, 3, 227.96, 11996, 2982111
1602801067, 0, 293, 1509, 1455, 209, 18.30%, 0, 0, 3, 250.15, 11996, 3013275
1602801078, 0, 293, 1510, 1456, 209, 18.30%, 0, 0, 3, 255.02, 11996, 3015862
1602801098, 0, 294, 1510, 1455, 210, 18.30%, 0, 0, 3, 237.31, 11996, 3020890
1602801297, 0, 294, 1511, 1456, 210, 18.30%, 0, 0, 3, 236.76, 11996, 3065789
1602801302, 0, 294, 1512, 1457, 210, 18.30%, 0, 0, 3, 249.37, 11996, 3067101
1602801313, 0, 295, 1512, 1456, 209, 18.30%, 0, 0, 3, 249.74, 11996, 3069712
1602801318, 0, 295, 1513, 1457, 209, 18.31%, 0, 0, 3, 233.55, 11998, 3070868
1602801379, 0, 295, 1514, 1458, 209, 18.31%, 0, 0, 3, 225.68, 12000, 3084765
1602801512, 0, 295, 1515, 1459, 209, 18.31%, 0, 0, 3, 227.75, 12000, 3114871
1602801517, 0, 295, 1517, 1461, 209, 18.31%, 0, 0, 3, 250.47, 12000, 3116195
1602801532, 0, 295, 1518, 1462, 209, 18.31%, 0, 0, 3, 252.84, 12000, 3120051
1602801548, 0, 295, 1519, 1463, 209, 18.49%, 0, 0, 3, 253.32, 12120, 3123829
1602801583, 0, 295, 1520, 1464, 209, 18.49%, 0, 0, 3, 255.84, 12120, 3132957
1602801603, 0, 295, 1521, 1465, 209, 18.50%, 0, 0, 3, 257.74, 12122, 3138115
1602801609, 0, 295, 1523, 1467, 209, 18.50%, 0, 0, 3, 256.24, 12122, 3139441
1602801644, 0, 297, 1523, 1466, 211, 18.50%, 0, 0, 3, 236.15, 12122, 3148390
1602801659, 0, 297, 1524, 1467, 211, 18.50%, 0, 0, 3, 229.90, 12124, 3151854
1602801705, 0, 297, 1525, 1468, 211, 18.50%, 0, 0, 3, 226.18, 12126, 3162239
1602801848, 0, 298, 1525, 1467, 212, 18.50%, 0, 0, 3, 231.84, 12126, 3194604
1602802016, 0, 298, 1526, 1468, 212, 18.51%, 0, 0, 3, 221.38, 12132, 3232546
1602802052, 0, 298, 1527, 1469, 212, 18.51%, 0, 0, 3, 242.27, 12132, 3240631
1602802057, 0, 299, 1527, 1468, 212, 18.51%, 0, 0, 3, 230.75, 12132, 3241798
1602802256, 0, 299, 1528, 1469, 212, 18.51%, 0, 0, 3, 226.71, 12132, 3286274
1602802261, 0, 299, 1529, 1470, 212, 18.51%, 0, 0, 3, 250.95, 12132, 3287608
1602802276, 0, 301, 1529, 1469, 212, 18.51%, 0, 0, 3, 230.05, 12132, 3291293
1602802475, 0, 301, 1531, 1471, 212, 18.51%, 0, 0, 3, 244.23, 12132, 3336289
1602802490, 0, 302, 1531, 1470, 212, 18.51%, 0, 0, 3, 241.47, 12132, 3340072
1602802694, 0, 305, 1531, 1469, 211, 18.51%, 0, 0, 3, 236.86, 12132, 3386313
1602802898, 0, 306, 1531, 1468, 210, 18.51%, 0, 0, 3, 229.62, 12132, 3432356
1602803102, 0, 306, 1532, 1469, 210, 18.51%, 0, 0, 3, 248.58, 12132, 3478622
1602803107, 0, 306, 1533, 1470, 210, 18.51%, 0, 0, 3, 250.89, 12133, 3479901
1602803112, 0, 307, 1533, 1469, 209, 18.51%, 0, 0, 3, 247.55, 12133, 3481158
1602803321, 0, 308, 1533, 1468, 208, 18.51%, 0, 0, 3, 232.40, 12133, 3527918
1602803521, 0, 308, 1534, 1469, 208, 18.51%, 0, 0, 3, 240.47, 12133, 3572920
1602803531, 0, 311, 1534, 1468, 208, 18.51%, 0, 0, 3, 236.14, 12133, 3575411
1602803730, 0, 311, 1535, 1469, 208, 18.51%, 0, 0, 3, 242.75, 12133, 3620410
1602803735, 0, 311, 1536, 1470, 208, 18.51%, 0, 0, 3, 252.62, 12133, 3621734
1602803745, 0, 315, 1536, 1469, 208, 18.51%, 0, 0, 3, 235.51, 12133, 3624253
1602803950, 0, 316, 1536, 1468, 207, 18.51%, 0, 0, 3, 246.15, 12133, 3670140
1602804148, 0, 336, 1536, 1467, 206, 18.51%, 0, 0, 3, 242.98, 12133, 3715202
1602804307, 0, 336, 1538, 1469, 206, 18.51%, 0, 0, 3, 249.27, 12133, 3750781
1602804317, 0, 358, 1538, 1468, 206, 18.51%, 0, 0, 3, 247.92, 12133, 3753289
1602804531, 0, 372, 1538, 1467, 205, 18.51%, 0, 0, 3, 242.34, 12133, 3801754
1602804663, 0, 379, 1538, 1466, 205, 18.51%, 0, 0, 3, 260.19, 12133, 3833305
1602804789, 0, 394, 1538, 1465, 204, 18.51%, 0, 0, 3, 255.38, 12133, 3866554
1602804861, 0, 416, 1538, 1464, 203, 18.51%, 0, 0, 3, 273.79, 12133, 3884772
1602804968, 0, 457, 1538, 1463, 202, 18.51%, 0, 0, 3, 254.38, 12133, 3914262
1602805142, 0, 457, 1539, 1464, 202, 18.51%, 0, 0, 3, 254.80, 12133, 3955417
1602805147, 0, 469, 1539, 1463, 201, 18.51%, 0, 0, 3, 257.59, 12133, 3956740
1602805392, 0, 498, 1539, 1462, 200, 18.51%, 0, 0, 3, 243.03, 12133, 4009979
1602805515, 0, 498, 1540, 1463, 200, 18.51%, 0, 0, 3, 266.13, 12133, 4039622
1602805520, 0, 529, 1540, 1462, 200, 18.51%, 0, 0, 3, 262.99, 12133, 4040985
1602805592, 0, 534, 1540, 1461, 199, 18.51%, 0, 0, 3, 268.37, 12133, 4059614
1602805730, 0, 543, 1541, 1461, 199, 18.51%, 0, 0, 3, 278.37, 12133, 4094002
1602805847, 0, 550, 1541, 1460, 199, 18.51%, 0, 0, 3, 266.13, 12133, 4125774
1602805919, 0, 550, 1543, 1462, 199, 18.52%, 0, 0, 3, 253.35, 12135, 4143536
1602805949, 0, 550, 1544, 1463, 199, 18.52%, 0, 0, 3, 247.36, 12137, 4151116
1602805954, 0, 550, 1545, 1464, 199, 18.52%, 0, 0, 3, 260.67, 12137, 4152468
1602805959, 0, 550, 1547, 1466, 199, 18.52%, 0, 0, 3, 276.65, 12137, 4153909
1602805974, 0, 550, 1548, 1467, 199, 18.55%, 0, 0, 3, 272.57, 12155, 4158097
1602805980, 0, 550, 1549, 1468, 199, 18.55%, 0, 0, 3, 276.95, 12155, 4159530
1602805985, 0, 550, 1551, 1470, 199, 18.55%, 0, 0, 3, 284.37, 12155, 4160966
1602806000, 0, 550, 1552, 1471, 199, 18.55%, 0, 0, 3, 284.74, 12155, 4165269
1602806005, 0, 550, 1553, 1472, 199, 18.56%, 0, 0, 3, 276.88, 12164, 4166697
1602806020, 0, 550, 1554, 1473, 199, 18.56%, 0, 0, 3, 284.36, 12165, 4171040
1602806025, 0, 550, 1556, 1475, 199, 18.56%, 0, 0, 3, 279.29, 12165, 4172476
1602806041, 0, 550, 1557, 1476, 199, 18.59%, 0, 0, 3, 280.02, 12183, 4176734
1602806056, 0, 550, 1558, 1477, 199, 18.59%, 0, 0, 3, 279.07, 12183, 4181062
1602806066, 0, 550, 1559, 1478, 199, 18.59%, 0, 0, 3, 281.60, 12183, 4183955
1602806071, 0, 556, 1559, 1477, 201, 18.59%, 0, 0, 3, 277.83, 12183, 4185398
1602806194, 0, 561, 1559, 1476, 200, 18.59%, 0, 0, 3, 280.17, 12183, 4217844
1602806281, 0, 561, 1560, 1477, 200, 18.59%, 0, 0, 3, 303.02, 12183, 4242812
1602806286, 0, 574, 1560, 1476, 199, 18.59%, 0, 0, 3, 285.64, 12183, 4244328
1602806362, 0, 574, 1561, 1477, 199, 18.59%, 0, 0, 3, 263.07, 12183, 4264234
1602806413, 0, 576, 1561, 1476, 199, 18.59%, 0, 0, 3, 289.39, 12183, 4277789
1602806418, 0, 576, 1562, 1477, 199, 18.59%, 0, 0, 3, 294.28, 12183, 4279300
1602806495, 0, 585, 1562, 1476, 199, 18.59%, 0, 0, 3, 293.54, 12183, 4301953
1602806608, 0, 596, 1562, 1475, 198, 18.59%, 0, 0, 3, 294.80, 12183, 4330892
1602806623, 0, 596, 1563, 1476, 198, 18.59%, 0, 0, 3, 310.85, 12183, 4335659
1602806685, 0, 596, 1564, 1477, 198, 18.62%, 0, 0, 3, 341.18, 12206, 4354841
1602806690, 0, 602, 1564, 1476, 198, 18.62%, 0, 0, 3, 327.84, 12206, 4356518
1602806731, 0, 602, 1565, 1477, 198, 18.63%, 0, 0, 3, 309.82, 12211, 4369202
1602806756, 0, 602, 1566, 1478, 198, 18.63%, 0, 0, 3, 307.59, 12212, 4377069
1602806762, 0, 602, 1568, 1480, 198, 18.63%, 0, 0, 3, 331.15, 12212, 4378820
1602806767, 0, 602, 1569, 1481, 198, 18.64%, 0, 0, 3, 345.16, 12213, 4380562
1602806777, 0, 602, 1570, 1482, 198, 18.64%, 0, 0, 3, 349.65, 12213, 4384155
1602806792, 0, 602, 1572, 1484, 198, 18.64%, 0, 0, 3, 352.69, 12213, 4389484
1602806802, 0, 602, 1573, 1485, 198, 18.64%, 0, 0, 3, 351.57, 12215, 4393076
1602806853, 0, 619, 1573, 1484, 199, 18.64%, 0, 0, 3, 293.84, 12215, 4410559
1602806996, 0, 620, 1573, 1483, 198, 18.64%, 0, 0, 3, 235.80, 12215, 4444646
1602807001, 0, 620, 1574, 1484, 198, 18.64%, 0, 0, 3, 214.24, 12215, 4445702
1602807168, 0, 620, 1576, 1486, 198, 18.64%, 0, 0, 3, 224.99, 12215, 4480878
1602807184, 0, 620, 1578, 1488, 198, 18.64%, 0, 0, 3, 227.85, 12216, 4484394
1602807215, 0, 620, 1579, 1489, 198, 18.64%, 0, 0, 3, 230.13, 12216, 4491414
1602807301, 0, 620, 1580, 1490, 198, 18.64%, 0, 0, 3, 224.02, 12216, 4511306
1602807311, 0, 628, 1580, 1489, 199, 18.64%, 0, 0, 3, 270.35, 12216, 4513864
1602807408, 0, 638, 1580, 1488, 198, 18.64%, 0, 0, 3, 299.90, 12216, 4541604
1602807500, 0, 638, 1581, 1489, 198, 18.64%, 0, 0, 3, 276.55, 12216, 4565428
1602807505, 0, 638, 1582, 1490, 198, 18.64%, 0, 0, 3, 287.99, 12216, 4566921
1602807515, 0, 643, 1582, 1489, 198, 18.64%, 0, 0, 3, 256.56, 12216, 4569693
1602807663, 0, 645, 1582, 1488, 197, 18.64%, 0, 0, 3, 256.35, 12216, 4605299
1602807801, 0, 645, 1584, 1490, 197, 18.64%, 0, 0, 3, 271.47, 12216, 4639753
1602807811, 0, 645, 1585, 1491, 197, 18.64%, 0, 0, 3, 276.80, 12216, 4642546
1602807816, 0, 645, 1587, 1493, 197, 18.68%, 0, 0, 3, 280.73, 12239, 4644007
1602807821, 0, 645, 1588, 1494, 197, 18.68%, 0, 0, 3, 279.90, 12239, 4645405
1602807857, 0, 645, 1589, 1495, 197, 18.68%, 0, 0, 3, 274.38, 12239, 4655418
1602807867, 0, 645, 1590, 1496, 197, 18.68%, 0, 0, 3, 282.03, 12239, 4658306
1602807872, 0, 645, 1591, 1497, 197, 18.68%, 0, 0, 3, 284.61, 12239, 4659739
1602807882, 0, 645, 1592, 1498, 197, 18.68%, 0, 0, 3, 284.74, 12241, 4662582
1602807887, 0, 645, 1593, 1499, 197, 18.68%, 0, 0, 3, 279.42, 12243, 4663985
1602807892, 0, 645, 1594, 1500, 197, 18.68%, 0, 0, 3, 280.83, 12244, 4665408
1602807918, 0, 651, 1594, 1499, 200, 18.68%, 0, 0, 3, 253.18, 12244, 4672414
1602807969, 0, 651, 1595, 1500, 200, 18.68%, 0, 0, 3, 236.74, 12245, 4684526
1602808061, 0, 651, 1597, 1502, 200, 18.68%, 0, 0, 3, 258.54, 12245, 4706624
1602808077, 0, 651, 1598, 1503, 200, 18.68%, 0, 0, 3, 255.52, 12245, 4710602
1602808082, 0, 651, 1599, 1504, 200, 18.68%, 0, 0, 3, 262.85, 12245, 4711930
1602808102, 0, 651, 1600, 1505, 200, 18.68%, 0, 0, 3, 266.89, 12245, 4717288
1602808182, 0, 653, 1600, 1504, 196, 18.68%, 0, 0, 3, 256.97, 12245, 4738729
1602808264, 0, 653, 1601, 1505, 196, 18.68%, 0, 0, 3, 250.31, 12245, 4758508
1602808274, 0, 660, 1601, 1504, 195, 18.68%, 0, 0, 3, 277.57, 12245, 4761266
1602808361, 0, 660, 1603, 1506, 195, 18.68%, 0, 0, 3, 313.61, 12245, 4785940
1602808371, 0, 673, 1603, 1505, 195, 18.68%, 0, 0, 3, 320.21, 12245, 4789164
1602808462, 0, 689, 1603, 1504, 194, 18.68%, 0, 0, 3, 270.16, 12245, 4818044
1602808549, 0, 689, 1604, 1505, 194, 18.68%, 0, 0, 3, 269.73, 12245, 4839865
1602808554, 0, 690, 1604, 1504, 193, 18.68%, 0, 0, 3, 273.78, 12245, 4841268
1602808671, 0, 690, 1605, 1505, 193, 18.68%, 0, 0, 3, 277.75, 12245, 4870924
1602808676, 0, 691, 1608, 1507, 192, 18.77%, 0, 0, 3, 301.03, 12300, 4872486
1602808681, 0, 691, 1609, 1508, 192, 18.77%, 0, 0, 3, 309.32, 12300, 4874066
1602808687, 0, 691, 1610, 1509, 192, 18.77%, 0, 0, 3, 309.84, 12301, 4875649
1602808697, 0, 691, 1611, 1510, 192, 18.77%, 0, 0, 3, 310.68, 12301, 4878846
1602808753, 0, 691, 1614, 1513, 192, 18.77%, 0, 0, 3, 349.40, 12301, 4896604
1602808768, 0, 691, 1616, 1515, 192, 18.77%, 0, 0, 3, 359.67, 12301, 4902090
1602808783, 0, 691, 1617, 1516, 192, 18.77%, 0, 0, 3, 353.83, 12301, 4907404
1602808798, 0, 691, 1618, 1517, 192, 18.77%, 0, 0, 3, 356.18, 12301, 4912809
1602808814, 0, 691, 1619, 1518, 192, 18.77%, 0, 0, 3, 356.02, 12301, 4918179
1602808839, 0, 691, 1620, 1519, 192, 18.77%, 0, 0, 3, 346.20, 12301, 4927204
1602808844, 0, 693, 1620, 1518, 195, 18.77%, 0, 0, 3, 257.50, 12301, 4928415
1602809033, 0, 702, 1621, 1518, 194, 18.77%, 0, 0, 3, 246.12, 12303, 4972943
1602809089, 0, 702, 1622, 1519, 194, 18.77%, 0, 0, 3, 241.61, 12303, 4986381
1602809186, 0, 702, 1623, 1520, 194, 18.77%, 0, 0, 3, 254.69, 12303, 5009857
1602809191, 0, 702, 1625, 1522, 194, 18.77%, 0, 0, 3, 265.08, 12303, 5011203
1602809201, 0, 702, 1626, 1523, 194, 18.77%, 0, 0, 3, 271.42, 12303, 5014036
1602809247, 0, 708, 1626, 1522, 195, 18.77%, 0, 0, 3, 245.10, 12303, 5026264
1602809376, 0, 708, 1627, 1523, 195, 18.77%, 0, 0, 3, 257.80, 12303, 5056997
1602809381, 0, 714, 1627, 1522, 194, 18.77%, 0, 0, 3, 265.35, 12303, 5058385
1602809416, 0, 714, 1628, 1523, 194, 18.77%, 0, 0, 3, 250.43, 12304, 5067244
1602809513, 0, 714, 1630, 1525, 194, 18.77%, 0, 0, 3, 270.09, 12304, 5091606
1602809518, 0, 714, 1631, 1526, 194, 18.77%, 0, 0, 3, 275.65, 12304, 5092994
1602809539, 0, 714, 1632, 1527, 194, 18.77%, 0, 0, 3, 281.13, 12304, 5098817
1602809544, 0, 714, 1633, 1528, 194, 18.77%, 0, 0, 3, 282.18, 12304, 5100235
1602809569, 0, 714, 1634, 1529, 194, 18.78%, 0, 0, 3, 285.93, 12305, 5107403
1602809574, 0, 714, 1635, 1530, 194, 18.78%, 0, 0, 3, 280.81, 12307, 5108806
1602809579, 0, 714, 1636, 1531, 194, 18.78%, 0, 0, 3, 281.49, 12307, 5110239
1602809615, 0, 714, 1637, 1532, 194, 18.78%, 0, 0, 3, 279.75, 12307, 5120227
1602809630, 0, 715, 1637, 1531, 194, 18.78%, 0, 0, 3, 236.33, 12307, 5124225
1602809635, 0, 715, 1638, 1532, 194, 18.78%, 0, 0, 3, 217.50, 12307, 5125329
1602809681, 0, 715, 1639, 1533, 194, 18.79%, 0, 0, 3, 214.01, 12311, 5135291
1602809794, 0, 715, 1640, 1534, 194, 18.79%, 0, 0, 3, 213.79, 12311, 5159194
1602809861, 0, 715, 1641, 1535, 194, 18.79%, 0, 0, 3, 224.59, 12312, 5173376
1602809872, 0, 718, 1641, 1534, 195, 18.79%, 0, 0, 3, 250.50, 12312, 5175904
1602809938, 0, 718, 1642, 1535, 195, 18.79%, 0, 0, 3, 252.80, 12312, 5192802
1602810015, 0, 722, 1642, 1534, 194, 18.79%, 0, 0, 3, 276.75, 12312, 5212649
1602810020, 0, 722, 1643, 1535, 194, 18.79%, 0, 0, 3, 273.65, 12314, 5214038
1602810025, 0, 722, 1644, 1536, 194, 18.79%, 0, 0, 3, 276.32, 12316, 5215446
1602810056, 0, 722, 1645, 1537, 194, 18.80%, 0, 0, 3, 266.96, 12318, 5223714
1602810117, 0, 722, 1646, 1538, 194, 18.80%, 0, 0, 3, 284.14, 12318, 5240432
1602810122, 0, 734, 1646, 1537, 197, 18.80%, 0, 0, 3, 300.26, 12318, 5242027
1602810270, 0, 746, 1646, 1536, 196, 18.80%, 0, 0, 3, 257.95, 12318, 5277314
1602810419, 0, 746, 1647, 1537, 196, 18.80%, 0, 0, 3, 256.42, 12318, 5314877
1602810424, 0, 746, 1648, 1538, 196, 18.80%, 0, 0, 3, 281.27, 12318, 5316375
1602810434, 0, 747, 1648, 1537, 195, 18.80%, 0, 0, 3, 266.60, 12318, 5319274
1602810547, 0, 768, 1648, 1536, 194, 18.80%, 0, 0, 3, 254.25, 12318, 5346227
1602810669, 0, 772, 1648, 1535, 193, 18.80%, 0, 0, 3, 268.13, 12318, 5376999
1602810695, 0, 772, 1649, 1536, 193, 18.80%, 0, 0, 3, 267.60, 12321, 5383935
1602810798, 0, 778, 1649, 1535, 193, 18.80%, 0, 0, 3, 290.02, 12321, 5411818
1602810885, 0, 782, 1649, 1534, 192, 18.80%, 0, 0, 3, 261.30, 12321, 5436929
1602811012, 0, 782, 1650, 1535, 192, 18.80%, 0, 0, 3, 244.52, 12321, 5466414
1602811017, 0, 783, 1650, 1534, 191, 18.80%, 0, 0, 3, 251.23, 12321, 5467680
1602811037, 0, 783, 1651, 1535, 191, 18.80%, 0, 0, 3, 240.03, 12322, 5472549
1602811047, 0, 783, 1656, 1540, 191, 18.81%, 0, 0, 3, 247.68, 12329, 5475022
1602811052, 0, 783, 1660, 1544, 191, 18.82%, 0, 0, 3, 240.74, 12334, 5476230
1602811103, 0, 785, 1660, 1543, 200, 18.82%, 0, 0, 3, 278.88, 12334, 5488798
1602811221, 0, 788, 1661, 1543, 199, 18.82%, 0, 0, 3, 302.84, 12334, 5522741
1602811323, 0, 794, 1661, 1542, 198, 18.82%, 0, 0, 3, 285.04, 12334, 5547925
1602811343, 0, 794, 1662, 1543, 198, 18.82%, 0, 0, 3, 311.57, 12334, 5554267
1602811379, 0, 798, 1662, 1542, 198, 18.82%, 0, 0, 3, 313.53, 12334, 5565360
1602811461, 0, 881, 1662, 1541, 197, 18.82%, 0, 0, 3, 162.54, 12334, 5590071
1602812230, 0, 881, 1663, 1542, 197, 18.83%, 0, 0, 3, 79.82, 12338, 5651801
1602812604, 0, 881, 1664, 1543, 197, 19.18%, 0, 0, 3, 79.90, 12572, 5681812
1602813318, 0, 881, 1665, 1544, 197, 19.20%, 0, 0, 3, 79.78, 12580, 5739168
1602813354, 0, 881, 1666, 1545, 197, 19.20%, 0, 0, 3, 88.65, 12580, 5742127
1602813359, 0, 881, 1667, 1546, 197, 19.20%, 0, 0, 3, 88.40, 12580, 5742579
1602813374, 0, 963, 1667, 1545, 198, 19.20%, 0, 0, 3, 84.08, 12580, 5743922
1602813672, 0, 963, 1668, 1546, 198, 19.20%, 0, 0, 3, 80.94, 12580, 5767961
1602814149, 0, 963, 1669, 1547, 198, 19.20%, 0, 0, 3, 81.12, 12580, 5806690
1602814565, 0, 963, 1670, 1548, 198, 19.20%, 0, 0, 3, 81.38, 12580, 5840386
1602815170, 0, 963, 1671, 1549, 198, 19.20%, 0, 0, 3, 91.29, 12580, 5889413
1602815181, 0, 963, 1672, 1550, 198, 19.20%, 0, 0, 3, 92.28, 12580, 5890346
1602815201, 0, 999, 1672, 1549, 197, 19.20%, 0, 0, 3, 91.04, 12580, 5892203
1602815294, 0, 999, 1673, 1550, 197, 19.20%, 0, 0, 3, 87.61, 12582, 5900205
1602815757, 0, 999, 1675, 1552, 197, 19.20%, 0, 0, 3, 87.31, 12585, 5940629
1602816472, 0, 999, 1676, 1553, 197, 19.20%, 0, 0, 3, 87.31, 12585, 6002783
1602816482, 0, 999, 1677, 1554, 197, 19.20%, 0, 0, 3, 88.60, 12585, 6003717
1602816498, 0, 999, 1678, 1555, 197, 19.20%, 0, 0, 3, 91.01, 12585, 6005116
1602816544, 0, 1008, 1681, 1557, 199, 19.20%, 0, 0, 3, 540.78, 12585, 6011382
1602816590, 0, 1008, 1688, 1564, 199, 19.20%, 0, 0, 3, 564.29, 12585, 6036253
1602816595, 0, 1008, 1689, 1565, 199, 19.20%, 0, 0, 3, 573.69, 12585, 6039154
1602816600, 0, 1008, 1690, 1566, 199, 19.20%, 0, 0, 3, 571.82, 12585, 6042066
1602816610, 0, 1008, 1692, 1568, 199, 19.20%, 0, 0, 3, 580.86, 12585, 6048121
1602816626, 0, 1008, 1693, 1569, 199, 19.20%, 0, 0, 3, 582.97, 12585, 6056907
1602816641, 0, 1008, 1696, 1572, 199, 19.20%, 0, 0, 3, 570.48, 12585, 6065841
1602816646, 0, 1012, 1696, 1571, 198, 19.20%, 0, 0, 3, 79.03, 12585, 6066271
1602816754, 0, 1012, 1697, 1572, 198, 19.20%, 0, 0, 3, 80.77, 12585, 6075050
1602816765, 0, 1012, 1698, 1573, 198, 19.20%, 0, 0, 3, 80.86, 12585, 6075886
1602817084, 0, 1012, 1699, 1574, 198, 19.20%, 0, 0, 3, 81.63, 12585, 6101501
1602817516, 0, 1012, 1700, 1575, 198, 19.20%, 0, 0, 3, 81.77, 12585, 6136375
1602818615, 0, 1012, 1701, 1576, 198, 19.20%, 0, 0, 3, 80.77, 12585, 6224922
1602818775, 0, 1012, 1702, 1577, 198, 19.20%, 0, 0, 3, 85.83, 12585, 6237911
1602818785, 0, 1027, 1702, 1576, 197, 19.20%, 0, 0, 3, 87.26, 12585, 6238802
1602818811, 0, 1027, 1703, 1577, 197, 19.20%, 0, 0, 3, 85.91, 12585, 6241017
1602818882, 0, 1027, 1704, 1578, 197, 19.20%, 0, 0, 3, 86.01, 12585, 6247172
1602819113, 0, 1027, 1705, 1579, 197, 19.20%, 0, 0, 3, 85.98, 12585, 6266982
1602820595, 0, 1027, 1706, 1580, 197, 19.20%, 0, 0, 3, 90.20, 12585, 6394334
1602820600, 0, 1027, 1707, 1581, 197, 19.20%, 0, 0, 3, 91.65, 12585, 6394803
1602820605, 0, 1027, 1708, 1582, 197, 19.20%, 0, 0, 3, 88.24, 12585, 6395254
1602820610, 0, 1027, 1709, 1583, 197, 19.20%, 0, 0, 3, 89.63, 12585, 6395717
1602820636, 0, 1027, 1710, 1584, 197, 19.20%, 0, 0, 3, 91.05, 12585, 6398031
1602820651, 0, 1027, 1711, 1585, 197, 19.20%, 0, 0, 3, 89.68, 12585, 6399421
1602820677, 0, 1027, 1712, 1586, 197, 19.20%, 0, 0, 3, 90.30, 12585, 6401726
1602820682, 0, 1027, 1715, 1589, 197, 19.20%, 0, 0, 3, 90.40, 12585, 6402191
1602820687, 0, 1027, 1717, 1591, 197, 19.21%, 0, 0, 3, 89.05, 12592, 6402648
1602820718, 0, 1027, 1719, 1593, 197, 19.22%, 0, 0, 3, 89.95, 12595, 6405404
1602820728, 0, 1027, 1720, 1594, 197, 19.22%, 0, 0, 3, 89.27, 12595, 6406323
1602820785, 0, 1027, 1721, 1595, 197, 19.22%, 0, 0, 3, 91.45, 12595, 6411438
1602820790, 0, 1027, 1722, 1596, 197, 19.22%, 0, 0, 3, 91.99, 12595, 6411910
1602820795, 0, 1027, 1723, 1597, 197, 19.22%, 0, 0, 3, 89.59, 12598, 6412372
1602820815, 0, 1027, 1724, 1598, 197, 19.23%, 0, 0, 3, 89.58, 12600, 6414215
1602820831, 0, 1027, 1725, 1599, 197, 19.23%, 0, 0, 3, 87.10, 12600, 6415572
1602820836, 0, 1027, 1726, 1600, 197, 19.23%, 0, 0, 3, 87.70, 12600, 6416016
1602820877, 0, 1027, 1727, 1601, 197, 19.23%, 0, 0, 3, 90.90, 12600, 6419683
1602820923, 0, 1027, 1728, 1602, 197, 19.23%, 0, 0, 3, 91.96, 12600, 6423850
1602820959, 0, 1032, 1728, 1601, 199, 19.23%, 0, 0, 3, 87.88, 12600, 6427045
1602822235, 0, 1044, 1728, 1600, 198, 19.23%, 0, 0, 3, 147.00, 12600, 6558075
1602822265, 0, 1044, 1729, 1601, 198, 19.23%, 0, 0, 3, 149.03, 12600, 6562599
1602823695, 0, 1044, 1730, 1602, 198, 19.23%, 0, 0, 3, 101.26, 12600, 6704496
1602823710, 0, 1050, 1730, 1601, 198, 19.23%, 0, 0, 3, 96.94, 12600, 6706052
1602823715, 0, 1050, 1731, 1602, 198, 19.23%, 0, 0, 3, 94.78, 12600, 6706526
1602823746, 0, 1050, 1732, 1603, 198, 19.23%, 0, 0, 3, 88.66, 12601, 6709220
1602823848, 0, 1050, 1733, 1604, 198, 19.23%, 0, 0, 3, 89.19, 12603, 6718206
1602824849, 0, 1050, 1735, 1606, 198, 19.23%, 0, 0, 3, 153.21, 12603, 6828386
1602824864, 0, 1050, 1736, 1607, 198, 19.23%, 0, 0, 3, 153.34, 12603, 6830749
1602824880, 0, 1050, 1737, 1608, 198, 19.23%, 0, 0, 3, 154.41, 12603, 6833097
1602824915, 0, 1050, 1738, 1609, 198, 19.23%, 0, 0, 3, 154.03, 12603, 6838598
1602824930, 0, 1050, 1740, 1611, 198, 19.23%, 0, 0, 3, 151.73, 12605, 6840948
1602824986, 0, 1050, 1741, 1612, 198, 19.23%, 0, 0, 3, 153.72, 12605, 6849569
1602825032, 0, 1050, 1742, 1613, 198, 19.23%, 0, 0, 3, 156.40, 12605, 6856615
1602825057, 0, 1050, 1743, 1614, 198, 19.23%, 0, 0, 3, 152.80, 12605, 6860490
1602825062, 0, 1054, 1743, 1613, 200, 19.23%, 0, 0, 3, 148.33, 12605, 6861253
1602825083, 0, 1054, 1744, 1614, 200, 19.23%, 0, 0, 3, 144.53, 12605, 6864231
1602826125, 0, 1054, 1745, 1615, 200, 19.23%, 0, 0, 3, 93.68, 12605, 6992437
1602826130, 0, 1054, 1747, 1617, 200, 19.23%, 0, 0, 3, 93.79, 12605, 6992917
1602826135, 0, 1054, 1748, 1618, 200, 19.23%, 0, 0, 3, 94.23, 12605, 6993399
1602826155, 0, 1054, 1749, 1619, 200, 19.23%, 0, 0, 3, 93.86, 12605, 6995302
1602826232, 0, 1054, 1750, 1620, 200, 19.23%, 0, 0, 3, 91.47, 12605, 7002491
1602826278, 0, 1054, 1751, 1621, 200, 19.24%, 0, 0, 3, 95.32, 12611, 7006834
1602826314, 0, 1054, 1752, 1622, 200, 19.24%, 0, 0, 3, 97.01, 12611, 7010229
1602826324, 0, 1054, 1753, 1623, 200, 19.24%, 0, 0, 3, 94.12, 12611, 7011197
1602826381, 0, 1071, 1753, 1622, 200, 19.24%, 0, 0, 3, 86.52, 12611, 7016495
1602826936, 0, 1071, 1754, 1623, 200, 19.24%, 0, 0, 3, 73.94, 12611, 7056677
1602827223, 0, 1071, 1756, 1625, 200, 19.24%, 0, 0, 3, 72.82, 12611, 7077654
1602828687, 0, 1071, 1758, 1627, 200, 19.24%, 0, 0, 3, 75.26, 12611, 7184465
1602828692, 0, 1071, 1759, 1628, 200, 19.24%, 0, 0, 3, 77.59, 12611, 7184869
1602828707, 0, 1071, 1760, 1629, 200, 19.24%, 0, 0, 3, 77.85, 12611, 7186046
1602828728, 0, 1071, 1761, 1630, 200, 19.24%, 0, 0, 3, 74.84, 12611, 7187608
1602828743, 0, 1071, 1762, 1631, 200, 19.24%, 0, 0, 3, 76.00, 12612, 7188787
1602828779, 0, 1071, 1763, 1632, 200, 19.24%, 0, 0, 3, 79.88, 12612, 7191581
1602828826, 0, 1071, 1764, 1633, 200, 19.24%, 0, 0, 3, 77.68, 12612, 7195155
1602828882, 0, 1071, 1766, 1635, 200, 19.24%, 0, 0, 3, 77.50, 12612, 7199515
1602828949, 0, 1071, 1767, 1636, 200, 19.24%, 0, 0, 3, 76.10, 12612, 7204605
1602829006, 0, 1086, 1767, 1635, 201, 19.24%, 0, 0, 3, 74.82, 12612, 7208938
1602830894, 0, 1086, 1768, 1636, 201, 19.24%, 0, 0, 3, 77.60, 12612, 7354116
1602830910, 0, 1095, 1768, 1635, 200, 19.24%, 0, 0, 3, 80.20, 12612, 7355360
1602831007, 0, 1095, 1770, 1637, 200, 19.24%, 0, 0, 3, 79.72, 12612, 7363087
1602831012, 0, 1095, 1772, 1639, 200, 19.24%, 0, 0, 3, 79.88, 12612, 7363504
1602831259, 0, 1095, 1773, 1640, 200, 19.24%, 0, 0, 3, 79.88, 12612, 7383231
1602831274, 0, 1095, 1774, 1641, 200, 19.26%, 0, 0, 3, 80.28, 12619, 7384464
1602832054, 0, 1095, 1775, 1642, 200, 19.26%, 0, 0, 3, 80.14, 12619, 7446840
1602832315, 0, 1095, 1776, 1643, 200, 19.26%, 0, 0, 3, 80.27, 12620, 7467854
1602832331, 0, 1095, 1777, 1644, 200, 19.26%, 0, 0, 3, 80.16, 12622, 7469085
1602832500, 0, 1095, 1778, 1645, 200, 19.26%, 0, 0, 3, 80.13, 12623, 7482640
1602832541, 0, 1095, 1783, 1650, 200, 19.26%, 0, 0, 3, 84.34, 12623, 7485961
1602832546, 0, 1095, 1784, 1651, 200, 19.26%, 0, 0, 3, 84.58, 12623, 7486394
1602832551, 0, 1095, 1785, 1652, 200, 19.26%, 0, 0, 3, 84.84, 12623, 7486832
1602832556, 0, 1095, 1786, 1653, 200, 19.26%, 0, 0, 3, 86.30, 12623, 7487275
1602832561, 0, 1095, 1790, 1657, 200, 19.26%, 0, 0, 3, 81.78, 12623, 7487694
1602832572, 0, 1095, 1792, 1659, 200, 19.26%, 0, 0, 3, 84.75, 12623, 7488549
1602832598, 0, 1095, 1793, 1660, 200, 19.26%, 0, 0, 3, 85.66, 12623, 7490752
1602832608, 0, 1095, 1795, 1662, 200, 19.26%, 0, 0, 3, 86.02, 12623, 7491637
1602832613, 0, 1095, 1796, 1663, 200, 19.26%, 0, 0, 3, 84.46, 12623, 7492075
1602832623, 0, 1095, 1797, 1664, 200, 19.26%, 0, 0, 3, 84.77, 12623, 7492946
1602832659, 0, 1095, 1798, 1665, 200, 19.26%, 0, 0, 3, 84.80, 12623, 7496020
1602832664, 0, 1095, 1799, 1666, 200, 19.26%, 0, 0, 3, 85.99, 12625, 7496463
1602832670, 0, 1095, 1800, 1667, 200, 19.26%, 0, 0, 3, 86.06, 12625, 7496905
1602832772, 0, 1095, 1801, 1668, 200, 19.26%, 0, 0, 3, 85.17, 12625, 7505622
1602832778, 0, 1095, 1802, 1669, 200, 19.26%, 0, 0, 3, 84.70, 12625, 7506059
1602832783, 0, 1095, 1803, 1670, 200, 19.26%, 0, 0, 3, 86.21, 12625, 7506503
1602832803, 0, 1095, 1804, 1671, 200, 19.26%, 0, 0, 3, 86.11, 12625, 7508248
1602832829, 0, 1107, 1804, 1670, 205, 19.26%, 0, 0, 3, 84.39, 12625, 7510421
1602835099, 0, 1107, 1806, 1672, 205, 19.26%, 0, 0, 3, 86.54, 12625, 7691138
1602835109, 0, 1107, 1807, 1673, 205, 19.26%, 0, 0, 3, 88.55, 12625, 7692063
1602835130, 0, 1107, 1808, 1674, 205, 19.26%, 0, 0, 3, 90.80, 12625, 7693907
1602835145, 0, 1107, 1810, 1676, 205, 19.26%, 0, 0, 3, 90.20, 12625, 7695286
1602835156, 0, 1107, 1812, 1678, 205, 19.27%, 0, 0, 3, 90.00, 12626, 7696204
1602835181, 0, 1107, 1813, 1679, 205, 19.27%, 0, 0, 3, 89.30, 12626, 7698503
1602835202, 0, 1107, 1814, 1680, 205, 19.27%, 0, 0, 3, 89.90, 12626, 7700344
1602835274, 0, 1107, 1815, 1681, 205, 19.27%, 0, 0, 3, 91.33, 12626, 7706809
1602835279, 0, 1107, 1816, 1682, 205, 19.27%, 0, 0, 3, 89.80, 12626, 7707270
1602835371, 0, 1112, 1816, 1681, 205, 19.27%, 0, 0, 3, 85.70, 12626, 7715514
1602835412, 0, 1112, 1818, 1683, 205, 19.27%, 0, 0, 3, 78.54, 12630, 7718718
1602835882, 0, 1112, 1819, 1684, 205, 19.27%, 0, 0, 3, 79.86, 12632, 7755782
1602837189, 0, 1112, 1820, 1685, 205, 19.27%, 0, 0, 3, 79.57, 12632, 7858893
1602837209, 0, 1131, 1820, 1684, 207, 19.27%, 0, 0, 3, 81.85, 12632, 7860665
1602837240, 0, 1131, 1821, 1685, 207, 19.27%, 0, 0, 3, 81.35, 12632, 7863174
1602839018, 0, 1134, 1821, 1684, 207, 19.27%, 0, 0, 3, 81.93, 12632, 8007152
1602840936, 0, 1134, 1822, 1685, 207, 19.27%, 0, 0, 3, 87.39, 12632, 8165413
1602840941, 0, 1134, 1823, 1686, 207, 19.27%, 0, 0, 3, 87.73, 12632, 8165868
1602840966, 0, 1135, 1823, 1685, 206, 19.27%, 0, 0, 3, 487.56, 12632, 8168226
1602840992, 0, 1136, 1823, 1684, 205, 19.27%, 0, 0, 3, 562.85, 12632, 8182558
1602841002, 0, 1136, 1824, 1685, 205, 19.27%, 0, 0, 3, 550.84, 12632, 8188123
1602841017, 0, 1140, 1824, 1684, 204, 19.27%, 0, 0, 3, 599.90, 12632, 8196681
1602841022, 0, 1140, 1826, 1686, 204, 19.28%, 0, 0, 3, 564.50, 12635, 8199475
1602841043, 0, 1143, 1826, 1685, 202, 19.28%, 0, 0, 3, 550.50, 12635, 8210794
1602841068, 0, 1156, 1826, 1683, 200, 19.28%, 0, 0, 3, 653.35, 12635, 8226037
1602841084, 0, 1166, 1826, 1682, 199, 19.28%, 0, 0, 3, 596.30, 12635, 8235942
1602841109, 0, 1170, 1827, 1682, 198, 19.28%, 0, 0, 3, 584.48, 12635, 8250376
1602841125, 0, 1173, 1827, 1681, 197, 19.28%, 0, 0, 3, 599.06, 12635, 8259425
1602841130, 0, 1178, 1827, 1680, 196, 19.28%, 0, 0, 3, 655.04, 12635, 8262812
1602841135, 0, 1178, 1828, 1681, 196, 19.28%, 0, 0, 3, 690.07, 12635, 8266398
1602841145, 0, 1178, 1829, 1682, 196, 19.28%, 0, 0, 3, 675.27, 12635, 8273405
1602841150, 0, 1180, 1829, 1681, 195, 19.28%, 0, 0, 3, 680.38, 12635, 8276817
1602841155, 0, 1191, 1829, 1680, 194, 19.28%, 0, 0, 3, 372.45, 12635, 8278446
1602841273, 0, 1191, 1830, 1681, 194, 19.28%, 0, 0, 4, 248.81, 12635, 8306000
1602841283, 0, 1194, 1830, 1680, 193, 19.28%, 0, 0, 4, 252.48, 12635, 8308664
1602841426, 0, 1198, 1830, 1679, 192, 19.28%, 0, 0, 4, 272.06, 12635, 8343638
1602841548, 0, 1200, 1830, 1678, 191, 19.28%, 0, 0, 4, 241.34, 12635, 8376888
1602841732, 0, 1200, 1831, 1679, 191, 19.28%, 0, 0, 4, 224.99, 12635, 8417890
1602841737, 0, 1200, 1832, 1680, 191, 19.28%, 0, 0, 4, 246.30, 12635, 8419146
1602841747, 0, 1200, 1834, 1682, 191, 19.28%, 0, 0, 4, 243.14, 12635, 8421706
1602841768, 0, 1200, 1835, 1683, 191, 19.28%, 0, 0, 4, 250.60, 12635, 8426823
1602841799, 0, 1200, 1836, 1684, 191, 19.28%, 0, 0, 4, 249.87, 12635, 8434546
1602841819, 0, 1200, 1837, 1685, 191, 19.28%, 0, 0, 4, 249.17, 12635, 8439630
1602841834, 0, 1200, 1838, 1686, 191, 19.28%, 0, 0, 4, 253.65, 12635, 8443537
1602841860, 0, 1200, 1839, 1687, 191, 19.28%, 0, 0, 4, 252.27, 12635, 8449900
1602841865, 0, 1204, 1839, 1686, 190, 19.28%, 0, 0, 4, 258.69, 12635, 8451232
1602841926, 0, 1204, 1840, 1687, 190, 19.28%, 0, 0, 4, 264.70, 12637, 8467256
1602841998, 0, 1204, 1841, 1688, 190, 19.28%, 0, 0, 4, 263.16, 12637, 8485911
1602842008, 0, 1205, 1841, 1687, 190, 19.28%, 0, 0, 4, 254.51, 12637, 8488724
1602842121, 0, 1215, 1841, 1686, 189, 19.28%, 0, 0, 4, 238.13, 12637, 8515236
1602842254, 0, 1215, 1843, 1688, 189, 19.28%, 0, 0, 4, 239.57, 12637, 8545917
1602842259, 0, 1215, 1845, 1690, 189, 19.28%, 0, 0, 4, 251.08, 12637, 8547228
1602842279, 0, 1215, 1847, 1692, 189, 19.28%, 0, 0, 4, 257.90, 12637, 8552474
1602842289, 0, 1215, 1848, 1693, 189, 19.28%, 0, 0, 4, 254.11, 12637, 8555042
1602842299, 0, 1215, 1849, 1694, 189, 19.28%, 0, 0, 4, 252.29, 12637, 8557610
1602842385, 0, 1216, 1849, 1693, 189, 19.28%, 0, 0, 4, 244.44, 12637, 8579446
1602842498, 0, 1216, 1850, 1694, 189, 19.28%, 0, 0, 4, 248.64, 12637, 8606502
1602842508, 0, 1217, 1850, 1693, 188, 19.28%, 0, 0, 4, 231.58, 12637, 8608990
1602842708, 0, 1221, 1850, 1692, 187, 19.28%, 0, 0, 4, 243.62, 12637, 8653734
1602842888, 0, 1221, 1851, 1693, 187, 19.28%, 0, 0, 4, 235.15, 12637, 8695900
1602842893, 0, 1221, 1852, 1694, 187, 19.28%, 0, 0, 4, 259.01, 12637, 8697282
1602842903, 0, 1223, 1852, 1693, 187, 19.28%, 0, 0, 4, 258.66, 12637, 8699988
1602843050, 0, 1223, 1853, 1694, 187, 19.28%, 0, 0, 4, 239.48, 12637, 8733700
1602843060, 0, 1225, 1853, 1693, 187, 19.28%, 0, 0, 4, 202.61, 12637, 8736026
1602843300, 0, 1225, 1854, 1694, 187, 19.28%, 0, 0, 4, 168.54, 12638, 8776133
1602843320, 0, 1226, 1854, 1693, 186, 19.28%, 0, 0, 4, 181.73, 12638, 8779629
1602843530, 0, 1226, 1856, 1695, 186, 19.28%, 0, 0, 4, 202.93, 12638, 8819973
1602843550, 0, 1230, 1856, 1694, 186, 19.28%, 0, 0, 4, 222.48, 12638, 8824301
1602843647, 0, 1230, 1858, 1696, 186, 19.28%, 0, 0, 4, 250.71, 12638, 8847067
1602843662, 0, 1236, 1858, 1695, 185, 19.28%, 0, 0, 4, 256.12, 12638, 8850997
1602843781, 0, 1236, 1859, 1696, 185, 19.28%, 0, 0, 4, 284.76, 12638, 8881612
1602843786, 0, 1236, 1860, 1697, 185, 19.28%, 0, 0, 4, 284.78, 12638, 8883045
1602843791, 0, 1248, 1860, 1696, 185, 19.28%, 0, 0, 4, 269.92, 12638, 8884458
1602843903, 0, 1248, 1862, 1698, 185, 19.28%, 0, 0, 4, 260.42, 12638, 8913127
1602843914, 0, 1248, 1863, 1699, 185, 19.28%, 0, 0, 4, 283.86, 12638, 8916025
1602843924, 0, 1248, 1864, 1700, 185, 19.28%, 0, 0, 4, 281.71, 12638, 8918918
1602843965, 0, 1249, 1864, 1699, 184, 19.28%, 0, 0, 4, 255.16, 12638, 8930273
1602844092, 0, 1249, 1865, 1700, 184, 19.28%, 0, 0, 4, 256.75, 12638, 8962130
1602844102, 0, 1250, 1865, 1699, 184, 19.28%, 0, 0, 4, 236.09, 12638, 8964757
1602844255, 0, 1250, 1866, 1700, 184, 19.28%, 0, 0, 4, 238.69, 12638, 8998581
1602844260, 0, 1250, 1867, 1701, 184, 19.28%, 0, 0, 4, 241.51, 12638, 8999785
1602844270, 0, 1254, 1867, 1700, 183, 19.28%, 0, 0, 4, 232.62, 12638, 9002236
1602844433, 0, 1254, 1868, 1701, 183, 19.28%, 0, 0, 4, 244.81, 12638, 9039253
1602844438, 0, 1254, 1870, 1703, 183, 19.28%, 0, 0, 4, 250.11, 12638, 9040513
1602844463, 0, 1260, 1870, 1702, 182, 19.28%, 0, 0, 4, 260.21, 12638, 9046917
1602844554, 0, 1260, 1871, 1703, 182, 19.28%, 0, 0, 4, 265.97, 12638, 9070928
1602844559, 0, 1260, 1872, 1704, 182, 19.28%, 0, 0, 4, 290.18, 12638, 9072461
1602844569, 0, 1264, 1872, 1703, 181, 19.28%, 0, 0, 4, 284.57, 12638, 9075425
1602844631, 0, 1264, 1873, 1704, 181, 19.28%, 0, 0, 4, 293.82, 12638, 9092540
1602844636, 0, 1264, 1874, 1705, 181, 19.28%, 0, 0, 4, 299.60, 12638, 9094053
1602844646, 0, 1265, 1874, 1704, 180, 19.28%, 0, 0, 4, 269.97, 12638, 9096923
1602844754, 0, 1265, 1875, 1705, 180, 19.28%, 0, 0, 4, 276.70, 12638, 9124742
1602844759, 0, 1265, 1876, 1706, 180, 19.28%, 0, 0, 4, 284.23, 12638, 9126185
1602844769, 0, 1266, 1876, 1705, 181, 19.28%, 0, 0, 4, 249.54, 12638, 9128886
1602844800, 0, 1266, 1877, 1706, 181, 19.28%, 0, 0, 4, 236.61, 12638, 9136000
1602844902, 0, 1267, 1877, 1705, 180, 19.28%, 0, 0, 4, 248.91, 12638, 9159771
1602845112, 0, 1267, 1878, 1706, 180, 19.28%, 0, 0, 4, 221.76, 12638, 9205708
1602845122, 0, 1268, 1878, 1705, 180, 19.28%, 0, 0, 4, 279.43, 12638, 9208398
1602845199, 0, 1274, 1878, 1704, 179, 19.28%, 0, 0, 4, 304.16, 12638, 9231728
1602845378, 0, 1275, 1878, 1703, 178, 19.28%, 0, 0, 4, 236.77, 12638, 9271378
1602845459, 0, 1275, 1879, 1704, 178, 19.28%, 0, 0, 4, 249.18, 12638, 9290274
1602845465, 0, 1276, 1879, 1703, 178, 19.28%, 0, 0, 4, 254.60, 12638, 9291568
1602845480, 0, 1276, 1880, 1704, 178, 19.29%, 0, 0, 4, 261.49, 12640, 9295491
1602845551, 0, 1276, 1883, 1707, 178, 19.29%, 0, 0, 4, 286.79, 12640, 9314247
1602845576, 0, 1278, 1883, 1706, 179, 19.29%, 0, 0, 4, 263.51, 12640, 9321595
1602845694, 0, 1278, 1884, 1707, 179, 19.29%, 0, 0, 4, 225.20, 12641, 9348156
1602845765, 0, 1293, 1884, 1706, 180, 19.29%, 0, 0, 4, 257.76, 12641, 9364509
1602845884, 0, 1293, 1885, 1707, 180, 19.29%, 0, 0, 4, 298.27, 12641, 9396315
1602845889, 0, 1295, 1885, 1706, 179, 19.29%, 0, 0, 4, 277.92, 12641, 9397774
1602845986, 0, 1295, 1887, 1708, 179, 19.29%, 0, 0, 4, 285.26, 12641, 9423812
1602846001, 0, 1308, 1887, 1707, 178, 19.29%, 0, 0, 4, 304.76, 12641, 9428541
1602846053, 0, 1308, 1888, 1708, 178, 19.29%, 0, 0, 4, 302.72, 12641, 9444150
1602846068, 0, 1319, 1888, 1707, 178, 19.29%, 0, 0, 4, 313.89, 12641, 9448925
1602846210, 0, 1320, 1888, 1706, 177, 19.29%, 0, 0, 4, 275.83, 12641, 9484021
1602846292, 0, 1326, 1888, 1705, 176, 19.29%, 0, 0, 4, 297.08, 12641, 9508717
1602846409, 0, 1326, 1889, 1706, 176, 19.29%, 0, 0, 4, 263.22, 12641, 9538086
1602846419, 0, 1328, 1889, 1705, 175, 19.29%, 0, 0, 4, 235.94, 12641, 9540688
1602846593, 0, 1328, 1890, 1706, 175, 19.29%, 0, 0, 4, 226.56, 12641, 9579286
1602846598, 0, 1328, 1891, 1707, 175, 19.29%, 0, 0, 4, 244.99, 12641, 9580581
1602846614, 0, 1331, 1891, 1706, 174, 19.29%, 0, 0, 4, 254.79, 12641, 9584475
1602846701, 0, 1331, 1892, 1707, 174, 19.29%, 0, 0, 4, 275.06, 12641, 9606834
1602846706, 0, 1336, 1892, 1706, 173, 19.29%, 0, 0, 4, 255.91, 12641, 9608138
1602846895, 0, 1336, 1893, 1707, 173, 19.29%, 0, 0, 4, 242.02, 12641, 9652894
1602846900, 0, 1336, 1894, 1708, 173, 19.29%, 0, 0, 4, 261.76, 12641, 9654240
1602846910, 0, 1336, 1895, 1709, 173, 19.29%, 0, 0, 4, 266.37, 12641, 9656938
1602846915, 0, 1336, 1896, 1710, 173, 19.29%, 0, 0, 4, 265.98, 12641, 9658271
1602846956, 0, 1340, 1896, 1709, 172, 19.29%, 0, 0, 4, 261.65, 12641, 9669195
1602847021, 0, 1340, 1897, 1710, 172, 19.29%, 0, 0, 4, 213.81, 12641, 9683134
1602847200, 0, 1344, 1897, 1709, 172, 19.29%, 0, 0, 4, 240.22, 12641, 9720987
1602847266, 0, 1345, 1897, 1708, 171, 19.29%, 0, 0, 4, 267.26, 12641, 9737708
1602847296, 0, 1345, 1898, 1709, 171, 19.29%, 0, 0, 4, 251.41, 12641, 9745392
1602847429, 0, 1347, 1898, 1708, 170, 19.29%, 0, 0, 4, 246.18, 12641, 9778567
1602847638, 0, 1347, 1899, 1709, 170, 19.29%, 0, 0, 4, 227.12, 12641, 9825712
1602847644, 0, 1347, 1900, 1710, 170, 19.29%, 0, 0, 4, 249.90, 12641, 9827044
1602847659, 0, 1348, 1900, 1709, 170, 19.29%, 0, 0, 4, 232.74, 12641, 9830767
1602847868, 0, 1348, 1902, 1711, 170, 19.29%, 0, 0, 4, 237.43, 12641, 9877734
1602847883, 0, 1349, 1902, 1710, 169, 19.29%, 0, 0, 4, 250.90, 12641, 9881614
1602848099, 0, 1349, 1903, 1711, 169, 19.29%, 0, 0, 4, 247.52, 12641, 9930219
1602848104, 0, 1356, 1903, 1710, 169, 19.29%, 0, 0, 4, 253.90, 12641, 9931518
1602848114, 0, 1356, 1904, 1711, 169, 19.41%, 0, 0, 4, 256.74, 12723, 9934158
1602848217, 0, 1356, 1905, 1712, 169, 19.41%, 0, 0, 4, 277.96, 12723, 9960700
1602848222, 0, 1362, 1905, 1711, 170, 19.41%, 0, 0, 4, 265.26, 12723, 9962067
1602848252, 0, 1362, 1906, 1712, 170, 19.41%, 0, 0, 4, 242.42, 12723, 9969366
1602848365, 0, 1365, 1906, 1711, 170, 19.41%, 0, 0, 4, 264.65, 12723, 9996405
1602848451, 0, 1365, 1908, 1713, 170, 19.41%, 0, 0, 4, 293.74, 12723, 10020183
1602848462, 0, 1367, 1908, 1712, 169, 19.41%, 0, 0, 4, 292.12, 12723, 10023329
1602848702, 0, 1367, 1909, 1713, 169, 19.41%, 0, 0, 4, 241.33, 12723, 10077363
1602848712, 0, 1370, 1909, 1712, 169, 19.41%, 0, 0, 4, 272.38, 12723, 10080058
1602848773, 0, 1370, 1910, 1713, 169, 19.41%, 0, 0, 4, 287.41, 12723, 10097205
1602848783, 0, 1376, 1910, 1712, 168, 19.41%, 0, 0, 4, 286.10, 12723, 10100215
1602848850, 0, 1376, 1911, 1713, 168, 19.41%, 0, 0, 4, 299.20, 12723, 10118713
1602848855, 0, 1378, 1911, 1712, 167, 19.41%, 0, 0, 4, 272.58, 12723, 10120129
1602848860, 0, 1378, 1913, 1714, 167, 19.44%, 0, 0, 4, 227.54, 12737, 10121243
1602848865, 0, 1378, 1914, 1715, 167, 19.44%, 0, 0, 4, 221.17, 12737, 10122351
1602848875, 0, 1378, 1915, 1716, 167, 19.44%, 0, 0, 4, 215.51, 12740, 10124563
1602848880, 0, 1378, 1916, 1717, 167, 19.44%, 0, 0, 4, 218.29, 12740, 10125686
1602848885, 0, 1378, 1917, 1718, 167, 19.44%, 0, 0, 4, 216.95, 12740, 10126794
1602848896, 0, 1378, 1919, 1720, 167, 19.44%, 0, 0, 4, 219.61, 12740, 10129051
1602848906, 0, 1378, 1920, 1721, 167, 19.44%, 0, 0, 4, 217.25, 12742, 10131279
1602848926, 0, 1378, 1921, 1722, 167, 19.44%, 0, 0, 4, 217.13, 12742, 10135719
1602848947, 0, 1378, 1922, 1723, 167, 19.45%, 0, 0, 4, 216.41, 12744, 10140157
1602848972, 0, 1378, 1923, 1724, 167, 19.45%, 0, 0, 4, 215.74, 12748, 10145738
1602848998, 0, 1378, 1924, 1725, 167, 19.45%, 0, 0, 4, 218.19, 12750, 10151327
1602849034, 0, 1378, 1926, 1727, 167, 19.45%, 0, 0, 4, 234.02, 12750, 10159167
1602849039, 0, 1378, 1927, 1728, 167, 19.45%, 0, 0, 4, 243.53, 12750, 10160443
1602849044, 0, 1378, 1930, 1731, 167, 19.45%, 0, 0, 4, 247.95, 12750, 10161723
1602849049, 0, 1378, 1931, 1732, 167, 19.45%, 0, 0, 4, 245.37, 12750, 10162987
1602849060, 0, 1378, 1932, 1733, 167, 19.45%, 0, 0, 4, 245.59, 12750, 10165531
1602849075, 0, 1378, 1933, 1734, 167, 19.45%, 0, 0, 4, 245.11, 12750, 10169339
1602849091, 0, 1378, 1934, 1735, 167, 19.45%, 0, 0, 4, 243.14, 12750, 10173095
1602849096, 0, 1378, 1935, 1736, 167, 19.45%, 0, 0, 4, 248.50, 12750, 10174387
1602849106, 0, 1378, 1936, 1737, 167, 19.45%, 0, 0, 4, 247.59, 12750, 10176923
1602849127, 0, 1378, 1937, 1738, 167, 19.45%, 0, 0, 4, 244.74, 12750, 10181987
1602849137, 0, 1378, 1938, 1739, 167, 19.46%, 0, 0, 4, 246.11, 12755, 10184499
1602849142, 0, 1378, 1939, 1740, 167, 19.46%, 0, 0, 4, 246.69, 12755, 10185771
1602849157, 0, 1378, 1941, 1742, 167, 19.46%, 0, 0, 4, 250.72, 12755, 10189577
1602849162, 0, 1378, 1942, 1743, 167, 19.46%, 0, 0, 4, 244.45, 12755, 10190807
1602849167, 0, 1381, 1942, 1742, 170, 19.46%, 0, 0, 4, 255.28, 12755, 10192085
1602849270, 0, 1381, 1943, 1743, 170, 19.46%, 0, 0, 4, 287.54, 12755, 10219550
1602849275, 0, 1392, 1943, 1742, 169, 19.46%, 0, 0, 4, 282.85, 12755, 10220992
1602849348, 0, 1392, 1944, 1743, 169, 19.46%, 0, 0, 4, 285.33, 12755, 10240459
1602849353, 0, 1393, 1944, 1742, 168, 19.46%, 0, 0, 4, 301.78, 12755, 10241985
1602849409, 0, 1394, 1944, 1741, 167, 19.46%, 0, 0, 4, 290.03, 12755, 10259177
1602849624, 0, 1395, 1944, 1740, 166, 19.46%, 0, 0, 4, 245.42, 12755, 10307611
1602849838, 0, 1395, 1946, 1742, 166, 19.46%, 0, 0, 4, 240.87, 12755, 10355864
1602849853, 0, 1397, 1946, 1741, 165, 19.46%, 0, 0, 4, 242.90, 12755, 10359671
1602850068, 0, 1399, 1946, 1740, 164, 19.46%, 0, 0, 4, 238.02, 12755, 10408221
1602850191, 0, 1399, 1947, 1741, 164, 19.46%, 0, 0, 4, 275.62, 12755, 10438327
1602850196, 0, 1404, 1947, 1740, 164, 19.46%, 0, 0, 4, 233.62, 12755, 10439534
1602850353, 0, 1404, 1948, 1741, 164, 19.46%, 0, 0, 4, 220.93, 12755, 10472706
1602850364, 0, 1408, 1948, 1740, 164, 19.46%, 0, 0, 4, 261.59, 12755, 10475280
1602850496, 0, 1410, 1948, 1739, 163, 19.46%, 0, 0, 4, 284.28, 12755, 10511320
1602850599, 0, 1410, 1949, 1740, 163, 19.46%, 0, 0, 4, 289.92, 12755, 10539766
1602850604, 0, 1410, 1952, 1743, 163, 19.46%, 0, 0, 4, 300.56, 12755, 10541343
1602850654, 0, 1411, 1952, 1742, 162, 19.46%, 0, 0, 4, 274.54, 12755, 10556898
1602850777, 0, 1411, 1954, 1744, 162, 19.46%, 0, 0, 4, 273.29, 12755, 10588401
1602850787, 0, 1413, 1954, 1743, 161, 19.46%, 0, 0, 4, 286.21, 12755, 10591390
1602850911, 0, 1415, 1954, 1742, 160, 19.46%, 0, 0, 4, 277.29, 12755, 10624663
1602851002, 0, 1415, 1955, 1743, 160, 19.46%, 0, 0, 4, 259.13, 12755, 10647339
1602851008, 0, 1415, 1956, 1744, 160, 19.46%, 0, 0, 4, 269.47, 12755, 10648712
1602851018, 0, 1420, 1956, 1743, 159, 19.46%, 0, 0, 4, 248.94, 12755, 10651374
1602851069, 0, 1420, 1959, 1746, 159, 19.56%, 0, 0, 4, 211.41, 12817, 10662255
1602851171, 0, 1420, 1961, 1748, 159, 19.56%, 0, 0, 4, 228.38, 12817, 10684157
1602851186, 0, 1423, 1961, 1747, 161, 19.56%, 0, 0, 4, 233.33, 12817, 10687725
1602851350, 0, 1423, 1964, 1750, 161, 19.56%, 0, 0, 4, 259.00, 12817, 10726282
1602851381, 0, 1426, 1964, 1749, 161, 19.56%, 0, 0, 4, 251.19, 12817, 10734132
1602851523, 0, 1426, 1965, 1750, 161, 19.56%, 0, 0, 4, 257.85, 12817, 10769387
1602851528, 0, 1426, 1966, 1751, 161, 19.56%, 0, 0, 4, 276.56, 12817, 10770810
1602851533, 0, 1426, 1967, 1752, 161, 19.56%, 0, 0, 4, 284.00, 12817, 10772303
1602851543, 0, 1426, 1968, 1753, 161, 19.56%, 0, 0, 4, 273.98, 12817, 10775096
1602851584, 0, 1432, 1968, 1752, 161, 19.56%, 0, 0, 4, 242.40, 12817, 10786188
1602851732, 0, 1432, 1970, 1754, 161, 19.56%, 0, 0, 4, 234.78, 12817, 10819409
1602851747, 0, 1432, 1971, 1755, 161, 19.56%, 0, 0, 4, 251.90, 12817, 10823223
1602851768, 0, 1437, 1971, 1754, 161, 19.56%, 0, 0, 4, 234.58, 12817, 10828188
1602851911, 0, 1437, 1972, 1755, 161, 19.56%, 0, 0, 4, 238.07, 12817, 10860995
1602851921, 0, 1439, 1972, 1754, 161, 19.56%, 0, 0, 4, 235.53, 12817, 10863498
1602852131, 0, 1439, 1973, 1755, 161, 19.56%, 0, 0, 4, 238.16, 12817, 10910865
1602852141, 0, 1442, 1973, 1754, 161, 19.56%, 0, 0, 4, 262.21, 12817, 10913518
1602852228, 0, 1442, 1974, 1755, 161, 19.56%, 0, 0, 4, 269.87, 12817, 10936984
1602852239, 0, 1443, 1975, 1755, 160, 19.56%, 0, 0, 4, 257.00, 12817, 10939798
1602852244, 0, 1443, 1976, 1756, 160, 19.56%, 0, 0, 4, 239.41, 12817, 10941020
1602852285, 0, 1443, 1977, 1757, 160, 19.56%, 0, 0, 4, 235.28, 12817, 10950696
1602852346, 0, 1443, 1978, 1758, 160, 19.56%, 0, 0, 4, 235.36, 12817, 10965273
1602852362, 0, 1443, 1979, 1759, 160, 19.56%, 0, 0, 4, 239.79, 12817, 10968923
1602852367, 0, 1443, 1980, 1760, 160, 19.56%, 0, 0, 4, 265.53, 12817, 10970318
1602852372, 0, 1450, 1980, 1759, 160, 19.56%, 0, 0, 4, 268.91, 12817, 10971713
1602852444, 0, 1453, 1980, 1758, 159, 19.56%, 0, 0, 4, 291.66, 12817, 10991284
1602852582, 0, 1454, 1980, 1757, 158, 19.56%, 0, 0, 4, 267.44, 12817, 11027953
1602852797, 0, 1456, 1980, 1756, 157, 19.56%, 0, 0, 4, 249.13, 12817, 11076369
1602853012, 0, 1456, 1981, 1757, 157, 19.56%, 0, 0, 4, 245.46, 12817, 11125031
1602853017, 0, 1456, 1982, 1758, 157, 19.56%, 0, 0, 4, 243.35, 12817, 11126279
1602853027, 0, 1456, 1983, 1759, 157, 19.56%, 0, 0, 4, 255.09, 12817, 11128858
1602853042, 0, 1457, 1983, 1758, 156, 19.56%, 0, 0, 4, 310.45, 12817, 11132947
1602853088, 0, 1457, 1984, 1759, 156, 19.56%, 0, 0, 4, 422.61, 12817, 11150571
1602853093, 0, 1457, 1985, 1760, 156, 19.56%, 0, 0, 4, 447.33, 12817, 11152859
1602853103, 0, 1469, 1985, 1759, 155, 19.56%, 0, 0, 4, 290.67, 12817, 11156515
1602853247, 0, 1471, 1985, 1758, 155, 19.56%, 0, 0, 4, 255.27, 12817, 11190693
1602853348, 0, 1476, 1985, 1757, 154, 19.56%, 0, 0, 4, 287.75, 12817, 11216630
1602853415, 0, 1476, 1986, 1758, 154, 19.56%, 0, 0, 4, 335.65, 12817, 11237087
1602853420, 0, 1483, 1986, 1757, 153, 19.56%, 0, 0, 4, 294.33, 12817, 11238588
1602853507, 0, 1483, 1988, 1759, 153, 19.56%, 0, 0, 4, 278.90, 12817, 11261703
1602853522, 0, 1483, 1989, 1760, 153, 19.56%, 0, 0, 4, 300.98, 12817, 11266265
1602853537, 0, 1486, 1989, 1759, 153, 19.56%, 0, 0, 4, 329.32, 12817, 11271085
1602853603, 0, 1487, 1989, 1758, 152, 19.56%, 0, 0, 4, 351.04, 12817, 11293912
1602853741, 0, 1487, 1990, 1759, 152, 19.56%, 0, 0, 4, 245.49, 12817, 11325463
1602853746, 0, 1489, 1990, 1758, 151, 19.56%, 0, 0, 4, 239.62, 12817, 11326714
1602853961, 0, 1489, 1993, 1761, 151, 19.56%, 0, 0, 4, 245.16, 12817, 11375195
1602853971, 0, 1489, 1994, 1762, 151, 19.56%, 0, 0, 4, 246.35, 12817, 11377775
1602853977, 0, 1489, 1995, 1763, 151, 19.56%, 0, 0, 4, 243.59, 12817, 11379035
1602853987, 0, 1489, 1996, 1764, 151, 19.56%, 0, 0, 4, 252.07, 12817, 11381638
1602853997, 0, 1489, 1997, 1765, 151, 19.56%, 0, 0, 4, 253.61, 12817, 11384196
1602854012, 0, 1489, 1998, 1766, 151, 19.56%, 0, 0, 4, 255.43, 12817, 11388059
1602854089, 0, 1495, 1998, 1765, 150, 19.56%, 0, 0, 4, 263.13, 12817, 11407466
1602854196, 0, 1495, 1999, 1766, 150, 19.56%, 0, 0, 4, 289.03, 12817, 11437447
1602854206, 0, 1496, 1999, 1765, 149, 19.56%, 0, 0, 4, 263.97, 12817, 11440386
1602854343, 0, 1496, 2000, 1766, 149, 19.56%, 0, 0, 4, 265.99, 12817, 11474474
1602854348, 0, 1503, 2000, 1765, 148, 19.56%, 0, 0, 4, 269.68, 12817, 11475892
1602854563, 0, 1503, 2001, 1766, 148, 19.56%, 0, 0, 4, 240.89, 12817, 11524481
1602854568, 0, 1503, 2002, 1767, 148, 19.56%, 0, 0, 4, 248.48, 12817, 11525781
1602854578, 0, 1504, 2002, 1766, 148, 19.56%, 0, 0, 4, 241.60, 12817, 11528284
1602854793, 0, 1505, 2002, 1765, 147, 19.56%, 0, 0, 4, 245.57, 12817, 11576766
1602855008, 0, 1505, 2003, 1766, 147, 19.56%, 0, 0, 4, 231.03, 12817, 11624975
1602855018, 0, 1507, 2003, 1765, 147, 19.56%, 0, 0, 4, 249.83, 12817, 11627572
1602855120, 0, 1507, 2004, 1766, 147, 19.56%, 0, 0, 4, 266.31, 12817, 11653069
1602855125, 0, 1512, 2004, 1765, 146, 19.56%, 0, 0, 4, 272.28, 12817, 11654452
1602855340, 0, 1512, 2005, 1766, 146, 19.56%, 0, 0, 4, 234.08, 12817, 11702536
1602855345, 0, 1512, 2006, 1767, 146, 19.56%, 0, 0, 4, 250.46, 12817, 11703804
1602855360, 0, 1513, 2006, 1766, 146, 19.56%, 0, 0, 4, 232.31, 12817, 11707527
1602855569, 0, 1513, 2007, 1767, 146, 19.56%, 0, 0, 4, 223.25, 12817, 11754409
1602855579, 0, 1518, 2007, 1766, 145, 19.56%, 0, 0, 4, 240.56, 12817, 11756985
1602855620, 0, 1518, 2008, 1767, 145, 19.60%, 0, 0, 4, 225.49, 12844, 11766122
1602855656, 0, 1518, 2009, 1768, 145, 19.60%, 0, 0, 4, 235.83, 12844, 11774235
1602855671, 0, 1518, 2012, 1771, 145, 19.62%, 0, 0, 4, 228.31, 12857, 11777731
1602855686, 0, 1518, 2013, 1772, 145, 19.64%, 0, 0, 4, 225.02, 12868, 11781180
1602855691, 0, 1518, 2017, 1776, 145, 19.64%, 0, 0, 4, 247.38, 12868, 11782438
1602855701, 0, 1518, 2019, 1778, 145, 19.65%, 0, 0, 4, 261.78, 12878, 11785048
1602855706, 0, 1518, 2021, 1780, 145, 19.65%, 0, 0, 4, 261.89, 12878, 11786409
1602855711, 0, 1518, 2022, 1781, 145, 19.65%, 0, 0, 4, 257.23, 12878, 11787707
1602855722, 0, 1518, 2024, 1783, 145, 19.65%, 0, 0, 4, 256.22, 12878, 11790268
1602855732, 0, 1518, 2025, 1784, 145, 19.65%, 0, 0, 4, 258.82, 12878, 11792921
1602855747, 0, 1518, 2029, 1788, 145, 19.65%, 0, 0, 4, 257.12, 12879, 11796803
1602855787, 0, 1518, 2030, 1789, 145, 19.65%, 0, 0, 4, 259.28, 12879, 11807181
1602855802, 0, 1518, 2032, 1791, 145, 19.65%, 0, 0, 4, 261.59, 12879, 11811102
1602855817, 0, 1520, 2032, 1790, 148, 19.65%, 0, 0, 4, 259.80, 12879, 11815042
1602855909, 0, 1520, 2034, 1792, 148, 19.65%, 0, 0, 4, 282.47, 12879, 11838563
1602855919, 0, 1521, 2034, 1791, 147, 19.65%, 0, 0, 4, 283.92, 12879, 11841432
1602856046, 0, 1521, 2035, 1792, 147, 19.65%, 0, 0, 4, 264.67, 12879, 11872603
1602856051, 0, 1523, 2035, 1791, 146, 19.65%, 0, 0, 4, 251.17, 12879, 11873876
1602856595, 0, 1523, 2036, 1792, 146, 19.65%, 0, 0, 4, 235.94, 12879, 11921701
1602856600, 0, 1523, 2037, 1793, 146, 19.65%, 0, 0, 4, 249.12, 12879, 11923020
1602856610, 0, 1525, 2037, 1792, 146, 19.65%, 0, 0, 4, 250.72, 12879, 11925556
1602856825, 0, 1525, 2038, 1793, 146, 19.65%, 0, 0, 4, 237.73, 12879, 11974029
1602856830, 0, 1525, 2039, 1794, 146, 19.65%, 0, 0, 4, 255.32, 12879, 11975364
1602856840, 0, 1527, 2039, 1793, 145, 19.65%, 0, 0, 4, 253.82, 12879, 11977935
1602857004, 0, 1527, 2040, 1794, 145, 19.65%, 0, 0, 4, 232.37, 12879, 12015631
1602857014, 0, 1530, 2040, 1793, 144, 19.65%, 0, 0, 4, 250.41, 12879, 12018285
1602857152, 0, 1533, 2040, 1792, 143, 19.65%, 0, 0, 4, 261.58, 12879, 12051755
1602857280, 0, 1533, 2042, 1794, 143, 19.65%, 0, 0, 4, 275.91, 12879, 12086149
1602857291, 0, 1540, 2042, 1793, 142, 19.65%, 0, 0, 4, 306.64, 12879, 12089252
1602857347, 0, 1540, 2043, 1794, 142, 19.65%, 0, 0, 4, 341.28, 12879, 12107430
1602857352, 0, 1548, 2043, 1793, 141, 19.65%, 0, 0, 4, 335.72, 12879, 12109189
1602857464, 0, 1548, 2044, 1794, 141, 19.65%, 0, 0, 4, 278.88, 12879, 12137892
1602857469, 0, 1552, 2044, 1793, 140, 19.65%, 0, 0, 4, 307.96, 12879, 12139473
1602857480, 0, 1552, 2045, 1794, 140, 19.65%, 0, 0, 4, 333.86, 12879, 12142889
1602857526, 0, 1552, 2046, 1795, 140, 19.65%, 0, 0, 4, 366.67, 12879, 12158228
1602857531, 0, 1553, 2046, 1794, 139, 19.65%, 0, 0, 4, 316.17, 12879, 12159885
1602857536, 0, 1553, 2047, 1795, 139, 19.65%, 0, 0, 4, 275.68, 12881, 12161239
1602857612, 0, 1553, 2049, 1797, 139, 19.65%, 0, 0, 4, 292.58, 12881, 12182162
1602857623, 0, 1558, 2049, 1796, 140, 19.65%, 0, 0, 4, 286.45, 12881, 12185063
1602857771, 0, 1561, 2049, 1795, 139, 19.65%, 0, 0, 4, 285.49, 12881, 12220144
1602857858, 0, 1562, 2049, 1794, 138, 19.65%, 0, 0, 4, 307.33, 12881, 12245947
1602857945, 0, 1563, 2053, 1797, 137, 19.65%, 0, 0, 4, 298.03, 12881, 12272095
1602858047, 0, 1563, 2054, 1798, 137, 19.65%, 0, 0, 4, 302.57, 12881, 12300398
1602858052, 0, 1563, 2056, 1800, 137, 19.65%, 0, 0, 4, 315.21, 12881, 12301998
1602858057, 0, 1563, 2057, 1801, 137, 19.65%, 0, 0, 4, 324.41, 12881, 12303686
1602858078, 0, 1563, 2058, 1802, 137, 19.65%, 0, 0, 4, 318.25, 12881, 12310258
1602858098, 0, 1563, 2059, 1803, 137, 19.65%, 0, 0, 4, 321.56, 12881, 12316872
1602858109, 0, 1563, 2060, 1804, 137, 19.65%, 0, 0, 4, 323.71, 12881, 12320174
1602858124, 0, 1563, 2061, 1805, 137, 19.65%, 0, 0, 4, 322.91, 12881, 12325090
1602858139, 0, 1563, 2063, 1807, 137, 19.65%, 0, 0, 4, 324.08, 12881, 12330038
1602858144, 0, 1563, 2064, 1808, 137, 19.65%, 0, 0, 4, 320.41, 12881, 12331648
1602858149, 0, 1568, 2064, 1807, 138, 19.65%, 0, 0, 4, 330.81, 12881, 12333333
1602858160, 0, 1568, 2065, 1808, 138, 19.66%, 0, 0, 4, 337.91, 12883, 12336814
1602858205, 0, 1568, 2066, 1809, 138, 19.66%, 0, 0, 4, 366.20, 12883, 12352403
1602858211, 0, 1571, 2066, 1808, 138, 19.66%, 0, 0, 4, 312.38, 12883, 12353997
1602858328, 0, 1571, 2067, 1809, 138, 19.66%, 0, 0, 4, 300.06, 12883, 12387386
1602858333, 0, 1571, 2069, 1811, 138, 19.66%, 0, 0, 4, 320.28, 12883, 12389075
1602858343, 0, 1571, 2070, 1812, 138, 19.66%, 0, 0, 4, 323.04, 12883, 12392347
1602858363, 0, 1571, 2071, 1813, 138, 19.66%, 0, 0, 4, 318.91, 12884, 12398901
1602858399, 0, 1571, 2072, 1814, 138, 19.66%, 0, 0, 4, 321.90, 12884, 12410291
1602858404, 0, 1571, 2073, 1815, 138, 19.66%, 0, 0, 4, 318.71, 12884, 12411907
1602858414, 0, 1571, 2074, 1816, 138, 19.66%, 0, 0, 4, 324.79, 12884, 12415215
1602858429, 0, 1572, 2074, 1815, 139, 19.66%, 0, 0, 4, 314.56, 12884, 12420026
1602858434, 0, 1572, 2075, 1816, 139, 19.66%, 0, 0, 4, 338.33, 12886, 12421754
1602858506, 0, 1572, 2076, 1817, 139, 19.66%, 0, 0, 4, 349.22, 12886, 12446395
1602858511, 0, 1572, 2077, 1818, 139, 19.66%, 0, 0, 4, 390.39, 12886, 12448415
1602858516, 0, 1573, 2077, 1817, 140, 19.66%, 0, 0, 4, 384.51, 12886, 12450369
1602858713, 0, 1580, 2077, 1816, 139, 19.66%, 0, 0, 4, 248.32, 12886, 12492055
1602858826, 0, 1583, 2077, 1815, 138, 19.66%, 0, 0, 4, 274.63, 12886, 12521183
1602858908, 0, 1585, 2077, 1814, 137, 19.66%, 0, 0, 4, 279.15, 12886, 12543863
1602859030, 0, 1585, 2078, 1815, 137, 19.66%, 0, 0, 4, 280.01, 12886, 12575817
1602859035, 0, 1589, 2078, 1814, 137, 19.66%, 0, 0, 4, 294.48, 12886, 12577293
1602859132, 0, 1589, 2079, 1815, 137, 19.66%, 0, 0, 4, 313.01, 12886, 12606351
1602859137, 0, 1591, 2079, 1814, 136, 19.66%, 0, 0, 4, 326.03, 12886, 12608051
1602859260, 0, 1591, 2082, 1817, 136, 19.66%, 0, 0, 4, 267.35, 12886, 12638442
1602859270, 0, 1591, 2083, 1818, 136, 19.66%, 0, 0, 4, 273.07, 12886, 12641175
1602859275, 0, 1591, 2084, 1819, 136, 19.66%, 0, 0, 4, 274.97, 12886, 12642563
1602859280, 0, 1591, 2085, 1820, 136, 19.66%, 0, 0, 4, 276.00, 12886, 12643956
1602859320, 0, 1591, 2086, 1821, 136, 19.66%, 0, 0, 4, 277.26, 12886, 12655079
1602859346, 0, 1591, 2088, 1823, 136, 19.66%, 0, 0, 4, 274.04, 12886, 12662155
1602859366, 0, 1591, 2089, 1824, 136, 19.66%, 0, 0, 4, 275.05, 12886, 12667698
1602859371, 0, 1591, 2091, 1826, 136, 19.67%, 0, 0, 4, 276.12, 12892, 12669099
1602859376, 0, 1592, 2091, 1825, 135, 19.67%, 0, 0, 4, 275.22, 12892, 12670529
1602859473, 0, 1592, 2092, 1826, 135, 19.67%, 0, 0, 4, 284.52, 12892, 12696785
1602859478, 0, 1593, 2092, 1825, 134, 19.67%, 0, 0, 4, 304.09, 12892, 12698397
1602859576, 0, 1594, 2092, 1824, 133, 19.67%, 0, 0, 4, 260.05, 12892, 12725828
1602859581, 0, 1594, 2093, 1825, 133, 19.67%, 0, 0, 4, 243.02, 12894, 12727055
1602859596, 0, 1594, 2094, 1826, 133, 19.68%, 0, 0, 4, 239.81, 12895, 12730730
1602859724, 0, 1594, 2095, 1827, 133, 19.68%, 0, 0, 4, 247.84, 12895, 12761427
1602859729, 0, 1594, 2096, 1828, 133, 19.68%, 0, 0, 4, 263.40, 12895, 12762834
1602859739, 0, 1596, 2096, 1827, 135, 19.68%, 0, 0, 4, 266.72, 12895, 12765555
1602859923, 0, 1596, 2098, 1829, 135, 19.68%, 0, 0, 4, 262.97, 12895, 12810014
1602859928, 0, 1596, 2099, 1830, 135, 19.68%, 0, 0, 4, 265.76, 12895, 12811352
1602859933, 0, 1596, 2100, 1831, 135, 19.68%, 0, 0, 4, 268.35, 12895, 12812750
1602859938, 0, 1596, 2101, 1832, 135, 19.68%, 0, 0, 4, 270.26, 12895, 12814158
1602859943, 0, 1596, 2102, 1833, 135, 19.68%, 0, 0, 4, 268.71, 12895, 12815501
1602859948, 0, 1596, 2103, 1834, 135, 19.68%, 0, 0, 4, 271.68, 12895, 12816869
1602859954, 0, 1596, 2104, 1835, 135, 19.68%, 0, 0, 4, 270.46, 12895, 12818262
1602859959, 0, 1596, 2105, 1836, 135, 19.68%, 0, 0, 4, 268.10, 12895, 12819595
1602859974, 0, 1596, 2106, 1837, 135, 19.68%, 0, 0, 4, 270.88, 12895, 12823728
1602859984, 0, 1596, 2107, 1838, 135, 19.68%, 0, 0, 4, 272.52, 12895, 12826506
1602859989, 0, 1596, 2108, 1839, 135, 19.68%, 0, 0, 4, 266.37, 12895, 12827879
1602860004, 0, 1596, 2109, 1840, 135, 19.68%, 0, 0, 4, 270.51, 12895, 12831917
1602860030, 0, 1596, 2110, 1841, 135, 19.68%, 0, 0, 4, 264.79, 12895, 12838670
1602860045, 0, 1602, 2110, 1840, 135, 19.68%, 0, 0, 4, 278.91, 12895, 12842814
1602860065, 0, 1602, 2111, 1841, 135, 19.68%, 0, 0, 4, 276.29, 12895, 12848561
1602860126, 0, 1602, 2112, 1842, 135, 19.68%, 0, 0, 4, 309.94, 12895, 12865956
1602860131, 0, 1605, 2113, 1842, 136, 19.68%, 0, 0, 4, 315.02, 12895, 12867556
1602860212, 0, 1605, 2114, 1843, 136, 19.68%, 0, 0, 4, 343.11, 12895, 12893182
1602860217, 0, 1611, 2114, 1842, 134, 19.68%, 0, 0, 4, 321.53, 12895, 12894792
1602860309, 0, 1611, 2115, 1843, 134, 19.68%, 0, 0, 4, 339.89, 12895, 12923506
1602860314, 0, 1612, 2115, 1842, 133, 19.68%, 0, 0, 4, 321.18, 12895, 12925218
1602860417, 0, 1613, 2115, 1841, 132, 19.68%, 0, 0, 4, 286.12, 12895, 12954831
1602860519, 0, 1616, 2115, 1840, 132, 19.68%, 0, 0, 4, 280.67, 12895, 12982153
1602860672, 0, 1616, 2117, 1842, 132, 19.68%, 0, 0, 4, 287.54, 12895, 13022435
1602860682, 0, 1618, 2117, 1841, 131, 19.68%, 0, 0, 4, 303.50, 12895, 13025555
1602860738, 0, 1619, 2117, 1840, 130, 19.68%, 0, 0, 4, 335.88, 12895, 13042830
1602860743, 0, 1619, 2118, 1841, 130, 19.68%, 0, 0, 4, 333.64, 12895, 13044555
1602860748, 0, 1619, 2119, 1842, 130, 19.68%, 0, 0, 4, 347.19, 12900, 13046315
1602860759, 0, 1619, 2120, 1843, 130, 19.69%, 0, 0, 4, 341.39, 12902, 13049773
1602860764, 0, 1619, 2121, 1844, 130, 19.69%, 0, 0, 4, 338.39, 12902, 13051497
1602860820, 0, 1620, 2121, 1843, 133, 19.69%, 0, 0, 4, 327.27, 12902, 13070557
1602860983, 0, 1620, 2122, 1844, 133, 19.69%, 0, 0, 4, 262.93, 12902, 13110489
1602860988, 0, 1624, 2122, 1843, 132, 19.69%, 0, 0, 4, 273.84, 12902, 13111871
1602861029, 0, 1624, 2123, 1844, 132, 19.69%, 0, 0, 4, 283.68, 12904, 13123436
1602861100, 0, 1624, 2124, 1845, 132, 19.69%, 0, 0, 4, 285.19, 12904, 13143529
1602861105, 0, 1624, 2125, 1846, 132, 19.69%, 0, 0, 4, 311.57, 12904, 13145183
1602861115, 0, 1633, 2126, 1846, 132, 19.69%, 0, 0, 4, 280.40, 12904, 13148261
1602861120, 0, 1633, 2127, 1847, 132, 19.69%, 0, 0, 4, 262.37, 12904, 13149573
1602861241, 0, 1633, 2129, 1849, 132, 19.69%, 0, 0, 4, 279.38, 12904, 13181372
1602861247, 0, 1633, 2130, 1850, 132, 19.69%, 0, 0, 4, 293.34, 12904, 13182915
1602861257, 0, 1633, 2131, 1851, 132, 19.69%, 0, 0, 4, 283.39, 12904, 13185863
1602861297, 0, 1634, 2131, 1850, 133, 19.69%, 0, 0, 4, 259.98, 12904, 13197597
1602861415, 0, 1634, 2132, 1851, 133, 19.69%, 0, 0, 4, 256.57, 12904, 13227433
1602861420, 0, 1634, 2134, 1853, 133, 19.69%, 0, 0, 4, 279.83, 12904, 13228919
1602861441, 0, 1634, 2135, 1854, 133, 19.69%, 0, 0, 4, 283.78, 12904, 13234787
1602861477, 0, 1635, 2135, 1853, 133, 19.69%, 0, 0, 4, 254.64, 12904, 13244660
1602861482, 0, 1635, 2136, 1854, 133, 19.69%, 0, 0, 4, 248.58, 12904, 13245936
1602861635, 0, 1635, 2137, 1855, 133, 19.69%, 0, 0, 4, 261.45, 12904, 13283274
1602861640, 0, 1637, 2137, 1854, 133, 19.69%, 0, 0, 4, 257.06, 12904, 13284637
1602861645, 0, 1637, 2138, 1855, 133, 19.69%, 0, 0, 4, 222.90, 12904, 13285742
1602861805, 0, 1637, 2139, 1856, 133, 19.69%, 0, 0, 4, 206.64, 12904, 13319905
1602861887, 0, 1638, 2139, 1855, 132, 19.69%, 0, 0, 4, 231.26, 12904, 13337659
1602862042, 0, 1638, 2140, 1856, 132, 19.69%, 0, 0, 4, 213.97, 12904, 13370675
1602862119, 0, 1642, 2140, 1855, 131, 19.69%, 0, 0, 4, 254.43, 12904, 13387349
1602862227, 0, 1642, 2141, 1856, 131, 19.69%, 0, 0, 4, 290.60, 12904, 13416822
1602862232, 0, 1643, 2141, 1855, 130, 19.69%, 0, 0, 4, 302.82, 12904, 13418415
1602862345, 0, 1643, 2143, 1857, 130, 19.69%, 0, 0, 4, 297.14, 12904, 13449337
1602862355, 0, 1644, 2143, 1856, 130, 19.69%, 0, 0, 4, 303.39, 12904, 13452435
1602862467, 0, 1644, 2144, 1857, 130, 19.69%, 0, 0, 4, 292.41, 12904, 13483027
1602862473, 0, 1645, 2144, 1856, 129, 19.69%, 0, 0, 4, 296.16, 12904, 13484572
1602862580, 0, 1645, 2145, 1857, 129, 19.69%, 0, 0, 4, 304.30, 12904, 13515761
1602862585, 0, 1645, 2146, 1858, 129, 19.69%, 0, 0, 4, 315.80, 12904, 13517371
1602862590, 0, 1648, 2146, 1857, 128, 19.69%, 0, 0, 4, 313.32, 12904, 13519027
1602862713, 0, 1650, 2146, 1856, 127, 19.69%, 0, 0, 4, 281.14, 12904, 13551918
1602862800, 0, 1650, 2148, 1858, 127, 19.69%, 0, 0, 4, 257.55, 12904, 13572744
1602862805, 0, 1650, 2149, 1859, 127, 19.69%, 0, 0, 4, 262.47, 12904, 13574062
1602862830, 0, 1651, 2149, 1858, 127, 19.69%, 0, 0, 4, 248.98, 12904, 13580694
1602862912, 0, 1651, 2150, 1859, 127, 19.69%, 0, 0, 4, 245.01, 12904, 13600251
1602862922, 0, 1651, 2151, 1860, 127, 19.69%, 0, 0, 4, 259.51, 12904, 13602952
1602862927, 0, 1652, 2151, 1859, 127, 19.69%, 0, 0, 4, 253.84, 12904, 13604222
1602863014, 0, 1652, 2153, 1861, 127, 19.69%, 0, 0, 4, 252.58, 12904, 13624818
1602863029, 0, 1653, 2153, 1860, 126, 19.69%, 0, 0, 4, 250.84, 12904, 13628753
1602863110, 0, 1653, 2154, 1861, 126, 19.69%, 0, 0, 4, 240.10, 12904, 13648272
1602863120, 0, 1654, 2154, 1860, 125, 19.69%, 0, 0, 4, 247.65, 12904, 13650893
1602863207, 0, 1654, 2155, 1861, 125, 19.69%, 0, 0, 4, 250.82, 12904, 13671434
1602863212, 0, 1656, 2155, 1860, 124, 19.69%, 0, 0, 4, 248.48, 12904, 13672691
1602863299, 0, 1656, 2156, 1861, 124, 19.69%, 0, 0, 4, 252.45, 12904, 13693303
1602863304, 0, 1657, 2156, 1860, 124, 19.69%, 0, 0, 4, 249.94, 12904, 13694570
1602863397, 0, 1658, 2156, 1859, 123, 19.69%, 0, 0, 4, 239.40, 12904, 13716296
1602863484, 0, 1658, 2158, 1861, 123, 19.69%, 0, 0, 4, 260.41, 12904, 13737177
1602863494, 0, 1659, 2158, 1860, 122, 19.69%, 0, 0, 4, 254.35, 12904, 13739792
1602863581, 0, 1659, 2159, 1861, 122, 19.69%, 0, 0, 4, 259.75, 12904, 13760686
1602863586, 0, 1659, 2160, 1862, 122, 19.69%, 0, 0, 4, 259.52, 12904, 13761989
1602863596, 0, 1660, 2160, 1861, 121, 19.69%, 0, 0, 4, 262.72, 12904, 13764668
1602863745, 0, 1660, 2161, 1862, 121, 19.69%, 0, 0, 4, 277.10, 12904, 13804842
1602863750, 0, 1660, 2162, 1863, 121, 19.69%, 0, 0, 4, 298.76, 12904, 13806425
1602863760, 0, 1661, 2162, 1862, 120, 19.69%, 0, 0, 4, 308.85, 12904, 13809532
1602863816, 0, 1663, 2162, 1861, 119, 19.69%, 0, 0, 4, 235.03, 12904, 13826731
1602863872, 0, 1663, 2163, 1862, 119, 19.69%, 0, 0, 4, 81.37, 12904, 13831236
1602863919, 0, 1663, 2164, 1863, 119, 19.69%, 0, 0, 4, 77.82, 12904, 13834921
1602863929, 0, 1663, 2165, 1864, 119, 19.69%, 0, 0, 4, 78.79, 12904, 13835721
1602863934, 0, 1663, 2166, 1865, 119, 19.69%, 0, 0, 4, 79.67, 12904, 13836125
1602864041, 0, 1663, 2167, 1866, 119, 19.72%, 0, 0, 4, 79.22, 12923, 13844619
1602864056, 0, 1663, 2168, 1867, 119, 19.72%, 0, 0, 4, 79.46, 12923, 13845841
1602864164, 0, 1663, 2169, 1868, 119, 19.72%, 0, 0, 4, 79.39, 12924, 13854407
1602864659, 0, 1663, 2170, 1869, 119, 19.72%, 0, 0, 4, 79.58, 12924, 13893865
1602865878, 0, 1663, 2172, 1871, 119, 19.72%, 0, 0, 4, 88.67, 12924, 13990826
1602865883, 0, 1663, 2174, 1873, 119, 19.76%, 0, 0, 4, 91.15, 12953, 13991293
1602865888, 0, 1663, 2176, 1875, 119, 19.76%, 0, 0, 4, 88.93, 12953, 13991750
1602865893, 0, 1663, 2182, 1881, 119, 19.76%, 0, 0, 4, 89.13, 12953, 13992206
1602865898, 0, 1663, 2183, 1882, 119, 19.76%, 0, 0, 4, 87.63, 12953, 13992658
1602865903, 0, 1663, 2185, 1884, 119, 19.78%, 0, 0, 4, 91.78, 12962, 13993135
1602865909, 0, 1663, 2187, 1886, 119, 19.79%, 0, 0, 4, 89.55, 12968, 13993594
1602865924, 0, 1663, 2188, 1887, 119, 19.79%, 0, 0, 4, 87.22, 12968, 13994974
1602865929, 0, 1663, 2189, 1888, 119, 19.79%, 0, 0, 4, 90.17, 12968, 13995438
1602865940, 0, 1663, 2190, 1889, 119, 19.79%, 0, 0, 4, 87.74, 12968, 13996351
1602865950, 0, 1663, 2191, 1890, 119, 19.79%, 0, 0, 4, 89.80, 12968, 13997286
1602865970, 0, 1663, 2192, 1891, 119, 19.79%, 0, 0, 4, 90.07, 12968, 13999145
1602865981, 0, 1663, 2193, 1892, 119, 19.79%, 0, 0, 4, 91.87, 12968, 14000099
1602866006, 0, 1663, 2194, 1893, 119, 19.79%, 0, 0, 4, 90.75, 12968, 14002415
1602866017, 0, 1663, 2195, 1894, 119, 19.79%, 0, 0, 4, 90.25, 12968, 14003341
1602866037, 0, 1663, 2196, 1895, 119, 19.79%, 0, 0, 4, 88.18, 12968, 14005167
1602866068, 0, 1663, 2198, 1897, 119, 19.79%, 0, 0, 4, 88.22, 12968, 14007929
1602866073, 0, 1663, 2199, 1898, 119, 19.79%, 0, 0, 4, 90.40, 12968, 14008395
1602866088, 0, 1663, 2200, 1899, 119, 19.80%, 0, 0, 4, 90.66, 12975, 14009777
1602866094, 0, 1663, 2201, 1900, 119, 19.80%, 0, 0, 4, 89.53, 12975, 14010244
1602866135, 0, 1663, 2202, 1901, 119, 19.80%, 0, 0, 4, 89.25, 12975, 14013980
1602866140, 0, 1663, 2203, 1902, 119, 19.80%, 0, 0, 4, 88.39, 12975, 14014437
1602866150, 0, 1663, 2204, 1903, 119, 19.80%, 0, 0, 4, 89.61, 12975, 14015352
1602866155, 0, 1663, 2205, 1904, 119, 19.80%, 0, 0, 4, 89.74, 12977, 14015810
1602866186, 0, 1663, 2207, 1906, 119, 19.80%, 0, 0, 4, 88.07, 12977, 14018582
1602866243, 0, 1673, 2207, 1905, 124, 19.80%, 0, 0, 4, 89.91, 12977, 14023655
1602867601, 0, 1673, 2208, 1906, 124, 19.80%, 0, 0, 4, 90.23, 12977, 14142106
1602867612, 0, 1722, 2208, 1905, 123, 19.80%, 0, 0, 4, 137.31, 12977, 14143286
1602867627, 0, 1722, 2209, 1906, 123, 19.80%, 0, 0, 4, 159.83, 12979, 14145761
1602867997, 0, 1722, 2210, 1907, 123, 19.80%, 0, 0, 4, 171.33, 12979, 14205030
1602868008, 0, 1723, 2210, 1906, 123, 19.80%, 0, 0, 4, 125.04, 12979, 14206530
1602868013, 0, 1723, 2211, 1907, 123, 19.80%, 0, 0, 4, 101.25, 12979, 14207022
1602868105, 0, 1723, 2212, 1908, 123, 19.80%, 0, 0, 4, 94.54, 12979, 14215461
1602869217, 0, 1723, 2213, 1909, 123, 19.80%, 0, 0, 4, 92.83, 12979, 14316678
1602869222, 0, 1723, 2214, 1910, 123, 19.80%, 0, 0, 4, 92.66, 12979, 14317154
1602869248, 0, 1728, 2214, 1909, 123, 19.80%, 0, 0, 4, 92.16, 12979, 14319547
1602869268, 0, 1728, 2215, 1910, 123, 19.80%, 0, 0, 4, 90.04, 12979, 14321369
1602869822, 0, 1728, 2216, 1911, 123, 19.80%, 0, 0, 4, 90.90, 12979, 14371300
1602869956, 0, 1728, 2217, 1912, 123, 19.80%, 0, 0, 4, 88.70, 12979, 14383245
1602871001, 0, 1728, 2218, 1913, 123, 19.80%, 0, 0, 4, 99.95, 12979, 14476792
1602871006, 0, 1728, 2220, 1915, 123, 19.80%, 0, 0, 4, 98.97, 12979, 14477288
1602871073, 0, 1731, 2220, 1914, 122, 19.80%, 0, 0, 4, 101.28, 12979, 14483964
