# unix_time, cycles_done, cur_path, paths_total, pending_total, pending_favs, map_size, unique_crashes, unique_hangs, max_depth, execs_per_sec, edge_coverage, total_execs
1605462058, 0, 0, 1, 1, 1, 0.02%, 0, 0, 1, 2666.67 0 8
1605462063, 2, 7, 9, 2, 0, 0.04%, 0, 0, 5, 3766.10 27 20795
1605462068, 2, 9, 12, 3, 1, 0.05%, 0, 0, 7, 3959.81 30 41015
1605462073, 2, 12, 14, 4, 1, 0.06%, 0, 0, 8, 3912.06 41 60892
1605462078, 2, 13, 16, 5, 1, 0.07%, 0, 0, 9, 3945.63 43 81017
1605462083, 2, 15, 19, 7, 1, 0.07%, 0, 0, 10, 3909.40 47 100965
1605462088, 2, 16, 19, 6, 2, 0.07%, 0, 0, 10, 3877.14 47 120808
1605462093, 3, 4, 19, 4, 0, 0.07%, 0, 0, 10, 3907.89 47 140430
1605462098, 3, 19, 23, 8, 1, 0.08%, 0, 0, 12, 3826.04 53 159930
1605462103, 3, 22, 24, 8, 1, 0.09%, 0, 0, 13, 3821.82 56 179290
1605462109, 3, 23, 25, 8, 1, 0.09%, 0, 0, 14, 3846.53 57 198696
1605462114, 3, 24, 26, 8, 1, 0.09%, 0, 0, 15, 3857.89 58 218196
1605462119, 3, 25, 27, 8, 1, 0.09%, 0, 0, 16, 3853.87 60 237607
1605462124, 3, 26, 29, 9, 2, 0.10%, 0, 0, 17, 3740.01 66 256782
1605462129, 3, 28, 30, 9, 2, 0.10%, 0, 0, 17, 3694.44 68 275916
1605462134, 3, 29, 30, 8, 1, 0.10%, 0, 0, 17, 3704.86 68 295080
1605462139, 4, 12, 30, 7, 0, 0.10%, 0, 0, 17, 3806.98 68 314150
1605462144, 4, 21, 30, 7, 0, 0.10%, 0, 0, 17, 3840.54 68 333634
1605462149, 5, 12, 30, 6, 0, 0.10%, 0, 0, 17, 3889.78 68 353538
1605462154, 5, 26, 30, 5, 0, 0.10%, 0, 0, 17, 3880.69 68 373029
1605462159, 6, 11, 30, 5, 0, 0.10%, 0, 0, 17, 3913.00 68 392968
1605462164, 6, 20, 30, 4, 0, 0.10%, 0, 0, 17, 3861.99 68 412559
1605462170, 7, 10, 30, 3, 0, 0.10%, 0, 0, 17, 3933.25 68 432718
1605462175, 7, 29, 30, 2, 0, 0.10%, 0, 0, 17, 3929.95 68 452575
1605462180, 9, 12, 30, 2, 0, 0.10%, 0, 0, 17, 3928.16 68 472271
1605462185, 9, 28, 30, 1, 0, 0.10%, 0, 0, 17, 3910.15 68 491955
1605462190, 10, 28, 30, 1, 0, 0.10%, 0, 0, 17, 3936.31 68 511915
1605462195, 11, 29, 30, 1, 0, 0.10%, 0, 0, 17, 3925.15 68 531615
1605462200, 13, 12, 30, 1, 0, 0.10%, 0, 0, 17, 3929.79 68 551950
1605462205, 14, 18, 30, 1, 0, 0.10%, 0, 0, 17, 3933.16 68 572365
1605462210, 15, 18, 30, 1, 0, 0.10%, 0, 0, 17, 3933.05 68 592221
1605462215, 16, 19, 30, 1, 0, 0.10%, 0, 0, 17, 3934.34 68 612049
1605462220, 17, 18, 30, 1, 0, 0.10%, 0, 0, 17, 3944.77 68 632542
1605462225, 17, 27, 30, 1, 0, 0.10%, 0, 0, 17, 3756.20 68 651010
1605462230, 18, 19, 30, 0, 0, 0.10%, 0, 0, 17, 3890.38 68 670731
1605462235, 19, 26, 30, 0, 0, 0.10%, 0, 0, 17, 3917.02 68 690350
1605462240, 20, 28, 30, 0, 0, 0.10%, 0, 0, 17, 3921.77 68 710074
1605462245, 21, 29, 30, 0, 0, 0.10%, 0, 0, 17, 3931.12 68 729994
1605462251, 23, 18, 30, 0, 0, 0.10%, 0, 0, 17, 3925.62 68 750370
1605462256, 23, 29, 30, 0, 0, 0.10%, 0, 0, 17, 3930.12 68 770187
1605462261, 24, 28, 30, 0, 0, 0.10%, 0, 0, 17, 3942.28 68 790664
1605462266, 26, 18, 30, 0, 0, 0.10%, 0, 0, 17, 3932.99 68 811076
1605462271, 27, 19, 30, 0, 0, 0.10%, 0, 0, 17, 3940.24 68 830786
1605462276, 28, 18, 30, 0, 0, 0.10%, 0, 0, 17, 3936.87 68 850490
1605462281, 29, 19, 30, 0, 0, 0.10%, 0, 0, 17, 3947.35 68 870371
1605462286, 30, 19, 30, 0, 0, 0.10%, 0, 0, 17, 3926.37 68 890144
1605462291, 31, 24, 30, 0, 0, 0.10%, 0, 0, 17, 3938.14 68 909854
1605462296, 31, 29, 30, 0, 0, 0.10%, 0, 0, 17, 3922.89 68 930176
1605462301, 33, 12, 30, 0, 0, 0.10%, 0, 0, 17, 3924.38 68 949795
1605462306, 34, 17, 30, 0, 0, 0.10%, 0, 0, 17, 3933.48 68 969616
1605462311, 35, 18, 30, 0, 0, 0.10%, 0, 0, 17, 3941.92 68 989370
1605462316, 36, 18, 30, 0, 0, 0.10%, 0, 0, 17, 3932.33 68 1009083
1605462322, 37, 19, 30, 0, 0, 0.10%, 0, 0, 17, 3932.91 68 1028970
1605462327, 38, 26, 30, 0, 0, 0.10%, 0, 0, 17, 3932.57 68 1048683
1605462332, 39, 28, 30, 0, 0, 0.10%, 0, 0, 17, 3934.51 68 1068478
1605462337, 40, 29, 30, 0, 0, 0.10%, 0, 0, 17, 3926.02 68 1088872
1605462342, 41, 26, 30, 0, 0, 0.10%, 0, 0, 17, 3949.79 68 1108908
1605462347, 42, 26, 30, 0, 0, 0.10%, 0, 0, 17, 3935.77 68 1128584
1605462352, 43, 12, 30, 0, 0, 0.10%, 0, 0, 17, 3934.57 68 1148283
1605462357, 44, 19, 30, 0, 0, 0.10%, 0, 0, 17, 3933.75 68 1168732
1605462362, 45, 23, 30, 0, 0, 0.10%, 0, 0, 17, 3935.71 68 1188404
1605462367, 46, 26, 30, 0, 0, 0.10%, 0, 0, 17, 3929.69 68 1208176
1605462372, 47, 28, 30, 0, 0, 0.10%, 0, 0, 17, 3935.28 68 1227912
1605462377, 49, 12, 30, 0, 0, 0.10%, 0, 0, 17, 3922.37 68 1248132
1605462382, 50, 19, 30, 0, 0, 0.10%, 0, 0, 17, 3928.31 68 1267834
1605462387, 51, 26, 30, 0, 0, 0.10%, 0, 0, 17, 3941.64 68 1287692
1605462392, 52, 28, 30, 0, 0, 0.10%, 0, 0, 17, 3924.09 68 1308122
1605462398, 53, 28, 30, 0, 0, 0.10%, 0, 0, 17, 3935.85 68 1327944
1605462403, 55, 4, 30, 0, 0, 0.10%, 0, 0, 17, 3939.53 68 1347811
1605462408, 56, 18, 30, 0, 0, 0.10%, 0, 0, 17, 3937.53 68 1368322
1605462413, 57, 26, 30, 0, 0, 0.10%, 0, 0, 17, 3932.16 68 1388656
1605462418, 58, 28, 30, 0, 0, 0.10%, 0, 0, 17, 3922.75 68 1409043
1605462423, 59, 29, 30, 0, 0, 0.10%, 0, 0, 17, 3931.63 68 1429412
1605462429, 61, 18, 30, 0, 0, 0.10%, 0, 0, 17, 3934.53 68 1449944
1605462434, 62, 19, 30, 0, 0, 0.10%, 0, 0, 17, 3933.18 68 1469843
1605462439, 63, 19, 30, 0, 0, 0.10%, 0, 0, 17, 3952.09 68 1489699
1605462444, 64, 25, 30, 0, 0, 0.10%, 0, 0, 17, 3949.46 68 1510130
1605462449, 65, 26, 30, 0, 0, 0.10%, 0, 0, 17, 3925.37 68 1529843
1605462454, 66, 29, 30, 0, 0, 0.10%, 0, 0, 17, 3933.01 68 1549526
1605462459, 68, 18, 30, 0, 0, 0.10%, 0, 0, 17, 3939.72 68 1570014
1605462464, 69, 18, 30, 0, 0, 0.10%, 0, 0, 17, 3942.31 68 1589866
1605462469, 69, 30, 32, 2, 1, 0.11%, 0, 0, 18, 3732.26 71 1608383
1605462474, 69, 30, 34, 4, 1, 0.11%, 0, 0, 18, 3839.65 74 1628147
1605462479, 69, 31, 34, 3, 2, 0.11%, 0, 0, 18, 3670.36 74 1646784
1605462484, 69, 33, 34, 2, 1, 0.11%, 0, 0, 18, 3779.90 74 1666141
1605462489, 69, 33, 35, 3, 1, 0.11%, 0, 0, 19, 3745.42 75 1684526
1605462494, 69, 34, 36, 3, 1, 0.12%, 0, 0, 20, 3644.57 76 1702672
1605462499, 69, 34, 39, 6, 1, 0.12%, 0, 0, 20, 3793.27 80 1722274
1605462505, 69, 38, 40, 6, 1, 0.12%, 0, 0, 21, 3499.50 81 1740201
1605462510, 69, 38, 42, 8, 1, 0.13%, 0, 0, 21, 3685.16 85 1758686
1605462515, 69, 38, 43, 9, 1, 0.13%, 0, 0, 21, 3775.75 88 1778116
1605462520, 69, 40, 44, 9, 2, 0.14%, 0, 0, 22, 3510.81 89 1795012
1605462525, 69, 42, 44, 8, 2, 0.14%, 0, 0, 22, 3477.27 89 1813705
1605462535, 69, 43, 45, 8, 1, 0.14%, 0, 0, 23, 3485.20 90 1848923
1605462540, 69, 44, 45, 7, 1, 0.14%, 0, 0, 23, 3565.91 90 1868049
1605462545, 69, 44, 46, 8, 1, 0.14%, 0, 0, 24, 3646.70 91 1885978
1605462550, 69, 45, 47, 8, 1, 0.14%, 0, 0, 25, 3490.89 92 1903336
1605462555, 69, 46, 47, 7, 1, 0.14%, 0, 0, 25, 3666.41 92 1922211
1605462565, 70, 34, 47, 6, 0, 0.14%, 0, 0, 25, 3811.44 92 1959743
1605462571, 70, 36, 47, 6, 0, 0.14%, 0, 0, 25, 3603.39 92 1977511
1605462576, 70, 37, 47, 5, 0, 0.14%, 0, 0, 25, 3716.12 92 1996615
1605462586, 70, 42, 47, 4, 0, 0.14%, 0, 0, 25, 3795.16 92 2034314
1605462591, 71, 29, 47, 4, 0, 0.14%, 0, 0, 25, 3844.35 92 2053653
1605462596, 71, 32, 47, 4, 0, 0.14%, 0, 0, 25, 3727.04 92 2071801
1605462601, 71, 40, 47, 3, 0, 0.14%, 0, 0, 25, 3829.67 92 2091845
1605462606, 71, 41, 47, 3, 0, 0.14%, 0, 0, 25, 3533.17 92 2109760
1605462611, 71, 42, 47, 2, 0, 0.14%, 0, 0, 25, 3757.56 92 2129609
1605462617, 72, 28, 47, 2, 0, 0.14%, 0, 0, 25, 3862.90 92 2149745
1605462622, 72, 35, 47, 2, 0, 0.14%, 0, 0, 25, 3700.84 92 2167824
1605462627, 72, 40, 47, 1, 0, 0.14%, 0, 0, 25, 3848.77 92 2188006
1605462632, 72, 46, 47, 1, 0, 0.14%, 0, 0, 25, 3829.63 92 2207717
1605462637, 73, 37, 47, 1, 0, 0.14%, 0, 0, 25, 3855.22 92 2227662
1605462642, 73, 42, 47, 1, 0, 0.14%, 0, 0, 25, 3847.32 92 2247645
1605462648, 74, 36, 47, 1, 0, 0.14%, 0, 0, 25, 3870.24 92 2267562
1605462653, 74, 38, 47, 1, 0, 0.14%, 0, 0, 25, 3872.65 92 2287534
1605462658, 74, 41, 47, 1, 0, 0.14%, 0, 0, 25, 3844.52 92 2306765
1605462663, 74, 46, 47, 1, 0, 0.14%, 0, 0, 25, 3831.29 92 2326537
1605462668, 75, 40, 47, 1, 0, 0.14%, 0, 0, 25, 3850.16 92 2345873
1605462673, 75, 46, 47, 1, 0, 0.14%, 0, 0, 25, 3819.28 92 2365561
1605462678, 76, 37, 47, 1, 0, 0.14%, 0, 0, 25, 3841.93 92 2385525
1605462683, 76, 42, 47, 1, 0, 0.14%, 0, 0, 25, 3825.94 92 2405341
1605462689, 77, 29, 47, 1, 0, 0.14%, 0, 0, 25, 3859.16 92 2425292
1605462694, 77, 39, 47, 1, 0, 0.14%, 0, 0, 25, 3466.13 92 2442815
1605462699, 77, 40, 47, 0, 0, 0.14%, 0, 0, 25, 3743.90 92 2462619
1605462704, 77, 46, 47, 0, 0, 0.14%, 0, 0, 25, 3805.05 92 2481855
1605462709, 78, 37, 47, 0, 0, 0.14%, 0, 0, 25, 3838.56 92 2501259
1605462714, 78, 42, 47, 0, 0, 0.14%, 0, 0, 25, 3824.62 92 2520939
1605462719, 79, 37, 47, 0, 0, 0.14%, 0, 0, 25, 3840.33 92 2540775
1605462724, 79, 42, 47, 0, 0, 0.14%, 0, 0, 25, 3827.71 92 2560531
1605462730, 80, 29, 47, 0, 0, 0.14%, 0, 0, 25, 3855.94 92 2580532
1605462735, 80, 40, 47, 0, 0, 0.14%, 0, 0, 25, 3822.90 92 2600235
1605462740, 80, 42, 47, 0, 0, 0.14%, 0, 0, 25, 3807.13 92 2619363
1605462745, 81, 29, 47, 0, 0, 0.14%, 0, 0, 25, 3852.50 92 2639341
1605462750, 81, 40, 47, 0, 0, 0.14%, 0, 0, 25, 3857.48 92 2659282
1605462755, 82, 18, 47, 0, 0, 0.14%, 0, 0, 25, 3859.26 92 2679227
1605462760, 82, 37, 47, 0, 0, 0.14%, 0, 0, 25, 3852.33 92 2699255
1605462766, 82, 42, 47, 0, 0, 0.14%, 0, 0, 25, 3826.27 92 2719163
1605462771, 83, 37, 47, 0, 0, 0.14%, 0, 0, 25, 3849.79 92 2738496
1605462776, 83, 42, 47, 0, 0, 0.14%, 0, 0, 25, 3840.39 92 2758199
1605462781, 83, 46, 47, 0, 0, 0.14%, 0, 0, 25, 3837.33 92 2777923
1605462786, 84, 37, 47, 0, 0, 0.14%, 0, 0, 25, 3844.96 92 2797995
1605462791, 84, 42, 47, 0, 0, 0.14%, 0, 0, 25, 3815.73 92 2817823
1605462796, 84, 47, 48, 1, 1, 0.14%, 0, 0, 26, 3576.34 93 2836726
1605462802, 84, 47, 49, 2, 1, 0.14%, 0, 0, 27, 3634.28 94 2854970
1605462807, 84, 48, 50, 2, 1, 0.14%, 0, 0, 28, 3429.36 95 2872615
1605462812, 84, 49, 50, 1, 1, 0.14%, 0, 0, 28, 3560.97 95 2890978
1605462817, 84, 49, 51, 2, 1, 0.15%, 0, 0, 29, 3596.53 96 2908463
1605462822, 84, 50, 51, 1, 1, 0.15%, 0, 0, 29, 3362.53 96 2925335
1605462832, 85, 37, 51, 0, 0, 0.15%, 0, 0, 29, 3820.16 96 2964483
1605462837, 85, 42, 51, 0, 0, 0.15%, 0, 0, 29, 3813.57 96 2984267
1605462842, 85, 48, 51, 0, 0, 0.15%, 0, 0, 29, 3819.70 96 3003395
1605462848, 85, 50, 51, 0, 0, 0.15%, 0, 0, 29, 3830.90 96 3023287
1605462853, 86, 32, 51, 0, 0, 0.15%, 0, 0, 29, 3850.92 96 3043117
1605462858, 86, 41, 51, 0, 0, 0.15%, 0, 0, 29, 3825.70 96 3062899
1605462863, 86, 48, 51, 0, 0, 0.15%, 0, 0, 29, 3815.21 96 3082708
1605462868, 86, 50, 51, 0, 0, 0.15%, 0, 0, 29, 3796.00 96 3101815
1605462873, 87, 40, 51, 0, 0, 0.15%, 0, 0, 29, 3845.89 96 3121223
1605462878, 87, 47, 51, 0, 0, 0.15%, 0, 0, 29, 3827.86 96 3141076
1605462883, 87, 49, 51, 0, 0, 0.15%, 0, 0, 29, 3811.21 96 3160760
1605462889, 88, 19, 51, 0, 0, 0.15%, 0, 0, 29, 3843.01 96 3180504
1605462894, 88, 40, 51, 0, 0, 0.15%, 0, 0, 29, 3852.22 96 3199927
1605462899, 88, 48, 51, 0, 0, 0.15%, 0, 0, 29, 3839.80 96 3219567
1605462904, 89, 12, 51, 0, 0, 0.15%, 0, 0, 29, 3845.59 96 3239359
1605462909, 89, 39, 51, 0, 0, 0.15%, 0, 0, 29, 3832.60 96 3259271
1605462914, 89, 48, 51, 0, 0, 0.15%, 0, 0, 29, 3821.66 96 3278375
1605462919, 89, 50, 51, 0, 0, 0.15%, 0, 0, 29, 3816.37 96 3298099
1605462925, 90, 40, 51, 0, 0, 0.15%, 0, 0, 29, 3847.94 96 3318128
1605462930, 90, 48, 51, 0, 0, 0.15%, 0, 0, 29, 3836.67 96 3337887
1605462935, 91, 12, 51, 0, 0, 0.15%, 0, 0, 29, 3834.21 96 3357678
1605462940, 91, 32, 51, 0, 0, 0.15%, 0, 0, 29, 3864.95 96 3377667
1605462945, 91, 44, 51, 0, 0, 0.15%, 0, 0, 29, 3823.26 96 3397436
1605462950, 91, 48, 51, 0, 0, 0.15%, 0, 0, 29, 3803.45 96 3416533
1605462955, 91, 50, 51, 0, 0, 0.15%, 0, 0, 29, 3809.90 96 3436293
1605462960, 92, 35, 51, 0, 0, 0.15%, 0, 0, 29, 3876.95 96 3455857
1605462966, 92, 48, 51, 0, 0, 0.15%, 0, 0, 29, 3859.65 96 3475712
1605462971, 92, 50, 51, 0, 0, 0.15%, 0, 0, 29, 3825.42 96 3495390
1605462976, 93, 38, 51, 0, 0, 0.15%, 0, 0, 29, 3834.03 96 3515350
1605462981, 93, 47, 51, 0, 0, 0.15%, 0, 0, 29, 3855.33 96 3535146
1605462986, 93, 49, 51, 0, 0, 0.15%, 0, 0, 29, 3838.78 96 3554422
1605462991, 93, 51, 52, 1, 1, 0.16%, 0, 0, 30, 3767.04 102 3573841
1605462996, 93, 51, 53, 2, 1, 0.16%, 0, 0, 31, 3456.01 103 3590174
1605463001, 93, 52, 54, 2, 1, 0.16%, 0, 0, 32, 3310.74 104 3608105
1605463012, 93, 53, 54, 1, 1, 0.16%, 0, 0, 32, 3152.70 104 3641807
1605463017, 93, 53, 55, 2, 1, 0.17%, 0, 0, 33, 3586.37 110 3660282
1605463027, 93, 54, 56, 2, 1, 0.17%, 0, 0, 34, 3202.85 111 3694233
1605463032, 93, 55, 56, 1, 1, 0.17%, 0, 0, 34, 3443.69 111 3712191
1605463037, 93, 55, 57, 2, 1, 0.17%, 0, 0, 35, 3308.58 112 3727793
1605463042, 93, 56, 57, 1, 1, 0.17%, 0, 0, 35, 3320.57 112 3745288
1605463052, 94, 29, 57, 0, 0, 0.17%, 0, 0, 35, 3846.97 112 3782461
1605463057, 94, 55, 57, 0, 0, 0.17%, 0, 0, 35, 3885.40 112 3802604
1605463062, 95, 18, 57, 0, 0, 0.17%, 0, 0, 35, 3920.07 112 3822335
1605463067, 95, 40, 57, 0, 0, 0.17%, 0, 0, 35, 3944.85 112 3842111
1605463072, 95, 54, 57, 0, 0, 0.17%, 0, 0, 35, 3902.45 112 3861565
1605463077, 96, 12, 57, 0, 0, 0.17%, 0, 0, 35, 3892.80 112 3881698
1605463082, 96, 52, 57, 0, 0, 0.17%, 0, 0, 35, 3867.36 112 3901184
1605463088, 96, 55, 57, 0, 0, 0.17%, 0, 0, 35, 3888.89 112 3921460
1605463093, 97, 29, 57, 0, 0, 0.17%, 0, 0, 35, 3933.03 112 3941889
1605463098, 97, 55, 57, 0, 0, 0.17%, 0, 0, 35, 3869.46 112 3961740
1605463103, 98, 29, 57, 0, 0, 0.17%, 0, 0, 35, 3913.54 112 3981955
1605463108, 98, 42, 57, 0, 0, 0.17%, 0, 0, 35, 3908.79 112 4001545
1605463113, 98, 56, 57, 0, 0, 0.17%, 0, 0, 35, 3914.97 112 4021168
1605463118, 99, 40, 57, 0, 0, 0.17%, 0, 0, 35, 3938.25 112 4041562
1605463123, 99, 52, 57, 0, 0, 0.17%, 0, 0, 35, 3943.39 112 4061319
1605463128, 100, 8, 57, 0, 0, 0.17%, 0, 0, 35, 3896.73 112 4080946
1605463133, 100, 49, 57, 0, 0, 0.17%, 0, 0, 35, 3924.81 112 4100713
1605463138, 100, 55, 57, 0, 0, 0.17%, 0, 0, 35, 3876.39 112 4120130
1605463144, 101, 28, 57, 0, 0, 0.17%, 0, 0, 35, 3920.67 112 4140499
1605463149, 101, 55, 57, 0, 0, 0.17%, 0, 0, 35, 3896.90 112 4160710
1605463154, 102, 18, 57, 0, 0, 0.17%, 0, 0, 35, 3946.32 112 4180540
1605463159, 102, 36, 57, 0, 0, 0.17%, 0, 0, 35, 3931.30 112 4200522
1605463164, 102, 53, 57, 0, 0, 0.17%, 0, 0, 35, 3922.86 112 4220236
1605463169, 102, 56, 57, 0, 0, 0.17%, 0, 0, 35, 3854.13 112 4240057
1605463174, 103, 33, 57, 0, 0, 0.17%, 0, 0, 35, 3921.74 112 4259932
1605463179, 103, 44, 57, 0, 0, 0.17%, 0, 0, 35, 3923.43 112 4280221
1605463184, 103, 55, 57, 0, 0, 0.17%, 0, 0, 35, 3888.49 112 4300115
1605463190, 104, 19, 57, 0, 0, 0.17%, 0, 0, 35, 3920.66 112 4320398
1605463195, 104, 52, 57, 0, 0, 0.17%, 0, 0, 35, 3906.94 112 4340109
1605463200, 104, 56, 57, 0, 0, 0.17%, 0, 0, 35, 3865.97 112 4360209
1605463205, 105, 40, 57, 0, 0, 0.17%, 0, 0, 35, 3938.66 112 4380013
1605463210, 105, 55, 57, 0, 0, 0.17%, 0, 0, 35, 3901.99 112 4400121
1605463215, 106, 29, 57, 0, 0, 0.17%, 0, 0, 35, 3944.16 112 4420650
1605463220, 106, 55, 57, 0, 0, 0.17%, 0, 0, 35, 3882.26 112 4440699
1605463226, 107, 23, 57, 0, 0, 0.17%, 0, 0, 35, 3929.90 112 4460967
1605463231, 107, 52, 57, 0, 0, 0.17%, 0, 0, 35, 3941.46 112 4481457
1605463236, 107, 56, 57, 0, 0, 0.17%, 0, 0, 35, 3874.68 112 4501507
