# unix_time, cycles_done, cur_path, paths_total, pending_total, pending_favs, map_size, unique_crashes, unique_hangs, max_depth, execs_per_sec, edge_coverage, total_execs
1605544810, 0, 0, 1, 1, 1, 0.10%, 0, 0, 1, 205.13 0 8
1605544815, 0, 0, 26, 26, 1, 0.11%, 0, 0, 2, 699.64 70 4144
1605544820, 0, 0, 30, 30, 1, 0.11%, 0, 0, 2, 808.32 74 8395
1605544825, 0, 0, 31, 31, 1, 0.11%, 0, 0, 2, 833.15 74 12611
1605544835, 0, 0, 32, 32, 1, 0.11%, 0, 0, 2, 841.04 74 21051
1605544840, 0, 0, 33, 33, 1, 0.11%, 0, 0, 2, 841.63 74 25267
1605544845, 0, 0, 34, 34, 1, 0.11%, 0, 0, 2, 840.98 74 29483
1605544855, 0, 29, 35, 32, 1, 0.11%, 0, 0, 2, 814.36 74 37991
1605544861, 0, 35, 37, 33, 1, 0.12%, 0, 0, 4, 734.45 76 41718
1605544866, 0, 35, 39, 35, 1, 0.12%, 0, 0, 4, 787.86 76 45747
1605544871, 0, 36, 40, 35, 1, 0.12%, 0, 0, 5, 745.57 77 49460
1605544876, 0, 39, 40, 34, 1, 0.12%, 0, 0, 5, 732.94 77 53214
1605544881, 0, 39, 41, 35, 1, 0.12%, 0, 0, 6, 796.79 78 57321
1605544886, 0, 40, 42, 35, 1, 0.12%, 0, 0, 7, 625.15 79 60288
1605544891, 0, 40, 45, 38, 1, 0.12%, 0, 0, 7, 672.93 80 63679
1605544896, 0, 40, 47, 40, 1, 0.12%, 0, 0, 7, 748.35 80 67652
1605544932, 0, 41, 47, 39, 2, 0.12%, 0, 0, 7, 737.55 80 95101
1605544942, 0, 43, 47, 38, 1, 0.12%, 0, 0, 7, 674.51 80 101444
1605544952, 0, 43, 48, 39, 1, 0.12%, 0, 0, 8, 385.81 81 105765
1605544968, 0, 47, 48, 38, 1, 0.12%, 0, 0, 8, 492.39 81 113121
1605544988, 0, 47, 49, 39, 1, 0.13%, 0, 0, 9, 602.66 83 122937
1605544993, 0, 48, 49, 38, 1, 0.13%, 0, 0, 9, 533.23 83 125762
1605545003, 0, 48, 51, 40, 1, 0.13%, 0, 0, 10, 371.39 87 129919
