# unix_time, cycles_done, cur_path, paths_total, pending_total, pending_favs, map_size, unique_crashes, unique_hangs, max_depth, execs_per_sec, edge_coverage, total_execs
1606988233, 0, 0, 1, 1, 1, 1.91%, 0, 0, 1, 72.60, 1253, 40
1606988238, 0, 0, 14, 14, 1, 1.94%, 0, 0, 2, 75.00, 1273, 2280
1606988243, 0, 0, 25, 25, 1, 2.00%, 0, 0, 2, 98.58, 1310, 2783
1606988248, 0, 0, 46, 46, 1, 2.08%, 0, 0, 2, 90.73, 1362, 3233
1606988253, 0, 0, 77, 77, 1, 2.25%, 0, 0, 2, 110.33, 1475, 3816
1606988258, 0, 0, 210, 210, 1, 2.48%, 0, 0, 2, 483.65, 1624, 5954
1606988263, 0, 0, 244, 244, 1, 2.49%, 0, 0, 2, 424.14, 1635, 8038
1606988268, 0, 0, 277, 277, 1, 2.57%, 0, 0, 2, 257.97, 1682, 9310
1606988273, 0, 0, 307, 307, 1, 2.58%, 0, 0, 2, 356.80, 1689, 10898
1606988279, 0, 0, 339, 339, 1, 2.59%, 0, 0, 2, 382.39, 1697, 12993
1606988284, 0, 0, 354, 354, 1, 2.59%, 0, 0, 2, 358.79, 1697, 14835
1606988289, 0, 0, 377, 377, 1, 2.60%, 0, 0, 2, 322.42, 1705, 16324
1606988294, 0, 0, 391, 391, 1, 2.61%, 0, 0, 2, 255.92, 1709, 17510
1606988299, 0, 0, 408, 408, 1, 2.61%, 0, 0, 2, 381.63, 1709, 19633
1606988304, 0, 0, 416, 416, 1, 2.61%, 0, 0, 2, 351.71, 1711, 21398
1606988309, 0, 0, 426, 426, 1, 2.62%, 0, 0, 2, 304.39, 1714, 22954
1606988314, 0, 0, 435, 435, 1, 2.62%, 0, 0, 2, 370.15, 1717, 24971
1606988320, 0, 0, 436, 436, 1, 2.62%, 0, 0, 2, 207.12, 1718, 25830
1606988325, 0, 0, 437, 437, 1, 2.62%, 0, 0, 2, 141.37, 1718, 26468
1606988340, 0, 0, 438, 438, 1, 2.62%, 0, 0, 2, 118.01, 1718, 27996
1606988350, 0, 0, 439, 439, 1, 2.62%, 0, 0, 2, 121.62, 1718, 29300
1606988355, 0, 0, 440, 440, 1, 2.62%, 0, 0, 2, 161.70, 1719, 30085
1606988361, 0, 0, 441, 441, 1, 2.62%, 0, 0, 2, 156.29, 1720, 30884
1606988366, 0, 0, 443, 443, 1, 2.63%, 0, 0, 2, 147.46, 1722, 31634
1606988371, 0, 0, 444, 444, 1, 2.63%, 0, 0, 2, 126.70, 1722, 32260
1606988386, 0, 0, 445, 445, 1, 2.63%, 0, 0, 2, 126.09, 1722, 34178
1606988401, 0, 0, 446, 446, 1, 2.63%, 0, 0, 2, 127.33, 1723, 35872
1606988406, 0, 0, 447, 447, 1, 2.63%, 0, 0, 2, 130.69, 1723, 36572
1606988417, 0, 0, 449, 449, 1, 2.63%, 0, 0, 2, 107.03, 1725, 37674
1606988422, 0, 0, 451, 451, 1, 2.63%, 0, 0, 2, 123.70, 1725, 38290
1606988432, 0, 0, 452, 452, 1, 2.63%, 0, 0, 2, 130.15, 1725, 39504
1606988437, 0, 0, 453, 453, 1, 2.63%, 0, 0, 2, 130.69, 1726, 40180
1606988442, 0, 0, 455, 455, 1, 2.64%, 0, 0, 2, 112.92, 1727, 40706
1606988447, 0, 0, 456, 456, 1, 2.64%, 0, 0, 2, 106.55, 1727, 41254
1606988462, 0, 0, 457, 457, 1, 2.64%, 0, 0, 2, 129.21, 1727, 43164
1606988467, 0, 0, 458, 458, 1, 2.64%, 0, 0, 2, 121.34, 1728, 43790
1606988472, 0, 0, 459, 459, 1, 2.64%, 0, 0, 2, 110.33, 1729, 44358
1606988482, 0, 0, 461, 461, 1, 2.64%, 0, 0, 2, 120.38, 1729, 45658
1606988493, 0, 0, 462, 462, 1, 2.64%, 0, 0, 2, 107.04, 1730, 46696
1606988518, 0, 0, 464, 464, 1, 2.64%, 0, 0, 2, 118.88, 1731, 49580
1606988523, 0, 0, 465, 465, 1, 2.64%, 0, 0, 2, 106.92, 1731, 50094
1606988538, 0, 0, 466, 466, 1, 2.64%, 0, 0, 2, 138.09, 1732, 52114
1606988548, 0, 0, 468, 468, 1, 2.64%, 0, 0, 2, 125.60, 1733, 53450
1606988553, 0, 0, 470, 470, 1, 2.65%, 0, 0, 2, 112.96, 1734, 54026
1606988564, 0, 0, 471, 471, 1, 2.65%, 0, 0, 2, 125.82, 1734, 55286
1606988584, 0, 0, 472, 472, 1, 2.65%, 0, 0, 2, 115.03, 1735, 57734
1606988594, 0, 0, 473, 473, 1, 2.65%, 0, 0, 2, 118.74, 1736, 58944
1606988625, 0, 0, 474, 474, 1, 2.65%, 0, 0, 2, 122.63, 1737, 62926
1606988651, 0, 0, 475, 475, 1, 2.65%, 0, 0, 2, 136.82, 1738, 66576
1606988661, 0, 0, 476, 476, 1, 2.65%, 0, 0, 2, 137.27, 1739, 67868
1606988701, 0, 0, 477, 477, 1, 2.65%, 0, 0, 2, 119.14, 1739, 72832
1606988706, 0, 0, 479, 479, 1, 2.66%, 0, 0, 2, 135.43, 1740, 73526
1606988716, 0, 0, 480, 480, 1, 2.66%, 0, 0, 2, 111.97, 1741, 74608
1606988732, 0, 0, 481, 481, 1, 2.66%, 0, 0, 2, 151.32, 1742, 76678
1606988737, 0, 0, 482, 482, 1, 2.66%, 0, 0, 2, 153.31, 1743, 77465
1606988747, 0, 0, 483, 483, 1, 2.66%, 0, 0, 2, 158.33, 1743, 79051
1606988757, 0, 0, 484, 484, 1, 2.66%, 0, 0, 2, 143.94, 1744, 80488
1606988767, 0, 0, 485, 485, 1, 2.66%, 0, 0, 2, 107.42, 1744, 81646
1606988788, 0, 0, 486, 486, 1, 2.67%, 0, 0, 2, 130.76, 1750, 84564
1606988798, 0, 0, 488, 488, 1, 2.67%, 0, 0, 2, 128.79, 1752, 85908
1606988803, 0, 0, 489, 489, 1, 2.67%, 0, 0, 2, 119.32, 1753, 86498
1606988813, 0, 0, 492, 492, 1, 2.68%, 0, 0, 2, 124.68, 1754, 87806
1606988818, 0, 0, 493, 493, 1, 2.68%, 0, 0, 2, 133.24, 1754, 88500
1606988823, 0, 0, 494, 494, 1, 2.68%, 0, 0, 2, 134.12, 1754, 89196
1606988828, 0, 0, 496, 496, 1, 2.68%, 0, 0, 2, 124.89, 1755, 89818
1606988834, 0, 0, 497, 497, 1, 2.68%, 0, 0, 2, 136.48, 1756, 90500
1606988839, 0, 0, 498, 498, 1, 2.68%, 0, 0, 2, 133.57, 1757, 91172
1606988879, 0, 0, 499, 499, 1, 2.69%, 0, 0, 2, 101.10, 1763, 96130
1606988895, 0, 0, 502, 502, 1, 2.69%, 0, 0, 2, 116.31, 1763, 97734
1606988956, 0, 0, 503, 503, 1, 2.69%, 0, 0, 2, 118.77, 1763, 104310
1606988992, 0, 0, 504, 504, 1, 2.69%, 0, 0, 2, 125.06, 1763, 108584
1606989022, 0, 0, 505, 505, 1, 2.69%, 0, 0, 2, 127.88, 1763, 112362
1606989048, 0, 0, 506, 506, 1, 2.69%, 0, 0, 2, 104.39, 1763, 115054
1606989078, 0, 0, 507, 507, 1, 2.69%, 0, 0, 2, 99.55, 1764, 118371
1606989083, 0, 0, 508, 508, 1, 2.69%, 0, 0, 2, 120.64, 1764, 119016
1606989104, 0, 0, 510, 510, 1, 2.69%, 0, 0, 2, 113.75, 1765, 121512
1606989124, 0, 0, 513, 513, 1, 2.71%, 0, 0, 2, 119.38, 1779, 123912
1606989144, 0, 0, 514, 514, 1, 2.71%, 0, 0, 2, 117.87, 1779, 126236
1606989150, 0, 0, 515, 515, 1, 2.71%, 0, 0, 2, 120.09, 1779, 126842
1606989155, 0, 0, 516, 516, 1, 2.72%, 0, 0, 2, 112.09, 1780, 127422
1606989160, 0, 0, 517, 517, 1, 2.72%, 0, 0, 2, 117.80, 1780, 128042
1606989170, 0, 0, 520, 520, 1, 2.72%, 0, 0, 2, 116.32, 1784, 129258
1606989175, 0, 0, 521, 521, 1, 2.73%, 0, 0, 2, 122.30, 1790, 129870
1606989185, 0, 0, 533, 533, 1, 2.74%, 0, 0, 2, 126.90, 1794, 131205
1606989190, 0, 0, 559, 559, 1, 2.74%, 0, 0, 2, 103.95, 1796, 131712
1606989195, 0, 0, 581, 581, 1, 2.75%, 0, 0, 2, 107.59, 1805, 132250
1606989201, 0, 0, 603, 603, 1, 2.75%, 0, 0, 2, 104.42, 1805, 132758
1606989206, 0, 0, 618, 618, 1, 2.76%, 0, 0, 2, 117.19, 1808, 133370
1606989211, 0, 0, 621, 621, 1, 2.76%, 0, 0, 2, 134.06, 1809, 134070
1606989216, 0, 0, 637, 637, 1, 2.76%, 0, 0, 2, 98.17, 1809, 134537
1606989221, 0, 0, 647, 647, 1, 2.76%, 0, 0, 2, 84.66, 1809, 134962
1606989226, 0, 0, 652, 652, 1, 2.76%, 0, 0, 2, 88.15, 1809, 135413
1606989231, 0, 0, 654, 654, 1, 2.76%, 0, 0, 2, 85.75, 1809, 135877
1606989236, 0, 0, 657, 657, 1, 2.76%, 0, 0, 2, 88.75, 1809, 136345
1606989242, 0, 0, 662, 662, 1, 2.76%, 0, 0, 2, 86.90, 1809, 136787
1606989247, 0, 0, 663, 663, 1, 2.76%, 0, 0, 2, 91.71, 1809, 137254
1606989272, 0, 0, 664, 664, 1, 2.76%, 0, 0, 2, 120.43, 1809, 139996
1606989277, 0, 0, 666, 666, 1, 2.76%, 0, 0, 2, 110.90, 1809, 140532
1606989283, 0, 0, 668, 668, 1, 2.76%, 0, 0, 2, 117.50, 1810, 141150
1606989303, 0, 0, 669, 669, 1, 2.76%, 0, 0, 2, 125.91, 1810, 143622
1606989313, 0, 0, 671, 671, 1, 2.79%, 0, 0, 2, 123.28, 1828, 144828
1606989323, 0, 0, 673, 673, 1, 2.79%, 0, 0, 2, 126.62, 1828, 146076
1606989348, 0, 0, 674, 674, 1, 2.79%, 0, 0, 2, 117.86, 1828, 148926
1606989358, 0, 0, 676, 676, 1, 2.79%, 0, 0, 2, 112.58, 1828, 150042
1606989363, 0, 0, 677, 677, 1, 2.79%, 0, 0, 2, 112.66, 1828, 150602
1606989373, 0, 0, 678, 678, 1, 2.79%, 0, 0, 2, 114.01, 1828, 151712
1606989388, 0, 0, 679, 679, 1, 2.79%, 0, 0, 2, 109.86, 1828, 153424
1606989398, 0, 0, 680, 680, 1, 2.79%, 0, 0, 2, 112.77, 1828, 154536
1606989444, 0, 0, 681, 681, 1, 2.79%, 0, 0, 2, 113.90, 1829, 159708
1606989449, 0, 0, 682, 682, 1, 2.80%, 0, 0, 2, 115.12, 1831, 160288
1606989459, 0, 0, 683, 683, 1, 2.80%, 0, 0, 2, 115.61, 1831, 161428
1606989475, 0, 0, 684, 684, 1, 2.80%, 0, 0, 2, 109.98, 1837, 163122
1606989480, 0, 0, 685, 685, 1, 2.80%, 0, 0, 2, 112.65, 1838, 163688
1606989490, 0, 0, 686, 686, 1, 2.80%, 0, 0, 2, 111.90, 1838, 164858
1606989505, 0, 0, 688, 688, 1, 2.81%, 0, 0, 2, 108.59, 1841, 166472
1606989515, 0, 0, 689, 689, 1, 2.81%, 0, 0, 2, 114.93, 1842, 167602
1606989530, 0, 0, 690, 690, 1, 2.81%, 0, 0, 2, 117.85, 1844, 169340
1606989561, 0, 0, 691, 691, 1, 2.81%, 0, 0, 2, 108.59, 1844, 172622
1606989566, 0, 0, 693, 693, 1, 2.81%, 0, 0, 2, 107.98, 1844, 173156
1606989576, 0, 0, 694, 694, 1, 2.81%, 0, 0, 2, 107.33, 1844, 174238
1606989591, 0, 0, 695, 695, 1, 2.81%, 0, 0, 2, 108.67, 1844, 175904
1606989596, 0, 0, 696, 696, 1, 2.82%, 0, 0, 2, 117.15, 1845, 176516
1606989612, 0, 0, 697, 697, 1, 2.82%, 0, 0, 2, 114.60, 1845, 178302
1606989617, 0, 0, 698, 698, 1, 2.82%, 0, 0, 2, 106.00, 1845, 178838
1606989657, 0, 0, 699, 699, 1, 2.82%, 0, 0, 2, 114.72, 1846, 183476
1606989663, 0, 0, 700, 700, 1, 2.82%, 0, 0, 2, 119.87, 1847, 184122
1606989760, 0, 0, 701, 701, 1, 2.82%, 0, 0, 2, 76.06, 1848, 192585
1606989827, 0, 0, 702, 702, 1, 2.82%, 0, 0, 2, 90.06, 1849, 197959
1606989976, 0, 0, 702, 702, 1, 2.82%, 4, 0, 2, 76.19, 1849, 210305
1606990079, 0, 0, 703, 703, 1, 2.82%, 4, 0, 2, 74.70, 1850, 218592
1606990100, 0, 0, 704, 704, 1, 2.82%, 4, 0, 2, 82.42, 1851, 220237
1606990120, 0, 0, 705, 705, 1, 2.83%, 4, 0, 2, 84.56, 1854, 222000
1606990182, 0, 0, 706, 706, 1, 2.83%, 4, 0, 2, 88.71, 1856, 227152
1606990223, 0, 0, 707, 707, 1, 2.83%, 4, 0, 2, 79.93, 1857, 230354
1606990243, 0, 0, 708, 708, 1, 2.84%, 4, 0, 2, 82.30, 1858, 231990
1606990254, 0, 0, 710, 710, 1, 2.84%, 4, 0, 2, 82.04, 1864, 232808
1606990259, 0, 0, 711, 711, 1, 2.85%, 4, 0, 2, 78.87, 1865, 233202
1606990269, 0, 0, 712, 712, 1, 2.85%, 4, 0, 2, 82.68, 1871, 234007
1606990294, 0, 0, 713, 713, 1, 2.86%, 4, 0, 2, 77.42, 1876, 236025
1606990320, 0, 0, 714, 714, 1, 2.86%, 4, 0, 2, 80.36, 1877, 238044
1606990325, 0, 0, 715, 715, 1, 2.86%, 4, 0, 2, 82.50, 1877, 238475
1606990346, 0, 0, 716, 716, 1, 2.87%, 4, 0, 2, 83.63, 1879, 240172
