# unix_time, cycles_done, cur_path, paths_total, pending_total, pending_favs, map_size, unique_crashes, unique_hangs, max_depth, execs_per_sec, edge_coverage, total_execs
1605612004, 0, 0, 1, 1, 1, 0.08%, 0, 0, 1, 347.83 0 8
1605612009, 0, 0, 12, 12, 1, 0.13%, 0, 0, 2, 1050.58 82 6311
1605612019, 0, 0, 13, 13, 1, 0.13%, 0, 0, 2, 1217.62 83 18723
1605612034, 0, 4, 15, 12, 7, 0.13%, 0, 0, 3, 1213.18 85 37581
1605612040, 0, 10, 15, 8, 5, 0.13%, 0, 0, 3, 1201.99 85 43684
1605612045, 0, 14, 17, 6, 1, 0.13%, 0, 0, 4, 1186.04 87 49605
1605612050, 0, 16, 19, 6, 2, 0.13%, 0, 0, 5, 1162.64 88 55490
1605612055, 0, 17, 21, 7, 1, 0.14%, 0, 0, 6, 1145.36 89 61295
1605612060, 1, 0, 22, 5, 0, 0.14%, 0, 0, 7, 1153.52 90 67193
1605612065, 2, 5, 22, 5, 0, 0.14%, 0, 0, 7, 1193.94 90 73293
1605612070, 2, 20, 22, 5, 0, 0.14%, 0, 0, 7, 1199.13 90 79405
1605612075, 3, 10, 22, 5, 0, 0.14%, 0, 0, 7, 1205.90 90 85446
1605612080, 3, 21, 22, 5, 0, 0.14%, 0, 0, 7, 1197.96 90 91437
1605612085, 4, 15, 22, 5, 0, 0.14%, 0, 0, 7, 1204.77 90 97550
1605612090, 4, 22, 25, 8, 0, 0.14%, 0, 0, 8, 1127.55 93 103269
1605612100, 4, 23, 25, 7, 2, 0.14%, 0, 0, 8, 1126.08 93 114964
1605612105, 4, 23, 26, 8, 2, 0.14%, 0, 0, 9, 1159.61 95 120852
1605612126, 4, 24, 27, 8, 3, 0.15%, 0, 0, 9, 1127.45 97 144807
1605612136, 4, 24, 28, 9, 3, 0.15%, 0, 0, 9, 1172.32 101 156786
1605612141, 4, 24, 29, 10, 3, 0.16%, 0, 0, 9, 1177.57 102 162843
1605612146, 4, 24, 30, 11, 3, 0.16%, 0, 0, 9, 1175.86 108 168912
1605612151, 4, 25, 31, 11, 5, 0.17%, 0, 0, 10, 1091.41 109 174466
1605612167, 4, 26, 33, 12, 5, 0.17%, 0, 0, 10, 1046.74 111 191630
1605612182, 4, 27, 37, 15, 10, 0.18%, 0, 0, 10, 1008.49 115 208551
1605612187, 4, 27, 40, 18, 10, 0.18%, 0, 0, 10, 1012.80 118 213335
1605612192, 4, 27, 41, 19, 10, 0.18%, 0, 0, 10, 1084.36 119 218863
1605612197, 4, 27, 42, 20, 10, 0.18%, 0, 0, 10, 1098.35 120 224394
1605612207, 4, 28, 42, 19, 14, 0.18%, 0, 0, 10, 940.43 120 234625
1605612213, 4, 28, 44, 21, 14, 0.19%, 0, 0, 10, 1071.12 125 240350
1605612228, 4, 28, 45, 22, 14, 0.19%, 0, 0, 10, 1112.26 126 257215
1605612233, 4, 29, 45, 21, 16, 0.19%, 0, 0, 10, 1015.50 126 262457
1605612238, 4, 29, 49, 25, 16, 0.20%, 0, 0, 10, 888.40 130 266442
1605612248, 4, 30, 49, 24, 19, 0.20%, 0, 0, 10, 1042.71 130 277349
1605612268, 4, 31, 49, 23, 18, 0.20%, 0, 0, 10, 1072.33 130 299600
1605612284, 4, 32, 49, 22, 17, 0.20%, 0, 0, 10, 1009.07 130 315987
1605612299, 4, 33, 50, 22, 16, 0.20%, 0, 0, 11, 1039.31 133 332808
1605612314, 4, 33, 51, 23, 16, 0.20%, 0, 0, 11, 1066.66 134 347706
1605612324, 4, 34, 51, 22, 16, 0.20%, 0, 0, 11, 970.36 134 358264
1605612345, 4, 35, 51, 21, 15, 0.20%, 0, 0, 11, 906.04 134 378857
1605612360, 4, 36, 53, 22, 15, 0.21%, 0, 0, 11, 1070.37 135 395919
1605612375, 4, 37, 53, 21, 14, 0.21%, 0, 0, 11, 1115.37 135 412589
1605612390, 4, 38, 53, 20, 13, 0.21%, 0, 0, 11, 1128.29 135 429527
1605612406, 4, 39, 53, 19, 12, 0.21%, 0, 0, 11, 1109.88 135 446221
1605612426, 4, 40, 53, 18, 11, 0.21%, 0, 0, 11, 905.11 135 466718
1605612446, 4, 41, 53, 17, 10, 0.21%, 0, 0, 11, 964.12 135 488096
1605612461, 4, 42, 53, 16, 9, 0.21%, 0, 0, 11, 948.74 135 504208
1605612476, 4, 44, 53, 15, 8, 0.21%, 0, 0, 11, 1045.63 135 520623
1605612492, 4, 45, 53, 14, 7, 0.21%, 0, 0, 11, 965.40 135 535076
1605612507, 4, 46, 53, 13, 6, 0.21%, 0, 0, 11, 896.27 135 549645
1605612522, 4, 47, 53, 12, 5, 0.21%, 0, 0, 11, 866.36 135 564396
1605612538, 4, 48, 53, 11, 4, 0.21%, 0, 0, 11, 861.54 135 579280
1605612553, 4, 49, 53, 10, 3, 0.21%, 0, 0, 11, 889.24 135 594171
1605612558, 4, 49, 57, 14, 3, 0.21%, 0, 0, 12, 802.17 139 597716
1605612573, 4, 50, 58, 14, 6, 0.21%, 0, 0, 12, 797.16 140 612279
1605612588, 4, 52, 58, 13, 5, 0.21%, 0, 0, 12, 1051.84 140 628514
1605612608, 4, 54, 58, 12, 4, 0.21%, 0, 0, 12, 835.44 140 647076
1605612624, 4, 55, 58, 11, 3, 0.21%, 0, 0, 12, 791.91 140 661756
1605612629, 4, 55, 59, 12, 3, 0.21%, 0, 0, 13, 1010.21 140 667259
1605612644, 4, 56, 59, 11, 2, 0.21%, 0, 0, 13, 1012.81 140 683339
1605612665, 4, 57, 60, 11, 1, 0.22%, 0, 0, 13, 815.90 141 701386
1605612685, 4, 59, 63, 13, 1, 0.22%, 0, 0, 14, 808.26 143 721431
1605612700, 4, 61, 66, 15, 2, 0.22%, 0, 0, 15, 819.27 145 736260
1605612716, 4, 62, 66, 14, 4, 0.22%, 0, 0, 15, 999.48 145 752263
1605612736, 4, 63, 66, 13, 3, 0.22%, 0, 0, 15, 935.93 145 772183
1605612747, 4, 63, 67, 14, 3, 0.22%, 0, 0, 16, 1038.76 147 781992
1605612767, 4, 64, 67, 13, 3, 0.22%, 0, 0, 16, 1015.45 147 803748
1605612787, 4, 65, 67, 12, 2, 0.22%, 0, 0, 16, 847.88 147 823230
1605612808, 4, 66, 68, 12, 1, 0.23%, 0, 0, 17, 808.72 149 843274
1605612813, 4, 66, 69, 13, 1, 0.23%, 0, 0, 17, 846.80 150 847166
1605612828, 4, 67, 70, 13, 2, 0.23%, 0, 0, 18, 864.00 150 862484
1605612833, 4, 67, 71, 14, 2, 0.23%, 0, 0, 18, 823.96 153 866161
1605612843, 4, 67, 73, 16, 2, 0.24%, 0, 0, 18, 1028.30 157 876781
1605612864, 4, 68, 73, 15, 5, 0.24%, 0, 0, 18, 764.66 157 896638
1605612884, 4, 69, 73, 14, 4, 0.24%, 0, 0, 18, 764.88 157 915928
1605612904, 4, 70, 73, 13, 3, 0.24%, 0, 0, 18, 893.50 157 935632
1605612909, 4, 70, 74, 14, 3, 0.24%, 0, 0, 19, 807.26 158 939177
1605612915, 4, 70, 75, 15, 3, 0.25%, 0, 0, 19, 997.07 165 944573
1605612920, 4, 70, 76, 16, 3, 0.26%, 0, 0, 19, 1019.92 170 949798
1605612940, 4, 71, 77, 16, 5, 0.26%, 0, 0, 19, 669.28 171 968628
1605612945, 4, 71, 79, 18, 5, 0.26%, 0, 0, 19, 803.82 173 972403
1605612976, 4, 72, 79, 17, 7, 0.26%, 0, 0, 19, 719.89 173 1001545
1605612991, 4, 72, 80, 18, 7, 0.27%, 0, 0, 19, 1027.19 174 1016657
1605612996, 4, 73, 80, 17, 7, 0.27%, 0, 0, 19, 887.10 174 1021071
1605613016, 4, 74, 80, 16, 6, 0.27%, 0, 0, 19, 987.42 174 1040418
1605613022, 4, 74, 83, 19, 6, 0.27%, 0, 0, 20, 602.89 177 1043130
1605613042, 4, 75, 83, 18, 8, 0.27%, 0, 0, 20, 977.05 177 1061608
1605613047, 4, 75, 89, 24, 8, 0.28%, 0, 0, 20, 606.02 184 1064288
1605613063, 4, 75, 90, 25, 8, 0.28%, 0, 0, 20, 979.22 186 1077777
1605613078, 4, 75, 91, 26, 8, 0.29%, 0, 0, 20, 1041.88 187 1093048
1605613083, 4, 76, 91, 25, 15, 0.29%, 0, 0, 20, 886.15 187 1097714
1605613108, 4, 77, 91, 24, 14, 0.29%, 0, 0, 20, 1014.74 187 1122222
1605613134, 4, 78, 91, 23, 13, 0.29%, 0, 0, 20, 796.45 187 1144028
1605613159, 4, 79, 91, 22, 12, 0.29%, 0, 0, 20, 794.62 187 1165154
1605613185, 4, 80, 91, 21, 11, 0.29%, 0, 0, 20, 806.89 187 1186233
1605613210, 4, 81, 91, 20, 10, 0.29%, 0, 0, 20, 681.50 187 1208168
1605613231, 4, 82, 91, 19, 9, 0.29%, 0, 0, 20, 865.07 187 1227214
1605613256, 4, 83, 91, 18, 8, 0.29%, 0, 0, 20, 939.52 187 1248886
1605613282, 4, 84, 91, 17, 7, 0.29%, 0, 0, 20, 749.49 187 1270868
1605613302, 4, 85, 91, 16, 6, 0.29%, 0, 0, 20, 971.39 187 1289641
1605613328, 4, 86, 91, 15, 5, 0.29%, 0, 0, 20, 899.08 187 1312315
1605613354, 4, 87, 91, 14, 4, 0.29%, 0, 0, 20, 709.24 187 1334221
1605613374, 4, 88, 91, 13, 3, 0.29%, 0, 0, 20, 968.00 187 1353107
1605613400, 4, 89, 91, 12, 2, 0.29%, 0, 0, 20, 849.37 187 1373987
1605613405, 4, 89, 92, 13, 2, 0.29%, 0, 0, 21, 581.14 189 1376667
1605613410, 4, 89, 93, 14, 2, 0.29%, 0, 0, 21, 752.57 190 1380245
1605613435, 4, 90, 93, 13, 3, 0.29%, 0, 0, 21, 956.66 190 1405258
1605613455, 4, 90, 94, 14, 3, 0.30%, 0, 0, 21, 976.54 194 1421189
1605613476, 4, 91, 94, 13, 3, 0.30%, 0, 0, 21, 790.96 194 1440647
1605613501, 4, 92, 94, 12, 2, 0.30%, 0, 0, 21, 707.13 194 1461612
1605613522, 4, 92, 95, 13, 2, 0.30%, 0, 0, 22, 989.18 195 1478878
1605613537, 4, 93, 95, 12, 2, 0.30%, 0, 0, 22, 808.39 195 1493329
1605613542, 4, 93, 100, 17, 2, 0.31%, 0, 0, 22, 513.59 201 1495738
1605613562, 4, 94, 100, 16, 6, 0.31%, 0, 0, 22, 1022.70 201 1513585
1605613583, 4, 94, 101, 17, 6, 0.31%, 0, 0, 23, 950.27 203 1527951
1605613603, 4, 95, 101, 16, 6, 0.31%, 0, 0, 23, 1023.45 203 1548025
1605613633, 4, 96, 101, 15, 5, 0.31%, 0, 0, 23, 801.85 203 1571787
1605613659, 4, 97, 101, 14, 4, 0.31%, 0, 0, 23, 954.00 203 1591979
1605613684, 4, 97, 102, 15, 4, 0.32%, 0, 0, 23, 985.39 209 1611500
1605613700, 4, 98, 102, 14, 4, 0.32%, 0, 0, 23, 875.10 209 1626342
1605613715, 4, 98, 103, 15, 4, 0.32%, 0, 0, 23, 875.09 212 1636136
1605613720, 4, 98, 104, 16, 4, 0.33%, 0, 0, 23, 964.74 218 1641251
1605613740, 4, 99, 104, 15, 5, 0.33%, 0, 0, 23, 934.97 218 1660965
1605613771, 4, 100, 105, 15, 4, 0.33%, 0, 0, 24, 642.76 219 1683536
1605613776, 4, 100, 106, 16, 4, 0.34%, 0, 0, 24, 461.49 220 1685579
1605613786, 4, 100, 107, 17, 4, 0.34%, 0, 0, 24, 875.00 221 1693184
1605613811, 4, 101, 108, 17, 7, 0.34%, 0, 0, 24, 914.27 222 1717532
1605613816, 4, 101, 109, 18, 7, 0.34%, 0, 0, 24, 579.62 223 1720029
1605613822, 4, 101, 116, 25, 7, 0.35%, 0, 0, 24, 448.95 230 1721969
1605613837, 4, 101, 117, 26, 7, 0.35%, 0, 0, 24, 912.05 231 1733141
1605613862, 4, 102, 118, 26, 15, 0.35%, 0, 0, 24, 671.70 232 1755685
1605613878, 4, 102, 119, 27, 15, 0.36%, 0, 0, 24, 747.06 233 1763550
1605613883, 4, 102, 120, 28, 15, 0.36%, 0, 0, 24, 896.42 234 1768359
1605613898, 4, 102, 121, 29, 15, 0.36%, 0, 0, 24, 926.57 235 1782392
1605613903, 4, 102, 122, 30, 15, 0.36%, 0, 0, 24, 1011.62 237 1787588
1605613908, 4, 103, 122, 29, 18, 0.36%, 0, 0, 24, 625.46 237 1790229
1605613918, 4, 103, 128, 35, 18, 0.37%, 0, 0, 24, 388.30 243 1793960
1605613928, 4, 103, 129, 36, 18, 0.37%, 0, 0, 24, 629.18 244 1798862
1605613969, 4, 104, 129, 35, 24, 0.37%, 0, 0, 24, 927.30 244 1835843
1605614004, 4, 105, 129, 34, 23, 0.37%, 0, 0, 24, 618.13 244 1861217
1605614035, 4, 106, 129, 33, 22, 0.37%, 0, 0, 24, 633.02 244 1883887
1605614066, 4, 107, 129, 32, 21, 0.37%, 0, 0, 24, 669.85 244 1905498
1605614102, 4, 108, 129, 31, 20, 0.37%, 0, 0, 24, 741.71 244 1929334
1605614138, 4, 109, 129, 30, 19, 0.37%, 0, 0, 24, 692.17 244 1954368
1605614168, 4, 110, 129, 29, 18, 0.37%, 0, 0, 24, 725.70 244 1977443
1605614199, 4, 111, 129, 28, 17, 0.37%, 0, 0, 24, 661.23 244 2000082
1605614229, 4, 112, 129, 27, 16, 0.37%, 0, 0, 24, 638.92 244 2022534
1605614260, 4, 113, 129, 26, 15, 0.37%, 0, 0, 24, 658.66 244 2045545
1605614291, 4, 115, 129, 25, 14, 0.37%, 0, 0, 24, 627.00 244 2068095
1605614322, 4, 116, 129, 24, 13, 0.37%, 0, 0, 24, 746.47 244 2090032
1605614357, 4, 117, 129, 23, 12, 0.37%, 0, 0, 24, 702.06 244 2115029
1605614388, 4, 118, 129, 22, 11, 0.37%, 0, 0, 24, 817.01 244 2136346
1605614423, 4, 119, 129, 21, 10, 0.37%, 0, 0, 24, 707.02 244 2160840
1605614464, 4, 120, 129, 20, 9, 0.37%, 0, 0, 24, 636.85 244 2186179
1605614500, 4, 121, 129, 19, 8, 0.37%, 0, 0, 24, 680.72 244 2209244
1605614505, 4, 121, 130, 20, 8, 0.38%, 0, 0, 25, 406.26 246 2211187
1605614531, 4, 122, 130, 19, 8, 0.38%, 0, 0, 25, 657.51 246 2230177
1605614567, 4, 123, 130, 18, 7, 0.38%, 0, 0, 25, 679.27 246 2254181
1605614603, 4, 124, 130, 17, 6, 0.38%, 0, 0, 25, 717.62 246 2277859
1605614639, 4, 125, 130, 16, 5, 0.38%, 0, 0, 25, 699.65 246 2301339
1605614674, 4, 126, 130, 15, 4, 0.38%, 0, 0, 25, 797.75 246 2325374
1605614710, 4, 127, 130, 14, 3, 0.38%, 0, 0, 25, 895.50 246 2349092
1605614751, 4, 128, 130, 13, 2, 0.38%, 0, 0, 25, 677.06 246 2373406
1605614781, 4, 129, 130, 12, 1, 0.38%, 0, 0, 25, 769.91 246 2394917
1605614792, 4, 129, 131, 13, 1, 0.38%, 0, 0, 26, 397.39 247 2399193
1605614812, 4, 130, 131, 12, 1, 0.38%, 0, 0, 26, 970.81 247 2416512
1605614853, 5, 9, 131, 11, 0, 0.38%, 0, 0, 26, 1115.12 247 2448341
1605614858, 5, 15, 131, 11, 0, 0.38%, 0, 0, 26, 1104.11 247 2453910
1605614863, 5, 19, 131, 11, 0, 0.38%, 0, 0, 26, 1131.15 247 2459525
1605614868, 5, 25, 131, 10, 0, 0.38%, 0, 0, 26, 1122.93 247 2465191
1605614873, 5, 29, 131, 10, 0, 0.38%, 0, 0, 26, 1081.85 247 2470578
1605614879, 5, 31, 131, 10, 0, 0.38%, 0, 0, 26, 1070.93 247 2476155
1605614884, 5, 34, 131, 10, 0, 0.38%, 0, 0, 26, 1063.96 247 2481488
1605614889, 5, 38, 131, 10, 0, 0.38%, 0, 0, 26, 1096.87 247 2487099
1605614894, 5, 41, 131, 10, 0, 0.38%, 0, 0, 26, 1081.92 247 2492496
1605614899, 5, 45, 131, 10, 0, 0.38%, 0, 0, 26, 1075.82 247 2497893
1605614904, 5, 48, 131, 10, 0, 0.38%, 0, 0, 26, 1064.30 247 2503185
1605614909, 5, 52, 131, 10, 0, 0.38%, 0, 0, 26, 1045.48 247 2508409
1605614914, 5, 55, 131, 10, 0, 0.38%, 0, 0, 26, 1038.11 247 2513613
1605614919, 5, 62, 131, 10, 0, 0.38%, 0, 0, 26, 1047.68 247 2519033
1605614924, 5, 67, 131, 10, 0, 0.38%, 0, 0, 26, 1062.38 247 2524355
1605614929, 5, 71, 131, 10, 0, 0.38%, 0, 0, 26, 1024.90 247 2529677
1605614935, 5, 74, 131, 10, 0, 0.38%, 0, 0, 26, 1035.84 247 2535061
1605614940, 5, 76, 131, 10, 0, 0.38%, 0, 0, 26, 1038.12 247 2540225
1605614945, 5, 78, 131, 10, 0, 0.38%, 0, 0, 26, 1024.62 247 2545433
1605614950, 5, 80, 131, 10, 0, 0.38%, 0, 0, 26, 1021.15 247 2550725
1605614955, 5, 82, 131, 10, 0, 0.38%, 0, 0, 26, 1031.79 247 2555941
1605614960, 5, 84, 131, 10, 0, 0.38%, 0, 0, 26, 1049.52 247 2561403
1605614965, 5, 87, 131, 10, 0, 0.38%, 0, 0, 26, 1052.05 247 2566687
1605614970, 5, 89, 131, 10, 0, 0.38%, 0, 0, 26, 1030.88 247 2571957
1605614975, 5, 91, 131, 10, 0, 0.38%, 0, 0, 26, 1016.21 247 2577077
1605614980, 5, 94, 131, 10, 0, 0.38%, 0, 0, 26, 1002.55 247 2582153
1605614985, 5, 96, 131, 10, 0, 0.38%, 0, 0, 26, 1012.36 247 2587253
1605614991, 5, 98, 131, 10, 0, 0.38%, 0, 0, 26, 1025.14 247 2592545
1605614996, 5, 101, 131, 10, 0, 0.38%, 0, 0, 26, 983.52 247 2597450
1605615001, 5, 104, 131, 10, 0, 0.38%, 0, 0, 26, 993.40 247 2602475
1605615006, 5, 107, 131, 10, 0, 0.38%, 0, 0, 26, 1000.36 247 2607689
1605615011, 5, 109, 131, 10, 0, 0.38%, 0, 0, 26, 1004.83 247 2612695
1605615016, 5, 113, 131, 10, 0, 0.38%, 0, 0, 26, 1004.12 247 2617777
1605615021, 5, 116, 131, 10, 0, 0.38%, 0, 0, 26, 1016.61 247 2622873
1605615026, 5, 119, 131, 10, 0, 0.38%, 0, 0, 26, 985.66 247 2627978
1605615031, 5, 122, 131, 10, 0, 0.38%, 0, 0, 26, 984.76 247 2632965
1605615036, 5, 125, 131, 10, 0, 0.38%, 0, 0, 26, 994.10 247 2637961
1605615041, 5, 127, 131, 10, 0, 0.38%, 0, 0, 26, 981.89 247 2642877
1605615046, 5, 130, 131, 10, 0, 0.38%, 0, 0, 26, 971.94 247 2647763
1605615051, 6, 9, 131, 10, 0, 0.38%, 0, 0, 26, 1095.68 247 2653575
1605615057, 6, 16, 131, 10, 0, 0.38%, 0, 0, 26, 1096.72 247 2659353
1605615062, 6, 24, 131, 10, 0, 0.38%, 0, 0, 26, 1093.64 247 2664944
1605615067, 6, 28, 131, 10, 0, 0.38%, 0, 0, 26, 1077.27 247 2670539
1605615072, 6, 30, 131, 10, 0, 0.38%, 0, 0, 26, 1052.09 247 2675968
1605615077, 6, 33, 131, 10, 0, 0.38%, 0, 0, 26, 1074.37 247 2681408
1605615082, 6, 36, 131, 10, 0, 0.38%, 0, 0, 26, 1054.96 247 2686874
1605615087, 6, 40, 131, 10, 0, 0.38%, 0, 0, 26, 1071.99 247 2692544
1605615092, 6, 44, 131, 10, 0, 0.38%, 0, 0, 26, 1057.26 247 2697845
1605615098, 6, 47, 131, 10, 0, 0.38%, 0, 0, 26, 1055.89 247 2703317
1605615103, 6, 50, 131, 10, 0, 0.38%, 0, 0, 26, 1034.35 247 2708485
1605615108, 6, 51, 131, 10, 0, 0.38%, 0, 0, 26, 807.97 247 2712612
1605615128, 6, 54, 131, 9, 0, 0.38%, 0, 0, 26, 1048.32 247 2733956
1605615133, 6, 57, 131, 9, 0, 0.38%, 0, 0, 26, 1046.58 247 2739178
1605615138, 6, 63, 131, 9, 0, 0.38%, 0, 0, 26, 1048.35 247 2744450
1605615144, 6, 68, 131, 9, 0, 0.38%, 0, 0, 26, 1051.26 247 2749956
1605615149, 6, 72, 131, 9, 0, 0.38%, 0, 0, 26, 1044.07 247 2755222
1605615154, 6, 74, 131, 9, 0, 0.38%, 0, 0, 26, 1022.65 247 2760430
1605615159, 6, 76, 131, 9, 0, 0.38%, 0, 0, 26, 1013.79 247 2765570
1605615164, 6, 78, 131, 9, 0, 0.38%, 0, 0, 26, 1011.05 247 2770690
1605615169, 6, 80, 131, 9, 0, 0.38%, 0, 0, 26, 1012.90 247 2775742
1605615174, 6, 82, 131, 9, 0, 0.38%, 0, 0, 26, 1030.08 247 2780950
1605615179, 6, 85, 131, 9, 0, 0.38%, 0, 0, 26, 1041.62 247 2786190
1605615184, 6, 87, 131, 9, 0, 0.38%, 0, 0, 26, 1045.69 247 2791446
1605615189, 6, 89, 131, 9, 0, 0.38%, 0, 0, 26, 1014.78 247 2796526
1605615194, 6, 92, 131, 9, 0, 0.38%, 0, 0, 26, 1033.82 247 2801698
1605615199, 6, 94, 131, 9, 0, 0.38%, 0, 0, 26, 1007.39 247 2806910
1605615204, 6, 96, 131, 9, 0, 0.38%, 0, 0, 26, 1003.02 247 2811950
1605615209, 6, 99, 131, 9, 0, 0.38%, 0, 0, 26, 1022.69 247 2817102
1605615214, 6, 101, 131, 9, 0, 0.38%, 0, 0, 26, 1009.74 247 2822122
1605615219, 6, 104, 131, 9, 0, 0.38%, 0, 0, 26, 989.52 247 2827070
1605615224, 6, 106, 131, 9, 0, 0.38%, 0, 0, 26, 983.33 247 2832198
1605615230, 6, 109, 131, 9, 0, 0.38%, 0, 0, 26, 988.48 247 2837325
1605615235, 6, 112, 131, 9, 0, 0.38%, 0, 0, 26, 1009.13 247 2842434
1605615240, 6, 114, 131, 9, 0, 0.38%, 0, 0, 26, 712.10 247 2846021
1605615270, 6, 115, 131, 8, 0, 0.38%, 0, 0, 26, 1002.30 247 2867947
1605615275, 6, 118, 131, 8, 0, 0.38%, 0, 0, 26, 997.74 247 2872991
1605615280, 6, 120, 131, 8, 0, 0.38%, 0, 0, 26, 989.32 247 2877951
1605615285, 6, 123, 131, 8, 0, 0.38%, 0, 0, 26, 977.09 247 2882867
1605615290, 6, 126, 131, 8, 0, 0.38%, 0, 0, 26, 979.28 247 2887797
1605615295, 6, 129, 131, 8, 0, 0.38%, 0, 0, 26, 973.44 247 2892676
1605615301, 7, 4, 131, 8, 0, 0.38%, 0, 0, 26, 1051.92 247 2898075
1605615306, 7, 12, 131, 8, 0, 0.38%, 0, 0, 26, 1104.44 247 2903721
1605615311, 7, 20, 131, 8, 0, 0.38%, 0, 0, 26, 1083.73 247 2909165
1605615316, 7, 25, 131, 8, 0, 0.38%, 0, 0, 26, 1110.07 247 2914809
1605615321, 7, 29, 131, 8, 0, 0.38%, 0, 0, 26, 1077.68 247 2920226
1605615326, 7, 32, 131, 8, 0, 0.38%, 0, 0, 26, 1073.01 247 2925617
1605615331, 7, 34, 131, 8, 0, 0.38%, 0, 0, 26, 1061.74 247 2930903
1605615336, 7, 39, 131, 8, 0, 0.38%, 0, 0, 26, 1105.63 247 2936607
1605615341, 7, 41, 131, 8, 0, 0.38%, 0, 0, 26, 1070.61 247 2941922
1605615346, 7, 46, 131, 8, 0, 0.38%, 0, 0, 26, 1068.24 247 2947340
1605615351, 7, 48, 131, 8, 0, 0.38%, 0, 0, 26, 1058.44 247 2952653
1605615356, 7, 52, 131, 8, 0, 0.38%, 0, 0, 26, 1049.93 247 2957912
1605615361, 7, 56, 131, 8, 0, 0.38%, 0, 0, 26, 1054.20 247 2963189
1605615366, 7, 62, 131, 8, 0, 0.38%, 0, 0, 26, 1048.03 247 2968603
1605615371, 7, 67, 131, 8, 0, 0.38%, 0, 0, 26, 1070.08 247 2974050
1605615376, 7, 71, 131, 8, 0, 0.38%, 0, 0, 26, 1033.68 247 2979275
1605615381, 7, 73, 131, 8, 0, 0.38%, 0, 0, 26, 1040.62 247 2984495
1605615386, 7, 75, 131, 8, 0, 0.38%, 0, 0, 26, 1031.89 247 2989735
1605615392, 7, 77, 131, 8, 0, 0.38%, 0, 0, 26, 1047.10 247 2995187
1605615397, 7, 79, 131, 8, 0, 0.38%, 0, 0, 26, 1024.89 247 3000327
1605615402, 7, 81, 131, 8, 0, 0.38%, 0, 0, 26, 1028.62 247 3005683
1605615407, 7, 83, 131, 8, 0, 0.38%, 0, 0, 26, 1029.38 247 3010911
1605615412, 7, 86, 131, 8, 0, 0.38%, 0, 0, 26, 1047.28 247 3016347
1605615417, 7, 89, 131, 8, 0, 0.38%, 0, 0, 26, 1025.93 247 3021703
1605615422, 7, 91, 131, 8, 0, 0.38%, 0, 0, 26, 1026.24 247 3026859
1605615427, 7, 94, 131, 8, 0, 0.38%, 0, 0, 26, 1044.62 247 3032158
1605615432, 7, 96, 131, 8, 0, 0.38%, 0, 0, 26, 1008.21 247 3037211
1605615438, 7, 98, 131, 8, 0, 0.38%, 0, 0, 26, 984.13 247 3042325
1605615443, 7, 100, 131, 8, 0, 0.38%, 0, 0, 26, 1013.46 247 3047531
1605615448, 7, 103, 131, 8, 0, 0.38%, 0, 0, 26, 974.58 247 3052406
1605615453, 7, 106, 131, 8, 0, 0.38%, 0, 0, 26, 1003.24 247 3057479
1605615458, 7, 108, 131, 8, 0, 0.38%, 0, 0, 26, 1007.58 247 3062507
1605615463, 7, 112, 131, 8, 0, 0.38%, 0, 0, 26, 999.32 247 3067659
1605615468, 7, 115, 131, 8, 0, 0.38%, 0, 0, 26, 972.98 247 3072566
1605615473, 7, 118, 131, 8, 0, 0.38%, 0, 0, 26, 1001.80 247 3077788
1605615478, 7, 121, 131, 8, 0, 0.38%, 0, 0, 26, 993.39 247 3082799
1605615483, 7, 124, 131, 8, 0, 0.38%, 0, 0, 26, 986.34 247 3087734
1605615488, 7, 127, 131, 8, 0, 0.38%, 0, 0, 26, 970.45 247 3092795
1605615493, 7, 130, 131, 8, 0, 0.38%, 0, 0, 26, 1003.04 247 3097831
1605615498, 8, 6, 131, 8, 0, 0.38%, 0, 0, 26, 1120.46 247 3103536
1605615504, 8, 12, 131, 7, 0, 0.38%, 0, 0, 26, 1124.49 247 3109418
1605615509, 8, 16, 131, 7, 0, 0.38%, 0, 0, 26, 1101.03 247 3115156
1605615514, 8, 26, 131, 7, 0, 0.38%, 0, 0, 26, 1089.58 247 3120891
1605615519, 8, 29, 131, 7, 0, 0.38%, 0, 0, 26, 1056.14 247 3126395
1605615524, 8, 32, 131, 7, 0, 0.38%, 0, 0, 26, 1069.24 247 3131754
1605615529, 8, 34, 131, 7, 0, 0.38%, 0, 0, 26, 1051.72 247 3137169
1605615535, 8, 39, 131, 7, 0, 0.38%, 0, 0, 26, 1109.29 247 3142972
1605615540, 8, 42, 131, 7, 0, 0.38%, 0, 0, 26, 1085.32 247 3148593
1605615545, 8, 46, 131, 7, 0, 0.38%, 0, 0, 26, 1065.89 247 3153972
1605615550, 8, 48, 131, 7, 0, 0.38%, 0, 0, 26, 1062.43 247 3159291
1605615555, 8, 52, 131, 7, 0, 0.38%, 0, 0, 26, 1052.42 247 3164529
1605615560, 8, 56, 131, 7, 0, 0.38%, 0, 0, 26, 1049.01 247 3169971
1605615565, 8, 58, 131, 7, 0, 0.38%, 0, 0, 26, 857.26 247 3174416
1605615585, 8, 62, 131, 6, 0, 0.38%, 0, 0, 26, 1059.89 247 3195116
1605615591, 8, 67, 131, 6, 0, 0.38%, 0, 0, 26, 1067.38 247 3200499
1605615596, 8, 71, 131, 6, 0, 0.38%, 0, 0, 26, 1037.46 247 3205755
1605615601, 8, 74, 131, 6, 0, 0.38%, 0, 0, 26, 1044.99 247 3211027
1605615606, 8, 76, 131, 6, 0, 0.38%, 0, 0, 26, 1037.01 247 3216211
1605615611, 8, 78, 131, 6, 0, 0.38%, 0, 0, 26, 1027.45 247 3221587
1605615616, 8, 80, 131, 6, 0, 0.38%, 0, 0, 26, 1013.86 247 3226647
1605615621, 8, 82, 131, 6, 0, 0.38%, 0, 0, 26, 1039.21 247 3231874
1605615626, 8, 85, 131, 6, 0, 0.38%, 0, 0, 26, 1037.98 247 3237119
1605615631, 8, 88, 131, 6, 0, 0.38%, 0, 0, 26, 1052.85 247 3242434
1605615636, 8, 89, 131, 6, 0, 0.38%, 0, 0, 26, 1018.20 247 3247531
1605615641, 8, 92, 131, 6, 0, 0.38%, 0, 0, 26, 1027.38 247 3252679
1605615646, 8, 95, 131, 6, 0, 0.38%, 0, 0, 26, 1017.84 247 3257819
1605615651, 8, 97, 131, 6, 0, 0.38%, 0, 0, 26, 1000.91 247 3262831
1605615656, 8, 99, 131, 6, 0, 0.38%, 0, 0, 26, 1003.86 247 3267879
1605615661, 8, 102, 131, 6, 0, 0.38%, 0, 0, 26, 937.40 247 3272657
1605615666, 8, 104, 131, 6, 0, 0.38%, 0, 0, 26, 982.09 247 3277666
1605615671, 8, 107, 131, 6, 0, 0.38%, 0, 0, 26, 983.10 247 3282812
1605615676, 8, 110, 131, 6, 0, 0.38%, 0, 0, 26, 991.24 247 3287837
1605615682, 8, 113, 131, 6, 0, 0.38%, 0, 0, 26, 1000.71 247 3293087
1605615687, 8, 117, 131, 6, 0, 0.38%, 0, 0, 26, 983.58 247 3298013
1605615692, 8, 120, 131, 6, 0, 0.38%, 0, 0, 26, 960.60 247 3303042
1605615697, 8, 123, 131, 6, 0, 0.38%, 0, 0, 26, 987.70 247 3308040
1605615702, 8, 125, 131, 6, 0, 0.38%, 0, 0, 26, 989.03 247 3313148
1605615707, 8, 128, 131, 6, 0, 0.38%, 0, 0, 26, 974.76 247 3318025
1605615712, 9, 3, 131, 6, 0, 0.38%, 0, 0, 26, 1040.20 247 3323359
1605615718, 9, 10, 131, 6, 0, 0.38%, 0, 0, 26, 1098.36 247 3329217
1605615723, 9, 16, 131, 6, 0, 0.38%, 0, 0, 26, 1095.32 247 3334751
1605615728, 9, 20, 131, 5, 0, 0.38%, 0, 0, 26, 1123.57 247 3340307
1605615733, 9, 25, 131, 5, 0, 0.38%, 0, 0, 26, 1115.12 247 3346097
1605615738, 9, 29, 131, 5, 0, 0.38%, 0, 0, 26, 1076.00 247 3351417
1605615743, 9, 31, 131, 5, 0, 0.38%, 0, 0, 26, 1086.32 247 3357039
1605615748, 9, 34, 131, 5, 0, 0.38%, 0, 0, 26, 1066.04 247 3362340
1605615753, 9, 38, 131, 5, 0, 0.38%, 0, 0, 26, 1102.50 247 3367935
1605615758, 9, 41, 131, 5, 0, 0.38%, 0, 0, 26, 1076.25 247 3373305
1605615763, 9, 45, 131, 5, 0, 0.38%, 0, 0, 26, 1071.72 247 3378681
1605615768, 9, 48, 131, 5, 0, 0.38%, 0, 0, 26, 1048.25 247 3383940
1605615773, 9, 50, 131, 5, 0, 0.38%, 0, 0, 26, 1040.45 247 3389141
1605615778, 9, 55, 131, 5, 0, 0.38%, 0, 0, 26, 1051.01 247 3394623
1605615784, 9, 62, 131, 5, 0, 0.38%, 0, 0, 26, 1049.67 247 3400085
1605615789, 9, 65, 131, 5, 0, 0.38%, 0, 0, 26, 1077.72 247 3405530
1605615794, 9, 68, 131, 5, 0, 0.38%, 0, 0, 26, 1061.53 247 3410862
1605615799, 9, 72, 131, 5, 0, 0.38%, 0, 0, 26, 1025.77 247 3415997
1605615804, 9, 75, 131, 5, 0, 0.38%, 0, 0, 26, 1022.22 247 3421329
1605615809, 9, 77, 131, 5, 0, 0.38%, 0, 0, 26, 1030.96 247 3426565
1605615814, 9, 79, 131, 5, 0, 0.38%, 0, 0, 26, 1019.69 247 3431717
1605615819, 9, 80, 131, 5, 0, 0.38%, 0, 0, 26, 1019.42 247 3436861
1605615824, 9, 83, 131, 5, 0, 0.38%, 0, 0, 26, 1022.95 247 3442009
1605615829, 9, 86, 131, 5, 0, 0.38%, 0, 0, 26, 1038.97 247 3447293
1605615834, 9, 88, 131, 5, 0, 0.38%, 0, 0, 26, 1028.33 247 3452633
1605615840, 9, 90, 131, 5, 0, 0.38%, 0, 0, 26, 1016.82 247 3457860
1605615845, 9, 93, 131, 5, 0, 0.38%, 0, 0, 26, 1020.54 247 3462981
1605615850, 9, 95, 131, 5, 0, 0.38%, 0, 0, 26, 1009.80 247 3468053
1605615855, 9, 97, 131, 5, 0, 0.38%, 0, 0, 26, 1035.31 247 3473220
1605615860, 9, 100, 131, 5, 0, 0.38%, 0, 0, 26, 1017.93 247 3478497
1605615865, 9, 103, 131, 5, 0, 0.38%, 0, 0, 26, 972.87 247 3483428
1605615870, 9, 106, 131, 5, 0, 0.38%, 0, 0, 26, 991.69 247 3488516
1605615875, 9, 109, 131, 5, 0, 0.38%, 0, 0, 26, 1007.21 247 3493753
1605615880, 9, 112, 131, 5, 0, 0.38%, 0, 0, 26, 995.50 247 3498747
1605615885, 9, 116, 131, 5, 0, 0.38%, 0, 0, 26, 980.47 247 3503833
1605615890, 9, 119, 131, 5, 0, 0.38%, 0, 0, 26, 990.20 247 3508827
1605615895, 9, 122, 131, 5, 0, 0.38%, 0, 0, 26, 983.79 247 3513725
1605615900, 9, 124, 131, 5, 0, 0.38%, 0, 0, 26, 976.98 247 3518584
1605615905, 9, 127, 131, 5, 0, 0.38%, 0, 0, 26, 962.83 247 3523441
1605615911, 9, 130, 131, 5, 0, 0.38%, 0, 0, 26, 975.07 247 3528568
1605615916, 10, 3, 131, 4, 0, 0.38%, 0, 0, 26, 1126.46 247 3534467
1605615921, 10, 11, 131, 4, 0, 0.38%, 0, 0, 26, 1126.83 247 3540201
1605615926, 10, 16, 131, 4, 0, 0.38%, 0, 0, 26, 1093.61 247 3545697
1605615931, 10, 25, 131, 4, 0, 0.38%, 0, 0, 26, 1113.34 247 3551319
1605615936, 10, 29, 131, 4, 0, 0.38%, 0, 0, 26, 1086.13 247 3556785
1605615941, 10, 32, 131, 4, 0, 0.38%, 0, 0, 26, 1081.61 247 3562341
1605615946, 10, 35, 131, 4, 0, 0.38%, 0, 0, 26, 1061.11 247 3567819
1605615951, 10, 39, 131, 4, 0, 0.38%, 0, 0, 26, 1111.51 247 3573425
1605615956, 10, 42, 131, 4, 0, 0.38%, 0, 0, 26, 1080.01 247 3578784
1605615962, 10, 43, 131, 4, 0, 0.38%, 0, 0, 26, 781.84 247 3582554
1605615982, 10, 45, 131, 3, 0, 0.38%, 0, 0, 26, 1058.71 247 3604167
1605615987, 10, 48, 131, 3, 0, 0.38%, 0, 0, 26, 1056.92 247 3609510
1605615992, 10, 52, 131, 3, 0, 0.38%, 0, 0, 26, 1074.28 247 3614931
1605615997, 10, 56, 131, 3, 0, 0.38%, 0, 0, 26, 1060.73 247 3620262
1605616002, 10, 62, 131, 3, 0, 0.38%, 0, 0, 26, 1050.88 247 3625712
1605616007, 10, 67, 131, 3, 0, 0.38%, 0, 0, 26, 1064.19 247 3631074
1605616012, 10, 71, 131, 3, 0, 0.38%, 0, 0, 26, 1034.33 247 3636310
1605616017, 10, 73, 131, 3, 0, 0.38%, 0, 0, 26, 1055.06 247 3641628
1605616023, 10, 75, 131, 3, 0, 0.38%, 0, 0, 26, 1022.34 247 3646726
1605616028, 10, 77, 131, 3, 0, 0.38%, 0, 0, 26, 1026.44 247 3651866
1605616033, 10, 79, 131, 3, 0, 0.38%, 0, 0, 26, 1005.92 247 3657046
1605616038, 10, 81, 131, 3, 0, 0.38%, 0, 0, 26, 1031.09 247 3662254
1605616043, 10, 83, 131, 3, 0, 0.38%, 0, 0, 26, 1032.17 247 3667462
1605616048, 10, 86, 131, 3, 0, 0.38%, 0, 0, 26, 1039.24 247 3672734
1605616053, 10, 89, 131, 3, 0, 0.38%, 0, 0, 26, 1040.00 247 3678018
1605616058, 10, 90, 131, 3, 0, 0.38%, 0, 0, 26, 1021.89 247 3683286
1605616063, 10, 93, 131, 3, 0, 0.38%, 0, 0, 26, 1028.07 247 3688482
1605616068, 10, 95, 131, 3, 0, 0.38%, 0, 0, 26, 1005.95 247 3693658
1605616073, 10, 97, 131, 3, 0, 0.38%, 0, 0, 26, 998.78 247 3698818
1605616079, 10, 100, 131, 3, 0, 0.38%, 0, 0, 26, 999.15 247 3703886
1605616084, 10, 103, 131, 3, 0, 0.38%, 0, 0, 26, 992.61 247 3708846
1605616089, 10, 106, 131, 3, 0, 0.38%, 0, 0, 26, 993.92 247 3713998
1605616094, 10, 109, 131, 3, 0, 0.38%, 0, 0, 26, 982.27 247 3718935
1605616099, 10, 111, 131, 3, 0, 0.38%, 0, 0, 26, 1012.96 247 3724177
1605616104, 10, 116, 131, 3, 0, 0.38%, 0, 0, 26, 1012.06 247 3729210
1605616109, 10, 119, 131, 3, 0, 0.38%, 0, 0, 26, 987.06 247 3734084
1605616114, 10, 122, 131, 3, 0, 0.38%, 0, 0, 26, 971.91 247 3739096
1605616119, 10, 125, 131, 3, 0, 0.38%, 0, 0, 26, 968.86 247 3743953
1605616124, 10, 127, 131, 3, 0, 0.38%, 0, 0, 26, 981.39 247 3748869
1605616129, 10, 130, 131, 3, 0, 0.38%, 0, 0, 26, 968.98 247 3753756
1605616134, 11, 7, 131, 3, 0, 0.38%, 0, 0, 26, 1096.74 247 3759347
1605616139, 11, 15, 131, 3, 0, 0.38%, 0, 0, 26, 1123.96 247 3764958
1605616145, 11, 23, 131, 3, 0, 0.38%, 0, 0, 26, 1123.55 247 3770694
1605616150, 11, 26, 131, 3, 0, 0.38%, 0, 0, 26, 1102.74 247 3776208
1605616155, 11, 30, 131, 3, 0, 0.38%, 0, 0, 26, 1073.28 247 3781561
1605616160, 11, 33, 131, 3, 0, 0.38%, 0, 0, 26, 1067.84 247 3786944
1605616165, 11, 35, 131, 3, 0, 0.38%, 0, 0, 26, 1059.55 247 3792260
1605616170, 11, 39, 131, 3, 0, 0.38%, 0, 0, 26, 1086.07 247 3797870
1605616175, 11, 44, 131, 3, 0, 0.38%, 0, 0, 26, 1082.02 247 3803246
1605616180, 11, 46, 131, 3, 0, 0.38%, 0, 0, 26, 1055.39 247 3808482
1605616185, 11, 49, 131, 3, 0, 0.38%, 0, 0, 26, 1055.91 247 3813860
1605616190, 11, 54, 131, 3, 0, 0.38%, 0, 0, 26, 1041.17 247 3819234
1605616195, 11, 56, 131, 3, 0, 0.38%, 0, 0, 26, 1044.20 247 3824494
1605616200, 11, 60, 131, 3, 0, 0.38%, 0, 0, 26, 824.13 247 3828721
1605616225, 11, 62, 131, 2, 0, 0.38%, 0, 0, 26, 1054.33 247 3854889
1605616230, 11, 67, 131, 2, 0, 0.38%, 0, 0, 26, 1072.26 247 3860293
1605616235, 11, 71, 131, 2, 0, 0.38%, 0, 0, 26, 1048.19 247 3865555
1605616240, 11, 73, 131, 2, 0, 0.38%, 0, 0, 26, 1052.38 247 3870819
1605616245, 11, 75, 131, 2, 0, 0.38%, 0, 0, 26, 1035.85 247 3876007
1605616251, 11, 78, 131, 2, 0, 0.38%, 0, 0, 26, 1041.24 247 3881403
1605616256, 11, 79, 131, 2, 0, 0.38%, 0, 0, 26, 1021.95 247 3886483
1605616261, 11, 81, 131, 2, 0, 0.38%, 0, 0, 26, 1022.00 247 3891643
1605616266, 11, 84, 131, 2, 0, 0.38%, 0, 0, 26, 1050.33 247 3896913
1605616271, 11, 86, 131, 2, 0, 0.38%, 0, 0, 26, 1038.41 247 3902099
1605616276, 11, 89, 131, 2, 0, 0.38%, 0, 0, 26, 1028.05 247 3907291
1605616281, 11, 91, 131, 2, 0, 0.38%, 0, 0, 26, 1047.97 247 3912579
1605616286, 11, 93, 131, 2, 0, 0.38%, 0, 0, 26, 1018.97 247 3917683
1605616291, 11, 96, 131, 2, 0, 0.38%, 0, 0, 26, 1016.90 247 3922803
1605616296, 11, 98, 131, 2, 0, 0.38%, 0, 0, 26, 1022.49 247 3927923
1605616301, 11, 100, 131, 2, 0, 0.38%, 0, 0, 26, 1004.54 247 3932979
1605616306, 11, 103, 131, 2, 0, 0.38%, 0, 0, 26, 982.66 247 3937854
1605616311, 11, 107, 131, 2, 0, 0.38%, 0, 0, 26, 1000.15 247 3943058
1605616316, 11, 109, 131, 2, 0, 0.38%, 0, 0, 26, 987.28 247 3947992
1605616321, 11, 112, 131, 2, 0, 0.38%, 0, 0, 26, 1012.09 247 3953083
1605616326, 11, 116, 131, 2, 0, 0.38%, 0, 0, 26, 1011.61 247 3958131
1605616331, 11, 119, 131, 2, 0, 0.38%, 0, 0, 26, 976.74 247 3963064
1605616336, 11, 122, 131, 2, 0, 0.38%, 0, 0, 26, 988.90 247 3968056
1605616341, 11, 125, 131, 2, 0, 0.38%, 0, 0, 26, 974.51 247 3972990
1605616347, 11, 128, 131, 2, 0, 0.38%, 0, 0, 26, 996.08 247 3978155
1605616352, 12, 0, 131, 2, 0, 0.38%, 0, 0, 26, 1034.38 247 3983283
1605616357, 12, 10, 131, 2, 0, 0.38%, 0, 0, 26, 1114.39 247 3989237
1605616362, 12, 16, 131, 2, 0, 0.38%, 0, 0, 26, 1118.70 247 3995089
1605616367, 12, 25, 131, 2, 0, 0.38%, 0, 0, 26, 1111.32 247 4000635
1605616372, 12, 28, 131, 2, 0, 0.38%, 0, 0, 26, 1081.20 247 4006051
1605616377, 12, 31, 131, 2, 0, 0.38%, 0, 0, 26, 1077.43 247 4011412
1605616382, 12, 33, 131, 2, 0, 0.38%, 0, 0, 26, 1054.41 247 4016707
1605616387, 12, 37, 131, 2, 0, 0.38%, 0, 0, 26, 1074.14 247 4022230
1605616392, 12, 40, 131, 2, 0, 0.38%, 0, 0, 26, 1090.61 247 4027939
1605616397, 12, 45, 131, 2, 0, 0.38%, 0, 0, 26, 1079.48 247 4033360
1605616402, 12, 48, 131, 2, 0, 0.38%, 0, 0, 26, 1058.18 247 4038688
1605616408, 12, 50, 131, 2, 0, 0.38%, 0, 0, 26, 1046.97 247 4043929
1605616413, 12, 55, 131, 2, 0, 0.38%, 0, 0, 26, 1051.22 247 4049147
1605616418, 12, 57, 131, 2, 0, 0.38%, 0, 0, 26, 1052.41 247 4054585
1605616423, 12, 65, 131, 2, 0, 0.38%, 0, 0, 26, 1057.98 247 4060078
1605616428, 12, 71, 131, 2, 0, 0.38%, 0, 0, 26, 1044.99 247 4065367
1605616433, 12, 72, 131, 2, 0, 0.38%, 0, 0, 26, 1040.87 247 4070571
1605616438, 12, 75, 131, 2, 0, 0.38%, 0, 0, 26, 1013.62 247 4075639
1605616443, 12, 77, 131, 2, 0, 0.38%, 0, 0, 26, 1027.62 247 4080987
1605616448, 12, 79, 131, 2, 0, 0.38%, 0, 0, 26, 1001.66 247 4085979
1605616453, 12, 80, 131, 2, 0, 0.38%, 0, 0, 26, 1028.12 247 4091118
1605616458, 12, 82, 131, 2, 0, 0.38%, 0, 0, 26, 1013.40 247 4096191
1605616463, 12, 85, 131, 2, 0, 0.38%, 0, 0, 26, 1042.77 247 4101479
1605616468, 12, 88, 131, 2, 0, 0.38%, 0, 0, 26, 1038.72 247 4106687
1605616473, 12, 90, 131, 2, 0, 0.38%, 0, 0, 26, 1021.61 247 4111975
1605616479, 12, 93, 131, 2, 0, 0.38%, 0, 0, 26, 1028.53 247 4117147
1605616484, 12, 95, 131, 2, 0, 0.38%, 0, 0, 26, 992.64 247 4122273
1605616489, 12, 97, 131, 2, 0, 0.38%, 0, 0, 26, 1003.69 247 4127359
1605616494, 12, 100, 131, 2, 0, 0.38%, 0, 0, 26, 1015.18 247 4132471
1605616499, 12, 103, 131, 2, 0, 0.38%, 0, 0, 26, 977.86 247 4137360
1605616504, 12, 106, 131, 2, 0, 0.38%, 0, 0, 26, 985.65 247 4142355
1605616509, 12, 108, 131, 2, 0, 0.38%, 0, 0, 26, 994.40 247 4147330
1605616514, 12, 111, 131, 2, 0, 0.38%, 0, 0, 26, 1017.60 247 4152439
1605616519, 12, 115, 131, 2, 0, 0.38%, 0, 0, 26, 1007.79 247 4157486
1605616524, 12, 118, 131, 2, 0, 0.38%, 0, 0, 26, 996.37 247 4162440
1605616529, 12, 121, 131, 2, 0, 0.38%, 0, 0, 26, 979.04 247 4167317
1605616534, 12, 124, 131, 2, 0, 0.38%, 0, 0, 26, 995.48 247 4172323
1605616539, 12, 126, 131, 2, 0, 0.38%, 0, 0, 26, 987.70 247 4177262
1605616544, 12, 130, 131, 2, 0, 0.38%, 0, 0, 26, 997.55 247 4182411
1605616549, 13, 5, 131, 2, 0, 0.38%, 0, 0, 26, 1110.91 247 4187958
1605616554, 13, 12, 131, 2, 0, 0.38%, 0, 0, 26, 1123.63 247 4193814
1605616560, 13, 20, 131, 2, 0, 0.38%, 0, 0, 26, 1110.03 247 4199570
1605616565, 13, 25, 131, 2, 0, 0.38%, 0, 0, 26, 1094.64 247 4205081
1605616570, 13, 29, 131, 2, 0, 0.38%, 0, 0, 26, 1070.54 247 4210478
1605616575, 13, 32, 131, 2, 0, 0.38%, 0, 0, 26, 1057.85 247 4215788
1605616580, 13, 34, 131, 2, 0, 0.38%, 0, 0, 26, 1073.52 247 4221380
1605616585, 13, 39, 131, 2, 0, 0.38%, 0, 0, 26, 1112.16 247 4227160
1605616590, 13, 41, 131, 2, 0, 0.38%, 0, 0, 26, 1064.14 247 4232420
1605616595, 13, 45, 131, 2, 0, 0.38%, 0, 0, 26, 1054.93 247 4237721
1605616600, 13, 48, 131, 2, 0, 0.38%, 0, 0, 26, 1057.42 247 4243055
1605616605, 13, 52, 131, 2, 0, 0.38%, 0, 0, 26, 1061.83 247 4248374
1605616610, 13, 55, 131, 2, 0, 0.38%, 0, 0, 26, 1036.89 247 4253578
1605616615, 13, 62, 131, 2, 0, 0.38%, 0, 0, 26, 1048.71 247 4258990
1605616620, 13, 66, 131, 2, 0, 0.38%, 0, 0, 26, 1068.81 247 4264359
1605616625, 13, 68, 131, 2, 0, 0.38%, 0, 0, 26, 1050.61 247 4269614
1605616630, 13, 72, 131, 2, 0, 0.38%, 0, 0, 26, 1041.03 247 4274818
1605616635, 13, 74, 131, 2, 0, 0.38%, 0, 0, 26, 1030.13 247 4280002
1605616641, 13, 76, 131, 2, 0, 0.38%, 0, 0, 26, 1038.30 247 4285398
1605616646, 13, 78, 131, 2, 0, 0.38%, 0, 0, 26, 1021.37 247 4290666
1605616651, 13, 80, 131, 2, 0, 0.38%, 0, 0, 26, 1018.08 247 4295806
1605616656, 13, 82, 131, 2, 0, 0.38%, 0, 0, 26, 1029.73 247 4301202
1605616661, 13, 85, 131, 2, 0, 0.38%, 0, 0, 26, 1040.85 247 4306478
1605616666, 13, 88, 131, 2, 0, 0.38%, 0, 0, 26, 1032.23 247 4311682
1605616671, 13, 90, 131, 2, 0, 0.38%, 0, 0, 26, 1014.71 247 4316906
1605616676, 13, 93, 131, 2, 0, 0.38%, 0, 0, 26, 1039.94 247 4322190
1605616681, 13, 95, 131, 2, 0, 0.38%, 0, 0, 26, 1003.46 247 4327194
1605616687, 13, 97, 131, 2, 0, 0.38%, 0, 0, 26, 1010.26 247 4332418
1605616692, 13, 99, 131, 2, 0, 0.38%, 0, 0, 26, 1021.28 247 4337582
1605616697, 13, 102, 131, 2, 0, 0.38%, 0, 0, 26, 993.56 247 4342489
1605616702, 13, 105, 131, 2, 0, 0.38%, 0, 0, 26, 1001.97 247 4347546
1605616707, 13, 107, 131, 2, 0, 0.38%, 0, 0, 26, 991.72 247 4352531
1605616712, 13, 111, 131, 2, 0, 0.38%, 0, 0, 26, 1004.00 247 4357758
1605616717, 13, 115, 131, 2, 0, 0.38%, 0, 0, 26, 995.31 247 4362778
1605616722, 13, 117, 131, 2, 0, 0.38%, 0, 0, 26, 1004.40 247 4367776
1605616727, 13, 120, 131, 2, 0, 0.38%, 0, 0, 26, 968.98 247 4372633
1605616732, 13, 123, 131, 2, 0, 0.38%, 0, 0, 26, 989.04 247 4377817
1605616737, 13, 126, 131, 2, 0, 0.38%, 0, 0, 26, 976.71 247 4382958
1605616742, 13, 129, 131, 2, 0, 0.38%, 0, 0, 26, 955.80 247 4387741
1605616748, 14, 5, 131, 2, 0, 0.38%, 0, 0, 26, 1069.71 247 4393244
1605616753, 14, 9, 131, 1, 0, 0.38%, 0, 0, 26, 1115.66 247 4399096
1605616758, 14, 16, 131, 1, 0, 0.38%, 0, 0, 26, 1122.45 247 4404936
1605616763, 14, 25, 131, 1, 0, 0.38%, 0, 0, 26, 1118.19 247 4410498
1605616768, 14, 28, 131, 1, 0, 0.38%, 0, 0, 26, 1061.84 247 4415803
1605616773, 14, 31, 131, 1, 0, 0.38%, 0, 0, 26, 1092.09 247 4421264
1605616778, 14, 34, 131, 1, 0, 0.38%, 0, 0, 26, 1071.32 247 4426820
1605616783, 14, 37, 131, 1, 0, 0.38%, 0, 0, 26, 1090.11 247 4432280
1605616788, 14, 41, 131, 1, 0, 0.38%, 0, 0, 26, 1082.72 247 4437809
1605616793, 14, 45, 131, 1, 0, 0.38%, 0, 0, 26, 1063.19 247 4443170
1605616798, 14, 47, 131, 1, 0, 0.38%, 0, 0, 26, 1044.88 247 4448443
1605616804, 14, 50, 131, 1, 0, 0.38%, 0, 0, 26, 1053.01 247 4453958
1605616809, 14, 53, 131, 1, 0, 0.38%, 0, 0, 26, 894.97 247 4458599
1605616829, 14, 55, 131, 0, 0, 0.38%, 0, 0, 26, 1051.92 247 4479185
1605616834, 14, 57, 131, 0, 0, 0.38%, 0, 0, 26, 1047.39 247 4484422
1605616839, 14, 64, 131, 0, 0, 0.38%, 0, 0, 26, 1042.45 247 4489618
1605616844, 14, 68, 131, 0, 0, 0.38%, 0, 0, 26, 1060.35 247 4495193
1605616849, 14, 72, 131, 0, 0, 0.38%, 0, 0, 26, 1037.75 247 4500410
1605616854, 14, 74, 131, 0, 0, 0.38%, 0, 0, 26, 1039.42 247 4505654
1605616859, 14, 76, 131, 0, 0, 0.38%, 0, 0, 26, 1009.95 247 4510666
1605616864, 14, 78, 131, 0, 0, 0.38%, 0, 0, 26, 997.22 247 4515704
1605616869, 14, 80, 131, 0, 0, 0.38%, 0, 0, 26, 1020.72 247 4520866
1605616874, 14, 82, 131, 0, 0, 0.38%, 0, 0, 26, 1015.83 247 4526006
1605616879, 14, 85, 131, 0, 0, 0.38%, 0, 0, 26, 1040.27 247 4531314
1605616884, 14, 88, 131, 0, 0, 0.38%, 0, 0, 26, 1034.82 247 4536550
1605616890, 14, 90, 131, 0, 0, 0.38%, 0, 0, 26, 1009.53 247 4541770
1605616895, 14, 93, 131, 0, 0, 0.38%, 0, 0, 26, 985.80 247 4546690
1605616900, 14, 95, 131, 0, 0, 0.38%, 0, 0, 26, 990.33 247 4551665
1605616905, 14, 97, 131, 0, 0, 0.38%, 0, 0, 26, 1015.52 247 4556918
1605616910, 14, 100, 131, 0, 0, 0.38%, 0, 0, 26, 1003.82 247 4561954
1605616915, 14, 103, 131, 0, 0, 0.38%, 0, 0, 26, 973.91 247 4566839
1605616920, 14, 106, 131, 0, 0, 0.38%, 0, 0, 26, 993.39 247 4571857
1605616925, 14, 109, 131, 0, 0, 0.38%, 0, 0, 26, 982.36 247 4576766
1605616930, 14, 111, 131, 0, 0, 0.38%, 0, 0, 26, 1017.48 247 4581826
1605616935, 14, 116, 131, 0, 0, 0.38%, 0, 0, 26, 1008.86 247 4586938
1605616940, 14, 118, 131, 0, 0, 0.38%, 0, 0, 26, 992.25 247 4591883
1605616945, 14, 121, 131, 0, 0, 0.38%, 0, 0, 26, 991.66 247 4596837
1605616950, 14, 124, 131, 0, 0, 0.38%, 0, 0, 26, 980.24 247 4601713
1605616955, 14, 128, 131, 0, 0, 0.38%, 0, 0, 26, 967.10 247 4606532
1605616960, 14, 130, 131, 0, 0, 0.38%, 0, 0, 26, 986.07 247 4611707
1605616965, 15, 9, 131, 0, 0, 0.38%, 0, 0, 26, 1105.84 247 4617454
1605616971, 15, 16, 131, 0, 0, 0.38%, 0, 0, 26, 1110.70 247 4623228
1605616976, 15, 25, 131, 0, 0, 0.38%, 0, 0, 26, 1121.69 247 4629068
1605616981, 15, 28, 131, 0, 0, 0.38%, 0, 0, 26, 1093.51 247 4634540
1605616986, 15, 31, 131, 0, 0, 0.38%, 0, 0, 26, 1076.94 247 4639895
1605616991, 15, 34, 131, 0, 0, 0.38%, 0, 0, 26, 1082.12 247 4645526
1605616996, 15, 38, 131, 0, 0, 0.38%, 0, 0, 26, 1096.33 247 4651175
1605617001, 15, 41, 131, 0, 0, 0.38%, 0, 0, 26, 1062.80 247 4656503
1605617006, 15, 45, 131, 0, 0, 0.38%, 0, 0, 26, 1061.56 247 4661825
1605617011, 15, 48, 131, 0, 0, 0.38%, 0, 0, 26, 1053.01 247 4667264
1605617017, 15, 50, 131, 0, 0, 0.38%, 0, 0, 26, 1039.34 247 4672630
1605617022, 15, 55, 131, 0, 0, 0.38%, 0, 0, 26, 1053.51 247 4677932
1605617027, 15, 62, 131, 0, 0, 0.38%, 0, 0, 26, 1048.41 247 4683378
1605617032, 15, 67, 131, 0, 0, 0.38%, 0, 0, 26, 1064.77 247 4688806
1605617037, 15, 71, 131, 0, 0, 0.38%, 0, 0, 26, 1034.76 247 4694186
1605617042, 15, 73, 131, 0, 0, 0.38%, 0, 0, 26, 1041.91 247 4699414
1605617047, 15, 75, 131, 0, 0, 0.38%, 0, 0, 26, 1010.86 247 4704466
1605617052, 15, 77, 131, 0, 0, 0.38%, 0, 0, 26, 1032.76 247 4709694
1605617057, 15, 79, 131, 0, 0, 0.38%, 0, 0, 26, 1020.68 247 4714854
1605617062, 15, 81, 131, 0, 0, 0.38%, 0, 0, 26, 1022.06 247 4720022
1605617067, 15, 84, 131, 0, 0, 0.38%, 0, 0, 26, 1039.33 247 4725398
1605617073, 15, 86, 131, 0, 0, 0.38%, 0, 0, 26, 1056.37 247 4730752
1605617078, 15, 89, 131, 0, 0, 0.38%, 0, 0, 26, 1025.49 247 4735894
1605617083, 15, 91, 131, 0, 0, 0.38%, 0, 0, 26, 1010.89 247 4741142
1605617088, 15, 94, 131, 0, 0, 0.38%, 0, 0, 26, 1028.29 247 4746518
1605617093, 15, 96, 131, 0, 0, 0.38%, 0, 0, 26, 1011.78 247 4751598
1605617098, 15, 98, 131, 0, 0, 0.38%, 0, 0, 26, 1019.26 247 4756746
1605617103, 15, 100, 131, 0, 0, 0.38%, 0, 0, 26, 1005.65 247 4761985
1605617108, 15, 103, 131, 0, 0, 0.38%, 0, 0, 26, 994.23 247 4767035
1605617113, 15, 106, 131, 0, 0, 0.38%, 0, 0, 26, 996.12 247 4772066
1605617118, 15, 109, 131, 0, 0, 0.38%, 0, 0, 26, 990.38 247 4777110
1605617123, 15, 112, 131, 0, 0, 0.38%, 0, 0, 26, 1011.21 247 4782182
1605617128, 15, 116, 131, 0, 0, 0.38%, 0, 0, 26, 1008.94 247 4787238
1605617134, 15, 119, 131, 0, 0, 0.38%, 0, 0, 26, 984.58 247 4792335
1605617139, 15, 122, 131, 0, 0, 0.38%, 0, 0, 26, 967.32 247 4797403
1605617144, 15, 125, 131, 0, 0, 0.38%, 0, 0, 26, 987.04 247 4802380
1605617149, 15, 128, 131, 0, 0, 0.38%, 0, 0, 26, 983.75 247 4807488
1605617154, 15, 130, 131, 0, 0, 0.38%, 0, 0, 26, 983.81 247 4812544
1605617159, 16, 7, 131, 0, 0, 0.38%, 0, 0, 26, 1108.74 247 4818430
1605617164, 16, 15, 131, 0, 0, 0.38%, 0, 0, 26, 1119.86 247 4824120
1605617169, 16, 23, 131, 0, 0, 0.38%, 0, 0, 26, 1098.21 247 4829612
1605617175, 16, 28, 131, 0, 0, 0.38%, 0, 0, 26, 1090.55 247 4835168
1605617180, 16, 30, 131, 0, 0, 0.38%, 0, 0, 26, 1067.74 247 4840706
1605617185, 16, 33, 131, 0, 0, 0.38%, 0, 0, 26, 1069.15 247 4846103
1605617190, 16, 36, 131, 0, 0, 0.38%, 0, 0, 26, 1062.36 247 4851404
1605617195, 16, 40, 131, 0, 0, 0.38%, 0, 0, 26, 1095.59 247 4856993
1605617200, 16, 44, 131, 0, 0, 0.38%, 0, 0, 26, 1082.50 247 4862369
1605617205, 16, 47, 131, 0, 0, 0.38%, 0, 0, 26, 1057.09 247 4867844
1605617210, 16, 50, 131, 0, 0, 0.38%, 0, 0, 26, 1054.85 247 4873316
1605617215, 16, 54, 131, 0, 0, 0.38%, 0, 0, 26, 1043.61 247 4878590
1605617220, 16, 57, 131, 0, 0, 0.38%, 0, 0, 26, 1041.74 247 4883994
1605617226, 16, 62, 131, 0, 0, 0.38%, 0, 0, 26, 1059.65 247 4889434
1605617231, 16, 65, 131, 0, 0, 0.38%, 0, 0, 26, 1075.37 247 4894881
1605617236, 16, 71, 131, 0, 0, 0.38%, 0, 0, 26, 1050.88 247 4900232
1605617241, 16, 73, 131, 0, 0, 0.38%, 0, 0, 26, 1031.85 247 4905418
1605617246, 16, 75, 131, 0, 0, 0.38%, 0, 0, 26, 1013.07 247 4910730
1605617251, 16, 77, 131, 0, 0, 0.38%, 0, 0, 26, 1027.82 247 4916106
1605617256, 16, 79, 131, 0, 0, 0.38%, 0, 0, 26, 1021.51 247 4921178
1605617261, 16, 81, 131, 0, 0, 0.38%, 0, 0, 26, 1014.93 247 4926454
1605617266, 16, 83, 131, 0, 0, 0.38%, 0, 0, 26, 1019.56 247 4931574
1605617271, 16, 86, 131, 0, 0, 0.38%, 0, 0, 26, 1050.25 247 4936897
1605617277, 16, 88, 131, 0, 0, 0.38%, 0, 0, 26, 1037.87 247 4942346
1605617282, 16, 90, 131, 0, 0, 0.38%, 0, 0, 26, 1029.64 247 4947466
1605617287, 16, 93, 131, 0, 0, 0.38%, 0, 0, 26, 1011.86 247 4952726
1605617292, 16, 95, 131, 0, 0, 0.38%, 0, 0, 26, 1024.83 247 4957874
1605617297, 16, 97, 131, 0, 0, 0.38%, 0, 0, 26, 1027.98 247 4963014
1605617302, 16, 100, 131, 0, 0, 0.38%, 0, 0, 26, 1013.43 247 4968062
1605617307, 16, 103, 131, 0, 0, 0.38%, 0, 0, 26, 973.62 247 4973070
1605617312, 16, 106, 131, 0, 0, 0.38%, 0, 0, 26, 1004.02 247 4978166
1605617317, 16, 109, 131, 0, 0, 0.38%, 0, 0, 26, 988.88 247 4983050
1605617322, 16, 112, 131, 0, 0, 0.38%, 0, 0, 26, 1007.40 247 4988158
1605617327, 16, 116, 131, 0, 0, 0.38%, 0, 0, 26, 989.07 247 4993168
1605617332, 16, 119, 131, 0, 0, 0.38%, 0, 0, 26, 984.65 247 4998103
1605617337, 16, 121, 131, 0, 0, 0.38%, 0, 0, 26, 992.38 247 5003061
1605617342, 16, 124, 131, 0, 0, 0.38%, 0, 0, 26, 975.09 247 5007957
1605617347, 16, 127, 131, 0, 0, 0.38%, 0, 0, 26, 985.56 247 5012929
1605617352, 16, 130, 131, 0, 0, 0.38%, 0, 0, 26, 985.76 247 5017893
1605617357, 17, 7, 131, 0, 0, 0.38%, 0, 0, 26, 1111.29 247 5023680
1605617363, 17, 15, 131, 0, 0, 0.38%, 0, 0, 26, 1125.75 247 5029436
1605617368, 17, 23, 131, 0, 0, 0.38%, 0, 0, 26, 1132.53 247 5035236
1605617373, 17, 26, 131, 0, 0, 0.38%, 0, 0, 26, 1099.66 247 5040690
1605617378, 17, 30, 131, 0, 0, 0.38%, 0, 0, 26, 1083.46 247 5046149
1605617383, 17, 32, 131, 0, 0, 0.38%, 0, 0, 26, 1077.50 247 5051471
1605617388, 17, 35, 131, 0, 0, 0.38%, 0, 0, 26, 1056.06 247 5056793
1605617393, 17, 40, 131, 0, 0, 0.38%, 0, 0, 26, 1079.10 247 5062466
1605617398, 17, 44, 131, 0, 0, 0.38%, 0, 0, 26, 1085.09 247 5068079
1605617403, 17, 47, 131, 0, 0, 0.38%, 0, 0, 26, 1070.74 247 5073467
1605617408, 17, 50, 131, 0, 0, 0.38%, 0, 0, 26, 1045.70 247 5078694
1605617414, 17, 54, 131, 0, 0, 0.38%, 0, 0, 26, 1049.19 247 5084110
1605617419, 17, 57, 131, 0, 0, 0.38%, 0, 0, 26, 1033.45 247 5089486
1605617424, 17, 62, 131, 0, 0, 0.38%, 0, 0, 26, 1068.01 247 5095054
1605617429, 17, 67, 131, 0, 0, 0.38%, 0, 0, 26, 1076.06 247 5100485
1605617434, 17, 71, 131, 0, 0, 0.38%, 0, 0, 26, 1026.94 247 5105802
1605617439, 17, 73, 131, 0, 0, 0.38%, 0, 0, 26, 1047.77 247 5111030
1605617444, 17, 75, 131, 0, 0, 0.38%, 0, 0, 26, 1039.04 247 5116210
1605617449, 17, 77, 131, 0, 0, 0.38%, 0, 0, 26, 1042.54 247 5121438
1605617455, 17, 80, 131, 0, 0, 0.38%, 0, 0, 26, 1025.69 247 5126746
1605617460, 17, 82, 131, 0, 0, 0.38%, 0, 0, 26, 1019.99 247 5131826
1605617465, 17, 84, 131, 0, 0, 0.38%, 0, 0, 26, 1048.59 247 5137102
1605617470, 17, 87, 131, 0, 0, 0.38%, 0, 0, 26, 1044.40 247 5142502
1605617475, 17, 89, 131, 0, 0, 0.38%, 0, 0, 26, 1037.46 247 5147902
1605617480, 17, 91, 131, 0, 0, 0.38%, 0, 0, 26, 1021.63 247 5153102
1605617485, 17, 94, 131, 0, 0, 0.38%, 0, 0, 26, 1008.27 247 5158201
1605617490, 17, 96, 131, 0, 0, 0.38%, 0, 0, 26, 1018.31 247 5163294
1605617495, 17, 98, 131, 0, 0, 0.38%, 0, 0, 26, 995.66 247 5168287
1605617500, 17, 100, 131, 0, 0, 0.38%, 0, 0, 26, 996.69 247 5173325
1605617505, 17, 103, 131, 0, 0, 0.38%, 0, 0, 26, 976.30 247 5178182
1605617510, 17, 106, 131, 0, 0, 0.38%, 0, 0, 26, 1003.34 247 5183446
1605617515, 17, 109, 131, 0, 0, 0.38%, 0, 0, 26, 996.68 247 5188429
1605617520, 17, 112, 131, 0, 0, 0.38%, 0, 0, 26, 1017.67 247 5193602
1605617525, 17, 116, 131, 0, 0, 0.38%, 0, 0, 26, 1011.20 247 5198714
1605617531, 17, 119, 131, 0, 0, 0.38%, 0, 0, 26, 1000.96 247 5203774
1605617536, 17, 121, 131, 0, 0, 0.38%, 0, 0, 26, 998.50 247 5208921
1605617541, 17, 124, 131, 0, 0, 0.38%, 0, 0, 26, 999.10 247 5214067
1605617546, 17, 127, 131, 0, 0, 0.38%, 0, 0, 26, 999.86 247 5219193
1605617551, 17, 130, 131, 0, 0, 0.38%, 0, 0, 26, 994.67 247 5224166
1605617556, 18, 7, 131, 0, 0, 0.38%, 0, 0, 26, 1095.65 247 5229964
1605617561, 18, 15, 131, 0, 0, 0.38%, 0, 0, 26, 1125.63 247 5235630
1605617566, 18, 23, 131, 0, 0, 0.38%, 0, 0, 26, 1104.89 247 5241124
1605617571, 18, 26, 131, 0, 0, 0.38%, 0, 0, 26, 1094.64 247 5246692
1605617576, 18, 30, 131, 0, 0, 0.38%, 0, 0, 26, 1069.44 247 5252044
1605617582, 18, 33, 131, 0, 0, 0.38%, 0, 0, 26, 1063.46 247 5257603
1605617587, 18, 36, 131, 0, 0, 0.38%, 0, 0, 26, 1072.07 247 5262994
1605617592, 18, 40, 131, 0, 0, 0.38%, 0, 0, 26, 1086.20 247 5268556
1605617597, 18, 44, 131, 0, 0, 0.38%, 0, 0, 26, 1075.62 247 5273974
1605617602, 18, 47, 131, 0, 0, 0.38%, 0, 0, 26, 1058.98 247 5279224
1605617607, 18, 50, 131, 0, 0, 0.38%, 0, 0, 26, 1045.40 247 5284414
1605617612, 18, 53, 131, 0, 0, 0.38%, 0, 0, 26, 1052.68 247 5289847
1605617617, 18, 56, 131, 0, 0, 0.38%, 0, 0, 26, 1058.29 247 5295201
1605617622, 18, 62, 131, 0, 0, 0.38%, 0, 0, 26, 1073.98 247 5300642
1605617627, 18, 65, 131, 0, 0, 0.38%, 0, 0, 26, 1075.52 247 5306028
1605617632, 18, 70, 131, 0, 0, 0.38%, 0, 0, 26, 1058.27 247 5311369
1605617637, 18, 72, 131, 0, 0, 0.38%, 0, 0, 26, 1041.05 247 5316602
1605617642, 18, 75, 131, 0, 0, 0.38%, 0, 0, 26, 1025.22 247 5321942
1605617647, 18, 77, 131, 0, 0, 0.38%, 0, 0, 26, 1038.07 247 5327166
1605617652, 18, 79, 131, 0, 0, 0.38%, 0, 0, 26, 1019.67 247 5332298
1605617657, 18, 80, 131, 0, 0, 0.38%, 0, 0, 26, 1023.67 247 5337446
1605617663, 18, 83, 131, 0, 0, 0.38%, 0, 0, 26, 1034.42 247 5342782
1605617668, 18, 86, 131, 0, 0, 0.38%, 0, 0, 26, 1039.56 247 5348042
1605617673, 18, 88, 131, 0, 0, 0.38%, 0, 0, 26, 1049.15 247 5353494
1605617678, 18, 90, 131, 0, 0, 0.38%, 0, 0, 26, 1032.40 247 5358822
1605617683, 18, 92, 131, 0, 0, 0.38%, 0, 0, 26, 1036.22 247 5364010
1605617688, 18, 95, 131, 0, 0, 0.38%, 0, 0, 26, 1018.80 247 5369062
1605617693, 18, 97, 131, 0, 0, 0.38%, 0, 0, 26, 1024.79 247 5374226
1605617698, 18, 99, 131, 0, 0, 0.38%, 0, 0, 26, 1013.15 247 5379306
1605617703, 18, 102, 131, 0, 0, 0.38%, 0, 0, 26, 988.02 247 5384264
1605617708, 18, 105, 131, 0, 0, 0.38%, 0, 0, 26, 987.34 247 5389217
1605617713, 18, 108, 131, 0, 0, 0.38%, 0, 0, 26, 975.22 247 5394166
1605617718, 18, 111, 131, 0, 0, 0.38%, 0, 0, 26, 1000.72 247 5399250
1605617723, 18, 115, 131, 0, 0, 0.38%, 0, 0, 26, 994.87 247 5404443
1605617729, 18, 118, 131, 0, 0, 0.38%, 0, 0, 26, 992.00 247 5409627
1605617734, 18, 121, 131, 0, 0, 0.38%, 0, 0, 26, 968.61 247 5414485
1605617739, 18, 124, 131, 0, 0, 0.38%, 0, 0, 26, 959.41 247 5419337
1605617744, 18, 127, 131, 0, 0, 0.38%, 0, 0, 26, 970.40 247 5424404
1605617749, 18, 130, 131, 0, 0, 0.38%, 0, 0, 26, 1014.12 247 5429702
1605617754, 19, 6, 131, 0, 0, 0.38%, 0, 0, 26, 1089.51 247 5435273
1605617759, 19, 13, 131, 0, 0, 0.38%, 0, 0, 26, 1094.05 247 5440776
1605617764, 19, 20, 131, 0, 0, 0.38%, 0, 0, 26, 1080.90 247 5446185
1605617769, 19, 26, 131, 0, 0, 0.38%, 0, 0, 26, 1090.37 247 5451753
1605617774, 19, 29, 131, 0, 0, 0.38%, 0, 0, 26, 1057.56 247 5457246
1605617780, 19, 32, 131, 0, 0, 0.38%, 0, 0, 26, 1075.66 247 5462805
1605617785, 19, 35, 131, 0, 0, 0.38%, 0, 0, 26, 1065.99 247 5468127
1605617790, 19, 39, 131, 0, 0, 0.38%, 0, 0, 26, 1090.44 247 5473833
1605617795, 19, 41, 131, 0, 0, 0.38%, 0, 0, 26, 1059.31 247 5479092
1605617800, 19, 46, 131, 0, 0, 0.38%, 0, 0, 26, 1049.89 247 5484438
1605617805, 19, 48, 131, 0, 0, 0.38%, 0, 0, 26, 1059.75 247 5489801
1605617810, 19, 52, 131, 0, 0, 0.38%, 0, 0, 26, 1040.60 247 5495198
1605617815, 19, 56, 131, 0, 0, 0.38%, 0, 0, 26, 1056.96 247 5500509
1605617820, 19, 59, 131, 0, 0, 0.38%, 0, 0, 26, 1050.79 247 5505778
1605617825, 19, 63, 131, 0, 0, 0.38%, 0, 0, 26, 1073.45 247 5511246
1605617830, 19, 67, 131, 0, 0, 0.38%, 0, 0, 26, 1081.25 247 5516863
1605617836, 19, 71, 131, 0, 0, 0.38%, 0, 0, 26, 1035.96 247 5522190
1605617841, 19, 74, 131, 0, 0, 0.38%, 0, 0, 26, 1058.81 247 5527485
1605617846, 19, 76, 131, 0, 0, 0.38%, 0, 0, 26, 1030.99 247 5532606
1605617851, 19, 78, 131, 0, 0, 0.38%, 0, 0, 26, 1039.96 247 5537886
1605617856, 19, 80, 131, 0, 0, 0.38%, 0, 0, 26, 1022.39 247 5543214
1605617861, 19, 82, 131, 0, 0, 0.38%, 0, 0, 26, 1007.22 247 5548254
1605617866, 19, 84, 131, 0, 0, 0.38%, 0, 0, 26, 1029.30 247 5553402
1605617871, 19, 87, 131, 0, 0, 0.38%, 0, 0, 26, 1052.11 247 5558715
1605617876, 19, 89, 131, 0, 0, 0.38%, 0, 0, 26, 1036.79 247 5563986
1605617881, 19, 91, 131, 0, 0, 0.38%, 0, 0, 26, 1001.29 247 5568962
1605617886, 19, 94, 131, 0, 0, 0.38%, 0, 0, 26, 1013.53 247 5574118
1605617891, 19, 96, 131, 0, 0, 0.38%, 0, 0, 26, 1013.19 247 5579246
1605617896, 19, 99, 131, 0, 0, 0.38%, 0, 0, 26, 1030.48 247 5584566
1605617902, 19, 101, 131, 0, 0, 0.38%, 0, 0, 26, 998.31 247 5589737
1605617907, 19, 104, 131, 0, 0, 0.38%, 0, 0, 26, 984.18 247 5594665
1605617912, 19, 107, 131, 0, 0, 0.38%, 0, 0, 26, 1007.91 247 5599758
1605617917, 19, 110, 131, 0, 0, 0.38%, 0, 0, 26, 1006.90 247 5604938
1605617922, 19, 113, 131, 0, 0, 0.38%, 0, 0, 26, 1005.92 247 5610010
1605617927, 19, 116, 131, 0, 0, 0.38%, 0, 0, 26, 999.12 247 5615081
1605617932, 19, 119, 131, 0, 0, 0.38%, 0, 0, 26, 986.46 247 5620150
1605617937, 19, 123, 131, 0, 0, 0.38%, 0, 0, 26, 977.43 247 5625198
1605617942, 19, 125, 131, 0, 0, 0.38%, 0, 0, 26, 983.88 247 5630134
1605617947, 19, 128, 131, 0, 0, 0.38%, 0, 0, 26, 978.36 247 5635203
1605617952, 20, 3, 131, 0, 0, 0.38%, 0, 0, 26, 1033.23 247 5640326
1605617958, 20, 11, 131, 0, 0, 0.38%, 0, 0, 26, 1100.34 247 5646135
1605617963, 20, 16, 131, 0, 0, 0.38%, 0, 0, 26, 1099.94 247 5651722
1605617968, 20, 25, 131, 0, 0, 0.38%, 0, 0, 26, 1099.78 247 5657242
1605617973, 20, 28, 131, 0, 0, 0.38%, 0, 0, 26, 1073.04 247 5662780
1605617978, 20, 31, 131, 0, 0, 0.38%, 0, 0, 26, 1066.83 247 5668102
1605617983, 20, 34, 131, 0, 0, 0.38%, 0, 0, 26, 1059.92 247 5673625
1605617988, 20, 37, 131, 0, 0, 0.38%, 0, 0, 26, 1087.11 247 5679079
1605617993, 20, 41, 131, 0, 0, 0.38%, 0, 0, 26, 1076.06 247 5684716
1605617998, 20, 44, 131, 0, 0, 0.38%, 0, 0, 26, 1064.68 247 5690110
1605618003, 20, 46, 131, 0, 0, 0.38%, 0, 0, 26, 1048.87 247 5695377
1605618009, 20, 49, 131, 0, 0, 0.38%, 0, 0, 26, 1051.45 247 5700742
1605618014, 20, 52, 131, 0, 0, 0.38%, 0, 0, 26, 1057.59 247 5706076
1605618019, 20, 56, 131, 0, 0, 0.38%, 0, 0, 26, 1045.11 247 5711334
1605618024, 20, 62, 131, 0, 0, 0.38%, 0, 0, 26, 1035.96 247 5716534
1605618029, 20, 67, 131, 0, 0, 0.38%, 0, 0, 26, 1062.16 247 5721926
1605618034, 20, 71, 131, 0, 0, 0.38%, 0, 0, 26, 1032.00 247 5727306
1605618039, 20, 74, 131, 0, 0, 0.38%, 0, 0, 26, 1052.55 247 5732621
1605618044, 20, 75, 131, 0, 0, 0.38%, 0, 0, 26, 1019.40 247 5737742
1605618049, 20, 78, 131, 0, 0, 0.38%, 0, 0, 26, 1018.74 247 5742862
1605618060, 20, 80, 131, 0, 0, 0.38%, 0, 0, 26, 1035.16 247 5749518
1605618065, 20, 82, 131, 0, 0, 0.38%, 0, 0, 26, 1030.80 247 5754726
1605618070, 20, 85, 131, 0, 0, 0.38%, 0, 0, 26, 1042.29 247 5759930
1605618075, 20, 87, 131, 0, 0, 0.38%, 0, 0, 26, 1044.58 247 5765202
1605618081, 20, 89, 131, 0, 0, 0.38%, 0, 0, 26, 1011.73 247 5770342
1605618086, 20, 92, 131, 0, 0, 0.38%, 0, 0, 26, 1007.08 247 5775546
1605618091, 20, 94, 131, 0, 0, 0.38%, 0, 0, 26, 996.19 247 5780613
1605618096, 20, 96, 131, 0, 0, 0.38%, 0, 0, 26, 1004.86 247 5785862
1605618101, 20, 99, 131, 0, 0, 0.38%, 0, 0, 26, 1012.50 247 5790998
1605618106, 20, 101, 131, 0, 0, 0.38%, 0, 0, 26, 989.62 247 5795928
1605618111, 20, 104, 131, 0, 0, 0.38%, 0, 0, 26, 978.75 247 5800839
1605618116, 20, 107, 131, 0, 0, 0.38%, 0, 0, 26, 1016.32 247 5805994
1605618121, 20, 109, 131, 0, 0, 0.38%, 0, 0, 26, 998.62 247 5810981
1605618126, 20, 113, 131, 0, 0, 0.38%, 0, 0, 26, 1015.99 247 5816090
1605618131, 20, 116, 131, 0, 0, 0.38%, 0, 0, 26, 996.56 247 5821233
1605618137, 20, 119, 131, 0, 0, 0.38%, 0, 0, 26, 982.92 247 5826321
1605618142, 20, 122, 131, 0, 0, 0.38%, 0, 0, 26, 977.39 247 5831237
1605618147, 20, 125, 131, 0, 0, 0.38%, 0, 0, 26, 991.62 247 5836344
1605618152, 20, 128, 131, 0, 0, 0.38%, 0, 0, 26, 987.21 247 5841313
1605618157, 20, 130, 131, 0, 0, 0.38%, 0, 0, 26, 991.38 247 5846285
1605618162, 21, 7, 131, 0, 0, 0.38%, 0, 0, 26, 1101.67 247 5852022
1605618167, 21, 15, 131, 0, 0, 0.38%, 0, 0, 26, 1114.73 247 5857856
1605618172, 21, 23, 131, 0, 0, 0.38%, 0, 0, 26, 1085.86 247 5863369
1605618177, 21, 28, 131, 0, 0, 0.38%, 0, 0, 26, 1081.78 247 5868904
1605618182, 21, 30, 131, 0, 0, 0.38%, 0, 0, 26, 1057.94 247 5874367
1605618187, 21, 33, 131, 0, 0, 0.38%, 0, 0, 26, 1055.56 247 5879860
1605618193, 21, 36, 131, 0, 0, 0.38%, 0, 0, 26, 1060.28 247 5885407
1605618198, 21, 40, 131, 0, 0, 0.38%, 0, 0, 26, 1076.55 247 5891104
1605618203, 21, 44, 131, 0, 0, 0.38%, 0, 0, 26, 1074.26 247 5896447
1605618208, 21, 47, 131, 0, 0, 0.38%, 0, 0, 26, 1046.04 247 5901678
1605618213, 21, 49, 131, 0, 0, 0.38%, 0, 0, 26, 1049.59 247 5906974
1605618218, 21, 54, 131, 0, 0, 0.38%, 0, 0, 26, 1055.22 247 5912287
1605618223, 21, 57, 131, 0, 0, 0.38%, 0, 0, 26, 1022.41 247 5917422
1605618228, 21, 63, 131, 0, 0, 0.38%, 0, 0, 26, 1057.02 247 5922920
1605618233, 21, 68, 131, 0, 0, 0.38%, 0, 0, 26, 1059.35 247 5928254
1605618238, 21, 72, 131, 0, 0, 0.38%, 0, 0, 26, 1049.14 247 5933502
1605618243, 21, 74, 131, 0, 0, 0.38%, 0, 0, 26, 1024.25 247 5938638
1605618248, 21, 76, 131, 0, 0, 0.38%, 0, 0, 26, 1047.02 247 5943866
1605618253, 21, 79, 131, 0, 0, 0.38%, 0, 0, 26, 1039.80 247 5949078
1605618258, 21, 81, 131, 0, 0, 0.38%, 0, 0, 26, 1023.71 247 5954358
1605618264, 21, 83, 131, 0, 0, 0.38%, 0, 0, 26, 1014.38 247 5959630
1605618269, 21, 86, 131, 0, 0, 0.38%, 0, 0, 26, 1055.41 247 5965007
1605618274, 21, 88, 131, 0, 0, 0.38%, 0, 0, 26, 1034.42 247 5970174
1605618279, 21, 90, 131, 0, 0, 0.38%, 0, 0, 26, 1012.74 247 5975246
1605618284, 21, 92, 131, 0, 0, 0.38%, 0, 0, 26, 1048.67 247 5980690
1605618289, 21, 95, 131, 0, 0, 0.38%, 0, 0, 26, 1020.05 247 5985710
1605618294, 21, 97, 131, 0, 0, 0.38%, 0, 0, 26, 997.10 247 5990873
1605618299, 21, 99, 131, 0, 0, 0.38%, 0, 0, 26, 1001.78 247 5996110
1605618304, 21, 102, 131, 0, 0, 0.38%, 0, 0, 26, 982.93 247 6001021
1605618309, 21, 105, 131, 0, 0, 0.38%, 0, 0, 26, 991.77 247 6005974
1605618315, 21, 108, 131, 0, 0, 0.38%, 0, 0, 26, 978.36 247 6011043
1605618320, 21, 111, 131, 0, 0, 0.38%, 0, 0, 26, 1001.92 247 6016082
1605618325, 21, 114, 131, 0, 0, 0.38%, 0, 0, 26, 994.84 247 6021104
1605618330, 21, 117, 131, 0, 0, 0.38%, 0, 0, 26, 997.12 247 6026302
1605618335, 21, 120, 131, 0, 0, 0.38%, 0, 0, 26, 983.84 247 6031256
1605618340, 21, 123, 131, 0, 0, 0.38%, 0, 0, 26, 973.28 247 6036150
1605618345, 21, 126, 131, 0, 0, 0.38%, 0, 0, 26, 989.88 247 6041164
1605618350, 21, 129, 131, 0, 0, 0.38%, 0, 0, 26, 972.47 247 6046003
1605618355, 22, 3, 131, 0, 0, 0.38%, 0, 0, 26, 1053.08 247 6051398
1605618360, 22, 11, 131, 0, 0, 0.38%, 0, 0, 26, 1124.48 247 6057140
1605618365, 22, 16, 131, 0, 0, 0.38%, 0, 0, 26, 1092.41 247 6062694
1605618370, 22, 25, 131, 0, 0, 0.38%, 0, 0, 26, 1108.67 247 6068340
1605618375, 22, 28, 131, 0, 0, 0.38%, 0, 0, 26, 1053.26 247 6073596
1605618380, 22, 31, 131, 0, 0, 0.38%, 0, 0, 26, 1060.50 247 6078897
1605618385, 22, 34, 131, 0, 0, 0.38%, 0, 0, 26, 1065.80 247 6084210
1605618391, 22, 37, 131, 0, 0, 0.38%, 0, 0, 26, 1095.02 247 6089873
1605618396, 22, 40, 131, 0, 0, 0.38%, 0, 0, 26, 1080.12 247 6095388
1605618401, 22, 44, 131, 0, 0, 0.38%, 0, 0, 26, 1053.07 247 6100743
1605618406, 22, 47, 131, 0, 0, 0.38%, 0, 0, 26, 1046.98 247 6106022
1605618411, 22, 50, 131, 0, 0, 0.38%, 0, 0, 26, 1050.31 247 6111470
1605618416, 22, 54, 131, 0, 0, 0.38%, 0, 0, 26, 1065.15 247 6116871
1605618421, 22, 57, 131, 0, 0, 0.38%, 0, 0, 26, 1065.33 247 6122214
1605618426, 22, 63, 131, 0, 0, 0.38%, 0, 0, 26, 1056.04 247 6127536
1605618431, 22, 68, 131, 0, 0, 0.38%, 0, 0, 26, 1062.77 247 6132965
1605618436, 22, 72, 131, 0, 0, 0.38%, 0, 0, 26, 1035.57 247 6138138
1605618441, 22, 74, 131, 0, 0, 0.38%, 0, 0, 26, 1021.77 247 6143274
1605618446, 22, 77, 131, 0, 0, 0.38%, 0, 0, 26, 1028.20 247 6148622
1605618451, 22, 79, 131, 0, 0, 0.38%, 0, 0, 26, 1029.63 247 6153774
1605618456, 22, 81, 131, 0, 0, 0.38%, 0, 0, 26, 1016.98 247 6158910
1605618461, 22, 83, 131, 0, 0, 0.38%, 0, 0, 26, 1017.94 247 6164098
1605618466, 22, 85, 131, 0, 0, 0.38%, 0, 0, 26, 1050.14 247 6169392
1605618471, 22, 88, 131, 0, 0, 0.38%, 0, 0, 26, 1034.74 247 6174614
1605618477, 22, 90, 131, 0, 0, 0.38%, 0, 0, 26, 1013.52 247 6179822
1605618482, 22, 93, 131, 0, 0, 0.38%, 0, 0, 26, 1008.87 247 6184930
1605618487, 22, 95, 131, 0, 0, 0.38%, 0, 0, 26, 1004.16 247 6189990
1605618492, 22, 97, 131, 0, 0, 0.38%, 0, 0, 26, 1022.87 247 6195170
1605618497, 22, 100, 131, 0, 0, 0.38%, 0, 0, 26, 1021.49 247 6200273
1605618502, 22, 103, 131, 0, 0, 0.38%, 0, 0, 26, 990.89 247 6205223
1605618507, 22, 105, 131, 0, 0, 0.38%, 0, 0, 26, 1019.08 247 6210338
1605618512, 22, 108, 131, 0, 0, 0.38%, 0, 0, 26, 994.53 247 6215288
1605618517, 22, 111, 131, 0, 0, 0.38%, 0, 0, 26, 1011.03 247 6220358
1605618522, 22, 114, 131, 0, 0, 0.38%, 0, 0, 26, 1003.17 247 6225387
1605618527, 22, 117, 131, 0, 0, 0.38%, 0, 0, 26, 993.05 247 6230360
1605618532, 22, 120, 131, 0, 0, 0.38%, 0, 0, 26, 983.56 247 6235371
1605618537, 22, 123, 131, 0, 0, 0.38%, 0, 0, 26, 986.78 247 6240459
1605618542, 22, 126, 131, 0, 0, 0.38%, 0, 0, 26, 963.18 247 6245451
1605618548, 22, 129, 131, 0, 0, 0.38%, 0, 0, 26, 966.86 247 6250539
1605618553, 23, 5, 131, 0, 0, 0.38%, 0, 0, 26, 1060.24 247 6255809
1605618558, 23, 12, 131, 0, 0, 0.38%, 0, 0, 26, 1102.62 247 6261396
1605618563, 23, 16, 131, 0, 0, 0.38%, 0, 0, 26, 1093.51 247 6266919
1605618568, 23, 25, 131, 0, 0, 0.38%, 0, 0, 26, 1115.18 247 6272584
1605618573, 23, 29, 131, 0, 0, 0.38%, 0, 0, 26, 1070.14 247 6277896
1605618578, 23, 32, 131, 0, 0, 0.38%, 0, 0, 26, 1070.74 247 6283470
1605618583, 23, 34, 131, 0, 0, 0.38%, 0, 0, 26, 1069.35 247 6288849
1605618588, 23, 38, 131, 0, 0, 0.38%, 0, 0, 26, 1098.71 247 6294342
1605618593, 23, 41, 131, 0, 0, 0.38%, 0, 0, 26, 1057.04 247 6299622
1605618598, 23, 45, 131, 0, 0, 0.38%, 0, 0, 26, 1063.10 247 6304998
1605618603, 23, 48, 131, 0, 0, 0.38%, 0, 0, 26, 1050.86 247 6310298
1605618608, 23, 50, 131, 0, 0, 0.38%, 0, 0, 26, 1032.25 247 6315514
1605618613, 23, 55, 131, 0, 0, 0.38%, 0, 0, 26, 1049.96 247 6320967
1605618618, 23, 62, 131, 0, 0, 0.38%, 0, 0, 26, 1047.39 247 6326238
1605618623, 23, 65, 131, 0, 0, 0.38%, 0, 0, 26, 1062.61 247 6331512
1605618628, 23, 71, 131, 0, 0, 0.38%, 0, 0, 26, 1048.40 247 6336790
1605618633, 23, 73, 131, 0, 0, 0.38%, 0, 0, 26, 1054.61 247 6342043
1605618639, 23, 75, 131, 0, 0, 0.38%, 0, 0, 26, 1031.94 247 6347206
1605618644, 23, 78, 131, 0, 0, 0.38%, 0, 0, 26, 1014.87 247 6352350
1605618649, 23, 80, 131, 0, 0, 0.38%, 0, 0, 26, 1017.13 247 6357446
1605618654, 23, 81, 131, 0, 0, 0.38%, 0, 0, 26, 1021.76 247 6362586
1605618659, 23, 84, 131, 0, 0, 0.38%, 0, 0, 26, 1035.08 247 6367938
1605618664, 23, 86, 131, 0, 0, 0.38%, 0, 0, 26, 1058.03 247 6373468
1605618669, 23, 89, 131, 0, 0, 0.38%, 0, 0, 26, 1037.95 247 6378634
1605618674, 23, 91, 131, 0, 0, 0.38%, 0, 0, 26, 1016.81 247 6383718
1605618679, 23, 94, 131, 0, 0, 0.38%, 0, 0, 26, 1003.29 247 6388914
1605618684, 23, 96, 131, 0, 0, 0.38%, 0, 0, 26, 998.69 247 6394126
1605618689, 23, 98, 131, 0, 0, 0.38%, 0, 0, 26, 1007.07 247 6399214
1605618695, 23, 101, 131, 0, 0, 0.38%, 0, 0, 26, 1006.71 247 6404338
1605618700, 23, 104, 131, 0, 0, 0.38%, 0, 0, 26, 980.67 247 6409189
1605618705, 23, 106, 131, 0, 0, 0.38%, 0, 0, 26, 1000.98 247 6414277
1605618710, 23, 109, 131, 0, 0, 0.38%, 0, 0, 26, 1014.84 247 6419330
1605618715, 23, 112, 131, 0, 0, 0.38%, 0, 0, 26, 1010.22 247 6424590
1605618720, 23, 116, 131, 0, 0, 0.38%, 0, 0, 26, 992.25 247 6429560
1605618725, 23, 120, 131, 0, 0, 0.38%, 0, 0, 26, 967.94 247 6434568
1605618730, 23, 123, 131, 0, 0, 0.38%, 0, 0, 26, 983.69 247 6439504
1605618735, 23, 126, 131, 0, 0, 0.38%, 0, 0, 26, 990.17 247 6444459
1605618740, 23, 128, 131, 0, 0, 0.38%, 0, 0, 26, 978.13 247 6449355
1605618745, 24, 3, 131, 0, 0, 0.38%, 0, 0, 26, 1036.99 247 6454726
1605618750, 24, 10, 131, 0, 0, 0.38%, 0, 0, 26, 1107.73 247 6460432
1605618755, 24, 16, 131, 0, 0, 0.38%, 0, 0, 26, 1110.89 247 6466214
1605618760, 24, 25, 131, 0, 0, 0.38%, 0, 0, 26, 1120.27 247 6471814
1605618765, 24, 28, 131, 0, 0, 0.38%, 0, 0, 26, 1076.74 247 6477198
1605618770, 24, 31, 131, 0, 0, 0.38%, 0, 0, 26, 1070.24 247 6482511
1605618776, 24, 34, 131, 0, 0, 0.38%, 0, 0, 26, 1063.73 247 6488025
1605618781, 24, 37, 131, 0, 0, 0.38%, 0, 0, 26, 1086.24 247 6493626
1605618786, 24, 40, 131, 0, 0, 0.38%, 0, 0, 26, 1051.46 247 6498948
1605618791, 24, 45, 131, 0, 0, 0.38%, 0, 0, 26, 1066.25 247 6504510
1605618796, 24, 47, 131, 0, 0, 0.38%, 0, 0, 26, 1056.73 247 6509838
1605618801, 24, 50, 131, 0, 0, 0.38%, 0, 0, 26, 1057.68 247 6515151
1605618806, 24, 55, 131, 0, 0, 0.38%, 0, 0, 26, 1057.25 247 6520551
1605618811, 24, 62, 131, 0, 0, 0.38%, 0, 0, 26, 1054.58 247 6526041
1605618817, 24, 65, 131, 0, 0, 0.38%, 0, 0, 26, 1058.86 247 6531447
1605618822, 24, 68, 131, 0, 0, 0.38%, 0, 0, 26, 1049.83 247 6536751
1605618827, 24, 72, 131, 0, 0, 0.38%, 0, 0, 26, 1045.92 247 6542194
1605618832, 24, 74, 131, 0, 0, 0.38%, 0, 0, 26, 1033.47 247 6547350
1605618837, 24, 76, 131, 0, 0, 0.38%, 0, 0, 26, 1033.96 247 6552534
1605618842, 24, 78, 131, 0, 0, 0.38%, 0, 0, 26, 1013.76 247 6557614
1605618847, 24, 80, 131, 0, 0, 0.38%, 0, 0, 26, 1032.79 247 6562942
1605618852, 24, 82, 131, 0, 0, 0.38%, 0, 0, 26, 1024.61 247 6568110
1605618857, 24, 85, 131, 0, 0, 0.38%, 0, 0, 26, 1045.43 247 6573330
1605618862, 24, 87, 131, 0, 0, 0.38%, 0, 0, 26, 1049.87 247 6578578
1605618867, 24, 89, 131, 0, 0, 0.38%, 0, 0, 26, 1029.68 247 6583698
1605618872, 24, 92, 131, 0, 0, 0.38%, 0, 0, 26, 1042.92 247 6589066
1605618877, 24, 94, 131, 0, 0, 0.38%, 0, 0, 26, 1004.40 247 6594242
1605618883, 24, 96, 131, 0, 0, 0.38%, 0, 0, 26, 1000.81 247 6599417
1605618888, 24, 99, 131, 0, 0, 0.38%, 0, 0, 26, 1018.86 247 6604722
1605618893, 24, 101, 131, 0, 0, 0.38%, 0, 0, 26, 1004.68 247 6609806
1605618898, 24, 104, 131, 0, 0, 0.38%, 0, 0, 26, 995.93 247 6614831
1605618903, 24, 107, 131, 0, 0, 0.38%, 0, 0, 26, 979.99 247 6619766
1605618908, 24, 110, 131, 0, 0, 0.38%, 0, 0, 26, 1006.02 247 6624842
1605618913, 24, 113, 131, 0, 0, 0.38%, 0, 0, 26, 1000.77 247 6629918
1605618918, 24, 117, 131, 0, 0, 0.38%, 0, 0, 26, 993.80 247 6634930
1605618923, 24, 119, 131, 0, 0, 0.38%, 0, 0, 26, 980.23 247 6639833
1605618928, 24, 122, 131, 0, 0, 0.38%, 0, 0, 26, 981.71 247 6644749
1605618933, 24, 126, 131, 0, 0, 0.38%, 0, 0, 26, 986.11 247 6649816
1605618938, 24, 128, 131, 0, 0, 0.38%, 0, 0, 26, 986.00 247 6654925
1605618947, 25, 0, 131, 0, 0, 0.38%, 0, 0, 26, 4.17 247 6659143
1605618952, 25, 9, 131, 0, 0, 0.38%, 0, 0, 26, 1135.95 247 6664816
1605618957, 25, 16, 131, 0, 0, 0.38%, 0, 0, 26, 1115.61 247 6670620
1605618962, 25, 23, 131, 0, 0, 0.38%, 0, 0, 26, 1087.68 247 6676041
1605618967, 25, 26, 131, 0, 0, 0.38%, 0, 0, 26, 1084.09 247 6681534
1605618973, 25, 30, 131, 0, 0, 0.38%, 0, 0, 26, 1063.15 247 6686889
1605618978, 25, 33, 131, 0, 0, 0.38%, 0, 0, 26, 1055.95 247 6692373
1605618983, 25, 35, 131, 0, 0, 0.38%, 0, 0, 26, 1039.99 247 6697790
1605618988, 25, 40, 131, 0, 0, 0.38%, 0, 0, 26, 1077.04 247 6703494
1605618993, 25, 44, 131, 0, 0, 0.38%, 0, 0, 26, 1069.55 247 6708990
1605618998, 25, 47, 131, 0, 0, 0.38%, 0, 0, 26, 1062.85 247 6714291
1605619003, 25, 49, 131, 0, 0, 0.38%, 0, 0, 26, 1046.18 247 6719582
1605619009, 25, 54, 131, 0, 0, 0.38%, 0, 0, 26, 1044.41 247 6724942
1605619014, 25, 57, 131, 0, 0, 0.38%, 0, 0, 26, 1045.45 247 6730238
1605619019, 25, 63, 131, 0, 0, 0.38%, 0, 0, 26, 1053.09 247 6735546
1605619024, 25, 68, 131, 0, 0, 0.38%, 0, 0, 26, 1077.89 247 6741075
1605619029, 25, 72, 131, 0, 0, 0.38%, 0, 0, 26, 1035.59 247 6746222
1605619034, 25, 74, 131, 0, 0, 0.38%, 0, 0, 26, 1040.60 247 6751466
1605619039, 25, 76, 131, 0, 0, 0.38%, 0, 0, 26, 1059.62 247 6756949
1605619044, 25, 78, 131, 0, 0, 0.38%, 0, 0, 26, 1052.00 247 6762201
1605619049, 25, 80, 131, 0, 0, 0.38%, 0, 0, 26, 1044.94 247 6767470
1605619054, 25, 82, 131, 0, 0, 0.38%, 0, 0, 26, 1056.40 247 6772980
1605619059, 25, 85, 131, 0, 0, 0.38%, 0, 0, 26, 1064.35 247 6778304
1605619064, 25, 88, 131, 0, 0, 0.38%, 0, 0, 26, 1077.30 247 6783774
1605619069, 25, 90, 131, 0, 0, 0.38%, 0, 0, 26, 1062.20 247 6789102
1605619074, 25, 92, 131, 0, 0, 0.38%, 0, 0, 26, 1063.90 247 6794409
1605619079, 25, 95, 131, 0, 0, 0.38%, 0, 0, 26, 1044.37 247 6799832
1605619085, 25, 97, 131, 0, 0, 0.38%, 0, 0, 26, 1052.66 247 6805273
1605619090, 25, 99, 131, 0, 0, 0.38%, 0, 0, 26, 1056.72 247 6810707
1605619095, 25, 102, 131, 0, 0, 0.38%, 0, 0, 26, 1027.85 247 6815834
1605619100, 25, 105, 131, 0, 0, 0.38%, 0, 0, 26, 1033.50 247 6821150
1605619105, 25, 108, 131, 0, 0, 0.38%, 0, 0, 26, 1000.77 247 6826198
1605619110, 25, 111, 131, 0, 0, 0.38%, 0, 0, 26, 1013.68 247 6831346
1605619115, 25, 116, 131, 0, 0, 0.38%, 0, 0, 26, 1020.08 247 6836494
1605619120, 25, 119, 131, 0, 0, 0.38%, 0, 0, 26, 1029.62 247 6841618
1605619125, 25, 121, 131, 0, 0, 0.38%, 0, 0, 26, 1026.53 247 6846726
1605619130, 25, 125, 131, 0, 0, 0.38%, 0, 0, 26, 1018.26 247 6852014
1605619135, 25, 128, 131, 0, 0, 0.38%, 0, 0, 26, 1004.88 247 6857074
1605619140, 25, 130, 131, 0, 0, 0.38%, 0, 0, 26, 1008.34 247 6862134
1605619146, 26, 9, 131, 0, 0, 0.38%, 0, 0, 26, 1131.19 247 6868216
1605619151, 26, 16, 131, 0, 0, 0.38%, 0, 0, 26, 1136.39 247 6874150
1605619156, 26, 25, 131, 0, 0, 0.38%, 0, 0, 26, 1145.94 247 6879868
1605619161, 26, 28, 131, 0, 0, 0.38%, 0, 0, 26, 1109.33 247 6885422
1605619166, 26, 31, 131, 0, 0, 0.38%, 0, 0, 26, 1108.30 247 6891137
1605619171, 26, 34, 131, 0, 0, 0.38%, 0, 0, 26, 1097.34 247 6896865
1605619176, 26, 38, 131, 0, 0, 0.38%, 0, 0, 26, 1126.34 247 6902472
1605619181, 26, 41, 131, 0, 0, 0.38%, 0, 0, 26, 1098.44 247 6908022
1605619186, 26, 45, 131, 0, 0, 0.38%, 0, 0, 26, 1096.63 247 6913527
1605619191, 26, 48, 131, 0, 0, 0.38%, 0, 0, 26, 1087.56 247 6918999
1605619196, 26, 52, 131, 0, 0, 0.38%, 0, 0, 26, 1082.52 247 6924411
1605619201, 26, 55, 131, 0, 0, 0.38%, 0, 0, 26, 1069.43 247 6929814
1605619206, 26, 62, 131, 0, 0, 0.38%, 0, 0, 26, 1063.45 247 6935137
1605619212, 26, 67, 131, 0, 0, 0.38%, 0, 0, 26, 1093.54 247 6940833
1605619217, 26, 72, 131, 0, 0, 0.38%, 0, 0, 26, 1055.64 247 6946102
1605619222, 26, 74, 131, 0, 0, 0.38%, 0, 0, 26, 1067.54 247 6951491
1605619227, 26, 76, 131, 0, 0, 0.38%, 0, 0, 26, 1047.40 247 6956722
1605619232, 26, 78, 131, 0, 0, 0.38%, 0, 0, 26, 1046.21 247 6962138
1605619237, 26, 80, 131, 0, 0, 0.38%, 0, 0, 26, 1039.07 247 6967414
1605619242, 26, 82, 131, 0, 0, 0.38%, 0, 0, 26, 1044.26 247 6972702
1605619247, 26, 85, 131, 0, 0, 0.38%, 0, 0, 26, 1054.99 247 6978025
1605619252, 26, 88, 131, 0, 0, 0.38%, 0, 0, 26, 1077.16 247 6983430
1605619257, 26, 90, 131, 0, 0, 0.38%, 0, 0, 26, 1048.68 247 6988865
1605619262, 26, 93, 131, 0, 0, 0.38%, 0, 0, 26, 1058.92 247 6994312
1605619267, 26, 95, 131, 0, 0, 0.38%, 0, 0, 26, 1031.00 247 6999498
1605619273, 26, 97, 131, 0, 0, 0.38%, 0, 0, 26, 1042.30 247 7004914
1605619278, 26, 100, 131, 0, 0, 0.38%, 0, 0, 26, 1038.55 247 7010082
1605619283, 26, 102, 131, 0, 0, 0.38%, 0, 0, 26, 1043.81 247 7015318
1605619288, 26, 105, 131, 0, 0, 0.38%, 0, 0, 26, 1039.88 247 7020481
1605619293, 26, 108, 131, 0, 0, 0.38%, 0, 0, 26, 1005.15 247 7025686
1605619298, 26, 111, 131, 0, 0, 0.38%, 0, 0, 26, 1014.20 247 7030798
1605619303, 26, 114, 131, 0, 0, 0.38%, 0, 0, 26, 1014.90 247 7035937
1605619308, 26, 117, 131, 0, 0, 0.38%, 0, 0, 26, 1011.37 247 7041050
1605619313, 26, 120, 131, 0, 0, 0.38%, 0, 0, 26, 995.32 247 7046070
1605619318, 26, 123, 131, 0, 0, 0.38%, 0, 0, 26, 1008.35 247 7051222
1605619323, 26, 126, 131, 0, 0, 0.38%, 0, 0, 26, 1011.80 247 7056506
1605619328, 26, 129, 131, 0, 0, 0.38%, 0, 0, 26, 1027.81 247 7061630
1605619333, 27, 5, 131, 0, 0, 0.38%, 0, 0, 26, 1086.90 247 7067144
1605619338, 27, 11, 131, 0, 0, 0.38%, 0, 0, 26, 1138.25 247 7072921
1605619344, 27, 16, 131, 0, 0, 0.38%, 0, 0, 26, 1126.71 247 7078770
1605619349, 27, 26, 131, 0, 0, 0.38%, 0, 0, 26, 1108.40 247 7084604
1605619354, 27, 29, 131, 0, 0, 0.38%, 0, 0, 26, 1100.24 247 7090244
1605619359, 27, 32, 131, 0, 0, 0.38%, 0, 0, 26, 1105.64 247 7095766
1605619364, 27, 35, 131, 0, 0, 0.38%, 0, 0, 26, 1110.39 247 7101328
1605619369, 27, 39, 131, 0, 0, 0.38%, 0, 0, 26, 1133.63 247 7107024
1605619374, 27, 42, 131, 0, 0, 0.38%, 0, 0, 26, 1109.81 247 7112604
1605619379, 27, 46, 131, 0, 0, 0.38%, 0, 0, 26, 1093.66 247 7118126
1605619384, 27, 49, 131, 0, 0, 0.38%, 0, 0, 26, 1077.42 247 7123520
1605619389, 27, 52, 131, 0, 0, 0.38%, 0, 0, 26, 1082.30 247 7128985
1605619394, 27, 56, 131, 0, 0, 0.38%, 0, 0, 26, 1073.85 247 7134404
1605619399, 27, 60, 131, 0, 0, 0.38%, 0, 0, 26, 1075.47 247 7139833
1605619404, 27, 65, 131, 0, 0, 0.38%, 0, 0, 26, 1097.82 247 7145325
1605619409, 27, 68, 131, 0, 0, 0.38%, 0, 0, 26, 1086.94 247 7150799
1605619414, 27, 73, 131, 0, 0, 0.38%, 0, 0, 26, 1072.20 247 7156110
1605619419, 27, 75, 131, 0, 0, 0.38%, 0, 0, 26, 1052.73 247 7161423
1605619424, 27, 77, 131, 0, 0, 0.38%, 0, 0, 26, 1062.68 247 7166778
1605619430, 27, 79, 131, 0, 0, 0.38%, 0, 0, 26, 1025.87 247 7172086
1605619435, 27, 81, 131, 0, 0, 0.38%, 0, 0, 26, 1042.63 247 7177358
1605619440, 27, 83, 131, 0, 0, 0.38%, 0, 0, 26, 1038.73 247 7182542
1605619445, 27, 86, 131, 0, 0, 0.38%, 0, 0, 26, 1058.62 247 7187919
1605619450, 27, 89, 131, 0, 0, 0.38%, 0, 0, 26, 1045.30 247 7193154
1605619455, 27, 91, 131, 0, 0, 0.38%, 0, 0, 26, 1060.46 247 7198537
1605619460, 27, 93, 131, 0, 0, 0.38%, 0, 0, 26, 1056.95 247 7203865
1605619465, 27, 95, 131, 0, 0, 0.38%, 0, 0, 26, 1040.48 247 7209081
1605619470, 27, 98, 131, 0, 0, 0.38%, 0, 0, 26, 1049.40 247 7214326
1605619475, 27, 100, 131, 0, 0, 0.38%, 0, 0, 26, 1036.08 247 7219737
1605619480, 27, 103, 131, 0, 0, 0.38%, 0, 0, 26, 1032.76 247 7224846
1605619485, 27, 106, 131, 0, 0, 0.38%, 0, 0, 26, 1028.30 247 7229974
1605619490, 27, 109, 131, 0, 0, 0.38%, 0, 0, 26, 1029.61 247 7235310
1605619495, 27, 112, 131, 0, 0, 0.38%, 0, 0, 26, 1045.86 247 7240686
1605619500, 27, 116, 131, 0, 0, 0.38%, 0, 0, 26, 1044.18 247 7245945
1605619506, 27, 119, 131, 0, 0, 0.38%, 0, 0, 26, 1004.10 247 7251149
1605619511, 27, 122, 131, 0, 0, 0.38%, 0, 0, 26, 995.51 247 7256362
1605619516, 27, 125, 131, 0, 0, 0.38%, 0, 0, 26, 1022.93 247 7261674
1605619521, 27, 128, 131, 0, 0, 0.38%, 0, 0, 26, 1003.71 247 7266681
1605619526, 28, 3, 131, 0, 0, 0.38%, 0, 0, 26, 1055.57 247 7271962
1605619531, 28, 10, 131, 0, 0, 0.38%, 0, 0, 26, 1121.34 247 7277769
1605619536, 28, 16, 131, 0, 0, 0.38%, 0, 0, 26, 1108.74 247 7283552
1605619541, 28, 25, 131, 0, 0, 0.38%, 0, 0, 26, 1153.11 247 7289569
1605619546, 28, 29, 131, 0, 0, 0.38%, 0, 0, 26, 1116.10 247 7295174
1605619552, 28, 31, 131, 0, 0, 0.38%, 0, 0, 26, 1112.88 247 7300758
1605619557, 28, 34, 131, 0, 0, 0.38%, 0, 0, 26, 1094.39 247 7306228
1605619562, 28, 38, 131, 0, 0, 0.38%, 0, 0, 26, 1129.96 247 7311994
1605619567, 28, 41, 131, 0, 0, 0.38%, 0, 0, 26, 1091.08 247 7317406
1605619572, 28, 44, 131, 0, 0, 0.38%, 0, 0, 26, 1086.01 247 7322911
1605619577, 28, 47, 131, 0, 0, 0.38%, 0, 0, 26, 1078.72 247 7328302
1605619582, 28, 49, 131, 0, 0, 0.38%, 0, 0, 26, 1071.89 247 7333684
1605619587, 28, 54, 131, 0, 0, 0.38%, 0, 0, 26, 1076.96 247 7339273
1605619592, 28, 57, 131, 0, 0, 0.38%, 0, 0, 26, 1082.42 247 7344709
1605619597, 28, 63, 131, 0, 0, 0.38%, 0, 0, 26, 1083.77 247 7350175
1605619602, 28, 68, 131, 0, 0, 0.38%, 0, 0, 26, 1102.38 247 7355752
1605619607, 28, 72, 131, 0, 0, 0.38%, 0, 0, 26, 1074.88 247 7361104
1605619612, 28, 74, 131, 0, 0, 0.38%, 0, 0, 26, 1055.98 247 7366536
1605619617, 28, 76, 131, 0, 0, 0.38%, 0, 0, 26, 1056.92 247 7371807
1605619622, 28, 78, 131, 0, 0, 0.38%, 0, 0, 26, 1032.93 247 7377006
1605619627, 28, 80, 131, 0, 0, 0.38%, 0, 0, 26, 1031.22 247 7382194
1605619632, 28, 82, 131, 0, 0, 0.38%, 0, 0, 26, 1041.65 247 7387462
1605619637, 28, 85, 131, 0, 0, 0.38%, 0, 0, 26, 1055.99 247 7392776
1605619642, 28, 88, 131, 0, 0, 0.38%, 0, 0, 26, 1069.64 247 7398396
1605619648, 28, 90, 131, 0, 0, 0.38%, 0, 0, 26, 1052.35 247 7403721
1605619653, 28, 93, 131, 0, 0, 0.38%, 0, 0, 26, 1061.11 247 7409049
1605619658, 28, 95, 131, 0, 0, 0.38%, 0, 0, 26, 1043.76 247 7414458
1605619663, 28, 98, 131, 0, 0, 0.38%, 0, 0, 26, 1027.71 247 7419622
1605619668, 28, 100, 131, 0, 0, 0.38%, 0, 0, 26, 1043.53 247 7424850
1605619673, 28, 103, 131, 0, 0, 0.38%, 0, 0, 26, 1017.88 247 7429918
1605619678, 28, 106, 131, 0, 0, 0.38%, 0, 0, 26, 1031.48 247 7435294
1605619683, 28, 109, 131, 0, 0, 0.38%, 0, 0, 26, 1022.06 247 7440422
1605619688, 28, 112, 131, 0, 0, 0.38%, 0, 0, 26, 1028.89 247 7445798
1605619693, 28, 116, 131, 0, 0, 0.38%, 0, 0, 26, 1029.39 247 7450982
1605619698, 28, 119, 131, 0, 0, 0.38%, 0, 0, 26, 1008.59 247 7456050
1605619703, 28, 122, 131, 0, 0, 0.38%, 0, 0, 26, 1027.74 247 7461254
1605619708, 28, 125, 131, 0, 0, 0.38%, 0, 0, 26, 1009.59 247 7466366
1605619713, 28, 128, 131, 0, 0, 0.38%, 0, 0, 26, 996.13 247 7471378
1605619718, 28, 130, 131, 0, 0, 0.38%, 0, 0, 26, 1015.51 247 7476462
1605619724, 29, 9, 131, 0, 0, 0.38%, 0, 0, 26, 1123.91 247 7482528
1605619729, 29, 16, 131, 0, 0, 0.38%, 0, 0, 26, 1133.91 247 7488292
1605619734, 29, 24, 131, 0, 0, 0.38%, 0, 0, 26, 1141.34 247 7494188
1605619739, 29, 28, 131, 0, 0, 0.38%, 0, 0, 26, 1112.57 247 7499734
1605619744, 29, 31, 131, 0, 0, 0.38%, 0, 0, 26, 1110.08 247 7505262
1605619749, 29, 33, 131, 0, 0, 0.38%, 0, 0, 26, 1075.62 247 7510622
1605619754, 29, 36, 131, 0, 0, 0.38%, 0, 0, 26, 1105.88 247 7516298
1605619759, 29, 40, 131, 0, 0, 0.38%, 0, 0, 26, 1102.66 247 7522146
1605619764, 29, 45, 131, 0, 0, 0.38%, 0, 0, 26, 1098.55 247 7527857
1605619770, 29, 47, 131, 0, 0, 0.38%, 0, 0, 26, 1086.45 247 7533449
1605619775, 29, 50, 131, 0, 0, 0.38%, 0, 0, 26, 1074.66 247 7538846
1605619780, 29, 55, 131, 0, 0, 0.38%, 0, 0, 26, 1085.70 247 7544276
1605619785, 29, 62, 131, 0, 0, 0.38%, 0, 0, 26, 1073.94 247 7549661
1605619790, 29, 64, 131, 0, 0, 0.38%, 0, 0, 26, 1097.62 247 7555240
1605619795, 29, 68, 131, 0, 0, 0.38%, 0, 0, 26, 1086.35 247 7560702
1605619800, 29, 71, 131, 0, 0, 0.38%, 0, 0, 26, 1058.33 247 7566036
1605619805, 29, 74, 131, 0, 0, 0.38%, 0, 0, 26, 1063.69 247 7571362
1605619810, 29, 76, 131, 0, 0, 0.38%, 0, 0, 26, 1040.70 247 7576570
1605619815, 29, 78, 131, 0, 0, 0.38%, 0, 0, 26, 1062.32 247 7581936
1605619820, 29, 80, 131, 0, 0, 0.38%, 0, 0, 26, 1047.62 247 7587362
1605619825, 29, 82, 131, 0, 0, 0.38%, 0, 0, 26, 1053.27 247 7592846
1605619830, 29, 85, 131, 0, 0, 0.38%, 0, 0, 26, 1075.78 247 7598416
1605619835, 29, 88, 131, 0, 0, 0.38%, 0, 0, 26, 1071.38 247 7603811
1605619841, 29, 90, 131, 0, 0, 0.38%, 0, 0, 26, 1056.67 247 7609271
1605619846, 29, 93, 131, 0, 0, 0.38%, 0, 0, 26, 1061.21 247 7614653
1605619851, 29, 95, 131, 0, 0, 0.38%, 0, 0, 26, 1046.69 247 7619913
1605619856, 29, 97, 131, 0, 0, 0.38%, 0, 0, 26, 1033.94 247 7625202
1605619861, 29, 100, 131, 0, 0, 0.38%, 0, 0, 26, 1041.01 247 7630473
1605619866, 29, 103, 131, 0, 0, 0.38%, 0, 0, 26, 1016.66 247 7635538
1605619871, 29, 105, 131, 0, 0, 0.38%, 0, 0, 26, 1039.68 247 7640902
1605619876, 29, 108, 131, 0, 0, 0.38%, 0, 0, 26, 1000.76 247 7645914
1605619881, 29, 111, 131, 0, 0, 0.38%, 0, 0, 26, 1044.85 247 7651174
1605619886, 29, 116, 131, 0, 0, 0.38%, 0, 0, 26, 1031.26 247 7656274
1605619891, 29, 118, 131, 0, 0, 0.38%, 0, 0, 26, 1031.70 247 7661598
1605619896, 29, 121, 131, 0, 0, 0.38%, 0, 0, 26, 1011.32 247 7666686
1605619902, 29, 125, 131, 0, 0, 0.38%, 0, 0, 26, 1030.31 247 7672026
1605619907, 29, 128, 131, 0, 0, 0.38%, 0, 0, 26, 1029.92 247 7677190
1605619912, 29, 131, 132, 1, 1, 0.38%, 0, 0, 26, 945.43 248 7682012
1605619917, 29, 131, 133, 2, 1, 0.38%, 0, 0, 27, 594.73 249 7684513
1605619922, 29, 131, 135, 4, 1, 0.38%, 0, 0, 27, 401.93 251 7686151
1605619952, 29, 132, 135, 3, 3, 0.38%, 0, 0, 27, 839.14 251 7710528
1605619993, 29, 133, 135, 2, 2, 0.38%, 0, 0, 27, 691.89 251 7738913
1605620035, 29, 134, 136, 2, 1, 0.38%, 0, 0, 28, 676.50 252 7768424
1605620070, 29, 135, 136, 1, 1, 0.38%, 0, 0, 28, 940.63 252 7794187
1605620080, 29, 135, 137, 2, 1, 0.39%, 0, 0, 29, 423.55 253 7798451
1605620111, 29, 136, 137, 1, 1, 0.39%, 0, 0, 29, 816.12 253 7822750
1605620136, 29, 136, 138, 2, 1, 0.40%, 0, 0, 30, 911.44 260 7837776
1605620167, 29, 137, 138, 1, 1, 0.40%, 0, 0, 30, 972.65 260 7866810
1605620172, 29, 137, 139, 2, 1, 0.40%, 0, 0, 31, 602.86 260 7869114
1605620182, 29, 137, 141, 4, 1, 0.40%, 0, 0, 31, 379.51 263 7872501
1605620212, 29, 137, 142, 5, 1, 0.40%, 0, 0, 31, 890.83 264 7894976
1605620233, 29, 139, 142, 4, 3, 0.40%, 0, 0, 31, 813.61 264 7913244
1605620279, 29, 140, 142, 3, 2, 0.40%, 0, 0, 31, 784.08 264 7942645
1605620325, 29, 141, 142, 2, 1, 0.40%, 0, 0, 31, 821.16 264 7971738
1605620340, 29, 141, 143, 3, 1, 0.40%, 0, 0, 32, 370.09 265 7977163
1605620355, 29, 141, 144, 4, 1, 0.41%, 0, 0, 32, 726.79 267 7984591
1605620396, 29, 142, 144, 3, 2, 0.41%, 0, 0, 32, 655.53 267 8019601
1605620447, 29, 143, 144, 2, 1, 0.41%, 0, 0, 32, 706.25 267 8051438
1605620462, 29, 143, 145, 3, 1, 0.41%, 0, 0, 33, 362.99 269 8056935
1605620498, 29, 144, 146, 3, 1, 0.41%, 0, 0, 34, 686.91 269 8082427
1605620513, 29, 144, 147, 4, 1, 0.41%, 0, 0, 34, 358.04 270 8087945
1605620549, 29, 145, 147, 3, 2, 0.41%, 0, 0, 34, 716.05 270 8113838
1605620589, 29, 145, 148, 4, 2, 0.42%, 0, 0, 35, 857.88 273 8136440
1605620620, 29, 147, 148, 3, 1, 0.42%, 0, 0, 35, 608.28 273 8162395
1605620635, 29, 147, 149, 4, 1, 0.42%, 0, 0, 36, 359.15 275 8167727
1605620671, 29, 148, 149, 3, 1, 0.42%, 0, 0, 36, 819.32 275 8191825
1605620686, 29, 148, 150, 4, 1, 0.42%, 0, 0, 37, 244.35 276 8196741
1605620726, 29, 149, 150, 3, 1, 0.42%, 0, 0, 37, 738.21 276 8224263
1605620762, 29, 149, 151, 4, 1, 0.43%, 0, 0, 38, 798.67 279 8239755
1605620803, 29, 150, 151, 3, 1, 0.43%, 0, 0, 38, 643.66 279 8274460
1605620818, 29, 150, 152, 4, 1, 0.43%, 0, 0, 39, 223.62 280 8279147
1605620823, 29, 150, 153, 5, 1, 0.43%, 0, 0, 39, 313.91 281 8280943
1605620858, 29, 151, 153, 4, 2, 0.43%, 0, 0, 39, 1036.46 281 8305886
