# unix_time, cycles_done, cur_path, paths_total, pending_total, pending_favs, map_size, unique_crashes, unique_hangs, max_depth, execs_per_sec, edge_coverage, total_execs
1601778682, 0, 0, 3, 3, 2, 5.35%, 0, 0, 1, 64.00 0 24
1601778692, 0, 0, 38, 38, 2, 5.63%, 0, 0, 2, 86.74 3691 999
1601778697, 0, 0, 68, 68, 2, 5.79%, 0, 0, 2, 85.42 3795 1429
1601778702, 0, 0, 86, 86, 2, 5.89%, 0, 0, 2, 74.39 3860 1808
1601778707, 0, 0, 91, 91, 2, 5.89%, 0, 0, 2, 72.14 3861 2185
1601778713, 0, 0, 108, 108, 2, 5.94%, 0, 0, 2, 71.49 3892 2551
1601778718, 0, 0, 111, 111, 2, 5.94%, 0, 0, 2, 73.07 3894 2932
1601778728, 0, 0, 116, 116, 2, 5.97%, 0, 0, 2, 68.05 3911 3624
1601778815, 0, 0, 126, 126, 2, 6.05%, 0, 0, 2, 29.10 3963 5928
1601778820, 0, 0, 134, 134, 2, 6.07%, 0, 0, 2, 29.00 3977 6081
1601778831, 0, 0, 139, 139, 2, 6.07%, 0, 0, 2, 27.61 3977 6354
1601778841, 0, 0, 140, 140, 2, 6.07%, 0, 0, 2, 26.42 3977 6616
1601778851, 0, 0, 141, 141, 2, 6.07%, 0, 0, 2, 25.73 3977 6887
1601778872, 0, 0, 145, 145, 2, 6.08%, 0, 0, 2, 26.06 3985 7391
1601778877, 0, 0, 154, 154, 2, 6.10%, 0, 0, 2, 25.82 3997 7522
1601778882, 0, 0, 163, 163, 2, 6.15%, 0, 0, 2, 25.47 4031 7651
1601778887, 0, 0, 166, 166, 2, 6.15%, 0, 0, 2, 25.13 4033 7781
1601778892, 0, 0, 171, 171, 2, 6.15%, 0, 0, 2, 25.15 4033 7910
1601778897, 0, 0, 173, 173, 2, 6.16%, 0, 0, 2, 24.99 4034 8039
1601778902, 0, 0, 174, 174, 2, 6.16%, 0, 0, 2, 24.90 4034 8168
1601778907, 0, 0, 176, 176, 2, 6.16%, 0, 0, 2, 26.28 4037 8301
1601778913, 0, 0, 178, 178, 2, 6.17%, 0, 0, 2, 27.34 4043 8440
1601778999, 0, 0, 182, 182, 2, 6.18%, 0, 0, 2, 30.49 4051 10622
1601779004, 0, 0, 183, 183, 2, 6.18%, 0, 0, 2, 28.11 4051 10764
1601779009, 0, 0, 186, 186, 2, 6.20%, 0, 0, 2, 30.37 4061 10919
1601779014, 0, 0, 188, 188, 2, 6.20%, 0, 0, 2, 29.25 4063 11064
1601779167, 0, 0, 192, 192, 2, 6.21%, 0, 0, 2, 28.88 4067 15028
1601779177, 0, 0, 193, 193, 2, 6.22%, 0, 0, 2, 26.44 4079 15293
1601779218, 0, 0, 194, 194, 2, 6.22%, 0, 0, 2, 26.65 4079 16345
1601779223, 0, 0, 195, 195, 2, 6.23%, 0, 0, 2, 25.64 4084 16476
1601779335, 0, 0, 197, 197, 2, 6.24%, 0, 0, 2, 30.14 4087 19303
1601779340, 0, 0, 198, 198, 2, 6.24%, 0, 0, 2, 27.84 4087 19443
1601779345, 0, 0, 201, 201, 2, 6.25%, 0, 0, 2, 30.02 4093 19595
1601779351, 0, 0, 202, 202, 2, 6.30%, 0, 0, 2, 28.94 4126 19747
1601779371, 0, 0, 203, 203, 2, 6.32%, 0, 0, 2, 28.39 4145 20311
1601779376, 0, 0, 204, 204, 2, 6.33%, 0, 0, 2, 29.39 4146 20462
1601779498, 0, 0, 205, 205, 2, 6.33%, 0, 0, 2, 26.91 4147 23617
1601779503, 0, 0, 206, 206, 2, 6.33%, 0, 0, 2, 27.51 4148 23764
1601779554, 0, 0, 207, 207, 2, 6.36%, 0, 0, 2, 26.06 4168 25069
1601779666, 0, 0, 208, 208, 2, 6.36%, 0, 0, 2, 31.10 4169 27917
1601779707, 0, 0, 212, 212, 2, 6.36%, 0, 0, 2, 27.40 4171 28975
1601779717, 0, 0, 213, 213, 2, 6.36%, 0, 0, 2, 26.93 4171 29254
1601779727, 0, 0, 216, 216, 2, 6.36%, 0, 0, 2, 33.82 4171 29508
1601779732, 0, 0, 219, 219, 2, 6.36%, 0, 0, 2, 30.38 4171 29656
1601779742, 0, 0, 220, 220, 2, 6.36%, 0, 0, 2, 26.64 4171 29936
1601779773, 0, 0, 221, 221, 2, 6.36%, 0, 0, 2, 29.93 4171 30917
1601779779, 0, 0, 222, 222, 2, 6.38%, 0, 0, 2, 25.81 4183 31043
1601779799, 0, 0, 224, 224, 2, 6.38%, 0, 0, 2, 29.89 4183 31610
1601779819, 0, 0, 225, 225, 2, 6.38%, 0, 0, 2, 25.24 4184 32111
1601779824, 0, 0, 228, 228, 2, 6.39%, 0, 0, 2, 31.10 4187 32272
1601779845, 0, 0, 232, 232, 2, 6.46%, 0, 0, 2, 24.28 4234 32870
1601779870, 0, 0, 234, 234, 2, 6.46%, 0, 0, 2, 26.23 4236 33616
1601779926, 0, 0, 236, 236, 2, 6.47%, 0, 0, 2, 27.10 4239 35125
1601779962, 0, 0, 237, 237, 2, 6.47%, 0, 0, 2, 26.19 4239 36123
1601780218, 0, 0, 238, 238, 2, 6.47%, 0, 0, 2, 27.82 4239 43139
1601780320, 0, 0, 239, 239, 2, 6.47%, 0, 0, 2, 28.70 4240 45848
1601780335, 0, 0, 240, 240, 2, 6.47%, 0, 0, 2, 39.93 4240 46338
1601780683, 0, 0, 242, 242, 2, 6.48%, 0, 0, 2, 27.25 4245 55224
1601780698, 0, 0, 243, 243, 2, 6.48%, 0, 0, 2, 25.51 4247 55621
1601780703, 0, 0, 244, 244, 2, 6.48%, 0, 0, 2, 25.51 4250 55753
1601780713, 0, 0, 245, 245, 2, 6.49%, 0, 0, 2, 25.63 4251 56016
1601780719, 0, 0, 246, 246, 2, 6.49%, 0, 0, 2, 25.64 4252 56148
1601780770, 0, 0, 248, 248, 2, 6.49%, 0, 0, 2, 25.53 4252 57439
1601780846, 0, 0, 249, 249, 2, 6.49%, 0, 0, 2, 28.39 4254 59418
1601780887, 0, 0, 250, 250, 2, 6.49%, 0, 0, 2, 32.88 4254 60628
1601781184, 0, 0, 253, 253, 2, 6.51%, 0, 0, 2, 30.56 4264 69165
1601781189, 0, 0, 259, 259, 2, 6.54%, 0, 0, 2, 30.16 4285 69317
1601781194, 0, 0, 260, 260, 2, 6.55%, 0, 0, 2, 28.69 4290 69466
1601781199, 0, 0, 261, 261, 2, 6.55%, 0, 0, 2, 28.35 4294 69613
1601781224, 0, 0, 263, 263, 2, 6.56%, 0, 0, 2, 26.52 4298 70295
1601781250, 0, 0, 267, 267, 2, 6.57%, 0, 0, 2, 25.90 4305 70919
1601781265, 0, 0, 270, 270, 2, 6.58%, 0, 0, 2, 32.07 4309 71351
1601781270, 0, 0, 271, 271, 2, 6.58%, 0, 0, 2, 33.37 4309 71526
1601781275, 0, 0, 274, 274, 2, 6.59%, 0, 0, 2, 29.77 4317 71678
1601781285, 0, 0, 275, 275, 2, 6.59%, 0, 0, 2, 30.65 4318 71968
1601781290, 0, 0, 276, 276, 2, 6.59%, 0, 0, 2, 26.65 4318 72100
1601781300, 0, 0, 277, 277, 2, 6.59%, 0, 0, 2, 32.56 4322 72414
1601781311, 0, 0, 278, 278, 2, 6.59%, 0, 0, 2, 31.46 4322 72724
1601781530, 0, 0, 279, 279, 2, 6.60%, 0, 0, 2, 30.56 4326 78935
1601781535, 0, 0, 280, 280, 2, 6.61%, 0, 0, 2, 29.06 4330 79089
1601781703, 0, 0, 281, 281, 2, 6.62%, 0, 0, 2, 26.34 4339 83467
1601781729, 0, 0, 282, 282, 2, 6.65%, 0, 0, 2, 25.56 4360 84118
1601781734, 0, 0, 284, 284, 2, 6.67%, 0, 0, 2, 25.60 4368 84250
1601781785, 0, 0, 285, 285, 2, 6.67%, 0, 0, 2, 29.72 4369 85604
1601781790, 0, 0, 287, 287, 2, 6.67%, 0, 0, 2, 33.60 4369 85780
1601781796, 0, 0, 288, 288, 2, 6.67%, 0, 0, 2, 34.11 4370 85955
1601781806, 0, 0, 289, 289, 2, 6.67%, 0, 0, 2, 30.79 4372 86285
1601781826, 0, 0, 290, 290, 2, 6.67%, 0, 0, 2, 27.65 4372 86884
1601781842, 0, 0, 291, 291, 2, 6.67%, 0, 0, 2, 33.50 4374 87345
1601781847, 0, 0, 292, 292, 2, 6.68%, 0, 0, 2, 33.62 4376 87520
1601781878, 0, 0, 294, 294, 2, 6.68%, 0, 0, 2, 27.38 4376 88505
1601781933, 0, 0, 295, 295, 2, 6.68%, 0, 0, 2, 32.96 4376 90109
1601782215, 0, 0, 296, 296, 2, 6.68%, 0, 0, 2, 31.12 4378 98315
1601782220, 0, 0, 297, 297, 2, 6.68%, 0, 0, 2, 31.32 4379 98476
1601782230, 0, 0, 298, 298, 2, 6.68%, 0, 0, 2, 30.64 4379 98795
1601782512, 0, 0, 299, 299, 2, 6.68%, 0, 0, 2, 25.49 4379 106248
1601782517, 0, 0, 300, 300, 2, 6.68%, 0, 0, 2, 25.18 4379 106376
1601782671, 0, 0, 301, 301, 2, 6.68%, 0, 0, 2, 30.79 4379 110415
1601782676, 0, 0, 302, 302, 2, 6.68%, 0, 0, 2, 31.48 4379 110577
1601782681, 0, 0, 303, 303, 2, 6.68%, 0, 0, 2, 32.27 4379 110743
1601782686, 0, 0, 304, 304, 2, 6.69%, 0, 0, 2, 32.70 4383 110909
1601782691, 0, 0, 305, 305, 2, 6.69%, 0, 0, 2, 33.23 4383 111077
1601782706, 0, 0, 306, 306, 2, 6.69%, 0, 0, 2, 31.73 4383 111565
1601782722, 0, 0, 307, 307, 2, 6.69%, 0, 0, 2, 32.96 4383 112068
1601782732, 0, 0, 309, 309, 2, 6.69%, 0, 0, 2, 32.12 4383 112399
1601782742, 0, 0, 310, 310, 2, 6.69%, 0, 0, 2, 32.54 4383 112724
1601782747, 0, 0, 311, 311, 2, 6.69%, 0, 0, 2, 32.64 4383 112891
1601782752, 0, 0, 312, 312, 2, 6.69%, 0, 0, 2, 33.11 4384 113058
1601782762, 0, 0, 313, 313, 2, 6.69%, 0, 0, 2, 32.62 4384 113393
1601782773, 0, 0, 314, 314, 2, 6.69%, 0, 0, 2, 32.93 4384 113730
1601782798, 0, 0, 315, 315, 2, 6.69%, 0, 0, 2, 33.00 4384 114566
1601782803, 0, 0, 316, 316, 2, 6.69%, 0, 0, 2, 32.66 4384 114732
1601782813, 0, 0, 317, 317, 2, 6.69%, 0, 0, 2, 33.18 4384 115068
1601782823, 0, 0, 318, 318, 2, 6.69%, 0, 0, 2, 32.59 4384 115398
1601782839, 0, 0, 319, 319, 2, 6.69%, 0, 0, 2, 32.20 4384 115898
1601782849, 0, 0, 320, 320, 2, 6.69%, 0, 0, 2, 32.77 4384 116233
1601782854, 0, 0, 322, 322, 2, 6.69%, 0, 0, 2, 32.75 4385 116401
1601782879, 0, 0, 323, 323, 2, 6.69%, 0, 0, 2, 32.94 4385 117225
1601782946, 0, 0, 324, 324, 2, 6.69%, 0, 0, 2, 32.54 4385 119396
1601782956, 0, 2, 324, 323, 135, 6.69%, 0, 0, 2, 33.84 4385 119736
1601782996, 0, 2, 325, 324, 135, 6.69%, 0, 0, 2, 34.43 4385 121126
1601783007, 0, 2, 326, 325, 135, 6.69%, 0, 0, 2, 34.38 4385 121464
1601783022, 0, 4, 326, 324, 135, 6.69%, 0, 0, 2, 34.60 4385 121989
1601783870, 0, 6, 326, 323, 134, 6.69%, 0, 0, 2, 34.93 4385 151270
1601784129, 0, 6, 327, 324, 134, 6.69%, 0, 0, 3, 34.69 4385 160255
1601784230, 0, 7, 327, 323, 133, 6.69%, 0, 0, 3, 34.49 4385 163753
1601784301, 0, 9, 327, 322, 132, 6.69%, 0, 0, 3, 34.62 4385 166198
1601784352, 0, 13, 327, 321, 131, 6.69%, 0, 0, 3, 34.79 4385 167948
1601785219, 0, 14, 327, 320, 130, 6.69%, 0, 0, 3, 34.70 4385 197388
1601786089, 0, 20, 327, 319, 129, 6.69%, 0, 0, 3, 34.81 4385 226867
1601787002, 0, 21, 327, 318, 128, 6.69%, 0, 0, 3, 34.92 4385 257684
1601787861, 0, 21, 328, 319, 128, 6.69%, 0, 0, 3, 34.28 4385 286735
1601787912, 0, 22, 328, 318, 127, 6.69%, 0, 0, 3, 34.13 4385 288479
1601788821, 0, 23, 328, 317, 126, 6.69%, 0, 0, 3, 33.86 4385 319244
1601789350, 0, 23, 329, 318, 126, 6.69%, 0, 0, 3, 34.14 4386 337061
1601789736, 0, 27, 329, 317, 126, 6.69%, 0, 0, 3, 34.36 4386 350057
1601790651, 0, 28, 329, 316, 125, 6.69%, 0, 0, 3, 34.54 4386 380979
1601790667, 0, 28, 330, 317, 125, 6.69%, 0, 0, 3, 30.85 4386 381495
1601790881, 0, 28, 332, 319, 125, 6.69%, 0, 0, 3, 25.92 4386 387067
1601790886, 0, 28, 334, 321, 125, 6.69%, 0, 0, 3, 25.08 4386 387197
1601791774, 0, 28, 335, 322, 125, 6.69%, 0, 0, 3, 27.18 4386 410088
1601793697, 0, 28, 337, 324, 125, 6.69%, 0, 0, 3, 25.77 4386 462201
1601793717, 0, 28, 338, 325, 125, 6.69%, 0, 0, 3, 24.88 4386 462711
1601794497, 0, 28, 339, 326, 125, 6.69%, 0, 0, 3, 24.60 4386 484566
1601794660, 0, 28, 340, 327, 125, 6.69%, 0, 0, 3, 29.19 4386 488824
1601794680, 0, 28, 341, 328, 125, 6.69%, 0, 0, 3, 32.81 4386 489496
1601794737, 0, 28, 342, 329, 125, 6.69%, 0, 0, 3, 30.75 4386 491314
1601794783, 0, 28, 343, 330, 125, 6.69%, 0, 0, 3, 32.36 4386 492805
1601794788, 0, 28, 344, 331, 125, 6.69%, 0, 0, 3, 31.97 4386 492970
1601794793, 0, 28, 345, 332, 125, 6.69%, 0, 0, 3, 32.05 4386 493134
1601794839, 0, 28, 346, 333, 125, 6.69%, 0, 0, 3, 32.24 4386 494632
1601794854, 0, 28, 347, 334, 125, 6.69%, 0, 0, 3, 32.09 4386 495127
1601794880, 0, 28, 348, 335, 125, 6.69%, 0, 0, 3, 32.22 4386 495960
1601794885, 0, 28, 349, 336, 125, 6.69%, 0, 0, 3, 32.31 4386 496127
1601794890, 0, 28, 350, 337, 125, 6.69%, 0, 0, 3, 32.11 4386 496291
1601794947, 0, 28, 351, 338, 125, 6.69%, 0, 0, 3, 33.13 4386 498127
1601794997, 0, 28, 352, 339, 125, 6.69%, 0, 0, 3, 32.54 4386 499824
1601795033, 0, 28, 353, 340, 125, 6.69%, 0, 0, 3, 32.82 4386 500993
1601795038, 0, 28, 354, 341, 125, 6.69%, 0, 0, 3, 32.04 4386 501158
1601795043, 0, 31, 354, 340, 124, 6.69%, 0, 0, 3, 33.63 4386 501333
1601795949, 0, 35, 354, 339, 123, 6.69%, 0, 0, 3, 34.14 4386 532005
1601796807, 0, 35, 356, 341, 123, 6.70%, 0, 0, 3, 33.71 4389 561024
1601796986, 0, 36, 356, 340, 124, 6.70%, 0, 0, 3, 34.05 4389 567035
1601797012, 0, 36, 358, 342, 124, 6.70%, 0, 0, 3, 27.71 4392 567847
1601797042, 0, 36, 359, 343, 124, 6.70%, 0, 0, 3, 27.24 4392 568711
1601797047, 0, 36, 360, 344, 124, 6.70%, 0, 0, 3, 27.46 4392 568852
1601797221, 0, 36, 361, 345, 124, 6.70%, 0, 0, 3, 26.12 4392 573295
1601797226, 0, 36, 362, 346, 124, 6.70%, 0, 0, 3, 25.88 4392 573428
1601797344, 0, 36, 363, 347, 124, 6.70%, 0, 0, 3, 28.55 4392 576378
1601798096, 0, 36, 364, 348, 124, 6.70%, 0, 0, 3, 31.57 4392 596158
1601799579, 0, 36, 365, 349, 124, 6.70%, 0, 0, 3, 28.46 4394 636780
1601800105, 0, 36, 367, 351, 124, 6.70%, 0, 0, 3, 25.60 4394 651215
1601800945, 0, 36, 368, 352, 124, 6.70%, 0, 0, 3, 32.42 4394 675223
1601800976, 0, 36, 369, 353, 124, 6.70%, 0, 0, 3, 34.87 4394 676263
1601801032, 0, 37, 369, 352, 123, 6.70%, 0, 0, 3, 34.35 4394 678158
1601801952, 0, 39, 369, 351, 122, 6.70%, 0, 0, 3, 35.10 4394 710080
1601802781, 0, 39, 370, 352, 122, 6.70%, 0, 0, 3, 34.58 4394 738812
1601802786, 0, 39, 371, 353, 122, 6.71%, 0, 0, 3, 34.80 4395 738989
1601802920, 0, 39, 374, 356, 122, 6.72%, 0, 0, 3, 33.77 4401 743542
1601802945, 0, 41, 374, 355, 123, 6.72%, 0, 0, 3, 35.19 4401 744427
1601803941, 0, 46, 374, 354, 122, 6.72%, 0, 0, 3, 35.59 4401 778706
1601803972, 0, 46, 375, 355, 122, 6.72%, 0, 0, 3, 30.45 4401 779708
1601804171, 0, 46, 376, 356, 122, 6.72%, 0, 0, 3, 26.91 4401 785082
1601804986, 0, 46, 377, 357, 122, 6.72%, 0, 0, 3, 29.30 4401 806598
1601804996, 0, 46, 378, 358, 122, 6.72%, 0, 0, 3, 28.06 4401 806891
1601806491, 0, 46, 379, 359, 122, 6.72%, 0, 0, 3, 29.96 4401 848520
1601807830, 0, 46, 380, 360, 122, 6.72%, 0, 0, 3, 33.54 4401 886934
1601807865, 0, 47, 380, 359, 121, 6.72%, 0, 0, 3, 34.31 4401 888152
1601808835, 0, 47, 381, 360, 121, 6.72%, 0, 0, 3, 35.07 4403 921996
1601808866, 0, 48, 381, 359, 121, 6.72%, 0, 0, 3, 35.65 4403 923090
1601808891, 0, 48, 383, 361, 121, 6.72%, 0, 0, 3, 30.23 4407 923917
1601808958, 0, 48, 384, 362, 121, 6.72%, 0, 0, 3, 28.04 4407 925754
1601809106, 0, 48, 385, 363, 121, 6.72%, 0, 0, 3, 26.03 4407 929616
1601812745, 0, 49, 385, 362, 121, 6.72%, 0, 0, 3, 34.20 4407 1031697
1601813743, 0, 51, 385, 361, 120, 6.72%, 0, 0, 3, 35.00 4407 1066162
1601813764, 0, 51, 386, 362, 120, 6.73%, 0, 0, 3, 34.61 4408 1066879
1601814009, 0, 51, 387, 363, 120, 6.73%, 0, 0, 3, 34.84 4408 1075407
1601814624, 0, 51, 388, 364, 120, 6.73%, 0, 0, 3, 34.45 4408 1096639
1601814731, 0, 53, 388, 363, 121, 6.73%, 0, 0, 3, 34.85 4408 1100378
1601815730, 0, 57, 388, 362, 121, 6.73%, 0, 0, 3, 35.54 4408 1134848
1601816996, 0, 61, 388, 361, 120, 6.73%, 0, 0, 3, 33.86 4408 1178113
1601818034, 0, 62, 388, 360, 119, 6.73%, 0, 0, 3, 35.45 4408 1213935
1601819074, 0, 63, 388, 359, 118, 6.73%, 0, 0, 3, 34.95 4408 1249771
1601820115, 0, 66, 388, 358, 118, 6.73%, 0, 0, 3, 35.56 4408 1285678
1601821063, 0, 66, 389, 359, 118, 6.73%, 0, 0, 3, 33.94 4409 1317647
1601821216, 0, 69, 389, 358, 118, 6.73%, 0, 0, 3, 33.97 4409 1322745
1601822324, 0, 71, 389, 357, 117, 6.73%, 0, 0, 3, 33.73 4409 1359596
1601822354, 0, 71, 390, 358, 117, 6.73%, 0, 0, 3, 32.69 4409 1360626
1601823443, 0, 72, 390, 357, 116, 6.73%, 0, 0, 3, 33.73 4409 1396723
1601824547, 0, 73, 390, 356, 115, 6.73%, 0, 0, 3, 33.56 4409 1433723
1601824578, 0, 73, 391, 357, 115, 6.73%, 0, 0, 3, 28.33 4409 1434686
1601824910, 0, 73, 392, 358, 115, 6.73%, 0, 0, 3, 28.75 4409 1443151
1601828565, 0, 75, 392, 357, 114, 6.73%, 0, 0, 3, 33.12 4409 1542323
1601828600, 0, 75, 393, 358, 114, 6.73%, 0, 0, 3, 26.13 4409 1543411
1601829756, 0, 75, 394, 359, 114, 6.76%, 0, 0, 3, 28.51 4432 1573451
1601832590, 0, 76, 394, 358, 114, 6.76%, 0, 0, 3, 34.20 4432 1651079
1601836619, 0, 77, 394, 357, 113, 6.76%, 0, 0, 3, 33.58 4432 1759709
1601836654, 0, 77, 395, 358, 113, 6.76%, 0, 0, 3, 27.50 4432 1760783
1601836670, 0, 77, 396, 359, 113, 6.76%, 0, 0, 3, 28.42 4432 1761204
1601837804, 0, 77, 397, 360, 113, 6.76%, 0, 0, 3, 27.65 4432 1790621
1601840618, 0, 77, 398, 361, 113, 6.76%, 0, 0, 3, 30.86 4432 1867663
1601840628, 0, 77, 399, 362, 113, 6.76%, 0, 0, 3, 31.91 4432 1867994
1601840664, 0, 77, 400, 363, 113, 6.76%, 0, 0, 3, 31.94 4432 1869155
1601840803, 0, 94, 400, 362, 112, 6.76%, 0, 0, 3, 32.93 4432 1873658
1601841008, 0, 94, 401, 363, 112, 6.76%, 0, 0, 3, 29.60 4432 1879859
1601841013, 0, 94, 402, 364, 112, 6.76%, 0, 0, 3, 29.62 4432 1880014
1601841422, 0, 94, 403, 365, 112, 6.76%, 0, 0, 3, 30.69 4433 1892340
1601841724, 0, 94, 404, 366, 112, 6.76%, 0, 0, 3, 31.33 4433 1901411
1601841821, 0, 94, 405, 367, 112, 6.76%, 0, 0, 3, 31.32 4433 1904445
1601843677, 0, 95, 405, 366, 112, 6.76%, 0, 0, 3, 33.81 4433 1961627
1601844296, 0, 95, 406, 367, 112, 6.77%, 0, 0, 3, 30.40 4434 1980278
1601846556, 0, 98, 406, 366, 112, 6.77%, 0, 0, 3, 33.77 4434 2049723
1601847171, 0, 98, 407, 367, 112, 6.77%, 0, 0, 3, 30.60 4435 2068265
1601849457, 0, 99, 407, 366, 112, 6.77%, 0, 0, 3, 33.86 4435 2138488
1601849518, 0, 99, 408, 367, 112, 6.77%, 0, 0, 3, 27.09 4435 2140255
1601850178, 0, 99, 409, 368, 112, 6.79%, 0, 0, 3, 26.90 4453 2157135
1601852531, 0, 99, 410, 369, 112, 6.79%, 0, 0, 3, 24.96 4453 2220339
1601853494, 0, 99, 411, 370, 112, 6.79%, 0, 0, 3, 31.47 4453 2247097
1601853540, 0, 100, 411, 369, 112, 6.79%, 0, 0, 3, 33.94 4453 2248596
1601854158, 0, 100, 412, 370, 112, 6.80%, 0, 0, 3, 30.26 4454 2267175
1601856447, 0, 102, 412, 369, 112, 6.80%, 0, 0, 3, 33.58 4454 2337444
1601857065, 0, 102, 413, 370, 112, 6.80%, 0, 0, 3, 30.31 4455 2356013
1601859360, 0, 103, 413, 369, 112, 6.80%, 0, 0, 3, 33.85 4455 2426232
1601859983, 0, 103, 414, 370, 112, 6.80%, 0, 0, 3, 29.58 4456 2444934
1601862270, 0, 104, 414, 369, 112, 6.80%, 0, 0, 3, 33.46 4456 2515167
1601862888, 0, 104, 415, 370, 112, 6.80%, 0, 0, 3, 30.52 4457 2533783
