# unix_time, cycles_done, cur_path, paths_total, pending_total, pending_favs, map_size, unique_crashes, unique_hangs, max_depth, execs_per_sec, edge_coverage, total_execs
1601583275, 0, 0, 1, 1, 1, 4.72%, 0, 0, 1, 216.22 0 8
1601583280, 0, 0, 43, 43, 1, 5.05%, 0, 0, 2, 241.29 3308 1291
1601583285, 0, 0, 46, 46, 1, 5.07%, 0, 0, 2, 239.00 3325 2511
1601583290, 0, 0, 51, 51, 1, 5.08%, 0, 0, 2, 236.26 3329 3711
1601583295, 0, 0, 54, 54, 1, 5.09%, 0, 0, 2, 234.74 3333 4914
1601583306, 0, 0, 57, 57, 1, 5.12%, 0, 0, 2, 233.11 3357 7310
1601583311, 0, 0, 62, 62, 1, 5.16%, 0, 0, 2, 233.64 3382 8502
1601583316, 0, 0, 63, 63, 1, 5.16%, 0, 0, 2, 235.42 3382 9701
1601583326, 0, 0, 64, 64, 1, 5.16%, 0, 0, 2, 227.71 3382 12051
1601583331, 0, 0, 66, 66, 1, 5.17%, 0, 0, 2, 226.43 3388 13138
1601583336, 0, 0, 68, 68, 1, 5.17%, 0, 0, 2, 232.54 3390 14340
1601583341, 0, 0, 69, 69, 1, 5.17%, 0, 0, 2, 234.54 3390 15535
1601583346, 0, 1, 70, 69, 40, 5.17%, 0, 0, 3, 235.83 3390 16732
1601583448, 0, 1, 71, 70, 40, 5.17%, 0, 0, 3, 235.53 3390 40593
1601583463, 0, 2, 72, 70, 39, 5.17%, 0, 0, 3, 235.94 3390 44068
1601583581, 0, 3, 73, 70, 38, 5.18%, 0, 0, 3, 235.80 3395 71634
1601583586, 0, 3, 74, 71, 38, 5.18%, 0, 0, 3, 236.65 3396 72838
1601583591, 0, 4, 74, 70, 39, 5.18%, 0, 0, 3, 236.44 3396 74038
1601583606, 0, 6, 74, 69, 38, 5.18%, 0, 0, 3, 235.38 3396 77646
1601583616, 0, 8, 74, 68, 37, 5.18%, 0, 0, 3, 235.82 3396 80048
1601583626, 0, 8, 75, 69, 37, 5.19%, 0, 0, 3, 235.54 3400 82440
1601583642, 0, 8, 76, 70, 37, 5.19%, 0, 0, 3, 235.00 3401 86024
1601583652, 0, 10, 76, 69, 37, 5.19%, 0, 0, 3, 236.40 3401 88425
1601583657, 0, 10, 77, 70, 37, 5.20%, 0, 0, 3, 236.19 3405 89625
1601583667, 0, 10, 78, 71, 37, 5.23%, 0, 0, 3, 235.36 3426 92021
1601583769, 0, 13, 78, 70, 37, 5.23%, 0, 0, 3, 235.12 3426 115956
1601583774, 0, 13, 79, 71, 37, 5.23%, 0, 0, 3, 234.09 3428 117156
1601583820, 0, 15, 79, 70, 37, 5.23%, 0, 0, 3, 235.69 3428 127967
1601583866, 0, 15, 80, 71, 37, 5.23%, 0, 0, 3, 235.76 3428 138780
1601583871, 0, 15, 82, 73, 37, 5.24%, 0, 0, 3, 236.09 3435 139992
1601583877, 0, 15, 83, 74, 37, 5.24%, 0, 0, 3, 235.33 3436 141192
1601583882, 0, 15, 84, 75, 37, 5.24%, 0, 0, 3, 236.09 3436 142392
1601583892, 0, 15, 85, 76, 37, 5.24%, 0, 0, 3, 236.24 3436 144792
1601583897, 0, 15, 86, 77, 37, 5.24%, 0, 0, 3, 236.13 3436 145992
1601583902, 0, 15, 87, 78, 37, 5.24%, 0, 0, 3, 235.14 3436 147200
1601583922, 0, 15, 88, 79, 37, 5.24%, 0, 0, 3, 235.36 3436 152000
1601583943, 0, 15, 89, 80, 37, 5.24%, 0, 0, 3, 234.03 3437 156796
1601583963, 0, 15, 90, 81, 37, 5.24%, 0, 0, 3, 230.54 3437 161376
1601583968, 0, 15, 91, 82, 37, 5.24%, 0, 0, 3, 226.44 3437 162548
1601583989, 0, 15, 92, 83, 37, 5.25%, 0, 0, 3, 234.08 3443 167288
1601584009, 0, 16, 93, 83, 40, 5.25%, 0, 0, 3, 229.10 3443 172053
1601584066, 0, 16, 95, 85, 40, 5.25%, 0, 0, 3, 235.86 3443 185223
1601584081, 0, 17, 95, 84, 39, 5.25%, 0, 0, 3, 221.64 3443 188740
1601584132, 0, 17, 96, 85, 39, 5.25%, 0, 0, 3, 235.09 3443 200580
1601584137, 0, 21, 96, 84, 38, 5.25%, 0, 0, 3, 234.20 3443 201780
1601584188, 0, 21, 97, 85, 38, 5.26%, 0, 0, 3, 235.44 3445 213741
1601584198, 0, 21, 98, 86, 38, 5.26%, 0, 0, 3, 234.82 3445 216129
1601584204, 0, 22, 103, 90, 38, 6.22%, 0, 0, 3, 232.16 4076 217322
1601584219, 0, 22, 104, 91, 38, 6.22%, 0, 0, 3, 233.85 4076 220921
1601584234, 0, 22, 105, 92, 38, 6.22%, 0, 0, 3, 233.41 4077 224517
1601584255, 0, 22, 106, 93, 38, 6.22%, 0, 0, 3, 232.89 4077 229265
1601584265, 0, 23, 106, 92, 42, 6.22%, 0, 0, 3, 233.40 4077 231661
1601584322, 0, 23, 107, 93, 42, 6.22%, 0, 0, 3, 234.42 4077 244742
1601584332, 0, 25, 107, 92, 41, 6.22%, 0, 0, 3, 225.91 4077 247090
1601584368, 0, 25, 109, 94, 41, 6.22%, 0, 0, 3, 228.03 4079 255446
1601584393, 0, 25, 110, 95, 41, 6.22%, 0, 0, 3, 230.01 4079 261320
1601584409, 0, 26, 110, 94, 43, 6.22%, 0, 0, 3, 234.57 4079 264920
1601584465, 0, 28, 110, 93, 42, 6.22%, 0, 0, 3, 235.59 4079 278092
1601584527, 0, 28, 113, 96, 42, 6.25%, 0, 0, 3, 234.99 4098 292444
1601584532, 0, 28, 115, 98, 42, 6.25%, 0, 0, 3, 235.08 4099 293646
1601584537, 0, 30, 115, 97, 44, 6.25%, 0, 0, 3, 235.85 4099 294847
1601584598, 0, 32, 115, 96, 43, 6.25%, 0, 0, 3, 233.30 4099 309203
1601584608, 0, 32, 116, 97, 43, 6.26%, 0, 0, 3, 230.64 4100 311511
1601584629, 0, 32, 117, 98, 43, 6.26%, 0, 0, 3, 234.07 4101 316270
1601584665, 0, 32, 118, 99, 43, 6.26%, 0, 0, 3, 232.55 4101 324565
1601584670, 0, 33, 118, 98, 44, 6.26%, 0, 0, 3, 225.51 4101 325746
1601584721, 0, 33, 119, 99, 44, 6.26%, 0, 0, 3, 232.21 4103 337715
1601584732, 0, 34, 119, 98, 44, 6.26%, 0, 0, 3, 234.40 4103 340098
1601584788, 0, 34, 120, 99, 44, 6.27%, 0, 0, 3, 235.23 4109 353268
1601584798, 0, 35, 120, 98, 44, 6.27%, 0, 0, 3, 235.72 4109 355668
1601584803, 0, 35, 122, 100, 44, 6.28%, 0, 0, 3, 234.85 4113 356872
1601584864, 0, 36, 122, 99, 45, 6.28%, 0, 0, 3, 231.65 4113 371156
1601584926, 0, 36, 123, 100, 45, 6.31%, 0, 0, 3, 231.54 4135 385404
1601584931, 0, 38, 123, 99, 44, 6.31%, 0, 0, 3, 235.18 4135 386605
1601584936, 0, 38, 125, 101, 44, 6.31%, 0, 0, 3, 234.97 4138 387805
1601584967, 0, 38, 126, 102, 44, 6.32%, 0, 0, 3, 232.13 4139 394898
1601584998, 0, 42, 126, 101, 45, 6.32%, 0, 0, 3, 235.09 4139 402059
1601585064, 0, 43, 128, 102, 44, 6.45%, 0, 0, 3, 234.33 4225 417628
1601585069, 0, 43, 129, 103, 44, 6.45%, 0, 0, 3, 233.78 4226 418814
1601585074, 0, 45, 131, 104, 46, 6.45%, 0, 0, 3, 235.06 4226 420011
1601585192, 0, 49, 131, 103, 45, 6.45%, 0, 0, 3, 232.33 4226 447450
1601585248, 0, 49, 132, 104, 45, 6.46%, 0, 0, 3, 231.97 4234 460606
1601585258, 0, 52, 132, 103, 45, 6.46%, 0, 0, 3, 234.70 4234 463010
1601585314, 0, 53, 132, 102, 44, 6.46%, 0, 0, 3, 228.78 4234 476023
1601585376, 0, 56, 132, 101, 43, 6.46%, 0, 0, 3, 235.13 4234 490302
1601585381, 0, 56, 133, 102, 43, 6.46%, 0, 0, 3, 235.22 4235 491501
1601585493, 0, 58, 133, 101, 42, 6.46%, 0, 0, 3, 234.00 4235 517724
1601585544, 0, 58, 134, 102, 42, 6.47%, 0, 0, 3, 234.68 4241 529654
1601585560, 0, 59, 134, 101, 42, 6.47%, 0, 0, 3, 228.64 4241 533196
1601585621, 0, 60, 134, 100, 41, 6.47%, 0, 0, 3, 233.00 4241 547436
1601585626, 0, 60, 135, 101, 41, 6.47%, 0, 0, 3, 234.29 4242 548636
1601585637, 0, 60, 136, 102, 41, 6.47%, 0, 0, 3, 234.46 4242 551036
1601585642, 0, 60, 138, 104, 41, 6.48%, 0, 0, 3, 232.70 4244 552231
1601585688, 0, 61, 138, 103, 41, 6.48%, 0, 0, 3, 233.09 4244 563021
1601585693, 0, 61, 139, 104, 41, 6.48%, 0, 0, 3, 231.04 4248 564209
1601585698, 0, 61, 141, 106, 41, 6.48%, 0, 0, 3, 232.98 4249 565393
1601585749, 0, 61, 142, 107, 41, 6.48%, 0, 0, 3, 236.08 4250 577333
1601585759, 0, 64, 142, 106, 44, 6.48%, 0, 0, 3, 236.04 4250 579710
1601585800, 0, 67, 142, 105, 43, 6.48%, 0, 0, 3, 235.73 4250 589257
1601585831, 0, 67, 143, 106, 43, 6.50%, 0, 0, 3, 233.95 4257 596440
1601585856, 0, 67, 146, 109, 43, 6.51%, 0, 0, 3, 229.84 4265 602309
1601585861, 0, 67, 147, 110, 43, 6.51%, 0, 0, 3, 234.65 4265 603512
1601585867, 0, 70, 148, 110, 47, 6.51%, 0, 0, 4, 233.83 4265 604707
1601585892, 0, 70, 150, 112, 47, 6.51%, 0, 0, 4, 237.25 4265 610715
1601585907, 0, 72, 150, 111, 48, 6.51%, 0, 0, 4, 236.71 4265 614301
1601585917, 0, 73, 150, 110, 47, 6.51%, 0, 0, 4, 237.32 4265 616711
1601585928, 0, 74, 150, 109, 46, 6.51%, 0, 0, 4, 231.39 4265 619044
1601585963, 0, 74, 151, 110, 46, 6.51%, 0, 0, 4, 236.34 4265 627347
1601585969, 0, 75, 151, 109, 45, 6.51%, 0, 0, 4, 234.97 4265 628524
1601586009, 0, 76, 154, 111, 44, 6.51%, 0, 0, 4, 235.61 4266 638103
1601586121, 0, 76, 155, 112, 44, 6.51%, 0, 0, 4, 236.00 4266 664244
1601586132, 0, 76, 156, 113, 44, 6.51%, 0, 0, 4, 236.32 4266 666636
1601586142, 0, 78, 156, 112, 44, 6.51%, 0, 0, 4, 231.77 4266 669017
1601586193, 0, 81, 156, 111, 43, 6.51%, 0, 0, 4, 234.41 4266 680979
1601586270, 0, 81, 157, 112, 43, 6.51%, 0, 0, 4, 225.39 4266 698799
1601586275, 0, 81, 158, 113, 43, 6.51%, 0, 0, 4, 227.19 4268 699971
1601586280, 0, 81, 159, 114, 43, 6.52%, 0, 0, 4, 228.26 4270 701155
1601586285, 0, 81, 160, 115, 43, 6.52%, 0, 0, 4, 234.02 4270 702355
1601586306, 0, 81, 161, 116, 43, 6.52%, 0, 0, 4, 234.58 4271 707023
1601586316, 0, 81, 162, 117, 43, 6.52%, 0, 0, 4, 236.98 4271 709423
1601586397, 0, 81, 163, 118, 43, 6.52%, 0, 0, 4, 236.57 4271 728411
1601586408, 0, 82, 163, 117, 44, 6.52%, 0, 0, 4, 235.83 4271 730795
1601586413, 0, 82, 164, 118, 44, 6.52%, 0, 0, 4, 235.07 4271 731994
1601586479, 0, 91, 168, 121, 43, 6.52%, 0, 0, 4, 233.42 4273 747347
1601586489, 0, 91, 169, 122, 43, 6.52%, 0, 0, 4, 233.73 4274 749743
1601586510, 0, 91, 171, 124, 43, 6.52%, 0, 0, 4, 232.95 4275 754492
1601586566, 0, 99, 171, 123, 44, 6.52%, 0, 0, 4, 230.06 4275 767618
1601586633, 0, 102, 175, 126, 43, 6.53%, 0, 0, 4, 231.89 4277 782952
1601586643, 0, 102, 176, 127, 43, 6.53%, 0, 0, 4, 231.76 4278 785312
1601586684, 0, 102, 177, 128, 43, 6.53%, 0, 0, 4, 235.99 4279 794883
1601586694, 0, 104, 177, 127, 45, 6.53%, 0, 0, 4, 232.57 4279 797273
1601586699, 0, 104, 178, 128, 45, 6.53%, 0, 0, 4, 225.91 4279 798397
1601586704, 0, 104, 179, 129, 45, 6.53%, 0, 0, 4, 227.77 4281 799589
1601586730, 0, 104, 180, 130, 45, 6.53%, 0, 0, 4, 234.27 4281 805364
1601586761, 0, 107, 180, 129, 44, 6.53%, 0, 0, 4, 233.68 4281 812528
1601586817, 0, 108, 180, 128, 43, 6.53%, 0, 0, 4, 232.44 4281 825676
1601586853, 0, 108, 181, 129, 43, 6.53%, 0, 0, 4, 231.58 4282 833970
1601586883, 0, 108, 182, 130, 43, 6.54%, 0, 0, 4, 228.78 4283 841035
1601586889, 0, 112, 182, 129, 44, 6.54%, 0, 0, 4, 234.28 4283 842232
1601586894, 0, 112, 183, 130, 44, 6.54%, 0, 0, 4, 222.15 4284 843364
1601586970, 0, 114, 184, 130, 44, 6.54%, 0, 0, 4, 234.06 4284 861246
1601587001, 0, 114, 185, 131, 44, 6.54%, 0, 0, 4, 231.14 4285 868389
1601587027, 0, 115, 185, 130, 44, 6.54%, 0, 0, 4, 235.71 4285 874339
1601587098, 0, 116, 185, 129, 43, 6.54%, 0, 0, 4, 236.62 4285 890953
1601587175, 0, 118, 185, 128, 42, 6.54%, 0, 0, 4, 235.13 4285 908696
1601587246, 0, 119, 185, 127, 41, 6.54%, 0, 0, 4, 236.01 4285 925337
1601587318, 0, 120, 185, 126, 40, 6.54%, 0, 0, 4, 235.89 4285 942131
1601587384, 0, 121, 185, 125, 39, 6.54%, 0, 0, 4, 235.76 4285 957694
1601587446, 0, 122, 185, 124, 38, 6.54%, 0, 0, 4, 236.51 4285 972070
1601587451, 0, 122, 189, 128, 38, 6.55%, 0, 0, 4, 222.02 4293 973183
1601587456, 0, 122, 196, 135, 38, 6.62%, 0, 0, 4, 227.53 4336 974331
1601587461, 0, 122, 197, 136, 38, 6.62%, 0, 0, 4, 228.33 4337 975483
1601587466, 0, 122, 198, 137, 38, 6.62%, 0, 0, 4, 228.98 4339 976630
1601587476, 0, 122, 203, 142, 38, 6.63%, 0, 0, 4, 231.82 4345 978962
1601587481, 0, 122, 206, 145, 38, 6.63%, 0, 0, 4, 229.46 4345 980110
1601587491, 0, 122, 207, 146, 38, 7.16%, 0, 0, 4, 232.36 4692 982453
1601587522, 0, 122, 209, 148, 38, 7.16%, 0, 0, 4, 231.84 4692 989382
1601587537, 0, 123, 210, 148, 47, 7.16%, 0, 0, 4, 233.05 4692 992920
1601587573, 0, 123, 211, 149, 47, 7.16%, 0, 0, 4, 229.65 4694 1001209
1601587604, 0, 124, 212, 149, 47, 7.16%, 0, 0, 4, 223.11 4694 1008275
1601587634, 0, 124, 213, 150, 47, 7.16%, 0, 0, 4, 231.63 4695 1015319
1601587670, 0, 125, 214, 150, 47, 7.17%, 0, 0, 4, 233.95 4696 1023547
1601587747, 0, 126, 214, 149, 47, 7.17%, 0, 0, 4, 230.95 4696 1041391
1601587757, 0, 127, 214, 148, 46, 7.17%, 0, 0, 4, 228.14 4696 1043719
1601587767, 0, 128, 215, 148, 45, 7.17%, 0, 0, 4, 237.08 4696 1046129
1601587777, 0, 131, 215, 147, 45, 7.17%, 0, 0, 4, 228.26 4696 1048492
1601587813, 0, 131, 216, 148, 45, 7.17%, 0, 0, 4, 235.28 4696 1056759
1601587854, 0, 133, 216, 147, 45, 7.17%, 0, 0, 4, 232.36 4696 1066183
1601587925, 0, 136, 216, 146, 44, 7.17%, 0, 0, 4, 228.13 4696 1082608
1601588002, 0, 139, 216, 145, 43, 7.17%, 0, 0, 4, 236.69 4696 1100502
1601588068, 0, 140, 216, 144, 42, 7.17%, 0, 0, 4, 231.19 4696 1115871
1601588135, 0, 141, 216, 143, 41, 7.17%, 0, 0, 4, 233.94 4696 1131393
1601588201, 0, 142, 216, 142, 40, 7.17%, 0, 0, 4, 235.58 4696 1146764
1601588268, 0, 143, 216, 141, 39, 7.17%, 0, 0, 4, 234.24 4696 1162143
1601588334, 0, 144, 216, 140, 38, 7.17%, 0, 0, 4, 229.44 4696 1177439
1601588401, 0, 145, 216, 139, 37, 7.17%, 0, 0, 4, 235.49 4696 1192801
1601588467, 0, 146, 217, 139, 36, 7.17%, 0, 0, 4, 235.67 4696 1208369
1601588539, 0, 147, 217, 138, 36, 7.17%, 0, 0, 4, 237.24 4696 1225002
1601588559, 0, 147, 218, 139, 36, 7.17%, 0, 0, 5, 236.16 4696 1229801
1601588579, 0, 149, 219, 139, 35, 7.17%, 0, 0, 5, 237.16 4696 1234610
1601588610, 0, 149, 220, 140, 35, 7.17%, 0, 0, 5, 230.88 4696 1241694
1601588615, 0, 149, 221, 141, 35, 7.17%, 0, 0, 5, 235.18 4696 1242890
1601588620, 0, 149, 222, 142, 35, 7.17%, 0, 0, 5, 227.92 4696 1244042
1601588681, 0, 151, 222, 141, 34, 7.17%, 0, 0, 5, 234.93 4696 1258343
1601588702, 0, 153, 222, 140, 33, 7.17%, 0, 0, 5, 234.74 4696 1263113
1601588824, 0, 153, 223, 141, 33, 7.17%, 0, 0, 5, 234.58 4696 1291595
1601588834, 0, 154, 223, 140, 32, 7.17%, 0, 0, 5, 235.20 4696 1293969
1601588865, 0, 158, 223, 139, 32, 7.17%, 0, 0, 5, 231.05 4696 1301084
1601588870, 0, 158, 225, 141, 32, 7.17%, 0, 0, 5, 227.15 4702 1302219
1601588880, 0, 158, 226, 142, 32, 7.18%, 0, 0, 5, 227.06 4703 1304519
1601588941, 0, 158, 227, 143, 32, 7.18%, 0, 0, 5, 228.92 4703 1318468
1601588966, 0, 163, 227, 142, 33, 7.18%, 0, 0, 5, 228.33 4703 1324313
1601589012, 0, 163, 228, 143, 33, 7.18%, 0, 0, 5, 227.30 4703 1334518
1601589042, 0, 164, 228, 142, 33, 7.18%, 0, 0, 5, 233.96 4703 1341433
1601589135, 0, 164, 230, 144, 33, 7.18%, 0, 0, 5, 235.99 4703 1362796
1601589165, 0, 167, 231, 144, 32, 7.18%, 0, 0, 5, 233.94 4703 1369941
1601589196, 0, 167, 232, 145, 32, 7.18%, 0, 0, 5, 232.12 4703 1377146
1601589252, 0, 167, 233, 146, 32, 7.18%, 0, 0, 5, 219.32 4703 1389966
1601589268, 0, 168, 235, 147, 32, 7.18%, 0, 0, 5, 232.71 4704 1393555
1601589278, 0, 168, 236, 148, 32, 7.18%, 0, 0, 5, 230.90 4704 1395903
1601589360, 0, 169, 236, 147, 31, 7.18%, 0, 0, 5, 230.62 4704 1414917
1601589448, 0, 169, 237, 148, 31, 7.18%, 0, 0, 5, 235.11 4704 1434772
1601589463, 0, 171, 237, 147, 30, 7.18%, 0, 0, 5, 233.02 4704 1438333
1601589473, 0, 171, 238, 148, 30, 7.18%, 0, 0, 5, 228.87 4705 1440701
1601589535, 0, 175, 238, 147, 30, 7.18%, 0, 0, 5, 234.20 4705 1454900
1601589601, 0, 177, 238, 146, 29, 7.18%, 0, 0, 5, 232.40 4705 1470492
1601589611, 0, 177, 239, 147, 29, 7.18%, 0, 0, 5, 227.73 4706 1472792
1601589626, 0, 177, 240, 148, 29, 7.18%, 0, 0, 5, 230.18 4706 1476235
1601589637, 0, 177, 241, 149, 29, 7.18%, 0, 0, 5, 227.31 4707 1478551
1601589667, 0, 177, 242, 150, 29, 7.18%, 0, 0, 5, 227.37 4707 1485609
1601589683, 0, 178, 242, 149, 30, 7.18%, 0, 0, 5, 232.46 4707 1489187
1601589749, 0, 180, 242, 148, 29, 7.18%, 0, 0, 5, 227.19 4707 1504652
1601589806, 0, 180, 244, 150, 29, 7.19%, 0, 0, 5, 234.19 4715 1517610
1601589821, 0, 181, 244, 149, 30, 7.19%, 0, 0, 5, 236.12 4715 1521202
1601589893, 0, 182, 244, 148, 29, 7.19%, 0, 0, 5, 232.16 4715 1537792
1601589975, 0, 184, 244, 147, 28, 7.19%, 0, 0, 5, 235.87 4715 1556835
1601590042, 0, 188, 244, 146, 27, 7.19%, 0, 0, 5, 230.50 4715 1572280
1601590133, 0, 189, 244, 145, 26, 7.19%, 0, 0, 5, 229.08 4715 1593224
1601590138, 0, 189, 246, 147, 26, 8.74%, 0, 0, 5, 226.62 5717 1594365
1601590214, 0, 189, 248, 149, 26, 8.79%, 0, 0, 5, 225.22 5763 1611610
1601590225, 0, 190, 248, 148, 27, 8.79%, 0, 0, 5, 231.10 5763 1613999
1601590240, 0, 190, 249, 149, 27, 8.80%, 0, 0, 5, 229.44 5766 1617450
1601590317, 0, 197, 249, 148, 27, 8.80%, 0, 0, 5, 230.72 5766 1634921
1601590357, 0, 197, 250, 149, 27, 8.80%, 0, 0, 5, 233.42 5766 1644255
1601590409, 0, 199, 250, 148, 27, 8.80%, 0, 0, 5, 224.26 5766 1655952
1601590449, 0, 199, 251, 149, 27, 8.80%, 0, 0, 5, 230.60 5766 1665183
1601590501, 0, 200, 251, 148, 26, 8.80%, 0, 0, 5, 230.02 5766 1676989
1601590541, 0, 200, 252, 149, 26, 8.80%, 0, 0, 5, 218.74 5768 1686124
1601590597, 0, 206, 252, 148, 26, 8.80%, 0, 0, 5, 231.18 5768 1698917
1601590602, 0, 206, 253, 149, 26, 8.80%, 0, 0, 5, 222.46 5768 1700025
1601590607, 0, 206, 254, 150, 26, 8.80%, 0, 0, 5, 225.32 5768 1701173
1601590688, 0, 210, 254, 149, 26, 8.80%, 0, 0, 5, 235.54 5768 1719785
1601590724, 0, 210, 255, 150, 26, 8.82%, 0, 0, 5, 231.75 5778 1728127
1601590760, 0, 212, 255, 149, 26, 8.82%, 0, 0, 5, 235.16 5778 1736461
1601590826, 0, 213, 255, 148, 25, 8.82%, 0, 0, 5, 232.64 5778 1752010
1601590903, 0, 214, 255, 147, 24, 8.82%, 0, 0, 5, 235.89 5778 1769955
1601590918, 0, 215, 255, 146, 23, 8.82%, 0, 0, 5, 233.80 5778 1773521
1601590923, 0, 215, 256, 147, 23, 8.82%, 0, 0, 5, 234.51 5779 1774721
1601590995, 0, 216, 256, 146, 23, 8.82%, 0, 0, 5, 236.78 5779 1791442
1601591071, 0, 223, 256, 145, 22, 8.82%, 0, 0, 5, 230.45 5779 1809355
1601591091, 0, 223, 257, 146, 22, 8.82%, 0, 0, 6, 229.19 5780 1813954
1601591162, 0, 223, 258, 147, 22, 8.82%, 0, 0, 6, 228.71 5783 1829977
1601591172, 0, 224, 258, 146, 23, 8.82%, 0, 0, 6, 231.19 5783 1832379
1601591244, 0, 224, 259, 147, 23, 8.83%, 0, 0, 6, 232.74 5784 1848707
1601591274, 0, 225, 259, 146, 23, 8.83%, 0, 0, 6, 234.12 5784 1855786
1601591356, 0, 225, 260, 147, 23, 8.83%, 0, 0, 6, 224.61 5784 1874276
1601591376, 0, 227, 260, 146, 22, 8.83%, 0, 0, 6, 226.51 5784 1878907
1601591417, 0, 227, 261, 147, 22, 8.83%, 0, 0, 6, 227.49 5786 1888054
1601591452, 0, 230, 262, 147, 22, 8.83%, 0, 0, 6, 228.91 5786 1896162
1601591488, 0, 230, 263, 148, 22, 8.83%, 0, 0, 6, 228.47 5786 1904359
1601591544, 0, 233, 263, 147, 21, 8.83%, 0, 0, 6, 232.32 5786 1917321
1601591637, 0, 237, 263, 146, 20, 8.83%, 0, 0, 6, 235.32 5786 1938684
1601591703, 0, 237, 264, 147, 20, 8.83%, 0, 0, 6, 235.42 5786 1954248
1601591719, 0, 238, 264, 146, 19, 8.83%, 0, 0, 6, 229.80 5786 1957745
1601591795, 0, 240, 264, 145, 18, 8.83%, 0, 0, 6, 223.79 5786 1975131
1601591805, 0, 240, 265, 146, 18, 8.83%, 0, 0, 6, 209.28 5786 1977271
1601591877, 0, 242, 265, 145, 18, 8.83%, 0, 0, 6, 233.39 5786 1993426
1601591907, 0, 242, 266, 146, 18, 8.83%, 0, 0, 6, 228.56 5786 2000565
1601591948, 0, 243, 266, 145, 17, 8.83%, 0, 0, 6, 229.71 5786 2010070
1601591979, 0, 243, 267, 146, 17, 8.83%, 0, 0, 6, 231.26 5787 2016993
1601591984, 0, 243, 268, 147, 17, 8.83%, 0, 0, 6, 223.31 5787 2018130
1601592030, 0, 244, 282, 160, 17, 8.83%, 0, 0, 6, 205.51 5787 2028513
1601592035, 0, 244, 293, 171, 17, 8.83%, 0, 0, 6, 183.41 5787 2029412
1601592040, 0, 244, 301, 179, 17, 8.83%, 0, 0, 6, 185.26 5789 2030339
1601592045, 0, 244, 304, 182, 17, 8.83%, 0, 0, 6, 188.21 5789 2031299
1601592050, 0, 244, 308, 186, 17, 8.83%, 0, 0, 6, 187.37 5789 2032269
1601592055, 0, 244, 309, 187, 17, 8.83%, 0, 0, 6, 189.73 5789 2033270
1601592060, 0, 244, 312, 190, 17, 8.84%, 0, 0, 6, 187.40 5791 2034205
1601592066, 0, 244, 314, 192, 17, 8.84%, 0, 0, 6, 197.69 5791 2035214
1601592071, 0, 244, 315, 193, 17, 8.84%, 0, 0, 6, 198.67 5791 2036254
1601592076, 0, 244, 319, 197, 17, 8.84%, 0, 0, 6, 187.68 5791 2037186
1601592081, 0, 244, 321, 199, 17, 8.84%, 0, 0, 6, 189.69 5791 2038138
1601592086, 0, 244, 322, 200, 17, 8.84%, 0, 0, 6, 186.93 5791 2039070
1601592091, 0, 244, 323, 201, 17, 8.84%, 0, 0, 6, 189.88 5791 2040023
1601592096, 0, 244, 326, 204, 17, 8.84%, 0, 0, 6, 186.58 5791 2040956
1601592106, 0, 244, 327, 205, 17, 8.84%, 0, 0, 6, 184.33 5791 2042803
1601592111, 0, 244, 329, 207, 17, 8.84%, 0, 0, 6, 185.64 5791 2043734
1601592116, 0, 244, 331, 209, 17, 8.84%, 0, 0, 6, 182.04 5791 2044659
1601592121, 0, 244, 332, 210, 17, 8.84%, 0, 0, 6, 183.83 5791 2045582
1601592126, 0, 244, 334, 212, 17, 8.84%, 0, 0, 6, 190.67 5795 2046573
1601592131, 0, 244, 335, 213, 17, 8.84%, 0, 0, 6, 186.85 5795 2047508
1601592136, 0, 244, 336, 214, 17, 8.84%, 0, 0, 6, 205.73 5795 2048549
1601592141, 0, 244, 337, 215, 17, 8.84%, 0, 0, 6, 192.91 5795 2049534
1601592161, 0, 244, 338, 216, 17, 8.84%, 0, 0, 6, 182.14 5795 2053319
1601592166, 0, 244, 340, 218, 17, 8.84%, 0, 0, 6, 184.21 5795 2054238
1601592171, 0, 244, 341, 219, 17, 8.84%, 0, 0, 6, 191.86 5795 2055241
1601592181, 0, 244, 342, 220, 17, 8.84%, 0, 0, 6, 196.64 5795 2057145
1601592192, 0, 244, 343, 221, 17, 8.84%, 0, 0, 6, 204.82 5795 2059159
1601592197, 0, 244, 344, 222, 17, 8.84%, 0, 0, 6, 192.08 5795 2060105
1601592207, 0, 244, 345, 223, 17, 8.84%, 0, 0, 6, 190.35 5795 2062019
1601592227, 0, 244, 347, 225, 17, 8.84%, 0, 0, 6, 186.26 5795 2065755
1601592242, 0, 244, 348, 226, 17, 8.84%, 0, 0, 6, 190.49 5795 2068742
1601592247, 0, 244, 349, 227, 17, 8.84%, 0, 0, 6, 195.66 5795 2069710
1601592252, 0, 244, 350, 228, 17, 8.84%, 0, 0, 6, 194.36 5795 2070669
1601592262, 0, 244, 351, 229, 17, 8.84%, 0, 0, 6, 184.69 5795 2072516
1601592267, 0, 244, 352, 230, 17, 8.84%, 0, 0, 6, 183.86 5795 2073433
1601592282, 0, 244, 353, 231, 17, 8.84%, 0, 0, 6, 205.11 5795 2076391
1601592287, 0, 244, 354, 232, 17, 8.85%, 0, 0, 6, 222.02 5797 2077527
1601592312, 0, 246, 354, 231, 20, 8.85%, 0, 0, 6, 199.54 5797 2083088
1601592368, 0, 246, 355, 232, 20, 8.85%, 0, 0, 6, 186.83 5797 2093645
1601592378, 0, 246, 356, 233, 20, 8.85%, 0, 0, 6, 182.00 5797 2095495
1601592393, 0, 246, 357, 234, 20, 8.85%, 0, 0, 6, 185.67 5797 2098287
1601592489, 0, 246, 358, 235, 20, 8.85%, 0, 0, 6, 187.97 5797 2116606
1601592504, 0, 246, 359, 236, 20, 8.85%, 0, 0, 6, 185.96 5797 2119383
1601592570, 0, 247, 359, 235, 19, 8.85%, 0, 0, 6, 227.34 5797 2132254
1601592575, 0, 247, 364, 240, 19, 8.85%, 0, 0, 6, 204.09 5797 2133295
1601592580, 0, 247, 368, 244, 19, 8.85%, 0, 0, 6, 200.24 5797 2134316
1601592585, 0, 247, 370, 246, 19, 8.85%, 0, 0, 6, 196.90 5797 2135337
1601592590, 0, 247, 371, 247, 19, 8.85%, 0, 0, 6, 190.61 5799 2136281
1601592616, 0, 247, 373, 249, 19, 8.85%, 0, 0, 6, 184.46 5799 2141271
1601592626, 0, 247, 374, 250, 19, 8.85%, 0, 0, 6, 196.75 5799 2143327
1601592632, 0, 247, 375, 251, 19, 8.85%, 0, 0, 6, 191.36 5799 2144316
1601592729, 0, 247, 376, 252, 19, 8.85%, 0, 0, 6, 198.73 5799 2163426
1601592827, 0, 248, 376, 251, 20, 8.85%, 0, 0, 6, 224.94 5799 2183357
1601592868, 0, 248, 377, 252, 20, 8.85%, 0, 0, 6, 232.69 5802 2192571
1601592919, 0, 249, 377, 251, 20, 8.85%, 0, 0, 6, 225.79 5802 2204193
1601593010, 0, 251, 377, 250, 19, 8.85%, 0, 0, 6, 228.61 5802 2224972
1601593107, 0, 252, 377, 249, 18, 8.85%, 0, 0, 6, 228.89 5802 2246916
1601593198, 0, 254, 377, 248, 17, 8.85%, 0, 0, 6, 234.12 5802 2267530
1601593234, 0, 254, 378, 249, 17, 8.85%, 0, 0, 6, 234.60 5802 2275885
1601593275, 0, 255, 378, 248, 17, 8.85%, 0, 0, 6, 234.92 5802 2285381
1601593357, 0, 256, 378, 247, 16, 8.85%, 0, 0, 6, 225.57 5802 2304173
1601593428, 0, 256, 379, 248, 16, 8.85%, 0, 0, 7, 228.14 5802 2320320
1601593454, 0, 257, 379, 247, 15, 8.85%, 0, 0, 7, 228.36 5802 2326147
1601593555, 0, 258, 379, 246, 14, 8.85%, 0, 0, 7, 232.54 5802 2349331
1601593632, 0, 260, 379, 245, 13, 8.85%, 0, 0, 7, 235.93 5802 2367124
1601593673, 0, 260, 380, 246, 13, 8.86%, 0, 0, 7, 228.01 5804 2376605
1601593709, 0, 264, 380, 245, 13, 8.86%, 0, 0, 7, 227.74 5804 2384940
1601593785, 0, 266, 380, 244, 12, 8.86%, 0, 0, 7, 224.25 5804 2402267
1601593790, 0, 266, 381, 245, 12, 8.86%, 0, 0, 7, 227.21 5804 2403408
1601593867, 0, 295, 381, 244, 12, 8.86%, 0, 0, 7, 233.76 5804 2420880
1601593942, 0, 295, 382, 245, 12, 8.86%, 0, 0, 7, 178.53 5804 2435077
1601594124, 0, 295, 383, 246, 12, 8.86%, 0, 0, 7, 227.15 5804 2470029
1601594144, 0, 310, 384, 246, 11, 8.86%, 0, 0, 7, 209.53 5804 2474542
1601594204, 0, 310, 385, 247, 11, 8.86%, 0, 0, 7, 182.48 5804 2485926
1601594225, 0, 310, 386, 248, 11, 8.86%, 0, 0, 7, 185.80 5804 2489636
1601594280, 0, 310, 387, 249, 11, 8.86%, 0, 0, 7, 191.72 5804 2500177
1601594315, 0, 310, 388, 250, 11, 8.86%, 0, 0, 7, 193.56 5804 2506999
1601594406, 0, 332, 388, 249, 11, 8.86%, 0, 0, 7, 202.58 5804 2524806
1601594411, 0, 332, 391, 252, 11, 8.86%, 0, 0, 7, 183.02 5804 2525701
1601594426, 0, 332, 392, 253, 11, 8.86%, 0, 0, 7, 190.21 5804 2528560
1601594472, 0, 332, 393, 254, 11, 8.86%, 0, 0, 7, 183.26 5804 2537081
1601594487, 0, 332, 394, 255, 11, 8.86%, 0, 0, 7, 178.51 5804 2539762
1601594538, 0, 332, 395, 256, 11, 8.86%, 0, 0, 7, 183.59 5804 2549253
1601594588, 0, 332, 396, 257, 11, 8.86%, 0, 0, 7, 187.69 5804 2558909
1601594608, 0, 332, 397, 258, 11, 8.86%, 0, 0, 7, 191.58 5804 2562816
1601594628, 0, 332, 399, 260, 11, 8.86%, 0, 0, 7, 186.35 5804 2566629
1601594669, 0, 353, 399, 259, 11, 8.86%, 0, 0, 7, 209.94 5804 2574794
1601594721, 0, 353, 400, 260, 11, 8.86%, 0, 0, 7, 189.63 5804 2584928
1601594741, 0, 353, 401, 261, 11, 8.86%, 0, 0, 7, 189.85 5804 2588914
1601594797, 0, 353, 402, 262, 11, 8.86%, 0, 0, 7, 193.03 5807 2599929
1601594802, 0, 353, 403, 263, 11, 8.86%, 0, 0, 7, 198.89 5807 2600957
1601594921, 0, 368, 403, 262, 11, 8.86%, 0, 0, 7, 211.94 5807 2624649
1601595167, 0, 368, 404, 263, 11, 8.87%, 0, 0, 7, 228.78 5810 2673738
1601595177, 0, 370, 404, 262, 11, 8.87%, 0, 0, 7, 206.87 5810 2675999
1601595331, 0, 370, 405, 263, 11, 8.87%, 0, 0, 7, 195.08 5810 2706502
1601595346, 0, 370, 406, 264, 11, 8.87%, 0, 0, 7, 197.90 5810 2709595
1601595418, 0, 376, 406, 263, 11, 8.87%, 0, 0, 7, 217.26 5810 2723940
1601595423, 0, 376, 407, 264, 11, 8.87%, 0, 0, 7, 225.43 5810 2725088
1601595514, 0, 377, 407, 263, 10, 8.87%, 0, 0, 7, 232.07 5810 2745945
1601595520, 0, 377, 408, 264, 10, 8.87%, 0, 0, 7, 234.47 5810 2747145
1601595591, 0, 379, 408, 263, 9, 8.87%, 0, 0, 7, 230.92 5810 2763872
1601595668, 0, 380, 408, 262, 8, 8.87%, 0, 0, 7, 229.71 5810 2781835
1601595724, 0, 383, 408, 261, 7, 8.87%, 0, 0, 7, 217.25 5810 2794734
1601595981, 0, 389, 408, 260, 6, 8.87%, 0, 0, 7, 213.09 5810 2843686
1601596244, 0, 389, 409, 261, 6, 8.87%, 0, 0, 8, 224.82 5810 2893787
1601596259, 0, 398, 409, 260, 5, 8.87%, 0, 0, 8, 201.99 5810 2897072
1601596461, 0, 398, 410, 261, 5, 8.87%, 0, 0, 8, 192.55 5810 2934958
1601596521, 0, 400, 410, 260, 5, 8.87%, 0, 0, 8, 216.47 5810 2946771
1601596552, 0, 400, 411, 261, 5, 8.87%, 0, 0, 8, 199.13 5810 2952856
1601596773, 0, 403, 411, 260, 4, 8.87%, 0, 0, 8, 214.75 5810 2996579
1601596783, 0, 403, 412, 261, 4, 8.87%, 0, 0, 8, 189.64 5810 2998449
1601596874, 0, 403, 413, 262, 4, 8.87%, 0, 0, 8, 184.40 5810 3015481
1601597057, 0, 405, 413, 261, 3, 8.87%, 0, 0, 8, 209.75 5810 3050661
1601597304, 1, 24, 413, 260, 2, 8.87%, 0, 0, 8, 232.48 5810 3099683
1601597350, 1, 24, 414, 261, 2, 8.87%, 0, 0, 8, 229.12 5810 3110442
1601597360, 1, 179, 415, 261, 1, 8.87%, 0, 0, 8, 233.65 5810 3112835
1601597391, 1, 179, 416, 262, 1, 8.87%, 0, 0, 8, 227.15 5810 3119934
1601597427, 1, 180, 416, 261, 0, 8.87%, 0, 0, 8, 234.92 5810 3128265
1601597432, 1, 182, 416, 261, 0, 8.87%, 0, 0, 8, 235.60 5810 3129465
1601597437, 1, 189, 416, 261, 0, 8.87%, 0, 0, 8, 235.11 5810 3130665
1601597442, 1, 200, 416, 261, 0, 8.87%, 0, 0, 8, 234.74 5810 3131865
1601597447, 1, 213, 416, 261, 0, 8.87%, 0, 0, 8, 232.94 5810 3133061
1601597452, 1, 216, 416, 261, 0, 8.87%, 0, 0, 8, 232.52 5810 3134249
1601597458, 1, 217, 416, 261, 0, 8.87%, 0, 0, 8, 227.32 5810 3135404
1601597508, 1, 224, 416, 260, 0, 8.87%, 0, 0, 8, 234.03 5810 3147302
1601597514, 1, 230, 416, 260, 0, 8.87%, 0, 0, 8, 233.97 5810 3148502
1601597519, 1, 233, 417, 261, 0, 8.87%, 0, 0, 8, 233.25 5810 3149702
1601597524, 1, 234, 418, 262, 0, 8.87%, 0, 0, 8, 230.62 5810 3150879
1601597630, 1, 238, 418, 261, 0, 8.87%, 0, 0, 8, 234.72 5810 3174855
1601597636, 1, 243, 418, 261, 0, 8.87%, 0, 0, 8, 234.64 5810 3176055
1601597641, 1, 249, 418, 261, 0, 8.87%, 0, 0, 8, 233.46 5810 3177255
1601597646, 1, 252, 418, 261, 0, 8.87%, 0, 0, 8, 232.09 5810 3178447
1601597651, 1, 256, 418, 261, 0, 8.87%, 0, 0, 8, 218.19 5810 3179551
1601597656, 1, 260, 418, 261, 0, 8.87%, 0, 0, 8, 229.34 5810 3180727
1601597661, 1, 266, 418, 261, 0, 8.87%, 0, 0, 8, 230.93 5810 3181915
1601597666, 1, 272, 418, 261, 0, 8.87%, 0, 0, 8, 206.62 5810 3182968
1601597924, 1, 277, 418, 260, 0, 8.87%, 0, 0, 8, 207.76 5810 3231934
1601597939, 1, 277, 419, 261, 0, 8.87%, 0, 0, 8, 185.03 5810 3234713
1601598182, 1, 282, 419, 260, 0, 8.87%, 0, 0, 8, 212.14 5810 3280772
1601598410, 1, 282, 420, 261, 0, 8.87%, 0, 0, 8, 178.54 5810 3323662
1601598440, 1, 291, 420, 260, 0, 8.87%, 0, 0, 8, 219.45 5810 3329680
1601598698, 1, 292, 420, 259, 0, 8.87%, 0, 0, 8, 197.57 5810 3378699
1601598956, 1, 293, 420, 258, 0, 8.87%, 0, 0, 8, 201.72 5810 3427678
1601599077, 1, 293, 421, 259, 0, 8.87%, 0, 0, 8, 178.03 5810 3450470
1601599214, 1, 294, 421, 258, 0, 8.87%, 0, 0, 8, 192.21 5810 3476702
1601599385, 1, 294, 422, 259, 0, 8.87%, 0, 0, 8, 190.81 5810 3509137
1601599471, 1, 297, 422, 258, 0, 8.87%, 0, 0, 8, 210.63 5810 3525850
1601599487, 1, 297, 423, 259, 0, 8.87%, 0, 0, 8, 186.13 5810 3528617
1601599679, 1, 297, 424, 260, 0, 8.87%, 0, 0, 8, 189.73 5810 3565386
1601599730, 1, 312, 424, 259, 0, 8.87%, 0, 0, 8, 204.00 5810 3575324
1601599948, 1, 312, 425, 260, 0, 8.87%, 0, 0, 8, 192.22 5810 3616594
1601599988, 1, 334, 425, 259, 0, 8.87%, 0, 0, 8, 198.41 5810 3624466
1601600246, 1, 336, 425, 258, 0, 8.87%, 0, 0, 8, 199.62 5810 3673521
1601600412, 1, 336, 426, 259, 0, 8.87%, 0, 0, 8, 193.80 5810 3705310
1601600498, 1, 347, 426, 258, 0, 8.87%, 0, 0, 8, 219.40 5810 3721875
1601600756, 1, 348, 426, 257, 0, 8.87%, 0, 0, 8, 220.73 5810 3770958
1601601014, 1, 349, 426, 256, 0, 8.87%, 0, 0, 8, 226.83 5810 3820136
1601601276, 1, 354, 426, 255, 0, 8.87%, 0, 0, 8, 199.22 5810 3870147
1601601534, 1, 356, 426, 254, 0, 8.87%, 0, 0, 8, 204.67 5810 3918961
1601601789, 1, 358, 426, 253, 0, 8.87%, 0, 0, 8, 216.83 5810 3967570
1601601854, 1, 358, 427, 254, 0, 8.87%, 0, 0, 8, 182.94 5810 3979845
1601602047, 1, 361, 427, 253, 0, 8.87%, 0, 0, 8, 216.66 5810 4016633
1601602291, 1, 363, 427, 252, 0, 8.87%, 0, 0, 8, 228.66 5810 4065110
1601602511, 1, 363, 428, 253, 0, 8.87%, 0, 0, 8, 194.12 5810 4108660
1601602541, 1, 408, 429, 253, 1, 8.87%, 0, 0, 9, 199.68 5810 4114916
1601602546, 1, 408, 431, 255, 1, 8.87%, 0, 0, 9, 190.09 5810 4115854
1601602809, 1, 427, 431, 254, 1, 8.87%, 0, 0, 9, 204.97 5810 4165968
1601603066, 2, 6, 431, 253, 0, 8.87%, 0, 0, 9, 226.74 5810 4217482
1601603071, 2, 7, 431, 253, 0, 8.87%, 0, 0, 9, 230.59 5810 4218642
1601603076, 2, 7, 432, 254, 0, 8.87%, 0, 0, 9, 234.43 5811 4219848
1601603087, 2, 117, 432, 253, 1, 8.87%, 0, 0, 9, 232.00 5811 4222241
1601603159, 2, 117, 433, 254, 1, 8.87%, 0, 0, 9, 234.28 5811 4238917
1601603169, 2, 431, 433, 253, 1, 8.87%, 0, 0, 9, 236.70 5811 4241317
1601604967, 3, 3, 433, 252, 0, 8.87%, 0, 0, 9, 234.40 5811 4656882
1601604973, 3, 5, 433, 252, 0, 8.87%, 0, 0, 9, 235.77 5811 4658086
1601604983, 3, 13, 433, 251, 0, 8.87%, 0, 0, 9, 234.67 5811 4660492
1601604988, 3, 23, 433, 251, 0, 8.87%, 0, 0, 9, 234.64 5811 4661688
1601604993, 3, 27, 433, 251, 0, 8.87%, 0, 0, 9, 230.11 5811 4662877
1601605060, 3, 32, 433, 250, 0, 8.87%, 0, 0, 9, 235.47 5811 4678297
1601605065, 3, 40, 433, 250, 0, 8.87%, 0, 0, 9, 235.99 5811 4679498
1601605132, 3, 43, 433, 249, 0, 8.87%, 0, 0, 9, 229.35 5811 4694943
1601605137, 3, 44, 433, 249, 0, 8.87%, 0, 0, 9, 235.86 5811 4696149
1601605147, 3, 49, 433, 248, 0, 8.87%, 0, 0, 9, 236.14 5811 4698552
1601605152, 3, 50, 433, 248, 0, 8.87%, 0, 0, 9, 232.16 5811 4699741
1601605218, 3, 55, 433, 247, 0, 8.87%, 0, 0, 9, 226.20 5811 4715110
1601605229, 3, 58, 433, 246, 0, 8.87%, 0, 0, 9, 237.10 5811 4717462
1601605234, 3, 62, 434, 247, 0, 8.87%, 0, 0, 9, 235.31 5811 4718659
1601605300, 3, 72, 434, 246, 0, 8.87%, 0, 0, 9, 233.92 5811 4734129
1601605305, 3, 84, 434, 246, 0, 8.87%, 0, 0, 9, 236.11 5811 4735329
1601605377, 3, 89, 434, 245, 0, 8.87%, 0, 0, 9, 234.58 5811 4752084
1601605464, 3, 90, 434, 244, 0, 8.87%, 0, 0, 9, 234.20 5811 4772382
1601605525, 3, 90, 435, 245, 0, 8.87%, 0, 0, 9, 235.49 5811 4786787
1601605536, 3, 97, 435, 244, 0, 8.87%, 0, 0, 9, 234.89 5811 4789192
1601605628, 3, 105, 435, 243, 0, 8.87%, 0, 0, 9, 235.14 5811 4810740
1601605704, 3, 114, 435, 242, 0, 8.87%, 0, 0, 9, 228.18 5811 4828027
1601605709, 3, 120, 435, 242, 0, 8.87%, 0, 0, 9, 229.03 5811 4829207
1601605714, 3, 126, 435, 242, 0, 8.87%, 0, 0, 9, 234.44 5811 4830407
1601605719, 3, 135, 435, 242, 0, 8.87%, 0, 0, 9, 229.31 5811 4831592
1601605791, 3, 136, 435, 241, 0, 8.87%, 0, 0, 9, 228.50 5811 4848074
1601605796, 3, 138, 435, 241, 0, 8.87%, 0, 0, 9, 224.41 5811 4849207
1601605832, 3, 138, 436, 242, 0, 8.87%, 0, 0, 9, 232.45 5811 4857576
1601605873, 3, 138, 437, 243, 0, 8.87%, 0, 0, 9, 233.09 5811 4867042
1601605878, 3, 155, 437, 242, 1, 8.87%, 0, 0, 9, 234.71 5811 4868240
1601605929, 3, 228, 437, 241, 1, 8.87%, 0, 0, 9, 229.73 5811 4880176
1601606017, 3, 228, 438, 242, 1, 8.87%, 0, 0, 9, 232.71 5811 4900309
1601606032, 3, 435, 438, 241, 1, 8.87%, 0, 0, 9, 228.75 5811 4903893
1601606109, 3, 435, 439, 242, 1, 8.87%, 0, 0, 9, 233.45 5811 4921688
1601606129, 4, 4, 439, 241, 0, 8.87%, 0, 0, 9, 234.07 5811 4926352
1601606134, 4, 11, 439, 241, 0, 8.87%, 0, 0, 9, 236.18 5811 4927513
1601606181, 4, 14, 439, 240, 0, 8.87%, 0, 0, 9, 233.83 5811 4938155
1601606232, 4, 16, 439, 239, 0, 8.87%, 0, 0, 9, 231.12 5811 4949949
1601606237, 4, 24, 439, 239, 0, 8.87%, 0, 0, 9, 226.02 5811 4951097
1601606242, 4, 31, 439, 239, 0, 8.87%, 0, 0, 9, 224.24 5811 4952226
1601606319, 4, 42, 439, 238, 0, 8.87%, 0, 0, 9, 234.55 5811 4970069
1601606324, 4, 46, 439, 238, 0, 8.87%, 0, 0, 9, 227.65 5811 4971246
1601606401, 4, 49, 439, 237, 0, 8.87%, 0, 0, 9, 228.40 5811 4989113
1601606406, 4, 54, 439, 237, 0, 8.87%, 0, 0, 9, 233.27 5811 4990310
1601606473, 4, 59, 439, 236, 0, 8.87%, 0, 0, 9, 235.27 5811 5005825
1601606478, 4, 68, 439, 236, 0, 8.87%, 0, 0, 9, 230.98 5811 5007006
1601606550, 4, 69, 439, 235, 0, 8.87%, 0, 0, 9, 235.49 5811 5023724
1601606667, 4, 69, 441, 237, 0, 8.87%, 0, 0, 9, 227.03 5811 5050946
1601606688, 4, 74, 441, 236, 0, 8.87%, 0, 0, 9, 218.15 5811 5055594
1601606693, 4, 83, 441, 236, 0, 8.87%, 0, 0, 9, 224.41 5811 5056761
1601606790, 4, 92, 441, 235, 0, 8.87%, 0, 0, 9, 232.79 5811 5079290
1601606852, 4, 101, 441, 234, 0, 8.87%, 0, 0, 9, 226.62 5811 5093581
1601606928, 4, 105, 441, 233, 0, 8.87%, 0, 0, 9, 229.95 5811 5111047
1601606933, 4, 120, 441, 233, 0, 8.87%, 0, 0, 9, 233.33 5811 5112247
1601606938, 4, 126, 441, 233, 0, 8.87%, 0, 0, 9, 233.98 5811 5113435
1601606943, 4, 136, 441, 233, 0, 8.87%, 0, 0, 9, 231.73 5811 5114623
1601606948, 4, 143, 441, 233, 0, 8.87%, 0, 0, 9, 232.34 5811 5115807
1601606953, 4, 149, 441, 233, 0, 8.87%, 0, 0, 9, 232.58 5811 5116987
1601606959, 4, 156, 441, 233, 0, 8.87%, 0, 0, 9, 233.44 5811 5118187
1601606999, 4, 156, 442, 234, 0, 8.87%, 0, 0, 9, 236.69 5811 5127754
1601607020, 4, 160, 442, 233, 0, 8.87%, 0, 0, 9, 229.70 5811 5132503
1601607116, 4, 164, 442, 232, 0, 8.87%, 0, 0, 9, 233.13 5811 5154353
1601607121, 4, 165, 442, 232, 0, 8.87%, 0, 0, 9, 231.36 5811 5155542
1601607214, 4, 171, 442, 231, 0, 8.87%, 0, 0, 9, 235.43 5811 5177028
1601607219, 4, 175, 443, 232, 0, 8.87%, 0, 0, 9, 234.70 5811 5178228
1601607224, 4, 180, 443, 232, 0, 8.87%, 0, 0, 9, 233.05 5811 5179420
1601607229, 4, 182, 443, 232, 0, 8.87%, 0, 0, 9, 232.62 5811 5180608
1601607234, 4, 186, 443, 232, 0, 8.87%, 0, 0, 9, 231.19 5811 5181797
1601607316, 4, 188, 443, 231, 0, 8.87%, 0, 0, 9, 233.50 5811 5200492
1601607321, 4, 198, 443, 231, 0, 8.87%, 0, 0, 9, 232.51 5811 5201689
1601607346, 4, 198, 444, 232, 0, 8.87%, 0, 0, 9, 226.92 5811 5207420
1601607413, 4, 199, 444, 231, 0, 8.87%, 0, 0, 9, 234.43 5811 5222638
1601607418, 4, 202, 444, 231, 0, 8.87%, 0, 0, 9, 232.18 5811 5223839
1601607509, 4, 203, 444, 230, 0, 8.87%, 0, 0, 9, 229.59 5811 5244778
1601607591, 4, 212, 444, 229, 0, 8.87%, 0, 0, 9, 233.32 5811 5263544
1601607596, 4, 215, 444, 229, 0, 8.87%, 0, 0, 9, 232.95 5811 5264744
1601607602, 4, 218, 444, 229, 0, 8.87%, 0, 0, 9, 233.62 5811 5265940
1601607637, 4, 218, 445, 230, 0, 8.87%, 0, 0, 9, 236.31 5811 5274341
1601607653, 4, 220, 445, 229, 0, 8.87%, 0, 0, 9, 235.31 5811 5277936
1601607724, 4, 224, 445, 228, 0, 8.87%, 0, 0, 9, 234.51 5811 5294705
1601607729, 4, 227, 445, 228, 0, 8.87%, 0, 0, 9, 232.01 5811 5295897
1601607735, 4, 233, 445, 228, 0, 8.87%, 0, 0, 9, 232.56 5811 5297097
1601607740, 4, 238, 445, 228, 0, 8.87%, 0, 0, 9, 230.94 5811 5298281
1601607745, 4, 243, 445, 228, 0, 8.87%, 0, 0, 9, 232.14 5811 5299477
1601607750, 4, 249, 445, 228, 0, 8.87%, 0, 0, 9, 228.93 5811 5300617
1601607755, 4, 252, 445, 228, 0, 8.87%, 0, 0, 9, 230.53 5811 5301809
1601607760, 4, 256, 445, 228, 0, 8.87%, 0, 0, 9, 231.60 5811 5302961
1601607765, 4, 258, 445, 228, 0, 8.87%, 0, 0, 9, 231.07 5811 5304149
1601607770, 4, 266, 445, 228, 0, 8.87%, 0, 0, 9, 230.50 5811 5305329
1601607775, 4, 267, 445, 228, 0, 8.87%, 0, 0, 9, 224.98 5811 5306454
1601607857, 4, 270, 445, 227, 0, 8.87%, 0, 0, 9, 207.13 5811 5324896
1601608116, 4, 278, 445, 226, 0, 8.87%, 0, 0, 9, 201.05 5811 5374212
1601608263, 4, 278, 446, 227, 0, 8.87%, 0, 0, 9, 201.82 5811 5402055
1601608374, 4, 281, 446, 226, 0, 8.87%, 0, 0, 9, 198.89 5811 5423593
1601608632, 4, 294, 446, 225, 0, 8.87%, 0, 0, 9, 225.33 5811 5472372
1601608637, 4, 296, 446, 225, 0, 8.87%, 0, 0, 9, 212.41 5811 5473453
1601608901, 4, 300, 446, 224, 0, 8.87%, 0, 0, 9, 200.44 5811 5522869
1601609159, 4, 304, 446, 223, 0, 8.87%, 0, 0, 9, 221.58 5811 5571727
1601609422, 4, 308, 446, 222, 0, 8.87%, 0, 0, 9, 194.10 5811 5621603
1601609675, 4, 309, 446, 221, 0, 8.87%, 0, 0, 9, 224.03 5811 5669969
1601609933, 4, 314, 446, 220, 0, 8.87%, 0, 0, 9, 219.01 5811 5719473
1601610191, 4, 315, 446, 219, 0, 8.87%, 0, 0, 9, 224.79 5811 5768617
1601610448, 4, 316, 446, 218, 0, 8.87%, 0, 0, 9, 221.34 5811 5817942
1601610697, 4, 316, 447, 219, 0, 8.87%, 0, 0, 9, 201.64 5811 5865172
1601610702, 4, 316, 448, 220, 0, 8.87%, 0, 0, 9, 223.19 5811 5866361
1601610717, 4, 357, 448, 219, 1, 8.87%, 0, 0, 9, 204.82 5811 5869746
1601610975, 4, 447, 448, 218, 1, 8.87%, 0, 0, 9, 205.02 5811 5919085
1601611066, 4, 447, 449, 219, 1, 8.87%, 0, 0, 9, 190.99 5811 5936233
1601611258, 5, 2, 449, 218, 0, 8.87%, 0, 0, 9, 231.89 5811 5974430
1601611263, 5, 7, 449, 218, 0, 8.87%, 0, 0, 9, 231.99 5811 5975619
1601611268, 5, 21, 449, 218, 0, 8.87%, 0, 0, 9, 235.82 5811 5976819
1601611273, 5, 30, 449, 218, 0, 8.87%, 0, 0, 9, 236.40 5811 5978019
1601611278, 5, 36, 449, 218, 0, 8.87%, 0, 0, 9, 235.97 5811 5979219
1601611283, 5, 37, 449, 218, 0, 8.87%, 0, 0, 9, 235.36 5811 5980420
1601611345, 5, 39, 449, 217, 0, 8.87%, 0, 0, 9, 231.84 5811 5994741
1601611411, 5, 43, 449, 216, 0, 8.87%, 0, 0, 9, 235.82 5811 6010289
1601611416, 5, 51, 449, 216, 0, 8.87%, 0, 0, 9, 234.86 5811 6011490
1601611493, 5, 53, 449, 215, 0, 8.87%, 0, 0, 9, 233.78 5811 6029390
1601611498, 5, 57, 449, 215, 0, 8.87%, 0, 0, 9, 233.66 5811 6030575
1601611570, 5, 59, 449, 214, 0, 8.87%, 0, 0, 9, 230.30 5811 6047296
1601611575, 5, 66, 449, 214, 0, 8.87%, 0, 0, 9, 230.14 5811 6048482
1601611601, 5, 78, 449, 213, 0, 8.87%, 0, 0, 9, 231.07 5811 6054367
1601611606, 5, 80, 449, 213, 0, 8.87%, 0, 0, 9, 227.77 5811 6055544
1601611698, 5, 88, 449, 212, 0, 8.87%, 0, 0, 9, 231.10 5811 6077076
1601611775, 5, 95, 449, 211, 0, 8.87%, 0, 0, 9, 232.54 5811 6095014
1601611847, 5, 100, 449, 210, 0, 8.87%, 0, 0, 9, 234.30 5811 6111786
1601611924, 5, 110, 449, 209, 0, 8.87%, 0, 0, 9, 233.85 5811 6129336
1601611990, 5, 114, 449, 208, 0, 8.87%, 0, 0, 9, 234.80 5811 6144898
1601611995, 5, 121, 449, 208, 0, 8.87%, 0, 0, 9, 235.49 5811 6146098
1601612000, 5, 126, 449, 208, 0, 8.87%, 0, 0, 9, 235.69 5811 6147298
1601612005, 5, 129, 450, 209, 0, 8.87%, 0, 0, 9, 236.26 5811 6148505
1601612128, 5, 132, 450, 208, 0, 8.87%, 0, 0, 9, 227.56 5811 6177153
1601612249, 5, 136, 450, 207, 0, 8.87%, 0, 0, 9, 232.64 5811 6204846
1601612255, 5, 143, 450, 207, 0, 8.87%, 0, 0, 9, 233.91 5811 6206046
1601612260, 5, 148, 450, 207, 0, 8.87%, 0, 0, 9, 234.73 5811 6207242
1601612285, 5, 149, 450, 206, 0, 8.87%, 0, 0, 9, 235.99 5811 6213254
1601612290, 5, 152, 450, 206, 0, 8.87%, 0, 0, 9, 236.56 5811 6214457
1601612412, 5, 153, 450, 205, 0, 8.87%, 0, 0, 9, 233.65 5811 6243191
1601612418, 5, 170, 450, 205, 0, 8.87%, 0, 0, 9, 231.16 5811 6244372
1601612524, 5, 173, 450, 204, 0, 8.87%, 0, 0, 9, 234.17 5811 6268768
1601612605, 5, 178, 450, 203, 0, 8.87%, 0, 0, 9, 235.16 5811 6287496
1601612610, 5, 180, 450, 203, 0, 8.87%, 0, 0, 9, 236.00 5811 6288696
1601612615, 5, 184, 450, 203, 0, 8.87%, 0, 0, 9, 236.16 5811 6289896
1601612620, 5, 185, 450, 203, 0, 8.87%, 0, 0, 9, 232.36 5811 6291097
1601612702, 5, 188, 450, 202, 0, 8.87%, 0, 0, 9, 233.70 5811 6309750
1601612707, 5, 192, 450, 202, 0, 8.87%, 0, 0, 9, 230.73 5811 6310951
1601612799, 5, 195, 450, 201, 0, 8.87%, 0, 0, 9, 225.00 5811 6331680
1601612840, 5, 195, 451, 202, 0, 8.87%, 0, 0, 9, 226.17 5811 6340802
1601612891, 5, 200, 451, 201, 0, 8.87%, 0, 0, 9, 233.06 5811 6352514
1601612896, 5, 201, 451, 201, 0, 8.87%, 0, 0, 9, 227.49 5811 6353667
1601612998, 5, 207, 451, 200, 0, 8.87%, 0, 0, 9, 228.26 5811 6376706
1601613064, 5, 207, 452, 201, 0, 8.87%, 0, 0, 9, 228.40 5811 6391456
1601613074, 5, 207, 453, 202, 0, 8.87%, 0, 0, 9, 229.44 5811 6393803
1601613094, 5, 212, 453, 201, 0, 8.87%, 0, 0, 9, 231.21 5811 6398423
1601613099, 5, 215, 453, 201, 0, 8.87%, 0, 0, 9, 233.21 5811 6399619
1601613104, 5, 223, 453, 201, 0, 8.87%, 0, 0, 9, 234.76 5811 6400819
1601613109, 5, 225, 453, 201, 0, 8.87%, 0, 0, 9, 231.05 5811 6401971
1601613114, 5, 226, 453, 201, 0, 8.87%, 0, 0, 9, 228.93 5811 6403121
1601613211, 5, 233, 453, 200, 0, 8.87%, 0, 0, 9, 233.75 5811 6425276
1601613217, 5, 238, 453, 200, 0, 8.87%, 0, 0, 9, 232.99 5811 6426460
1601613222, 5, 243, 453, 200, 0, 8.87%, 0, 0, 9, 231.70 5811 6427600
1601613227, 5, 248, 453, 200, 0, 8.87%, 0, 0, 9, 231.31 5811 6428788
1601613232, 5, 252, 453, 200, 0, 8.87%, 0, 0, 9, 230.19 5811 6429976
1601613237, 5, 255, 453, 200, 0, 8.87%, 0, 0, 9, 233.35 5811 6431176
1601613242, 5, 257, 453, 200, 0, 8.87%, 0, 0, 9, 233.86 5811 6432376
1601613247, 5, 261, 453, 200, 0, 8.87%, 0, 0, 9, 234.43 5811 6433577
1601613354, 5, 265, 453, 199, 0, 8.87%, 0, 0, 9, 234.39 5811 6457880
1601613426, 5, 269, 453, 198, 0, 8.87%, 0, 0, 9, 234.39 5811 6474683
1601613663, 5, 269, 454, 199, 0, 8.87%, 0, 0, 9, 187.46 5811 6519783
1601613683, 5, 271, 454, 198, 0, 8.87%, 0, 0, 9, 225.10 5811 6523923
1601613941, 5, 272, 454, 197, 0, 8.87%, 0, 0, 9, 223.30 5811 6573191
1601613946, 5, 280, 454, 197, 0, 8.87%, 0, 0, 9, 202.78 5811 6574228
1601614205, 5, 288, 454, 196, 0, 8.87%, 0, 0, 9, 199.78 5811 6623555
1601614463, 5, 298, 454, 195, 0, 8.87%, 0, 0, 9, 212.07 5811 6673061
1601614722, 5, 307, 454, 194, 0, 8.87%, 0, 0, 9, 212.65 5811 6722242
1601614980, 5, 314, 454, 193, 0, 8.87%, 0, 0, 9, 220.09 5811 6771252
1601614985, 5, 317, 454, 193, 0, 8.87%, 0, 0, 9, 200.66 5811 6772277
1601615242, 5, 319, 454, 192, 0, 8.87%, 0, 0, 9, 209.42 5811 6821351
1601615500, 5, 320, 454, 191, 0, 8.87%, 0, 0, 9, 209.32 5811 6870625
1601615758, 5, 325, 454, 190, 0, 8.87%, 0, 0, 9, 225.07 5811 6919481
1601616021, 5, 328, 454, 189, 0, 8.87%, 0, 0, 9, 205.97 5811 6969260
1601616279, 5, 329, 454, 188, 0, 8.87%, 0, 0, 9, 200.96 5811 7018527
1601616537, 5, 338, 454, 187, 0, 8.87%, 0, 0, 9, 208.64 5811 7067694
1601616796, 5, 341, 454, 186, 0, 8.87%, 0, 0, 9, 223.03 5811 7116400
1601617058, 5, 351, 454, 185, 0, 8.87%, 0, 0, 9, 201.60 5811 7166265
1601617316, 5, 356, 454, 184, 0, 8.87%, 0, 0, 9, 224.73 5811 7215156
1601617321, 5, 359, 454, 184, 0, 8.87%, 0, 0, 9, 203.46 5811 7216205
1601617567, 5, 360, 454, 183, 0, 8.87%, 0, 0, 9, 226.04 5811 7264744
1601617818, 5, 362, 454, 182, 0, 8.87%, 0, 0, 9, 206.79 5811 7314496
1601617864, 5, 362, 455, 183, 0, 8.87%, 0, 0, 9, 196.39 5811 7323687
1601617885, 5, 362, 456, 184, 0, 8.87%, 0, 0, 9, 191.79 5811 7327619
1601618064, 5, 365, 456, 183, 0, 8.87%, 0, 0, 9, 215.99 5811 7363317
1601618311, 5, 368, 456, 182, 0, 8.87%, 0, 0, 9, 228.91 5811 7412402
1601618316, 5, 372, 456, 182, 0, 8.87%, 0, 0, 9, 205.11 5811 7413415
1601618562, 5, 374, 456, 181, 0, 8.87%, 0, 0, 9, 208.53 5811 7462307
1601618809, 5, 377, 456, 180, 0, 8.87%, 0, 0, 9, 228.15 5811 7511401
1601618814, 5, 380, 456, 180, 0, 8.87%, 0, 0, 9, 231.71 5811 7512601
1601618819, 5, 381, 456, 180, 0, 8.87%, 0, 0, 9, 204.09 5811 7513622
1601619078, 5, 384, 456, 179, 0, 8.87%, 0, 0, 9, 211.45 5811 7563086
1601619335, 5, 392, 456, 178, 0, 8.87%, 0, 0, 9, 228.66 5811 7612377
1601619346, 5, 392, 457, 179, 0, 8.87%, 0, 0, 9, 190.93 5811 7614308
1601619583, 5, 392, 458, 180, 0, 8.87%, 0, 0, 9, 183.95 5811 7659223
1601619599, 5, 395, 458, 179, 0, 8.87%, 0, 0, 9, 195.15 5811 7662486
1601619857, 5, 397, 458, 178, 0, 8.87%, 0, 0, 9, 205.19 5811 7711415
1601620115, 5, 399, 458, 177, 0, 8.87%, 0, 0, 9, 205.40 5811 7760540
1601620366, 5, 403, 458, 176, 0, 8.87%, 0, 0, 9, 229.65 5811 7810508
1601620371, 5, 409, 458, 176, 0, 8.87%, 0, 0, 9, 227.69 5811 7811653
1601620634, 5, 411, 458, 175, 0, 8.87%, 0, 0, 9, 226.92 5811 7862004
1601620912, 5, 415, 458, 174, 0, 8.87%, 0, 0, 9, 232.76 5811 7917460
1601620943, 5, 415, 459, 175, 0, 8.87%, 0, 0, 9, 231.44 5811 7924655
1601620989, 5, 416, 459, 174, 0, 8.87%, 0, 0, 9, 234.53 5811 7935443
1601620994, 5, 416, 460, 175, 0, 8.87%, 0, 0, 9, 233.18 5811 7936643
1601621081, 5, 416, 461, 176, 0, 8.87%, 0, 0, 9, 232.22 5811 7957023
1601621102, 5, 416, 462, 177, 0, 8.87%, 0, 0, 9, 235.18 5811 7961803
1601621143, 5, 421, 462, 176, 0, 8.87%, 0, 0, 9, 213.45 5811 7971264
1601621406, 5, 422, 462, 175, 0, 8.87%, 0, 0, 9, 227.63 5811 8022077
1601621674, 5, 427, 462, 174, 0, 8.87%, 0, 0, 9, 227.36 5811 8073825
1601621679, 5, 434, 464, 176, 0, 8.87%, 0, 0, 9, 230.78 5811 8075022
1601621864, 5, 435, 464, 175, 0, 8.87%, 0, 0, 9, 233.92 5811 8118101
1601621869, 5, 441, 464, 175, 0, 8.87%, 0, 0, 9, 234.85 5811 8119299
1601621956, 5, 442, 464, 174, 0, 8.87%, 0, 0, 9, 233.16 5811 8139676
1601624357, 5, 442, 467, 177, 0, 8.87%, 0, 0, 9, 231.73 5811 8696214
1601624496, 5, 442, 468, 178, 0, 8.87%, 0, 0, 9, 231.27 5811 8727830
1601624501, 5, 443, 468, 177, 0, 8.87%, 0, 0, 9, 228.09 5811 8728979
1601624531, 5, 443, 469, 178, 0, 8.87%, 0, 0, 9, 226.47 5811 8735802
1601624618, 5, 444, 469, 177, 0, 8.87%, 0, 0, 9, 228.86 5811 8755925
1601628176, 5, 444, 470, 178, 0, 8.87%, 0, 0, 9, 223.09 5811 9568216
1601628241, 5, 447, 470, 177, 0, 8.87%, 0, 0, 9, 224.23 5811 9583028
1601628246, 5, 451, 470, 177, 0, 8.87%, 0, 0, 9, 223.36 5811 9584153
1601628328, 5, 451, 472, 179, 0, 8.87%, 0, 0, 9, 229.46 5811 9602365
1601628374, 5, 453, 472, 178, 0, 8.87%, 0, 0, 9, 205.38 5811 9612838
1601628662, 5, 455, 472, 177, 0, 8.87%, 0, 0, 9, 210.18 5811 9668432
1601628938, 5, 457, 472, 176, 0, 8.87%, 0, 0, 9, 227.31 5811 9723101
1601628943, 5, 457, 474, 178, 0, 8.87%, 0, 0, 9, 193.12 5811 9724051
1601628948, 5, 457, 475, 179, 0, 8.87%, 0, 0, 9, 182.05 5811 9724953
1601629034, 5, 457, 476, 180, 0, 8.87%, 0, 0, 9, 186.90 5811 9740859
1601629247, 5, 474, 476, 179, 1, 8.87%, 0, 0, 9, 217.82 5811 9782460
1601629556, 6, 0, 476, 178, 0, 8.87%, 0, 0, 9, 229.02 5811 9841995
1601629561, 6, 6, 476, 178, 0, 8.87%, 0, 0, 9, 232.43 5811 9843171
1601629566, 6, 15, 476, 178, 0, 8.87%, 0, 0, 9, 231.43 5811 9844343
1601629571, 6, 19, 476, 178, 0, 8.87%, 0, 0, 9, 232.07 5811 9845524
1601629740, 6, 24, 476, 177, 0, 8.87%, 0, 0, 9, 229.12 5811 9884760
1601629745, 6, 34, 476, 177, 0, 8.87%, 0, 0, 9, 232.76 5811 9885960
1601629751, 6, 49, 476, 177, 0, 8.87%, 0, 0, 9, 233.56 5811 9887160
1601629756, 6, 58, 476, 177, 0, 8.87%, 0, 0, 9, 233.49 5811 9888344
1601629761, 6, 63, 476, 177, 0, 8.87%, 0, 0, 9, 231.88 5811 9889529
1601629823, 6, 65, 476, 176, 0, 8.87%, 0, 0, 9, 227.47 5811 9903659
1601629894, 6, 72, 476, 175, 0, 8.87%, 0, 0, 9, 235.43 5811 9920276
1601629899, 6, 86, 476, 175, 0, 8.87%, 0, 0, 9, 235.39 5811 9921476
1601629991, 6, 102, 476, 174, 0, 8.87%, 0, 0, 9, 230.91 5811 9942978
1601629996, 6, 113, 477, 175, 0, 8.87%, 0, 0, 9, 231.64 5811 9944127
1601630047, 6, 113, 478, 176, 0, 8.87%, 0, 0, 9, 233.50 5811 9955777
1601630063, 6, 162, 478, 175, 1, 8.87%, 0, 0, 9, 230.91 5811 9959291
1601630237, 6, 226, 478, 174, 1, 8.87%, 0, 0, 9, 231.36 5811 9999369
1601630242, 6, 290, 478, 174, 1, 8.87%, 0, 0, 9, 200.26 5811 10000374
1601630500, 6, 354, 478, 173, 1, 8.87%, 0, 0, 9, 227.68 5811 10049649
1601630505, 6, 420, 478, 173, 1, 8.87%, 0, 0, 9, 202.62 5811 10050674
1601630773, 6, 426, 478, 172, 1, 8.87%, 0, 0, 9, 200.09 5811 10102025
1601631036, 6, 476, 478, 171, 1, 8.87%, 0, 0, 9, 227.86 5811 10152466
1601631114, 6, 476, 479, 172, 1, 8.87%, 0, 0, 9, 234.19 5811 10170419
1601631180, 6, 478, 479, 171, 0, 8.87%, 0, 0, 9, 232.02 5811 10185561
1601631308, 7, 3, 479, 170, 0, 8.87%, 0, 0, 9, 236.37 5811 10215300
1601631313, 7, 13, 479, 170, 0, 8.87%, 0, 0, 9, 234.53 5811 10216496
1601631318, 7, 20, 479, 170, 0, 8.87%, 0, 0, 9, 233.96 5811 10217689
1601631405, 7, 23, 479, 169, 0, 8.87%, 0, 0, 9, 235.45 5811 10237852
1601631410, 7, 29, 479, 169, 0, 8.87%, 0, 0, 9, 234.56 5811 10239053
1601631477, 7, 33, 479, 168, 0, 8.87%, 0, 0, 9, 234.43 5811 10254624
1601631482, 7, 42, 479, 168, 0, 8.87%, 0, 0, 9, 233.76 5811 10255820
1601631487, 7, 48, 479, 168, 0, 8.87%, 0, 0, 9, 232.80 5811 10257017
1601631554, 7, 58, 479, 167, 0, 8.87%, 0, 0, 9, 235.76 5811 10272584
1601631559, 7, 72, 479, 167, 0, 8.87%, 0, 0, 9, 230.52 5811 10273756
1601631564, 7, 79, 479, 167, 0, 8.87%, 0, 0, 9, 232.15 5811 10274947
1601631615, 7, 95, 479, 166, 0, 8.87%, 0, 0, 9, 233.62 5811 10286864
1601631621, 7, 96, 479, 166, 0, 8.87%, 0, 0, 9, 232.60 5811 10288061
1601631698, 7, 106, 479, 165, 0, 8.87%, 0, 0, 9, 230.98 5811 10305928
1601631764, 7, 110, 479, 164, 0, 8.87%, 0, 0, 9, 234.18 5811 10321294
1601631769, 7, 120, 479, 164, 0, 8.87%, 0, 0, 9, 235.63 5811 10322494
1601631775, 7, 125, 479, 164, 0, 8.87%, 0, 0, 9, 235.08 5811 10323694
1601631780, 7, 136, 479, 164, 0, 8.87%, 0, 0, 9, 234.06 5811 10324890
1601631785, 7, 144, 479, 164, 0, 8.87%, 0, 0, 9, 234.14 5811 10326082
1601631790, 7, 153, 479, 164, 0, 8.87%, 0, 0, 9, 234.55 5811 10327282
1601631795, 7, 168, 479, 164, 0, 8.87%, 0, 0, 9, 233.49 5811 10328478
1601631800, 7, 171, 479, 164, 0, 8.87%, 0, 0, 9, 234.76 5811 10329678
1601631805, 7, 172, 479, 164, 0, 8.87%, 0, 0, 9, 229.40 5811 10330871
1601631882, 7, 174, 479, 163, 0, 8.87%, 0, 0, 9, 233.25 5811 10348384
1601631954, 7, 176, 479, 162, 0, 8.87%, 0, 0, 9, 235.53 5811 10365111
1601632026, 7, 179, 479, 161, 0, 8.87%, 0, 0, 9, 230.00 5811 10381873
1601632031, 7, 181, 479, 161, 0, 8.87%, 0, 0, 9, 232.42 5811 10383069
1601632036, 7, 188, 479, 161, 0, 8.87%, 0, 0, 9, 235.53 5811 10384269
1601632041, 7, 191, 479, 161, 0, 8.87%, 0, 0, 9, 232.39 5811 10385454
1601632138, 7, 212, 479, 160, 0, 8.87%, 0, 0, 9, 222.84 5811 10407242
1601632144, 7, 214, 479, 160, 0, 8.87%, 0, 0, 9, 225.43 5811 10408426
1601632149, 7, 216, 479, 160, 0, 8.87%, 0, 0, 9, 227.53 5811 10409614
1601632154, 7, 225, 479, 160, 0, 8.87%, 0, 0, 9, 231.12 5811 10410806
1601632159, 7, 230, 479, 160, 0, 8.87%, 0, 0, 9, 230.36 5811 10411994
1601632164, 7, 231, 479, 160, 0, 8.87%, 0, 0, 9, 229.10 5811 10413183
1601632257, 7, 233, 480, 160, 0, 8.87%, 0, 0, 9, 231.11 5811 10434422
1601632262, 7, 235, 481, 161, 0, 8.87%, 0, 0, 9, 231.70 5811 10435615
1601632354, 7, 238, 481, 160, 0, 8.87%, 0, 0, 9, 234.14 5811 10457075
1601632359, 7, 243, 481, 160, 0, 8.87%, 0, 0, 9, 234.23 5811 10458271
1601632365, 7, 248, 481, 160, 0, 8.87%, 0, 0, 9, 231.90 5811 10459463
1601632370, 7, 252, 481, 160, 0, 8.87%, 0, 0, 9, 228.08 5811 10460639
1601632375, 7, 256, 481, 160, 0, 8.87%, 0, 0, 9, 231.39 5811 10461835
1601632380, 7, 258, 481, 160, 0, 8.87%, 0, 0, 9, 232.05 5811 10463031
1601632385, 7, 259, 481, 160, 0, 8.87%, 0, 0, 9, 231.84 5811 10464233
1601632555, 7, 260, 481, 159, 0, 8.87%, 0, 0, 9, 230.46 5811 10503580
1601632560, 7, 262, 481, 159, 0, 8.87%, 0, 0, 9, 225.58 5811 10504717
1601632661, 7, 263, 481, 158, 0, 8.87%, 0, 0, 9, 231.41 5811 10527706
1601632718, 7, 263, 482, 159, 0, 8.87%, 0, 0, 9, 233.92 5811 10540851
1601632734, 7, 264, 482, 158, 0, 8.87%, 0, 0, 9, 231.79 5811 10544387
1601632739, 7, 274, 482, 158, 0, 8.87%, 0, 0, 9, 216.63 5811 10545524
1601632998, 7, 275, 482, 157, 0, 8.87%, 0, 0, 9, 226.86 5811 10594435
1601633261, 7, 283, 482, 156, 0, 8.87%, 0, 0, 9, 197.64 5811 10644533
1601633514, 7, 284, 482, 155, 0, 8.87%, 0, 0, 9, 218.63 5811 10693182
1601633773, 7, 287, 482, 154, 0, 8.87%, 0, 0, 9, 220.29 5811 10742466
1601634031, 7, 301, 482, 153, 0, 8.87%, 0, 0, 9, 214.66 5811 10791772
1601634290, 7, 306, 482, 152, 0, 8.87%, 0, 0, 9, 206.99 5811 10841342
1601634548, 7, 322, 482, 151, 0, 8.87%, 0, 0, 9, 199.40 5811 10890934
1601634801, 7, 323, 482, 150, 0, 8.87%, 0, 0, 9, 220.39 5811 10939573
1601635059, 7, 327, 482, 149, 0, 8.87%, 0, 0, 9, 203.91 5811 10989210
1601635318, 7, 335, 482, 148, 0, 8.87%, 0, 0, 9, 213.07 5811 11038727
1601635572, 7, 340, 482, 147, 0, 8.87%, 0, 0, 9, 227.63 5811 11087529
1601635830, 7, 344, 482, 146, 0, 8.87%, 0, 0, 9, 210.74 5811 11137217
1601636088, 7, 350, 482, 145, 0, 8.87%, 0, 0, 9, 213.19 5811 11186914
1601636347, 7, 366, 482, 144, 0, 8.87%, 0, 0, 9, 209.17 5811 11236476
1601636592, 7, 367, 482, 143, 0, 8.87%, 0, 0, 9, 211.69 5811 11285582
1601636838, 7, 369, 482, 142, 0, 8.87%, 0, 0, 9, 231.66 5811 11334750
1601637088, 7, 377, 482, 141, 0, 8.87%, 0, 0, 9, 234.13 5811 11384821
1601637093, 7, 378, 482, 141, 0, 8.87%, 0, 0, 9, 229.96 5811 11386012
1601637134, 7, 378, 483, 142, 0, 8.87%, 0, 0, 9, 232.84 5812 11395349
1601637191, 7, 482, 483, 141, 1, 8.87%, 0, 0, 9, 231.96 5812 11408403
1601637196, 7, 482, 484, 142, 1, 8.87%, 0, 0, 9, 229.49 5812 11409555
1601637257, 7, 482, 485, 143, 1, 8.87%, 0, 0, 9, 229.25 5813 11423543
1601637293, 7, 482, 486, 144, 1, 8.87%, 0, 0, 9, 233.44 5813 11431888
1601637385, 7, 484, 487, 144, 1, 8.87%, 0, 0, 10, 231.45 5813 11453479
1601637395, 7, 484, 489, 146, 1, 8.87%, 0, 0, 10, 227.49 5814 11455775
1601637400, 7, 484, 490, 147, 1, 9.11%, 0, 0, 10, 227.79 5973 11456926
1601637456, 7, 484, 491, 148, 1, 9.11%, 0, 0, 10, 231.62 5973 11469573
1601637527, 7, 487, 491, 147, 3, 9.11%, 0, 0, 10, 235.38 5973 11486246
1601637537, 7, 487, 492, 148, 3, 9.11%, 0, 0, 11, 224.74 5973 11488545
1601637675, 7, 489, 492, 147, 3, 9.11%, 0, 0, 11, 224.68 5973 11520003
1601637680, 7, 489, 496, 151, 3, 9.22%, 0, 0, 11, 220.79 6042 11521139
1601637685, 7, 489, 497, 152, 3, 9.22%, 0, 0, 11, 220.46 6042 11522251
1601637690, 7, 489, 499, 154, 3, 9.23%, 0, 0, 11, 221.81 6047 11523402
1601637695, 7, 489, 500, 155, 3, 9.23%, 0, 0, 11, 221.32 6048 11524510
1601637710, 7, 489, 501, 156, 3, 9.26%, 0, 0, 11, 222.68 6071 11527927
1601637823, 7, 491, 501, 155, 9, 9.26%, 0, 0, 11, 220.20 6071 11553614
1601637967, 7, 492, 501, 154, 8, 9.26%, 0, 0, 11, 231.70 6071 11586078
1601637977, 7, 492, 502, 155, 8, 9.27%, 0, 0, 12, 222.56 6075 11588342
1601637987, 7, 492, 503, 156, 8, 9.31%, 0, 0, 12, 221.70 6101 11590585
1601638115, 7, 493, 503, 155, 9, 9.31%, 0, 0, 12, 222.67 6101 11619843
1601638257, 7, 494, 504, 155, 8, 9.31%, 0, 0, 12, 231.69 6102 11652271
1601638267, 7, 494, 507, 158, 8, 9.32%, 0, 0, 12, 219.32 6107 11654386
1601638272, 7, 494, 508, 159, 8, 9.32%, 0, 0, 12, 221.66 6109 11655525
1601638298, 7, 494, 509, 160, 8, 9.32%, 0, 0, 12, 220.37 6110 11661198
1601638303, 7, 494, 511, 162, 8, 9.32%, 0, 0, 12, 224.39 6111 11662334
1601638405, 7, 495, 511, 161, 7, 9.32%, 0, 0, 12, 230.54 6111 11685848
1601638421, 7, 495, 512, 162, 7, 9.32%, 0, 0, 12, 222.07 6111 11689228
1601638426, 7, 495, 513, 163, 7, 9.33%, 0, 0, 12, 222.55 6112 11690355
1601638502, 7, 495, 514, 164, 7, 9.33%, 0, 0, 12, 224.48 6112 11707548
1601638604, 7, 498, 514, 163, 6, 9.33%, 0, 0, 12, 229.75 6112 11731487
1601638752, 7, 500, 514, 162, 5, 9.33%, 0, 0, 12, 221.86 6112 11765105
1601638896, 7, 501, 514, 161, 4, 9.33%, 0, 0, 12, 229.61 6112 11797472
1601639049, 7, 502, 514, 160, 3, 9.33%, 0, 0, 12, 223.42 6112 11832151
1601639085, 7, 502, 516, 162, 3, 9.34%, 0, 0, 13, 220.46 6122 11840071
1601639193, 7, 512, 516, 161, 4, 9.34%, 0, 0, 13, 232.24 6122 11864691
1601639198, 7, 512, 517, 162, 4, 9.35%, 0, 0, 13, 223.93 6125 11865823
1601639346, 7, 514, 517, 161, 4, 9.35%, 0, 0, 13, 228.27 6125 11899394
1601639490, 7, 515, 517, 160, 3, 9.35%, 0, 0, 13, 232.20 6125 11931965
1601639639, 7, 516, 518, 160, 2, 9.35%, 0, 0, 14, 227.90 6125 11965474
1601639675, 7, 516, 519, 161, 2, 9.35%, 0, 0, 14, 220.09 6130 11973362
1601639788, 7, 518, 519, 160, 2, 9.35%, 0, 0, 14, 222.00 6130 11999095
1601639957, 8, 179, 519, 159, 1, 9.35%, 0, 0, 14, 235.92 6130 12037583
1601639962, 8, 222, 519, 159, 1, 9.35%, 0, 0, 14, 236.89 6130 12038792
1601639967, 8, 222, 520, 160, 1, 9.35%, 0, 0, 14, 236.54 6130 12039992
1601640002, 8, 223, 520, 159, 0, 9.35%, 0, 0, 14, 235.30 6130 12048405
1601640007, 8, 233, 520, 159, 0, 9.35%, 0, 0, 14, 235.52 6130 12049605
1601640012, 8, 242, 520, 159, 0, 9.35%, 0, 0, 14, 236.20 6130 12050805
1601640018, 8, 245, 520, 159, 0, 9.35%, 0, 0, 14, 233.64 6130 12052006
1601640109, 8, 248, 520, 158, 0, 9.35%, 0, 0, 14, 231.36 6130 12073103
1601640114, 8, 251, 520, 158, 0, 9.35%, 0, 0, 14, 233.37 6130 12074303
1601640120, 8, 255, 520, 158, 0, 9.35%, 0, 0, 14, 234.35 6130 12075491
1601640125, 8, 263, 520, 158, 0, 9.35%, 0, 0, 14, 236.94 6130 12076691
1601640130, 8, 279, 520, 158, 0, 9.35%, 0, 0, 14, 227.48 6130 12077876
1601640384, 8, 289, 520, 157, 0, 9.35%, 0, 0, 14, 226.66 6130 12126873
1601640643, 8, 309, 520, 156, 0, 9.35%, 0, 0, 14, 228.90 6130 12176963
1601640648, 8, 330, 520, 156, 0, 9.35%, 0, 0, 14, 202.68 6130 12177988
1601640902, 8, 331, 520, 155, 0, 9.35%, 0, 0, 14, 213.08 6130 12226885
1601641156, 8, 333, 520, 154, 0, 9.35%, 0, 0, 14, 228.13 6130 12275787
1601641415, 8, 346, 520, 153, 0, 9.35%, 0, 0, 14, 220.19 6130 12325677
1601641674, 8, 376, 520, 152, 0, 9.35%, 0, 0, 14, 230.70 6130 12375651
1601641679, 8, 379, 520, 152, 0, 9.35%, 0, 0, 14, 234.40 6130 12376847
1601641684, 8, 383, 520, 152, 0, 9.35%, 0, 0, 14, 233.22 6130 12378047
1601641689, 8, 388, 520, 152, 0, 9.35%, 0, 0, 14, 201.18 6130 12379048
1601641942, 8, 394, 520, 151, 0, 9.35%, 0, 0, 14, 224.42 6130 12427477
1601642200, 8, 400, 520, 150, 0, 9.35%, 0, 0, 14, 228.05 6130 12476828
1601642205, 8, 406, 520, 150, 0, 9.35%, 0, 0, 14, 229.52 6130 12477972
1601642297, 8, 406, 521, 151, 0, 9.35%, 0, 0, 14, 230.72 6130 12498894
1601642307, 8, 417, 521, 150, 0, 9.35%, 0, 0, 14, 233.15 6130 12501286
1601642497, 8, 423, 521, 149, 0, 9.35%, 0, 0, 14, 225.76 6130 12545511
1601642766, 8, 428, 521, 148, 0, 9.35%, 0, 0, 14, 220.06 6130 12597636
1601643050, 8, 435, 521, 147, 0, 9.35%, 0, 0, 14, 233.86 6130 12652665
1601643055, 8, 437, 521, 147, 0, 9.35%, 0, 0, 14, 234.20 6130 12653866
1601643152, 8, 446, 521, 146, 0, 9.35%, 0, 0, 14, 222.38 6130 12676627
1601643437, 8, 456, 521, 145, 0, 9.35%, 0, 0, 14, 214.56 6130 12732552
1601643740, 8, 474, 521, 144, 0, 9.35%, 0, 0, 14, 230.11 6130 12792362
1601643745, 8, 476, 521, 144, 0, 9.35%, 0, 0, 14, 231.70 6130 12793558
1601643750, 8, 481, 521, 144, 0, 9.35%, 0, 0, 14, 233.67 6130 12794759
1601643760, 8, 481, 522, 145, 0, 9.35%, 0, 0, 14, 233.54 6130 12797155
1601643847, 8, 521, 522, 144, 1, 9.35%, 0, 0, 14, 234.01 6130 12817527
1601643965, 9, 6, 522, 143, 0, 9.35%, 0, 0, 14, 236.13 6130 12845064
1601643970, 9, 12, 522, 143, 0, 9.35%, 0, 0, 14, 236.93 6130 12846266
1601644077, 9, 13, 522, 142, 0, 9.35%, 0, 0, 14, 235.34 6130 12871466
1601644082, 9, 21, 522, 142, 0, 9.35%, 0, 0, 14, 235.57 6130 12872666
1601644087, 9, 30, 522, 142, 0, 9.35%, 0, 0, 14, 235.76 6130 12873866
1601644092, 9, 42, 522, 142, 0, 9.35%, 0, 0, 14, 235.66 6130 12875062
1601644097, 9, 51, 522, 142, 0, 9.35%, 0, 0, 14, 237.09 6130 12876262
1601644102, 9, 64, 522, 142, 0, 9.35%, 0, 0, 14, 236.75 6130 12877462
1601644107, 9, 78, 522, 142, 0, 9.35%, 0, 0, 14, 237.59 6130 12878662
1601644112, 9, 87, 522, 142, 0, 9.35%, 0, 0, 14, 236.15 6130 12879863
1601644168, 9, 102, 522, 141, 0, 9.35%, 0, 0, 14, 236.43 6130 12893081
1601644174, 9, 103, 522, 141, 0, 9.35%, 0, 0, 14, 229.93 6130 12894270
1601644245, 9, 108, 522, 140, 0, 9.35%, 0, 0, 14, 234.95 6130 12910605
1601644250, 9, 115, 522, 140, 0, 9.35%, 0, 0, 14, 236.22 6130 12911805
1601644255, 9, 123, 522, 140, 0, 9.35%, 0, 0, 14, 236.24 6130 12913005
1601644260, 9, 128, 522, 140, 0, 9.35%, 0, 0, 14, 235.98 6130 12914201
1601644265, 9, 141, 522, 140, 0, 9.35%, 0, 0, 14, 234.99 6130 12915401
1601644270, 9, 145, 522, 140, 0, 9.35%, 0, 0, 14, 234.89 6130 12916597
1601644275, 9, 153, 522, 140, 0, 9.35%, 0, 0, 14, 235.61 6130 12917801
1601644280, 9, 175, 522, 140, 0, 9.35%, 0, 0, 14, 235.91 6130 12919001
1601644285, 9, 179, 522, 140, 0, 9.35%, 0, 0, 14, 235.65 6130 12920201
1601644291, 9, 181, 522, 140, 0, 9.35%, 0, 0, 14, 235.56 6130 12921401
1601644296, 9, 188, 522, 140, 0, 9.35%, 0, 0, 14, 235.63 6130 12922601
1601644301, 9, 193, 522, 140, 0, 9.35%, 0, 0, 14, 235.27 6130 12923802
1601644341, 9, 193, 523, 141, 0, 9.35%, 0, 0, 14, 226.75 6130 12932985
1601644392, 9, 200, 523, 140, 0, 9.35%, 0, 0, 14, 234.81 6130 12944817
1601644398, 9, 205, 523, 140, 0, 9.35%, 0, 0, 14, 231.13 6130 12946018
1601644479, 9, 213, 523, 139, 0, 9.35%, 0, 0, 14, 235.25 6130 12964763
1601644484, 9, 215, 523, 139, 0, 9.35%, 0, 0, 14, 236.62 6130 12965971
1601644489, 9, 223, 523, 139, 0, 9.35%, 0, 0, 14, 237.05 6130 12967171
1601644494, 9, 229, 523, 139, 0, 9.35%, 0, 0, 14, 235.11 6130 12968370
1601644602, 9, 232, 523, 138, 0, 9.35%, 0, 0, 14, 232.90 6130 12993515
1601644607, 9, 232, 524, 139, 0, 9.35%, 0, 0, 14, 228.27 6130 12994705
1601644693, 9, 232, 525, 140, 0, 9.35%, 0, 0, 14, 234.38 6130 13014502
1601644699, 9, 232, 526, 141, 0, 9.35%, 0, 0, 14, 234.92 6130 13015702
1601644719, 9, 233, 526, 140, 0, 9.35%, 0, 0, 14, 233.66 6130 13020502
1601644724, 9, 236, 526, 140, 0, 9.35%, 0, 0, 14, 233.79 6130 13021701
1601644801, 9, 239, 526, 139, 0, 9.35%, 0, 0, 14, 235.47 6130 13039678
1601644882, 9, 243, 526, 138, 0, 9.35%, 0, 0, 14, 235.00 6130 13058406
1601644888, 9, 246, 526, 138, 0, 9.35%, 0, 0, 14, 230.97 6130 13059602
1601644893, 9, 249, 526, 138, 0, 9.35%, 0, 0, 14, 233.71 6130 13060802
1601644898, 9, 253, 526, 138, 0, 9.35%, 0, 0, 14, 235.71 6130 13062003
1601644989, 9, 255, 526, 137, 0, 9.35%, 0, 0, 14, 232.45 6130 13082818
1601644994, 9, 260, 526, 137, 0, 9.35%, 0, 0, 14, 235.35 6130 13084018
1601644999, 9, 268, 526, 137, 0, 9.35%, 0, 0, 14, 204.63 6130 13085039
1601645253, 9, 273, 526, 136, 0, 9.35%, 0, 0, 14, 224.30 6130 13133668
1601645511, 9, 276, 526, 135, 0, 9.35%, 0, 0, 14, 210.57 6130 13183284
1601645770, 9, 286, 526, 134, 0, 9.35%, 0, 0, 14, 198.98 6130 13232945
1601646023, 9, 295, 526, 133, 0, 9.35%, 0, 0, 14, 225.43 6130 13281337
1601646028, 9, 313, 526, 133, 0, 9.35%, 0, 0, 14, 226.03 6130 13282518
1601646287, 9, 326, 526, 132, 0, 9.35%, 0, 0, 14, 214.35 6130 13332072
1601646545, 9, 341, 526, 131, 0, 9.35%, 0, 0, 14, 228.92 6130 13381604
1601646550, 9, 342, 526, 131, 0, 9.35%, 0, 0, 14, 205.11 6130 13382645
1601646803, 9, 343, 526, 130, 0, 9.35%, 0, 0, 14, 228.06 6130 13431181
1601647061, 9, 345, 526, 129, 0, 9.35%, 0, 0, 14, 226.43 6130 13480510
1601647318, 9, 352, 526, 128, 0, 9.35%, 0, 0, 14, 224.83 6130 13529659
1601647577, 9, 364, 526, 127, 0, 9.35%, 0, 0, 14, 218.07 6130 13579425
1601647823, 9, 368, 526, 126, 0, 9.35%, 0, 0, 14, 229.25 6130 13628445
1601647828, 9, 377, 526, 126, 0, 9.35%, 0, 0, 14, 234.77 6130 13629645
1601647833, 9, 383, 526, 126, 0, 9.35%, 0, 0, 14, 233.94 6130 13630845
1601647838, 9, 385, 526, 126, 0, 9.35%, 0, 0, 14, 209.34 6130 13631902
1601648092, 9, 387, 526, 125, 0, 9.35%, 0, 0, 14, 227.71 6130 13680627
1601648351, 9, 403, 526, 124, 0, 9.35%, 0, 0, 14, 227.22 6130 13730355
1601648356, 9, 410, 526, 124, 0, 9.35%, 0, 0, 14, 227.40 6130 13731496
1601648610, 9, 412, 526, 123, 0, 9.35%, 0, 0, 14, 218.76 6130 13782438
1601648885, 9, 412, 527, 124, 0, 9.35%, 0, 0, 14, 195.72 6130 13834358
1601648900, 9, 419, 527, 123, 0, 9.35%, 0, 0, 14, 213.37 6130 13837763
1601649165, 9, 427, 527, 122, 0, 9.35%, 0, 0, 14, 230.45 6130 13889150
1601649170, 9, 439, 527, 122, 0, 9.35%, 0, 0, 14, 234.87 6130 13890352
1601649226, 9, 439, 528, 123, 0, 9.35%, 0, 0, 14, 236.10 6130 13903539
1601649297, 9, 440, 528, 122, 0, 9.35%, 0, 0, 14, 233.71 6130 13920305
1601650336, 9, 445, 528, 121, 0, 9.35%, 0, 0, 14, 234.32 6130 14163521
1601650620, 9, 447, 528, 120, 0, 9.35%, 0, 0, 14, 229.74 6130 14219095
1601650625, 9, 452, 528, 120, 0, 9.35%, 0, 0, 14, 227.51 6130 14220240
1601650722, 9, 452, 529, 121, 0, 9.35%, 0, 0, 14, 233.20 6130 14242288
1601650783, 9, 460, 529, 120, 0, 9.35%, 0, 0, 14, 235.36 6130 14256647
1601650891, 9, 466, 529, 119, 0, 9.35%, 0, 0, 14, 233.18 6130 14281790
1601656886, 9, 469, 529, 118, 0, 9.35%, 0, 0, 14, 213.97 6130 15635804
1601658927, 9, 469, 530, 119, 0, 9.35%, 0, 0, 14, 207.71 6130 16058929
1601660159, 9, 469, 531, 120, 0, 9.35%, 0, 0, 14, 206.73 6130 16314053
1601660574, 9, 469, 532, 121, 0, 9.35%, 0, 0, 14, 207.51 6130 16400157
1601669262, 9, 469, 533, 122, 0, 9.35%, 0, 0, 14, 208.05 6130 18202165
1601669592, 9, 469, 534, 123, 0, 9.35%, 0, 0, 14, 205.79 6130 18270373
