# unix_time, cycles_done, cur_path, paths_total, pending_total, pending_favs, map_size, unique_crashes, unique_hangs, max_depth, execs_per_sec, edge_coverage, total_execs
1605368122, 0, 0, 1, 1, 1, 1.27%, 0, 0, 1, 150.94, 830, 8
1605368127, 0, 0, 93, 93, 1, 1.31%, 0, 0, 2, 1243.62, 858, 6787
1605368132, 0, 0, 99, 99, 1, 1.32%, 0, 0, 2, 1330.82, 863, 13697
1605368137, 0, 0, 114, 114, 1, 1.32%, 0, 0, 2, 1351.48, 868, 20546
1605368142, 0, 0, 142, 142, 1, 1.34%, 0, 0, 2, 1358.65, 875, 27427
1605368147, 0, 0, 293, 293, 1, 1.45%, 0, 0, 2, 1410.86, 952, 34501
1605368152, 0, 0, 339, 339, 1, 1.45%, 0, 0, 2, 1396.96, 952, 41783
1605368157, 0, 0, 356, 356, 1, 1.45%, 0, 0, 2, 1417.99, 952, 48949
1605368162, 0, 0, 364, 364, 1, 1.45%, 0, 0, 2, 1428.66, 952, 56237
1605368168, 0, 0, 368, 368, 1, 1.45%, 0, 0, 2, 1431.98, 952, 63577
1605368173, 0, 37, 370, 369, 14, 1.45%, 0, 0, 3, 1373.37, 952, 70680
1605368193, 0, 172, 370, 368, 14, 1.45%, 0, 0, 3, 1376.94, 952, 96754
1605368198, 0, 185, 370, 366, 12, 1.45%, 0, 0, 3, 1665.12, 952, 105801
1605368203, 0, 200, 370, 365, 11, 1.45%, 0, 0, 3, 1738.04, 952, 114629
1605368208, 0, 200, 374, 369, 11, 1.45%, 0, 0, 3, 1755.07, 952, 123760
1605368219, 0, 235, 375, 369, 11, 1.45%, 0, 0, 3, 1357.41, 952, 139087
1605368244, 0, 246, 381, 374, 10, 1.45%, 0, 0, 3, 1290.03, 952, 170103
1605368249, 0, 246, 383, 376, 10, 1.45%, 0, 0, 3, 1330.42, 952, 176941
1605368254, 0, 246, 384, 377, 10, 1.45%, 0, 0, 3, 1341.54, 952, 183767
1605368269, 0, 246, 385, 378, 10, 1.45%, 0, 0, 3, 1348.65, 952, 204374
1605368285, 0, 246, 386, 379, 10, 1.45%, 0, 0, 3, 1345.38, 952, 224716
1605368290, 0, 246, 387, 380, 10, 1.45%, 0, 0, 3, 1347.44, 952, 231562
1605368295, 0, 246, 409, 402, 10, 1.45%, 0, 0, 3, 1362.79, 952, 238443
1605368300, 0, 246, 413, 406, 10, 1.45%, 0, 0, 3, 1366.51, 952, 245495
1605368305, 0, 246, 418, 411, 10, 1.45%, 0, 0, 3, 1367.81, 952, 252501
1605368310, 0, 246, 419, 412, 10, 1.45%, 0, 0, 3, 1370.43, 952, 259610
1605368315, 0, 261, 421, 413, 10, 1.45%, 0, 0, 3, 1414.90, 952, 266833
1605368320, 0, 292, 421, 411, 8, 1.45%, 0, 0, 3, 1682.40, 952, 275864
1605368326, 0, 338, 421, 409, 6, 1.45%, 0, 0, 3, 1704.51, 952, 284703
1605368331, 0, 340, 422, 409, 5, 1.45%, 0, 0, 3, 1730.05, 952, 293339
1605368336, 0, 370, 422, 408, 5, 1.45%, 0, 0, 3, 1764.09, 952, 302379
1605368341, 0, 371, 422, 407, 4, 1.45%, 0, 0, 3, 1702.21, 952, 311043
1605368356, 0, 373, 422, 406, 3, 1.45%, 0, 0, 3, 1719.23, 952, 336344
1605368361, 0, 374, 422, 405, 2, 1.45%, 0, 0, 3, 1375.33, 952, 343007
1605368386, 0, 386, 423, 405, 2, 1.45%, 0, 0, 4, 1264.82, 952, 374573
1605368437, 0, 391, 424, 405, 2, 1.45%, 0, 0, 4, 1300.80, 952, 442868
1605368484, 0, 391, 425, 406, 2, 1.45%, 0, 0, 4, 1274.65, 953, 501642
1605368494, 0, 391, 428, 409, 2, 1.45%, 0, 0, 4, 1285.57, 953, 514676
1605368499, 0, 391, 430, 411, 2, 1.46%, 0, 0, 4, 1292.53, 954, 521267
1605368504, 0, 391, 432, 413, 2, 1.46%, 0, 0, 4, 1295.93, 954, 527858
1605368519, 0, 405, 432, 412, 2, 1.46%, 0, 0, 4, 1286.07, 954, 547641
1605368571, 0, 429, 433, 412, 1, 1.46%, 0, 0, 5, 1198.39, 954, 612847
1605368576, 0, 429, 434, 413, 1, 1.46%, 0, 0, 5, 1184.06, 954, 618871
1605368607, 0, 429, 435, 414, 1, 1.46%, 0, 0, 5, 1170.50, 954, 654711
1605368612, 0, 429, 436, 415, 1, 1.46%, 0, 0, 5, 1176.20, 954, 660768
1605368648, 0, 429, 439, 418, 1, 1.46%, 0, 0, 5, 1195.30, 954, 703166
1605368653, 0, 429, 444, 423, 1, 1.46%, 0, 0, 5, 1201.31, 954, 709234
1605368658, 0, 429, 447, 426, 1, 1.46%, 0, 0, 5, 1177.12, 954, 715075
1605368663, 0, 429, 449, 428, 1, 1.46%, 0, 0, 5, 1197.24, 954, 721163
1605368668, 0, 429, 451, 430, 1, 1.46%, 0, 0, 5, 1201.63, 954, 727242
1605368673, 0, 443, 451, 429, 0, 1.46%, 0, 0, 5, 1192.71, 954, 733234
1605368755, 0, 446, 451, 428, 0, 1.46%, 0, 0, 5, 1187.03, 954, 829993
1605368832, 0, 446, 452, 429, 0, 1.46%, 0, 0, 6, 1191.23, 954, 920732
1605368837, 0, 446, 455, 432, 0, 1.46%, 0, 0, 6, 1212.50, 954, 926514
1605368842, 0, 446, 456, 433, 0, 1.46%, 0, 0, 6, 1203.95, 954, 932546
1605368857, 0, 446, 457, 434, 0, 1.46%, 0, 0, 6, 1201.95, 954, 950722
1605368862, 0, 452, 458, 434, 0, 1.46%, 0, 0, 6, 1203.14, 954, 956762
1605368954, 1, 2, 459, 434, 0, 1.46%, 0, 0, 7, 1216.72, 954, 1065343
1605368979, 1, 2, 464, 439, 0, 1.46%, 0, 0, 7, 1416.22, 954, 1099639
1605368989, 1, 2, 465, 440, 0, 1.46%, 0, 0, 7, 1451.46, 954, 1114403
1605368995, 1, 2, 466, 441, 0, 1.46%, 0, 0, 7, 1460.40, 954, 1121919
1605369000, 1, 3, 466, 440, 0, 1.46%, 0, 0, 7, 1406.25, 954, 1129117
1605369026, 1, 52, 467, 440, 1, 1.46%, 0, 0, 7, 1344.80, 958, 1163588
1605369046, 1, 129, 467, 439, 1, 1.46%, 0, 0, 7, 1315.28, 958, 1190681
1605369072, 1, 466, 475, 446, 1, 1.46%, 0, 0, 7, 1082.47, 958, 1223660
1605369082, 1, 466, 476, 447, 1, 1.46%, 0, 0, 7, 880.66, 958, 1232513
1605369092, 1, 466, 477, 448, 1, 1.46%, 0, 0, 7, 886.63, 958, 1241484
1605369097, 1, 466, 478, 449, 1, 1.46%, 0, 0, 7, 886.11, 958, 1245965
1605369123, 1, 466, 479, 450, 1, 1.46%, 0, 0, 7, 887.00, 958, 1268294
1605369143, 1, 466, 480, 451, 1, 1.46%, 0, 0, 7, 882.59, 958, 1286237
1605369184, 1, 466, 481, 452, 1, 1.46%, 0, 0, 7, 891.80, 958, 1322080
1605369219, 1, 466, 482, 453, 1, 1.46%, 0, 0, 7, 885.01, 958, 1353121
1605369245, 1, 466, 492, 463, 1, 1.46%, 0, 0, 7, 959.39, 958, 1376129
1605369250, 1, 466, 495, 466, 1, 1.46%, 0, 0, 7, 972.13, 958, 1381109
1605369255, 1, 466, 496, 467, 1, 1.46%, 0, 0, 7, 980.23, 958, 1386117
1605369265, 1, 466, 498, 469, 1, 1.46%, 0, 0, 7, 976.72, 958, 1395899
1605369270, 1, 477, 498, 468, 1, 1.46%, 0, 0, 7, 910.42, 958, 1400545
1605369443, 1, 479, 498, 467, 0, 1.46%, 0, 0, 7, 910.37, 958, 1553009
1605369615, 1, 483, 498, 466, 0, 1.46%, 0, 0, 7, 918.88, 958, 1705173
1605369831, 1, 483, 501, 469, 0, 1.46%, 0, 0, 7, 884.17, 958, 1890725
1605369836, 1, 483, 504, 472, 0, 1.46%, 0, 0, 7, 904.77, 958, 1895307
1605369841, 1, 483, 505, 473, 0, 1.46%, 0, 0, 7, 903.68, 958, 1899905
1605369846, 1, 483, 507, 475, 0, 1.46%, 0, 0, 7, 905.00, 958, 1904511
1605369851, 1, 483, 508, 476, 0, 1.46%, 0, 0, 7, 908.28, 958, 1909181
1605369856, 1, 491, 508, 475, 0, 1.46%, 0, 0, 7, 923.11, 958, 1913870
1605370030, 1, 493, 508, 474, 0, 1.46%, 0, 0, 7, 996.58, 958, 2083556
1605370061, 1, 493, 509, 475, 0, 1.46%, 0, 0, 7, 810.47, 958, 2108600
1605370319, 1, 493, 510, 476, 0, 1.46%, 0, 0, 7, 824.02, 958, 2316409
1605370324, 1, 493, 511, 477, 0, 1.46%, 0, 0, 7, 837.44, 958, 2320625
1605370334, 1, 495, 512, 477, 0, 1.46%, 0, 0, 7, 793.22, 958, 2328809
1605370344, 1, 495, 515, 480, 0, 1.46%, 0, 0, 7, 776.82, 958, 2336558
1605370655, 1, 496, 515, 479, 0, 1.46%, 0, 0, 7, 854.73, 958, 2576764
1605370864, 1, 496, 516, 480, 0, 1.46%, 0, 0, 7, 888.65, 958, 2759937
1605370875, 1, 497, 516, 479, 0, 1.46%, 0, 0, 7, 844.73, 958, 2768733
1605371134, 1, 505, 516, 478, 0, 1.46%, 0, 0, 7, 861.69, 958, 2983382
1605371329, 1, 513, 516, 477, 0, 1.46%, 0, 0, 7, 845.10, 958, 3149172
1605371650, 1, 514, 516, 476, 0, 1.46%, 0, 0, 7, 786.31, 958, 3396933
1605371966, 1, 514, 517, 477, 0, 1.46%, 0, 0, 7, 769.18, 959, 3640848
1605371976, 1, 516, 518, 477, 1, 1.46%, 0, 0, 7, 687.72, 959, 3648352
1605372181, 1, 516, 519, 478, 1, 1.46%, 0, 0, 7, 653.70, 959, 3781019
1605372427, 1, 516, 520, 479, 1, 1.46%, 0, 0, 7, 653.64, 959, 3940787
1605372468, 1, 516, 522, 481, 1, 1.46%, 0, 0, 7, 664.99, 959, 3967620
1605372473, 1, 516, 524, 483, 1, 1.46%, 0, 0, 7, 682.74, 959, 3971185
1605372478, 1, 516, 525, 484, 1, 1.46%, 0, 0, 7, 687.68, 959, 3974755
1605372483, 1, 516, 526, 485, 1, 1.46%, 0, 0, 7, 688.67, 959, 3978325
1605372489, 1, 516, 527, 486, 1, 1.46%, 0, 0, 7, 688.60, 959, 3981895
1605372504, 1, 518, 527, 485, 1, 1.46%, 0, 0, 7, 674.29, 959, 3992454
1605373006, 1, 518, 528, 486, 1, 1.46%, 0, 0, 8, 685.73, 959, 4317639
1605373011, 1, 520, 528, 485, 0, 1.46%, 0, 0, 8, 651.25, 959, 4320984
1605373556, 1, 520, 529, 486, 0, 1.46%, 0, 0, 8, 655.29, 959, 4667030
1605373561, 1, 520, 531, 488, 0, 1.46%, 0, 0, 8, 659.35, 959, 4670439
1605373572, 1, 520, 532, 489, 0, 1.46%, 0, 0, 8, 657.90, 959, 4677246
1605373592, 1, 529, 533, 489, 0, 1.46%, 0, 0, 8, 621.35, 959, 4690389
1605374209, 1, 529, 534, 490, 0, 1.46%, 0, 0, 9, 630.59, 959, 5068567
1605374219, 1, 529, 535, 491, 0, 1.46%, 0, 0, 9, 632.92, 959, 5074899
1605374230, 1, 529, 536, 492, 0, 1.46%, 0, 0, 9, 635.11, 959, 5081495
1605374235, 1, 531, 536, 491, 0, 1.46%, 0, 0, 9, 626.81, 959, 5084663
1605374317, 1, 531, 537, 492, 0, 1.46%, 0, 0, 9, 603.08, 959, 5134147
1605374889, 1, 535, 537, 491, 0, 1.46%, 0, 0, 9, 597.25, 959, 5479738
1605374894, 1, 535, 538, 492, 0, 1.46%, 0, 0, 10, 564.18, 959, 5482626
1605374905, 1, 535, 540, 494, 0, 1.46%, 0, 0, 10, 556.50, 959, 5488417
1605375747, 1, 539, 540, 493, 0, 1.46%, 0, 0, 10, 561.11, 959, 5954744
1605376592, 1, 539, 541, 494, 0, 1.46%, 0, 0, 11, 563.22, 959, 6426992
1605376602, 2, 0, 559, 511, 0, 1.46%, 0, 0, 11, 1093.51, 960, 6435251
1605376607, 2, 161, 562, 514, 1, 1.46%, 0, 0, 11, 1432.14, 960, 6443012
1605376617, 2, 174, 562, 513, 1, 1.46%, 0, 0, 11, 1476.52, 960, 6458381
1605376642, 2, 354, 562, 512, 1, 1.46%, 0, 0, 11, 1536.20, 960, 6494386
1605376648, 2, 392, 562, 511, 1, 1.46%, 0, 0, 11, 1511.11, 960, 6502460
1605376724, 2, 450, 562, 510, 1, 1.46%, 0, 0, 11, 1192.32, 960, 6594069
1605376826, 2, 450, 564, 512, 1, 1.46%, 0, 0, 11, 1225.12, 960, 6710165
1605376831, 2, 450, 565, 513, 1, 1.46%, 0, 0, 11, 1280.87, 960, 6716668
1605376836, 2, 450, 566, 514, 1, 1.46%, 0, 0, 11, 1285.34, 960, 6723226
1605376846, 2, 542, 566, 513, 1, 1.46%, 0, 0, 11, 1570.56, 960, 6737315
1605376897, 2, 544, 566, 512, 0, 1.46%, 0, 0, 11, 1673.52, 960, 6824684
1605377099, 2, 546, 566, 511, 0, 1.46%, 0, 0, 11, 1372.46, 960, 7128863
1605378678, 2, 548, 566, 510, 0, 1.46%, 0, 0, 11, 937.65, 960, 9060774
1605385329, 2, 548, 568, 512, 0, 1.46%, 0, 0, 11, 705.91, 960, 13737648
1605385334, 2, 548, 569, 513, 0, 1.46%, 0, 0, 11, 691.74, 960, 13741217
1605385340, 2, 548, 570, 514, 0, 1.46%, 0, 0, 11, 689.33, 960, 13744787
1605385365, 2, 550, 570, 513, 0, 1.46%, 0, 0, 11, 736.18, 960, 13762436
1605388144, 2, 551, 570, 512, 0, 1.46%, 0, 0, 11, 797.68, 960, 16018363
1605395542, 2, 554, 570, 511, 0, 1.46%, 0, 0, 11, 709.98, 960, 21619040
1605407501, 2, 555, 570, 510, 0, 1.46%, 0, 0, 11, 905.59, 960, 29233945
1605413306, 2, 556, 570, 509, 0, 1.46%, 0, 0, 11, 708.67, 960, 34878024
1605414306, 2, 556, 573, 512, 0, 2.30%, 0, 0, 11, 586.63, 1509, 35485451
1605414317, 2, 556, 575, 514, 0, 2.31%, 0, 0, 11, 680.85, 1516, 35492566
1605414322, 2, 556, 576, 515, 0, 2.31%, 0, 0, 11, 667.85, 1516, 35495889
1605414327, 2, 556, 577, 516, 0, 2.32%, 0, 0, 11, 660.96, 1519, 35499212
1605414332, 2, 556, 579, 518, 0, 2.32%, 0, 0, 11, 685.36, 1519, 35502790
1605414337, 2, 556, 580, 519, 0, 2.32%, 0, 0, 11, 681.53, 1521, 35506321
1605414342, 2, 556, 582, 521, 0, 2.32%, 0, 0, 11, 677.06, 1521, 35509834
1605414347, 2, 556, 585, 524, 0, 2.32%, 0, 0, 11, 685.51, 1523, 35513290
1605414353, 2, 556, 586, 525, 0, 2.32%, 0, 0, 11, 685.86, 1523, 35516873
1605414358, 2, 572, 587, 525, 5, 2.32%, 0, 0, 11, 402.22, 1523, 35518872
1605414363, 2, 572, 653, 591, 5, 2.32%, 0, 0, 11, 281.47, 1523, 35520166
1605414368, 2, 572, 743, 681, 5, 2.32%, 0, 0, 11, 260.01, 1523, 35521471
1605414373, 2, 572, 801, 739, 5, 2.32%, 0, 0, 11, 256.39, 1523, 35522792
1605414378, 2, 572, 833, 771, 5, 2.32%, 0, 0, 11, 249.50, 1523, 35524058
1605414383, 2, 572, 854, 792, 5, 2.32%, 0, 0, 11, 254.09, 1523, 35525341
1605414388, 2, 572, 886, 824, 5, 2.32%, 0, 0, 11, 252.69, 1523, 35526578
1605414394, 2, 572, 916, 854, 5, 2.32%, 0, 0, 11, 251.01, 1523, 35527902
1605414399, 2, 572, 923, 861, 5, 2.32%, 0, 0, 11, 253.90, 1523, 35529172
1605414404, 2, 572, 937, 875, 5, 2.32%, 0, 0, 11, 244.75, 1523, 35530363
1605414409, 2, 572, 948, 886, 5, 2.32%, 0, 0, 11, 243.97, 1523, 35531587
1605414414, 2, 572, 954, 892, 5, 2.32%, 0, 0, 11, 245.65, 1523, 35532867
1605414419, 2, 572, 968, 906, 5, 2.32%, 0, 0, 11, 245.75, 1523, 35534123
1605414424, 2, 572, 977, 915, 5, 2.32%, 0, 0, 11, 252.65, 1523, 35535425
1605414429, 2, 572, 982, 920, 5, 2.32%, 0, 0, 11, 244.29, 1523, 35536631
1605414434, 2, 572, 985, 923, 5, 2.32%, 0, 0, 11, 253.40, 1523, 35537914
1605414439, 2, 572, 990, 928, 5, 2.32%, 0, 0, 11, 255.19, 1523, 35539219
1605414444, 2, 572, 994, 932, 5, 2.32%, 0, 0, 11, 252.48, 1523, 35540481
1605414450, 2, 572, 1001, 939, 5, 2.32%, 0, 0, 11, 249.77, 1523, 35541755
1605414455, 2, 572, 1005, 943, 5, 2.32%, 0, 0, 11, 251.70, 1523, 35543054
1605414460, 2, 572, 1007, 945, 5, 2.32%, 0, 0, 11, 246.34, 1523, 35544283
1605414465, 2, 572, 1008, 946, 5, 2.32%, 0, 0, 11, 253.22, 1523, 35545568
1605414470, 2, 572, 1009, 947, 5, 2.32%, 0, 0, 11, 255.37, 1523, 35546886
1605414475, 2, 572, 1011, 949, 5, 2.32%, 0, 0, 11, 254.82, 1523, 35548187
1605414480, 2, 572, 1012, 950, 5, 2.32%, 0, 0, 11, 255.75, 1523, 35549500
1605414485, 2, 572, 1016, 954, 5, 2.32%, 0, 0, 11, 254.51, 1523, 35550797
1605414491, 2, 572, 1020, 958, 5, 2.32%, 0, 0, 11, 255.81, 1523, 35552104
1605414496, 2, 572, 1021, 959, 5, 2.32%, 0, 0, 11, 256.17, 1523, 35553422
1605414506, 2, 572, 1023, 961, 5, 2.32%, 0, 0, 11, 256.32, 1523, 35556053
1605414511, 2, 572, 1024, 962, 5, 2.32%, 0, 0, 11, 204.49, 1523, 35557119
1605414516, 2, 572, 1025, 963, 5, 2.32%, 0, 0, 11, 243.08, 1523, 35558387
1605414521, 2, 572, 1028, 966, 5, 2.32%, 0, 0, 11, 253.22, 1523, 35559713
1605414527, 2, 572, 1029, 967, 5, 2.32%, 0, 0, 11, 255.59, 1523, 35561031
1605414542, 2, 572, 1031, 969, 5, 2.32%, 0, 0, 11, 256.29, 1523, 35564987
1605414557, 2, 572, 1032, 970, 5, 2.32%, 0, 0, 11, 256.10, 1523, 35568935
1605414578, 2, 572, 1033, 971, 5, 2.32%, 0, 0, 11, 256.30, 1523, 35574208
1605414583, 2, 572, 1035, 973, 5, 2.32%, 0, 0, 11, 256.02, 1523, 35575524
1605414619, 2, 572, 1037, 975, 5, 2.32%, 0, 0, 11, 168.38, 1523, 35583756
1605414629, 2, 572, 1039, 977, 5, 2.32%, 0, 0, 11, 251.58, 1523, 35586346
1605414634, 2, 572, 1040, 978, 5, 2.32%, 0, 0, 11, 255.01, 1523, 35587664
1605414645, 2, 572, 1043, 981, 5, 2.32%, 0, 0, 11, 255.56, 1523, 35590298
1605414650, 2, 572, 1044, 982, 5, 2.32%, 0, 0, 11, 255.66, 1523, 35591611
1605414660, 2, 572, 1047, 985, 5, 2.32%, 0, 0, 11, 255.32, 1523, 35594240
1605414665, 2, 572, 1048, 986, 5, 2.32%, 0, 0, 11, 253.74, 1523, 35595548
1605414717, 2, 572, 1049, 987, 5, 2.32%, 0, 0, 11, 253.59, 1523, 35607961
1605414727, 2, 572, 1051, 989, 5, 2.32%, 0, 0, 11, 255.89, 1523, 35610597
1605414732, 2, 572, 1053, 991, 5, 2.32%, 0, 0, 11, 256.25, 1523, 35611913
1605414737, 2, 572, 1055, 993, 5, 2.32%, 0, 0, 11, 256.38, 1523, 35613227
1605414742, 2, 572, 1056, 994, 5, 2.32%, 0, 0, 11, 222.60, 1523, 35614307
1605414748, 2, 572, 1059, 997, 5, 2.32%, 0, 0, 11, 226.75, 1523, 35615459
1605414753, 2, 572, 1060, 998, 5, 2.32%, 0, 0, 11, 235.88, 1523, 35616691
1605414763, 2, 572, 1062, 1000, 5, 2.32%, 0, 0, 11, 255.53, 1523, 35619318
1605414768, 2, 572, 1063, 1001, 5, 2.32%, 0, 0, 11, 256.35, 1523, 35620636
1605414778, 2, 572, 1064, 1002, 5, 2.32%, 0, 0, 11, 256.65, 1523, 35623274
1605414784, 2, 572, 1066, 1004, 5, 2.32%, 0, 0, 11, 255.19, 1523, 35624575
1605414809, 2, 572, 1067, 1005, 5, 2.32%, 0, 0, 11, 255.04, 1523, 35631078
1605414820, 2, 572, 1068, 1006, 5, 2.32%, 0, 0, 11, 253.16, 1523, 35633686
1605414825, 2, 572, 1069, 1007, 5, 2.32%, 0, 0, 11, 255.71, 1523, 35635004
1605414840, 2, 572, 1070, 1008, 5, 2.32%, 0, 0, 11, 256.66, 1523, 35638907
1605414861, 2, 572, 1071, 1009, 5, 2.32%, 0, 0, 11, 256.79, 1523, 35644175
1605414917, 2, 572, 1072, 1010, 5, 2.32%, 0, 0, 11, 253.17, 1523, 35657613
1605414932, 2, 572, 1073, 1011, 5, 2.32%, 0, 0, 11, 251.48, 1523, 35661496
1605414942, 2, 572, 1074, 1012, 5, 2.32%, 0, 0, 11, 248.36, 1523, 35664003
1605414963, 2, 572, 1076, 1014, 5, 2.32%, 0, 0, 11, 251.03, 1523, 35669115
1605414978, 2, 572, 1077, 1015, 5, 2.32%, 0, 0, 11, 254.04, 1523, 35672933
1605415044, 2, 572, 1078, 1016, 5, 2.32%, 0, 0, 11, 254.30, 1523, 35689411
1605415049, 2, 572, 1079, 1017, 5, 2.32%, 0, 0, 11, 255.22, 1523, 35690614
1605415065, 2, 572, 1080, 1018, 5, 2.32%, 0, 0, 11, 254.27, 1523, 35694502
1605415080, 2, 572, 1081, 1019, 5, 2.32%, 0, 0, 11, 249.21, 1523, 35698445
1605415091, 2, 572, 1082, 1020, 5, 2.32%, 0, 0, 11, 254.46, 1523, 35701058
1605415101, 2, 572, 1083, 1021, 5, 2.32%, 0, 0, 11, 255.50, 1523, 35703598
1605415126, 2, 572, 1084, 1022, 5, 2.32%, 0, 0, 11, 256.47, 1523, 35710111
1605415142, 2, 572, 1085, 1023, 5, 2.32%, 0, 0, 11, 256.10, 1523, 35714069
1605415162, 2, 572, 1086, 1024, 5, 2.32%, 0, 0, 11, 256.30, 1523, 35719347
1605415173, 2, 572, 1087, 1025, 5, 2.32%, 0, 0, 11, 256.37, 1523, 35721985
1605415178, 2, 572, 1088, 1026, 5, 2.32%, 0, 0, 11, 256.16, 1523, 35723303
1605415183, 2, 572, 1089, 1027, 5, 2.32%, 0, 0, 11, 255.81, 1523, 35724621
1605415204, 2, 572, 1090, 1028, 5, 2.32%, 0, 0, 11, 256.21, 1523, 35729899
1605415214, 2, 572, 1092, 1030, 5, 2.32%, 0, 0, 11, 229.77, 1523, 35732422
1605415260, 2, 572, 1093, 1031, 5, 2.32%, 0, 0, 11, 256.29, 1523, 35743828
1605415270, 2, 572, 1094, 1032, 5, 2.32%, 0, 0, 11, 255.51, 1523, 35746466
1605415276, 2, 572, 1095, 1033, 5, 2.32%, 0, 0, 11, 255.43, 1523, 35747784
1605415301, 2, 572, 1096, 1034, 5, 2.32%, 0, 0, 11, 256.06, 1523, 35754377
1605415312, 2, 572, 1097, 1035, 5, 2.32%, 0, 0, 11, 255.75, 1523, 35757015
1605415415, 2, 572, 1098, 1036, 5, 2.32%, 0, 0, 11, 256.25, 1523, 35783313
1605415430, 2, 572, 1099, 1037, 5, 2.32%, 0, 0, 11, 254.34, 1523, 35787186
1605415445, 2, 572, 1100, 1038, 5, 2.32%, 0, 0, 11, 256.29, 1523, 35791144
1605415543, 2, 572, 1102, 1040, 5, 2.32%, 0, 0, 11, 255.88, 1523, 35815531
1605415558, 2, 572, 1103, 1041, 5, 2.32%, 0, 0, 11, 255.42, 1523, 35819454
1605415569, 2, 572, 1104, 1042, 5, 2.32%, 0, 0, 11, 253.31, 1523, 35822072
1605415584, 2, 572, 1105, 1043, 5, 2.32%, 0, 0, 11, 254.90, 1523, 35825950
1605415604, 2, 572, 1106, 1044, 5, 2.32%, 0, 0, 11, 251.31, 1523, 35830996
1605415640, 2, 572, 1107, 1045, 5, 2.32%, 0, 0, 11, 184.02, 1523, 35839587
1605415645, 2, 572, 1108, 1046, 5, 2.32%, 0, 0, 11, 220.21, 1523, 35840670
1605415701, 2, 572, 1109, 1047, 5, 2.32%, 0, 0, 11, 250.36, 1523, 35854630
1605415906, 2, 572, 1110, 1048, 5, 2.32%, 0, 0, 11, 252.15, 1523, 35905653
1605415998, 2, 572, 1111, 1049, 5, 2.32%, 0, 0, 11, 255.21, 1523, 35928976
1605416105, 2, 572, 1112, 1050, 5, 2.32%, 0, 0, 11, 255.69, 1523, 35955684
1605416146, 2, 572, 1113, 1051, 5, 2.32%, 0, 0, 11, 256.36, 1523, 35966237
1605416172, 2, 572, 1114, 1052, 5, 2.32%, 0, 0, 11, 245.18, 1523, 35972362
1605416285, 2, 572, 1115, 1053, 5, 2.32%, 0, 0, 11, 255.85, 1523, 36001343
1605416362, 2, 572, 1116, 1054, 5, 2.32%, 0, 0, 11, 252.97, 1523, 36020546
1605416368, 2, 572, 1117, 1055, 5, 2.32%, 0, 0, 11, 252.74, 1523, 36021829
1605416408, 2, 572, 1118, 1056, 5, 2.32%, 0, 0, 11, 255.52, 1523, 36032172
1605416419, 2, 572, 1119, 1057, 5, 2.32%, 0, 0, 11, 256.12, 1523, 36034805
1605416455, 2, 572, 1120, 1058, 5, 2.32%, 0, 0, 11, 256.82, 1523, 36044043
1605416790, 2, 572, 1121, 1059, 5, 2.32%, 0, 0, 11, 252.92, 1523, 36129506
1605416917, 2, 572, 1122, 1060, 5, 2.32%, 0, 0, 11, 252.84, 1523, 36161599
1605417010, 2, 572, 1123, 1061, 5, 2.32%, 0, 0, 11, 256.87, 1523, 36184947
1605417277, 2, 572, 1124, 1062, 5, 2.32%, 0, 0, 11, 256.82, 1523, 36253420
1605417437, 2, 572, 1125, 1063, 5, 2.32%, 0, 0, 11, 256.15, 1523, 36294293
1605417545, 2, 572, 1126, 1064, 5, 2.32%, 0, 0, 11, 256.02, 1523, 36321971
1605417962, 2, 572, 1127, 1065, 5, 2.32%, 0, 0, 11, 255.99, 1523, 36428569
1605418100, 2, 572, 1128, 1066, 5, 2.32%, 0, 0, 11, 247.29, 1523, 36462982
1605418229, 2, 572, 1129, 1067, 5, 2.32%, 0, 0, 11, 250.10, 1523, 36495670
1605418588, 2, 572, 1130, 1068, 5, 2.32%, 0, 0, 11, 256.20, 1523, 36587007
1605418814, 2, 572, 1131, 1069, 5, 2.32%, 0, 0, 11, 251.58, 1523, 36643877
1605418819, 2, 572, 1132, 1070, 5, 2.32%, 0, 0, 11, 254.67, 1523, 36645195
1605418865, 2, 572, 1133, 1071, 5, 2.32%, 0, 0, 11, 253.47, 1523, 36656213
1605419107, 2, 572, 1134, 1072, 5, 2.32%, 0, 0, 11, 255.73, 1523, 36717711
1605419410, 2, 572, 1135, 1073, 5, 2.32%, 0, 0, 11, 255.56, 1523, 36793974
1605419661, 2, 572, 1136, 1074, 5, 2.32%, 0, 0, 11, 253.07, 1523, 36856837
1605420030, 2, 572, 1137, 1075, 5, 2.32%, 0, 0, 11, 255.88, 1523, 36950499
1605420046, 2, 572, 1138, 1076, 5, 2.32%, 0, 0, 11, 256.47, 1523, 36954457
1605420225, 2, 572, 1139, 1077, 5, 2.32%, 0, 0, 11, 256.19, 1523, 36999830
1605420395, 2, 572, 1140, 1078, 5, 2.32%, 0, 0, 11, 256.44, 1523, 37043343
1605420514, 2, 572, 1141, 1079, 5, 2.32%, 0, 0, 11, 256.04, 1523, 37073696
1605421951, 2, 572, 1167, 1105, 5, 2.32%, 0, 0, 11, 253.33, 1523, 37438514
1605421956, 2, 572, 1235, 1173, 5, 2.32%, 0, 0, 11, 246.05, 1523, 37439778
1605421961, 2, 572, 1280, 1218, 5, 2.32%, 0, 0, 11, 262.54, 1523, 37441143
1605421966, 2, 572, 1314, 1252, 5, 2.32%, 0, 0, 11, 267.16, 1523, 37442489
1605421971, 2, 572, 1332, 1270, 5, 2.32%, 0, 0, 11, 271.78, 1523, 37443854
1605421976, 2, 572, 1347, 1285, 5, 2.32%, 0, 0, 11, 275.15, 1523, 37445244
1605421981, 2, 572, 1356, 1294, 5, 2.32%, 0, 0, 11, 278.38, 1523, 37446706
1605421987, 2, 572, 1365, 1303, 5, 2.32%, 0, 0, 11, 286.24, 1523, 37448203
1605421992, 2, 572, 1373, 1311, 5, 2.32%, 0, 0, 11, 284.86, 1523, 37449677
1605421997, 2, 572, 1377, 1315, 5, 2.32%, 0, 0, 11, 281.16, 1523, 37451144
1605422002, 2, 572, 1380, 1318, 5, 2.32%, 0, 0, 11, 291.00, 1523, 37452658
1605422007, 2, 572, 1384, 1322, 5, 2.32%, 0, 0, 11, 288.07, 1523, 37454105
1605422012, 2, 572, 1387, 1325, 5, 2.32%, 0, 0, 11, 287.76, 1523, 37455539
1605422022, 2, 572, 1389, 1327, 5, 2.32%, 0, 0, 11, 290.40, 1523, 37458465
1605422038, 2, 572, 1391, 1329, 5, 2.32%, 0, 0, 11, 286.77, 1523, 37462911
1605422048, 2, 712, 1391, 1328, 4, 2.32%, 0, 0, 11, 256.49, 1523, 37465610
1605429628, 2, 712, 1392, 1329, 4, 2.32%, 0, 0, 11, 278.24, 1523, 39381599
1605429644, 2, 712, 1393, 1330, 4, 2.32%, 0, 0, 11, 283.28, 1523, 39385982
1605429649, 2, 712, 1395, 1332, 4, 2.32%, 0, 0, 11, 286.02, 1523, 39387418
1605429654, 2, 712, 1396, 1333, 4, 2.32%, 0, 0, 11, 286.78, 1523, 39388906
1605429659, 2, 712, 1397, 1334, 4, 2.32%, 0, 0, 11, 286.14, 1523, 39390389
1605429669, 2, 712, 1398, 1335, 4, 2.32%, 0, 0, 11, 286.90, 1523, 39393312
1605429674, 2, 712, 1400, 1337, 4, 2.32%, 0, 0, 11, 280.49, 1523, 39394723
1605429680, 2, 712, 1401, 1338, 4, 2.32%, 0, 0, 11, 284.65, 1523, 39396216
1605429685, 2, 712, 1402, 1339, 4, 2.32%, 0, 0, 11, 283.99, 1523, 39397694
1605429690, 2, 712, 1403, 1340, 4, 2.32%, 0, 0, 11, 287.81, 1523, 39399197
1605429695, 2, 712, 1405, 1342, 4, 2.32%, 0, 0, 11, 293.25, 1523, 39400683
1605429700, 2, 712, 1406, 1343, 4, 2.32%, 0, 0, 11, 290.07, 1523, 39402141
1605429710, 2, 795, 1406, 1342, 4, 2.32%, 0, 0, 11, 286.77, 1523, 39405067
1605437306, 2, 968, 1406, 1341, 4, 2.32%, 0, 0, 11, 275.94, 1523, 41324189
1605443174, 2, 968, 1407, 1342, 4, 2.32%, 0, 0, 11, 255.73, 1523, 42805623
1605444892, 2, 968, 1409, 1344, 4, 2.32%, 0, 0, 11, 289.14, 1523, 43241974
1605444897, 2, 968, 1410, 1345, 4, 2.32%, 0, 0, 11, 293.82, 1523, 43243457
1605444938, 2, 968, 1411, 1346, 4, 2.32%, 0, 0, 11, 292.32, 1523, 43254530
1605444943, 2, 968, 1412, 1347, 4, 2.32%, 0, 0, 11, 293.79, 1523, 43256053
1605444948, 2, 968, 1414, 1349, 4, 2.32%, 0, 0, 11, 294.75, 1523, 43257579
1605444995, 2, 968, 1415, 1350, 4, 2.32%, 0, 0, 11, 289.65, 1523, 43271162
1605445000, 2, 1026, 1415, 1349, 3, 2.32%, 0, 0, 11, 281.38, 1523, 43272595
1605452572, 2, 1026, 1416, 1350, 3, 2.32%, 0, 0, 11, 278.33, 1523, 45188971
1605452592, 2, 1068, 1416, 1349, 3, 2.32%, 0, 0, 11, 272.63, 1523, 45194820
