# unix_time, cycles_done, cur_path, paths_total, pending_total, pending_favs, map_size, unique_crashes, unique_hangs, max_depth, execs_per_sec, edge_coverage, total_execs
1606835355, 0, 0, 1, 1, 1, 3.90%, 0, 0, 1, 114.29, 2557, 8
1606835360, 0, 0, 40, 40, 1, 4.11%, 0, 0, 2, 207.00, 2693, 2802
1606835365, 0, 0, 217, 217, 1, 4.53%, 0, 0, 2, 1088.84, 2972, 5830
1606835370, 0, 0, 263, 263, 1, 4.57%, 0, 0, 2, 612.14, 2995, 8746
1606835375, 0, 0, 318, 318, 1, 4.59%, 0, 0, 2, 760.25, 3007, 13034
1606835381, 0, 0, 357, 357, 1, 4.60%, 0, 0, 2, 554.67, 3015, 15676
1606835386, 0, 0, 373, 373, 1, 4.60%, 0, 0, 2, 707.73, 3015, 19467
1606835391, 0, 0, 383, 383, 1, 4.60%, 0, 0, 2, 688.91, 3015, 22901
1606835396, 0, 0, 385, 385, 1, 4.60%, 0, 0, 2, 355.67, 3015, 24513
1606835406, 0, 0, 386, 386, 1, 4.60%, 0, 0, 2, 182.12, 3015, 26178
1606835457, 0, 0, 387, 387, 1, 4.60%, 0, 0, 2, 195.05, 3015, 36890
1606835493, 0, 0, 388, 388, 1, 4.60%, 0, 0, 2, 183.17, 3015, 43771
1606835498, 0, 0, 389, 389, 1, 4.60%, 0, 0, 2, 177.20, 3015, 44661
1606835513, 0, 0, 390, 390, 1, 4.60%, 0, 0, 2, 182.09, 3015, 47597
1606835528, 0, 0, 391, 391, 1, 4.60%, 0, 0, 2, 218.58, 3015, 50862
1606835630, 0, 0, 392, 392, 1, 4.60%, 0, 0, 2, 168.28, 3015, 71286
1606835655, 0, 0, 393, 393, 1, 4.60%, 0, 0, 2, 243.94, 3015, 77022
1606835670, 0, 0, 394, 394, 1, 4.60%, 0, 0, 2, 261.91, 3015, 80397
1606835676, 0, 0, 395, 395, 1, 4.61%, 0, 0, 2, 211.37, 3020, 81398
1606835686, 0, 0, 396, 396, 1, 4.61%, 0, 0, 2, 201.26, 3024, 83458
1606835691, 0, 0, 399, 399, 1, 4.62%, 0, 0, 2, 213.17, 3026, 84542
1606835747, 0, 0, 402, 402, 1, 4.62%, 0, 0, 2, 165.99, 3026, 95270
1606835823, 0, 0, 403, 403, 1, 4.62%, 0, 0, 2, 190.08, 3026, 109393
1606835843, 0, 0, 404, 404, 1, 4.62%, 0, 0, 2, 184.36, 3026, 113013
1606835874, 0, 0, 406, 406, 1, 4.62%, 0, 0, 2, 173.16, 3028, 118555
1606835884, 0, 0, 408, 408, 1, 4.62%, 0, 0, 2, 188.29, 3030, 120506
1606835900, 0, 0, 409, 409, 1, 4.62%, 0, 0, 2, 189.28, 3030, 123277
1606835915, 0, 0, 411, 411, 1, 4.62%, 0, 0, 2, 188.70, 3031, 126239
1606835925, 0, 0, 437, 437, 1, 4.63%, 0, 0, 2, 185.71, 3035, 128248
1606835930, 0, 0, 481, 481, 1, 4.63%, 0, 0, 2, 170.33, 3036, 129058
1606835935, 0, 0, 516, 516, 1, 4.63%, 0, 0, 2, 176.79, 3036, 129920
1606835940, 0, 0, 528, 528, 1, 4.63%, 0, 0, 2, 199.30, 3036, 130957
1606835945, 0, 0, 556, 556, 1, 4.63%, 0, 0, 2, 147.72, 3036, 131642
1606835951, 0, 0, 567, 567, 1, 4.63%, 0, 0, 2, 144.89, 3036, 132370
1606835956, 0, 0, 570, 570, 1, 4.63%, 0, 0, 2, 142.68, 3036, 133106
1606835961, 0, 0, 575, 575, 1, 4.63%, 0, 0, 2, 131.96, 3036, 133760
1606835976, 0, 0, 576, 576, 1, 4.63%, 0, 0, 2, 168.43, 3036, 136196
1606835981, 0, 0, 578, 578, 1, 4.63%, 0, 0, 2, 178.56, 3036, 137172
1606835987, 0, 0, 579, 579, 1, 4.63%, 0, 0, 2, 200.21, 3036, 138209
1606835997, 0, 0, 580, 580, 1, 4.63%, 0, 0, 2, 190.52, 3036, 140137
1606836002, 0, 0, 581, 581, 1, 4.63%, 0, 0, 2, 180.70, 3036, 141063
1606836007, 0, 0, 583, 583, 1, 4.64%, 0, 0, 2, 192.73, 3039, 142042
1606836012, 0, 0, 584, 584, 1, 4.64%, 0, 0, 2, 191.10, 3039, 143025
1606836017, 0, 0, 585, 585, 1, 4.64%, 0, 0, 2, 177.14, 3039, 143885
1606836027, 0, 0, 586, 586, 1, 4.64%, 0, 0, 2, 187.92, 3039, 145738
1606836032, 0, 0, 587, 587, 1, 4.64%, 0, 0, 2, 172.42, 3039, 146592
1606836037, 0, 0, 588, 588, 1, 4.64%, 0, 0, 2, 181.72, 3039, 147512
1606836048, 0, 0, 589, 589, 1, 4.64%, 0, 0, 2, 178.95, 3039, 149293
1606836053, 0, 0, 590, 590, 1, 4.64%, 0, 0, 2, 175.45, 3039, 150192
1606836109, 0, 0, 592, 592, 1, 4.64%, 0, 0, 2, 171.07, 3039, 160051
1606836129, 0, 0, 593, 593, 1, 4.64%, 0, 0, 2, 172.45, 3041, 163584
1606836160, 0, 0, 594, 594, 1, 4.64%, 0, 0, 2, 162.41, 3041, 168824
1606836165, 0, 0, 595, 595, 1, 4.64%, 0, 0, 2, 170.72, 3041, 169699
1606836175, 0, 0, 596, 596, 1, 4.64%, 0, 0, 2, 173.90, 3041, 171438
1606836185, 0, 0, 597, 597, 1, 4.64%, 0, 0, 2, 178.92, 3041, 173228
1606836195, 0, 0, 598, 598, 1, 4.64%, 0, 0, 2, 177.01, 3041, 175087
1606836200, 0, 0, 599, 599, 1, 4.64%, 0, 0, 2, 176.06, 3041, 175986
1606836226, 0, 0, 600, 600, 1, 4.64%, 0, 0, 2, 185.41, 3043, 180551
1606836241, 0, 0, 601, 601, 1, 4.64%, 0, 0, 2, 172.27, 3043, 183211
1606836421, 0, 0, 601, 601, 1, 4.64%, 1, 0, 2, 129.98, 3043, 206448
