# unix_time, cycles_done, cur_path, paths_total, pending_total, pending_favs, map_size, unique_crashes, unique_hangs, max_depth, execs_per_sec, edge_coverage, total_execs
1601778668, 0, 0, 1, 1, 1, 1.71%, 0, 0, 1, 102.56 0 8
1601778673, 0, 0, 26, 26, 1, 1.77%, 0, 0, 2, 705.08 1160 3614
1601778678, 0, 0, 47, 47, 1, 1.99%, 0, 0, 2, 628.88 1307 6760
1601778683, 0, 0, 73, 73, 1, 2.10%, 0, 0, 2, 584.17 1378 9741
1601778688, 0, 0, 83, 83, 1, 2.13%, 0, 0, 2, 573.45 1397 12615
1601778693, 0, 0, 85, 85, 1, 2.30%, 0, 0, 2, 566.16 1507 15491
1601778698, 0, 0, 92, 92, 1, 2.30%, 0, 0, 2, 542.77 1508 18220
1601778704, 0, 0, 96, 96, 1, 2.31%, 0, 0, 2, 536.01 1512 20972
1601778709, 0, 0, 98, 98, 1, 2.31%, 0, 0, 2, 529.32 1512 23698
1601778714, 0, 0, 101, 101, 1, 2.31%, 0, 0, 2, 532.79 1513 26442
1601778719, 0, 0, 102, 102, 1, 2.31%, 0, 0, 2, 397.37 1514 28444
1601778724, 0, 0, 103, 103, 1, 2.31%, 0, 0, 2, 312.41 1514 29970
1601778729, 0, 0, 104, 104, 1, 2.31%, 0, 0, 2, 294.42 1514 31481
1601778734, 0, 0, 106, 106, 1, 2.31%, 0, 0, 2, 296.25 1515 32872
1601778739, 0, 0, 107, 107, 1, 2.31%, 0, 0, 2, 296.04 1515 34395
1601778755, 0, 0, 108, 108, 1, 2.31%, 0, 0, 2, 289.83 1515 38833
1601778760, 0, 2, 108, 107, 44, 2.31%, 0, 0, 2, 286.63 1515 40262
1601778775, 0, 2, 109, 108, 44, 2.31%, 0, 0, 3, 285.11 1515 44576
1601778785, 0, 2, 111, 110, 44, 2.32%, 0, 0, 3, 295.94 1522 47634
1601778790, 0, 2, 112, 111, 44, 2.47%, 0, 0, 3, 285.03 1618 49072
1601778795, 0, 2, 113, 112, 44, 2.47%, 0, 0, 3, 271.68 1618 50405
1601778801, 0, 2, 114, 113, 44, 2.47%, 0, 0, 3, 274.60 1620 51838
1601778806, 0, 2, 116, 115, 44, 2.48%, 0, 0, 3, 274.66 1627 53244
1601778811, 0, 2, 117, 116, 44, 2.48%, 0, 0, 3, 277.67 1627 54667
1601778816, 0, 2, 118, 117, 44, 2.48%, 0, 0, 3, 274.30 1627 56085
1601778852, 0, 2, 119, 118, 44, 2.48%, 0, 0, 3, 228.21 1627 64541
1601778857, 0, 2, 120, 119, 44, 2.49%, 0, 0, 3, 227.73 1632 65721
1601778908, 0, 2, 121, 120, 44, 2.49%, 0, 0, 3, 272.78 1632 79054
1601778913, 0, 7, 121, 119, 48, 2.49%, 0, 0, 3, 278.41 1632 80463
1601778933, 0, 9, 121, 118, 47, 2.49%, 0, 0, 3, 276.23 1632 86083
1601778943, 0, 9, 122, 119, 47, 2.49%, 0, 0, 3, 274.08 1634 88822
1601778959, 0, 13, 122, 118, 46, 2.49%, 0, 0, 3, 277.96 1634 93027
1601778979, 0, 13, 123, 119, 46, 2.52%, 0, 0, 3, 285.30 1653 98795
1601778984, 0, 13, 124, 120, 46, 2.52%, 0, 0, 3, 284.98 1654 100233
1601778994, 0, 21, 124, 119, 44, 2.52%, 0, 0, 3, 281.78 1654 103085
1601779020, 0, 22, 124, 118, 43, 2.52%, 0, 0, 3, 283.76 1654 110254
1601779045, 0, 23, 124, 117, 42, 2.52%, 0, 0, 3, 282.91 1654 117449
1601779071, 0, 23, 125, 118, 42, 2.53%, 0, 0, 3, 277.56 1656 124602
1601779076, 0, 23, 126, 119, 42, 2.54%, 0, 0, 3, 277.93 1664 126005
1601779086, 0, 31, 126, 118, 43, 2.54%, 0, 0, 3, 275.79 1664 128833
1601779106, 0, 33, 126, 117, 42, 2.54%, 0, 0, 3, 278.78 1664 134422
1601779132, 0, 34, 126, 116, 41, 2.54%, 0, 0, 3, 278.82 1664 141553
1601779162, 0, 35, 126, 115, 40, 2.54%, 0, 0, 3, 275.61 1664 150011
1601779188, 0, 37, 126, 114, 39, 2.54%, 0, 0, 3, 273.83 1664 157029
1601779208, 0, 37, 128, 116, 39, 2.54%, 0, 0, 3, 278.83 1666 162721
1601779219, 0, 40, 128, 115, 40, 2.54%, 0, 0, 3, 271.01 1666 165519
1601779239, 0, 41, 128, 114, 39, 2.54%, 0, 0, 3, 243.78 1666 170516
1601779254, 0, 42, 128, 113, 38, 2.54%, 0, 0, 3, 251.62 1666 174217
1601779269, 0, 43, 128, 112, 37, 2.54%, 0, 0, 3, 251.68 1666 177951
1601779290, 0, 44, 128, 111, 36, 2.54%, 0, 0, 3, 238.51 1666 182899
1601779305, 0, 45, 128, 110, 35, 2.54%, 0, 0, 3, 238.98 1666 186636
1601779321, 0, 46, 128, 109, 34, 2.54%, 0, 0, 3, 253.37 1666 190376
1601779336, 0, 51, 128, 108, 33, 2.54%, 0, 0, 3, 269.36 1666 194188
1601779341, 0, 57, 128, 107, 32, 2.54%, 0, 0, 3, 280.58 1666 195619
1601779361, 0, 57, 130, 109, 32, 2.55%, 0, 0, 3, 280.23 1670 201344
1601779366, 0, 57, 131, 110, 32, 2.56%, 0, 0, 3, 285.80 1677 202797
1601779371, 0, 57, 133, 112, 32, 2.56%, 0, 0, 3, 277.55 1680 204183
1601779376, 0, 57, 136, 115, 32, 2.60%, 0, 0, 3, 277.01 1701 205587
1601779381, 0, 57, 137, 116, 32, 2.64%, 0, 0, 3, 278.65 1728 207000
1601779387, 0, 57, 138, 117, 32, 2.64%, 0, 0, 3, 283.04 1728 208438
1601779397, 0, 57, 139, 118, 32, 2.64%, 0, 0, 3, 283.73 1728 211316
1601779402, 0, 57, 142, 121, 32, 2.64%, 0, 0, 3, 279.65 1728 212735
1601779407, 0, 57, 143, 122, 32, 2.64%, 0, 0, 3, 280.01 1728 214168
1601779422, 0, 57, 144, 123, 32, 2.66%, 0, 0, 3, 284.75 1742 218476
1601779427, 0, 57, 146, 125, 32, 2.76%, 0, 0, 3, 287.60 1806 219932
1601779432, 0, 57, 147, 126, 32, 2.76%, 0, 0, 3, 289.29 1806 221430
1601779448, 0, 57, 148, 127, 32, 2.76%, 0, 0, 3, 287.52 1806 225868
1601779453, 0, 57, 150, 129, 32, 2.76%, 0, 0, 3, 287.74 1806 227359
1601779473, 0, 58, 151, 129, 37, 2.76%, 0, 0, 3, 287.71 1806 233183
1601779488, 0, 61, 151, 128, 36, 2.76%, 0, 0, 3, 285.35 1806 237514
1601779509, 0, 63, 151, 127, 35, 2.76%, 0, 0, 3, 286.21 1806 243262
1601779529, 0, 63, 152, 128, 35, 2.76%, 0, 0, 3, 284.38 1806 248938
1601779534, 0, 68, 152, 127, 34, 2.76%, 0, 0, 3, 285.25 1806 250428
1601779579, 0, 69, 152, 126, 33, 2.76%, 0, 0, 3, 296.83 1806 263389
1601779595, 0, 72, 152, 125, 32, 2.76%, 0, 0, 3, 285.13 1806 267857
1601779600, 0, 72, 154, 127, 32, 2.76%, 0, 0, 3, 287.30 1808 269346
1601779610, 0, 72, 155, 128, 32, 2.78%, 0, 0, 3, 294.28 1823 272354
1601779621, 0, 76, 156, 128, 33, 2.78%, 0, 0, 3, 289.77 1825 275346
1601779636, 0, 76, 157, 129, 33, 2.79%, 0, 0, 3, 273.90 1828 279735
1601779642, 0, 81, 157, 128, 34, 2.79%, 0, 0, 3, 287.49 1828 281245
1601779647, 0, 81, 158, 129, 34, 2.79%, 0, 0, 3, 284.99 1828 282670
1601779657, 0, 82, 158, 128, 33, 2.79%, 0, 0, 3, 286.12 1828 285535
1601779677, 0, 82, 160, 130, 33, 2.79%, 0, 0, 3, 287.00 1828 291405
1601779682, 0, 82, 163, 133, 33, 2.80%, 0, 0, 3, 288.15 1833 292904
1601779688, 0, 82, 165, 135, 33, 2.80%, 0, 0, 3, 288.73 1833 294400
1601779708, 0, 82, 166, 136, 33, 2.80%, 0, 0, 3, 291.62 1833 300278
1601779713, 0, 82, 169, 139, 33, 2.80%, 0, 0, 3, 290.87 1833 301767
1601779718, 0, 82, 171, 141, 33, 2.80%, 0, 0, 3, 291.95 1833 303263
1601779724, 0, 82, 172, 142, 33, 2.80%, 0, 0, 3, 288.87 1833 304741
1601779734, 0, 82, 174, 144, 33, 2.80%, 0, 0, 3, 292.36 1834 307777
1601779739, 0, 82, 175, 145, 33, 2.80%, 0, 0, 3, 289.82 1835 309270
1601779749, 0, 82, 176, 146, 33, 2.80%, 0, 0, 3, 292.51 1836 312268
1601779754, 0, 82, 178, 148, 33, 2.81%, 0, 0, 3, 292.01 1841 313764
1601779770, 0, 82, 179, 149, 33, 2.81%, 0, 0, 3, 290.67 1841 318227
1601779790, 0, 83, 180, 149, 34, 2.81%, 0, 0, 3, 282.61 1841 323899
1601779795, 0, 83, 181, 150, 34, 2.81%, 0, 0, 3, 281.49 1843 325316
1601779800, 0, 83, 185, 154, 34, 2.81%, 0, 0, 3, 284.90 1843 326748
1601779805, 0, 83, 186, 155, 34, 2.81%, 0, 0, 3, 285.69 1843 328181
1601779825, 0, 83, 188, 157, 34, 2.81%, 0, 0, 3, 285.68 1843 333992
1601779830, 0, 83, 189, 158, 34, 2.81%, 0, 0, 3, 271.79 1843 335310
1601779861, 0, 83, 191, 160, 34, 2.83%, 0, 0, 3, 274.20 1852 343761
1601779867, 0, 83, 192, 161, 34, 2.83%, 0, 0, 3, 274.46 1852 345194
1601779872, 0, 83, 193, 162, 34, 2.83%, 0, 0, 3, 273.76 1852 346607
1601779887, 0, 83, 194, 163, 34, 2.83%, 0, 0, 3, 276.02 1853 350741
1601779892, 0, 83, 195, 164, 34, 2.83%, 0, 0, 3, 273.42 1855 352144
1601779918, 0, 91, 195, 163, 38, 2.83%, 0, 0, 3, 251.01 1855 359008
1601779933, 0, 92, 195, 162, 37, 2.83%, 0, 0, 3, 268.67 1855 362704
1601779953, 0, 97, 195, 161, 36, 2.83%, 0, 0, 3, 275.89 1855 368356
1601779974, 0, 97, 196, 162, 36, 2.83%, 0, 0, 3, 280.79 1855 374003
1601779979, 0, 97, 197, 163, 36, 2.83%, 0, 0, 3, 278.27 1855 375416
1601779984, 0, 97, 198, 164, 36, 2.83%, 0, 0, 3, 277.70 1855 376829
1601780004, 0, 102, 198, 163, 35, 2.83%, 0, 0, 3, 270.71 1855 382399
1601780035, 0, 109, 198, 162, 35, 2.83%, 0, 0, 3, 276.83 1855 390645
1601780040, 0, 109, 199, 163, 35, 2.83%, 0, 0, 4, 277.54 1857 392040
1601780045, 0, 109, 201, 165, 35, 2.84%, 0, 0, 4, 276.52 1861 393448
1601780050, 0, 109, 202, 166, 35, 2.84%, 0, 0, 4, 277.79 1863 394863
1601780055, 0, 111, 202, 165, 38, 2.84%, 0, 0, 4, 267.98 1863 396232
1601780060, 0, 118, 202, 164, 37, 2.84%, 0, 0, 4, 273.89 1863 397649
1601780065, 0, 118, 203, 165, 37, 2.86%, 0, 0, 4, 261.43 1875 398933
1601780070, 0, 119, 203, 164, 37, 2.86%, 0, 0, 4, 271.37 1875 400344
1601780101, 0, 121, 203, 163, 36, 2.86%, 0, 0, 4, 275.41 1875 408256
1601780126, 0, 122, 203, 162, 35, 2.86%, 0, 0, 4, 247.53 1875 415249
1601780131, 0, 122, 204, 163, 35, 2.86%, 0, 0, 4, 228.16 1876 416349
1601780146, 0, 126, 204, 162, 35, 2.86%, 0, 0, 4, 239.88 1876 419794
1601780157, 0, 127, 204, 161, 34, 2.86%, 0, 0, 4, 268.96 1876 422370
1601780172, 0, 128, 204, 160, 33, 2.86%, 0, 0, 4, 249.10 1876 426089
1601780187, 0, 134, 206, 161, 32, 2.87%, 0, 0, 4, 259.95 1880 429805
1601780192, 0, 134, 207, 162, 32, 2.87%, 0, 0, 4, 271.45 1882 431176
1601780197, 0, 134, 211, 166, 32, 2.87%, 0, 0, 4, 276.89 1883 432588
1601780202, 0, 134, 213, 168, 32, 2.87%, 0, 0, 4, 280.23 1883 434014
1601780207, 0, 134, 214, 169, 32, 2.87%, 0, 0, 4, 279.22 1883 435432
1601780212, 0, 134, 218, 173, 32, 2.87%, 0, 0, 4, 281.90 1883 436864
1601780228, 0, 134, 219, 174, 32, 2.88%, 0, 0, 4, 280.34 1887 441132
1601780233, 0, 134, 221, 176, 32, 2.88%, 0, 0, 4, 282.20 1887 442568
1601780248, 0, 134, 223, 178, 32, 2.88%, 0, 0, 4, 282.04 1887 446924
1601780253, 0, 134, 224, 179, 32, 2.88%, 0, 0, 4, 281.21 1887 448362
1601780258, 0, 134, 226, 181, 32, 2.89%, 0, 0, 4, 281.14 1891 449799
1601780279, 0, 134, 227, 182, 32, 2.89%, 0, 0, 4, 288.33 1891 455506
1601780284, 0, 135, 244, 198, 36, 2.92%, 0, 0, 4, 270.95 1916 456858
1601780289, 0, 135, 250, 204, 36, 2.92%, 0, 0, 4, 279.22 1916 458284
1601780294, 0, 135, 251, 205, 36, 2.92%, 0, 0, 4, 282.31 1916 459727
1601780299, 0, 135, 255, 209, 36, 2.93%, 0, 0, 4, 282.02 1921 461159
1601780304, 0, 135, 257, 211, 36, 2.93%, 0, 0, 4, 282.27 1923 462595
1601780309, 0, 135, 258, 212, 36, 2.93%, 0, 0, 4, 280.18 1923 464013
1601780314, 0, 135, 260, 214, 36, 2.93%, 0, 0, 4, 282.30 1923 465444
1601780319, 0, 135, 261, 215, 36, 2.94%, 0, 0, 4, 282.73 1925 466872
1601780324, 0, 135, 263, 217, 36, 2.94%, 0, 0, 4, 283.93 1925 468303
1601780344, 0, 135, 264, 218, 36, 2.94%, 0, 0, 4, 287.11 1925 474116
1601780354, 0, 135, 265, 219, 36, 2.94%, 0, 0, 4, 285.63 1925 476989
1601780365, 0, 135, 267, 221, 36, 2.94%, 0, 0, 4, 289.66 1926 479935
1601780370, 0, 135, 268, 222, 36, 2.94%, 0, 0, 4, 287.16 1926 481428
1601780375, 0, 136, 269, 222, 55, 2.94%, 0, 0, 4, 288.07 1928 482871
1601780385, 0, 136, 277, 230, 55, 2.96%, 0, 0, 4, 285.37 1943 485728
1601780390, 0, 136, 280, 233, 55, 2.99%, 0, 0, 4, 341.21 1960 487197
1601780400, 0, 136, 282, 235, 55, 2.99%, 0, 0, 4, 285.84 1960 490068
1601780405, 0, 136, 284, 237, 55, 2.99%, 0, 0, 4, 283.56 1961 491494
1601780410, 0, 136, 285, 238, 55, 2.99%, 0, 0, 4, 284.03 1961 492925
1601780415, 0, 136, 286, 239, 55, 2.99%, 0, 0, 4, 283.82 1961 494355
1601780430, 0, 136, 288, 241, 55, 2.99%, 0, 0, 4, 286.98 1961 498671
1601780435, 0, 136, 289, 242, 55, 2.99%, 0, 0, 4, 288.03 1961 500114
1601780461, 0, 136, 290, 243, 55, 2.99%, 0, 0, 4, 283.78 1961 507242
1601780466, 0, 136, 291, 244, 55, 2.99%, 0, 0, 4, 282.63 1962 508665
1601780471, 0, 136, 292, 245, 55, 2.99%, 0, 0, 4, 287.09 1962 510153
1601780486, 0, 136, 293, 246, 55, 2.99%, 0, 0, 4, 273.63 1962 514391
1601780502, 0, 143, 294, 246, 63, 3.00%, 0, 0, 4, 247.76 1966 518499
1601780522, 0, 146, 296, 247, 63, 3.00%, 0, 0, 4, 251.12 1966 523147
1601780532, 0, 146, 299, 250, 63, 3.00%, 0, 0, 4, 277.07 1968 525982
1601780542, 0, 146, 302, 253, 63, 3.01%, 0, 0, 4, 280.64 1972 528831
1601780552, 0, 146, 303, 254, 63, 3.01%, 0, 0, 4, 278.52 1972 531649
1601780568, 0, 146, 304, 255, 63, 3.01%, 0, 0, 4, 283.05 1972 535942
1601780588, 0, 146, 305, 256, 63, 3.01%, 0, 0, 4, 279.25 1972 541565
1601780623, 0, 146, 306, 257, 63, 3.01%, 0, 0, 4, 277.36 1972 551403
1601780649, 0, 151, 306, 256, 64, 3.01%, 0, 0, 4, 277.13 1972 558413
1601780659, 0, 151, 308, 258, 64, 3.01%, 0, 0, 4, 280.20 1973 561246
1601780664, 0, 151, 310, 260, 64, 3.01%, 0, 0, 4, 274.62 1973 562602
1601780669, 0, 151, 312, 262, 64, 3.01%, 0, 0, 4, 277.84 1973 564023
1601780674, 0, 151, 313, 263, 64, 3.01%, 0, 0, 4, 280.52 1973 565461
1601780684, 0, 151, 314, 264, 64, 3.01%, 0, 0, 4, 280.97 1973 568329
1601780689, 0, 151, 315, 265, 64, 3.01%, 0, 0, 4, 292.62 1973 569797
1601780694, 0, 151, 316, 266, 64, 3.01%, 0, 0, 4, 283.03 1973 571220
1601780704, 0, 151, 317, 267, 64, 3.01%, 0, 0, 4, 280.43 1973 574038
1601780709, 0, 151, 318, 268, 64, 3.01%, 0, 0, 4, 279.25 1973 575461
1601780715, 0, 151, 320, 270, 64, 3.01%, 0, 0, 4, 278.01 1973 576867
1601780725, 0, 151, 321, 271, 64, 3.01%, 0, 0, 4, 280.92 1973 579760
1601780740, 0, 151, 322, 272, 64, 3.01%, 0, 0, 4, 280.76 1973 583978
1601780755, 0, 151, 323, 273, 64, 3.01%, 0, 0, 4, 283.80 1973 588176
1601780776, 0, 152, 325, 274, 65, 3.02%, 0, 0, 4, 281.62 1976 593908
1601780781, 0, 152, 327, 276, 65, 3.02%, 0, 0, 4, 278.05 1980 595315
1601780801, 0, 154, 327, 275, 68, 3.02%, 0, 0, 4, 280.39 1980 601043
1601780821, 0, 156, 327, 274, 67, 3.02%, 0, 0, 4, 279.31 1980 606718
1601780826, 0, 156, 329, 276, 67, 3.02%, 0, 0, 4, 274.50 1980 608085
1601780847, 0, 161, 329, 275, 66, 3.02%, 0, 0, 4, 279.17 1980 613733
1601780857, 0, 161, 330, 276, 66, 3.02%, 0, 0, 4, 279.72 1980 616572
1601780867, 0, 161, 331, 277, 66, 3.02%, 0, 0, 4, 284.29 1980 619446
1601780872, 0, 161, 332, 278, 66, 3.02%, 0, 0, 4, 276.00 1982 620735
1601780882, 0, 171, 337, 282, 67, 3.03%, 0, 0, 4, 278.03 1989 623560
1601780887, 0, 171, 340, 285, 67, 3.05%, 0, 0, 4, 280.87 1997 624978
1601780897, 0, 171, 341, 286, 67, 3.05%, 0, 0, 4, 284.73 1999 627856
1601780912, 0, 171, 342, 287, 67, 3.05%, 0, 0, 4, 283.05 1999 632159
1601780917, 0, 171, 343, 288, 67, 3.05%, 0, 0, 4, 282.43 2002 633597
1601780933, 0, 171, 344, 289, 67, 3.05%, 0, 0, 4, 277.24 2002 637845
1601780943, 0, 171, 345, 290, 67, 3.05%, 0, 0, 4, 283.25 2002 640723
1601780958, 0, 171, 346, 291, 67, 3.05%, 0, 0, 4, 285.67 2002 645031
1601780978, 0, 171, 347, 292, 67, 3.05%, 0, 0, 4, 280.17 2002 650719
1601780983, 0, 171, 348, 293, 67, 3.05%, 0, 0, 4, 280.87 2002 652147
1601780999, 0, 173, 348, 292, 71, 3.05%, 0, 0, 4, 282.35 2002 656317
1601781009, 0, 175, 348, 291, 70, 3.05%, 0, 0, 4, 278.50 2002 659174
1601781014, 0, 175, 349, 292, 70, 3.05%, 0, 0, 4, 282.14 2002 660612
1601781019, 0, 175, 351, 294, 70, 3.06%, 0, 0, 4, 284.19 2006 662048
1601781039, 0, 177, 352, 294, 70, 3.06%, 0, 0, 4, 280.60 2006 667787
1601781049, 0, 177, 353, 295, 70, 3.06%, 0, 0, 4, 283.73 2006 670640
1601781055, 0, 180, 353, 294, 69, 3.06%, 0, 0, 4, 277.89 2006 671999
1601781065, 0, 182, 353, 293, 68, 3.06%, 0, 0, 4, 260.50 2006 674697
1601781100, 0, 182, 354, 294, 68, 3.06%, 0, 0, 4, 273.99 2006 684314
1601781105, 0, 182, 355, 295, 68, 3.06%, 0, 0, 4, 274.92 2006 685702
1601781116, 0, 193, 355, 294, 68, 3.06%, 0, 0, 4, 267.51 2006 688448
1601781126, 0, 194, 355, 293, 67, 3.06%, 0, 0, 4, 270.31 2006 691153
1601781131, 0, 194, 356, 294, 67, 3.06%, 0, 0, 4, 271.85 2006 692512
1601781141, 0, 195, 357, 294, 67, 3.06%, 0, 0, 4, 264.66 2006 695246
1601781146, 0, 195, 360, 297, 67, 3.06%, 0, 0, 4, 278.64 2006 696675
1601781166, 0, 195, 361, 298, 67, 3.06%, 0, 0, 4, 278.51 2006 702303
1601781192, 0, 197, 362, 298, 66, 3.06%, 0, 0, 4, 269.51 2006 709250
1601781202, 0, 198, 362, 297, 66, 3.06%, 0, 0, 4, 276.89 2006 712032
1601781207, 0, 198, 363, 298, 66, 3.13%, 0, 0, 5, 280.75 2053 713465
1601781222, 0, 198, 364, 299, 66, 3.13%, 0, 0, 5, 287.34 2053 717780
1601781227, 0, 198, 365, 300, 66, 3.13%, 0, 0, 5, 287.52 2053 719248
1601781237, 0, 198, 366, 301, 66, 3.13%, 0, 0, 5, 287.38 2054 722211
1601781263, 0, 198, 367, 302, 66, 3.13%, 0, 0, 5, 284.12 2054 729334
1601781293, 0, 198, 368, 303, 66, 3.13%, 0, 0, 5, 295.93 2054 738112
1601781308, 0, 198, 369, 304, 66, 3.13%, 0, 0, 5, 285.72 2054 742420
1601781318, 0, 198, 370, 305, 66, 3.13%, 0, 0, 5, 286.51 2054 745303
1601781328, 0, 198, 371, 306, 66, 3.13%, 0, 0, 5, 286.39 2054 748181
1601781333, 0, 199, 372, 306, 67, 3.14%, 0, 0, 5, 286.36 2056 749616
1601781344, 0, 199, 373, 307, 67, 3.14%, 0, 0, 5, 288.17 2059 752495
1601781359, 0, 200, 374, 307, 68, 3.17%, 0, 0, 5, 286.51 2079 756895
1601781379, 0, 201, 374, 306, 68, 3.17%, 0, 0, 5, 286.48 2079 762809
1601781384, 0, 201, 375, 307, 68, 3.18%, 0, 0, 5, 293.99 2082 764310
1601781405, 0, 202, 375, 306, 68, 3.18%, 0, 0, 5, 279.39 2082 770232
1601781420, 0, 202, 376, 307, 68, 3.18%, 0, 0, 5, 280.27 2085 774403
1601781425, 0, 202, 377, 308, 68, 3.19%, 0, 0, 5, 278.03 2092 775816
1601781440, 0, 203, 377, 307, 68, 3.19%, 0, 0, 5, 268.00 2092 780024
1601781461, 0, 204, 377, 306, 67, 3.19%, 0, 0, 5, 266.09 2092 784977
1601781471, 0, 204, 378, 307, 67, 3.20%, 0, 0, 5, 269.26 2095 787765
1601781476, 0, 204, 379, 308, 67, 3.20%, 0, 0, 5, 278.61 2096 789193
1601781497, 0, 206, 379, 307, 68, 3.20%, 0, 0, 5, 275.06 2096 794862
1601781512, 0, 208, 380, 307, 67, 3.20%, 0, 0, 5, 267.66 2099 799074
1601781522, 0, 208, 381, 308, 67, 3.24%, 0, 0, 5, 248.11 2123 801584
1601781537, 0, 208, 382, 309, 67, 3.24%, 0, 0, 5, 264.52 2123 805639
1601781542, 0, 208, 385, 312, 67, 3.24%, 0, 0, 5, 275.19 2123 807083
1601781547, 0, 208, 386, 313, 67, 3.24%, 0, 0, 5, 275.21 2124 808466
1601781553, 0, 208, 387, 314, 67, 3.24%, 0, 0, 5, 272.88 2124 809874
1601781578, 0, 208, 388, 315, 67, 3.24%, 0, 0, 5, 275.13 2124 816777
1601781588, 0, 208, 389, 316, 67, 3.24%, 0, 0, 5, 271.06 2124 819555
1601781593, 0, 208, 390, 317, 67, 3.24%, 0, 0, 5, 266.29 2124 820923
1601781598, 0, 208, 391, 318, 67, 3.24%, 0, 0, 5, 269.20 2124 822296
1601781614, 0, 208, 392, 319, 67, 3.24%, 0, 0, 5, 272.43 2124 826534
1601781660, 0, 218, 392, 318, 68, 3.24%, 0, 0, 5, 284.53 2124 839210
1601781680, 0, 219, 392, 317, 67, 3.24%, 0, 0, 5, 277.80 2124 844976
1601781690, 0, 220, 393, 317, 66, 3.24%, 0, 0, 5, 268.73 2124 847671
1601781695, 0, 220, 394, 318, 66, 3.24%, 0, 0, 5, 271.85 2124 849031
1601781701, 0, 220, 395, 319, 66, 3.24%, 0, 0, 5, 278.91 2124 850457
1601781716, 0, 224, 395, 318, 66, 3.24%, 0, 0, 5, 261.18 2124 854511
1601781726, 0, 224, 399, 322, 66, 3.24%, 0, 0, 5, 269.42 2125 857211
1601781731, 0, 224, 400, 323, 66, 3.24%, 0, 0, 5, 270.79 2125 858589
1601781746, 0, 224, 401, 324, 66, 3.24%, 0, 0, 5, 267.76 2125 862652
1601781761, 0, 224, 402, 325, 66, 3.24%, 0, 0, 5, 272.22 2125 866845
1601781787, 0, 224, 403, 326, 66, 3.24%, 0, 0, 5, 275.86 2125 873888
1601781812, 0, 224, 404, 327, 66, 3.24%, 0, 0, 5, 271.87 2125 880726
1601781833, 0, 224, 405, 328, 66, 3.24%, 0, 0, 5, 275.98 2125 886239
1601781843, 0, 228, 406, 328, 65, 3.24%, 0, 0, 5, 268.28 2125 889017
1601781853, 0, 228, 410, 332, 65, 3.24%, 0, 0, 5, 273.18 2125 891812
1601781889, 0, 228, 411, 333, 65, 3.24%, 0, 0, 5, 271.78 2125 901655
1601781920, 0, 228, 412, 334, 65, 3.25%, 0, 0, 5, 275.53 2127 910163
1601781946, 0, 228, 413, 335, 65, 3.25%, 0, 0, 5, 276.25 2127 917196
1601781961, 0, 228, 415, 337, 65, 3.25%, 0, 0, 5, 274.35 2127 921402
1601781966, 0, 229, 416, 337, 65, 3.25%, 0, 0, 5, 268.35 2127 922800
1601781971, 0, 229, 418, 339, 65, 3.25%, 0, 0, 5, 272.09 2127 924161
1601781981, 0, 229, 419, 340, 65, 3.25%, 0, 0, 5, 275.34 2127 926924
1601781996, 0, 229, 420, 341, 65, 3.25%, 0, 0, 5, 275.63 2127 931052
1601782002, 0, 229, 421, 342, 65, 3.25%, 0, 0, 5, 275.21 2130 932480
1601782007, 0, 229, 422, 343, 65, 3.25%, 0, 0, 5, 274.73 2130 933893
1601782017, 0, 229, 423, 344, 65, 3.25%, 0, 0, 5, 274.31 2131 936636
1601782032, 0, 229, 424, 345, 65, 3.25%, 0, 0, 5, 273.63 2131 940854
1601782053, 0, 229, 426, 347, 65, 3.25%, 0, 0, 5, 276.09 2131 946460
1601782063, 0, 229, 427, 348, 65, 3.25%, 0, 0, 5, 275.38 2131 949218
1601782093, 0, 230, 427, 347, 65, 3.25%, 0, 0, 5, 240.15 2131 957305
1601782103, 0, 230, 428, 348, 65, 3.25%, 0, 0, 5, 288.85 2131 960105
1601782109, 0, 230, 429, 349, 65, 3.25%, 0, 0, 5, 276.24 2131 961528
1601782124, 0, 230, 430, 350, 65, 3.25%, 0, 0, 5, 274.19 2131 965656
1601782159, 0, 231, 430, 349, 64, 3.25%, 0, 0, 5, 270.90 2131 975262
1601782169, 0, 232, 430, 348, 63, 3.25%, 0, 0, 5, 272.21 2131 978029
1601782180, 0, 233, 430, 347, 62, 3.25%, 0, 0, 5, 265.60 2131 980816
1601782185, 0, 233, 431, 348, 62, 3.25%, 0, 0, 5, 271.72 2131 982241
1601782195, 0, 234, 432, 348, 61, 3.25%, 0, 0, 5, 278.11 2131 985042
1601782200, 0, 234, 433, 349, 61, 3.25%, 0, 0, 5, 275.85 2131 986422
1601782215, 0, 235, 433, 348, 60, 3.25%, 0, 0, 5, 270.94 2131 990536
1601782225, 0, 236, 433, 347, 59, 3.25%, 0, 0, 5, 281.84 2131 993423
1601782236, 0, 238, 433, 346, 58, 3.25%, 0, 0, 5, 266.24 2131 996190
1601782241, 0, 238, 434, 347, 58, 3.25%, 0, 0, 5, 271.46 2131 997609
1601782256, 0, 239, 434, 346, 57, 3.25%, 0, 0, 5, 260.19 2131 1001668
1601782266, 0, 240, 434, 345, 56, 3.25%, 0, 0, 5, 261.98 2131 1004377
1601782272, 0, 240, 435, 346, 56, 3.25%, 0, 0, 5, 268.51 2131 1005775
1601782277, 0, 240, 436, 347, 56, 3.25%, 0, 0, 5, 272.98 2131 1007143
1601782302, 0, 241, 436, 346, 55, 3.25%, 0, 0, 5, 268.11 2131 1014058
1601782312, 0, 241, 438, 348, 55, 3.25%, 0, 0, 5, 274.49 2131 1016873
1601782333, 0, 243, 438, 347, 55, 3.25%, 0, 0, 5, 269.15 2131 1022452
1601782348, 0, 251, 439, 347, 54, 3.25%, 0, 0, 5, 266.78 2131 1026530
1601782358, 0, 255, 439, 346, 53, 3.25%, 0, 0, 5, 272.51 2131 1029333
1601782374, 0, 258, 439, 345, 52, 3.25%, 0, 0, 5, 420.13 2131 1033481
1601782379, 0, 258, 440, 346, 52, 3.25%, 0, 0, 5, 305.90 2131 1034887
1601782394, 0, 260, 440, 345, 51, 3.25%, 0, 0, 5, 275.98 2131 1039100
1601782405, 0, 265, 440, 344, 50, 3.25%, 0, 0, 5, 438.41 2131 1041877
1601782415, 0, 265, 441, 345, 50, 3.25%, 0, 0, 5, 285.05 2131 1044693
1601782425, 0, 268, 441, 344, 49, 3.25%, 0, 0, 5, 279.41 2131 1047522
1601782440, 0, 271, 441, 343, 48, 3.25%, 0, 0, 5, 277.33 2131 1051732
1601782455, 0, 272, 443, 344, 47, 3.25%, 0, 0, 5, 275.19 2131 1055949
1601782476, 0, 272, 444, 345, 47, 3.25%, 0, 0, 5, 273.70 2131 1061474
1601782481, 0, 272, 445, 346, 47, 3.25%, 0, 0, 5, 273.31 2131 1062842
1601782486, 0, 272, 447, 348, 47, 3.25%, 0, 0, 5, 274.35 2131 1064273
1601782491, 0, 272, 448, 349, 47, 3.25%, 0, 0, 5, 273.73 2131 1065691
1601782496, 0, 272, 449, 350, 47, 3.25%, 0, 0, 5, 271.20 2131 1067004
1601782532, 0, 272, 450, 351, 47, 3.25%, 0, 0, 5, 276.96 2131 1076752
1601782547, 0, 272, 451, 352, 47, 3.25%, 0, 0, 5, 278.59 2131 1081000
1601782557, 0, 272, 452, 353, 47, 3.25%, 0, 0, 5, 281.82 2133 1083861
1601782578, 0, 272, 453, 354, 47, 3.25%, 0, 0, 5, 278.30 2133 1089491
1601782583, 0, 272, 454, 355, 47, 3.25%, 0, 0, 5, 276.67 2133 1090929
1601782593, 0, 277, 456, 356, 46, 3.26%, 0, 0, 5, 276.24 2135 1093697
1601782598, 0, 277, 458, 358, 46, 3.26%, 0, 0, 5, 273.24 2136 1095102
1601782603, 0, 277, 459, 359, 46, 3.26%, 0, 0, 5, 269.60 2137 1096479
1601782690, 0, 277, 461, 361, 46, 3.26%, 0, 0, 5, 276.48 2137 1120226
1601782695, 0, 277, 465, 365, 46, 3.26%, 0, 0, 5, 274.78 2137 1121603
1601782700, 0, 277, 469, 369, 46, 3.26%, 0, 0, 5, 275.76 2137 1122990
1601782705, 0, 277, 474, 374, 46, 3.26%, 0, 0, 5, 276.67 2137 1124410
1601782710, 0, 277, 477, 377, 46, 3.26%, 0, 0, 5, 274.74 2137 1125834
1601782715, 0, 277, 481, 381, 46, 3.26%, 0, 0, 5, 275.56 2137 1127221
1601782721, 0, 277, 482, 382, 46, 3.26%, 0, 0, 5, 276.35 2137 1128629
1601782726, 0, 277, 483, 383, 46, 3.26%, 0, 0, 5, 275.48 2137 1130057
1601782731, 0, 277, 484, 384, 46, 3.26%, 0, 0, 5, 275.95 2137 1131445
1601782741, 0, 277, 486, 386, 46, 3.26%, 0, 0, 5, 278.17 2137 1134251
1601782746, 0, 277, 487, 387, 46, 3.26%, 0, 0, 5, 276.89 2137 1135649
1601782751, 0, 277, 488, 388, 46, 3.26%, 0, 0, 5, 275.80 2137 1137077
1601782756, 0, 277, 489, 389, 46, 3.26%, 0, 0, 5, 275.54 2137 1138455
1601782781, 0, 277, 490, 390, 46, 3.26%, 0, 0, 5, 272.66 2137 1145268
1601782812, 0, 293, 490, 389, 48, 3.26%, 0, 0, 5, 245.66 2137 1153309
1601782827, 0, 293, 491, 390, 48, 3.26%, 0, 0, 5, 215.18 2137 1156562
1601782837, 0, 297, 491, 389, 47, 3.26%, 0, 0, 5, 271.15 2137 1159280
1601782852, 0, 301, 491, 388, 46, 3.26%, 0, 0, 5, 279.64 2137 1163551
1601782868, 0, 304, 492, 388, 45, 3.26%, 0, 0, 5, 276.37 2137 1167797
1601782883, 0, 323, 492, 387, 44, 3.26%, 0, 0, 5, 281.23 2137 1172093
1601782908, 0, 324, 492, 386, 43, 3.26%, 0, 0, 5, 278.09 2137 1179239
1601782934, 0, 325, 493, 386, 42, 3.26%, 0, 0, 5, 281.27 2139 1186392
1601782959, 0, 326, 493, 385, 42, 3.26%, 0, 0, 5, 276.75 2139 1193496
1601782990, 0, 329, 493, 384, 41, 3.26%, 0, 0, 5, 273.78 2139 1201913
1601783015, 0, 329, 494, 385, 41, 3.26%, 0, 0, 5, 277.80 2139 1209006
1601783025, 0, 329, 495, 386, 41, 3.26%, 0, 0, 5, 279.49 2139 1211834
1601783041, 0, 332, 496, 386, 40, 3.27%, 0, 0, 5, 267.04 2140 1215998
1601783051, 0, 332, 497, 387, 40, 3.27%, 0, 0, 5, 278.30 2140 1218813
1601783056, 0, 332, 498, 388, 40, 3.27%, 0, 0, 5, 278.41 2140 1220231
1601783076, 0, 333, 500, 389, 40, 3.27%, 0, 0, 5, 276.11 2141 1225845
1601783086, 0, 333, 501, 390, 40, 3.27%, 0, 0, 5, 279.60 2141 1228698
1601783107, 0, 334, 502, 390, 40, 3.27%, 0, 0, 5, 268.95 2142 1234270
1601783112, 0, 334, 504, 392, 40, 3.27%, 0, 0, 5, 273.63 2142 1235654
1601783142, 0, 335, 504, 391, 40, 3.27%, 0, 0, 5, 272.99 2142 1244104
1601783153, 0, 335, 505, 392, 40, 3.28%, 0, 0, 5, 276.51 2148 1246936
1601783158, 0, 336, 505, 391, 40, 3.28%, 0, 0, 5, 273.34 2148 1248335
1601783163, 0, 336, 507, 393, 40, 3.28%, 0, 0, 5, 275.67 2148 1249721
1601783178, 0, 336, 508, 394, 40, 3.28%, 0, 0, 5, 275.21 2148 1253919
1601783183, 0, 336, 509, 395, 40, 3.28%, 0, 0, 5, 276.89 2148 1255332
1601783193, 0, 336, 510, 396, 40, 3.28%, 0, 0, 5, 274.87 2148 1258090
1601783239, 0, 336, 511, 397, 40, 3.28%, 0, 0, 5, 279.86 2148 1270873
1601783249, 0, 339, 511, 396, 39, 3.28%, 0, 0, 5, 276.84 2148 1273647
1601783254, 0, 339, 513, 398, 39, 3.29%, 0, 0, 5, 271.74 2153 1274996
1601783259, 0, 339, 518, 403, 39, 3.29%, 0, 0, 5, 276.75 2153 1276393
1601783264, 0, 339, 519, 404, 39, 3.29%, 0, 0, 5, 279.73 2153 1277826
1601783270, 0, 339, 520, 405, 39, 3.29%, 0, 0, 5, 280.12 2153 1279254
1601783275, 0, 339, 522, 407, 39, 3.29%, 0, 0, 5, 280.56 2153 1280685
1601783280, 0, 339, 523, 408, 39, 3.29%, 0, 0, 5, 287.67 2153 1282023
1601783290, 0, 339, 524, 409, 39, 3.29%, 0, 0, 5, 276.95 2153 1284816
1601783300, 0, 339, 525, 410, 39, 3.29%, 0, 0, 5, 279.73 2153 1287659
1601783315, 0, 339, 526, 411, 39, 3.29%, 0, 0, 5, 280.07 2153 1291922
1601783320, 0, 339, 527, 412, 39, 3.29%, 0, 0, 5, 278.78 2153 1293335
1601783361, 0, 339, 529, 414, 39, 3.29%, 0, 0, 5, 277.73 2153 1304731
1601783376, 0, 340, 529, 413, 38, 3.29%, 0, 0, 5, 274.27 2153 1309043
1601783386, 0, 340, 530, 414, 38, 3.29%, 0, 0, 5, 280.83 2153 1311908
1601783391, 0, 340, 531, 415, 38, 3.29%, 0, 0, 5, 281.81 2153 1313341
1601783407, 0, 341, 531, 414, 37, 3.29%, 0, 0, 5, 282.97 2153 1317610
1601783412, 0, 341, 532, 415, 37, 3.29%, 0, 0, 5, 272.12 2153 1318943
1601783422, 0, 349, 532, 414, 37, 3.29%, 0, 0, 5, 275.36 2153 1321767
1601783432, 0, 349, 534, 416, 37, 3.29%, 0, 0, 5, 286.20 2153 1324531
1601783457, 0, 349, 535, 417, 37, 3.29%, 0, 0, 5, 272.04 2153 1331639
1601783472, 0, 349, 536, 418, 37, 3.29%, 0, 0, 5, 285.69 2153 1335922
1601783487, 0, 349, 538, 420, 37, 3.29%, 0, 0, 5, 277.89 2153 1340163
1601783518, 0, 349, 539, 421, 37, 3.29%, 0, 0, 5, 295.53 2153 1348826
1601783548, 0, 355, 539, 420, 36, 3.29%, 0, 0, 5, 278.01 2153 1357390
1601783558, 0, 355, 540, 421, 36, 3.29%, 0, 0, 5, 286.05 2153 1360301
1601783568, 0, 356, 540, 420, 35, 3.29%, 0, 0, 5, 283.44 2153 1363219
1601783584, 0, 357, 540, 419, 34, 3.29%, 0, 0, 5, 282.62 2153 1367499
1601783594, 0, 361, 540, 418, 33, 3.29%, 0, 0, 5, 280.19 2153 1370359
1601783609, 0, 365, 540, 417, 32, 3.29%, 0, 0, 5, 274.78 2153 1374517
1601783634, 0, 370, 540, 416, 31, 3.29%, 0, 0, 5, 276.59 2153 1381600
1601783644, 0, 371, 540, 415, 30, 3.29%, 0, 0, 5, 275.56 2153 1384337
1601783670, 0, 372, 540, 414, 29, 3.29%, 0, 0, 5, 281.17 2153 1391431
1601783695, 0, 373, 540, 413, 28, 3.29%, 0, 0, 5, 275.72 2153 1398482
1601783711, 0, 373, 544, 417, 28, 3.33%, 0, 0, 6, 272.29 2181 1402594
1601783716, 0, 373, 549, 422, 28, 3.71%, 0, 0, 6, 283.48 2430 1404024
1601783721, 0, 373, 552, 425, 28, 3.90%, 0, 0, 6, 286.32 2554 1405518
1601783726, 0, 373, 555, 428, 28, 4.00%, 0, 0, 6, 287.43 2623 1407012
1601783736, 0, 373, 560, 433, 28, 4.02%, 0, 0, 6, 288.70 2636 1409972
1601783747, 0, 373, 562, 435, 28, 4.05%, 0, 0, 6, 288.17 2652 1412968
1601783757, 0, 373, 563, 436, 28, 4.05%, 0, 0, 6, 288.69 2654 1415961
1601783762, 0, 373, 565, 438, 28, 4.14%, 0, 0, 6, 288.55 2710 1417402
1601783778, 0, 373, 568, 441, 28, 4.18%, 0, 0, 6, 288.17 2741 1421879
1601783783, 0, 373, 569, 442, 28, 4.18%, 0, 0, 6, 288.18 2741 1423374
1601783793, 0, 373, 570, 443, 28, 4.19%, 0, 0, 6, 294.17 2748 1426432
1601783798, 0, 373, 571, 444, 28, 4.21%, 0, 0, 6, 289.35 2760 1427925
1601783803, 0, 373, 572, 445, 28, 4.23%, 0, 0, 6, 288.91 2769 1429423
1601783809, 0, 373, 574, 447, 28, 4.25%, 0, 0, 6, 288.59 2784 1430919
1601783819, 0, 373, 575, 448, 28, 4.25%, 0, 0, 6, 424.87 2785 1433867
1601783829, 0, 374, 575, 447, 49, 4.25%, 0, 0, 6, 297.78 2785 1436844
1601783850, 0, 375, 575, 446, 48, 4.25%, 0, 0, 6, 281.65 2785 1442703
1601783865, 0, 375, 577, 448, 48, 4.25%, 0, 0, 6, 287.50 2786 1447131
1601783885, 0, 376, 577, 447, 48, 4.25%, 0, 0, 6, 274.50 2786 1452870
1601783891, 0, 376, 579, 449, 48, 4.25%, 0, 0, 6, 283.30 2786 1454345
1601783901, 0, 376, 580, 450, 48, 4.25%, 0, 0, 6, 288.04 2786 1457338
1601783936, 0, 376, 581, 451, 48, 4.25%, 0, 0, 6, 283.67 2786 1467486
1601783967, 0, 376, 582, 452, 48, 4.25%, 0, 0, 6, 283.96 2786 1476149
1601784003, 0, 378, 582, 451, 47, 4.25%, 0, 0, 6, 282.76 2786 1486579
1601784023, 0, 378, 583, 452, 47, 4.25%, 0, 0, 6, 266.45 2786 1491896
1601784028, 0, 378, 587, 456, 47, 4.25%, 0, 0, 6, 266.34 2786 1493238
1601784033, 0, 378, 588, 457, 47, 4.25%, 0, 0, 6, 280.89 2786 1494676
1601784038, 0, 378, 590, 459, 47, 4.25%, 0, 0, 6, 283.68 2786 1496107
1601784043, 0, 378, 591, 460, 47, 4.25%, 0, 0, 6, 282.67 2786 1497535
1601784068, 0, 378, 592, 461, 47, 4.25%, 0, 0, 6, 282.66 2786 1504713
1601784094, 0, 378, 593, 462, 47, 4.25%, 0, 0, 6, 285.57 2786 1511751
1601784114, 0, 378, 594, 463, 47, 4.25%, 0, 0, 6, 286.34 2787 1517504
1601784139, 0, 384, 594, 462, 46, 4.25%, 0, 0, 6, 276.59 2787 1524695
1601784211, 0, 384, 596, 464, 46, 4.25%, 0, 0, 6, 259.00 2787 1541278
1601784216, 0, 384, 598, 466, 46, 4.25%, 0, 0, 6, 254.63 2787 1542559
1601784236, 0, 384, 599, 467, 46, 4.25%, 0, 0, 6, 256.14 2787 1547742
1601784328, 0, 384, 600, 468, 46, 4.25%, 0, 0, 6, 251.38 2787 1571050
1601784338, 0, 397, 600, 467, 46, 4.25%, 0, 0, 6, 251.73 2787 1573622
1601784358, 0, 411, 600, 466, 45, 4.25%, 0, 0, 6, 264.52 2787 1579001
1601784368, 0, 413, 600, 465, 44, 4.25%, 0, 0, 6, 264.09 2787 1581715
1601784373, 0, 413, 602, 467, 44, 4.25%, 0, 0, 6, 269.51 2787 1583112
1601784379, 0, 413, 604, 469, 44, 4.25%, 0, 0, 6, 271.40 2787 1584493
1601784425, 0, 413, 605, 470, 44, 4.25%, 0, 0, 6, 277.28 2787 1597191
1601784491, 0, 420, 605, 469, 43, 4.25%, 0, 0, 6, 268.15 2787 1615321
1601784506, 0, 422, 605, 468, 42, 4.25%, 0, 0, 6, 263.75 2787 1619395
1601784511, 0, 422, 606, 469, 42, 4.28%, 0, 0, 6, 294.36 2805 1620718
1601784522, 0, 437, 606, 468, 42, 4.28%, 0, 0, 6, 267.33 2805 1623466
1601784527, 0, 437, 608, 470, 42, 4.28%, 0, 0, 6, 263.59 2805 1624810
1601784552, 0, 437, 609, 471, 42, 4.28%, 0, 0, 6, 274.93 2805 1631773
1601784589, 0, 440, 609, 470, 41, 4.28%, 0, 0, 6, 274.54 2805 1641727
1601784604, 0, 441, 609, 469, 41, 4.28%, 0, 0, 6, 282.78 2805 1645831
1601784630, 0, 442, 609, 468, 40, 4.28%, 0, 0, 6, 259.15 2805 1652714
1601784660, 0, 442, 610, 469, 40, 4.28%, 0, 0, 6, 288.08 2805 1661080
1601784665, 0, 445, 610, 468, 39, 4.28%, 0, 0, 6, 276.12 2805 1662479
1601784670, 0, 445, 611, 469, 39, 4.28%, 0, 0, 6, 273.07 2805 1663872
1601784686, 0, 445, 612, 470, 39, 4.28%, 0, 0, 6, 276.72 2805 1668038
1601784691, 0, 445, 613, 471, 39, 4.28%, 0, 0, 6, 275.37 2805 1669336
1601784696, 0, 445, 614, 472, 39, 4.28%, 0, 0, 6, 276.35 2805 1670729
1601784746, 0, 468, 614, 471, 39, 4.28%, 0, 0, 6, 269.04 2805 1684687
1601784849, 0, 469, 614, 470, 38, 4.28%, 0, 0, 6, 269.40 2805 1711989
1601784869, 0, 469, 615, 471, 38, 4.28%, 0, 0, 6, 267.95 2805 1717516
1601784926, 0, 473, 615, 470, 37, 4.28%, 0, 0, 6, 268.77 2805 1732891
1601785013, 0, 473, 617, 472, 37, 4.28%, 0, 0, 6, 264.28 2805 1755436
1601785043, 0, 486, 617, 471, 37, 4.28%, 0, 0, 6, 269.34 2805 1763840
1601785136, 0, 486, 618, 472, 37, 4.28%, 0, 0, 6, 268.00 2805 1788300
1601785146, 0, 486, 619, 473, 37, 4.28%, 0, 0, 6, 269.15 2805 1791033
1601785161, 0, 495, 619, 472, 37, 4.28%, 0, 0, 6, 269.03 2805 1795171
1601785167, 0, 495, 620, 473, 37, 4.28%, 0, 0, 6, 267.50 2805 1796544
1601785172, 0, 495, 621, 474, 37, 4.28%, 0, 0, 6, 490.16 2805 1797932
1601785182, 0, 498, 621, 473, 36, 4.28%, 0, 0, 6, 279.59 2805 1800675
1601785187, 0, 498, 622, 474, 36, 4.28%, 0, 0, 6, 272.83 2805 1802063
1601785197, 0, 501, 623, 474, 36, 4.28%, 0, 0, 6, 266.55 2805 1804773
1601785202, 0, 511, 625, 475, 36, 4.34%, 0, 0, 6, 269.96 2844 1806167
1601785207, 0, 511, 636, 486, 36, 4.46%, 0, 0, 6, 255.19 2923 1807435
1601785217, 0, 511, 639, 489, 36, 4.46%, 0, 0, 6, 270.53 2924 1810166
1601785222, 0, 511, 640, 490, 36, 4.46%, 0, 0, 6, 274.52 2924 1811549
1601785227, 0, 511, 641, 491, 36, 4.46%, 0, 0, 6, 275.59 2924 1812927
1601785248, 0, 511, 643, 493, 36, 4.46%, 0, 0, 6, 276.63 2924 1818388
1601785273, 0, 511, 644, 494, 36, 4.46%, 0, 0, 6, 277.99 2924 1825401
1601785278, 0, 511, 645, 495, 36, 4.46%, 0, 0, 6, 275.79 2924 1826804
1601785330, 0, 511, 646, 496, 36, 4.46%, 0, 0, 6, 286.08 2924 1840912
1601785335, 0, 525, 647, 496, 50, 4.46%, 0, 0, 6, 269.33 2925 1842256
1601785350, 0, 525, 648, 497, 50, 4.46%, 0, 0, 6, 277.78 2925 1846373
1601785355, 0, 530, 648, 496, 50, 4.46%, 0, 0, 6, 278.41 2925 1847700
1601785365, 0, 531, 648, 495, 49, 4.46%, 0, 0, 6, 275.27 2925 1850534
1601785380, 0, 542, 648, 494, 48, 4.46%, 0, 0, 6, 271.67 2925 1854665
1601785406, 0, 543, 648, 493, 47, 4.46%, 0, 0, 6, 270.44 2925 1861522
1601785437, 0, 544, 648, 492, 46, 4.46%, 0, 0, 6, 249.84 2925 1869804
1601785457, 0, 544, 649, 493, 46, 4.48%, 0, 0, 7, 238.73 2938 1874779
1601785462, 0, 544, 650, 494, 46, 4.48%, 0, 0, 7, 262.09 2939 1876168
1601785467, 0, 544, 652, 496, 46, 4.49%, 0, 0, 7, 267.84 2941 1877539
1601785473, 0, 544, 653, 497, 46, 4.49%, 0, 0, 7, 289.08 2941 1878947
1601785483, 0, 544, 655, 499, 46, 4.49%, 0, 0, 7, 270.93 2941 1881708
1601785498, 0, 544, 656, 500, 46, 4.50%, 0, 0, 7, 269.57 2952 1885846
1601785513, 0, 544, 658, 502, 46, 4.53%, 0, 0, 7, 275.21 2966 1889957
1601785518, 0, 544, 659, 503, 46, 4.54%, 0, 0, 7, 273.55 2975 1891355
1601785529, 0, 544, 660, 504, 46, 4.54%, 0, 0, 7, 271.17 2975 1894158
1601785539, 0, 544, 662, 506, 46, 4.55%, 0, 0, 7, 272.70 2979 1896929
1601785544, 0, 544, 664, 508, 46, 4.55%, 0, 0, 7, 271.77 2979 1898310
1601785549, 0, 544, 666, 510, 46, 4.55%, 0, 0, 7, 273.34 2979 1899726
1601785580, 0, 551, 671, 514, 49, 4.59%, 0, 0, 7, 251.58 3005 1908067
1601785585, 0, 551, 683, 526, 49, 4.63%, 0, 0, 7, 237.78 3036 1909280
1601785590, 0, 551, 684, 527, 49, 4.63%, 0, 0, 7, 228.79 3037 1910416
1601785595, 0, 551, 687, 530, 49, 4.64%, 0, 0, 7, 228.73 3044 1911491
1601785605, 0, 551, 688, 531, 49, 4.65%, 0, 0, 7, 231.90 3046 1913914
1601785611, 0, 551, 689, 532, 49, 4.70%, 0, 0, 7, 258.11 3079 1915244
1601785616, 0, 551, 690, 533, 49, 4.70%, 0, 0, 7, 270.64 3080 1916647
1601785621, 0, 551, 692, 535, 49, 4.70%, 0, 0, 7, 271.83 3080 1918038
1601785626, 0, 551, 693, 536, 49, 4.70%, 0, 0, 7, 274.80 3080 1919476
1601785636, 0, 551, 695, 538, 49, 4.73%, 0, 0, 7, 274.96 3102 1922232
1601785641, 0, 551, 698, 541, 49, 4.73%, 0, 0, 7, 272.36 3102 1923591
1601785656, 0, 551, 700, 543, 49, 4.74%, 0, 0, 7, 275.44 3107 1927782
1601785662, 0, 551, 701, 544, 49, 4.75%, 0, 0, 7, 276.85 3110 1929220
1601785667, 0, 551, 702, 545, 49, 4.75%, 0, 0, 7, 253.78 3113 1930488
1601785672, 0, 551, 703, 546, 49, 4.75%, 0, 0, 7, 269.36 3114 1931901
1601785682, 0, 551, 704, 547, 49, 4.75%, 0, 0, 7, 272.75 3114 1934674
1601785687, 0, 551, 708, 551, 49, 4.75%, 0, 0, 7, 274.98 3116 1936126
1601785702, 0, 551, 709, 552, 49, 4.76%, 0, 0, 7, 276.42 3117 1940319
1601785713, 0, 551, 710, 553, 49, 4.76%, 0, 0, 7, 266.99 3117 1943092
1601785718, 0, 551, 711, 554, 49, 4.76%, 0, 0, 7, 273.81 3117 1944470
1601785728, 0, 552, 713, 555, 69, 4.77%, 0, 0, 7, 273.44 3125 1947284
1601785758, 0, 553, 713, 554, 68, 4.77%, 0, 0, 7, 279.62 3125 1955602
1601785763, 0, 553, 714, 555, 68, 4.77%, 0, 0, 7, 267.42 3125 1956931
1601785794, 0, 554, 715, 555, 67, 4.77%, 0, 0, 7, 260.97 3125 1964960
1601785799, 0, 554, 719, 559, 67, 4.77%, 0, 0, 7, 249.08 3125 1966254
1601785825, 0, 554, 721, 561, 67, 4.77%, 0, 0, 7, 278.68 3127 1973018
1601785830, 0, 554, 722, 562, 67, 4.77%, 0, 0, 7, 260.59 3127 1974351
1601785845, 0, 554, 723, 563, 67, 4.77%, 0, 0, 7, 273.71 3127 1978524
1601785896, 0, 554, 724, 564, 67, 4.77%, 0, 0, 7, 276.03 3127 1992657
1601785927, 0, 554, 725, 565, 67, 4.78%, 0, 0, 7, 281.46 3131 2001190
1601785937, 0, 555, 725, 564, 67, 4.78%, 0, 0, 7, 248.90 3131 2003851
1601785967, 0, 559, 725, 563, 65, 4.78%, 0, 0, 7, 262.91 3131 2011366
1601786018, 0, 560, 725, 562, 64, 4.78%, 0, 0, 7, 246.07 3131 2023823
1601786049, 0, 564, 730, 566, 63, 4.80%, 0, 0, 7, 251.47 3145 2031100
1601786054, 0, 564, 732, 568, 63, 4.80%, 0, 0, 7, 247.93 3149 2032374
1601786059, 0, 564, 733, 569, 63, 4.81%, 0, 0, 7, 242.44 3150 2033594
1601786075, 0, 564, 734, 570, 63, 4.81%, 0, 0, 7, 261.87 3150 2037511
1601786080, 0, 564, 736, 572, 63, 4.81%, 0, 0, 7, 265.68 3150 2038861
1601786085, 0, 564, 737, 573, 63, 4.81%, 0, 0, 7, 275.12 3155 2040254
1601786095, 0, 564, 739, 575, 63, 4.81%, 0, 0, 7, 275.41 3155 2043070
1601786100, 0, 564, 740, 576, 63, 4.82%, 0, 0, 7, 276.23 3162 2044488
1601786105, 0, 564, 741, 577, 63, 4.83%, 0, 0, 7, 304.13 3167 2046047
1601786115, 0, 564, 742, 578, 63, 4.83%, 0, 0, 7, 280.62 3167 2048904
1601786120, 0, 564, 743, 579, 63, 4.83%, 0, 0, 7, 278.42 3167 2050312
1601786187, 0, 564, 744, 580, 63, 4.83%, 0, 0, 7, 280.41 3167 2068925
1601786197, 0, 566, 744, 579, 65, 4.83%, 0, 0, 7, 255.53 3167 2071653
1601786212, 0, 566, 745, 580, 65, 4.83%, 0, 0, 7, 234.03 3167 2075294
1601786243, 0, 566, 746, 581, 65, 4.84%, 0, 0, 7, 238.01 3172 2082715
1601786259, 0, 571, 747, 581, 64, 4.84%, 0, 0, 7, 238.58 3172 2086550
1601786294, 0, 571, 749, 583, 64, 4.85%, 0, 0, 7, 234.38 3176 2094756
1601786310, 0, 573, 749, 582, 64, 4.85%, 0, 0, 7, 254.72 3176 2098622
1601786340, 0, 576, 749, 581, 63, 4.85%, 0, 0, 7, 280.63 3176 2106663
1601786350, 0, 576, 750, 582, 63, 4.85%, 0, 0, 7, 330.36 3176 2109489
1601786360, 0, 578, 750, 581, 64, 4.85%, 0, 0, 7, 288.27 3176 2112372
1601786381, 0, 578, 751, 582, 64, 4.85%, 0, 0, 7, 279.85 3176 2117823
1601786386, 0, 593, 752, 582, 63, 4.85%, 0, 0, 7, 277.62 3176 2119245
1601786411, 0, 593, 755, 585, 63, 4.85%, 0, 0, 7, 305.61 3176 2125932
1601786447, 0, 593, 756, 586, 63, 4.85%, 0, 0, 7, 283.77 3176 2136029
1601786482, 0, 593, 757, 587, 63, 4.85%, 0, 0, 7, 283.81 3176 2146087
1601786523, 0, 593, 758, 588, 63, 4.85%, 0, 0, 7, 257.96 3176 2156805
1601786528, 0, 605, 758, 587, 62, 4.85%, 0, 0, 7, 268.04 3176 2158043
1601786533, 0, 605, 762, 591, 62, 4.95%, 0, 0, 7, 277.17 3243 2159436
1601786548, 0, 605, 763, 592, 62, 4.96%, 0, 0, 7, 285.78 3253 2163754
1601786599, 0, 605, 764, 593, 62, 4.98%, 0, 0, 7, 286.14 3263 2178327
1601786639, 0, 605, 766, 595, 62, 4.98%, 0, 0, 7, 273.52 3264 2189823
1601786645, 0, 610, 766, 594, 66, 4.98%, 0, 0, 7, 273.01 3264 2191233
1601786675, 0, 616, 766, 593, 65, 4.98%, 0, 0, 7, 274.48 3264 2199626
1601786762, 0, 618, 767, 593, 64, 4.98%, 0, 0, 7, 238.50 3264 2222966
1601786772, 0, 618, 768, 594, 64, 4.98%, 0, 0, 7, 243.95 3264 2225401
1601786859, 0, 618, 771, 597, 64, 4.98%, 0, 0, 7, 274.78 3264 2248694
1601786875, 0, 618, 772, 598, 64, 4.98%, 0, 0, 7, 270.91 3264 2252837
1601786895, 0, 618, 773, 599, 64, 4.98%, 0, 0, 7, 273.71 3264 2258480
1601786900, 0, 618, 774, 600, 64, 4.98%, 0, 0, 7, 270.93 3264 2259858
1601786982, 0, 621, 774, 599, 63, 4.98%, 0, 0, 7, 284.73 3264 2281408
1601786987, 0, 621, 775, 600, 63, 4.98%, 0, 0, 7, 254.28 3264 2282706
1601787002, 0, 622, 775, 599, 62, 4.98%, 0, 0, 7, 265.89 3264 2286717
1601787012, 0, 623, 775, 598, 61, 4.98%, 0, 0, 7, 259.28 3264 2289473
1601787028, 0, 624, 775, 597, 60, 4.98%, 0, 0, 7, 260.16 3264 2293466
1601787048, 0, 625, 775, 596, 59, 4.98%, 0, 0, 7, 253.95 3264 2298534
1601787063, 0, 626, 775, 595, 58, 4.98%, 0, 0, 7, 261.62 3264 2302562
1601787079, 0, 626, 776, 596, 58, 4.98%, 0, 0, 7, 270.43 3266 2306595
1601787089, 0, 627, 776, 595, 58, 4.98%, 0, 0, 7, 257.28 3266 2309259
1601787104, 0, 628, 776, 594, 57, 4.98%, 0, 0, 7, 262.18 3266 2313311
1601787120, 0, 629, 776, 593, 56, 4.98%, 0, 0, 7, 264.97 3266 2317327
1601787135, 0, 629, 777, 594, 56, 4.98%, 0, 0, 7, 266.38 3266 2321257
1601787145, 0, 630, 777, 593, 55, 4.98%, 0, 0, 7, 264.46 3266 2323999
1601787166, 0, 631, 777, 592, 54, 4.98%, 0, 0, 7, 251.58 3266 2329268
1601787181, 0, 632, 777, 591, 53, 4.98%, 0, 0, 7, 255.79 3266 2333285
1601787196, 0, 633, 777, 590, 52, 4.98%, 0, 0, 7, 257.26 3266 2337211
1601787217, 0, 634, 777, 589, 51, 4.98%, 0, 0, 7, 251.81 3266 2342390
1601787232, 0, 635, 777, 588, 50, 4.98%, 0, 0, 7, 255.29 3266 2346286
1601787247, 0, 637, 777, 587, 49, 4.98%, 0, 0, 7, 252.01 3266 2350270
1601787252, 0, 637, 778, 588, 49, 4.98%, 0, 0, 7, 251.15 3266 2351512
1601787268, 0, 646, 780, 589, 48, 4.99%, 0, 0, 7, 250.27 3267 2355469
1601787273, 0, 646, 781, 590, 48, 4.99%, 0, 0, 7, 252.09 3268 2356739
1601787283, 0, 652, 781, 589, 49, 4.99%, 0, 0, 7, 244.04 3268 2359350
1601787288, 0, 652, 782, 590, 49, 5.00%, 0, 0, 8, 232.49 3279 2360515
1601787313, 0, 653, 782, 589, 49, 5.00%, 0, 0, 8, 268.52 3279 2366740
1601787344, 0, 653, 783, 590, 49, 5.00%, 0, 0, 8, 294.11 3279 2375191
1601787354, 0, 658, 783, 589, 48, 5.00%, 0, 0, 8, 287.02 3279 2378137
1601787400, 0, 658, 784, 590, 48, 5.00%, 0, 0, 8, 300.12 3279 2390661
1601787410, 0, 660, 785, 590, 47, 5.01%, 0, 0, 8, 273.25 3281 2393596
1601787446, 0, 661, 788, 592, 47, 5.01%, 0, 0, 8, 261.20 3283 2402371
1601787451, 0, 661, 789, 593, 47, 5.01%, 0, 0, 8, 272.35 3284 2403730
1601787477, 0, 661, 790, 594, 47, 5.01%, 0, 0, 8, 293.49 3284 2411007
1601787482, 0, 661, 793, 597, 47, 5.01%, 0, 0, 8, 296.96 3284 2412526
1601787487, 0, 661, 794, 598, 47, 5.01%, 0, 0, 8, 21.55 3284 2414014
1601787492, 0, 661, 795, 599, 47, 5.01%, 0, 0, 8, 302.08 3284 2415561
1601787508, 0, 661, 797, 601, 47, 5.01%, 0, 0, 8, 288.62 3284 2420053
1601787518, 0, 661, 798, 602, 47, 5.01%, 0, 0, 8, 280.13 3284 2422926
1601787533, 0, 661, 799, 603, 47, 5.01%, 0, 0, 8, 273.13 3284 2427169
1601787538, 0, 661, 800, 604, 47, 5.01%, 0, 0, 8, 283.89 3284 2428602
1601787549, 0, 661, 801, 605, 47, 5.01%, 0, 0, 8, 299.94 3284 2431689
1601787569, 0, 661, 802, 606, 47, 5.01%, 0, 0, 8, 275.71 3284 2437398
1601787585, 0, 661, 803, 607, 47, 5.01%, 0, 0, 8, 296.14 3284 2442001
1601787590, 0, 668, 806, 609, 49, 5.04%, 0, 0, 8, 266.16 3303 2443396
1601787595, 0, 668, 808, 611, 49, 5.04%, 0, 0, 8, 253.28 3303 2444664
1601787600, 0, 668, 810, 613, 49, 5.04%, 0, 0, 8, 239.40 3306 2445860
1601787610, 0, 668, 811, 614, 49, 5.04%, 0, 0, 8, 263.68 3306 2448477
1601787625, 0, 675, 813, 615, 52, 5.04%, 0, 0, 8, 260.47 3306 2452538
1601787636, 0, 675, 814, 616, 52, 5.05%, 0, 0, 8, 244.55 3308 2455095
1601787646, 0, 675, 815, 617, 52, 5.05%, 0, 0, 8, 247.61 3308 2457587
1601787651, 0, 675, 816, 618, 52, 5.05%, 0, 0, 8, 263.96 3308 2458970
1601787657, 0, 675, 817, 619, 52, 5.05%, 0, 0, 8, 282.34 3308 2460438
1601787662, 0, 675, 818, 620, 52, 5.05%, 0, 0, 8, 290.55 3308 2461941
1601787698, 0, 675, 820, 622, 52, 5.05%, 0, 0, 8, 270.37 3308 2472307
1601787703, 0, 675, 821, 623, 52, 5.05%, 0, 0, 8, 274.66 3308 2473755
1601787723, 0, 675, 822, 624, 52, 5.05%, 0, 0, 8, 272.29 3308 2479333
1601787733, 0, 675, 823, 625, 52, 5.05%, 0, 0, 8, 272.74 3308 2482101
1601787769, 0, 676, 824, 625, 52, 5.05%, 0, 0, 8, 242.05 3309 2491619
1601787790, 0, 676, 825, 626, 52, 5.05%, 0, 0, 8, 344.99 3310 2496346
1601787795, 0, 676, 826, 627, 52, 5.05%, 0, 0, 8, 261.65 3310 2497531
1601787805, 0, 682, 826, 626, 52, 5.05%, 0, 0, 8, 242.49 3310 2500182
1601787815, 0, 682, 827, 627, 52, 5.05%, 0, 0, 8, 226.08 3310 2502505
1601787841, 0, 683, 828, 627, 51, 5.05%, 0, 0, 8, 226.49 3310 2508201
1601787846, 0, 683, 829, 628, 51, 5.05%, 0, 0, 8, 233.17 3310 2509414
1601787877, 0, 684, 829, 627, 50, 5.05%, 0, 0, 8, 246.59 3310 2516875
1601787892, 0, 684, 830, 628, 50, 5.05%, 0, 0, 8, 232.89 3310 2520406
1601787913, 0, 685, 832, 629, 49, 5.06%, 0, 0, 8, 244.85 3313 2525424
1601787948, 0, 688, 837, 633, 50, 5.06%, 0, 0, 8, 255.75 3316 2533972
1601787953, 0, 688, 838, 634, 50, 5.06%, 0, 0, 8, 249.94 3318 2535207
1601787963, 0, 688, 840, 636, 50, 5.07%, 0, 0, 8, 248.95 3320 2537751
1601787999, 0, 688, 842, 638, 50, 5.07%, 0, 0, 8, 260.38 3320 2546689
1601788005, 0, 688, 843, 639, 50, 5.07%, 0, 0, 8, 267.38 3320 2548067
1601788010, 0, 688, 845, 641, 50, 5.07%, 0, 0, 8, 255.26 3320 2549398
1601788030, 0, 688, 846, 642, 50, 5.07%, 0, 0, 8, 267.16 3320 2554826
1601788041, 0, 688, 847, 643, 50, 5.07%, 0, 0, 8, 266.47 3320 2557569
1601788046, 0, 688, 849, 645, 50, 5.08%, 0, 0, 8, 263.78 3327 2558885
1601788056, 0, 688, 850, 646, 50, 5.08%, 0, 0, 8, 265.77 3327 2561633
1601788072, 0, 688, 852, 648, 50, 5.08%, 0, 0, 8, 265.21 3327 2565789
1601788082, 0, 688, 853, 649, 50, 5.09%, 0, 0, 8, 263.95 3333 2568532
1601788123, 0, 689, 853, 648, 54, 5.09%, 0, 0, 8, 258.32 3333 2579499
1601788154, 0, 698, 853, 647, 53, 5.09%, 0, 0, 8, 327.13 3333 2587229
1601788159, 0, 698, 855, 649, 53, 5.09%, 0, 0, 8, 255.94 3339 2588400
1601788169, 0, 698, 857, 651, 53, 5.10%, 0, 0, 8, 229.42 3340 2590680
1601788190, 0, 700, 857, 650, 53, 5.10%, 0, 0, 8, 265.31 3340 2595669
1601788231, 0, 702, 857, 649, 52, 5.10%, 0, 0, 8, 241.69 3340 2605415
1601788267, 0, 707, 857, 648, 51, 5.10%, 0, 0, 8, 238.58 3340 2613854
1601788303, 0, 708, 857, 647, 50, 5.10%, 0, 0, 8, 233.17 3340 2622093
1601788343, 0, 712, 859, 648, 49, 5.10%, 0, 0, 8, 232.42 3343 2631367
1601788389, 0, 713, 859, 647, 48, 5.10%, 0, 0, 8, 256.07 3343 2641653
1601788420, 0, 716, 859, 646, 47, 5.10%, 0, 0, 8, 270.71 3343 2649429
1601788456, 0, 719, 859, 645, 46, 5.10%, 0, 0, 8, 251.32 3343 2658442
1601788466, 0, 719, 860, 646, 46, 5.10%, 0, 0, 8, 245.00 3344 2660948
1601788486, 0, 719, 861, 647, 46, 5.10%, 0, 0, 8, 255.39 3344 2665916
1601788497, 0, 719, 862, 648, 46, 5.10%, 0, 0, 8, 267.85 3345 2668659
1601788517, 0, 724, 863, 648, 47, 5.10%, 0, 0, 8, 257.34 3345 2674090
1601788553, 0, 727, 863, 647, 46, 5.10%, 0, 0, 8, 252.38 3345 2683151
1601788589, 0, 736, 863, 646, 45, 5.10%, 0, 0, 8, 256.68 3345 2691946
1601788594, 0, 736, 864, 647, 45, 5.11%, 0, 0, 8, 256.28 3347 2693227
1601788630, 0, 739, 864, 646, 45, 5.11%, 0, 0, 8, 256.29 3347 2702413
1601788671, 0, 740, 864, 645, 44, 5.11%, 0, 0, 8, 248.74 3347 2712466
1601788712, 0, 741, 864, 644, 43, 5.11%, 0, 0, 8, 265.21 3347 2722442
1601788717, 0, 741, 865, 645, 43, 5.11%, 0, 0, 8, 259.97 3347 2723763
1601788748, 0, 741, 867, 647, 43, 5.11%, 0, 0, 8, 252.54 3347 2731275
1601788763, 0, 741, 868, 648, 43, 5.11%, 0, 0, 8, 266.25 3347 2735418
1601788768, 0, 741, 869, 649, 43, 5.11%, 0, 0, 8, 267.71 3347 2736796
1601788794, 0, 741, 870, 650, 43, 5.11%, 0, 0, 8, 276.35 3347 2743639
1601788871, 0, 745, 870, 649, 42, 5.11%, 0, 0, 8, 239.90 3347 2764043
1601788922, 0, 745, 872, 651, 42, 5.11%, 0, 0, 8, 231.41 3351 2775524
1601788927, 0, 745, 873, 652, 42, 5.11%, 0, 0, 8, 230.79 3351 2776665
1601788932, 0, 745, 874, 653, 42, 5.11%, 0, 0, 8, 247.41 3351 2777941
1601788947, 0, 747, 874, 652, 43, 5.11%, 0, 0, 8, 232.21 3351 2781800
1601788988, 0, 747, 875, 653, 43, 5.11%, 0, 0, 8, 222.32 3352 2791017
1601788993, 0, 747, 877, 655, 43, 5.12%, 0, 0, 8, 253.12 3353 2792307
1601789024, 0, 749, 878, 655, 45, 5.12%, 0, 0, 8, 260.88 3353 2800225
1601789034, 0, 749, 880, 657, 45, 5.12%, 0, 0, 8, 264.39 3353 2802892
1601789064, 0, 760, 880, 656, 44, 5.12%, 0, 0, 8, 278.17 3353 2811219
1601789090, 0, 761, 880, 655, 43, 5.12%, 0, 0, 8, 273.35 3353 2818200
1601789100, 0, 761, 881, 656, 43, 5.12%, 0, 0, 8, 270.54 3356 2820978
1601789126, 0, 762, 881, 655, 43, 5.12%, 0, 0, 8, 273.48 3356 2827849
1601789152, 0, 762, 884, 658, 43, 5.15%, 0, 0, 8, 269.37 3378 2834746
1601789157, 0, 762, 886, 660, 43, 5.16%, 0, 0, 8, 271.90 3380 2836142
1601789162, 0, 762, 887, 661, 43, 5.17%, 0, 0, 8, 269.61 3386 2837515
1601789167, 0, 762, 889, 663, 43, 5.17%, 0, 0, 8, 270.84 3386 2838901
1601789172, 0, 762, 890, 664, 43, 5.17%, 0, 0, 8, 277.10 3386 2840334
1601789203, 0, 762, 891, 665, 43, 5.17%, 0, 0, 8, 273.33 3388 2848652
1601789208, 0, 762, 892, 666, 43, 5.17%, 0, 0, 8, 273.06 3388 2850050
1601789234, 0, 762, 893, 667, 43, 5.17%, 0, 0, 8, 265.81 3388 2857028
1601789244, 0, 762, 894, 668, 43, 5.18%, 0, 0, 8, 272.45 3396 2859791
1601789270, 0, 762, 895, 669, 43, 5.21%, 0, 0, 8, 272.30 3414 2866714
1601789275, 0, 763, 895, 668, 48, 5.21%, 0, 0, 8, 274.74 3414 2868131
1601789280, 0, 763, 896, 669, 48, 5.21%, 0, 0, 8, 276.62 3414 2869539
1601789290, 0, 775, 896, 668, 46, 5.21%, 0, 0, 8, 274.96 3414 2872322
1601789295, 0, 775, 897, 669, 46, 5.21%, 0, 0, 8, 279.38 3416 2873746
1601789310, 0, 778, 898, 669, 46, 5.21%, 0, 0, 8, 262.46 3416 2877846
1601789320, 0, 778, 899, 670, 46, 5.21%, 0, 0, 8, 268.60 3417 2880571
1601789326, 0, 780, 900, 670, 46, 5.21%, 0, 0, 8, 274.72 3417 2881985
1601789341, 0, 781, 900, 669, 46, 5.21%, 0, 0, 8, 259.62 3417 2886107
1601789377, 0, 785, 900, 668, 45, 5.21%, 0, 0, 8, 262.09 3417 2894866
1601789382, 0, 785, 901, 669, 45, 5.23%, 0, 0, 9, 251.81 3428 2896163
1601789418, 0, 785, 902, 670, 45, 5.23%, 0, 0, 9, 268.26 3428 2905263
1601789433, 0, 786, 902, 669, 45, 5.23%, 0, 0, 9, 264.09 3428 2909393
1601789469, 0, 786, 903, 670, 45, 5.23%, 0, 0, 9, 270.54 3428 2918568
1601789489, 0, 787, 903, 669, 44, 5.23%, 0, 0, 9, 262.41 3428 2923960
1601789530, 0, 788, 903, 668, 43, 5.23%, 0, 0, 9, 269.27 3428 2934473
1601789566, 0, 788, 904, 669, 43, 5.23%, 0, 0, 9, 265.63 3428 2943746
1601789586, 0, 796, 905, 669, 42, 5.23%, 0, 0, 9, 258.34 3430 2949208
1601789591, 0, 796, 906, 670, 42, 5.24%, 0, 0, 9, 253.83 3432 2950470
1601789632, 0, 796, 907, 671, 42, 5.24%, 0, 0, 9, 260.37 3434 2960512
1601789637, 0, 796, 908, 672, 42, 5.24%, 0, 0, 9, 264.57 3435 2961880
1601789663, 0, 796, 909, 673, 42, 5.24%, 0, 0, 9, 251.89 3435 2968588
1601789699, 0, 796, 910, 674, 42, 5.24%, 0, 0, 9, 268.53 3435 2978086
1601789704, 0, 796, 911, 675, 42, 5.24%, 0, 0, 9, 268.16 3435 2979459
1601789725, 0, 802, 912, 675, 44, 5.24%, 0, 0, 9, 237.34 3435 2984814
1601789766, 0, 805, 914, 676, 45, 5.24%, 0, 0, 9, 243.19 3435 2994497
1601789807, 0, 806, 914, 675, 45, 5.24%, 0, 0, 9, 233.53 3435 3004094
1601789817, 0, 806, 915, 676, 45, 5.24%, 0, 0, 9, 215.56 3435 3006328
1601789847, 0, 808, 915, 675, 44, 5.24%, 0, 0, 9, 239.38 3435 3013533
1601789858, 0, 808, 916, 676, 44, 5.24%, 0, 0, 9, 219.43 3436 3015819
1601789888, 0, 809, 916, 675, 44, 5.24%, 0, 0, 9, 240.50 3436 3023153
1601789893, 0, 809, 917, 676, 44, 5.24%, 0, 0, 9, 220.10 3436 3024259
1601789929, 0, 811, 917, 675, 43, 5.24%, 0, 0, 9, 239.70 3436 3032863
1601789970, 0, 812, 918, 675, 42, 5.24%, 0, 0, 9, 246.89 3436 3042718
1601790006, 0, 813, 918, 674, 42, 5.24%, 0, 0, 9, 260.54 3436 3051066
1601790047, 0, 819, 918, 673, 41, 5.24%, 0, 0, 9, 246.79 3436 3060734
1601790053, 0, 819, 920, 675, 41, 5.24%, 0, 0, 9, 232.06 3436 3061858
1601790093, 0, 824, 920, 674, 41, 5.24%, 0, 0, 9, 234.66 3436 3071224
1601790134, 0, 825, 920, 673, 40, 5.24%, 0, 0, 9, 225.45 3436 3080730
1601790170, 0, 830, 920, 672, 40, 5.24%, 0, 0, 9, 239.86 3436 3089090
1601790211, 0, 831, 920, 671, 39, 5.24%, 0, 0, 9, 246.32 3436 3098401
1601790252, 0, 837, 920, 670, 38, 5.24%, 0, 0, 9, 256.08 3436 3108042
1601790257, 0, 837, 921, 671, 38, 5.24%, 0, 0, 9, 248.73 3436 3109116
1601790313, 0, 839, 921, 670, 37, 5.24%, 0, 0, 9, 252.82 3436 3122764
1601790374, 0, 839, 922, 671, 37, 5.24%, 0, 0, 9, 257.06 3436 3137640
1601790384, 0, 839, 923, 672, 37, 5.24%, 0, 0, 9, 258.49 3436 3140268
1601790415, 0, 848, 926, 674, 36, 5.25%, 0, 0, 9, 222.96 3440 3147963
1601790420, 0, 848, 927, 675, 36, 5.26%, 0, 0, 9, 210.72 3444 3149018
1601790425, 0, 848, 928, 676, 36, 5.26%, 0, 0, 9, 216.47 3444 3150111
1601790496, 0, 848, 932, 680, 36, 5.26%, 0, 0, 9, 254.51 3444 3165032
1601790501, 0, 848, 935, 683, 36, 5.27%, 0, 0, 9, 248.71 3454 3166266
1601790506, 0, 848, 937, 685, 36, 5.27%, 0, 0, 9, 249.08 3454 3167558
1601790511, 0, 848, 938, 686, 36, 5.27%, 0, 0, 9, 250.20 3454 3168858
1601790521, 0, 848, 939, 687, 36, 5.27%, 0, 0, 9, 253.59 3454 3171428
1601790526, 0, 848, 941, 689, 36, 5.27%, 0, 0, 9, 253.00 3454 3172694
1601790537, 0, 848, 942, 690, 36, 5.27%, 0, 0, 9, 250.24 3454 3175252
1601790552, 0, 848, 943, 691, 36, 5.27%, 0, 0, 9, 248.50 3454 3179082
1601790557, 0, 848, 944, 692, 36, 5.27%, 0, 0, 9, 253.66 3454 3180403
1601790567, 0, 848, 945, 693, 36, 5.27%, 0, 0, 9, 252.67 3454 3182961
1601790593, 0, 850, 946, 693, 39, 5.27%, 0, 0, 9, 248.94 3454 3189198
1601790598, 0, 850, 947, 694, 39, 5.27%, 0, 0, 9, 244.28 3454 3190429
1601790644, 0, 850, 949, 696, 39, 5.27%, 0, 0, 9, 247.14 3454 3201702
1601790670, 0, 852, 949, 695, 38, 5.27%, 0, 0, 9, 242.84 3454 3208205
1601790740, 0, 856, 949, 694, 37, 5.27%, 0, 0, 9, 254.11 3454 3224728
1601790745, 0, 856, 954, 699, 37, 5.28%, 0, 0, 9, 237.59 3461 3225901
1601790756, 0, 856, 956, 701, 37, 5.28%, 0, 0, 9, 229.91 3461 3228186
1601790766, 0, 856, 958, 703, 37, 5.30%, 0, 0, 9, 226.44 3471 3230543
1601790781, 0, 858, 959, 703, 40, 5.30%, 0, 0, 9, 225.75 3474 3234289
1601790786, 0, 858, 960, 704, 40, 5.30%, 0, 0, 9, 218.25 3475 3235390
1601790807, 0, 858, 961, 705, 40, 5.30%, 0, 0, 9, 226.30 3475 3239720
1601790817, 0, 858, 962, 706, 40, 5.31%, 0, 0, 9, 242.95 3478 3241986
1601790827, 0, 858, 963, 707, 40, 5.31%, 0, 0, 9, 261.80 3479 3244632
1601790852, 0, 859, 963, 706, 43, 5.31%, 0, 0, 9, 251.94 3479 3251210
1601790893, 0, 861, 963, 705, 42, 5.31%, 0, 0, 9, 267.46 3479 3261502
1601790939, 0, 863, 963, 704, 41, 5.31%, 0, 0, 9, 261.67 3479 3273139
1601790980, 0, 870, 963, 703, 40, 5.31%, 0, 0, 9, 259.32 3479 3283658
1601790985, 0, 870, 964, 704, 40, 5.31%, 0, 0, 9, 232.62 3482 3284796
1601791036, 0, 870, 965, 705, 40, 5.31%, 0, 0, 9, 226.94 3482 3296346
1601791051, 0, 871, 966, 705, 40, 5.32%, 0, 0, 9, 245.33 3484 3300104
1601791107, 0, 871, 967, 706, 40, 5.32%, 0, 0, 9, 224.51 3484 3312758
1601791122, 0, 874, 968, 706, 41, 5.32%, 0, 0, 9, 232.42 3484 3316573
1601791184, 0, 876, 969, 706, 40, 5.32%, 0, 0, 9, 229.73 3487 3330524
1601791245, 0, 880, 969, 705, 40, 5.32%, 0, 0, 9, 261.26 3487 3344478
1601791256, 0, 880, 970, 706, 40, 5.32%, 0, 0, 9, 262.67 3489 3347010
1601791276, 0, 880, 971, 707, 40, 5.33%, 0, 0, 9, 268.13 3493 3352513
1601791292, 0, 881, 971, 706, 41, 5.33%, 0, 0, 9, 270.11 3493 3356720
1601791297, 0, 881, 972, 707, 41, 5.33%, 0, 0, 9, 263.25 3494 3358051
1601791322, 0, 885, 972, 706, 41, 5.33%, 0, 0, 9, 271.77 3494 3364856
1601791358, 0, 886, 972, 705, 40, 5.33%, 0, 0, 9, 268.00 3494 3374531
1601791404, 0, 886, 973, 706, 40, 5.33%, 0, 0, 9, 258.25 3494 3386352
1601791419, 0, 890, 973, 705, 40, 5.33%, 0, 0, 9, 258.32 3494 3390408
1601791435, 0, 890, 974, 706, 40, 5.33%, 0, 0, 9, 253.92 3494 3394348
1601791491, 0, 890, 977, 709, 40, 5.33%, 0, 0, 9, 265.28 3494 3408830
1601791496, 0, 890, 978, 710, 40, 5.33%, 0, 0, 9, 266.44 3494 3410203
1601791507, 0, 890, 979, 711, 40, 5.33%, 0, 0, 9, 269.26 3494 3412971
1601791548, 0, 890, 981, 713, 40, 5.33%, 0, 0, 9, 264.38 3494 3423842
1601791583, 0, 893, 981, 712, 40, 5.33%, 0, 0, 9, 266.14 3494 3433328
1601791594, 0, 893, 982, 713, 40, 5.33%, 0, 0, 9, 263.31 3494 3436027
1601791640, 0, 893, 983, 714, 40, 5.33%, 0, 0, 9, 271.66 3494 3448024
1601791655, 0, 895, 983, 713, 40, 5.33%, 0, 0, 9, 265.90 3494 3452099
1601791680, 0, 895, 985, 715, 40, 5.33%, 0, 0, 9, 267.76 3494 3458776
1601791701, 0, 895, 986, 716, 40, 5.33%, 0, 0, 9, 260.14 3494 3464159
1601791773, 0, 896, 990, 719, 39, 5.46%, 0, 0, 9, 275.03 3581 3483239
1601791778, 0, 896, 998, 727, 39, 5.48%, 0, 0, 9, 276.28 3593 3484652
1601791783, 0, 896, 1006, 735, 39, 5.49%, 0, 0, 9, 276.93 3595 3486063
1601791788, 0, 896, 1010, 739, 39, 5.49%, 0, 0, 9, 276.78 3595 3487465
1601791793, 0, 896, 1011, 740, 39, 5.49%, 0, 0, 9, 278.19 3595 3488883
1601791798, 0, 896, 1013, 742, 39, 5.49%, 0, 0, 9, 280.95 3595 3490319
1601791808, 0, 896, 1014, 743, 39, 5.49%, 0, 0, 9, 279.02 3595 3493147
1601791813, 0, 896, 1016, 745, 39, 5.49%, 0, 0, 9, 278.10 3595 3494558
1601791818, 0, 896, 1018, 747, 39, 5.49%, 0, 0, 9, 277.80 3595 3495979
1601791864, 0, 896, 1019, 748, 39, 5.49%, 0, 0, 9, 277.74 3595 3508577
1601791869, 0, 898, 1019, 747, 46, 5.49%, 0, 0, 9, 276.65 3595 3509974
1601791874, 0, 898, 1020, 748, 46, 5.49%, 0, 0, 9, 274.41 3595 3511390
1601791890, 0, 899, 1020, 747, 46, 5.49%, 0, 0, 9, 272.19 3595 3515495
1601791895, 0, 899, 1021, 748, 46, 5.49%, 0, 0, 9, 271.44 3595 3516893
1601791910, 0, 900, 1022, 748, 45, 5.49%, 0, 0, 10, 252.69 3595 3520962
1601791956, 0, 904, 1022, 747, 44, 5.49%, 0, 0, 10, 253.39 3595 3532651
1601791966, 0, 904, 1023, 748, 44, 5.49%, 0, 0, 10, 247.61 3597 3535193
1601791997, 0, 904, 1024, 749, 44, 5.49%, 0, 0, 10, 261.63 3597 3542786
1601792022, 0, 905, 1024, 748, 45, 5.49%, 0, 0, 10, 251.47 3597 3549483
1601792073, 0, 905, 1025, 749, 45, 5.49%, 0, 0, 10, 270.05 3597 3562179
1601792089, 0, 906, 1026, 749, 44, 5.49%, 0, 0, 10, 253.30 3597 3566194
1601792165, 0, 906, 1027, 750, 44, 5.49%, 0, 0, 10, 256.42 3597 3585002
1601792170, 0, 906, 1029, 752, 44, 5.49%, 0, 0, 10, 259.90 3597 3586318
1601792175, 0, 906, 1030, 753, 44, 5.49%, 0, 0, 10, 262.08 3597 3587636
1601792200, 0, 906, 1031, 754, 44, 5.49%, 0, 0, 10, 263.58 3597 3594184
1601792205, 0, 906, 1033, 756, 44, 5.49%, 0, 0, 10, 263.56 3597 3595515
1601792210, 0, 906, 1034, 757, 44, 5.49%, 0, 0, 10, 283.31 3597 3596903
1601792260, 0, 909, 1034, 756, 44, 5.49%, 0, 0, 10, 249.51 3597 3610012
1601792321, 0, 909, 1036, 758, 44, 5.49%, 0, 0, 10, 251.82 3597 3625059
1601792367, 0, 911, 1036, 757, 43, 5.49%, 0, 0, 10, 235.21 3597 3636665
1601792403, 0, 911, 1037, 758, 43, 5.49%, 0, 0, 10, 260.08 3597 3644865
1601792423, 0, 915, 1037, 757, 42, 5.49%, 0, 0, 10, 231.78 3597 3650032
1601792433, 0, 915, 1038, 758, 42, 5.49%, 0, 0, 10, 224.62 3598 3652344
1601792464, 0, 917, 1038, 757, 42, 5.49%, 0, 0, 10, 238.37 3598 3659712
1601792500, 0, 925, 1038, 756, 41, 5.49%, 0, 0, 10, 257.48 3598 3668232
1601792591, 0, 926, 1038, 755, 40, 5.49%, 0, 0, 10, 247.91 3598 3687994
1601792683, 0, 932, 1038, 754, 39, 5.49%, 0, 0, 10, 223.99 3598 3707376
1601792759, 0, 932, 1039, 755, 39, 5.50%, 0, 0, 10, 241.41 3607 3723405
1601792779, 0, 932, 1040, 756, 39, 5.50%, 0, 0, 10, 251.25 3607 3728530
1601792805, 0, 944, 1042, 757, 39, 5.50%, 0, 0, 10, 233.93 3607 3734737
1601792892, 0, 944, 1044, 759, 39, 5.50%, 0, 0, 10, 239.45 3607 3752613
1601792927, 0, 949, 1044, 758, 39, 5.50%, 0, 0, 10, 239.78 3607 3761582
1601792938, 0, 949, 1045, 759, 39, 5.50%, 0, 0, 10, 223.41 3607 3763799
1601792948, 0, 949, 1047, 761, 39, 5.51%, 0, 0, 10, 222.04 3609 3766125
1601792964, 0, 950, 1047, 760, 41, 5.51%, 0, 0, 10, 313.56 3609 3769949
1601793005, 0, 951, 1047, 759, 40, 5.51%, 0, 0, 10, 241.58 3609 3779779
1601793015, 0, 951, 1049, 761, 40, 5.51%, 0, 0, 10, 230.40 3609 3782056
1601793041, 0, 952, 1049, 760, 41, 5.51%, 0, 0, 10, 252.24 3609 3788288
1601793082, 0, 953, 1049, 759, 40, 5.51%, 0, 0, 10, 232.88 3609 3797903
1601793118, 0, 954, 1049, 758, 39, 5.51%, 0, 0, 10, 254.96 3609 3806369
1601793159, 0, 956, 1049, 757, 39, 5.51%, 0, 0, 10, 226.97 3609 3815728
1601793199, 0, 957, 1049, 756, 38, 5.51%, 0, 0, 10, 236.86 3609 3825165
1601793235, 0, 958, 1051, 757, 37, 5.51%, 0, 0, 10, 240.48 3609 3833512
1601793286, 0, 960, 1053, 758, 37, 5.51%, 0, 0, 10, 225.50 3611 3844854
1601793291, 0, 960, 1054, 759, 37, 5.51%, 0, 0, 10, 221.84 3611 3845975
1601793322, 0, 960, 1055, 760, 37, 5.51%, 0, 0, 10, 241.99 3611 3852751
1601793347, 0, 961, 1055, 759, 39, 5.51%, 0, 0, 10, 219.39 3611 3859092
1601793382, 0, 961, 1056, 760, 39, 5.51%, 0, 0, 10, 247.71 3611 3866993
1601793403, 0, 962, 1056, 759, 39, 5.51%, 0, 0, 10, 249.04 3611 3872383
1601793459, 0, 962, 1057, 760, 39, 5.52%, 0, 0, 10, 243.95 3615 3884290
1601793474, 0, 962, 1058, 761, 39, 5.52%, 0, 0, 10, 279.41 3615 3888318
1601793505, 0, 963, 1058, 760, 39, 5.52%, 0, 0, 10, 243.60 3615 3896077
1601793555, 0, 963, 1059, 761, 39, 5.52%, 0, 0, 10, 228.55 3616 3907621
1601793576, 0, 965, 1059, 760, 39, 5.52%, 0, 0, 10, 236.22 3616 3912687
1601793642, 0, 966, 1059, 759, 38, 5.52%, 0, 0, 10, 259.58 3616 3928038
1601793698, 0, 966, 1060, 760, 38, 5.52%, 0, 0, 10, 268.42 3616 3942119
1601793708, 0, 968, 1062, 761, 38, 5.52%, 0, 0, 10, 264.70 3620 3944900
1601793769, 0, 969, 1062, 760, 39, 5.52%, 0, 0, 10, 263.29 3620 3959938
1601793780, 0, 969, 1063, 761, 39, 5.53%, 0, 0, 10, 269.07 3621 3962719
1601793805, 0, 970, 1063, 760, 39, 5.53%, 0, 0, 10, 270.22 3621 3969580
1601793841, 0, 971, 1063, 759, 38, 5.53%, 0, 0, 10, 266.23 3621 3978983
1601793871, 0, 972, 1063, 758, 37, 5.53%, 0, 0, 10, 262.02 3621 3987109
1601793927, 0, 980, 1064, 758, 36, 5.53%, 0, 0, 10, 280.47 3624 4001838
1601793998, 0, 980, 1065, 759, 36, 5.53%, 0, 0, 10, 262.49 3624 4020318
1601794003, 0, 980, 1066, 760, 36, 5.53%, 0, 0, 10, 271.78 3624 4021696
1601794014, 0, 980, 1067, 761, 36, 5.53%, 0, 0, 10, 266.80 3625 4024444
1601794040, 0, 980, 1068, 762, 36, 5.53%, 0, 0, 10, 265.59 3625 4031397
1601794091, 0, 982, 1068, 761, 37, 5.53%, 0, 0, 10, 259.89 3625 4045187
1601794173, 0, 986, 1068, 760, 36, 5.53%, 0, 0, 10, 270.17 3625 4066487
1601794183, 0, 986, 1070, 762, 36, 5.53%, 0, 0, 10, 269.06 3625 4069247
1601794188, 0, 986, 1073, 765, 36, 5.53%, 0, 0, 10, 269.33 3625 4070621
1601794193, 0, 986, 1074, 766, 36, 5.53%, 0, 0, 10, 270.28 3625 4071999
1601794244, 0, 986, 1075, 767, 36, 5.53%, 0, 0, 10, 273.90 3625 4086172
1601794275, 0, 987, 1075, 766, 36, 5.53%, 0, 0, 10, 286.06 3625 4094640
1601794285, 0, 987, 1076, 767, 36, 5.53%, 0, 0, 10, 279.68 3625 4097500
1601794306, 0, 996, 1076, 766, 35, 5.53%, 0, 0, 10, 273.45 3625 4103236
1601794326, 0, 999, 1076, 765, 35, 5.53%, 0, 0, 10, 272.81 3625 4108830
1601794351, 0, 1003, 1076, 764, 34, 5.53%, 0, 0, 10, 266.11 3625 4115796
1601794372, 0, 1003, 1078, 766, 34, 5.53%, 0, 0, 10, 268.57 3625 4121250
1601794408, 0, 1006, 1078, 765, 33, 5.53%, 0, 0, 10, 282.02 3625 4130991
1601794418, 0, 1009, 1078, 764, 32, 5.53%, 0, 0, 10, 271.89 3625 4133770
1601794433, 0, 1015, 1078, 763, 31, 5.53%, 0, 0, 10, 266.84 3625 4137929
1601794449, 0, 1017, 1078, 762, 30, 5.53%, 0, 0, 10, 277.07 3625 4142140
1601794459, 0, 1017, 1079, 763, 30, 5.53%, 0, 0, 10, 270.18 3625 4144915
1601794480, 0, 1018, 1079, 762, 29, 5.53%, 0, 0, 10, 270.58 3625 4150482
1601794510, 0, 1019, 1079, 761, 29, 5.53%, 0, 0, 10, 269.00 3625 4158797
1601794531, 0, 1022, 1079, 760, 28, 5.53%, 0, 0, 10, 254.92 3625 4164250
1601794577, 0, 1022, 1081, 762, 28, 5.53%, 0, 0, 11, 263.31 3627 4175665
1601794582, 0, 1022, 1082, 763, 28, 5.53%, 0, 0, 11, 266.21 3627 4177043
1601794592, 0, 1022, 1083, 764, 28, 5.53%, 0, 0, 11, 269.65 3627 4179821
1601794602, 0, 1022, 1084, 765, 28, 5.54%, 0, 0, 11, 266.33 3631 4182529
1601794612, 0, 1022, 1085, 766, 28, 5.54%, 0, 0, 11, 269.11 3631 4185287
1601794663, 0, 1023, 1085, 765, 29, 5.54%, 0, 0, 11, 261.33 3631 4198648
1601794668, 0, 1023, 1086, 766, 29, 5.54%, 0, 0, 11, 245.77 3631 4199904
1601794744, 0, 1026, 1086, 765, 28, 5.54%, 0, 0, 11, 249.89 3631 4218794
1601794811, 0, 1035, 1086, 764, 27, 5.54%, 0, 0, 11, 252.89 3631 4235287
1601794872, 0, 1035, 1087, 765, 27, 5.54%, 0, 0, 11, 257.59 3631 4250427
1601794892, 0, 1037, 1088, 765, 27, 5.54%, 0, 0, 11, 250.88 3633 4255727
1601794933, 0, 1038, 1088, 764, 27, 5.54%, 0, 0, 11, 233.85 3633 4265578
1601795015, 0, 1045, 1088, 763, 26, 5.54%, 0, 0, 11, 232.01 3633 4284597
1601795051, 0, 1046, 1088, 762, 25, 5.54%, 0, 0, 11, 252.88 3633 4293302
1601795093, 0, 1047, 1088, 761, 24, 5.54%, 0, 0, 11, 240.60 3633 4303251
1601795134, 0, 1048, 1088, 760, 23, 5.54%, 0, 0, 11, 243.36 3633 4313179
1601795170, 0, 1049, 1088, 759, 22, 5.54%, 0, 0, 11, 243.88 3633 4321875
1601795185, 0, 1049, 1089, 760, 22, 5.54%, 0, 0, 11, 208.24 3633 4325079
1601795221, 0, 1051, 1089, 759, 21, 5.54%, 0, 0, 11, 231.92 3633 4333507
1601795236, 0, 1051, 1090, 760, 21, 5.55%, 0, 0, 11, 218.55 3635 4336832
1601795266, 0, 1052, 1090, 759, 20, 5.55%, 0, 0, 11, 231.93 3635 4344102
1601795312, 0, 1055, 1090, 758, 19, 5.55%, 0, 0, 11, 252.49 3635 4354579
1601795317, 0, 1055, 1091, 759, 19, 5.55%, 0, 0, 11, 228.10 3635 4355676
1601795363, 0, 1056, 1092, 759, 19, 5.55%, 0, 0, 11, 217.69 3639 4366342
1601795368, 0, 1056, 1093, 760, 19, 5.55%, 0, 0, 11, 220.94 3640 4367438
1601795419, 0, 1056, 1094, 761, 19, 5.55%, 0, 0, 11, 259.94 3640 4378579
1601795434, 0, 1058, 1094, 760, 19, 5.55%, 0, 0, 11, 258.41 3640 4382523
1601795505, 0, 1059, 1095, 760, 18, 5.55%, 0, 0, 11, 245.95 3640 4399492
1601795561, 0, 1059, 1096, 761, 18, 5.55%, 0, 0, 11, 232.79 3640 4412645
1601795576, 0, 1060, 1096, 760, 17, 5.55%, 0, 0, 11, 235.47 3640 4416552
1601795633, 0, 1061, 1096, 759, 16, 5.55%, 0, 0, 11, 244.22 3640 4429981
1601795649, 0, 1061, 1097, 760, 16, 5.56%, 0, 0, 11, 217.99 3641 4433514
1601795695, 0, 1062, 1097, 759, 16, 5.56%, 0, 0, 11, 257.41 3641 4444288
1601795700, 0, 1062, 1098, 760, 16, 5.56%, 0, 0, 11, 284.54 3641 4445698
1601795736, 0, 1063, 1098, 759, 16, 5.56%, 0, 0, 11, 260.37 3641 4455314
1601795818, 0, 1066, 1098, 758, 15, 5.56%, 0, 0, 11, 257.43 3641 4476361
1601795914, 0, 1066, 1099, 759, 15, 5.56%, 0, 0, 11, 269.47 3641 4501657
1601795919, 0, 1066, 1100, 760, 15, 5.56%, 0, 0, 11, 270.79 3641 4503050
1601795924, 0, 1066, 1101, 761, 15, 5.56%, 0, 0, 11, 270.94 3641 4504433
1601795940, 0, 1066, 1102, 762, 15, 5.56%, 0, 0, 11, 269.55 3641 4508601
1601796001, 0, 1069, 1102, 761, 14, 5.56%, 0, 0, 11, 269.17 3641 4524988
1601796016, 0, 1079, 1102, 760, 13, 5.56%, 0, 0, 11, 261.09 3641 4529132
1601796088, 0, 1079, 1103, 761, 13, 5.56%, 0, 0, 12, 266.14 3641 4547419
1601796103, 0, 1083, 1105, 762, 12, 5.56%, 0, 0, 12, 252.19 3642 4551465
1601796108, 0, 1083, 1106, 763, 12, 5.56%, 0, 0, 12, 251.83 3644 4552759
1601796159, 0, 1083, 1107, 764, 12, 5.56%, 0, 0, 12, 254.61 3644 4565627
1601796165, 0, 1083, 1109, 766, 12, 5.56%, 0, 0, 12, 265.30 3644 4567008
1601796170, 0, 1083, 1112, 769, 12, 5.57%, 0, 0, 12, 267.52 3648 4568387
1601796175, 0, 1083, 1113, 770, 12, 5.57%, 0, 0, 12, 266.77 3648 4569755
1601796206, 0, 1083, 1114, 771, 12, 5.57%, 0, 0, 12, 265.40 3648 4578108
1601796231, 0, 1083, 1115, 772, 12, 5.57%, 0, 0, 12, 270.26 3648 4584991
1601796252, 0, 1087, 1115, 771, 15, 5.57%, 0, 0, 12, 251.80 3648 4590410
1601796293, 0, 1089, 1115, 770, 14, 5.57%, 0, 0, 12, 236.58 3648 4600259
1601796329, 0, 1089, 1116, 771, 14, 5.57%, 0, 0, 12, 240.10 3648 4608177
1601796339, 0, 1091, 1116, 770, 14, 5.57%, 0, 0, 12, 259.42 3648 4610855
1601796344, 0, 1091, 1117, 771, 14, 5.58%, 0, 0, 12, 216.38 3654 4611890
1601796395, 0, 1091, 1118, 772, 14, 5.58%, 0, 0, 12, 261.26 3654 4623106
1601796400, 0, 1091, 1119, 773, 14, 5.58%, 0, 0, 12, 261.83 3654 4624424
1601796410, 0, 1091, 1120, 774, 14, 5.58%, 0, 0, 12, 261.54 3654 4627057
1601796420, 0, 1091, 1121, 775, 14, 5.58%, 0, 0, 12, 261.84 3654 4629680
1601796440, 0, 1091, 1122, 776, 14, 5.58%, 0, 0, 12, 262.64 3654 4635043
1601796450, 0, 1091, 1123, 777, 14, 5.58%, 0, 0, 12, 260.03 3654 4637671
1601796465, 0, 1091, 1124, 778, 14, 5.58%, 0, 0, 12, 260.15 3654 4641644
1601796475, 0, 1091, 1125, 779, 14, 5.60%, 0, 0, 12, 259.20 3667 4644262
1601796486, 0, 1092, 1125, 778, 17, 5.60%, 0, 0, 12, 240.85 3667 4646919
1601796531, 0, 1092, 1126, 779, 17, 5.60%, 0, 0, 12, 207.93 3667 4656660
1601796537, 0, 1092, 1127, 780, 17, 5.60%, 0, 0, 12, 232.40 3667 4657861
1601796542, 0, 1092, 1128, 781, 17, 5.60%, 0, 0, 12, 257.24 3667 4659227
1601796557, 0, 1092, 1129, 782, 17, 5.60%, 0, 0, 12, 258.81 3668 4663175
1601796582, 0, 1095, 1130, 782, 18, 5.60%, 0, 0, 12, 250.96 3668 4669796
1601796653, 0, 1096, 1130, 781, 17, 5.60%, 0, 0, 12, 257.55 3668 4686348
1601796694, 0, 1096, 1133, 784, 17, 5.60%, 0, 0, 12, 222.04 3672 4695630
1601796720, 0, 1097, 1134, 784, 19, 5.60%, 0, 0, 12, 265.62 3672 4701969
1601796756, 0, 1104, 1134, 783, 19, 5.60%, 0, 0, 12, 264.92 3672 4711724
1601796817, 0, 1104, 1136, 785, 19, 5.60%, 0, 0, 13, 256.46 3672 4726896
1601796832, 0, 1104, 1137, 786, 19, 5.60%, 0, 0, 13, 265.64 3672 4731014
1601796884, 0, 1104, 1139, 788, 19, 5.60%, 0, 0, 13, 267.32 3672 4744750
1601796910, 0, 1105, 1139, 787, 18, 5.60%, 0, 0, 13, 253.84 3672 4751565
1601796966, 0, 1105, 1140, 788, 18, 5.60%, 0, 0, 13, 277.57 3672 4765506
1601796971, 0, 1105, 1141, 789, 18, 5.60%, 0, 0, 13, 265.01 3672 4766824
1601796991, 0, 1105, 1142, 790, 18, 5.60%, 0, 0, 13, 264.61 3672 4772147
1601797053, 0, 1107, 1142, 789, 17, 5.60%, 0, 0, 13, 251.37 3672 4788680
1601797134, 0, 1115, 1143, 789, 16, 5.60%, 0, 0, 13, 225.88 3672 4808685
1601797140, 0, 1115, 1145, 791, 16, 5.60%, 0, 0, 13, 219.77 3672 4809802
1601797170, 0, 1115, 1146, 792, 16, 5.60%, 0, 0, 13, 233.10 3672 4816260
1601797175, 0, 1115, 1148, 794, 16, 5.60%, 0, 0, 13, 254.13 3672 4817537
1601797215, 0, 1116, 1148, 793, 16, 5.60%, 0, 0, 13, 263.72 3672 4828109
1601797272, 0, 1116, 1149, 794, 16, 5.60%, 0, 0, 13, 243.47 3672 4840049
1601797292, 0, 1117, 1149, 793, 15, 5.60%, 0, 0, 13, 251.04 3672 4845279
1601797302, 0, 1117, 1150, 794, 15, 5.60%, 0, 0, 13, 215.67 3672 4847429
1601797348, 0, 1117, 1152, 796, 15, 5.60%, 0, 0, 13, 246.77 3672 4857353
1601797358, 0, 1117, 1153, 797, 15, 5.61%, 0, 0, 13, 259.16 3675 4859977
1601797363, 0, 1117, 1154, 798, 15, 5.61%, 0, 0, 13, 256.24 3675 4861270
1601797439, 0, 1124, 1155, 798, 15, 5.61%, 0, 0, 13, 228.45 3675 4880915
1601797444, 0, 1124, 1158, 801, 15, 5.62%, 0, 0, 13, 203.74 3685 4881906
1601797465, 0, 1124, 1159, 802, 15, 5.62%, 0, 0, 13, 209.58 3685 4885984
1601797495, 0, 1124, 1160, 803, 15, 5.62%, 0, 0, 13, 250.88 3685 4892733
1601797505, 0, 1124, 1161, 804, 15, 5.63%, 0, 0, 13, 254.81 3690 4895341
1601797510, 0, 1124, 1163, 806, 15, 5.63%, 0, 0, 13, 255.85 3690 4896637
1601797531, 0, 1124, 1164, 807, 15, 5.63%, 0, 0, 13, 256.16 3690 4901860
1601797536, 0, 1124, 1165, 808, 15, 5.63%, 0, 0, 13, 269.62 3690 4903218
1601797546, 0, 1124, 1166, 809, 15, 5.63%, 0, 0, 13, 257.05 3690 4905781
1601797556, 0, 1124, 1167, 810, 15, 5.63%, 0, 0, 13, 257.55 3690 4908374
1601797571, 0, 1124, 1168, 811, 15, 5.63%, 0, 0, 13, 258.56 3690 4912337
1601797586, 0, 1127, 1168, 810, 18, 5.63%, 0, 0, 13, 224.86 3690 4916124
1601797653, 0, 1128, 1168, 809, 18, 5.63%, 0, 0, 13, 234.47 3690 4930379
1601797709, 0, 1128, 1169, 810, 18, 5.63%, 0, 0, 13, 251.27 3690 4942573
1601797729, 0, 1130, 1171, 811, 17, 5.63%, 0, 0, 13, 230.29 3691 4947715
1601797745, 0, 1130, 1172, 812, 17, 5.63%, 0, 0, 13, 234.02 3692 4951200
1601797791, 0, 1131, 1172, 811, 18, 5.63%, 0, 0, 13, 249.33 3692 4961922
1601797858, 0, 1133, 1173, 811, 17, 5.63%, 0, 0, 13, 265.15 3692 4977603
1601797894, 0, 1140, 1173, 810, 17, 5.63%, 0, 0, 13, 258.66 3692 4987235
1601797899, 0, 1140, 1174, 811, 17, 5.64%, 0, 0, 14, 258.98 3698 4988588
1601797970, 0, 1145, 1174, 810, 17, 5.64%, 0, 0, 14, 243.15 3698 5006686
1601798017, 0, 1149, 1176, 811, 16, 5.64%, 0, 0, 14, 325.66 3698 5017668
1601798073, 0, 1149, 1177, 812, 16, 5.64%, 0, 0, 14, 255.68 3698 5029823
1601798078, 0, 1149, 1179, 814, 16, 5.64%, 0, 0, 14, 260.46 3698 5031134
1601798083, 0, 1149, 1180, 815, 16, 5.64%, 0, 0, 14, 259.96 3698 5032447
1601798118, 0, 1149, 1181, 816, 16, 5.64%, 0, 0, 14, 262.83 3698 5041810
1601798164, 0, 1152, 1182, 816, 16, 5.65%, 0, 0, 14, 221.55 3700 5053531
1601798169, 0, 1152, 1183, 817, 16, 5.65%, 0, 0, 14, 233.16 3704 5054748
1601798209, 0, 1152, 1184, 818, 16, 5.65%, 0, 0, 14, 222.31 3704 5063475
1601798219, 0, 1152, 1185, 819, 16, 5.65%, 0, 0, 14, 259.17 3704 5066108
1601798224, 0, 1152, 1186, 820, 16, 5.65%, 0, 0, 14, 262.42 3704 5067476
1601798230, 0, 1152, 1187, 821, 16, 5.65%, 0, 0, 14, 261.58 3704 5068809
1601798245, 0, 1152, 1188, 822, 16, 5.65%, 0, 0, 14, 262.91 3704 5072772
1601798290, 0, 1152, 1189, 823, 16, 5.65%, 0, 0, 14, 266.00 3704 5084695
1601798306, 0, 1155, 1189, 822, 17, 5.65%, 0, 0, 14, 223.66 3704 5088453
1601798367, 0, 1156, 1189, 821, 16, 5.65%, 0, 0, 14, 232.47 3704 5101706
1601798392, 0, 1156, 1191, 823, 16, 5.65%, 0, 0, 14, 200.91 3704 5106774
1601798423, 0, 1156, 1192, 824, 16, 5.65%, 0, 0, 14, 253.55 3704 5113642
1601798438, 0, 1160, 1192, 823, 16, 5.65%, 0, 0, 14, 228.42 3704 5117381
1601798459, 0, 1160, 1193, 824, 16, 5.65%, 0, 0, 14, 192.35 3704 5121427
1601798500, 0, 1167, 1193, 823, 15, 5.65%, 0, 0, 14, 256.26 3704 5130699
1601798505, 0, 1167, 1194, 824, 15, 5.65%, 0, 0, 14, 215.13 3704 5131717
1601798510, 0, 1167, 1195, 825, 15, 5.65%, 0, 0, 14, 212.87 3704 5132804
1601798561, 0, 1169, 1195, 824, 15, 5.65%, 0, 0, 14, 253.97 3704 5144125
1601798622, 0, 1170, 1195, 823, 14, 5.65%, 0, 0, 14, 233.63 3704 5158330
1601798684, 0, 1171, 1195, 822, 13, 5.65%, 0, 0, 14, 243.28 3704 5172366
1601798751, 0, 1172, 1195, 821, 12, 5.65%, 0, 0, 14, 264.22 3704 5187895
1601798787, 0, 1173, 1195, 820, 11, 5.65%, 0, 0, 14, 255.62 3704 5197430
1601798792, 0, 1173, 1196, 821, 11, 5.65%, 0, 0, 15, 243.82 3705 5198674
1601798844, 0, 1173, 1197, 822, 11, 5.65%, 0, 0, 15, 244.70 3706 5211025
1601798874, 0, 1174, 1197, 821, 12, 5.65%, 0, 0, 15, 221.73 3706 5218591
1601798941, 0, 1174, 1198, 822, 12, 5.65%, 0, 0, 15, 257.78 3706 5233258
1601798956, 0, 1181, 1198, 821, 11, 5.65%, 0, 0, 15, 238.85 3706 5237100
1601799011, 0, 1181, 1199, 822, 11, 5.65%, 0, 0, 15, 256.19 3706 5249138
1601799027, 0, 1181, 1200, 823, 11, 5.65%, 0, 0, 15, 258.46 3706 5253071
1601799032, 0, 1181, 1201, 824, 11, 5.66%, 0, 0, 15, 257.01 3707 5254369
1601799062, 0, 1181, 1202, 825, 11, 5.66%, 0, 0, 15, 255.21 3707 5262112
1601799087, 0, 1181, 1203, 826, 11, 5.66%, 0, 0, 15, 256.43 3707 5268715
1601799107, 0, 1181, 1205, 828, 11, 5.66%, 0, 0, 15, 259.77 3707 5273991
1601799133, 0, 1183, 1205, 827, 11, 5.66%, 0, 0, 15, 250.93 3707 5280553
1601799138, 0, 1183, 1208, 830, 11, 5.66%, 0, 0, 15, 217.38 3707 5281600
1601799143, 0, 1183, 1209, 831, 11, 5.66%, 0, 0, 15, 211.65 3707 5282697
1601799148, 0, 1183, 1210, 832, 11, 5.66%, 0, 0, 15, 206.21 3707 5283721
1601799179, 0, 1183, 1211, 833, 11, 5.66%, 0, 0, 15, 208.00 3707 5290204
1601799199, 0, 1191, 1211, 832, 11, 5.66%, 0, 0, 15, 258.49 3707 5295290
1601799261, 0, 1191, 1212, 833, 11, 5.66%, 0, 0, 15, 256.75 3707 5308725
1601799271, 0, 1191, 1214, 835, 11, 5.66%, 0, 0, 15, 258.70 3707 5311351
1601799377, 0, 1193, 1215, 835, 11, 5.66%, 0, 0, 15, 238.23 3707 5338682
1601799382, 0, 1193, 1216, 836, 11, 5.66%, 0, 0, 15, 208.17 3707 5339721
1601799444, 0, 1195, 1216, 835, 10, 5.66%, 0, 0, 15, 251.76 3707 5353461
1601799525, 0, 1196, 1216, 834, 9, 5.66%, 0, 0, 15, 251.19 3707 5373691
1601799607, 0, 1200, 1217, 834, 8, 5.66%, 0, 0, 16, 230.42 3708 5393966
1601799672, 0, 1206, 1217, 833, 9, 5.66%, 0, 0, 16, 249.15 3708 5408749
1601799723, 0, 1206, 1219, 835, 9, 5.66%, 0, 0, 16, 230.23 3708 5419587
1601799728, 0, 1206, 1220, 836, 9, 5.66%, 0, 0, 16, 253.07 3708 5420928
1601799748, 0, 1206, 1221, 837, 9, 5.66%, 0, 0, 16, 255.36 3708 5426171
1601799830, 0, 1206, 1222, 838, 9, 5.66%, 0, 0, 16, 260.09 3708 5446994
1601799850, 0, 1210, 1222, 837, 10, 5.66%, 0, 0, 16, 245.51 3708 5452173
1601799921, 0, 1212, 1222, 836, 10, 5.66%, 0, 0, 16, 217.75 3708 5467964
1601799926, 0, 1212, 1223, 837, 10, 5.66%, 0, 0, 16, 217.82 3708 5469078
1601799982, 0, 1212, 1224, 838, 10, 5.66%, 0, 0, 16, 256.46 3708 5481619
1601799987, 0, 1212, 1225, 839, 10, 5.66%, 0, 0, 16, 255.15 3708 5482912
1601799992, 0, 1212, 1226, 840, 10, 5.66%, 0, 0, 16, 254.73 3708 5484210
1601800007, 0, 1212, 1227, 841, 10, 5.66%, 0, 0, 16, 255.34 3708 5488108
1601800038, 0, 1212, 1228, 842, 10, 5.66%, 0, 0, 16, 254.68 3708 5495881
1601800099, 0, 1216, 1228, 841, 9, 5.66%, 0, 0, 16, 219.90 3708 5511316
1601800114, 0, 1216, 1229, 842, 9, 5.66%, 0, 0, 17, 205.11 3708 5514502
1601800149, 0, 1216, 1230, 843, 9, 5.66%, 0, 0, 17, 246.15 3708 5522214
1601800180, 0, 1217, 1230, 842, 8, 5.66%, 0, 0, 17, 233.52 3708 5529968
1601800230, 0, 1217, 1233, 845, 8, 5.66%, 0, 0, 17, 232.47 3708 5540835
1601800246, 0, 1218, 1233, 844, 7, 5.66%, 0, 0, 17, 240.70 3708 5544693
1601800251, 0, 1218, 1234, 845, 7, 5.66%, 0, 0, 17, 214.84 3708 5545744
1601800301, 0, 1218, 1235, 846, 7, 5.66%, 0, 0, 17, 252.79 3708 5556870
1601800306, 0, 1218, 1236, 847, 7, 5.66%, 0, 0, 17, 255.75 3708 5558168
1601800337, 0, 1218, 1237, 848, 7, 5.66%, 0, 0, 17, 268.39 3708 5566351
1601800342, 0, 1218, 1238, 849, 7, 5.66%, 0, 0, 17, 267.29 3708 5567734
1601800358, 0, 1218, 1239, 850, 7, 5.66%, 0, 0, 17, 268.45 3708 5571862
1601800419, 0, 1225, 1239, 849, 7, 5.66%, 0, 0, 17, 240.64 3708 5588314
1601800424, 0, 1225, 1240, 850, 7, 5.66%, 0, 0, 17, 217.51 3708 5589376
1601800434, 0, 1225, 1241, 851, 7, 5.66%, 0, 0, 17, 211.29 3712 5591553
1601800485, 0, 1233, 1241, 850, 8, 5.66%, 0, 0, 17, 244.70 3712 5603552
1601800547, 0, 1239, 1241, 849, 7, 5.66%, 0, 0, 17, 237.24 3712 5617947
1601800608, 0, 1240, 1241, 848, 6, 5.66%, 0, 0, 17, 255.69 3712 5632089
1601800613, 0, 1240, 1244, 851, 6, 5.67%, 0, 0, 18, 218.97 3715 5633142
1601800659, 0, 1240, 1246, 853, 6, 5.67%, 0, 0, 18, 245.57 3718 5643111
1601800690, 0, 1241, 1246, 852, 9, 5.67%, 0, 0, 18, 234.15 3718 5651321
1601800751, 0, 1242, 1246, 851, 8, 5.67%, 0, 0, 18, 268.40 3718 5665317
1601800802, 0, 1242, 1247, 852, 8, 5.67%, 0, 0, 19, 245.25 3718 5676388
1601800832, 0, 1243, 1248, 852, 7, 5.67%, 0, 0, 19, 242.59 3719 5684486
1601800888, 0, 1243, 1249, 853, 7, 5.67%, 0, 0, 19, 265.63 3719 5696980
1601800914, 0, 1244, 1249, 852, 7, 5.67%, 0, 0, 19, 229.36 3719 5703670
1601800965, 0, 1244, 1251, 854, 7, 5.67%, 0, 0, 19, 285.07 3719 5715433
1601801021, 0, 1247, 1252, 854, 6, 5.67%, 0, 0, 20, 225.48 3719 5730468
1601801072, 0, 1247, 1253, 855, 6, 5.67%, 0, 0, 20, 241.53 3719 5741849
1601801098, 0, 1251, 1253, 854, 6, 5.67%, 0, 0, 20, 240.89 3719 5748671
1601801164, 1, 12, 1253, 853, 5, 5.67%, 0, 0, 20, 279.34 3719 5763833
1601801184, 1, 37, 1253, 852, 5, 5.67%, 0, 0, 20, 287.73 3719 5769655
1601801189, 1, 71, 1253, 852, 5, 5.67%, 0, 0, 20, 287.17 3719 5771095
1601801194, 1, 103, 1253, 851, 4, 5.67%, 0, 0, 20, 286.18 3719 5772536
1601801219, 1, 103, 1254, 852, 4, 5.69%, 0, 0, 20, 285.68 3727 5779725
1601801224, 1, 103, 1256, 854, 4, 5.74%, 0, 0, 20, 292.51 3761 5781226
1601801240, 1, 103, 1257, 855, 4, 5.74%, 0, 0, 20, 289.64 3761 5785729
1601801276, 1, 103, 1258, 856, 4, 5.74%, 0, 0, 20, 294.07 3763 5796187
1601801281, 1, 103, 1259, 857, 4, 5.74%, 0, 0, 20, 295.40 3763 5797700
1601801286, 1, 103, 1261, 859, 4, 5.74%, 0, 0, 20, 291.14 3763 5799196
1601801327, 1, 103, 1262, 860, 4, 5.74%, 0, 0, 20, 295.78 3763 5811264
1601801332, 1, 207, 1262, 859, 8, 5.74%, 0, 0, 20, 282.19 3763 5812730
1601801348, 1, 207, 1263, 860, 8, 5.74%, 0, 0, 20, 283.07 3763 5816951
1601801363, 1, 242, 1263, 859, 8, 5.74%, 0, 0, 20, 286.13 3763 5821445
1601801368, 1, 242, 1264, 860, 8, 5.74%, 0, 0, 20, 290.22 3763 5822949
1601801379, 1, 286, 1264, 859, 7, 5.74%, 0, 0, 20, 292.33 3763 5825952
1601801410, 1, 286, 1265, 860, 7, 5.74%, 0, 0, 20, 288.67 3763 5834900
1601801415, 1, 286, 1266, 861, 7, 5.74%, 0, 0, 20, 294.08 3763 5836418
1601801420, 1, 286, 1267, 862, 7, 5.74%, 0, 0, 20, 297.25 3763 5837936
1601801425, 1, 286, 1269, 864, 7, 5.74%, 0, 0, 20, 292.88 3763 5839452
1601801446, 1, 286, 1270, 865, 7, 5.74%, 0, 0, 20, 291.29 3763 5845400
1601801456, 1, 286, 1271, 866, 7, 5.74%, 0, 0, 20, 289.78 3763 5848398
1601801461, 1, 286, 1274, 869, 7, 5.75%, 0, 0, 20, 287.47 3768 5849887
1601801466, 1, 286, 1275, 870, 7, 5.75%, 0, 0, 20, 289.29 3768 5851385
1601801492, 1, 286, 1277, 872, 7, 5.75%, 0, 0, 20, 289.87 3768 5858821
1601801523, 1, 338, 1278, 872, 8, 5.75%, 0, 0, 20, 275.49 3768 5867742
1601801538, 1, 338, 1280, 874, 8, 5.75%, 0, 0, 20, 279.62 3768 5871887
1601801548, 1, 338, 1281, 875, 8, 5.75%, 0, 0, 20, 284.33 3768 5874755
1601801569, 1, 338, 1283, 877, 8, 5.75%, 0, 0, 20, 282.17 3768 5880501
1601801574, 1, 338, 1284, 878, 8, 5.75%, 0, 0, 20, 283.21 3768 5881934
1601801589, 1, 338, 1285, 879, 8, 5.75%, 0, 0, 20, 283.67 3768 5886242
1601801599, 1, 338, 1286, 880, 8, 5.75%, 0, 0, 20, 283.03 3768 5889120
1601801609, 1, 338, 1288, 882, 8, 5.75%, 0, 0, 20, 285.14 3768 5892001
1601801624, 1, 338, 1289, 883, 8, 5.75%, 0, 0, 20, 286.09 3768 5896334
1601801640, 1, 338, 1290, 884, 8, 5.75%, 0, 0, 20, 283.16 3768 5900647
1601801650, 1, 364, 1290, 883, 8, 5.75%, 0, 0, 20, 286.73 3768 5903522
1601801665, 1, 364, 1291, 884, 8, 5.75%, 0, 0, 20, 290.19 3768 5908000
1601801676, 1, 414, 1292, 884, 8, 5.75%, 0, 0, 20, 274.00 3768 5910941
1601801696, 1, 414, 1294, 886, 8, 5.75%, 0, 0, 20, 281.67 3768 5916567
1601801701, 1, 414, 1296, 888, 8, 5.75%, 0, 0, 20, 283.14 3768 5917998
1601801711, 1, 414, 1298, 890, 8, 5.75%, 0, 0, 20, 283.08 3768 5920879
1601801722, 1, 414, 1300, 892, 8, 5.75%, 0, 0, 20, 284.91 3768 5923780
1601801727, 1, 414, 1301, 893, 8, 5.75%, 0, 0, 20, 282.27 3768 5925213
1601801737, 1, 414, 1303, 895, 8, 5.75%, 0, 0, 20, 282.23 3768 5928074
1601801747, 1, 414, 1304, 896, 8, 5.75%, 0, 0, 20, 284.87 3768 5930942
1601801808, 1, 494, 1305, 896, 8, 5.75%, 0, 0, 20, 287.15 3768 5948383
1601801843, 1, 494, 1306, 897, 8, 5.75%, 0, 0, 20, 285.27 3768 5958241
1601801848, 1, 494, 1307, 898, 8, 5.75%, 0, 0, 20, 276.47 3768 5959649
1601801869, 1, 565, 1307, 897, 8, 5.75%, 0, 0, 20, 277.16 3768 5965448
1601801904, 1, 693, 1307, 896, 7, 5.75%, 0, 0, 20, 272.48 3768 5975132
1601801940, 1, 717, 1307, 895, 7, 5.75%, 0, 0, 20, 270.25 3768 5984497
1601801971, 1, 766, 1307, 894, 6, 5.75%, 0, 0, 20, 275.20 3768 5992538
1601802062, 1, 766, 1309, 896, 6, 5.75%, 0, 0, 20, 288.73 3768 6018368
1601802067, 1, 766, 1311, 898, 6, 5.75%, 0, 0, 20, 285.96 3768 6019803
1601802107, 1, 766, 1313, 900, 6, 5.75%, 0, 0, 20, 316.74 3768 6031446
1601802122, 1, 766, 1314, 901, 6, 5.75%, 0, 0, 20, 280.80 3768 6035748
1601802127, 1, 766, 1315, 902, 6, 5.75%, 0, 0, 20, 283.94 3768 6037191
1601802148, 1, 766, 1316, 903, 6, 5.75%, 0, 0, 20, 279.68 3768 6042934
1601802173, 1, 770, 1316, 902, 6, 5.75%, 0, 0, 20, 280.52 3768 6050112
1601802265, 1, 770, 1317, 903, 6, 5.75%, 0, 0, 20, 278.92 3768 6075599
1601802275, 1, 784, 1317, 902, 7, 5.75%, 0, 0, 20, 247.40 3768 6078263
1601802316, 1, 967, 1317, 901, 6, 5.75%, 0, 0, 20, 253.83 3768 6088408
1601802377, 1, 973, 1317, 900, 6, 5.75%, 0, 0, 20, 253.85 3768 6103011
1601802453, 1, 973, 1319, 902, 6, 5.75%, 0, 0, 20, 276.77 3768 6123035
1601802458, 1, 973, 1320, 903, 6, 5.75%, 0, 0, 20, 277.21 3768 6124458
1601802468, 1, 973, 1321, 904, 6, 5.75%, 0, 0, 20, 275.93 3768 6127156
1601802494, 1, 973, 1323, 906, 6, 5.75%, 0, 0, 20, 281.77 3768 6134287
1601802499, 1, 973, 1324, 907, 6, 5.75%, 0, 0, 20, 339.42 3768 6135655
1601802509, 1, 973, 1325, 908, 6, 5.75%, 0, 0, 20, 282.95 3768 6138528
1601802534, 1, 1020, 1326, 908, 6, 5.75%, 0, 0, 20, 285.40 3768 6145810
1601802554, 1, 1144, 1326, 907, 7, 5.75%, 0, 0, 20, 246.04 3768 6151325
1601802600, 1, 1254, 1326, 906, 7, 5.75%, 0, 0, 20, 272.05 3768 6162741
1601802657, 1, 1254, 1331, 911, 7, 5.76%, 0, 0, 20, 270.37 3772 6177994
1601802688, 1, 1254, 1332, 912, 7, 5.76%, 0, 0, 20, 276.31 3772 6186365
1601802713, 1, 1254, 1333, 913, 7, 5.76%, 0, 0, 20, 284.62 3775 6193318
1601802723, 1, 1255, 1333, 912, 8, 5.76%, 0, 0, 20, 290.22 3775 6196268
1601802791, 1, 1257, 1333, 911, 7, 5.76%, 0, 0, 20, 285.33 3775 6215855
1601802867, 1, 1274, 1333, 910, 7, 5.76%, 0, 0, 20, 292.63 3775 6237672
1601802944, 1, 1280, 1334, 910, 6, 5.76%, 0, 0, 20, 294.39 3775 6260213
1601803022, 1, 1310, 1334, 909, 6, 5.76%, 0, 0, 20, 287.77 3775 6283078
1601803318, 1, 1310, 1335, 910, 6, 5.76%, 0, 0, 20, 273.99 3775 6364150
1601803323, 1, 1310, 1336, 911, 6, 5.76%, 0, 0, 20, 274.52 3775 6365553
1601803333, 1, 1310, 1337, 912, 6, 5.76%, 0, 0, 20, 273.40 3775 6368346
1601803348, 1, 1310, 1339, 914, 6, 5.76%, 0, 0, 20, 273.63 3775 6372532
1601803358, 1, 1310, 1340, 915, 6, 5.76%, 0, 0, 20, 277.03 3775 6375320
1601803384, 1, 1310, 1342, 917, 6, 5.76%, 0, 0, 20, 271.95 3775 6382341
1601803404, 1, 1316, 1342, 916, 6, 5.76%, 0, 0, 20, 275.04 3775 6387896
1601803460, 1, 1316, 1343, 917, 6, 5.76%, 0, 0, 20, 283.18 3775 6403610
1601803496, 1, 1325, 1343, 916, 5, 5.76%, 0, 0, 20, 276.03 3775 6413684
1601803527, 1, 1326, 1343, 915, 4, 5.76%, 0, 0, 20, 280.68 3775 6422204
1601803583, 1, 1326, 1344, 916, 4, 5.76%, 0, 0, 20, 270.52 3775 6437275
1601803650, 1, 1331, 1344, 915, 3, 5.76%, 0, 0, 20, 289.39 3775 6455547
1601803731, 1, 1332, 1344, 914, 2, 5.76%, 0, 0, 20, 287.70 3775 6478646
1601803736, 1, 1332, 1346, 916, 2, 5.76%, 0, 0, 20, 278.93 3775 6480052
1601803808, 1, 1333, 1346, 915, 2, 5.76%, 0, 0, 20, 286.48 3775 6500160
1601803879, 1, 1333, 1347, 916, 2, 5.76%, 0, 0, 20, 285.61 3775 6521021
1601803899, 1, 1345, 1347, 915, 1, 5.76%, 0, 0, 20, 282.69 3775 6526779
1601803976, 2, 3, 1347, 914, 0, 5.76%, 0, 0, 20, 327.33 3775 6548697
1601803996, 2, 17, 1347, 913, 0, 5.76%, 0, 0, 20, 334.81 3775 6555498
1601804017, 2, 17, 1350, 916, 0, 5.84%, 0, 0, 20, 341.19 3829 6562380
1601804047, 2, 37, 1350, 915, 3, 5.84%, 0, 0, 20, 343.31 3829 6572646
1601804052, 2, 281, 1350, 915, 3, 5.84%, 0, 0, 20, 343.30 3829 6574377
1601804072, 2, 281, 1353, 918, 3, 5.84%, 0, 0, 20, 329.88 3829 6581132
1601804077, 2, 281, 1354, 919, 3, 5.85%, 0, 0, 20, 330.67 3832 6582796
1601804092, 2, 281, 1355, 920, 3, 5.85%, 0, 0, 20, 337.72 3832 6587940
1601804113, 2, 281, 1356, 921, 3, 5.85%, 0, 0, 20, 330.24 3832 6594776
1601804123, 2, 281, 1358, 923, 3, 5.85%, 0, 0, 20, 328.92 3832 6598140
1601804128, 2, 281, 1359, 924, 3, 5.85%, 0, 0, 20, 334.68 3832 6599852
1601804148, 2, 281, 1360, 925, 3, 5.85%, 0, 0, 20, 337.46 3834 6606628
1601804163, 2, 281, 1361, 926, 3, 5.85%, 0, 0, 20, 337.99 3834 6611736
1601804173, 2, 351, 1361, 925, 6, 5.85%, 0, 0, 20, 339.19 3834 6615152
1601804183, 2, 565, 1363, 926, 6, 5.85%, 0, 0, 20, 345.64 3834 6618568
1601804188, 2, 565, 1364, 927, 6, 5.85%, 0, 0, 20, 341.02 3834 6620286
1601804193, 2, 620, 1364, 927, 6, 5.85%, 0, 0, 20, 332.62 3834 6621946
1601804204, 2, 620, 1367, 930, 6, 5.85%, 0, 0, 20, 300.98 3836 6625089
1601804209, 2, 620, 1368, 931, 6, 5.85%, 0, 0, 20, 335.89 3836 6626881
1601804219, 2, 620, 1369, 932, 6, 5.85%, 0, 0, 20, 328.48 3836 6630171
1601804224, 2, 620, 1370, 933, 6, 5.85%, 0, 0, 20, 325.30 3836 6631793
1601804229, 2, 620, 1371, 934, 6, 5.85%, 0, 0, 20, 327.25 3836 6633463
1601804234, 2, 620, 1372, 935, 6, 5.85%, 0, 0, 20, 325.99 3836 6635109
1601804295, 2, 620, 1373, 936, 6, 5.85%, 0, 0, 20, 333.42 3837 6655241
1601804300, 2, 650, 1373, 935, 8, 5.85%, 0, 0, 20, 297.90 3837 6656743
1601804326, 2, 650, 1374, 936, 8, 5.85%, 0, 0, 20, 285.60 3837 6663600
1601804336, 2, 650, 1375, 937, 8, 5.85%, 0, 0, 20, 322.64 3837 6666780
1601804351, 2, 783, 1376, 937, 8, 5.85%, 0, 0, 20, 294.80 3837 6671393
1601804402, 2, 783, 1377, 938, 8, 5.85%, 0, 0, 20, 314.37 3837 6686246
1601804407, 2, 783, 1378, 939, 8, 5.85%, 0, 0, 20, 325.22 3837 6687892
1601804412, 2, 783, 1379, 940, 8, 5.85%, 0, 0, 20, 329.96 3837 6689556
1601804417, 2, 783, 1380, 941, 8, 5.85%, 0, 0, 20, 324.21 3837 6691214
1601804433, 2, 783, 1381, 942, 8, 5.85%, 0, 0, 20, 325.60 3837 6696280
1601804438, 2, 783, 1382, 943, 8, 5.86%, 0, 0, 20, 300.45 3841 6697731
1601804443, 2, 783, 1383, 944, 8, 5.86%, 0, 0, 20, 306.79 3842 6699272
1601804463, 2, 783, 1384, 945, 8, 5.86%, 0, 0, 20, 323.33 3842 6705646
1601804479, 2, 807, 1384, 944, 10, 5.86%, 0, 0, 20, 261.58 3842 6710075
1601804514, 2, 869, 1384, 943, 10, 5.86%, 0, 0, 20, 274.89 3842 6719317
1601804601, 2, 900, 1387, 945, 10, 5.86%, 0, 0, 20, 276.97 3842 6741628
1601804617, 2, 900, 1388, 946, 10, 5.86%, 0, 0, 20, 280.60 3842 6745946
1601804622, 2, 1348, 1388, 946, 10, 5.86%, 0, 0, 20, 275.81 3842 6747326
1601804637, 2, 1348, 1394, 952, 10, 5.86%, 0, 0, 20, 276.61 3843 6751579
1601805546, 2, 1349, 1394, 951, 10, 5.86%, 0, 0, 20, 273.35 3843 7000484
1601809885, 2, 1356, 1394, 950, 9, 5.86%, 0, 0, 20, 155.01 3843 8235425
1601842424, 2, 1356, 1396, 952, 9, 5.87%, 0, 0, 20, 122.89 3848 12160456
1601842440, 2, 1356, 1397, 953, 9, 5.87%, 0, 0, 20, 94.76 3848 12162212
1601842460, 2, 1356, 1398, 954, 9, 5.87%, 0, 0, 20, 80.97 3848 12163839
1601842768, 2, 1359, 1398, 953, 9, 5.87%, 0, 0, 20, 161.12 3848 12192581
1601843390, 2, 1359, 1399, 954, 9, 6.05%, 0, 0, 20, 145.16 3962 12321730
1601843426, 2, 1360, 1399, 953, 9, 6.05%, 0, 0, 20, 153.14 3962 12326208
1601843962, 2, 1365, 1399, 952, 8, 6.05%, 0, 0, 20, 126.77 3962 12418124
1601845721, 2, 1372, 1399, 951, 7, 6.05%, 0, 0, 20, 247.76 3962 12633951
1601850345, 2, 1382, 1399, 950, 6, 6.05%, 0, 0, 20, 242.19 3962 13874940
1601850432, 2, 1382, 1400, 951, 6, 6.05%, 0, 0, 20, 260.19 3962 13895445
1601850437, 2, 1382, 1401, 952, 6, 6.05%, 0, 0, 20, 259.23 3962 13896758
1601850447, 2, 1382, 1402, 953, 6, 6.05%, 0, 0, 20, 256.38 3962 13899356
1601850457, 2, 1382, 1403, 954, 6, 6.05%, 0, 0, 20, 261.10 3962 13902009
1601850483, 2, 1382, 1404, 955, 6, 6.05%, 0, 0, 20, 261.23 3962 13908517
1601850493, 2, 1382, 1405, 956, 6, 6.05%, 0, 0, 20, 251.64 3962 13911040
1601850498, 2, 1382, 1406, 957, 6, 6.05%, 0, 0, 20, 258.89 3962 13912353
1601850503, 2, 1387, 1406, 956, 5, 6.05%, 0, 0, 20, 249.43 3962 13913659
1601850508, 2, 1387, 1409, 959, 5, 6.05%, 0, 0, 20, 238.71 3962 13914829
1601850966, 2, 1387, 1410, 960, 5, 6.06%, 0, 0, 20, 242.17 3972 14026007
1601850976, 2, 1387, 1413, 963, 5, 6.06%, 0, 0, 20, 244.38 3973 14028476
1601850981, 2, 1387, 1414, 964, 5, 6.06%, 0, 0, 20, 245.95 3973 14029724
1601850986, 2, 1387, 1417, 967, 5, 6.06%, 0, 0, 20, 245.94 3973 14030956
1601851011, 2, 1387, 1419, 969, 5, 6.07%, 0, 0, 20, 245.92 3979 14037184
1601851016, 2, 1387, 1420, 970, 5, 6.07%, 0, 0, 20, 247.24 3979 14038432
1601851052, 2, 1387, 1421, 971, 5, 6.07%, 0, 0, 20, 248.59 3979 14047200
1601851057, 2, 1387, 1422, 972, 5, 6.07%, 0, 0, 20, 247.38 3979 14048444
1601851077, 2, 1388, 1422, 971, 7, 6.07%, 0, 0, 20, 265.94 3979 14053522
1601851596, 2, 1388, 1424, 973, 7, 6.08%, 0, 0, 20, 276.50 3984 14195942
1601851601, 2, 1388, 1426, 975, 7, 6.08%, 0, 0, 20, 277.06 3985 14197348
1601851611, 2, 1388, 1427, 976, 7, 6.08%, 0, 0, 20, 278.14 3985 14200176
1601851626, 2, 1388, 1428, 977, 7, 6.08%, 0, 0, 20, 277.68 3987 14204409
1601851657, 2, 1388, 1429, 978, 7, 6.09%, 0, 0, 20, 278.12 3988 14212932
1601851693, 2, 1388, 1430, 979, 7, 6.09%, 0, 0, 20, 278.45 3989 14222880
1601851708, 2, 1392, 1430, 978, 11, 6.09%, 0, 0, 20, 276.59 3989 14227089
1601852237, 2, 1395, 1430, 977, 10, 6.09%, 0, 0, 20, 264.59 3989 14371954
