# unix_time, cycles_done, cur_path, paths_total, pending_total, pending_favs, map_size, unique_crashes, unique_hangs, max_depth, execs_per_sec, edge_coverage, total_execs
1606838270, 0, 0, 1, 1, 1, 2.37%, 0, 0, 1, 111.11, 1552, 8
1606838276, 0, 0, 39, 39, 1, 2.55%, 0, 0, 2, 187.68, 1670, 2739
1606838281, 0, 0, 216, 216, 1, 3.01%, 0, 0, 2, 1021.53, 1975, 5331
1606838286, 0, 0, 289, 289, 1, 3.11%, 0, 0, 2, 639.50, 2040, 8566
1606838291, 0, 0, 353, 353, 1, 3.12%, 0, 0, 2, 768.29, 2047, 12418
1606838296, 0, 0, 391, 391, 1, 3.13%, 0, 0, 2, 621.18, 2053, 15418
1606838301, 0, 0, 427, 427, 1, 3.14%, 0, 0, 2, 678.85, 2057, 18573
1606838306, 0, 0, 445, 445, 1, 3.14%, 0, 0, 2, 639.20, 2061, 21778
1606838311, 0, 0, 454, 454, 1, 3.15%, 0, 0, 2, 510.91, 2064, 24462
1606838316, 0, 0, 455, 455, 1, 3.15%, 0, 0, 2, 255.66, 2064, 25510
1606838327, 0, 0, 456, 456, 1, 3.15%, 0, 0, 2, 194.03, 2064, 27191
1606838342, 0, 0, 457, 457, 1, 3.15%, 0, 0, 2, 238.16, 2064, 30734
1606838352, 0, 0, 458, 458, 1, 3.15%, 0, 0, 2, 208.50, 2064, 32778
1606838372, 0, 0, 459, 459, 1, 3.15%, 0, 0, 2, 181.26, 2064, 36491
1606838378, 0, 0, 461, 461, 1, 3.15%, 0, 0, 2, 191.47, 2064, 37488
1606838383, 0, 0, 462, 462, 1, 3.15%, 0, 0, 2, 214.21, 2064, 38542
1606838393, 0, 0, 463, 463, 1, 3.15%, 0, 0, 2, 188.47, 2064, 40309
1606838413, 0, 0, 464, 464, 1, 3.15%, 0, 0, 2, 176.83, 2064, 44238
1606838438, 0, 0, 466, 466, 1, 3.15%, 0, 0, 2, 184.11, 2064, 48661
1606838454, 0, 0, 467, 467, 1, 3.15%, 0, 0, 2, 197.02, 2064, 51828
1606838459, 0, 0, 468, 468, 1, 3.15%, 0, 0, 2, 190.39, 2064, 52766
1606838464, 0, 0, 469, 469, 1, 3.15%, 0, 0, 2, 202.28, 2064, 53794
1606838550, 0, 0, 470, 470, 1, 3.15%, 0, 0, 2, 175.42, 2064, 70794
1606838555, 0, 0, 471, 471, 1, 3.15%, 0, 0, 2, 179.32, 2064, 71771
1606838580, 0, 0, 472, 472, 1, 3.15%, 0, 0, 2, 233.87, 2064, 77310
1606838606, 0, 0, 473, 473, 1, 3.16%, 0, 0, 2, 208.38, 2072, 82698
1606838611, 0, 0, 474, 474, 1, 3.16%, 0, 0, 2, 203.23, 2074, 83754
1606838621, 0, 0, 477, 477, 1, 3.17%, 0, 0, 2, 202.20, 2075, 85781
1606838631, 0, 0, 478, 478, 1, 3.17%, 0, 0, 2, 209.25, 2075, 87930
1606838636, 0, 0, 479, 479, 1, 3.17%, 0, 0, 2, 215.65, 2075, 89022
1606838646, 0, 0, 480, 480, 1, 3.17%, 0, 0, 2, 217.44, 2075, 91282
1606838662, 0, 0, 481, 481, 1, 3.18%, 0, 0, 2, 157.81, 2082, 93775
1606838672, 0, 0, 484, 484, 1, 3.18%, 0, 0, 2, 168.87, 2082, 95428
1606838713, 0, 0, 485, 485, 1, 3.18%, 0, 0, 2, 193.30, 2082, 102381
1606838733, 0, 0, 486, 486, 1, 3.18%, 0, 0, 2, 197.63, 2082, 106142
1606838768, 0, 0, 487, 487, 1, 3.18%, 0, 0, 2, 156.00, 2082, 112606
1606838779, 0, 0, 488, 488, 1, 3.18%, 0, 0, 2, 192.22, 2082, 114567
1606838794, 0, 0, 489, 489, 1, 3.18%, 0, 0, 2, 191.54, 2082, 117140
1606838804, 0, 0, 491, 491, 1, 3.18%, 0, 0, 2, 181.52, 2084, 119037
1606838809, 0, 0, 492, 492, 1, 3.18%, 0, 0, 2, 187.35, 2084, 119948
1606838819, 0, 0, 495, 495, 1, 3.21%, 0, 0, 2, 181.98, 2105, 121760
1606838829, 0, 0, 496, 496, 1, 3.21%, 0, 0, 2, 180.31, 2105, 123577
1606838834, 0, 0, 497, 497, 1, 3.21%, 0, 0, 2, 186.77, 2105, 124533
1606838844, 0, 0, 498, 498, 1, 3.21%, 0, 0, 2, 191.45, 2106, 126476
1606838849, 0, 0, 501, 501, 1, 3.23%, 0, 0, 2, 193.09, 2115, 127430
1606838855, 0, 0, 504, 504, 1, 3.23%, 0, 0, 2, 200.71, 2118, 128493
1606838860, 0, 0, 546, 546, 1, 3.23%, 0, 0, 2, 169.49, 2120, 129326
1606838865, 0, 0, 583, 583, 1, 3.25%, 0, 0, 2, 164.69, 2132, 130164
1606838870, 0, 0, 598, 598, 1, 3.26%, 0, 0, 2, 201.48, 2135, 131194
1606838875, 0, 0, 617, 617, 1, 3.26%, 0, 0, 2, 160.39, 2136, 132003
1606838880, 0, 0, 632, 632, 1, 3.26%, 0, 0, 2, 135.21, 2136, 132650
1606838885, 0, 0, 635, 635, 1, 3.26%, 0, 0, 2, 135.82, 2136, 133356
1606838890, 0, 0, 642, 642, 1, 3.26%, 0, 0, 2, 135.81, 2136, 134068
1606838895, 0, 0, 643, 643, 1, 3.26%, 0, 0, 2, 142.96, 2136, 134778
1606838915, 0, 0, 646, 646, 1, 3.26%, 0, 0, 2, 189.93, 2136, 138262
1606838921, 0, 0, 647, 647, 1, 3.26%, 0, 0, 2, 192.47, 2136, 139257
1606838931, 0, 0, 648, 648, 1, 3.26%, 0, 0, 2, 193.19, 2136, 141233
1606838936, 0, 0, 650, 650, 1, 3.30%, 0, 0, 2, 188.66, 2160, 142158
1606838941, 0, 0, 651, 651, 1, 3.30%, 0, 0, 2, 186.93, 2160, 143096
1606838946, 0, 0, 652, 652, 1, 3.30%, 0, 0, 2, 173.91, 2160, 143998
1606838961, 0, 0, 655, 655, 1, 3.30%, 0, 0, 2, 186.88, 2160, 146680
1606838966, 0, 0, 657, 657, 1, 3.30%, 0, 0, 2, 176.33, 2160, 147545
1606838971, 0, 0, 658, 658, 1, 3.30%, 0, 0, 2, 160.96, 2160, 148366
1606838976, 0, 0, 659, 659, 1, 3.30%, 0, 0, 2, 174.43, 2160, 149256
1606838986, 0, 0, 660, 660, 1, 3.30%, 0, 0, 2, 169.65, 2160, 150986
1606839026, 0, 0, 661, 661, 1, 3.30%, 0, 0, 2, 173.06, 2161, 157990
1606839042, 0, 0, 662, 662, 1, 3.30%, 0, 0, 2, 169.34, 2165, 160632
1606839052, 0, 0, 663, 663, 1, 3.30%, 0, 0, 2, 168.21, 2165, 162386
1606839062, 0, 0, 664, 664, 1, 3.31%, 0, 0, 2, 170.23, 2167, 164125
1606839067, 0, 0, 665, 665, 1, 3.31%, 0, 0, 2, 175.52, 2168, 165039
1606839077, 0, 0, 666, 666, 1, 3.31%, 0, 0, 2, 180.28, 2170, 166823
1606839098, 0, 0, 669, 669, 1, 3.31%, 0, 0, 2, 163.04, 2170, 170144
1606839103, 0, 0, 670, 670, 1, 3.31%, 0, 0, 2, 172.42, 2170, 171034
1606839108, 0, 0, 671, 671, 1, 3.31%, 0, 0, 2, 169.46, 2170, 171870
1606839118, 0, 0, 672, 672, 1, 3.31%, 0, 0, 2, 174.96, 2170, 173588
1606839128, 0, 0, 673, 673, 1, 3.31%, 0, 0, 2, 176.51, 2170, 175468
1606839133, 0, 0, 674, 674, 1, 3.31%, 0, 0, 2, 169.93, 2170, 176340
1606839159, 0, 0, 675, 675, 1, 3.31%, 0, 0, 2, 174.04, 2171, 180758
