# unix_time, cycles_done, cur_path, paths_total, pending_total, pending_favs, map_size, unique_crashes, unique_hangs, max_depth, execs_per_sec, edge_coverage, total_execs
1602613855, 0, 0, 2, 2, 2, 9.39%, 0, 0, 1, 52.46, 6156, 16
1602613860, 0, 0, 15, 15, 2, 9.52%, 0, 0, 2, 22.74, 6237, 412
1602613865, 0, 0, 28, 28, 2, 10.15%, 0, 0, 2, 20.91, 6651, 614
1602613870, 0, 0, 40, 40, 2, 10.15%, 0, 0, 2, 21.26, 6651, 722
1602613875, 0, 0, 51, 51, 2, 10.24%, 0, 0, 2, 20.28, 6712, 825
1602613880, 0, 0, 63, 63, 2, 10.25%, 0, 0, 2, 21.40, 6720, 934
1602613885, 0, 0, 75, 75, 2, 10.25%, 0, 0, 2, 20.85, 6720, 1041
1602613890, 0, 0, 86, 86, 2, 10.25%, 0, 0, 2, 21.03, 6720, 1149
1602613896, 0, 0, 97, 97, 2, 10.25%, 0, 0, 2, 20.92, 6720, 1257
1602613901, 0, 0, 108, 108, 2, 10.25%, 0, 0, 2, 20.69, 6720, 1363
1602613906, 0, 0, 118, 118, 2, 10.25%, 0, 0, 2, 20.83, 6720, 1469
1602613911, 0, 0, 128, 128, 2, 10.25%, 0, 0, 2, 20.30, 6720, 1574
1602613916, 0, 0, 135, 135, 2, 10.26%, 0, 0, 2, 21.02, 6724, 1679
1602613921, 0, 0, 142, 142, 2, 10.26%, 0, 0, 2, 20.76, 6724, 1782
1602613926, 0, 0, 144, 144, 2, 10.26%, 0, 0, 2, 21.30, 6724, 1889
1602613936, 0, 0, 156, 156, 2, 10.28%, 0, 0, 2, 19.53, 6734, 2194
1602613941, 0, 0, 164, 164, 2, 10.28%, 0, 0, 2, 20.09, 6735, 2299
1602613946, 0, 0, 165, 165, 2, 10.28%, 0, 0, 2, 21.22, 6735, 2407
1602613967, 0, 0, 236, 236, 2, 10.49%, 0, 0, 2, 18.72, 6877, 3881
1602613972, 0, 0, 254, 254, 2, 10.50%, 0, 0, 2, 31.31, 6882, 4088
1602613977, 0, 0, 265, 265, 2, 10.50%, 0, 0, 2, 26.64, 6882, 4218
1602613982, 0, 0, 289, 289, 2, 10.51%, 0, 0, 2, 18.95, 6885, 4793
1602613987, 0, 0, 308, 308, 2, 10.57%, 0, 0, 2, 42.49, 6928, 5090
1602613992, 0, 0, 317, 317, 2, 10.57%, 0, 0, 2, 27.81, 6928, 5209
1602613997, 0, 0, 326, 326, 2, 10.57%, 0, 0, 2, 23.51, 6928, 5323
1602614002, 0, 0, 336, 336, 2, 10.57%, 0, 0, 2, 20.82, 6928, 5424
1602614007, 0, 0, 346, 346, 2, 10.57%, 0, 0, 2, 20.40, 6930, 5532
1602614012, 0, 0, 353, 353, 2, 10.57%, 0, 0, 2, 21.36, 6930, 5639
1602614018, 0, 0, 364, 364, 2, 10.58%, 0, 0, 2, 22.55, 6934, 5763
1602614023, 0, 0, 375, 375, 2, 10.58%, 0, 0, 2, 25.27, 6934, 5888
1602614028, 0, 0, 383, 383, 2, 10.58%, 0, 0, 2, 23.96, 6935, 6010
1602614033, 0, 0, 390, 390, 2, 10.59%, 0, 0, 2, 23.14, 6937, 6133
1602614038, 0, 0, 398, 398, 2, 10.59%, 0, 0, 2, 30.90, 6937, 6300
1602614043, 0, 0, 403, 403, 2, 10.59%, 0, 0, 2, 27.80, 6937, 6437
1602614048, 0, 0, 411, 411, 2, 10.59%, 0, 0, 2, 22.69, 6937, 6544
1602614053, 0, 0, 419, 419, 2, 10.59%, 0, 0, 2, 28.45, 6938, 6685
1602614058, 0, 0, 426, 426, 2, 10.59%, 0, 0, 2, 24.04, 6938, 6800
1602614063, 0, 0, 435, 435, 2, 10.59%, 0, 0, 2, 21.01, 6938, 6904
1602614069, 0, 0, 443, 443, 2, 10.59%, 0, 0, 2, 23.43, 6938, 7022
1602614074, 0, 0, 448, 448, 2, 10.61%, 0, 0, 2, 21.12, 6952, 7216
1602614079, 0, 0, 458, 458, 2, 10.62%, 0, 0, 2, 19.35, 6957, 7378
1602614084, 0, 0, 463, 463, 2, 10.62%, 0, 0, 2, 20.03, 6957, 7481
1602614089, 0, 0, 468, 468, 2, 10.62%, 0, 0, 2, 20.88, 6957, 7588
1602614094, 0, 0, 472, 472, 2, 10.62%, 0, 0, 2, 20.01, 6957, 7691
1602614099, 0, 0, 473, 473, 2, 10.62%, 0, 0, 2, 20.19, 6957, 7792
1602614109, 0, 0, 474, 474, 2, 10.62%, 0, 0, 2, 19.88, 6957, 8051
1602614115, 0, 0, 475, 475, 2, 10.62%, 0, 0, 2, 20.47, 6957, 8157
1602614135, 0, 0, 491, 491, 2, 10.67%, 0, 0, 2, 92.43, 6992, 9241
1602614140, 0, 0, 500, 500, 2, 10.67%, 0, 0, 2, 26.04, 6994, 9783
1602614145, 0, 0, 504, 504, 2, 10.68%, 0, 0, 2, 27.68, 6996, 10029
1602614150, 0, 0, 511, 511, 2, 10.68%, 0, 0, 2, 23.77, 6997, 10146
1602614155, 0, 0, 517, 517, 2, 10.68%, 0, 0, 2, 26.31, 6997, 10283
1602614160, 0, 0, 520, 520, 2, 10.68%, 0, 0, 2, 32.40, 6997, 10448
1602614165, 0, 0, 527, 527, 2, 10.68%, 0, 0, 2, 39.34, 6997, 10636
1602614170, 0, 0, 530, 530, 2, 10.68%, 0, 0, 2, 29.83, 6997, 10783
1602614176, 0, 0, 535, 535, 2, 10.68%, 0, 0, 2, 29.72, 6997, 10930
1602614181, 0, 0, 542, 542, 2, 10.68%, 0, 0, 2, 27.43, 6997, 11066
1602614186, 0, 0, 549, 549, 2, 10.70%, 0, 0, 2, 24.38, 7014, 11261
1602614191, 0, 0, 551, 551, 2, 10.70%, 0, 0, 2, 22.32, 7014, 11421
1602614196, 0, 0, 553, 553, 2, 10.70%, 0, 0, 2, 21.00, 7014, 11533
1602614201, 0, 0, 561, 561, 2, 10.70%, 0, 0, 2, 22.15, 7014, 11654
1602614207, 0, 0, 562, 562, 2, 10.70%, 0, 0, 2, 20.85, 7014, 11760
1602614222, 0, 0, 564, 564, 2, 10.70%, 0, 0, 2, 19.63, 7014, 12123
1602614248, 0, 0, 583, 583, 2, 10.72%, 0, 0, 2, 142.52, 7024, 13790
1602614253, 0, 0, 587, 587, 2, 10.72%, 0, 0, 2, 24.61, 7024, 14003
1602614258, 0, 0, 591, 591, 2, 10.72%, 0, 0, 2, 23.84, 7024, 14120
1602614263, 0, 0, 595, 595, 2, 10.72%, 0, 0, 2, 30.45, 7024, 14290
1602614273, 0, 0, 601, 601, 2, 10.72%, 0, 0, 2, 31.30, 7024, 14680
1602614278, 0, 0, 608, 608, 2, 10.72%, 0, 0, 2, 28.39, 7024, 14814
1602614284, 0, 0, 615, 615, 2, 10.72%, 0, 0, 2, 25.73, 7024, 14939
1602614289, 0, 0, 619, 619, 2, 10.72%, 0, 0, 2, 200.00, 7024, 15142
1602614294, 0, 0, 625, 625, 2, 10.72%, 0, 0, 2, 29.24, 7024, 15519
1602614299, 0, 0, 631, 631, 2, 10.72%, 0, 0, 2, 38.71, 7024, 15889
1602614304, 0, 0, 639, 639, 2, 10.72%, 0, 0, 2, 35.74, 7024, 16064
1602614309, 0, 0, 646, 646, 2, 10.72%, 0, 0, 2, 59.18, 7024, 16431
1602614314, 0, 0, 656, 656, 2, 10.72%, 0, 0, 2, 515.02, 7024, 16700
1602614319, 0, 0, 659, 659, 2, 10.73%, 0, 0, 2, 25.81, 7030, 16831
1602614360, 0, 0, 663, 663, 2, 10.73%, 0, 0, 2, 19.51, 7030, 18082
1602614366, 0, 0, 664, 664, 2, 10.73%, 0, 0, 2, 19.56, 7030, 18181
1602614371, 0, 0, 666, 666, 2, 10.73%, 0, 0, 2, 19.12, 7030, 18277
1602614376, 0, 0, 667, 667, 2, 10.73%, 0, 0, 2, 19.83, 7030, 18380
1602614381, 0, 0, 669, 669, 2, 10.73%, 0, 0, 2, 20.60, 7030, 18487
1602614417, 0, 0, 670, 670, 2, 10.73%, 0, 0, 2, 19.56, 7030, 19211
1602614422, 0, 0, 671, 671, 2, 10.73%, 0, 0, 2, 19.72, 7030, 19309
1602614437, 0, 0, 673, 673, 2, 10.73%, 0, 0, 2, 19.78, 7030, 19627
1602614463, 0, 0, 675, 675, 2, 10.73%, 0, 0, 2, 18.95, 7030, 20144
1602614541, 0, 0, 678, 678, 2, 10.73%, 0, 0, 2, 20.04, 7030, 22076
1602614710, 0, 0, 695, 695, 2, 10.75%, 0, 0, 2, 86.61, 7043, 27970
1602614715, 0, 0, 708, 708, 2, 10.75%, 0, 0, 2, 883.51, 7045, 29695
1602614720, 0, 0, 718, 718, 2, 10.75%, 0, 0, 2, 23.24, 7045, 29822
1602614725, 0, 0, 723, 723, 2, 10.75%, 0, 0, 2, 46.20, 7045, 30230
1602614730, 0, 0, 728, 728, 2, 10.75%, 0, 0, 2, 35.62, 7045, 30395
1602614736, 0, 0, 735, 735, 2, 10.75%, 0, 0, 2, 32.26, 7045, 30565
1602614741, 0, 0, 741, 741, 2, 10.75%, 0, 0, 2, 1134.17, 7045, 33257
1602614746, 0, 0, 750, 750, 2, 10.75%, 0, 0, 2, 58.78, 7045, 33551
1602614751, 0, 0, 751, 751, 2, 10.75%, 0, 0, 2, 45.98, 7045, 34295
1602614756, 0, 0, 754, 754, 2, 10.75%, 0, 0, 2, 36.61, 7045, 34442
1602614761, 0, 0, 758, 758, 2, 10.75%, 0, 0, 2, 30.60, 7045, 34583
1602614766, 0, 0, 761, 761, 2, 10.75%, 0, 0, 2, 27.22, 7045, 34727
1602614776, 0, 0, 762, 762, 2, 10.75%, 0, 0, 2, 30.42, 7045, 35025
1602614781, 0, 0, 765, 765, 2, 10.75%, 0, 0, 2, 24.04, 7045, 35145
1602614786, 0, 0, 766, 766, 2, 10.75%, 0, 0, 2, 22.56, 7045, 35258
1602614797, 0, 0, 767, 767, 2, 10.75%, 0, 0, 2, 21.37, 7045, 35502
1602614802, 0, 0, 768, 768, 2, 10.75%, 0, 0, 2, 23.01, 7045, 35624
1602614812, 0, 0, 770, 770, 2, 10.75%, 0, 0, 2, 34.69, 7045, 35972
1602614817, 0, 0, 775, 775, 2, 10.75%, 0, 0, 2, 30.27, 7045, 36133
1602614822, 0, 0, 776, 776, 2, 10.75%, 0, 0, 2, 32.67, 7045, 36286
1602614827, 0, 0, 778, 778, 2, 10.75%, 0, 0, 2, 39.87, 7045, 36506
1602614848, 0, 0, 780, 780, 2, 10.75%, 0, 0, 2, 44.50, 7045, 37371
1602614853, 0, 0, 783, 783, 2, 10.75%, 0, 0, 2, 20.05, 7045, 37665
1602614858, 0, 0, 787, 787, 2, 10.75%, 0, 0, 2, 29.22, 7045, 37803
1602614893, 0, 0, 789, 789, 2, 10.75%, 0, 0, 2, 29.64, 7045, 39170
1602614899, 0, 0, 793, 793, 2, 10.75%, 0, 0, 2, 23.79, 7045, 39280
1602614904, 0, 0, 795, 795, 2, 10.75%, 0, 0, 2, 126.09, 7045, 39451
1602614909, 0, 0, 798, 798, 2, 10.75%, 0, 0, 2, 48.12, 7045, 39733
1602614914, 0, 0, 801, 801, 2, 10.75%, 0, 0, 2, 20.42, 7045, 39892
1602614924, 0, 0, 803, 803, 2, 10.75%, 0, 0, 2, 27.89, 7045, 40213
1602614939, 0, 0, 805, 805, 2, 10.75%, 0, 0, 2, 41.98, 7045, 40718
1602614944, 0, 0, 806, 806, 2, 10.75%, 0, 0, 2, 21.10, 7047, 41088
1602614980, 0, 0, 807, 807, 2, 10.75%, 0, 0, 2, 2787.43, 7047, 55384
1602614991, 0, 0, 808, 808, 2, 10.75%, 0, 0, 2, 24.49, 7047, 56309
1602614996, 0, 0, 811, 811, 2, 10.75%, 0, 0, 2, 34.82, 7047, 56475
1602615001, 0, 0, 812, 812, 2, 10.75%, 0, 0, 2, 37.93, 7047, 56669
1602615006, 0, 0, 815, 815, 2, 10.75%, 0, 0, 2, 35.00, 7047, 56846
1602615011, 0, 0, 818, 818, 2, 10.75%, 0, 0, 2, 27.10, 7047, 56978
1602615016, 0, 0, 821, 821, 2, 10.75%, 0, 0, 2, 22.95, 7048, 57349
1602615021, 0, 0, 822, 822, 2, 10.76%, 0, 0, 2, 2463.42, 7050, 65065
1602615027, 0, 0, 823, 823, 2, 10.76%, 0, 0, 2, 33.63, 7050, 67744
1602615032, 0, 0, 825, 825, 2, 10.76%, 0, 0, 2, 24.26, 7050, 67857
1602615042, 0, 0, 828, 828, 2, 10.76%, 0, 0, 2, 19.92, 7050, 68093
1602615057, 0, 0, 833, 833, 2, 10.76%, 0, 0, 2, 46.61, 7051, 68979
1602615063, 0, 0, 836, 836, 2, 10.76%, 0, 0, 2, 45.18, 7051, 69176
1602615068, 0, 0, 837, 837, 2, 10.76%, 0, 0, 2, 42.08, 7051, 69396
1602615073, 0, 0, 839, 839, 2, 10.76%, 0, 0, 2, 34.51, 7051, 69560
1602615088, 0, 0, 842, 842, 2, 10.76%, 0, 0, 2, 18.66, 7053, 70125
1602615093, 0, 0, 846, 846, 2, 10.76%, 0, 0, 2, 55.16, 7053, 70456
1602615098, 0, 0, 849, 849, 2, 10.76%, 0, 0, 2, 63.25, 7053, 70770
1602615108, 0, 0, 851, 851, 2, 10.76%, 0, 0, 2, 79.12, 7053, 71799
1602615113, 0, 0, 854, 854, 2, 10.78%, 0, 0, 2, 2820.57, 7062, 74223
1602615119, 0, 0, 855, 855, 2, 10.78%, 0, 0, 2, 47.83, 7062, 74894
1602615124, 0, 0, 857, 857, 2, 10.78%, 0, 0, 2, 43.12, 7062, 75117
1602615129, 0, 0, 859, 859, 2, 10.78%, 0, 0, 2, 34.26, 7062, 75277
1602615134, 0, 0, 861, 861, 2, 10.78%, 0, 0, 2, 37.47, 7062, 75479
1602615139, 0, 0, 863, 863, 2, 10.78%, 0, 0, 2, 51.27, 7062, 75747
1602615149, 0, 0, 868, 868, 2, 10.78%, 0, 0, 2, 64.87, 7062, 76631
1602615160, 0, 0, 873, 873, 2, 10.78%, 0, 0, 2, 25.48, 7062, 77097
1602615165, 0, 0, 875, 875, 2, 10.78%, 0, 0, 2, 48.20, 7062, 77336
1602615170, 0, 0, 876, 876, 2, 10.78%, 0, 0, 2, 48.16, 7062, 77577
1602615175, 0, 0, 878, 878, 2, 10.78%, 0, 0, 2, 34.51, 7062, 77741
1602615180, 0, 0, 879, 879, 2, 10.78%, 0, 0, 2, 21.39, 7064, 78083
1602615206, 0, 0, 883, 883, 2, 10.78%, 0, 0, 2, 70.05, 7064, 79205
1602615211, 0, 0, 887, 887, 2, 10.78%, 0, 0, 2, 77.29, 7064, 79590
1602615221, 0, 0, 893, 893, 2, 10.78%, 0, 0, 2, 20.83, 7064, 81599
1602615227, 0, 0, 895, 895, 2, 10.78%, 0, 0, 2, 1827.51, 7064, 84126
1602615232, 0, 0, 899, 899, 2, 10.78%, 0, 0, 2, 54.27, 7064, 88074
1602615237, 0, 0, 900, 900, 2, 10.78%, 0, 0, 2, 27.16, 7064, 88401
1602615242, 0, 0, 905, 905, 2, 10.78%, 0, 0, 2, 32.00, 7064, 88603
1602615247, 0, 0, 909, 909, 2, 10.78%, 0, 0, 2, 31.35, 7064, 88751
1602615252, 0, 0, 912, 912, 2, 10.78%, 0, 0, 2, 32.32, 7064, 88957
1602615262, 0, 0, 916, 916, 2, 10.78%, 0, 0, 2, 53.70, 7064, 89525
1602615272, 0, 0, 917, 917, 2, 10.78%, 0, 0, 2, 58.93, 7064, 90248
1602615277, 0, 0, 921, 921, 2, 10.78%, 0, 0, 2, 65.15, 7064, 90610
1602615283, 0, 0, 922, 922, 2, 10.78%, 0, 0, 2, 291.78, 7064, 91152
1602615298, 0, 0, 927, 927, 2, 10.78%, 0, 0, 2, 41.90, 7064, 92268
1602615303, 0, 0, 933, 933, 2, 10.78%, 0, 0, 2, 32.28, 7064, 92415
1602615313, 0, 0, 936, 936, 2, 10.78%, 0, 0, 2, 21.44, 7064, 93210
1602615324, 0, 0, 937, 937, 2, 10.78%, 0, 0, 2, 21.50, 7064, 93532
1602615360, 0, 0, 938, 938, 2, 10.78%, 0, 0, 2, 19.68, 7064, 94483
1602615396, 0, 0, 944, 944, 2, 10.78%, 0, 0, 2, 623.38, 7064, 97563
1602615401, 0, 0, 949, 949, 2, 10.78%, 0, 0, 2, 118.36, 7064, 98878
1602615406, 0, 0, 953, 953, 2, 10.78%, 0, 0, 2, 21.68, 7065, 99176
1602615412, 0, 0, 954, 954, 2, 10.78%, 0, 0, 2, 108.91, 7065, 99303
1602615417, 0, 0, 959, 959, 2, 10.78%, 0, 0, 2, 20.91, 7065, 99468
1602615422, 0, 0, 960, 960, 2, 10.78%, 0, 0, 2, 22.98, 7065, 99588
1602615453, 0, 0, 961, 961, 2, 10.78%, 0, 0, 2, 18.92, 7065, 100393
1602615494, 0, 0, 968, 968, 2, 10.78%, 0, 0, 2, 47.13, 7065, 103776
1602615499, 0, 0, 974, 974, 2, 10.79%, 0, 0, 2, 37.40, 7070, 104975
1602615504, 0, 0, 983, 983, 2, 10.79%, 0, 0, 2, 655.93, 7072, 107045
1602615509, 0, 0, 992, 992, 2, 10.79%, 0, 0, 2, 857.90, 7074, 110843
1602615514, 0, 0, 996, 996, 2, 10.79%, 0, 0, 2, 777.96, 7074, 114165
1602615519, 0, 1, 1018, 1017, 93, 10.86%, 0, 0, 2, 2395.95, 7114, 127308
1602615524, 0, 1, 1022, 1021, 93, 10.86%, 0, 0, 2, 2333.29, 7114, 138905
1602615529, 0, 8, 1029, 1024, 99, 10.86%, 0, 0, 3, 25.11, 7118, 147877
1602615591, 0, 8, 1030, 1025, 99, 10.86%, 0, 0, 3, 25.27, 7118, 150325
1602615678, 0, 8, 1033, 1028, 99, 10.86%, 0, 0, 3, 73.45, 7118, 153609
1602616193, 0, 8, 1035, 1030, 99, 10.86%, 0, 0, 3, 92.06, 7118, 172185
1602616208, 0, 8, 1036, 1031, 99, 10.86%, 0, 0, 3, 39.14, 7119, 175986
1602616885, 0, 11, 1036, 1029, 98, 10.86%, 0, 0, 3, 1512.38, 7119, 247883
1602616895, 0, 11, 1037, 1030, 98, 10.86%, 0, 0, 3, 2115.00, 7119, 259379
1602616931, 0, 23, 1038, 1028, 95, 10.86%, 0, 0, 3, 448.71, 7119, 330736
1602616941, 0, 23, 1040, 1030, 95, 10.86%, 0, 0, 3, 19.93, 7119, 331031
1602616946, 0, 23, 1041, 1031, 95, 10.86%, 0, 0, 3, 20.21, 7119, 331136
1602616951, 0, 23, 1042, 1032, 95, 10.86%, 0, 0, 3, 20.70, 7119, 331242
1602616957, 0, 23, 1043, 1033, 95, 10.86%, 0, 0, 3, 20.97, 7119, 331351
1602616967, 0, 23, 1045, 1035, 95, 10.86%, 0, 0, 3, 18.08, 7119, 331600
1602617003, 0, 23, 1047, 1037, 95, 10.86%, 0, 0, 3, 23.99, 7119, 333429
1602617172, 0, 23, 1048, 1038, 95, 10.86%, 0, 0, 3, 23.14, 7119, 340009
1602617192, 0, 23, 1049, 1039, 95, 10.86%, 0, 0, 3, 39.03, 7119, 340773
1602617203, 0, 23, 1052, 1042, 95, 10.86%, 0, 0, 3, 40.15, 7119, 341559
1602617208, 0, 23, 1053, 1043, 95, 10.86%, 0, 0, 3, 39.18, 7119, 342017
1602617254, 0, 23, 1054, 1044, 95, 10.86%, 0, 0, 3, 21.64, 7119, 343489
1602617594, 0, 23, 1057, 1047, 95, 10.86%, 0, 0, 3, 18.35, 7119, 353187
1602617599, 0, 23, 1061, 1051, 95, 10.86%, 0, 0, 3, 116.35, 7119, 355057
1602617604, 0, 23, 1062, 1052, 95, 10.86%, 0, 0, 3, 44.76, 7119, 355408
1602617610, 0, 23, 1063, 1053, 95, 10.86%, 0, 0, 3, 245.88, 7119, 356872
1602617615, 0, 23, 1064, 1054, 95, 10.86%, 0, 0, 3, 1230.86, 7119, 358970
1602617630, 0, 23, 1065, 1055, 95, 10.86%, 0, 0, 3, 27.50, 7119, 359428
1602617651, 0, 23, 1067, 1057, 95, 10.86%, 0, 0, 3, 21.89, 7119, 359964
1602617656, 0, 23, 1068, 1058, 95, 10.86%, 0, 0, 3, 26.25, 7119, 360098
1602617661, 0, 23, 1069, 1059, 95, 10.86%, 0, 0, 3, 20.69, 7119, 360196
1602617666, 0, 23, 1070, 1060, 95, 10.86%, 0, 0, 3, 22.29, 7119, 360309
1602617682, 0, 23, 1071, 1061, 95, 10.86%, 0, 0, 3, 32.14, 7119, 360854
1602617820, 0, 23, 1072, 1062, 95, 10.86%, 0, 0, 3, 18.88, 7119, 366294
1602617846, 0, 23, 1073, 1063, 95, 10.86%, 0, 0, 3, 33.13, 7119, 380890
1602617887, 0, 23, 1075, 1065, 95, 10.86%, 0, 0, 3, 22.29, 7119, 392400
1602617892, 0, 23, 1076, 1066, 95, 10.86%, 0, 0, 3, 21.64, 7119, 392509
1602617933, 0, 23, 1077, 1067, 95, 10.86%, 0, 0, 3, 73.54, 7119, 394702
1602617969, 0, 23, 1078, 1068, 95, 10.86%, 0, 0, 3, 45.54, 7119, 399557
1602617974, 0, 23, 1079, 1069, 95, 10.86%, 0, 0, 3, 56.56, 7119, 399824
1602618061, 0, 23, 1080, 1070, 95, 10.86%, 0, 0, 3, 22.22, 7119, 412229
1602618072, 0, 23, 1082, 1072, 95, 10.86%, 0, 0, 3, 39.78, 7119, 412661
1602618077, 0, 23, 1083, 1073, 95, 10.86%, 0, 0, 3, 45.22, 7119, 412887
1602618082, 0, 23, 1087, 1077, 95, 10.86%, 0, 0, 3, 62.08, 7119, 413236
1602618097, 0, 23, 1089, 1079, 95, 10.86%, 0, 0, 3, 47.79, 7119, 414522
1602618112, 0, 23, 1090, 1080, 95, 10.86%, 0, 0, 3, 60.74, 7119, 415815
1602618122, 0, 23, 1092, 1082, 95, 10.86%, 0, 0, 3, 44.62, 7119, 416309
1602618210, 0, 23, 1094, 1084, 95, 10.86%, 0, 0, 3, 1450.00, 7119, 421560
1602618215, 0, 23, 1095, 1085, 95, 10.86%, 0, 0, 3, 21.35, 7119, 422552
1602618302, 0, 23, 1098, 1088, 95, 10.86%, 0, 0, 3, 20.41, 7119, 427106
1602618307, 0, 23, 1099, 1089, 95, 10.86%, 0, 0, 3, 55.90, 7119, 428592
1602618312, 0, 80, 1099, 1088, 96, 10.86%, 0, 0, 3, 38.36, 7119, 429457
1602618578, 0, 80, 1100, 1089, 96, 10.86%, 0, 0, 3, 21.13, 7119, 440225
1602618974, 0, 80, 1102, 1091, 96, 10.86%, 0, 0, 3, 50.28, 7119, 453677
1602619424, 0, 80, 1103, 1092, 96, 10.86%, 0, 0, 3, 27.28, 7119, 510412
1602619460, 0, 80, 1104, 1093, 96, 10.86%, 0, 0, 3, 89.16, 7119, 512961
1602619496, 0, 80, 1105, 1094, 96, 10.86%, 0, 0, 3, 21.66, 7119, 515249
1602619671, 0, 147, 1105, 1093, 96, 10.86%, 0, 0, 3, 3371.82, 7119, 541230
1602619681, 0, 169, 1105, 1092, 95, 10.86%, 0, 0, 3, 3437.08, 7119, 575696
1602619692, 0, 171, 1106, 1092, 94, 10.87%, 0, 0, 3, 3278.08, 7121, 609623
1602619702, 0, 173, 1106, 1091, 94, 10.87%, 0, 0, 3, 3373.95, 7121, 643847
1602619717, 0, 175, 1106, 1090, 93, 10.87%, 0, 0, 3, 3260.54, 7121, 694961
1602619727, 0, 177, 1106, 1089, 92, 10.87%, 0, 0, 3, 3341.28, 7121, 728844
1602619738, 0, 178, 1106, 1088, 91, 10.87%, 0, 0, 3, 3151.84, 7121, 762094
1602619763, 0, 179, 1106, 1087, 90, 10.87%, 0, 0, 3, 2921.45, 7121, 831814
1602619778, 0, 182, 1106, 1086, 89, 10.87%, 0, 0, 3, 3249.29, 7121, 881907
1602619788, 0, 184, 1106, 1085, 88, 10.87%, 0, 0, 3, 3332.07, 7121, 916040
1602619804, 0, 188, 1106, 1084, 87, 10.87%, 0, 0, 3, 3102.11, 7121, 964912
1602619814, 0, 190, 1106, 1083, 86, 10.87%, 0, 0, 3, 3189.82, 7121, 998243
1602619829, 0, 196, 1106, 1082, 85, 10.87%, 0, 0, 3, 2891.56, 7121, 1045801
1602619850, 0, 207, 1106, 1081, 84, 10.87%, 0, 0, 3, 43.23, 7121, 1097694
1602619860, 0, 207, 1107, 1082, 84, 10.87%, 0, 0, 3, 18.81, 7121, 1097929
1602619891, 0, 207, 1108, 1083, 84, 10.87%, 0, 0, 3, 17.76, 7121, 1098512
1602619922, 0, 207, 1110, 1085, 84, 10.87%, 0, 0, 3, 63.24, 7121, 1100020
1602619932, 0, 207, 1113, 1088, 84, 10.87%, 0, 0, 3, 21.70, 7121, 1100327
1602620030, 0, 207, 1116, 1091, 84, 10.87%, 0, 0, 3, 76.42, 7121, 1103386
1602620035, 0, 207, 1117, 1092, 84, 10.87%, 0, 0, 3, 24.42, 7121, 1103599
1602620040, 0, 207, 1118, 1093, 84, 10.87%, 0, 0, 3, 25.90, 7121, 1103728
1602620046, 0, 207, 1119, 1094, 84, 10.87%, 0, 0, 3, 29.65, 7121, 1103878
1602620051, 0, 207, 1121, 1096, 84, 10.87%, 0, 0, 3, 36.61, 7121, 1104071
1602620061, 0, 207, 1122, 1097, 84, 10.87%, 0, 0, 3, 26.47, 7121, 1104328
1602620133, 0, 207, 1123, 1098, 84, 10.87%, 0, 0, 3, 110.84, 7121, 1106856
1602620138, 0, 207, 1127, 1102, 84, 10.87%, 0, 0, 3, 22.88, 7121, 1106980
1602620158, 0, 207, 1129, 1104, 84, 10.87%, 0, 0, 3, 28.84, 7121, 1107611
1602620168, 0, 207, 1133, 1108, 84, 10.87%, 0, 0, 3, 20.51, 7124, 1108131
1602620184, 0, 207, 1134, 1109, 84, 10.87%, 0, 0, 3, 16.77, 7124, 1109210
1602620235, 0, 207, 1135, 1110, 84, 10.87%, 0, 0, 3, 18.07, 7124, 1110474
1602620240, 0, 207, 1142, 1117, 84, 10.87%, 0, 0, 3, 18.67, 7124, 1110569
1602620323, 0, 207, 1143, 1118, 84, 10.87%, 0, 0, 3, 18.14, 7124, 1112101
1602620656, 0, 207, 1145, 1120, 84, 10.87%, 0, 0, 3, 448.11, 7124, 1122045
1602620672, 0, 207, 1146, 1121, 84, 10.87%, 0, 0, 3, 54.86, 7124, 1125462
1602620703, 0, 207, 1148, 1123, 84, 10.87%, 0, 0, 3, 25.89, 7124, 1126829
1602620708, 0, 207, 1149, 1124, 84, 10.87%, 0, 0, 3, 21.96, 7124, 1126934
1602620713, 0, 207, 1150, 1125, 84, 10.87%, 0, 0, 3, 22.95, 7124, 1127053
1602620718, 0, 207, 1151, 1126, 84, 10.87%, 0, 0, 3, 23.92, 7124, 1127174
1602620841, 0, 207, 1152, 1127, 84, 10.87%, 0, 0, 3, 21.00, 7124, 1131394
1602620963, 0, 207, 1153, 1128, 84, 10.87%, 0, 0, 3, 26.49, 7124, 1158954
1602620994, 0, 207, 1155, 1130, 84, 10.87%, 0, 0, 3, 50.24, 7124, 1160057
1602620999, 0, 207, 1156, 1131, 84, 10.87%, 0, 0, 3, 33.47, 7124, 1160208
1602621005, 0, 207, 1157, 1132, 84, 10.87%, 0, 0, 3, 47.52, 7124, 1160468
1602621061, 0, 207, 1160, 1135, 84, 10.87%, 0, 0, 3, 24.37, 7124, 1165827
1602621066, 0, 207, 1161, 1136, 84, 10.87%, 0, 0, 3, 42.40, 7124, 1166093
1602621071, 0, 207, 1163, 1138, 84, 10.87%, 0, 0, 3, 33.01, 7124, 1166246
1602621107, 0, 207, 1165, 1140, 84, 10.87%, 0, 0, 3, 24.01, 7124, 1168119
1602621189, 0, 207, 1167, 1142, 84, 10.87%, 0, 0, 3, 36.04, 7124, 1179330
1602621194, 0, 207, 1169, 1144, 84, 10.87%, 0, 0, 3, 32.05, 7124, 1179477
1602621199, 0, 207, 1170, 1145, 84, 10.87%, 0, 0, 3, 35.42, 7124, 1179669
1602621220, 0, 207, 1172, 1147, 84, 10.87%, 0, 0, 3, 56.37, 7124, 1180955
1602621241, 0, 207, 1173, 1148, 84, 10.87%, 0, 0, 3, 52.63, 7124, 1182701
1602621358, 0, 207, 1174, 1149, 84, 10.87%, 0, 0, 3, 1180.63, 7124, 1188961
1602621363, 0, 207, 1175, 1150, 84, 10.87%, 0, 0, 3, 42.75, 7124, 1189538
1602621379, 0, 207, 1176, 1151, 84, 10.87%, 0, 0, 3, 20.38, 7124, 1189886
1602621471, 0, 207, 1180, 1155, 84, 10.87%, 0, 0, 3, 359.35, 7124, 1195179
1602621477, 0, 207, 1181, 1156, 84, 10.87%, 0, 0, 3, 43.97, 7124, 1195669
1602621482, 0, 220, 1181, 1155, 84, 10.87%, 0, 0, 3, 2944.53, 7124, 1208094
1602621497, 0, 222, 1181, 1154, 83, 10.87%, 0, 0, 3, 2896.58, 7124, 1254503
1602621517, 0, 236, 1181, 1153, 81, 10.87%, 0, 0, 3, 2830.55, 7124, 1314740
1602621543, 0, 282, 1185, 1156, 80, 10.87%, 0, 0, 3, 2737.24, 7124, 1385074
1602621548, 0, 282, 1186, 1157, 80, 10.87%, 0, 0, 3, 2774.80, 7124, 1399066
1602621553, 0, 282, 1187, 1158, 80, 10.87%, 0, 0, 3, 2970.24, 7124, 1414378
1602621568, 0, 293, 1187, 1157, 80, 10.87%, 0, 0, 3, 107.36, 7124, 1448901
1602621593, 0, 293, 1194, 1164, 80, 10.96%, 0, 0, 3, 57.85, 7183, 1450218
1602621644, 0, 293, 1201, 1171, 80, 10.96%, 0, 0, 3, 52.79, 7183, 1453480
1602621649, 0, 293, 1205, 1175, 80, 10.96%, 0, 0, 3, 53.15, 7183, 1454505
1602621694, 0, 293, 1210, 1180, 80, 10.96%, 0, 0, 3, 45.63, 7183, 1456820
1602621862, 0, 293, 1221, 1191, 80, 10.96%, 0, 0, 3, 41.79, 7183, 1467237
1602621867, 0, 293, 1234, 1204, 80, 10.96%, 0, 0, 3, 38.09, 7183, 1467451
1602621872, 0, 293, 1240, 1210, 80, 11.00%, 0, 0, 3, 47.12, 7211, 1467809
1602622107, 0, 293, 1241, 1211, 80, 11.00%, 0, 0, 3, 89.22, 7211, 1518699
1602622168, 0, 297, 1241, 1210, 83, 11.00%, 0, 0, 3, 2378.21, 7211, 1527520
1602622174, 0, 297, 1242, 1211, 83, 11.00%, 0, 0, 3, 2675.11, 7211, 1541524
1602622194, 0, 298, 1242, 1210, 82, 11.00%, 0, 0, 3, 2700.95, 7211, 1597408
1602622220, 0, 299, 1242, 1209, 81, 11.00%, 0, 0, 3, 2564.33, 7211, 1666790
1602622245, 0, 300, 1242, 1208, 80, 11.00%, 0, 0, 3, 2679.50, 7211, 1736596
1602622271, 0, 301, 1242, 1207, 79, 11.00%, 0, 0, 3, 2715.90, 7211, 1806750
1602622296, 0, 302, 1243, 1207, 78, 11.00%, 0, 0, 3, 2726.94, 7211, 1876872
1602622321, 0, 337, 1243, 1206, 77, 11.00%, 0, 0, 3, 25.09, 7211, 1940036
1602622906, 0, 337, 1244, 1207, 77, 11.00%, 0, 0, 3, 45.85, 7211, 1964473
1602623054, 0, 337, 1245, 1208, 77, 11.00%, 0, 0, 3, 235.29, 7211, 1973243
1602623274, 0, 337, 1246, 1209, 77, 11.00%, 0, 0, 3, 62.69, 7211, 2010594
1602623371, 0, 337, 1248, 1211, 77, 11.00%, 0, 0, 3, 48.86, 7211, 2024505
1602623396, 0, 337, 1249, 1212, 77, 11.00%, 0, 0, 3, 21.30, 7211, 2025858
1602623544, 0, 337, 1250, 1213, 77, 11.00%, 0, 0, 3, 112.46, 7211, 2036970
1602623549, 0, 337, 1253, 1216, 77, 11.05%, 0, 0, 3, 745.35, 7242, 2038286
1602623555, 0, 337, 1256, 1219, 77, 11.05%, 0, 0, 3, 1302.74, 7242, 2042489
1602623565, 0, 337, 1258, 1221, 77, 11.05%, 0, 0, 3, 894.52, 7242, 2050794
1602623570, 0, 445, 1259, 1221, 77, 11.05%, 0, 0, 3, 1514.73, 7242, 2057875
1602623606, 0, 446, 1259, 1220, 76, 11.05%, 0, 0, 3, 2554.00, 7242, 2152222
1602623647, 0, 464, 1260, 1219, 74, 11.05%, 0, 0, 3, 103.78, 7244, 2256300
1602623698, 0, 464, 1261, 1220, 74, 11.05%, 0, 0, 3, 19.89, 7244, 2258096
1602623729, 0, 464, 1262, 1221, 74, 11.05%, 0, 0, 3, 28.54, 7244, 2259502
1602623806, 0, 464, 1263, 1222, 74, 11.05%, 0, 0, 3, 32.10, 7244, 2262705
1602623811, 0, 464, 1264, 1223, 74, 11.05%, 0, 0, 3, 23.26, 7244, 2262909
1602623888, 0, 464, 1265, 1224, 74, 11.05%, 0, 0, 3, 38.02, 7244, 2266223
1602624261, 0, 464, 1267, 1226, 74, 11.05%, 0, 0, 3, 69.04, 7244, 2280579
1602624312, 0, 464, 1268, 1227, 74, 11.05%, 0, 0, 3, 23.56, 7244, 2285429
1602624328, 0, 464, 1269, 1228, 74, 11.05%, 0, 0, 3, 40.79, 7244, 2285906
1602624399, 0, 464, 1270, 1229, 74, 11.05%, 0, 0, 3, 29.62, 7244, 2288938
1602624640, 0, 464, 1271, 1230, 74, 11.05%, 0, 0, 3, 45.64, 7244, 2326678
1602624927, 0, 464, 1272, 1231, 74, 11.05%, 0, 0, 3, 23.82, 7244, 2353348
1602624932, 0, 482, 1272, 1230, 74, 11.05%, 0, 0, 3, 1624.53, 7244, 2358749
1602624937, 0, 482, 1273, 1231, 74, 11.05%, 0, 0, 3, 2532.26, 7244, 2373019
1602624957, 0, 482, 1274, 1232, 74, 11.05%, 0, 0, 3, 2830.31, 7244, 2431334
1602624962, 0, 482, 1276, 1234, 74, 11.05%, 0, 0, 3, 2779.17, 7244, 2445331
1602624967, 0, 546, 1276, 1233, 72, 11.05%, 0, 0, 3, 2687.53, 7244, 2458636
1602625003, 0, 547, 1276, 1232, 71, 11.05%, 0, 0, 3, 2589.84, 7244, 2553984
1602625039, 0, 566, 1277, 1232, 70, 11.05%, 0, 0, 3, 2538.25, 7244, 2650124
1602625075, 0, 567, 1277, 1231, 70, 11.05%, 0, 0, 3, 2692.96, 7244, 2747874
1602625100, 0, 571, 1277, 1230, 69, 11.05%, 0, 0, 3, 2758.96, 7244, 2820571
1602625131, 0, 578, 1277, 1229, 67, 11.05%, 0, 0, 3, 2704.93, 7244, 2903112
1602625151, 0, 594, 1277, 1228, 66, 11.05%, 0, 0, 3, 21.05, 7244, 2953329
1602625814, 0, 594, 1278, 1229, 66, 11.05%, 0, 0, 3, 675.00, 7244, 2977336
1602625819, 0, 594, 1280, 1231, 66, 11.05%, 0, 0, 3, 36.85, 7244, 2977688
1602625921, 0, 594, 1281, 1232, 66, 11.05%, 0, 0, 3, 42.27, 7244, 2984299
1602626118, 0, 594, 1282, 1233, 66, 11.05%, 0, 0, 3, 46.07, 7244, 3015761
1602626436, 0, 594, 1284, 1235, 66, 11.05%, 0, 0, 3, 22.50, 7244, 3044974
1602626508, 0, 594, 1285, 1236, 66, 11.05%, 0, 0, 3, 86.61, 7244, 3049849
1602626524, 0, 658, 1285, 1235, 66, 11.05%, 0, 0, 3, 2363.85, 7244, 3054023
1602626529, 0, 685, 1296, 1245, 65, 11.05%, 0, 0, 3, 2366.53, 7245, 3066861
1602626534, 0, 685, 1308, 1257, 65, 11.06%, 0, 0, 3, 2190.21, 7246, 3077592
1602626554, 0, 685, 1309, 1258, 65, 11.06%, 0, 0, 3, 2797.20, 7246, 3133077
1602626559, 0, 685, 1310, 1259, 65, 11.06%, 0, 0, 3, 2513.34, 7246, 3145373
1602626564, 0, 687, 1311, 1259, 67, 11.06%, 0, 0, 3, 2591.74, 7246, 3158308
1602626599, 0, 691, 1311, 1258, 66, 11.06%, 0, 0, 3, 2897.93, 7246, 3257985
1602626615, 0, 693, 1311, 1257, 65, 11.06%, 0, 0, 3, 2962.99, 7246, 3304984
1602626625, 0, 705, 1313, 1258, 65, 11.06%, 0, 0, 3, 3072.59, 7249, 3337224
1602626650, 0, 705, 1314, 1259, 65, 11.06%, 0, 0, 3, 2670.88, 7249, 3407276
1602626655, 0, 706, 1314, 1258, 64, 11.06%, 0, 0, 3, 2603.34, 7249, 3420206
1602626681, 0, 709, 1314, 1257, 64, 11.06%, 0, 0, 3, 2449.28, 7249, 3488128
1602626692, 0, 709, 1315, 1258, 64, 11.06%, 0, 0, 3, 31.86, 7249, 3488505
1602626732, 0, 709, 1316, 1259, 64, 11.06%, 0, 0, 3, 32.42, 7249, 3490126
1602626824, 0, 709, 1317, 1260, 64, 11.06%, 0, 0, 3, 29.82, 7249, 3494213
1602626974, 0, 709, 1318, 1261, 64, 11.06%, 0, 0, 3, 26.76, 7249, 3500901
1602626979, 0, 709, 1319, 1262, 64, 11.06%, 0, 0, 3, 22.07, 7249, 3501001
1602627276, 0, 709, 1320, 1263, 64, 11.06%, 0, 0, 3, 39.24, 7249, 3512808
1602627281, 0, 709, 1321, 1264, 64, 11.06%, 0, 0, 3, 81.98, 7249, 3515666
1602627388, 0, 709, 1322, 1265, 64, 11.06%, 0, 0, 3, 48.41, 7249, 3520015
1602627435, 0, 709, 1323, 1266, 64, 11.06%, 0, 0, 3, 24.80, 7249, 3521606
1602627445, 0, 709, 1324, 1267, 64, 11.06%, 0, 0, 3, 29.08, 7249, 3521938
1602627492, 0, 709, 1326, 1269, 64, 11.06%, 0, 0, 3, 2745.00, 7249, 3534658
1602627764, 0, 709, 1327, 1270, 64, 11.06%, 0, 0, 3, 57.66, 7249, 3572320
1602627861, 0, 709, 1328, 1271, 64, 11.06%, 0, 0, 3, 448.59, 7249, 3579079
1602627943, 0, 709, 1329, 1272, 64, 11.06%, 0, 0, 3, 152.78, 7249, 3585141
1602627958, 0, 714, 1329, 1271, 65, 11.06%, 0, 0, 3, 51.95, 7249, 3586871
1602627969, 0, 714, 1331, 1273, 65, 11.06%, 0, 0, 3, 20.84, 7249, 3587144
1602628009, 0, 714, 1332, 1274, 65, 11.06%, 0, 0, 3, 50.38, 7249, 3589148
1602628163, 0, 714, 1333, 1275, 65, 11.06%, 0, 0, 3, 1739.29, 7249, 3595258
1602628199, 0, 714, 1334, 1276, 65, 11.06%, 0, 0, 3, 52.55, 7249, 3597493
1602628204, 0, 714, 1335, 1277, 65, 11.06%, 0, 0, 3, 81.04, 7249, 3597918
1602628260, 0, 714, 1336, 1278, 65, 11.06%, 0, 0, 3, 19.69, 7249, 3599790
1602628286, 0, 714, 1336, 1278, 65, 11.06%, 1, 0, 3, 21.52, 7249, 3600347
1602628316, 0, 714, 1337, 1279, 65, 11.06%, 1, 0, 3, 21.44, 7249, 3601071
1602628553, 0, 714, 1338, 1280, 65, 11.06%, 1, 0, 3, 55.04, 7249, 3614231
1602628609, 0, 714, 1339, 1281, 65, 11.06%, 1, 0, 3, 34.09, 7249, 3616623
1602628635, 0, 714, 1340, 1282, 65, 11.06%, 1, 0, 3, 50.46, 7249, 3617544
1602628666, 0, 714, 1341, 1283, 65, 11.06%, 1, 0, 3, 38.33, 7249, 3618989
1602628773, 0, 714, 1342, 1284, 65, 11.06%, 1, 0, 3, 22.98, 7249, 3636695
1602628839, 0, 714, 1343, 1285, 65, 11.06%, 1, 0, 3, 25.18, 7249, 3649704
1602628880, 0, 714, 1344, 1286, 65, 11.06%, 1, 0, 3, 53.40, 7249, 3655030
1602628952, 0, 714, 1346, 1288, 65, 11.06%, 1, 0, 3, 114.12, 7249, 3659048
1602628983, 0, 714, 1347, 1289, 65, 11.06%, 1, 0, 3, 39.86, 7249, 3668243
1602629131, 0, 714, 1348, 1290, 65, 11.06%, 1, 0, 3, 21.55, 7249, 3678625
1602629198, 0, 714, 1349, 1291, 65, 11.06%, 1, 0, 3, 125.58, 7249, 3683888
1602629213, 0, 729, 1350, 1291, 65, 11.06%, 1, 0, 3, 47.51, 7249, 3686080
1602629274, 0, 729, 1351, 1292, 65, 11.06%, 1, 0, 3, 35.06, 7249, 3688797
1602629341, 0, 729, 1352, 1293, 65, 11.06%, 1, 0, 3, 78.16, 7249, 3691630
1602629351, 0, 729, 1353, 1294, 65, 11.06%, 1, 0, 3, 43.13, 7249, 3692128
1602629643, 0, 729, 1356, 1297, 65, 11.06%, 1, 0, 3, 23.54, 7249, 3702138
1602629848, 0, 729, 1357, 1298, 65, 11.06%, 1, 0, 3, 60.70, 7249, 3715814
1602630293, 0, 729, 1358, 1299, 65, 11.06%, 1, 0, 3, 198.50, 7249, 3776818
1602630390, 0, 741, 1358, 1298, 64, 11.06%, 1, 0, 3, 37.75, 7249, 3784607
1602630462, 0, 741, 1359, 1299, 64, 11.06%, 1, 0, 3, 32.42, 7249, 3787559
1602630994, 0, 741, 1360, 1300, 64, 11.06%, 1, 0, 3, 260.65, 7249, 3808625
1602631367, 0, 741, 1361, 1301, 64, 11.06%, 1, 0, 3, 171.60, 7249, 3856713
1602631372, 0, 741, 1362, 1302, 64, 11.06%, 1, 0, 3, 137.21, 7249, 3857240
1602631526, 0, 741, 1363, 1303, 64, 11.06%, 1, 0, 3, 17.47, 7249, 3876012
1602631614, 0, 805, 1363, 1302, 63, 11.06%, 1, 0, 3, 1698.49, 7249, 3888900
1602631649, 0, 806, 1363, 1301, 62, 11.06%, 1, 0, 3, 2613.43, 7249, 3985103
1602631680, 0, 808, 1363, 1300, 61, 11.06%, 1, 0, 3, 27.51, 7249, 4055519
1602631981, 0, 808, 1364, 1301, 61, 11.06%, 1, 0, 3, 20.12, 7249, 4068278
1602632273, 0, 808, 1365, 1302, 61, 11.06%, 1, 0, 3, 137.09, 7249, 4079271
1602632288, 0, 808, 1366, 1303, 61, 11.06%, 1, 0, 3, 56.09, 7249, 4082837
1602632949, 0, 814, 1366, 1302, 60, 11.06%, 1, 0, 3, 179.10, 7249, 4153905
1602633117, 0, 814, 1367, 1303, 60, 11.06%, 1, 0, 3, 81.57, 7249, 4159072
1602633123, 0, 814, 1367, 1303, 60, 11.06%, 2, 0, 3, 24.90, 7249, 4159695
1602633256, 0, 814, 1368, 1304, 60, 11.06%, 2, 0, 3, 39.75, 7249, 4164580
1602633707, 0, 814, 1369, 1305, 60, 11.06%, 2, 0, 3, 2551.54, 7249, 4177437
1602633753, 0, 814, 1370, 1306, 60, 11.06%, 2, 0, 3, 28.93, 7249, 4182671
1602634134, 0, 814, 1371, 1307, 60, 11.06%, 2, 0, 3, 41.03, 7249, 4222052
1602634226, 0, 814, 1372, 1308, 60, 11.06%, 2, 0, 3, 39.84, 7249, 4225958
1602634271, 0, 814, 1373, 1309, 60, 11.06%, 2, 0, 3, 51.91, 7249, 4235805
1602634538, 0, 814, 1374, 1310, 60, 11.06%, 2, 0, 3, 249.02, 7249, 4250734
1602634558, 0, 821, 1374, 1308, 59, 11.06%, 2, 0, 3, 1531.75, 7249, 4256132
1602634563, 0, 821, 1375, 1309, 59, 11.06%, 2, 0, 3, 2702.45, 7249, 4271310
1602634574, 0, 850, 1375, 1307, 58, 11.06%, 2, 0, 3, 89.94, 7249, 4302006
1602634701, 0, 850, 1376, 1308, 58, 11.06%, 2, 0, 3, 89.13, 7249, 4307208
1602635461, 0, 850, 1377, 1309, 58, 11.06%, 2, 0, 3, 105.37, 7249, 4366670
1602635477, 0, 850, 1378, 1310, 58, 11.06%, 2, 0, 3, 45.82, 7249, 4370180
1602635798, 0, 851, 1381, 1312, 57, 11.06%, 2, 0, 3, 2148.61, 7249, 4410480
1602635813, 0, 853, 1381, 1311, 56, 11.06%, 2, 0, 3, 2912.07, 7249, 4456945
1602635818, 0, 853, 1382, 1312, 56, 11.06%, 2, 0, 3, 2810.01, 7249, 4471551
1602635828, 0, 853, 1383, 1313, 56, 11.06%, 2, 0, 3, 3076.10, 7249, 4502889
1602635833, 0, 898, 1383, 1312, 56, 11.06%, 2, 0, 3, 2799.08, 7249, 4516664
1602635859, 0, 901, 1383, 1311, 55, 11.06%, 2, 0, 3, 28.44, 7249, 4583192
1602636548, 0, 901, 1384, 1312, 55, 11.06%, 2, 0, 3, 22.33, 7249, 4612384
1602636655, 0, 901, 1385, 1313, 55, 11.06%, 2, 0, 3, 62.28, 7249, 4616343
1602636890, 0, 901, 1386, 1314, 55, 11.06%, 2, 0, 3, 52.80, 7249, 4653687
1602636896, 0, 901, 1387, 1315, 55, 11.06%, 2, 0, 3, 43.26, 7249, 4653880
1602636931, 0, 901, 1388, 1316, 55, 11.06%, 2, 0, 3, 112.48, 7249, 4655849
1602636967, 0, 901, 1389, 1317, 55, 11.06%, 2, 0, 3, 37.23, 7249, 4665014
1602636987, 0, 901, 1390, 1318, 55, 11.06%, 2, 0, 3, 66.58, 7249, 4666411
1602637008, 0, 901, 1393, 1321, 55, 11.06%, 2, 0, 3, 28.77, 7249, 4668061
1602637202, 0, 950, 1393, 1320, 54, 11.06%, 2, 0, 3, 1751.35, 7249, 4683390
1602637242, 0, 964, 1393, 1319, 53, 11.06%, 2, 0, 3, 30.58, 7249, 4780458
1602637324, 0, 964, 1394, 1320, 53, 11.06%, 2, 0, 3, 31.80, 7249, 4783391
1602637417, 0, 964, 1395, 1321, 53, 11.06%, 2, 0, 3, 39.78, 7249, 4786679
1602637488, 0, 964, 1396, 1322, 53, 11.06%, 2, 0, 3, 136.88, 7249, 4788827
1602637509, 0, 964, 1397, 1323, 53, 11.06%, 2, 0, 3, 35.02, 7249, 4790047
1602637529, 0, 964, 1398, 1324, 53, 11.06%, 2, 0, 3, 54.82, 7249, 4791050
1602637954, 0, 964, 1399, 1325, 53, 11.06%, 2, 0, 3, 1225.09, 7249, 4803670
1602637959, 0, 964, 1400, 1326, 53, 11.06%, 2, 0, 3, 87.34, 7249, 4804604
1602638651, 0, 964, 1401, 1327, 53, 11.06%, 2, 0, 3, 143.60, 7249, 4870738
1602638754, 0, 964, 1403, 1329, 53, 11.06%, 2, 0, 3, 170.35, 7249, 4876409
1602638784, 0, 971, 1403, 1328, 55, 11.06%, 2, 0, 3, 364.06, 7249, 4878497
1602639548, 0, 971, 1404, 1329, 55, 11.06%, 2, 0, 3, 455.46, 7249, 4902851
1602639895, 0, 971, 1405, 1330, 55, 11.06%, 2, 0, 3, 22.68, 7249, 4940316
1602640023, 0, 971, 1406, 1331, 55, 11.06%, 2, 0, 3, 22.78, 7249, 4949463
1602640155, 0, 971, 1407, 1332, 55, 11.06%, 2, 0, 3, 46.78, 7249, 4963811
1602640436, 0, 973, 1408, 1332, 55, 11.06%, 2, 0, 3, 1741.73, 7249, 4984540
1602640472, 0, 973, 1409, 1333, 55, 11.06%, 2, 0, 3, 25.42, 7249, 5049635
1602640487, 0, 976, 1409, 1332, 54, 11.06%, 2, 0, 3, 3314.73, 7249, 5087687
1602640508, 0, 979, 1409, 1331, 53, 11.06%, 2, 0, 3, 3348.54, 7249, 5154659
1602640513, 0, 982, 1409, 1330, 52, 11.06%, 2, 0, 3, 3230.31, 7249, 5171262
1602640528, 0, 983, 1410, 1330, 51, 11.06%, 2, 0, 3, 3311.38, 7250, 5219832
1602640533, 0, 989, 1410, 1329, 50, 11.06%, 2, 0, 3, 3271.01, 7250, 5236728
1602640538, 0, 991, 1411, 1329, 49, 11.06%, 2, 0, 3, 3281.67, 7250, 5253072
1602640543, 0, 993, 1411, 1328, 48, 11.06%, 2, 0, 3, 3202.33, 7250, 5269600
1602640553, 0, 1000, 1412, 1328, 47, 11.06%, 2, 0, 3, 2981.61, 7250, 5299759
1602640564, 0, 1002, 1415, 1330, 46, 11.07%, 2, 0, 3, 3038.93, 7255, 5331264
1602640574, 0, 1005, 1420, 1334, 45, 11.07%, 2, 0, 3, 2793.38, 7255, 5357172
1602640584, 0, 1006, 1421, 1334, 44, 11.07%, 2, 0, 3, 2891.99, 7255, 5384092
1602640594, 0, 1014, 1422, 1334, 44, 11.07%, 2, 0, 3, 78.73, 7255, 5403366
1602640620, 0, 1014, 1423, 1335, 44, 11.07%, 2, 0, 3, 47.98, 7255, 5405268
1602640711, 0, 1014, 1424, 1336, 44, 11.07%, 2, 0, 3, 91.22, 7255, 5410875
1602640717, 0, 1014, 1425, 1337, 44, 11.07%, 2, 0, 3, 1181.36, 7255, 5412672
1602640808, 0, 1015, 1429, 1340, 43, 11.07%, 2, 0, 3, 2012.00, 7255, 5440582
1602640819, 0, 1019, 1430, 1340, 42, 11.07%, 2, 0, 3, 2879.47, 7255, 5466746
1602640829, 0, 1020, 1430, 1339, 41, 11.07%, 2, 0, 3, 2898.19, 7255, 5496613
1602640839, 0, 1021, 1433, 1341, 40, 11.07%, 2, 0, 3, 2870.66, 7255, 5522673
1602640849, 0, 1024, 1439, 1346, 39, 11.07%, 2, 0, 3, 2878.98, 7255, 5549237
1602640854, 0, 1024, 1440, 1347, 39, 11.07%, 2, 0, 3, 2747.59, 7255, 5560739
1602640859, 0, 1035, 1441, 1346, 37, 11.07%, 2, 0, 3, 225.30, 7255, 5572818
1602640885, 0, 1035, 1443, 1348, 37, 11.07%, 2, 0, 4, 68.12, 7255, 5574197
1602640900, 0, 1035, 1444, 1349, 37, 11.07%, 2, 0, 4, 54.79, 7255, 5575643
1602641375, 0, 1037, 1444, 1348, 36, 11.07%, 2, 0, 4, 2414.26, 7255, 5654502
1602641380, 0, 1050, 1444, 1347, 35, 11.07%, 2, 0, 4, 24.16, 7255, 5657207
1602642632, 0, 1053, 1444, 1346, 34, 11.07%, 2, 0, 4, 39.30, 7255, 5756006
1602643243, 0, 1053, 1445, 1347, 34, 11.07%, 2, 0, 4, 48.11, 7255, 5780495
1602643909, 0, 1083, 1445, 1346, 34, 11.07%, 2, 0, 4, 494.66, 7255, 5854941
1602645554, 0, 1105, 1445, 1345, 34, 11.07%, 2, 0, 4, 2009.62, 7255, 5960750
1602645565, 0, 1130, 1445, 1344, 33, 11.07%, 2, 0, 4, 2934.72, 7255, 5993414
1602645610, 0, 1147, 1445, 1343, 32, 11.07%, 2, 0, 4, 51.66, 7255, 6091376
1602645681, 0, 1147, 1446, 1344, 32, 11.07%, 2, 0, 4, 34.53, 7255, 6094311
1602645687, 0, 1147, 1447, 1345, 32, 11.07%, 2, 0, 4, 35.11, 7255, 6094481
1602645784, 0, 1147, 1448, 1346, 32, 11.07%, 2, 0, 4, 23.24, 7255, 6098361
1602645830, 0, 1147, 1449, 1347, 32, 11.07%, 2, 0, 4, 38.31, 7255, 6100672
1602645845, 0, 1147, 1450, 1348, 32, 11.07%, 2, 0, 4, 27.78, 7255, 6101347
1602645856, 0, 1147, 1451, 1349, 32, 11.07%, 2, 0, 4, 53.96, 7255, 6102401
1602645897, 0, 1147, 1452, 1350, 32, 11.07%, 2, 0, 4, 21.19, 7255, 6103906
1602645902, 0, 1147, 1453, 1351, 32, 11.07%, 2, 0, 4, 21.76, 7255, 6104013
1602646209, 0, 1147, 1455, 1353, 32, 11.07%, 2, 0, 4, 246.82, 7255, 6115488
1602646220, 0, 1147, 1456, 1354, 32, 11.07%, 2, 0, 4, 266.56, 7255, 6118718
1602646523, 0, 1147, 1457, 1355, 32, 11.07%, 2, 0, 4, 92.00, 7255, 6155814
1602646610, 0, 1147, 1458, 1356, 32, 11.07%, 2, 0, 4, 114.56, 7255, 6163202
1602646651, 0, 1147, 1459, 1357, 32, 11.07%, 2, 0, 4, 41.70, 7255, 6172837
1602646820, 0, 1147, 1460, 1358, 32, 11.07%, 2, 0, 4, 23.18, 7255, 6183958
1602646887, 0, 1191, 1460, 1357, 32, 11.07%, 2, 0, 4, 62.01, 7255, 6190885
1602646913, 0, 1191, 1465, 1362, 32, 11.10%, 2, 0, 4, 168.52, 7276, 6192516
1602646964, 0, 1191, 1470, 1367, 32, 11.10%, 2, 0, 4, 60.29, 7276, 6195430
1602647015, 0, 1191, 1472, 1369, 32, 11.10%, 2, 0, 4, 20.41, 7276, 6198644
1602647020, 0, 1191, 1474, 1371, 32, 11.10%, 2, 0, 4, 841.86, 7276, 6199458
1602647190, 0, 1191, 1478, 1375, 32, 11.10%, 2, 0, 4, 45.59, 7276, 6209113
1602647195, 0, 1191, 1490, 1387, 32, 11.10%, 2, 0, 4, 46.12, 7276, 6209346
1602647519, 0, 1211, 1490, 1386, 33, 11.10%, 2, 0, 4, 45.04, 7276, 6268229
1602647549, 0, 1211, 1493, 1389, 33, 11.10%, 2, 0, 4, 627.80, 7276, 6269928
1602647611, 0, 1211, 1498, 1394, 33, 11.10%, 2, 0, 4, 65.75, 7276, 6273260
1602647672, 0, 1211, 1500, 1396, 33, 11.10%, 2, 0, 4, 51.33, 7276, 6276622
1602647872, 0, 1211, 1509, 1405, 33, 11.10%, 2, 0, 4, 33.82, 7276, 6286559
1602647877, 0, 1211, 1517, 1413, 33, 11.10%, 2, 0, 4, 39.65, 7276, 6286913
1602648251, 0, 1250, 1519, 1414, 33, 11.10%, 2, 0, 4, 2247.20, 7276, 6358708
1602648261, 0, 1250, 1520, 1415, 33, 11.10%, 2, 0, 4, 2675.70, 7276, 6386169
1602648286, 0, 1252, 1521, 1415, 34, 11.10%, 2, 0, 4, 3161.12, 7276, 6459374
1602648297, 0, 1258, 1525, 1418, 34, 11.10%, 2, 0, 4, 3057.08, 7276, 6492961
1602648302, 0, 1258, 1526, 1419, 34, 11.10%, 2, 0, 4, 2942.25, 7276, 6507564
1602648322, 0, 1262, 1527, 1418, 34, 11.11%, 2, 0, 4, 230.81, 7278, 6569984
1602649017, 0, 1262, 1528, 1419, 34, 11.11%, 2, 0, 4, 39.53, 7278, 6593911
1602649400, 0, 1262, 1529, 1420, 34, 11.11%, 2, 0, 4, 173.23, 7278, 6636959
1602651350, 0, 1270, 1529, 1419, 34, 11.11%, 2, 0, 4, 832.98, 7278, 6669219
1602652656, 0, 1272, 1529, 1418, 33, 11.11%, 2, 0, 4, 1112.51, 7278, 6770789
1602652691, 0, 1275, 1529, 1417, 32, 11.11%, 2, 0, 4, 2738.69, 7278, 6870173
1602652727, 0, 1281, 1529, 1416, 31, 11.11%, 2, 0, 4, 73.65, 7278, 6958957
1602653293, 0, 1281, 1530, 1417, 31, 11.11%, 2, 0, 4, 646.79, 7278, 6982907
1602653376, 0, 1281, 1531, 1418, 31, 11.11%, 2, 0, 4, 28.70, 7278, 6988673
1602653999, 0, 1288, 1532, 1418, 30, 11.11%, 2, 0, 4, 1558.51, 7278, 7064770
1602654034, 0, 1300, 1532, 1417, 29, 11.11%, 2, 0, 4, 2400.06, 7278, 7154323
1602654075, 0, 1311, 1532, 1416, 28, 11.11%, 2, 0, 4, 2725.31, 7278, 7257973
1602654085, 0, 1325, 1532, 1415, 27, 11.11%, 2, 0, 4, 194.03, 7278, 7288393
1602654090, 0, 1325, 1533, 1416, 27, 11.11%, 2, 0, 4, 199.10, 7278, 7288620
1602654095, 0, 1325, 1534, 1417, 27, 11.11%, 2, 0, 4, 25.61, 7278, 7288756
1602654100, 0, 1325, 1535, 1418, 27, 11.11%, 2, 0, 4, 27.06, 7278, 7288893
1602654280, 0, 1325, 1536, 1419, 27, 11.11%, 2, 0, 4, 43.54, 7278, 7298160
1602654633, 0, 1325, 1537, 1420, 27, 11.11%, 2, 0, 4, 28.77, 7278, 7317491
1602654807, 0, 1325, 1538, 1421, 27, 11.11%, 2, 0, 4, 19.22, 7278, 7349371
1602654852, 0, 1325, 1539, 1422, 27, 11.11%, 2, 0, 4, 56.86, 7278, 7351755
1602654888, 0, 1325, 1540, 1423, 27, 11.11%, 2, 0, 4, 33.86, 7278, 7356780
1602655017, 0, 1325, 1541, 1424, 27, 11.11%, 2, 0, 4, 76.27, 7278, 7373185
1602655190, 0, 1343, 1541, 1423, 27, 11.11%, 2, 0, 4, 40.87, 7278, 7387783
1602655201, 0, 1343, 1542, 1424, 27, 11.11%, 2, 0, 4, 20.27, 7278, 7388031
1602655206, 0, 1343, 1543, 1425, 27, 11.11%, 2, 0, 4, 21.03, 7278, 7388137
1602655211, 0, 1343, 1544, 1426, 27, 11.11%, 2, 0, 4, 21.11, 7278, 7388242
1602655272, 0, 1343, 1545, 1427, 27, 11.11%, 2, 0, 4, 30.70, 7278, 7390770
1602655318, 0, 1343, 1546, 1428, 27, 11.11%, 2, 0, 4, 18.92, 7278, 7391894
1602655384, 0, 1343, 1547, 1429, 27, 11.11%, 2, 0, 4, 19.50, 7278, 7394719
1602655553, 0, 1343, 1548, 1430, 27, 11.11%, 2, 0, 4, 20.38, 7278, 7401073
1602655563, 0, 1343, 1549, 1431, 27, 11.11%, 2, 0, 4, 19.45, 7278, 7401270
1602655594, 0, 1343, 1550, 1432, 27, 11.11%, 2, 0, 4, 19.88, 7278, 7401918
1602656038, 0, 1343, 1551, 1433, 27, 11.11%, 2, 0, 4, 42.59, 7278, 7421099
1602656044, 0, 1343, 1552, 1434, 27, 11.11%, 2, 0, 4, 39.65, 7278, 7421279
1602656049, 0, 1343, 1554, 1436, 27, 11.11%, 2, 0, 4, 26.13, 7278, 7421387
1602656141, 0, 1343, 1555, 1437, 27, 11.11%, 2, 0, 4, 24.55, 7278, 7438301
1602656408, 0, 1343, 1556, 1438, 27, 11.11%, 2, 0, 4, 63.71, 7278, 7472846
1602656633, 0, 1344, 1556, 1437, 27, 11.11%, 2, 0, 4, 35.02, 7278, 7487071
1602656684, 0, 1344, 1557, 1438, 27, 11.11%, 2, 0, 4, 50.80, 7278, 7488980
1602656689, 0, 1344, 1558, 1439, 27, 11.11%, 2, 0, 4, 28.12, 7278, 7489570
1602656946, 0, 1344, 1559, 1440, 27, 11.11%, 2, 0, 4, 19.92, 7278, 7500059
1602656971, 0, 1344, 1559, 1440, 27, 11.11%, 3, 0, 4, 19.60, 7278, 7500559
1602657233, 0, 1344, 1559, 1440, 27, 11.11%, 4, 0, 4, 53.00, 7278, 7511026
1602657946, 0, 1352, 1559, 1439, 26, 11.11%, 4, 0, 4, 990.77, 7278, 7586567
1602657951, 0, 1352, 1560, 1440, 26, 11.11%, 4, 0, 4, 59.35, 7278, 7586799
1602657956, 0, 1352, 1561, 1441, 26, 11.11%, 4, 0, 4, 36.58, 7278, 7586952
1602658084, 0, 1352, 1562, 1442, 26, 11.11%, 4, 0, 4, 29.43, 7278, 7593653
1602658953, 0, 1374, 1565, 1444, 26, 11.11%, 4, 0, 4, 2355.36, 7278, 7699298
1602658963, 0, 1376, 1565, 1443, 26, 11.11%, 4, 0, 4, 92.58, 7278, 7728330
1602659020, 0, 1376, 1566, 1444, 26, 11.11%, 4, 0, 4, 30.71, 7278, 7730996
1602659040, 0, 1376, 1567, 1445, 26, 11.11%, 4, 0, 4, 31.56, 7278, 7731725
1602659727, 0, 1376, 1568, 1446, 26, 11.11%, 4, 0, 4, 34.37, 7278, 7778455
1602660137, 0, 1378, 1569, 1446, 26, 11.11%, 4, 0, 4, 1514.75, 7278, 7830718
1602660153, 0, 1382, 1569, 1445, 25, 11.11%, 4, 0, 4, 2995.91, 7278, 7876896
1602660173, 0, 1382, 1570, 1446, 25, 11.11%, 4, 0, 4, 2889.49, 7278, 7936399
1602660178, 0, 1398, 1570, 1445, 24, 11.11%, 4, 0, 4, 38.44, 7278, 7939963
1602660213, 0, 1398, 1571, 1446, 24, 11.11%, 4, 0, 4, 75.79, 7278, 7942293
1602660229, 0, 1398, 1572, 1447, 24, 11.11%, 4, 0, 4, 39.95, 7278, 7942990
1602660310, 0, 1398, 1573, 1448, 24, 11.11%, 4, 0, 4, 29.71, 7278, 7947288
1602660382, 0, 1398, 1574, 1449, 24, 11.11%, 5, 0, 4, 30.91, 7278, 7952373
1602660819, 0, 1398, 1575, 1450, 24, 11.11%, 5, 0, 4, 41.47, 7278, 8002125
1602660870, 0, 1398, 1576, 1451, 24, 11.11%, 5, 0, 4, 32.31, 7278, 8009088
1602660957, 0, 1398, 1577, 1452, 24, 11.11%, 5, 0, 4, 37.49, 7278, 8023135
1602661111, 0, 1398, 1578, 1453, 24, 11.11%, 5, 0, 4, 176.74, 7278, 8035853
1602661136, 0, 1401, 1579, 1453, 24, 11.11%, 5, 0, 4, 89.07, 7278, 8038390
1602661146, 0, 1401, 1582, 1456, 24, 11.11%, 5, 0, 4, 32.55, 7278, 8038776
1602661187, 0, 1401, 1583, 1457, 24, 11.11%, 5, 0, 4, 33.06, 7278, 8040320
1602661192, 0, 1401, 1585, 1459, 24, 11.11%, 5, 0, 4, 24.28, 7278, 8040957
1602661197, 0, 1401, 1586, 1460, 24, 11.11%, 5, 0, 4, 32.11, 7278, 8041117
1602661279, 0, 1401, 1588, 1462, 24, 11.11%, 5, 0, 4, 32.40, 7278, 8044345
1602661360, 0, 1401, 1589, 1463, 24, 11.11%, 5, 0, 4, 55.22, 7278, 8047653
1602661366, 0, 1401, 1590, 1464, 24, 11.11%, 5, 0, 4, 31.43, 7278, 8047777
1602661376, 0, 1401, 1591, 1465, 24, 11.11%, 5, 0, 4, 30.35, 7278, 8048095
1602661744, 0, 1401, 1593, 1467, 24, 11.11%, 5, 0, 4, 41.35, 7278, 8062321
1602661749, 0, 1401, 1594, 1468, 24, 11.11%, 5, 0, 4, 40.08, 7278, 8062671
1602661764, 0, 1401, 1595, 1469, 24, 11.11%, 5, 0, 4, 32.49, 7278, 8065749
1602661780, 0, 1401, 1596, 1470, 24, 11.11%, 5, 0, 4, 29.14, 7278, 8066792
1602662487, 0, 1401, 1597, 1471, 24, 11.11%, 5, 0, 4, 23.19, 7278, 8129050
1602662599, 0, 1407, 1597, 1470, 24, 11.11%, 5, 0, 4, 289.56, 7278, 8136569
1602662609, 0, 1407, 1607, 1480, 24, 11.11%, 5, 0, 4, 25.61, 7278, 8136991
1602662615, 0, 1407, 1608, 1481, 24, 11.11%, 5, 0, 4, 26.39, 7278, 8137128
1602662655, 0, 1407, 1611, 1484, 24, 11.11%, 5, 0, 4, 85.89, 7278, 8138862
1602662661, 0, 1407, 1613, 1486, 24, 11.11%, 5, 0, 4, 56.35, 7278, 8139491
1602662666, 0, 1407, 1614, 1487, 24, 11.11%, 5, 0, 4, 41.85, 7278, 8139676
1602662681, 0, 1407, 1615, 1488, 24, 11.11%, 5, 0, 4, 31.86, 7278, 8140254
1602662737, 0, 1407, 1616, 1489, 24, 11.11%, 5, 0, 4, 38.51, 7278, 8143062
1602662881, 0, 1407, 1617, 1490, 24, 11.11%, 5, 0, 4, 28.66, 7278, 8150139
1602663187, 0, 1407, 1618, 1491, 24, 11.11%, 5, 0, 4, 109.92, 7278, 8162807
1602663203, 0, 1407, 1619, 1492, 24, 11.11%, 5, 0, 4, 46.38, 7281, 8166707
1602663587, 0, 1407, 1620, 1493, 24, 11.11%, 5, 0, 4, 66.43, 7281, 8201506
1602663632, 0, 1407, 1621, 1494, 24, 11.11%, 5, 0, 4, 75.20, 7281, 8203806
1602663806, 0, 1407, 1622, 1495, 24, 11.11%, 5, 0, 4, 44.44, 7281, 8226043
1602664030, 0, 1409, 1622, 1494, 26, 11.11%, 5, 0, 4, 3286.89, 7281, 8258943
1602664040, 0, 1414, 1628, 1499, 26, 11.11%, 5, 0, 4, 3028.96, 7281, 8291721
1602664045, 0, 1414, 1629, 1500, 26, 11.11%, 5, 0, 4, 1691.77, 7281, 8302927
1602664050, 0, 1419, 1632, 1502, 25, 11.11%, 5, 0, 4, 2623.11, 7282, 8318024
1602664061, 0, 1420, 1632, 1501, 26, 11.11%, 5, 0, 4, 2865.08, 7282, 8345362
1602664071, 0, 1422, 1634, 1502, 25, 11.11%, 5, 0, 4, 2102.50, 7282, 8370528
1602664076, 0, 1422, 1635, 1503, 25, 11.11%, 5, 0, 4, 2498.36, 7282, 8378099
1602664087, 0, 1423, 1635, 1502, 25, 11.11%, 5, 0, 4, 36.27, 7282, 8398437
1602664102, 0, 1423, 1637, 1504, 25, 11.11%, 5, 0, 4, 35.88, 7282, 8399331
1602664117, 0, 1423, 1640, 1507, 25, 11.11%, 5, 0, 4, 154.87, 7282, 8399950
1602664138, 0, 1423, 1641, 1508, 25, 11.11%, 5, 0, 4, 59.77, 7282, 8401340
1602664244, 0, 1423, 1649, 1516, 25, 11.11%, 5, 0, 4, 36.07, 7282, 8406175
1602664250, 0, 1423, 1650, 1517, 25, 11.11%, 5, 0, 4, 75.21, 7282, 8407883
1602664368, 0, 1424, 1650, 1516, 26, 11.11%, 5, 0, 4, 67.71, 7282, 8427744
1602664378, 0, 1424, 1653, 1519, 26, 11.11%, 5, 0, 4, 83.70, 7282, 8428559
1602664388, 0, 1424, 1656, 1522, 26, 11.11%, 5, 0, 4, 59.84, 7282, 8429113
1602664393, 0, 1424, 1657, 1523, 26, 11.11%, 5, 0, 4, 49.99, 7282, 8429667
1602664404, 0, 1424, 1658, 1524, 26, 11.11%, 5, 0, 4, 186.27, 7282, 8430557
1602664481, 0, 1424, 1662, 1528, 26, 11.11%, 5, 0, 4, 68.48, 7282, 8435372
1602664578, 0, 1440, 1666, 1531, 26, 11.11%, 5, 0, 4, 2379.10, 7282, 8471061
1602664583, 0, 1440, 1667, 1532, 26, 11.11%, 5, 0, 4, 2657.19, 7282, 8484370
1602664589, 0, 1441, 1668, 1532, 27, 11.11%, 5, 0, 5, 2727.12, 7282, 8498371
1602664614, 0, 1518, 1668, 1531, 26, 11.11%, 5, 0, 5, 2734.59, 7282, 8570599
1602664649, 0, 1519, 1668, 1530, 25, 11.11%, 5, 0, 5, 2652.44, 7282, 8668295
1602664675, 0, 1519, 1669, 1531, 25, 11.11%, 5, 0, 5, 2724.54, 7282, 8738901
1602664690, 0, 1520, 1669, 1530, 24, 11.11%, 5, 0, 5, 3355.14, 7282, 8784981
1602664695, 0, 1520, 1670, 1531, 24, 11.11%, 5, 0, 5, 3476.13, 7282, 8802586
1602664700, 0, 1532, 1671, 1530, 23, 11.11%, 5, 0, 5, 28.64, 7282, 8810660
1602665804, 0, 1536, 1671, 1529, 22, 11.11%, 5, 0, 5, 36.48, 7282, 8910352
1602665814, 0, 1536, 1673, 1531, 22, 11.11%, 5, 0, 5, 18.01, 7282, 8910569
1602665819, 0, 1536, 1674, 1532, 22, 11.11%, 5, 0, 5, 17.65, 7282, 8910657
1602665911, 0, 1536, 1675, 1533, 22, 11.11%, 5, 0, 5, 19.67, 7282, 8913683
1602666101, 0, 1536, 1676, 1534, 22, 11.11%, 5, 0, 5, 28.49, 7282, 8920030
1602666106, 0, 1536, 1677, 1535, 22, 11.11%, 5, 0, 5, 26.46, 7282, 8920175
1602666388, 0, 1536, 1678, 1536, 22, 11.11%, 5, 0, 5, 18.47, 7282, 8926752
1602666750, 0, 1536, 1680, 1538, 22, 11.11%, 5, 0, 5, 30.61, 7282, 8942525
1602667447, 0, 1559, 1680, 1537, 22, 11.11%, 5, 0, 5, 53.68, 7282, 9009918
1602668454, 0, 1564, 1680, 1536, 21, 11.11%, 5, 0, 5, 1903.38, 7282, 9114427
1602668464, 0, 1566, 1681, 1536, 20, 11.11%, 5, 0, 5, 51.96, 7282, 9142337
1602668581, 0, 1566, 1681, 1536, 20, 11.11%, 6, 0, 5, 69.14, 7282, 9147482
1602669666, 0, 1571, 1681, 1535, 19, 11.11%, 6, 0, 5, 46.17, 7282, 9242439
1602670643, 0, 1571, 1682, 1536, 19, 11.11%, 6, 0, 5, 266.08, 7282, 9337993
1602670673, 0, 1578, 1682, 1535, 18, 11.11%, 6, 0, 5, 91.55, 7282, 9341529
1602670868, 0, 1578, 1683, 1536, 18, 11.11%, 6, 0, 5, 35.81, 7282, 9353939
1602671574, 0, 1580, 1683, 1535, 18, 11.11%, 6, 0, 5, 29.93, 7282, 9440581
1602671865, 0, 1580, 1684, 1536, 18, 11.11%, 6, 0, 5, 29.79, 7282, 9454601
1602672037, 0, 1580, 1685, 1537, 18, 11.11%, 6, 0, 5, 63.31, 7282, 9464372
1602672150, 0, 1580, 1686, 1538, 18, 11.11%, 6, 0, 5, 41.31, 7282, 9471402
1602672508, 0, 1580, 1688, 1540, 18, 11.11%, 6, 0, 5, 33.53, 7282, 9521823
1602672748, 0, 1582, 1688, 1539, 17, 11.11%, 6, 0, 5, 36.19, 7282, 9539257
1602672855, 0, 1582, 1689, 1540, 17, 11.11%, 6, 0, 5, 33.77, 7282, 9545049
1602672917, 0, 1582, 1690, 1541, 17, 11.11%, 6, 0, 5, 34.50, 7282, 9548308
1602673223, 0, 1582, 1691, 1542, 17, 11.11%, 6, 0, 5, 28.68, 7282, 9566350
1602673254, 0, 1582, 1692, 1543, 17, 11.11%, 6, 0, 5, 72.39, 7282, 9568102
1602673284, 0, 1582, 1693, 1544, 17, 11.11%, 6, 0, 5, 26.18, 7282, 9568988
1602673621, 0, 1582, 1694, 1545, 17, 11.11%, 6, 0, 5, 172.99, 7282, 9610774
1602673697, 0, 1582, 1695, 1546, 17, 11.11%, 6, 0, 5, 57.08, 7282, 9621987
1602673907, 0, 1590, 1695, 1545, 16, 11.11%, 6, 0, 5, 35.50, 7282, 9637676
1602675269, 0, 1593, 1695, 1544, 15, 11.11%, 6, 0, 5, 24.09, 7282, 9736312
1602675280, 0, 1593, 1696, 1545, 15, 11.11%, 6, 0, 5, 20.60, 7282, 9736554
1602675356, 0, 1593, 1698, 1547, 15, 11.11%, 6, 0, 5, 22.34, 7282, 9739152
1602675449, 0, 1593, 1700, 1549, 15, 11.11%, 6, 0, 5, 30.50, 7282, 9742105
1602675854, 0, 1593, 1701, 1550, 15, 11.11%, 6, 0, 5, 18.64, 7282, 9752817
1602676126, 0, 1593, 1702, 1551, 15, 11.11%, 6, 0, 5, 23.25, 7282, 9765760
1602676368, 0, 1593, 1703, 1552, 15, 11.11%, 6, 0, 5, 42.05, 7282, 9785249
1602676429, 0, 1593, 1704, 1553, 15, 11.11%, 6, 0, 5, 20.02, 7282, 9796916
1602676655, 0, 1593, 1705, 1554, 15, 11.11%, 6, 0, 5, 138.48, 7282, 9807568
1602677091, 0, 1602, 1706, 1554, 15, 11.11%, 6, 0, 5, 109.44, 7282, 9835373
1602678246, 0, 1608, 1707, 1554, 15, 11.11%, 6, 0, 5, 87.80, 7282, 9942320
1602678251, 0, 1608, 1708, 1555, 15, 11.11%, 6, 0, 5, 62.15, 7282, 9942620
1602678291, 0, 1608, 1709, 1556, 15, 11.11%, 6, 0, 5, 40.18, 7282, 9945028
1602678297, 0, 1608, 1711, 1558, 15, 11.11%, 6, 0, 5, 38.69, 7282, 9945220
1602678302, 0, 1608, 1713, 1560, 15, 11.11%, 6, 0, 5, 42.09, 7282, 9945440
1602678322, 0, 1608, 1714, 1561, 15, 11.11%, 6, 0, 5, 33.44, 7282, 9946307
1602678730, 0, 1608, 1715, 1562, 15, 11.11%, 6, 0, 5, 294.64, 7282, 9966570
1602678735, 0, 1608, 1717, 1564, 15, 11.11%, 6, 0, 5, 111.69, 7282, 9968494
1602679455, 0, 1618, 1717, 1563, 14, 11.11%, 6, 0, 5, 56.48, 7282, 10048568
1602679461, 0, 1618, 1718, 1564, 14, 11.11%, 6, 0, 5, 19.64, 7282, 10048715
1602679702, 0, 1618, 1719, 1565, 14, 11.11%, 6, 0, 5, 49.76, 7282, 10058148
1602679733, 0, 1618, 1720, 1566, 14, 11.11%, 6, 0, 5, 46.43, 7282, 10059436
1602680913, 0, 1618, 1721, 1567, 14, 11.11%, 6, 0, 5, 46.41, 7282, 10137269
1602681165, 0, 1619, 1721, 1566, 15, 11.11%, 6, 0, 5, 101.84, 7282, 10154724
1602682176, 0, 1622, 1721, 1565, 14, 11.11%, 6, 0, 5, 768.41, 7282, 10260521
1602682186, 0, 1629, 1721, 1564, 13, 11.11%, 6, 0, 5, 3078.76, 7282, 10293771
1602682196, 0, 1631, 1723, 1565, 12, 11.11%, 6, 0, 5, 2907.14, 7282, 10320878
1602682201, 0, 1631, 1724, 1566, 12, 11.11%, 6, 0, 5, 226.42, 7282, 10334037
1602682206, 0, 1631, 1725, 1567, 12, 11.11%, 6, 0, 5, 2801.19, 7282, 10347553
1602682212, 0, 1634, 1725, 1566, 12, 11.11%, 6, 0, 5, 111.04, 7282, 10356443
1602682223, 0, 1636, 1725, 1565, 11, 11.11%, 6, 0, 5, 31.91, 7282, 10379164
1602682238, 0, 1636, 1726, 1566, 11, 11.11%, 6, 0, 5, 34.95, 7282, 10379727
1602682396, 0, 1636, 1729, 1569, 11, 11.11%, 6, 0, 5, 33.48, 7282, 10386647
1602682401, 0, 1636, 1731, 1571, 11, 11.11%, 6, 0, 5, 32.17, 7282, 10387036
1602682540, 0, 1639, 1731, 1570, 12, 11.11%, 6, 0, 5, 32.92, 7282, 10408829
1602682555, 0, 1639, 1732, 1571, 12, 11.11%, 6, 0, 5, 40.69, 7282, 10409600
1602682576, 0, 1639, 1733, 1572, 12, 11.11%, 6, 0, 5, 33.14, 7282, 10410685
1602682596, 0, 1639, 1734, 1573, 12, 11.11%, 6, 0, 5, 62.50, 7282, 10411826
1602682709, 0, 1639, 1736, 1575, 12, 11.11%, 6, 0, 5, 36.13, 7282, 10416263
1602682847, 0, 1652, 1736, 1574, 11, 11.11%, 6, 0, 5, 45.63, 7282, 10438381
1602682862, 0, 1652, 1738, 1576, 11, 11.12%, 6, 0, 5, 62.95, 7288, 10439424
1602682872, 0, 1652, 1739, 1577, 11, 11.12%, 6, 0, 5, 884.26, 7288, 10440164
1602682969, 0, 1652, 1743, 1581, 11, 11.12%, 6, 0, 5, 38.49, 7288, 10446037
1602683005, 0, 1652, 1744, 1582, 11, 11.12%, 6, 0, 5, 50.49, 7288, 10456263
1602683066, 0, 1655, 1744, 1581, 10, 11.12%, 6, 0, 5, 937.66, 7288, 10468390
1602683072, 0, 1655, 1745, 1582, 10, 11.12%, 6, 0, 5, 22.84, 7288, 10475669
1602683082, 0, 1662, 1746, 1582, 9, 11.12%, 6, 0, 5, 2783.86, 7288, 10503715
1602683092, 0, 1665, 1746, 1581, 8, 11.12%, 6, 0, 5, 2857.79, 7288, 10530686
1602683097, 0, 1665, 1747, 1582, 8, 11.12%, 6, 0, 5, 2906.67, 7288, 10543606
1602683102, 0, 1670, 1747, 1581, 7, 11.12%, 6, 0, 5, 3030.82, 7288, 10558097
1602683108, 0, 1682, 1748, 1581, 6, 11.12%, 6, 0, 6, 34.71, 7288, 10562474
1602683205, 0, 1682, 1748, 1581, 6, 11.12%, 7, 0, 6, 66.88, 7288, 10568588
1602683665, 0, 1682, 1748, 1581, 6, 11.12%, 8, 0, 6, 37.42, 7288, 10611838
1602683825, 0, 1682, 1749, 1582, 6, 11.12%, 8, 0, 6, 85.89, 7288, 10643616
1602683835, 0, 1682, 1750, 1583, 6, 11.12%, 8, 0, 6, 100.12, 7288, 10644861
1602684009, 0, 1719, 1750, 1582, 6, 11.12%, 8, 0, 6, 63.21, 7288, 10661514
1602685724, 0, 1723, 1751, 1582, 5, 11.12%, 8, 0, 6, 1674.89, 7288, 10773393
1602685735, 0, 1734, 1751, 1581, 4, 11.12%, 8, 0, 6, 39.41, 7288, 10795839
1602685750, 0, 1734, 1752, 1582, 4, 11.12%, 8, 0, 6, 39.06, 7288, 10796783
1602685877, 0, 1734, 1753, 1583, 4, 11.12%, 8, 0, 6, 87.96, 7288, 10803453
1602685995, 0, 1737, 1753, 1582, 3, 11.12%, 8, 0, 6, 42.40, 7288, 10825490
1602686021, 0, 1737, 1754, 1583, 3, 11.12%, 8, 0, 6, 47.60, 7288, 10827182
1602686129, 0, 1737, 1759, 1588, 3, 11.12%, 8, 0, 6, 46.15, 7288, 10833005
1602686237, 0, 1749, 1759, 1587, 2, 11.12%, 8, 0, 6, 951.91, 7288, 10854910
1602686666, 0, 1749, 1759, 1587, 2, 11.12%, 9, 0, 6, 38.15, 7288, 10883320
1602687153, 1, 69, 1759, 1586, 1, 11.12%, 9, 0, 6, 42.22, 7288, 10954404
1602688537, 1, 383, 1760, 1586, 1, 11.12%, 9, 0, 6, 51.56, 7288, 11054189
1602689950, 1, 587, 1760, 1585, 1, 11.12%, 9, 0, 6, 40.69, 7288, 11153392
1602691532, 1, 605, 1760, 1584, 1, 11.12%, 9, 0, 6, 37.96, 7288, 11252571
1602693125, 1, 641, 1760, 1583, 1, 11.12%, 9, 0, 6, 321.64, 7288, 11351632
1602694566, 1, 643, 1760, 1582, 1, 11.12%, 9, 0, 6, 48.77, 7288, 11450976
1602696119, 1, 668, 1760, 1581, 1, 11.12%, 9, 0, 6, 40.20, 7288, 11550154
1602697589, 1, 698, 1760, 1580, 1, 11.12%, 9, 0, 6, 26.19, 7288, 11649389
1602699170, 1, 752, 1760, 1579, 1, 11.12%, 9, 0, 6, 45.65, 7288, 11748500
