# unix_time, cycles_done, cur_path, paths_total, pending_total, pending_favs, map_size, unique_crashes, unique_hangs, max_depth, execs_per_sec, edge_coverage, total_execs
1603080640, 0, 0, 107, 107, 81, 3.96%, 0, 0, 1, 79.99, 2593, 856
1603080645, 0, 2, 151, 150, 85, 3.96%, 0, 0, 2, 2680.00, 2597, 14550
1603080650, 0, 2, 180, 179, 85, 3.96%, 0, 0, 2, 2681.61, 2597, 28581
1603080656, 0, 4, 206, 203, 87, 3.97%, 0, 0, 2, 2492.44, 2602, 40653
1603080661, 0, 4, 214, 211, 87, 3.97%, 0, 0, 2, 2531.05, 2604, 53523
1603080666, 0, 7, 224, 219, 89, 3.98%, 0, 0, 2, 1992.29, 2611, 63709
1603080671, 0, 7, 225, 220, 89, 3.98%, 0, 0, 2, 1628.86, 2611, 71459
1603080676, 0, 7, 226, 221, 89, 3.99%, 0, 0, 2, 1558.90, 2612, 79205
1603080681, 0, 7, 228, 223, 89, 3.99%, 0, 0, 2, 1982.09, 2612, 89296
1603080686, 0, 12, 233, 225, 87, 3.99%, 0, 0, 2, 2266.12, 2612, 101001
1603080691, 0, 13, 238, 229, 87, 3.99%, 0, 0, 2, 2259.86, 2612, 112569
1603080696, 0, 17, 242, 231, 84, 3.99%, 0, 0, 2, 2290.01, 2612, 124166
1603080701, 0, 19, 244, 232, 83, 3.99%, 0, 0, 2, 2275.93, 2612, 135581
1603080706, 0, 23, 249, 236, 82, 3.99%, 0, 0, 2, 2184.71, 2612, 146565
1603080711, 0, 23, 252, 239, 82, 3.99%, 0, 0, 2, 2273.32, 2612, 157986
1603080716, 0, 27, 253, 237, 80, 3.99%, 0, 0, 2, 2374.63, 2612, 170168
1603080721, 0, 28, 256, 239, 79, 3.99%, 0, 0, 2, 2290.25, 2612, 182017
1603080727, 0, 29, 256, 238, 78, 3.99%, 0, 0, 2, 2227.82, 2612, 193363
1603080732, 0, 29, 258, 240, 78, 3.99%, 0, 0, 2, 2185.73, 2612, 204607
1603080737, 0, 31, 258, 238, 76, 3.99%, 0, 0, 2, 2282.88, 2612, 216251
1603080742, 0, 33, 258, 237, 75, 3.99%, 0, 0, 2, 2221.81, 2612, 227764
1603080752, 0, 35, 263, 241, 74, 3.99%, 0, 0, 2, 2312.28, 2612, 250880
1603080757, 0, 36, 265, 242, 72, 3.99%, 0, 0, 2, 2303.46, 2612, 262598
1603080762, 0, 37, 266, 242, 71, 3.99%, 0, 0, 2, 2300.95, 2612, 274638
1603080767, 0, 40, 266, 239, 68, 3.99%, 0, 0, 2, 2333.39, 2612, 286523
1603080772, 0, 43, 266, 238, 67, 3.99%, 0, 0, 2, 2297.46, 2612, 298022
1603080777, 0, 45, 267, 238, 66, 3.99%, 0, 0, 2, 2260.62, 2612, 309514
1603080783, 0, 46, 268, 238, 65, 3.99%, 0, 0, 2, 2307.07, 2612, 321266
1603080788, 0, 48, 268, 236, 63, 3.99%, 0, 0, 2, 2205.56, 2612, 332153
1603080793, 0, 49, 271, 238, 62, 3.99%, 0, 0, 2, 2231.53, 2612, 343377
1603080798, 0, 50, 271, 237, 61, 3.99%, 0, 0, 2, 1860.94, 2612, 352980
1603080808, 0, 50, 272, 238, 61, 3.99%, 0, 0, 2, 1417.01, 2613, 367228
1603080813, 0, 53, 275, 239, 62, 3.99%, 0, 0, 2, 1885.01, 2614, 376486
1603080818, 0, 53, 279, 243, 62, 3.99%, 0, 0, 2, 2082.89, 2614, 387152
1603080823, 0, 59, 284, 246, 64, 3.99%, 0, 0, 2, 2202.18, 2615, 398598
1603080828, 0, 61, 292, 252, 63, 3.99%, 0, 0, 2, 2243.95, 2615, 409924
1603080833, 0, 62, 293, 252, 62, 3.99%, 0, 0, 2, 2254.15, 2615, 421348
1603080838, 0, 63, 293, 251, 61, 3.99%, 0, 0, 2, 2252.31, 2615, 433053
1603080843, 0, 69, 295, 250, 58, 3.99%, 0, 0, 2, 2312.11, 2615, 444697
1603080849, 0, 71, 295, 249, 57, 3.99%, 0, 0, 2, 2302.67, 2615, 456672
1603080854, 0, 72, 295, 248, 55, 3.99%, 0, 0, 2, 2313.93, 2615, 468446
1603080859, 0, 74, 297, 248, 54, 3.99%, 0, 0, 2, 1921.11, 2615, 478655
1603080879, 0, 76, 297, 246, 51, 3.99%, 0, 0, 2, 2074.77, 2615, 511227
1603080884, 0, 77, 300, 248, 50, 3.99%, 0, 0, 2, 2225.69, 2615, 522596
1603080894, 0, 79, 300, 246, 48, 3.99%, 0, 0, 2, 2263.07, 2615, 545407
1603080904, 0, 80, 300, 245, 47, 3.99%, 0, 0, 2, 2192.22, 2615, 567770
1603080910, 0, 82, 305, 249, 46, 3.99%, 0, 0, 2, 2169.64, 2615, 578953
1603080915, 0, 82, 311, 255, 46, 3.99%, 0, 0, 2, 2159.50, 2615, 589870
1603080920, 0, 82, 312, 256, 46, 3.99%, 0, 0, 2, 2181.57, 2615, 600789
1603080935, 0, 86, 312, 253, 43, 3.99%, 0, 0, 2, 2206.79, 2615, 634021
1603080940, 0, 89, 312, 251, 41, 3.99%, 0, 0, 2, 2236.66, 2615, 645210
1603080955, 0, 92, 313, 251, 40, 3.99%, 0, 0, 2, 2257.86, 2615, 679059
1603080960, 0, 92, 317, 255, 40, 3.99%, 0, 0, 2, 2302.27, 2615, 690788
1603080965, 0, 96, 323, 259, 38, 3.99%, 0, 0, 2, 2246.81, 2615, 702201
1603080970, 0, 96, 325, 261, 38, 3.99%, 0, 0, 2, 2192.27, 2617, 713476
1603080976, 0, 96, 330, 266, 38, 3.99%, 0, 0, 2, 2245.45, 2617, 724767
1603080981, 0, 98, 332, 266, 40, 3.99%, 0, 0, 2, 2290.42, 2617, 736345
1603080991, 0, 101, 333, 265, 38, 3.99%, 0, 0, 2, 2291.35, 2617, 759741
1603080996, 0, 106, 333, 263, 36, 3.99%, 0, 0, 2, 2277.42, 2617, 771295
1603081001, 0, 113, 334, 263, 35, 3.99%, 0, 0, 2, 2288.23, 2617, 782875
1603081006, 0, 122, 334, 262, 34, 3.99%, 0, 0, 2, 2248.18, 2617, 794192
1603081011, 0, 123, 335, 262, 33, 3.99%, 0, 0, 3, 2262.89, 2617, 805595
1603081016, 0, 124, 335, 261, 32, 3.99%, 0, 0, 3, 2261.98, 2617, 817319
1603081021, 0, 134, 335, 259, 30, 3.99%, 0, 0, 3, 2277.63, 2617, 829160
1603081026, 0, 148, 336, 259, 29, 3.99%, 0, 0, 3, 2269.35, 2617, 840687
1603081031, 0, 151, 336, 257, 27, 3.99%, 0, 0, 3, 2266.63, 2617, 851930
1603081037, 0, 154, 337, 257, 26, 3.99%, 0, 0, 3, 2226.73, 2617, 863473
1603081042, 0, 181, 337, 256, 25, 3.99%, 0, 0, 3, 2316.94, 2617, 875045
1603081047, 0, 182, 337, 255, 24, 3.99%, 0, 0, 3, 2314.33, 2617, 887144
1603081052, 0, 186, 338, 255, 23, 3.99%, 0, 0, 3, 2242.75, 2617, 898454
1603081057, 0, 189, 339, 254, 21, 3.99%, 0, 0, 3, 2168.35, 2617, 909361
1603081062, 0, 197, 343, 257, 20, 3.99%, 0, 0, 3, 2229.03, 2617, 920863
1603081067, 0, 198, 343, 256, 19, 3.99%, 0, 0, 3, 2265.19, 2617, 932301
1603081072, 0, 205, 344, 256, 18, 3.99%, 0, 0, 3, 2277.75, 2617, 943938
1603081077, 0, 225, 344, 254, 16, 3.99%, 0, 0, 3, 1827.07, 2617, 953466
1603081088, 0, 225, 345, 255, 16, 3.99%, 0, 0, 3, 1480.88, 2618, 968499
1603081093, 0, 229, 347, 256, 16, 3.99%, 0, 0, 3, 1803.98, 2618, 977384
1603081098, 0, 252, 347, 255, 15, 3.99%, 0, 0, 3, 2064.87, 2618, 988098
1603081103, 0, 263, 349, 256, 14, 3.99%, 0, 0, 3, 2214.57, 2618, 999802
1603081108, 0, 264, 350, 256, 13, 3.99%, 0, 0, 3, 2213.78, 2618, 1011286
1603081113, 0, 268, 351, 256, 12, 3.99%, 0, 0, 3, 2179.61, 2618, 1022557
1603081118, 0, 271, 351, 255, 11, 3.99%, 0, 0, 3, 1663.05, 2618, 1030894
1603081134, 0, 272, 351, 254, 10, 3.99%, 0, 0, 3, 1497.96, 2618, 1052902
1603081149, 0, 275, 351, 253, 9, 3.99%, 0, 0, 3, 1616.87, 2618, 1075041
1603081159, 0, 283, 352, 252, 7, 3.99%, 0, 0, 3, 2234.08, 2618, 1097654
1603081164, 0, 290, 353, 252, 7, 3.99%, 0, 0, 3, 2178.11, 2618, 1108474
1603081169, 0, 323, 353, 251, 6, 3.99%, 0, 0, 3, 2130.13, 2618, 1119252
1603081179, 0, 330, 355, 252, 5, 3.99%, 0, 0, 3, 2153.03, 2618, 1140932
1603081184, 0, 330, 356, 253, 5, 3.99%, 0, 0, 3, 2189.58, 2618, 1152167
1603081189, 0, 343, 356, 252, 4, 3.99%, 0, 0, 3, 2207.91, 2618, 1163399
1603081195, 0, 344, 356, 251, 3, 3.99%, 0, 0, 3, 1712.14, 2618, 1171693
1603081210, 0, 352, 356, 250, 2, 3.99%, 0, 0, 3, 1909.94, 2618, 1196071
1603081215, 0, 353, 356, 249, 1, 3.99%, 0, 0, 3, 2086.28, 2618, 1206811
1603081225, 0, 355, 358, 250, 0, 3.99%, 0, 0, 4, 2187.23, 2618, 1228462
1603081235, 1, 11, 359, 250, 0, 3.99%, 0, 0, 4, 2139.13, 2618, 1250894
1603081240, 1, 18, 361, 251, 0, 3.99%, 0, 0, 4, 2230.03, 2618, 1262157
1603081245, 1, 55, 361, 250, 0, 3.99%, 0, 0, 4, 2249.29, 2618, 1273523
1603081260, 1, 55, 362, 251, 0, 3.99%, 0, 0, 4, 1503.58, 2618, 1295736
1603081266, 1, 55, 363, 252, 0, 3.99%, 0, 0, 4, 1965.98, 2618, 1306525
1603081271, 1, 89, 367, 255, 0, 3.99%, 0, 0, 4, 2177.13, 2618, 1318057
1603081276, 1, 94, 372, 260, 0, 3.99%, 0, 0, 4, 2232.41, 2618, 1329542
1603081281, 1, 114, 374, 260, 0, 3.99%, 0, 0, 4, 2273.87, 2618, 1341125
1603081286, 1, 116, 374, 259, 0, 3.99%, 0, 0, 4, 2228.94, 2618, 1352514
1603081291, 1, 127, 375, 259, 0, 3.99%, 0, 0, 4, 2186.71, 2618, 1363610
1603081296, 1, 131, 375, 258, 0, 3.99%, 0, 0, 4, 2210.34, 2618, 1374895
1603081302, 1, 134, 375, 256, 0, 3.99%, 0, 0, 4, 2206.51, 2618, 1386359
1603081307, 1, 137, 375, 255, 0, 3.99%, 0, 0, 4, 2232.01, 2618, 1397685
1603081312, 1, 143, 375, 254, 0, 3.99%, 0, 0, 4, 2231.04, 2618, 1409006
1603081317, 1, 145, 375, 253, 0, 3.99%, 0, 0, 4, 2252.82, 2618, 1420625
1603081322, 1, 165, 375, 252, 0, 3.99%, 0, 0, 4, 2211.21, 2618, 1431787
1603081327, 1, 172, 375, 251, 0, 3.99%, 0, 0, 4, 2188.81, 2618, 1442758
1603081332, 1, 176, 375, 250, 0, 3.99%, 0, 0, 4, 2203.46, 2618, 1454195
1603081337, 1, 178, 376, 250, 0, 3.99%, 0, 0, 4, 2290.43, 2618, 1465870
1603081342, 1, 196, 376, 249, 0, 3.99%, 0, 0, 4, 2242.87, 2618, 1477591
1603081347, 1, 200, 379, 251, 0, 3.99%, 0, 0, 4, 2172.86, 2618, 1488492
1603081352, 1, 204, 379, 249, 0, 3.99%, 0, 0, 4, 2238.48, 2618, 1499880
1603081358, 1, 210, 379, 248, 0, 3.99%, 0, 0, 4, 2318.27, 2618, 1511665
1603081363, 1, 367, 381, 248, 1, 3.99%, 0, 0, 4, 2239.27, 2618, 1523091
1603081373, 1, 367, 383, 250, 1, 3.99%, 0, 0, 4, 2237.62, 2618, 1545348
1603081378, 1, 382, 386, 251, 0, 3.99%, 0, 0, 4, 2296.26, 2618, 1557152
1603081403, 1, 382, 387, 252, 0, 3.99%, 0, 0, 4, 2140.49, 2618, 1610504
1603081408, 1, 382, 390, 255, 0, 3.99%, 0, 0, 4, 2166.67, 2618, 1621678
1603081414, 1, 383, 392, 256, 0, 3.99%, 0, 0, 4, 2220.29, 2618, 1633025
1603081424, 1, 383, 394, 258, 0, 3.99%, 0, 0, 4, 2221.25, 2618, 1655661
1603081429, 1, 386, 396, 259, 0, 3.99%, 0, 0, 4, 2250.19, 2618, 1667230
1603081460, 1, 389, 396, 258, 0, 3.99%, 0, 0, 4, 2152.77, 2618, 1732117
1603081495, 1, 390, 396, 257, 0, 3.99%, 0, 0, 4, 2086.98, 2618, 1806537
1603081521, 1, 390, 397, 258, 0, 3.99%, 0, 0, 5, 2037.90, 2618, 1857677
1603081531, 1, 390, 399, 260, 0, 3.99%, 0, 0, 5, 2071.96, 2618, 1878629
1603081536, 1, 394, 401, 261, 0, 3.99%, 0, 0, 5, 2156.71, 2618, 1889627
1603081541, 1, 394, 402, 262, 0, 3.99%, 0, 0, 5, 2106.27, 2618, 1900376
1603081567, 1, 394, 403, 263, 0, 3.99%, 0, 0, 5, 2105.45, 2618, 1953776
1603081572, 1, 396, 406, 265, 0, 3.99%, 0, 0, 6, 2164.80, 2618, 1964822
1603081603, 1, 399, 406, 264, 0, 3.99%, 0, 0, 6, 2105.79, 2618, 2029379
1603081643, 1, 399, 408, 266, 0, 3.99%, 0, 0, 6, 2097.41, 2618, 2111609
1603081648, 1, 401, 408, 265, 0, 3.99%, 0, 0, 6, 2047.92, 2618, 2122042
1603081684, 1, 407, 408, 264, 0, 3.99%, 0, 0, 6, 2118.73, 2618, 2197191
1603081699, 1, 407, 410, 266, 0, 3.99%, 0, 0, 7, 2233.83, 2618, 2230493
1603081704, 2, 6, 413, 268, 0, 3.99%, 0, 0, 7, 2197.84, 2618, 2241680
1603081709, 2, 21, 415, 269, 0, 3.99%, 0, 0, 7, 2212.16, 2618, 2253036
1603081715, 2, 22, 415, 268, 0, 3.99%, 0, 0, 7, 2120.74, 2618, 2263923
1603081720, 2, 22, 416, 269, 0, 4.00%, 0, 0, 7, 2089.77, 2622, 2274217
1603081725, 2, 415, 416, 267, 1, 4.00%, 0, 0, 7, 2250.99, 2622, 2286130
1603081735, 3, 20, 420, 270, 0, 4.00%, 0, 0, 7, 2271.11, 2622, 2309311
1603081740, 3, 42, 421, 270, 0, 4.00%, 0, 0, 7, 2233.18, 2622, 2320487
1603081745, 3, 57, 422, 270, 0, 4.00%, 0, 0, 7, 2236.26, 2622, 2331746
1603081751, 3, 67, 422, 269, 0, 4.00%, 0, 0, 7, 2249.83, 2622, 2343527
1603081756, 3, 67, 424, 271, 0, 4.00%, 0, 0, 7, 2275.84, 2622, 2355157
1603081761, 3, 88, 424, 269, 0, 4.00%, 0, 0, 7, 2247.63, 2622, 2366489
1603081766, 3, 91, 424, 268, 0, 4.00%, 0, 0, 7, 2250.78, 2622, 2377984
1603081771, 3, 93, 427, 270, 0, 4.00%, 0, 0, 7, 2287.24, 2622, 2389393
1603081776, 3, 107, 428, 270, 0, 4.00%, 0, 0, 7, 2336.94, 2622, 2401193
1603081781, 3, 109, 428, 269, 0, 4.00%, 0, 0, 7, 2236.64, 2622, 2412588
1603081786, 3, 123, 428, 267, 0, 4.00%, 0, 0, 7, 2205.09, 2622, 2423594
1603081791, 3, 144, 428, 266, 0, 4.00%, 0, 0, 7, 2213.30, 2622, 2435125
1603081796, 3, 159, 428, 265, 0, 4.00%, 0, 0, 7, 2222.63, 2622, 2446184
1603081801, 3, 161, 429, 265, 0, 4.00%, 0, 0, 7, 2274.91, 2622, 2457713
1603081806, 3, 163, 429, 264, 0, 4.00%, 0, 0, 7, 2249.25, 2622, 2469160
1603081811, 3, 164, 429, 263, 0, 4.00%, 0, 0, 7, 2189.79, 2622, 2480050
1603081816, 3, 168, 429, 262, 0, 4.00%, 0, 0, 7, 2196.67, 2622, 2491246
1603081821, 3, 174, 429, 261, 0, 4.00%, 0, 0, 7, 2288.19, 2622, 2502825
1603081827, 3, 183, 429, 260, 0, 4.00%, 0, 0, 7, 2259.77, 2622, 2514448
1603081832, 3, 188, 429, 259, 0, 4.00%, 0, 0, 7, 2182.16, 2622, 2525677
1603081837, 3, 192, 429, 257, 0, 4.00%, 0, 0, 7, 2246.55, 2622, 2537022
1603081842, 3, 194, 429, 256, 0, 4.00%, 0, 0, 7, 2311.57, 2622, 2548753
1603081847, 3, 195, 429, 255, 0, 4.00%, 0, 0, 7, 2325.44, 2622, 2560620
1603081852, 3, 199, 429, 254, 0, 4.00%, 0, 0, 7, 2304.36, 2622, 2572739
1603081857, 3, 209, 430, 254, 0, 4.00%, 0, 0, 7, 2297.37, 2622, 2584351
1603081862, 3, 218, 430, 252, 0, 4.00%, 0, 0, 7, 2303.11, 2622, 2596175
1603081873, 3, 220, 430, 251, 0, 4.00%, 0, 0, 7, 2288.16, 2622, 2619850
1603081883, 3, 223, 430, 250, 0, 4.00%, 0, 0, 7, 2221.88, 2622, 2642201
1603081893, 3, 235, 431, 250, 0, 4.00%, 0, 0, 7, 2209.40, 2622, 2664426
1603081903, 3, 246, 431, 248, 0, 4.00%, 0, 0, 7, 2260.74, 2622, 2687022
1603081913, 3, 247, 431, 247, 0, 4.00%, 0, 0, 7, 2156.30, 2622, 2709267
1603081918, 3, 254, 432, 247, 0, 4.00%, 0, 0, 7, 2199.58, 2622, 2720476
1603081923, 3, 258, 436, 250, 1, 4.00%, 0, 0, 7, 2197.88, 2623, 2731569
1603081933, 3, 349, 436, 249, 1, 4.00%, 0, 0, 7, 2223.23, 2623, 2753695
1603081938, 3, 349, 441, 254, 1, 4.00%, 0, 0, 7, 2323.09, 2623, 2765567
1603081943, 3, 373, 441, 253, 1, 4.00%, 0, 0, 7, 2184.14, 2623, 2776386
1603081954, 3, 430, 441, 252, 1, 4.00%, 0, 0, 7, 2196.53, 2623, 2798572
1603081964, 3, 432, 444, 254, 1, 4.00%, 0, 0, 7, 2217.21, 2623, 2820904
1603081969, 3, 441, 444, 253, 1, 4.00%, 0, 0, 7, 2251.00, 2623, 2832294
1603081974, 3, 442, 444, 252, 0, 4.00%, 0, 0, 7, 2320.87, 2623, 2844039
1603081979, 3, 442, 445, 253, 0, 4.00%, 0, 0, 7, 2206.30, 2623, 2854994
1603081984, 4, 36, 445, 252, 0, 4.00%, 0, 0, 7, 2267.36, 2623, 2866497
1603081989, 4, 52, 447, 253, 0, 4.00%, 0, 0, 7, 2320.69, 2623, 2878615
1603081994, 4, 76, 448, 252, 0, 4.00%, 0, 0, 7, 2299.58, 2623, 2890520
1603082000, 4, 81, 448, 252, 0, 4.00%, 0, 0, 7, 2242.30, 2623, 2902107
1603082005, 4, 115, 448, 250, 0, 4.00%, 0, 0, 7, 2292.90, 2623, 2914065
1603082010, 4, 130, 448, 248, 0, 4.00%, 0, 0, 7, 2295.48, 2623, 2925567
1603082015, 4, 138, 448, 247, 0, 4.00%, 0, 0, 7, 2341.13, 2623, 2937552
1603082020, 4, 155, 449, 247, 0, 4.00%, 0, 0, 7, 2217.09, 2623, 2948934
1603082025, 4, 158, 450, 247, 0, 4.00%, 0, 0, 7, 2177.54, 2623, 2959909
1603082030, 4, 162, 450, 245, 0, 4.00%, 0, 0, 7, 2313.22, 2623, 2971646
1603082035, 4, 179, 450, 243, 0, 4.00%, 0, 0, 7, 2300.47, 2623, 2983288
1603082040, 4, 190, 450, 242, 0, 4.00%, 0, 0, 7, 2291.12, 2623, 2994831
1603082045, 4, 214, 450, 241, 0, 4.00%, 0, 0, 7, 2309.44, 2623, 3006652
1603082056, 4, 232, 450, 239, 0, 4.00%, 0, 0, 7, 2166.94, 2623, 3029764
1603082061, 4, 261, 452, 240, 0, 4.00%, 0, 0, 7, 2149.02, 2623, 3040342
1603082066, 4, 262, 453, 240, 0, 4.00%, 0, 0, 7, 2258.70, 2623, 3051807
1603082071, 4, 272, 454, 240, 0, 4.00%, 0, 0, 7, 2278.78, 2623, 3063511
1603082076, 4, 276, 456, 241, 0, 4.00%, 0, 0, 7, 2244.23, 2623, 3074932
1603082086, 4, 324, 457, 240, 1, 4.00%, 0, 0, 7, 2212.34, 2623, 3097202
1603082096, 4, 324, 458, 241, 1, 4.00%, 0, 0, 7, 2158.51, 2623, 3119501
1603082101, 4, 456, 458, 240, 1, 4.00%, 0, 0, 7, 2176.51, 2623, 3130350
1603082106, 5, 0, 458, 239, 0, 4.00%, 0, 0, 7, 1717.88, 2623, 3139022
1603082122, 5, 8, 458, 238, 0, 4.00%, 0, 0, 7, 2009.53, 2623, 3165152
1603082127, 5, 15, 458, 237, 0, 4.00%, 0, 0, 7, 2143.14, 2623, 3176333
1603082132, 5, 40, 458, 236, 0, 4.00%, 0, 0, 7, 2210.47, 2623, 3187429
1603082137, 5, 56, 458, 236, 0, 4.00%, 0, 0, 7, 2276.37, 2623, 3198991
1603082142, 5, 445, 459, 235, 1, 4.00%, 0, 0, 7, 2329.83, 2623, 3210767
1603082147, 5, 447, 459, 234, 0, 4.00%, 0, 0, 7, 2155.93, 2623, 3221322
1603082183, 5, 447, 463, 238, 0, 4.00%, 0, 0, 7, 2115.74, 2623, 3297101
1603082188, 5, 449, 463, 237, 0, 4.00%, 0, 0, 7, 2144.46, 2623, 3308043
1603082193, 5, 449, 464, 238, 0, 4.00%, 0, 0, 7, 2286.69, 2623, 3319659
1603082198, 5, 461, 468, 241, 0, 4.00%, 0, 0, 7, 975.08, 2623, 3322894
1603082223, 5, 461, 469, 242, 0, 4.00%, 0, 0, 7, 459.26, 2623, 3334578
1603087671, 5, 461, 470, 243, 0, 4.00%, 0, 0, 7, 464.60, 2623, 5847505
1603090484, 5, 461, 473, 246, 0, 4.00%, 0, 0, 7, 617.53, 2623, 7194898
1603090499, 5, 461, 474, 247, 0, 4.00%, 0, 0, 7, 665.23, 2623, 7204897
1603090504, 5, 468, 474, 246, 0, 4.00%, 0, 0, 7, 799.42, 2623, 7208686
1603090697, 5, 468, 476, 248, 0, 4.00%, 0, 0, 7, 1896.96, 2623, 7542323
1603090702, 6, 19, 476, 247, 0, 4.00%, 0, 0, 7, 2026.81, 2623, 7552322
1603090708, 6, 32, 476, 247, 0, 4.00%, 0, 0, 7, 2129.60, 2623, 7563207
1603090713, 6, 56, 476, 245, 0, 4.00%, 0, 0, 7, 2260.38, 2623, 7574744
1603090718, 6, 106, 476, 245, 0, 4.00%, 0, 0, 7, 2298.98, 2623, 7586607
1603090723, 6, 116, 476, 243, 0, 4.00%, 0, 0, 7, 2274.54, 2623, 7597965
1603090728, 6, 125, 476, 242, 0, 4.00%, 0, 0, 7, 2271.71, 2623, 7609590
1603090733, 6, 150, 476, 241, 0, 4.00%, 0, 0, 7, 2262.97, 2623, 7621326
1603090738, 6, 152, 476, 240, 0, 4.00%, 0, 0, 7, 2198.46, 2623, 7632708
1603090743, 6, 173, 476, 239, 0, 4.00%, 0, 0, 7, 2200.02, 2623, 7644197
1603090749, 6, 175, 476, 238, 0, 4.00%, 0, 0, 7, 2170.31, 2623, 7655482
1603090754, 6, 215, 476, 236, 0, 4.00%, 0, 0, 7, 2204.88, 2623, 7666543
1603090759, 6, 217, 477, 236, 0, 4.00%, 0, 0, 7, 2279.01, 2623, 7677915
1603090769, 6, 226, 477, 235, 0, 4.00%, 0, 0, 7, 2309.05, 2623, 7701904
1603090779, 6, 227, 477, 234, 0, 4.00%, 0, 0, 7, 2198.18, 2623, 7724308
1603090789, 6, 228, 477, 233, 0, 4.00%, 0, 0, 7, 2236.55, 2623, 7747236
1603090794, 6, 231, 477, 232, 0, 4.00%, 0, 0, 7, 2166.49, 2623, 7758484
1603090800, 6, 237, 477, 231, 0, 4.00%, 0, 0, 7, 2179.33, 2623, 7769715
1603090805, 6, 242, 479, 231, 0, 4.00%, 0, 0, 7, 2249.35, 2623, 7781135
1603090810, 6, 244, 479, 230, 0, 4.00%, 0, 0, 7, 2148.58, 2623, 7791935
1603090815, 6, 253, 479, 229, 0, 4.00%, 0, 0, 7, 2206.50, 2623, 7802889
1603090820, 6, 255, 479, 228, 0, 4.00%, 0, 0, 7, 2201.93, 2623, 7814364
1603090825, 6, 256, 479, 227, 0, 4.00%, 0, 0, 7, 2163.96, 2623, 7825595
1603090830, 6, 268, 479, 226, 0, 4.00%, 0, 0, 7, 2201.65, 2623, 7836597
1603090835, 6, 275, 480, 226, 0, 4.00%, 0, 0, 7, 2182.67, 2623, 7847905
1603090840, 6, 285, 480, 225, 0, 4.00%, 0, 0, 7, 2213.19, 2623, 7859131
1603090845, 6, 296, 480, 224, 0, 4.00%, 0, 0, 7, 2269.74, 2623, 7870385
1603090850, 6, 297, 482, 225, 0, 4.00%, 0, 0, 7, 2222.89, 2623, 7881839
1603090855, 6, 304, 482, 224, 0, 4.00%, 0, 0, 7, 2067.49, 2623, 7892037
1603090871, 6, 305, 482, 223, 0, 4.00%, 0, 0, 7, 2194.90, 2623, 7924703
1603090896, 6, 307, 483, 223, 0, 4.00%, 0, 0, 7, 2119.51, 2623, 7978816
1603090917, 6, 311, 483, 222, 0, 4.00%, 0, 0, 7, 2146.46, 2623, 8021942
1603090937, 6, 316, 484, 221, 0, 4.00%, 0, 0, 7, 2243.00, 2623, 8066679
1603090942, 6, 395, 485, 221, 1, 4.01%, 0, 0, 7, 2225.15, 2625, 8077856
1603090957, 6, 395, 487, 223, 1, 4.01%, 0, 0, 7, 2226.88, 2625, 8110955
1603090962, 6, 397, 487, 222, 1, 4.01%, 0, 0, 7, 2030.59, 2625, 8121429
1603091013, 6, 484, 487, 221, 1, 4.01%, 0, 0, 7, 2060.04, 2625, 8219826
1603091023, 7, 25, 487, 220, 0, 4.01%, 0, 0, 7, 2242.61, 2625, 8242492
1603091028, 7, 47, 487, 219, 0, 4.01%, 0, 0, 7, 2302.62, 2625, 8254128
1603091033, 7, 90, 487, 219, 0, 4.01%, 0, 0, 7, 2249.16, 2625, 8265853
1603091038, 7, 118, 487, 218, 0, 4.01%, 0, 0, 7, 2207.48, 2625, 8276934
1603091044, 7, 121, 487, 217, 0, 4.01%, 0, 0, 7, 2228.43, 2625, 8288185
1603091049, 7, 156, 487, 216, 0, 4.01%, 0, 0, 7, 2239.54, 2625, 8299910
1603091054, 7, 170, 487, 215, 0, 4.01%, 0, 0, 7, 2164.90, 2625, 8310786
1603091059, 7, 177, 487, 213, 0, 4.01%, 0, 0, 7, 2237.33, 2625, 8322171
1603091064, 7, 184, 487, 212, 0, 4.01%, 0, 0, 7, 2279.57, 2625, 8333766
1603091069, 7, 201, 487, 211, 0, 4.01%, 0, 0, 7, 2253.13, 2625, 8345473
1603091074, 7, 203, 488, 211, 0, 4.01%, 0, 0, 7, 2202.48, 2625, 8356899
1603091079, 7, 222, 488, 210, 0, 4.01%, 0, 0, 7, 1828.83, 2625, 8366473
1603091095, 7, 231, 488, 209, 0, 4.01%, 0, 0, 7, 1732.02, 2625, 8389265
1603091100, 7, 240, 488, 208, 0, 4.01%, 0, 0, 7, 2136.81, 2625, 8400841
1603091105, 7, 241, 488, 207, 0, 4.01%, 0, 0, 7, 2209.45, 2625, 8412218
1603091110, 7, 245, 488, 206, 0, 4.01%, 0, 0, 7, 2167.10, 2625, 8423249
1603091115, 7, 248, 488, 205, 0, 4.01%, 0, 0, 7, 2124.00, 2625, 8434252
1603091120, 7, 250, 488, 204, 0, 4.01%, 0, 0, 7, 2138.37, 2625, 8444944
1603091130, 7, 266, 488, 203, 0, 4.01%, 0, 0, 7, 2180.44, 2625, 8466984
1603091135, 7, 278, 488, 202, 0, 4.01%, 0, 0, 7, 2210.17, 2625, 8478153
1603091141, 7, 287, 489, 202, 0, 4.01%, 0, 0, 7, 2236.41, 2625, 8489752
1603091146, 7, 289, 489, 201, 0, 4.01%, 0, 0, 7, 2212.04, 2625, 8500812
1603091151, 7, 294, 490, 201, 0, 4.01%, 0, 0, 7, 2109.76, 2625, 8511695
1603091161, 7, 299, 490, 200, 0, 4.01%, 0, 0, 7, 2178.44, 2625, 8533367
1603091166, 7, 301, 490, 199, 0, 4.01%, 0, 0, 7, 2137.73, 2625, 8544386
1603091187, 7, 302, 491, 199, 0, 4.01%, 0, 0, 7, 2167.38, 2625, 8588320
1603091207, 7, 303, 491, 198, 0, 4.01%, 0, 0, 7, 2149.51, 2625, 8632137
1603091222, 7, 306, 491, 197, 0, 4.01%, 0, 0, 7, 2126.97, 2625, 8665554
1603091243, 7, 310, 491, 196, 0, 4.01%, 0, 0, 7, 2152.37, 2625, 8708651
1603091258, 7, 319, 491, 195, 0, 4.01%, 0, 0, 7, 2209.22, 2625, 8742110
1603091268, 7, 325, 491, 194, 0, 4.01%, 0, 0, 7, 2156.42, 2625, 8763882
1603091278, 7, 332, 491, 193, 0, 4.01%, 0, 0, 7, 2209.98, 2625, 8786086
1603091289, 7, 336, 491, 192, 0, 4.01%, 0, 0, 7, 2193.56, 2625, 8808656
1603091294, 7, 341, 491, 191, 0, 4.01%, 0, 0, 7, 2220.81, 2625, 8819787
1603091299, 7, 345, 491, 190, 0, 4.01%, 0, 0, 7, 2121.71, 2625, 8830399
1603091304, 7, 347, 491, 189, 0, 4.01%, 0, 0, 7, 2210.50, 2625, 8841500
1603091309, 7, 351, 491, 188, 0, 4.01%, 0, 0, 7, 2252.23, 2625, 8852767
1603091319, 7, 357, 491, 187, 0, 4.01%, 0, 0, 7, 2280.20, 2625, 8875481
1603091329, 7, 368, 491, 186, 0, 4.01%, 0, 0, 7, 2211.95, 2625, 8898479
1603091344, 7, 369, 491, 185, 0, 4.01%, 0, 0, 7, 2209.51, 2625, 8931919
1603091354, 7, 372, 491, 184, 0, 4.01%, 0, 0, 7, 2165.36, 2625, 8954191
1603091370, 7, 393, 491, 183, 0, 4.01%, 0, 0, 7, 2120.63, 2625, 8987273
1603091390, 7, 400, 491, 182, 0, 4.01%, 0, 0, 7, 2173.10, 2625, 9030656
1603091405, 7, 402, 491, 181, 0, 4.01%, 0, 0, 7, 2132.12, 2625, 9063816
1603091446, 7, 402, 492, 182, 0, 4.01%, 0, 0, 7, 2105.63, 2625, 9145578
1603091451, 7, 404, 492, 181, 0, 4.01%, 0, 0, 7, 1997.09, 2625, 9155610
1603091482, 7, 405, 492, 180, 0, 4.01%, 0, 0, 7, 2073.18, 2625, 9217939
1603091512, 7, 411, 492, 179, 0, 4.01%, 0, 0, 7, 2112.69, 2625, 9280775
1603091543, 7, 416, 492, 178, 0, 4.01%, 0, 0, 7, 2119.96, 2625, 9344754
1603091671, 7, 431, 492, 177, 0, 4.01%, 0, 0, 7, 2001.74, 2625, 9556218
1603091676, 7, 437, 493, 177, 0, 4.01%, 0, 0, 7, 2185.37, 2625, 9567695
1603091681, 7, 441, 493, 176, 0, 4.01%, 0, 0, 7, 2249.18, 2625, 9579495
1603091686, 7, 444, 493, 176, 0, 4.01%, 0, 0, 7, 2064.77, 2625, 9589820
1603091691, 7, 454, 493, 175, 0, 4.01%, 0, 0, 7, 1983.82, 2625, 9599951
1603091762, 7, 454, 494, 176, 0, 4.01%, 0, 0, 7, 1722.47, 2625, 9719757
1603091798, 7, 455, 496, 177, 0, 4.01%, 0, 0, 7, 2177.21, 2625, 9785882
1603091803, 7, 458, 496, 176, 0, 4.01%, 0, 0, 7, 2142.46, 2625, 9796822
1603091849, 7, 459, 496, 175, 0, 4.01%, 0, 0, 7, 1758.97, 2625, 9889853
1603092063, 7, 463, 499, 177, 0, 4.01%, 0, 0, 7, 2036.51, 2625, 10249132
1603092069, 7, 469, 499, 176, 0, 4.01%, 0, 0, 7, 2025.85, 2625, 10259921
1603098167, 7, 469, 500, 177, 0, 4.01%, 0, 0, 7, 618.59, 2625, 13162957
1603098177, 7, 476, 500, 176, 0, 4.01%, 0, 0, 7, 1668.62, 2625, 13174599
1603098182, 7, 476, 502, 178, 0, 4.01%, 0, 0, 7, 2203.76, 2625, 13186776
1603098187, 7, 482, 502, 177, 0, 4.01%, 0, 0, 7, 2209.08, 2625, 13197888
1603098208, 7, 489, 502, 176, 0, 4.01%, 0, 0, 7, 2250.43, 2625, 13244502
1603098218, 7, 489, 503, 177, 0, 4.01%, 0, 0, 7, 2282.57, 2625, 13267520
1603098223, 8, 16, 503, 176, 0, 4.01%, 0, 0, 7, 2352.74, 2625, 13279518
1603098228, 8, 57, 503, 175, 0, 4.01%, 0, 0, 7, 2395.06, 2625, 13291677
1603098233, 8, 104, 503, 175, 0, 4.01%, 0, 0, 7, 2326.57, 2625, 13303311
1603098238, 8, 123, 503, 173, 0, 4.01%, 0, 0, 7, 2360.64, 2625, 13315206
1603098243, 8, 140, 503, 172, 0, 4.01%, 0, 0, 7, 2294.74, 2625, 13326833
1603098248, 8, 157, 503, 171, 0, 4.01%, 0, 0, 7, 2329.87, 2625, 13338659
1603098253, 8, 186, 503, 170, 0, 4.01%, 0, 0, 7, 2328.85, 2625, 13350432
1603098258, 8, 219, 504, 171, 0, 4.01%, 0, 0, 7, 2336.55, 2625, 13362369
1603098269, 8, 249, 504, 170, 0, 4.01%, 0, 0, 7, 2227.18, 2625, 13385924
1603098279, 8, 259, 504, 169, 0, 4.01%, 0, 0, 7, 2250.94, 2625, 13409030
1603098289, 8, 295, 504, 167, 0, 4.01%, 0, 0, 7, 2302.92, 2625, 13432208
1603098294, 8, 298, 504, 166, 0, 4.01%, 0, 0, 7, 2351.41, 2625, 13444200
1603098299, 8, 300, 505, 166, 0, 4.01%, 0, 0, 7, 2346.70, 2625, 13456505
1603098320, 8, 309, 505, 165, 0, 4.01%, 0, 0, 7, 2269.69, 2625, 13502608
1603098345, 8, 318, 505, 164, 0, 4.01%, 0, 0, 7, 2191.76, 2625, 13556423
1603098355, 8, 327, 505, 163, 0, 4.01%, 0, 0, 7, 2255.32, 2625, 13579715
1603098366, 8, 329, 505, 162, 0, 4.01%, 0, 0, 7, 2265.28, 2625, 13602899
1603098371, 8, 331, 505, 161, 0, 4.01%, 0, 0, 7, 2290.34, 2625, 13614622
1603098381, 8, 335, 505, 159, 0, 4.01%, 0, 0, 7, 2298.06, 2625, 13637875
1603098386, 8, 361, 506, 159, 0, 4.01%, 0, 0, 7, 2291.49, 2625, 13649525
1603098401, 8, 363, 506, 158, 0, 4.01%, 0, 0, 7, 2232.81, 2625, 13683006
1603098416, 8, 374, 507, 158, 0, 4.01%, 0, 0, 7, 2272.74, 2625, 13716928
1603098421, 8, 374, 508, 159, 0, 4.01%, 0, 0, 7, 2317.90, 2625, 13728803
1603098427, 8, 376, 508, 157, 0, 4.01%, 0, 0, 7, 2298.16, 2625, 13740729
1603098432, 8, 379, 508, 156, 0, 4.01%, 0, 0, 7, 2303.94, 2625, 13752553
1603098442, 8, 391, 508, 155, 0, 4.01%, 0, 0, 7, 2295.77, 2625, 13775679
1603098452, 8, 408, 508, 154, 0, 4.01%, 0, 0, 7, 2293.93, 2625, 13799154
1603098462, 8, 412, 508, 153, 0, 4.01%, 0, 0, 7, 2202.58, 2625, 13822210
1603098503, 8, 414, 508, 152, 0, 4.01%, 0, 0, 7, 2217.46, 2625, 13910361
1603098544, 8, 417, 508, 151, 0, 4.01%, 0, 0, 7, 2239.02, 2625, 14002331
1603098590, 8, 418, 508, 150, 0, 4.01%, 0, 0, 7, 1712.57, 2625, 14099398
1603098763, 8, 419, 508, 149, 0, 4.01%, 0, 0, 7, 1551.32, 2625, 14365356
1603099826, 8, 428, 508, 148, 0, 4.01%, 0, 0, 7, 1798.91, 2625, 15551684
1603099831, 8, 433, 508, 147, 0, 4.01%, 0, 0, 7, 2235.68, 2625, 15563836
1603099836, 8, 436, 509, 147, 0, 4.01%, 0, 0, 7, 2151.39, 2625, 15574860
1603099912, 8, 438, 509, 146, 0, 4.01%, 0, 0, 7, 1794.75, 2625, 15715733
1603100980, 8, 452, 509, 145, 0, 4.01%, 0, 0, 7, 1856.46, 2625, 17212875
1603101221, 8, 452, 510, 146, 0, 4.01%, 0, 0, 7, 2150.39, 2625, 17729288
1603101287, 8, 457, 510, 145, 0, 4.01%, 0, 0, 7, 1923.85, 2625, 17866231
1603101501, 8, 460, 510, 144, 0, 4.01%, 0, 0, 7, 2047.58, 2625, 18258039
1603101537, 8, 470, 510, 143, 0, 4.01%, 0, 0, 7, 1793.39, 2625, 18333109
1603101756, 8, 475, 510, 142, 0, 4.01%, 0, 0, 7, 2081.05, 2625, 18708743
1603101817, 8, 477, 510, 141, 0, 4.01%, 0, 0, 7, 2255.23, 2625, 18841587
1603101822, 8, 480, 512, 142, 0, 4.01%, 0, 0, 7, 2312.20, 2625, 18853361
1603101827, 8, 487, 512, 141, 0, 4.01%, 0, 0, 7, 2259.96, 2625, 18864878
1603101832, 8, 490, 512, 140, 0, 4.01%, 0, 0, 7, 2266.73, 2625, 18876093
1603101837, 8, 490, 513, 141, 0, 4.01%, 0, 0, 7, 2230.17, 2625, 18887486
1603101857, 8, 492, 513, 140, 0, 4.01%, 0, 0, 7, 2323.42, 2625, 18933649
1603101862, 8, 492, 514, 141, 0, 4.01%, 0, 0, 7, 2352.81, 2625, 18945695
1603101867, 8, 494, 514, 140, 0, 4.01%, 0, 0, 7, 2352.20, 2625, 18957749
1603101873, 8, 497, 514, 139, 0, 4.01%, 0, 0, 7, 2351.20, 2625, 18969729
1603101878, 8, 500, 514, 138, 0, 4.01%, 0, 0, 7, 2350.72, 2625, 18981633
1603101888, 8, 500, 515, 139, 0, 4.01%, 0, 0, 7, 2337.71, 2625, 19005317
1603101893, 8, 504, 515, 138, 0, 4.01%, 0, 0, 7, 2334.01, 2625, 19017196
1603101898, 8, 515, 516, 138, 1, 4.01%, 0, 0, 7, 2369.99, 2625, 19029384
1603101903, 8, 515, 517, 139, 1, 4.01%, 0, 0, 7, 2377.46, 2625, 19041358
1603101908, 8, 518, 519, 140, 1, 4.01%, 0, 0, 7, 2333.68, 2625, 19053254
1603101913, 8, 518, 521, 142, 1, 4.01%, 0, 0, 7, 2381.75, 2625, 19065541
1603101918, 9, 39, 521, 141, 0, 4.01%, 0, 0, 7, 2374.33, 2625, 19077371
1603101923, 9, 84, 521, 140, 0, 4.01%, 0, 0, 7, 2369.56, 2625, 19089338
1603101928, 9, 119, 521, 140, 0, 4.01%, 0, 0, 7, 2400.33, 2625, 19101434
1603101934, 9, 142, 521, 139, 0, 4.01%, 0, 0, 7, 2310.09, 2625, 19113438
1603101939, 9, 193, 521, 138, 0, 4.01%, 0, 0, 7, 2372.75, 2625, 19125492
1603101944, 9, 236, 521, 136, 0, 4.01%, 0, 0, 7, 2316.06, 2625, 19137306
1603101949, 9, 252, 521, 135, 0, 4.01%, 0, 0, 7, 2248.82, 2625, 19148410
1603101954, 9, 267, 521, 135, 0, 4.01%, 0, 0, 7, 2311.13, 2625, 19160128
1603101959, 9, 282, 521, 133, 0, 4.01%, 0, 0, 7, 2333.68, 2625, 19171851
1603101964, 9, 313, 521, 133, 0, 4.01%, 0, 0, 7, 2317.89, 2625, 19183890
1603101969, 9, 315, 521, 132, 0, 4.01%, 0, 0, 7, 2341.40, 2625, 19195872
1603101974, 9, 322, 521, 131, 0, 4.01%, 0, 0, 7, 2290.92, 2625, 19207352
1603101984, 9, 339, 521, 130, 0, 4.01%, 0, 0, 7, 2349.32, 2625, 19230314
1603101989, 9, 340, 521, 129, 0, 4.01%, 0, 0, 7, 2242.95, 2625, 19241544
1603101994, 9, 362, 521, 128, 0, 4.01%, 0, 0, 7, 2170.44, 2625, 19252771
1603102004, 9, 364, 521, 127, 0, 4.01%, 0, 0, 7, 2156.51, 2625, 19274392
1603102030, 9, 403, 521, 126, 0, 4.01%, 0, 0, 7, 2128.29, 2625, 19328522
1603102076, 9, 403, 522, 127, 0, 4.01%, 0, 0, 7, 2101.75, 2625, 19421368
1603102081, 9, 410, 523, 127, 0, 4.01%, 0, 0, 7, 2187.63, 2625, 19432564
1603102091, 9, 424, 523, 126, 0, 4.01%, 0, 0, 7, 2207.66, 2625, 19455380
1603102173, 9, 440, 523, 125, 0, 4.01%, 0, 0, 7, 1580.66, 2625, 19595797
1603104243, 9, 466, 523, 124, 0, 4.01%, 0, 0, 7, 764.39, 2625, 22308456
1603112536, 9, 479, 523, 123, 0, 4.01%, 0, 0, 7, 948.30, 2625, 26182924
1603112552, 9, 485, 523, 122, 0, 4.01%, 0, 0, 7, 2095.89, 2625, 26216633
1603112598, 9, 495, 523, 121, 0, 4.01%, 0, 0, 7, 2104.71, 2625, 26308198
1603112603, 9, 495, 524, 122, 0, 4.01%, 0, 0, 7, 2223.71, 2625, 26319634
1603112608, 9, 509, 524, 121, 0, 4.01%, 0, 0, 7, 2012.39, 2625, 26330269
1603112904, 9, 519, 524, 120, 0, 4.01%, 0, 0, 7, 1741.83, 2625, 26818134
1603113444, 9, 519, 525, 121, 0, 4.01%, 0, 0, 7, 1668.39, 2625, 27666269
1603113454, 9, 521, 525, 120, 0, 4.01%, 0, 0, 7, 1603.02, 2625, 27683287
1603113668, 9, 521, 526, 121, 0, 4.01%, 0, 0, 7, 1621.63, 2625, 28000365
1603113714, 9, 521, 527, 122, 0, 4.01%, 0, 0, 7, 1853.95, 2625, 28072657
1603113719, 9, 523, 527, 121, 0, 4.01%, 0, 0, 7, 2088.59, 2625, 28083349
1603113724, 9, 523, 528, 122, 0, 4.01%, 0, 0, 7, 2214.91, 2625, 28094629
1603113729, 9, 525, 528, 121, 0, 4.01%, 0, 0, 7, 2112.30, 2625, 28105494
1603113969, 10, 57, 528, 120, 0, 4.01%, 0, 0, 7, 2173.62, 2625, 28469557
1603113974, 10, 106, 528, 120, 0, 4.01%, 0, 0, 7, 2179.45, 2625, 28480560
1603113979, 10, 146, 528, 120, 0, 4.01%, 0, 0, 7, 2144.44, 2625, 28491345
1603113984, 10, 230, 528, 119, 0, 4.01%, 0, 0, 7, 2156.25, 2625, 28502344
1603113989, 10, 234, 528, 118, 0, 4.01%, 0, 0, 7, 2102.14, 2625, 28512972
1603113999, 10, 270, 528, 117, 0, 4.01%, 0, 0, 7, 2166.88, 2625, 28535226
1603114004, 10, 277, 528, 116, 0, 4.01%, 0, 0, 7, 2181.83, 2625, 28546272
1603114009, 10, 286, 528, 115, 0, 4.01%, 0, 0, 7, 2128.11, 2625, 28557049
1603114015, 10, 291, 528, 114, 0, 4.01%, 0, 0, 7, 2116.36, 2625, 28568024
1603114020, 10, 298, 528, 112, 0, 4.01%, 0, 0, 7, 2165.97, 2625, 28578925
1603114025, 10, 314, 528, 112, 0, 4.01%, 0, 0, 7, 2167.63, 2625, 28590172
1603114030, 10, 320, 528, 111, 0, 4.01%, 0, 0, 7, 2201.87, 2625, 28601435
1603114040, 10, 321, 528, 110, 0, 4.01%, 0, 0, 7, 2198.66, 2625, 28623503
1603114050, 10, 337, 529, 110, 0, 4.01%, 0, 0, 7, 2133.67, 2625, 28645552
1603114056, 10, 338, 529, 109, 0, 4.01%, 0, 0, 7, 2178.76, 2625, 28656575
1603114061, 10, 350, 530, 109, 0, 4.01%, 0, 0, 7, 2225.34, 2625, 28667979
1603114066, 10, 356, 530, 108, 0, 4.01%, 0, 0, 7, 2246.96, 2625, 28679251
1603114071, 10, 371, 530, 107, 0, 4.01%, 0, 0, 7, 2233.80, 2625, 28690590
1603114086, 10, 409, 530, 106, 0, 4.01%, 0, 0, 7, 2223.24, 2625, 28723763
1603114091, 10, 421, 530, 105, 0, 4.01%, 0, 0, 7, 2229.49, 2625, 28735251
1603114209, 10, 427, 530, 104, 0, 4.01%, 0, 0, 7, 1940.70, 2625, 28923902
1603114260, 10, 429, 530, 103, 0, 4.01%, 0, 0, 7, 1969.73, 2625, 29028360
1603114417, 10, 441, 530, 102, 0, 4.01%, 0, 0, 7, 1780.29, 2625, 29304033
1603114422, 10, 450, 530, 102, 0, 4.01%, 0, 0, 7, 1724.64, 2625, 29312983
1603114524, 10, 462, 530, 101, 0, 4.01%, 0, 0, 7, 1772.88, 2625, 29492996
1603114709, 10, 464, 530, 100, 0, 4.01%, 0, 0, 7, 1954.31, 2625, 29814668
1603114719, 10, 465, 530, 99, 0, 4.01%, 0, 0, 7, 1049.63, 2625, 29830490
1603123100, 10, 503, 530, 98, 0, 4.01%, 0, 0, 7, 1692.38, 2625, 33711540
1603123151, 10, 505, 530, 97, 0, 4.01%, 0, 0, 7, 2160.42, 2625, 33821789
1603123161, 10, 516, 533, 99, 0, 4.01%, 0, 0, 7, 2254.51, 2625, 33844705
1603123166, 10, 516, 534, 100, 0, 4.01%, 0, 0, 7, 2263.97, 2625, 33856191
1603123171, 10, 520, 534, 99, 0, 4.01%, 0, 0, 7, 2295.57, 2625, 33867998
1603123181, 10, 524, 534, 98, 0, 4.01%, 0, 0, 7, 1707.41, 2625, 33887856
1603124210, 10, 528, 534, 97, 0, 4.01%, 0, 0, 7, 1830.57, 2625, 35331284
1603124220, 10, 529, 534, 96, 0, 4.01%, 0, 0, 7, 2251.32, 2625, 35354040
1603124230, 10, 533, 536, 97, 0, 4.01%, 0, 0, 7, 2180.53, 2625, 35376337
1603124240, 10, 533, 538, 99, 0, 4.01%, 0, 0, 7, 2279.62, 2625, 35399216
1603124245, 10, 535, 539, 99, 0, 4.01%, 0, 0, 8, 2173.76, 2625, 35410336
1603124255, 10, 536, 539, 98, 0, 4.01%, 0, 0, 8, 2206.70, 2625, 35432351
1603124271, 11, 26, 539, 97, 0, 4.01%, 0, 0, 8, 2287.15, 2625, 35466573
1603124276, 11, 64, 539, 97, 0, 4.01%, 0, 0, 8, 1902.69, 2625, 35476394
1603124291, 11, 75, 539, 96, 0, 4.01%, 0, 0, 8, 1877.88, 2625, 35500770
1603124296, 11, 110, 539, 96, 0, 4.01%, 0, 0, 8, 2268.81, 2625, 35512969
1603124301, 11, 167, 539, 95, 0, 4.01%, 0, 0, 8, 2306.66, 2625, 35525038
1603124306, 11, 211, 539, 94, 0, 4.01%, 0, 0, 8, 2294.90, 2625, 35537002
1603124311, 11, 224, 539, 93, 0, 4.01%, 0, 0, 8, 2254.84, 2625, 35548717
1603124322, 11, 257, 539, 92, 0, 4.01%, 0, 0, 8, 2163.13, 2625, 35570982
1603124327, 11, 263, 539, 91, 0, 4.01%, 0, 0, 8, 2230.26, 2625, 35582336
1603124332, 11, 359, 539, 91, 0, 4.01%, 0, 0, 8, 2268.47, 2625, 35593830
1603124342, 11, 381, 539, 90, 0, 4.01%, 0, 0, 8, 2255.65, 2625, 35616686
1603124362, 11, 406, 539, 89, 0, 4.01%, 0, 0, 8, 2129.39, 2625, 35661527
1603124388, 11, 422, 539, 88, 0, 4.01%, 0, 0, 8, 1874.53, 2625, 35715376
1603124520, 11, 435, 539, 87, 0, 4.01%, 0, 0, 8, 2044.62, 2625, 35946721
1603124525, 11, 446, 539, 86, 0, 4.01%, 0, 0, 8, 2191.85, 2625, 35958313
1603124566, 11, 493, 539, 85, 0, 4.01%, 0, 0, 8, 2190.85, 2625, 36044960
1603124648, 11, 496, 539, 84, 0, 4.01%, 0, 0, 8, 2227.40, 2625, 36223305
1603124658, 11, 499, 539, 83, 0, 4.01%, 0, 0, 8, 1271.06, 2625, 36240853
1603126811, 11, 499, 540, 84, 0, 4.01%, 0, 0, 8, 1120.09, 2625, 37875164
1603126816, 11, 505, 540, 83, 0, 4.01%, 0, 0, 8, 1561.60, 2625, 37882588
1603126821, 11, 506, 540, 83, 0, 4.01%, 0, 0, 8, 991.84, 2625, 37887120
1603128696, 11, 507, 540, 82, 0, 4.01%, 0, 0, 8, 1048.99, 2625, 39440460
1603128706, 11, 510, 540, 81, 0, 4.01%, 0, 0, 8, 2080.46, 2625, 39461994
1603128711, 11, 513, 540, 80, 0, 4.01%, 0, 0, 8, 2204.33, 2625, 39473114
1603128721, 11, 513, 541, 81, 0, 4.01%, 0, 0, 8, 2190.56, 2625, 39495423
1603128726, 11, 541, 542, 81, 1, 4.01%, 0, 0, 8, 2165.59, 2625, 39506578
1603128742, 11, 541, 544, 83, 1, 4.01%, 0, 0, 8, 2110.16, 2625, 39538738
1603128747, 12, 28, 544, 82, 0, 4.01%, 0, 0, 8, 2145.92, 2625, 39549432
1603128752, 12, 35, 544, 81, 0, 4.01%, 0, 0, 8, 2180.35, 2625, 39560550
1603128757, 12, 79, 544, 81, 0, 4.01%, 0, 0, 8, 2186.61, 2625, 39571513
1603128762, 12, 153, 544, 81, 0, 4.01%, 0, 0, 8, 2226.40, 2625, 39582752
1603128767, 12, 204, 544, 80, 0, 4.01%, 0, 0, 8, 2187.88, 2625, 39593599
1603128772, 12, 221, 544, 80, 0, 4.01%, 0, 0, 8, 2051.32, 2625, 39604144
1603128782, 12, 251, 544, 79, 0, 4.01%, 0, 0, 8, 2125.48, 2625, 39625652
1603128787, 12, 260, 544, 78, 0, 4.01%, 0, 0, 8, 2189.23, 2625, 39636763
1603128792, 12, 265, 544, 77, 0, 4.01%, 0, 0, 8, 2196.06, 2625, 39648181
1603128798, 12, 354, 544, 76, 0, 4.01%, 0, 0, 8, 2188.08, 2625, 39659251
1603128803, 12, 358, 544, 75, 0, 4.01%, 0, 0, 8, 2176.22, 2625, 39670293
1603128818, 12, 378, 544, 74, 0, 4.01%, 0, 0, 8, 2230.70, 2625, 39703572
1603128823, 12, 425, 544, 73, 0, 4.01%, 0, 0, 8, 2223.38, 2625, 39715192
1603128843, 12, 443, 545, 73, 0, 4.01%, 0, 0, 8, 2191.35, 2625, 39759917
1603128854, 12, 472, 545, 72, 0, 4.01%, 0, 0, 8, 947.24, 2625, 39774591
1603135773, 12, 473, 545, 71, 0, 4.01%, 0, 0, 8, 912.02, 2625, 42668186
1603135925, 12, 486, 545, 70, 0, 4.01%, 0, 0, 8, 1697.42, 2625, 42933978
1603136472, 12, 502, 545, 69, 0, 4.01%, 0, 0, 8, 1807.00, 2625, 43708235
1603136482, 12, 502, 546, 70, 0, 4.01%, 0, 0, 8, 2187.51, 2625, 43730497
1603136487, 12, 508, 546, 69, 0, 4.01%, 0, 0, 8, 2189.24, 2625, 43741640
1603136492, 12, 508, 547, 70, 0, 4.01%, 0, 0, 8, 2258.24, 2625, 43753061
1603136497, 12, 526, 547, 69, 0, 4.01%, 0, 0, 8, 1575.67, 2625, 43761381
1603137576, 12, 541, 547, 68, 0, 4.01%, 0, 0, 8, 1545.09, 2625, 44801110
1603137581, 13, 66, 547, 68, 0, 4.01%, 0, 0, 8, 2182.40, 2625, 44813318
1603137586, 13, 139, 547, 68, 0, 4.01%, 0, 0, 8, 2313.15, 2625, 44825363
1603137591, 13, 180, 547, 67, 0, 4.01%, 0, 0, 8, 2257.06, 2625, 44836875
1603137597, 13, 225, 547, 66, 0, 4.01%, 0, 0, 8, 2291.11, 2625, 44848320
1603137602, 13, 279, 547, 66, 0, 4.01%, 0, 0, 8, 2329.10, 2625, 44860127
1603137607, 13, 288, 547, 65, 0, 4.01%, 0, 0, 8, 2284.30, 2625, 44871749
1603137612, 13, 308, 547, 64, 0, 4.01%, 0, 0, 8, 2151.09, 2625, 44882812
1603137632, 13, 384, 547, 63, 0, 4.01%, 0, 0, 8, 2191.32, 2625, 44926952
1603137663, 13, 423, 547, 62, 0, 4.01%, 0, 0, 8, 2094.43, 2625, 44993652
1603137693, 13, 439, 547, 61, 0, 4.01%, 0, 0, 8, 2163.70, 2625, 45054951
1603137699, 13, 453, 547, 60, 0, 4.01%, 0, 0, 8, 2106.82, 2625, 45066026
1603137709, 13, 474, 547, 59, 0, 4.01%, 0, 0, 8, 1823.49, 2625, 45086234
1603137893, 13, 491, 547, 58, 0, 4.01%, 0, 0, 8, 1790.18, 2625, 45383442
1603138055, 13, 498, 547, 57, 0, 4.01%, 0, 0, 8, 2064.50, 2625, 45651111
1603138060, 13, 514, 547, 56, 0, 4.01%, 0, 0, 8, 2179.16, 2625, 45662271
1603138075, 13, 514, 548, 57, 0, 4.01%, 0, 0, 8, 2174.60, 2625, 45694722
1603138080, 13, 522, 549, 57, 0, 4.01%, 0, 0, 8, 2226.03, 2625, 45706027
1603138091, 13, 527, 549, 56, 0, 4.01%, 0, 0, 8, 2159.11, 2625, 45728642
1603138106, 13, 531, 549, 55, 0, 4.01%, 0, 0, 8, 2175.96, 2625, 45761358
1603138111, 13, 538, 549, 54, 0, 4.01%, 0, 0, 8, 2194.00, 2625, 45772725
1603138126, 13, 548, 549, 53, 0, 4.01%, 0, 0, 8, 1936.66, 2625, 45804191
1603138152, 13, 548, 551, 55, 0, 4.01%, 0, 0, 8, 2109.29, 2625, 45855126
1603138157, 13, 549, 551, 54, 0, 4.01%, 0, 0, 8, 2020.21, 2625, 45865579
1603138192, 13, 550, 552, 54, 0, 4.01%, 0, 0, 8, 1934.59, 2625, 45933654
1603138264, 13, 550, 557, 59, 0, 4.01%, 0, 0, 8, 1852.86, 2625, 46055376
1603138274, 13, 552, 557, 58, 0, 4.01%, 0, 0, 8, 1716.16, 2625, 46074416
1603138356, 13, 554, 557, 57, 0, 4.01%, 0, 0, 8, 1696.01, 2625, 46210283
1603138529, 13, 555, 557, 56, 0, 4.01%, 0, 0, 8, 1507.54, 2625, 46448131
1603138692, 13, 555, 559, 58, 0, 4.01%, 0, 0, 9, 1591.84, 2625, 46676949
1603138702, 14, 47, 560, 58, 0, 4.01%, 0, 0, 9, 2175.84, 2625, 46698250
1603138707, 14, 99, 560, 58, 0, 4.01%, 0, 0, 9, 2243.36, 2625, 46709577
1603138712, 14, 147, 560, 58, 0, 4.01%, 0, 0, 9, 2245.90, 2625, 46721285
1603138717, 14, 169, 560, 57, 0, 4.01%, 0, 0, 9, 2211.33, 2625, 46732768
1603138723, 14, 299, 560, 56, 0, 4.01%, 0, 0, 9, 2269.73, 2625, 46744655
1603138728, 14, 352, 560, 55, 0, 4.01%, 0, 0, 9, 2174.87, 2625, 46755674
1603138733, 14, 366, 560, 55, 0, 4.01%, 0, 0, 9, 2110.17, 2625, 46766400
1603138748, 14, 370, 560, 54, 0, 4.01%, 0, 0, 9, 2136.43, 2625, 46799322
1603138763, 14, 448, 560, 53, 0, 4.01%, 0, 0, 9, 2189.13, 2625, 46832515
1603138768, 14, 451, 560, 52, 0, 4.01%, 0, 0, 9, 2230.24, 2625, 46843893
1603138779, 14, 471, 560, 51, 0, 4.01%, 0, 0, 9, 1029.17, 2625, 46859664
1603144591, 14, 512, 560, 50, 0, 4.01%, 0, 0, 9, 1645.88, 2625, 49883101
1603144612, 14, 512, 563, 53, 0, 4.01%, 0, 0, 9, 2240.82, 2625, 49928217
1603144617, 14, 516, 564, 53, 0, 4.01%, 0, 0, 9, 2272.85, 2625, 49939854
1603144622, 14, 534, 564, 53, 0, 4.01%, 0, 0, 9, 2134.76, 2625, 49950709
1603144632, 14, 534, 565, 54, 0, 4.01%, 0, 0, 9, 2240.34, 2625, 49973018
1603144637, 14, 545, 565, 53, 0, 4.01%, 0, 0, 9, 2254.38, 2625, 49984534
1603144642, 14, 545, 566, 54, 0, 4.01%, 0, 0, 9, 2200.40, 2625, 49995807
1603144653, 14, 545, 567, 55, 0, 4.01%, 0, 0, 9, 2241.54, 2625, 50018153
1603144658, 14, 556, 567, 54, 0, 4.01%, 0, 0, 9, 1635.21, 2625, 50026645
1603144927, 14, 556, 568, 55, 0, 4.01%, 0, 0, 9, 1580.98, 2625, 50360656
1603144933, 14, 559, 568, 54, 0, 4.01%, 0, 0, 9, 1749.78, 2625, 50370112
1603145354, 14, 559, 569, 55, 0, 4.01%, 0, 0, 10, 1255.10, 2625, 50818840
1603145359, 14, 559, 570, 56, 0, 4.01%, 0, 0, 10, 1589.11, 2625, 50827256
1603145364, 15, 29, 570, 55, 0, 4.01%, 0, 0, 10, 1929.76, 2625, 50836800
1603145369, 15, 78, 570, 55, 0, 4.01%, 0, 0, 10, 2136.11, 2625, 50847840
1603145374, 15, 148, 570, 54, 0, 4.01%, 0, 0, 10, 2254.02, 2625, 50859200
1603145379, 15, 233, 570, 54, 0, 4.01%, 0, 0, 10, 2209.07, 2625, 50870791
1603145384, 15, 275, 570, 53, 0, 4.01%, 0, 0, 10, 2174.22, 2625, 50881978
1603145389, 15, 328, 570, 53, 0, 4.01%, 0, 0, 10, 2161.29, 2625, 50892778
1603145395, 15, 333, 570, 52, 0, 4.01%, 0, 0, 10, 2212.87, 2625, 50904002
1603145400, 15, 388, 570, 51, 0, 4.01%, 0, 0, 10, 2174.55, 2625, 50915435
1603145435, 15, 474, 570, 50, 0, 4.01%, 0, 0, 10, 1800.17, 2625, 50988497
1603145441, 15, 522, 570, 50, 0, 4.01%, 0, 0, 10, 2145.83, 2625, 50999800
1603145446, 15, 539, 570, 50, 0, 4.01%, 0, 0, 10, 1124.75, 2625, 51004860
1603149625, 15, 541, 570, 49, 0, 4.01%, 0, 0, 10, 1013.44, 2625, 53533001
1603149630, 15, 553, 570, 49, 0, 4.01%, 0, 0, 10, 1345.00, 2625, 53540676
1603149769, 15, 568, 570, 48, 0, 4.01%, 0, 0, 10, 1251.37, 2625, 53744834
1603151130, 16, 26, 570, 47, 0, 4.01%, 0, 0, 10, 1961.18, 2625, 54680234
1603151135, 16, 43, 570, 47, 0, 4.01%, 0, 0, 10, 2285.69, 2625, 54692440
1603151140, 16, 64, 570, 47, 0, 4.01%, 0, 0, 10, 2194.97, 2625, 54703622
1603151145, 16, 79, 570, 47, 0, 4.01%, 0, 0, 10, 2247.57, 2625, 54714974
1603151150, 16, 97, 570, 47, 0, 4.01%, 0, 0, 10, 2268.82, 2625, 54726543
1603151156, 16, 139, 570, 47, 0, 4.01%, 0, 0, 10, 2317.92, 2625, 54738568
1603151161, 16, 208, 570, 47, 0, 4.01%, 0, 0, 10, 2294.38, 2625, 54750519
1603151166, 16, 268, 570, 47, 0, 4.01%, 0, 0, 10, 2300.92, 2625, 54762410
1603151171, 16, 317, 571, 48, 0, 4.01%, 0, 0, 10, 2297.85, 2625, 54773856
1603151181, 16, 344, 571, 47, 0, 4.01%, 0, 0, 10, 2256.42, 2625, 54796865
1603151186, 16, 346, 571, 47, 0, 4.01%, 0, 0, 10, 2158.87, 2625, 54807940
1603151191, 16, 348, 571, 46, 0, 4.01%, 0, 0, 10, 2218.07, 2625, 54819288
1603151197, 16, 353, 571, 45, 0, 4.01%, 0, 0, 10, 2256.64, 2625, 54830771
1603151202, 16, 360, 571, 45, 0, 4.01%, 0, 0, 10, 2195.65, 2625, 54842099
1603151217, 16, 365, 571, 44, 0, 4.01%, 0, 0, 10, 2121.73, 2625, 54875196
1603151247, 16, 385, 571, 43, 0, 4.01%, 0, 0, 10, 2184.76, 2625, 54938322
1603151278, 16, 413, 571, 42, 0, 4.01%, 0, 0, 10, 2212.15, 2625, 55006497
1603151365, 16, 420, 571, 41, 0, 4.01%, 0, 0, 10, 1399.25, 2625, 55179510
1603153828, 16, 434, 571, 40, 0, 4.01%, 0, 0, 10, 1647.88, 2625, 57141892
1603153838, 16, 474, 571, 39, 0, 4.01%, 0, 0, 10, 2153.19, 2625, 57164168
1603153843, 16, 511, 571, 39, 0, 4.01%, 0, 0, 10, 2186.10, 2625, 57175133
1603153853, 16, 523, 571, 38, 0, 4.01%, 0, 0, 10, 2261.43, 2625, 57198088
1603153858, 16, 528, 571, 38, 0, 4.01%, 0, 0, 10, 2094.99, 2625, 57208255
1603153863, 16, 537, 571, 38, 0, 4.01%, 0, 0, 10, 2171.49, 2625, 57219351
1603153878, 16, 537, 572, 39, 0, 4.01%, 0, 0, 10, 2231.50, 2625, 57253410
1603153889, 16, 558, 572, 38, 0, 4.01%, 0, 0, 10, 1427.38, 2625, 57271709
1603154274, 16, 571, 572, 37, 0, 4.01%, 0, 0, 10, 1776.98, 2625, 57696703
1603154320, 16, 571, 576, 41, 0, 4.01%, 0, 0, 10, 2105.67, 2625, 57793406
1603154330, 16, 574, 576, 40, 0, 4.01%, 0, 0, 10, 2146.11, 2625, 57815591
1603154397, 16, 574, 577, 41, 0, 4.01%, 0, 0, 10, 2103.45, 2625, 57952611
1603154407, 17, 19, 577, 40, 0, 4.01%, 0, 0, 10, 2263.09, 2625, 57975499
1603154412, 17, 38, 577, 40, 0, 4.01%, 0, 0, 10, 2282.48, 2625, 57987404
1603154417, 17, 59, 578, 41, 0, 4.01%, 0, 0, 10, 2251.28, 2625, 57998826
1603154422, 17, 75, 578, 41, 0, 4.01%, 0, 0, 10, 2244.69, 2625, 58010138
1603154428, 17, 95, 578, 41, 0, 4.01%, 0, 0, 10, 2272.57, 2625, 58022031
1603154433, 17, 113, 578, 41, 0, 4.01%, 0, 0, 10, 2234.37, 2625, 58033298
1603154438, 17, 204, 578, 41, 0, 4.01%, 0, 0, 10, 2288.60, 2625, 58045011
1603154443, 17, 271, 578, 41, 0, 4.01%, 0, 0, 10, 2249.69, 2625, 58056243
1603154448, 17, 280, 578, 41, 0, 4.01%, 0, 0, 10, 2269.37, 2625, 58067812
1603154453, 17, 326, 578, 40, 0, 4.01%, 0, 0, 10, 2208.72, 2625, 58079161
1603154458, 17, 326, 580, 42, 0, 4.01%, 0, 0, 10, 2160.82, 2625, 58090169
1603154463, 17, 500, 580, 41, 1, 4.01%, 0, 0, 10, 2218.53, 2625, 58101408
1603154468, 17, 579, 580, 41, 1, 4.01%, 0, 0, 10, 2212.96, 2625, 58112577
1603154473, 17, 579, 581, 42, 1, 4.01%, 0, 0, 10, 2183.63, 2625, 58123495
1603154478, 18, 5, 581, 41, 0, 4.01%, 0, 0, 10, 2242.80, 2625, 58134902
1603154483, 18, 29, 581, 41, 0, 4.01%, 0, 0, 10, 2281.92, 2625, 58146425
1603154488, 18, 45, 581, 41, 0, 4.01%, 0, 0, 10, 2280.91, 2625, 58157927
1603154493, 18, 66, 581, 41, 0, 4.01%, 0, 0, 10, 2280.83, 2625, 58169371
1603154499, 18, 80, 581, 41, 0, 4.01%, 0, 0, 10, 2256.61, 2625, 58180942
1603154504, 18, 100, 581, 41, 0, 4.01%, 0, 0, 10, 2251.21, 2625, 58192289
1603154509, 18, 161, 581, 41, 0, 4.01%, 0, 0, 10, 2279.35, 2625, 58204144
1603154514, 18, 185, 581, 41, 0, 4.01%, 0, 0, 10, 2318.81, 2625, 58216043
1603154519, 18, 214, 581, 40, 0, 4.01%, 0, 0, 10, 2298.23, 2625, 58227574
1603154524, 18, 271, 581, 40, 0, 4.01%, 0, 0, 10, 2286.67, 2625, 58239070
1603154529, 18, 352, 581, 40, 0, 4.01%, 0, 0, 10, 2230.13, 2625, 58250229
1603154534, 18, 387, 581, 40, 0, 4.01%, 0, 0, 10, 2119.83, 2625, 58260730
1603154570, 18, 464, 581, 39, 0, 4.01%, 0, 0, 10, 2210.11, 2625, 58336000
1603154575, 18, 467, 581, 39, 0, 4.01%, 0, 0, 10, 958.92, 2625, 58339311
1603162718, 18, 478, 581, 38, 0, 4.01%, 0, 0, 10, 1916.71, 2625, 62223788
1603162723, 18, 484, 581, 37, 0, 4.01%, 0, 0, 10, 2152.70, 2625, 62235257
1603162728, 18, 515, 581, 37, 0, 4.01%, 0, 0, 10, 2240.08, 2625, 62246570
1603162734, 18, 530, 581, 37, 0, 4.01%, 0, 0, 10, 2233.40, 2625, 62258272
1603162744, 18, 533, 581, 36, 0, 4.01%, 0, 0, 10, 2218.72, 2625, 62280758
1603162749, 18, 542, 581, 36, 0, 4.01%, 0, 0, 10, 2051.52, 2625, 62291135
1603162774, 18, 543, 581, 35, 0, 4.01%, 0, 0, 10, 2153.57, 2625, 62342938
1603162815, 18, 543, 582, 36, 0, 4.01%, 0, 0, 10, 2089.32, 2625, 62422145
1603162825, 18, 546, 582, 35, 0, 4.01%, 0, 0, 10, 2148.30, 2625, 62444106
1603162835, 18, 565, 582, 34, 0, 4.01%, 0, 0, 10, 2141.57, 2625, 62466060
1603162840, 18, 565, 583, 35, 0, 4.01%, 0, 0, 10, 2114.58, 2625, 62476722
1603162851, 18, 566, 583, 34, 0, 4.01%, 0, 0, 10, 2206.72, 2625, 62498987
1603162881, 18, 569, 583, 33, 0, 4.01%, 0, 0, 10, 1250.93, 2625, 62558566
1603164055, 18, 575, 583, 32, 0, 4.01%, 0, 0, 10, 1785.62, 2625, 63407073
1603164136, 18, 578, 584, 32, 0, 4.01%, 0, 0, 10, 2118.88, 2625, 63571990
1603164151, 18, 580, 584, 31, 0, 4.01%, 0, 0, 10, 2175.21, 2625, 63604546
1603164167, 19, 23, 584, 30, 0, 4.01%, 0, 0, 10, 2175.46, 2625, 63637944
1603164172, 19, 38, 584, 30, 0, 4.01%, 0, 0, 10, 2241.80, 2625, 63649338
1603164177, 19, 63, 584, 30, 0, 4.01%, 0, 0, 10, 2234.05, 2625, 63660642
1603164182, 19, 77, 584, 30, 0, 4.01%, 0, 0, 10, 2248.30, 2625, 63672377
1603164187, 19, 96, 586, 32, 0, 4.01%, 0, 0, 10, 2167.55, 2625, 63683192
1603164192, 19, 139, 586, 32, 0, 4.01%, 0, 0, 10, 2250.66, 2625, 63694593
1603164197, 19, 225, 586, 32, 0, 4.01%, 0, 0, 10, 2286.80, 2625, 63706477
1603164202, 19, 272, 586, 32, 0, 4.01%, 0, 0, 10, 2247.13, 2625, 63718226
1603164208, 19, 344, 586, 32, 0, 4.01%, 0, 0, 10, 2173.31, 2625, 63729444
1603164213, 19, 460, 586, 32, 0, 4.01%, 0, 0, 10, 2203.38, 2625, 63740632
1603164218, 19, 481, 586, 32, 0, 4.01%, 0, 0, 10, 2242.88, 2625, 63752115
1603164223, 19, 495, 586, 31, 0, 4.01%, 0, 0, 10, 2243.71, 2625, 63763535
1603164228, 19, 520, 586, 31, 0, 4.01%, 0, 0, 10, 2159.89, 2625, 63774767
1603164233, 19, 541, 586, 31, 0, 4.01%, 0, 0, 10, 2249.81, 2625, 63786407
1603164238, 19, 550, 586, 31, 0, 4.01%, 0, 0, 10, 2164.99, 2625, 63797564
1603164243, 19, 560, 586, 31, 0, 4.01%, 0, 0, 10, 2204.94, 2625, 63808851
1603164269, 19, 577, 586, 30, 0, 4.01%, 0, 0, 10, 2286.17, 2625, 63864931
1603164340, 19, 577, 587, 31, 0, 4.01%, 0, 0, 10, 1929.15, 2625, 63990328
1603164345, 19, 579, 587, 30, 0, 4.01%, 0, 0, 10, 2135.64, 2625, 64001164
1603164350, 19, 581, 587, 30, 0, 4.01%, 0, 0, 10, 1781.09, 2625, 64009995
1603164437, 20, 18, 587, 29, 0, 4.01%, 0, 0, 10, 2211.17, 2625, 64162132
1603164442, 20, 36, 587, 29, 0, 4.01%, 0, 0, 10, 2258.53, 2625, 64173587
1603164447, 20, 59, 587, 29, 0, 4.01%, 0, 0, 10, 2324.04, 2625, 64185705
1603164452, 20, 75, 587, 29, 0, 4.01%, 0, 0, 10, 2265.03, 2625, 64196960
1603164457, 20, 95, 587, 29, 0, 4.01%, 0, 0, 10, 2260.20, 2625, 64208804
1603164462, 20, 113, 587, 29, 0, 4.01%, 0, 0, 10, 2318.37, 2625, 64220449
1603164467, 20, 180, 587, 29, 0, 4.01%, 0, 0, 10, 2304.69, 2625, 64231977
1603164473, 20, 225, 587, 29, 0, 4.01%, 0, 0, 10, 2241.37, 2625, 64243493
1603164478, 20, 282, 587, 29, 0, 4.01%, 0, 0, 10, 2267.38, 2625, 64254927
1603164483, 20, 393, 587, 29, 0, 4.01%, 0, 0, 10, 2277.99, 2625, 64266377
1603164488, 20, 398, 587, 29, 0, 4.01%, 0, 0, 10, 2010.01, 2625, 64276348
1603164564, 20, 419, 587, 28, 0, 4.01%, 0, 0, 10, 2159.84, 2625, 64424762
1603164569, 20, 426, 587, 28, 0, 4.01%, 0, 0, 10, 1811.68, 2625, 64433476
1603164712, 20, 481, 587, 27, 0, 4.01%, 0, 0, 10, 2069.06, 2625, 64682632
1603164717, 20, 488, 587, 27, 0, 4.01%, 0, 0, 10, 2119.65, 2625, 64693387
1603164727, 20, 515, 587, 26, 0, 4.01%, 0, 0, 10, 2322.22, 2625, 64716460
1603164732, 20, 517, 587, 26, 0, 4.01%, 0, 0, 10, 2333.12, 2625, 64728315
1603164737, 20, 540, 587, 25, 0, 4.01%, 0, 0, 10, 2255.47, 2625, 64739730
1603164763, 20, 544, 587, 24, 0, 4.01%, 0, 0, 10, 2131.24, 2625, 64795585
1603164773, 20, 547, 587, 23, 0, 4.01%, 0, 0, 10, 2160.47, 2625, 64818237
1603164799, 20, 562, 587, 22, 0, 4.01%, 0, 0, 10, 2170.98, 2625, 64872345
1603164829, 20, 563, 587, 21, 0, 4.01%, 0, 0, 10, 2299.61, 2625, 64939915
1603164839, 20, 566, 587, 20, 0, 4.01%, 0, 0, 10, 2185.23, 2625, 64962725
1603164844, 20, 567, 587, 20, 0, 4.01%, 0, 0, 10, 1566.07, 2625, 64971035
1603165428, 20, 586, 587, 19, 0, 4.01%, 0, 0, 10, 2074.28, 2625, 65528266
1603165505, 21, 27, 587, 18, 0, 4.01%, 0, 0, 10, 2206.48, 2625, 65687799
1603165510, 21, 43, 587, 18, 0, 4.01%, 0, 0, 10, 2242.28, 2625, 65699527
1603165515, 21, 64, 587, 18, 0, 4.01%, 0, 0, 10, 2232.54, 2625, 65710822
1603165520, 21, 79, 587, 18, 0, 4.01%, 0, 0, 10, 2278.79, 2625, 65722304
1603165525, 21, 97, 587, 18, 0, 4.01%, 0, 0, 10, 2256.10, 2625, 65733694
1603165530, 21, 139, 587, 18, 0, 4.01%, 0, 0, 10, 2297.53, 2625, 65745721
1603165535, 21, 225, 587, 18, 0, 4.01%, 0, 0, 10, 2203.77, 2625, 65756814
1603165540, 21, 270, 587, 18, 0, 4.01%, 0, 0, 10, 2224.64, 2625, 65767942
1603165545, 21, 344, 587, 18, 0, 4.01%, 0, 0, 10, 2189.95, 2625, 65779030
1603165550, 21, 377, 587, 18, 0, 4.01%, 0, 0, 10, 2209.84, 2625, 65790178
1603165555, 21, 419, 587, 17, 0, 4.01%, 0, 0, 10, 2172.76, 2625, 65801232
1603165560, 21, 463, 587, 17, 0, 4.01%, 0, 0, 10, 2201.50, 2625, 65812035
1603165565, 21, 518, 587, 17, 0, 4.01%, 0, 0, 10, 2278.07, 2625, 65823588
1603165570, 21, 532, 587, 17, 0, 4.01%, 0, 0, 10, 2238.23, 2625, 65834827
1603165581, 21, 576, 587, 16, 0, 4.01%, 0, 0, 10, 1982.25, 2625, 65856282
1603165734, 21, 582, 587, 15, 0, 4.01%, 0, 0, 10, 2109.65, 2625, 66143037
1603165749, 21, 582, 588, 16, 0, 4.01%, 0, 0, 10, 2175.21, 2625, 66175766
1603165759, 22, 26, 588, 15, 0, 4.01%, 0, 0, 10, 2254.06, 2625, 66198706
1603165764, 22, 43, 588, 15, 0, 4.01%, 0, 0, 10, 2279.45, 2625, 66210173
1603165769, 22, 64, 588, 15, 0, 4.01%, 0, 0, 10, 2257.05, 2625, 66221548
1603165774, 22, 78, 588, 15, 0, 4.01%, 0, 0, 10, 2272.31, 2625, 66233401
1603165779, 22, 97, 588, 15, 0, 4.01%, 0, 0, 10, 2211.93, 2625, 66244488
1603165784, 22, 128, 588, 15, 0, 4.01%, 0, 0, 10, 2235.10, 2625, 66255708
1603165789, 22, 207, 588, 15, 0, 4.01%, 0, 0, 10, 2295.81, 2625, 66267307
1603165795, 22, 272, 588, 15, 0, 4.01%, 0, 0, 10, 2214.69, 2625, 66278815
1603165800, 22, 358, 588, 15, 0, 4.01%, 0, 0, 10, 2276.55, 2625, 66290333
1603165805, 22, 392, 588, 15, 0, 4.01%, 0, 0, 10, 2224.66, 2625, 66301452
1603165820, 22, 445, 588, 14, 0, 4.01%, 0, 0, 10, 2151.23, 2625, 66334791
1603165825, 22, 515, 588, 14, 0, 4.01%, 0, 0, 10, 2246.99, 2625, 66346103
1603165830, 22, 533, 588, 14, 0, 4.01%, 0, 0, 10, 2244.02, 2625, 66357396
1603165835, 22, 544, 588, 14, 0, 4.01%, 0, 0, 10, 2279.95, 2625, 66368795
1603165840, 22, 559, 588, 14, 0, 4.01%, 0, 0, 10, 2100.03, 2625, 66378992
1603165845, 22, 564, 588, 14, 0, 4.01%, 0, 0, 10, 2100.59, 2625, 66389316
1603165865, 22, 578, 588, 13, 0, 4.01%, 0, 0, 10, 2240.32, 2625, 66432502
1603165870, 23, 19, 588, 13, 0, 4.01%, 0, 0, 10, 2171.89, 2625, 66443401
1603165875, 23, 36, 588, 13, 0, 4.01%, 0, 0, 10, 2205.63, 2625, 66454482
1603165880, 23, 57, 588, 13, 0, 4.01%, 0, 0, 10, 2236.91, 2625, 66465681
1603165885, 23, 74, 588, 13, 0, 4.01%, 0, 0, 10, 2208.31, 2625, 66476653
1603165890, 23, 87, 588, 13, 0, 4.01%, 0, 0, 10, 2269.42, 2625, 66488074
1603165895, 23, 106, 588, 13, 0, 4.01%, 0, 0, 10, 2268.60, 2625, 66499522
1603165900, 23, 180, 588, 13, 0, 4.01%, 0, 0, 10, 2210.41, 2625, 66510513
1603165906, 23, 264, 588, 13, 0, 4.01%, 0, 0, 10, 2215.91, 2625, 66521729
1603165911, 23, 338, 588, 13, 0, 4.01%, 0, 0, 10, 2281.51, 2625, 66533204
1603165916, 23, 441, 588, 13, 0, 4.01%, 0, 0, 10, 2272.18, 2625, 66544610
1603165921, 23, 483, 588, 13, 0, 4.01%, 0, 0, 10, 2119.30, 2625, 66555054
1603165931, 23, 508, 588, 12, 0, 4.01%, 0, 0, 10, 2245.90, 2625, 66577673
1603165936, 23, 525, 588, 12, 0, 4.01%, 0, 0, 10, 2174.10, 2625, 66588926
1603165941, 23, 543, 588, 12, 0, 4.01%, 0, 0, 10, 2132.50, 2625, 66599592
1603165946, 23, 557, 588, 12, 0, 4.01%, 0, 0, 10, 1490.24, 2625, 66607271
1603166328, 23, 579, 588, 11, 0, 4.01%, 0, 0, 10, 2049.47, 2625, 67034194
1603166333, 24, 26, 588, 11, 0, 4.01%, 0, 0, 10, 2130.97, 2625, 67044970
1603166338, 24, 40, 588, 11, 0, 4.01%, 0, 0, 10, 2230.37, 2625, 67056286
1603166343, 24, 64, 588, 11, 0, 4.01%, 0, 0, 10, 2273.26, 2625, 67068164
1603166348, 24, 78, 588, 11, 0, 4.01%, 0, 0, 10, 2269.73, 2625, 67079567
1603166353, 24, 97, 588, 11, 0, 4.01%, 0, 0, 10, 2171.34, 2625, 67090388
1603166358, 24, 126, 588, 11, 0, 4.01%, 0, 0, 10, 2237.01, 2625, 67101644
1603166363, 24, 149, 588, 10, 0, 4.01%, 0, 0, 10, 2260.41, 2625, 67113213
1603166368, 24, 246, 588, 10, 0, 4.01%, 0, 0, 10, 2258.99, 2625, 67124575
1603166373, 24, 282, 588, 10, 0, 4.01%, 0, 0, 10, 2247.47, 2625, 67135900
1603166378, 24, 441, 588, 10, 0, 4.01%, 0, 0, 10, 2273.77, 2625, 67147306
1603166383, 24, 522, 588, 10, 0, 4.01%, 0, 0, 10, 2284.73, 2625, 67158871
1603166388, 24, 539, 588, 10, 0, 4.01%, 0, 0, 10, 1801.08, 2625, 67167564
1603166393, 24, 544, 588, 10, 0, 4.01%, 0, 0, 10, 2035.57, 2625, 67178056
1603166398, 25, 10, 588, 10, 0, 4.01%, 0, 0, 10, 2159.92, 2625, 67189168
1603166403, 25, 30, 588, 10, 0, 4.01%, 0, 0, 10, 2228.10, 2625, 67200727
1603166409, 25, 51, 588, 10, 0, 4.01%, 0, 0, 10, 2268.04, 2625, 67212590
1603166414, 25, 73, 588, 10, 0, 4.01%, 0, 0, 10, 2248.33, 2625, 67223723
1603166419, 25, 85, 588, 10, 0, 4.01%, 0, 0, 10, 2195.09, 2625, 67234906
1603166424, 25, 101, 588, 10, 0, 4.01%, 0, 0, 10, 2227.20, 2625, 67246358
1603166429, 25, 160, 588, 10, 0, 4.01%, 0, 0, 10, 2288.57, 2625, 67258206
1603166434, 25, 252, 588, 10, 0, 4.01%, 0, 0, 10, 2272.85, 2625, 67269644
1603166439, 25, 293, 588, 10, 0, 4.01%, 0, 0, 10, 2282.10, 2625, 67281084
1603166444, 25, 398, 588, 10, 0, 4.01%, 0, 0, 10, 2200.29, 2625, 67292101
1603166449, 25, 460, 588, 10, 0, 4.01%, 0, 0, 10, 2230.84, 2625, 67303363
1603166454, 25, 493, 588, 10, 0, 4.01%, 0, 0, 10, 2137.69, 2625, 67313455
1603166459, 25, 501, 588, 10, 0, 4.01%, 0, 0, 10, 2192.02, 2625, 67324587
1603166470, 25, 513, 588, 9, 0, 4.01%, 0, 0, 10, 2258.40, 2625, 67347327
1603166475, 25, 521, 588, 9, 0, 4.01%, 0, 0, 10, 2170.16, 2625, 67358345
1603166480, 25, 541, 588, 9, 0, 4.01%, 0, 0, 10, 2156.86, 2625, 67369360
1603166485, 25, 561, 588, 9, 0, 4.01%, 0, 0, 10, 2144.86, 2625, 67379906
1603166515, 26, 10, 588, 8, 0, 4.01%, 0, 0, 10, 2280.29, 2625, 67448100
1603166520, 26, 33, 588, 8, 0, 4.01%, 0, 0, 10, 2288.70, 2625, 67459665
1603166525, 26, 56, 588, 8, 0, 4.01%, 0, 0, 10, 2324.03, 2625, 67471747
1603166530, 26, 74, 588, 8, 0, 4.01%, 0, 0, 10, 2282.39, 2625, 67483147
1603166535, 26, 89, 588, 8, 0, 4.01%, 0, 0, 10, 2295.60, 2625, 67494706
1603166540, 26, 106, 588, 8, 0, 4.01%, 0, 0, 10, 2303.03, 2625, 67506263
1603166546, 26, 179, 588, 8, 0, 4.01%, 0, 0, 10, 2300.74, 2625, 67518261
1603166551, 26, 255, 588, 8, 0, 4.01%, 0, 0, 10, 2252.49, 2625, 67529619
1603166556, 26, 295, 588, 8, 0, 4.01%, 0, 0, 10, 2252.82, 2625, 67540949
1603166561, 26, 389, 588, 8, 0, 4.01%, 0, 0, 10, 2243.83, 2625, 67552709
1603166566, 26, 459, 588, 8, 0, 4.01%, 0, 0, 10, 2268.58, 2625, 67564368
1603166571, 26, 504, 588, 8, 0, 4.01%, 0, 0, 10, 2250.05, 2625, 67575597
1603166576, 26, 534, 588, 8, 0, 4.01%, 0, 0, 10, 2264.38, 2625, 67587016
1603166581, 26, 551, 588, 8, 0, 4.01%, 0, 0, 10, 1924.69, 2625, 67596723
1603166653, 26, 559, 588, 7, 0, 4.01%, 0, 0, 10, 2018.80, 2625, 67724617
1603166658, 26, 581, 588, 7, 0, 4.01%, 0, 0, 10, 2204.55, 2625, 67735966
1603166663, 27, 17, 588, 7, 0, 4.01%, 0, 0, 10, 2232.09, 2625, 67746978
1603166668, 27, 36, 588, 7, 0, 4.01%, 0, 0, 10, 2248.46, 2625, 67758270
1603166673, 27, 55, 588, 7, 0, 4.01%, 0, 0, 10, 2206.30, 2625, 67769505
1603166678, 27, 71, 588, 7, 0, 4.01%, 0, 0, 10, 2268.17, 2625, 67780910
1603166683, 27, 86, 588, 7, 0, 4.01%, 0, 0, 10, 2298.62, 2625, 67792863
1603166688, 27, 105, 588, 7, 0, 4.01%, 0, 0, 10, 2317.40, 2625, 67804527
1603166693, 27, 186, 588, 7, 0, 4.01%, 0, 0, 10, 2294.13, 2625, 67816454
1603166698, 27, 263, 588, 7, 0, 4.01%, 0, 0, 10, 2275.40, 2625, 67828246
1603166703, 27, 306, 588, 7, 0, 4.01%, 0, 0, 10, 2283.23, 2625, 67839590
1603166709, 27, 417, 588, 7, 0, 4.01%, 0, 0, 10, 2243.46, 2625, 67850833
1603166714, 27, 484, 588, 7, 0, 4.01%, 0, 0, 10, 2293.40, 2625, 67862382
1603166719, 27, 541, 588, 7, 0, 4.01%, 0, 0, 10, 2282.76, 2625, 67873854
1603166724, 27, 587, 588, 7, 0, 4.01%, 0, 0, 10, 2155.53, 2625, 67885038
1603166749, 27, 587, 589, 8, 0, 4.01%, 0, 0, 10, 2201.39, 2625, 67939548
1603166754, 28, 17, 589, 7, 0, 4.01%, 0, 0, 10, 2253.24, 2625, 67951324
1603166760, 28, 37, 589, 7, 0, 4.01%, 0, 0, 10, 2247.39, 2625, 67963094
1603166765, 28, 56, 589, 7, 0, 4.01%, 0, 0, 10, 2206.00, 2625, 67974111
1603166770, 28, 74, 589, 7, 0, 4.01%, 0, 0, 10, 2233.52, 2625, 67985703
1603166775, 28, 89, 589, 7, 0, 4.01%, 0, 0, 10, 2239.40, 2625, 67996839
1603166780, 28, 105, 589, 7, 0, 4.01%, 0, 0, 10, 2253.94, 2625, 68008144
1603166785, 28, 187, 589, 7, 0, 4.01%, 0, 0, 10, 2297.26, 2625, 68019784
1603166790, 28, 263, 589, 7, 0, 4.01%, 0, 0, 10, 2196.04, 2625, 68030743
1603166795, 28, 323, 589, 7, 0, 4.01%, 0, 0, 10, 2222.75, 2625, 68041863
1603166800, 28, 445, 589, 7, 0, 4.01%, 0, 0, 10, 2300.32, 2625, 68053802
1603166805, 28, 504, 589, 7, 0, 4.01%, 0, 0, 10, 2251.82, 2625, 68065488
1603166810, 28, 537, 589, 7, 0, 4.01%, 0, 0, 10, 2175.32, 2625, 68076255
1603166815, 28, 546, 589, 7, 0, 4.01%, 0, 0, 10, 2227.10, 2625, 68087799
1603166820, 28, 572, 589, 7, 0, 4.01%, 0, 0, 10, 2069.60, 2625, 68098046
1603166886, 29, 9, 589, 6, 0, 4.01%, 0, 0, 10, 2226.35, 2625, 68235435
1603166891, 29, 29, 589, 6, 0, 4.01%, 0, 0, 10, 2278.41, 2625, 68247304
1603166897, 29, 47, 589, 6, 0, 4.01%, 0, 0, 10, 2304.06, 2625, 68259297
1603166902, 29, 73, 589, 6, 0, 4.01%, 0, 0, 10, 2296.76, 2625, 68271098
1603166907, 29, 86, 589, 6, 0, 4.01%, 0, 0, 10, 2297.17, 2625, 68282591
1603166912, 29, 105, 589, 6, 0, 4.01%, 0, 0, 10, 2257.17, 2625, 68294424
1603166917, 29, 180, 589, 6, 0, 4.01%, 0, 0, 10, 2221.65, 2625, 68306002
1603166922, 29, 252, 589, 6, 0, 4.01%, 0, 0, 10, 2220.93, 2625, 68317122
1603166927, 29, 310, 589, 6, 0, 4.01%, 0, 0, 10, 2214.08, 2625, 68328378
1603166932, 29, 388, 589, 6, 0, 4.01%, 0, 0, 10, 2259.15, 2625, 68339904
1603166938, 29, 455, 589, 6, 0, 4.01%, 0, 0, 10, 2320.07, 2625, 68351932
1603166943, 29, 491, 589, 6, 0, 4.01%, 0, 0, 10, 2166.25, 2625, 68363007
1603166948, 29, 510, 589, 6, 0, 4.01%, 0, 0, 10, 2281.83, 2625, 68375042
1603166953, 29, 544, 589, 6, 0, 4.01%, 0, 0, 10, 2266.29, 2625, 68386760
1603166958, 29, 560, 589, 6, 0, 4.01%, 0, 0, 10, 2088.21, 2625, 68396804
1603166963, 29, 588, 589, 6, 0, 4.01%, 0, 0, 10, 2087.81, 2625, 68407385
1603166968, 29, 588, 590, 7, 0, 4.01%, 0, 0, 10, 2048.83, 2625, 68417532
1603167009, 29, 588, 591, 8, 0, 4.01%, 0, 0, 10, 2183.94, 2625, 68502571
1603167014, 30, 17, 591, 7, 0, 4.01%, 0, 0, 10, 2266.87, 2625, 68514358
1603167020, 30, 37, 591, 7, 0, 4.01%, 0, 0, 10, 2304.50, 2625, 68526375
1603167025, 30, 59, 591, 7, 0, 4.01%, 0, 0, 10, 2329.71, 2625, 68538446
1603167030, 30, 76, 591, 7, 0, 4.01%, 0, 0, 10, 2275.87, 2625, 68549804
1603167035, 30, 92, 592, 8, 0, 4.01%, 0, 0, 10, 2288.00, 2625, 68561773
1603167040, 30, 113, 592, 8, 0, 4.01%, 0, 0, 10, 2326.50, 2625, 68573750
1603167045, 30, 204, 592, 8, 0, 4.01%, 0, 0, 10, 2310.80, 2625, 68585790
1603167050, 30, 268, 592, 8, 0, 4.01%, 0, 0, 10, 2289.84, 2625, 68597217
1603167055, 30, 327, 592, 8, 0, 4.01%, 0, 0, 10, 2283.26, 2625, 68608581
1603167060, 30, 428, 592, 8, 0, 4.01%, 0, 0, 10, 2281.47, 2625, 68620049
1603167066, 30, 468, 592, 8, 0, 4.01%, 0, 0, 10, 2113.05, 2625, 68630790
1603167071, 30, 518, 592, 8, 0, 4.01%, 0, 0, 10, 2099.73, 2625, 68640798
1603167076, 30, 573, 592, 8, 0, 4.01%, 0, 0, 10, 2157.98, 2625, 68651888
1603167157, 30, 589, 592, 7, 0, 4.01%, 0, 0, 10, 2056.64, 2625, 68818430
1603167197, 30, 590, 592, 6, 0, 4.01%, 0, 0, 10, 2138.21, 2625, 68902175
1603167258, 30, 590, 593, 7, 0, 4.01%, 0, 0, 11, 2057.19, 2625, 69022524
