# unix_time, cycles_done, cur_path, paths_total, pending_total, pending_favs, map_size, unique_crashes, unique_hangs, max_depth, execs_per_sec, edge_coverage, total_execs
1606827879, 0, 0, 1, 1, 1, 0.94%, 0, 0, 1, 1333.33, 613, 8
1606827884, 0, 0, 441, 441, 1, 7.62%, 0, 0, 2, 2185.94, 4995, 12103
1606827889, 0, 0, 576, 576, 1, 8.16%, 0, 0, 2, 2477.64, 5349, 25312
1606827894, 0, 0, 651, 651, 1, 8.28%, 0, 0, 2, 2588.71, 5428, 38884
1606827900, 0, 32, 680, 677, 98, 8.30%, 0, 0, 3, 2600.02, 5437, 52600
1606827905, 0, 32, 709, 706, 98, 8.32%, 0, 0, 3, 2629.11, 5451, 66303
1606827910, 0, 32, 736, 733, 98, 8.36%, 0, 0, 3, 2623.29, 5480, 79987
1606827915, 0, 39, 773, 769, 101, 8.40%, 0, 0, 3, 168.23, 5504, 83785
1606827920, 0, 39, 781, 777, 101, 8.41%, 0, 0, 3, 166.85, 5509, 85113
1606827925, 0, 98, 797, 792, 104, 8.52%, 0, 0, 3, 2372.11, 5586, 94606
1606827930, 0, 98, 816, 811, 104, 8.58%, 0, 0, 3, 2617.24, 5620, 108073
1606827936, 0, 100, 839, 833, 112, 8.70%, 0, 0, 3, 2526.06, 5702, 121248
1606827941, 0, 100, 855, 849, 112, 8.71%, 0, 0, 3, 2590.91, 5705, 134476
1606827946, 0, 112, 868, 860, 119, 8.71%, 0, 0, 3, 2450.91, 5710, 147048
1606827951, 0, 112, 879, 871, 119, 8.71%, 0, 0, 3, 2553.53, 5710, 159938
1606827956, 0, 159, 892, 882, 120, 8.72%, 0, 0, 3, 2579.99, 5717, 173326
1606827961, 0, 207, 894, 880, 118, 8.76%, 0, 0, 3, 2415.75, 5742, 185857
1606827966, 0, 234, 894, 879, 118, 8.76%, 0, 0, 3, 2034.23, 5742, 195831
1606827971, 0, 269, 895, 876, 115, 8.76%, 0, 0, 3, 2287.67, 5742, 207270
1606827976, 0, 292, 908, 887, 115, 8.79%, 0, 0, 3, 2348.18, 5762, 219155
1606827981, 0, 292, 916, 895, 115, 8.80%, 0, 0, 3, 2345.35, 5767, 230857
1606827986, 0, 311, 923, 900, 117, 8.80%, 0, 0, 3, 2410.90, 5768, 242934
1606827991, 0, 312, 930, 906, 117, 8.80%, 0, 0, 3, 2405.78, 5768, 254882
1606827996, 0, 312, 933, 909, 117, 8.80%, 0, 0, 3, 2407.23, 5768, 266954
1606828001, 0, 324, 935, 910, 117, 8.80%, 0, 0, 3, 2321.71, 5769, 278548
1606828006, 0, 354, 936, 907, 114, 8.80%, 0, 0, 3, 2513.17, 5769, 291087
1606828011, 0, 377, 949, 919, 113, 8.83%, 0, 0, 3, 2530.60, 5784, 303765
1606828016, 0, 377, 953, 923, 113, 8.83%, 0, 0, 3, 2519.35, 5787, 316347
1606828021, 0, 380, 955, 923, 116, 8.83%, 0, 0, 3, 2359.61, 5787, 328601
1606828026, 0, 380, 967, 935, 116, 8.83%, 0, 0, 3, 2220.91, 5787, 339445
1606828031, 0, 380, 977, 945, 116, 8.83%, 0, 0, 3, 2242.66, 5789, 350833
1606828036, 0, 385, 982, 949, 117, 8.83%, 0, 0, 3, 2414.80, 5789, 362974
1606828042, 0, 400, 985, 950, 115, 8.83%, 0, 0, 3, 2477.29, 5789, 375503
1606828047, 0, 401, 992, 956, 115, 8.84%, 0, 0, 3, 2302.08, 5791, 387096
1606828052, 0, 401, 998, 962, 115, 8.84%, 0, 0, 3, 2340.48, 5791, 398920
1606828057, 0, 403, 1002, 965, 115, 8.84%, 0, 0, 3, 2380.00, 5791, 410979
1606828062, 0, 418, 1010, 972, 114, 8.87%, 0, 0, 3, 2403.17, 5810, 423102
1606828067, 0, 421, 1010, 971, 115, 8.87%, 0, 0, 3, 2463.35, 5810, 435698
1606828072, 0, 426, 1010, 970, 114, 8.87%, 0, 0, 3, 2296.33, 5810, 447113
1606828077, 0, 439, 1015, 974, 113, 8.87%, 0, 0, 3, 2278.61, 5810, 458137
1606828082, 0, 439, 1017, 976, 113, 8.87%, 0, 0, 3, 2429.84, 5810, 470501
1606828087, 0, 441, 1032, 990, 112, 8.94%, 0, 0, 3, 2266.15, 5856, 481943
1606828092, 0, 441, 1041, 999, 112, 8.94%, 0, 0, 3, 2433.04, 5856, 494849
1606828097, 0, 449, 1047, 1004, 112, 8.95%, 0, 0, 3, 2421.30, 5864, 507235
1606828102, 0, 449, 1057, 1014, 112, 8.96%, 0, 0, 3, 2435.26, 5874, 519392
1606828107, 0, 449, 1063, 1020, 112, 8.96%, 0, 0, 3, 2426.91, 5874, 531728
1606828112, 0, 458, 1066, 1021, 112, 8.96%, 0, 0, 3, 2382.79, 5874, 543658
1606828118, 0, 472, 1066, 1020, 111, 8.96%, 0, 0, 3, 2217.62, 5874, 554851
1606828123, 0, 493, 1071, 1022, 110, 9.05%, 0, 0, 3, 2337.68, 5934, 566836
1606828128, 0, 493, 1074, 1025, 110, 9.05%, 0, 0, 3, 2388.07, 5934, 579136
1606828133, 0, 496, 1076, 1026, 109, 9.05%, 0, 0, 3, 2313.57, 5934, 590927
1606828138, 0, 499, 1083, 1031, 108, 9.06%, 0, 0, 3, 2449.40, 5940, 603153
1606828143, 0, 499, 1089, 1037, 108, 9.06%, 0, 0, 3, 2484.29, 5940, 616006
1606828148, 0, 505, 1103, 1050, 110, 9.07%, 0, 0, 3, 205.22, 5942, 620755
1606828153, 0, 505, 1111, 1058, 110, 9.07%, 0, 0, 3, 172.26, 5942, 621571
1606828163, 0, 505, 1119, 1066, 110, 9.07%, 0, 0, 3, 1464.11, 5942, 626814
1606828168, 0, 505, 1136, 1083, 110, 9.11%, 0, 0, 3, 1131.09, 5973, 631944
1606828174, 0, 505, 1144, 1091, 110, 9.11%, 0, 0, 3, 1167.14, 5973, 637894
1606828179, 0, 505, 1155, 1102, 110, 9.12%, 0, 0, 3, 1276.37, 5977, 644421
1606828184, 0, 509, 1162, 1108, 118, 9.13%, 0, 0, 3, 1633.28, 5986, 651469
1606828189, 0, 509, 1168, 1114, 118, 9.13%, 0, 0, 3, 2184.56, 5986, 663198
1606828194, 0, 524, 1178, 1122, 115, 9.13%, 0, 0, 3, 2238.92, 5986, 674719
1606828199, 0, 524, 1189, 1133, 115, 9.14%, 0, 0, 3, 2275.10, 5987, 686301
1606828204, 0, 539, 1190, 1132, 114, 9.14%, 0, 0, 3, 2346.72, 5987, 698238
1606828209, 0, 550, 1194, 1133, 112, 9.14%, 0, 0, 3, 2386.06, 5991, 710579
1606828214, 0, 550, 1198, 1137, 112, 9.15%, 0, 0, 3, 2391.47, 5995, 722690
1606828219, 0, 564, 1200, 1137, 113, 9.15%, 0, 0, 3, 2293.54, 5995, 734364
1606828224, 0, 564, 1205, 1142, 113, 9.16%, 0, 0, 3, 2379.54, 6000, 746461
1606828229, 0, 594, 1206, 1140, 113, 9.16%, 0, 0, 3, 2213.67, 6003, 758162
1606828235, 0, 608, 1206, 1137, 111, 9.16%, 0, 0, 3, 2334.14, 6003, 769704
1606828240, 0, 614, 1209, 1138, 109, 9.16%, 0, 0, 3, 2289.67, 6003, 780894
1606828245, 0, 624, 1212, 1139, 108, 9.16%, 0, 0, 3, 2412.54, 6005, 793371
1606828250, 0, 624, 1217, 1144, 108, 9.17%, 0, 0, 3, 2454.42, 6008, 806299
1606828255, 0, 639, 1221, 1146, 108, 9.17%, 0, 0, 3, 2486.17, 6010, 818704
1606828260, 0, 662, 1228, 1151, 106, 9.17%, 0, 0, 4, 2362.18, 6010, 830261
1606828265, 0, 662, 1231, 1154, 106, 9.17%, 0, 0, 4, 2394.43, 6010, 842552
1606828270, 0, 662, 1234, 1157, 106, 9.17%, 0, 0, 4, 2444.59, 6010, 855112
1606828275, 0, 664, 1236, 1158, 106, 9.17%, 0, 0, 4, 2444.91, 6010, 867356
1606828281, 0, 664, 1245, 1167, 106, 9.18%, 0, 0, 4, 2381.33, 6019, 879661
1606828286, 0, 669, 1254, 1174, 110, 9.18%, 0, 0, 4, 2328.47, 6019, 891236
1606828291, 0, 669, 1256, 1176, 110, 9.18%, 0, 0, 4, 2363.86, 6019, 903325
1606828296, 0, 680, 1258, 1177, 110, 9.18%, 0, 0, 4, 2411.77, 6019, 915536
1606828301, 0, 700, 1266, 1183, 110, 9.19%, 0, 0, 4, 2299.12, 6021, 926674
1606828306, 0, 700, 1270, 1187, 110, 9.19%, 0, 0, 4, 2434.39, 6023, 939114
1606828311, 0, 704, 1273, 1189, 109, 9.19%, 0, 0, 4, 2454.44, 6023, 951584
1606828316, 0, 722, 1274, 1187, 106, 9.19%, 0, 0, 4, 2284.73, 6023, 962798
1606828321, 0, 740, 1277, 1187, 102, 9.19%, 0, 0, 4, 2417.25, 6024, 975403
1606828326, 0, 752, 1279, 1188, 101, 9.19%, 0, 0, 4, 418.58, 6024, 979459
1606828331, 0, 756, 1280, 1188, 99, 9.19%, 0, 0, 4, 426.86, 6024, 981837
1606828336, 0, 761, 1281, 1188, 99, 9.19%, 0, 0, 4, 142.46, 6024, 984575
