# unix_time, cycles_done, cur_path, paths_total, pending_total, pending_favs, map_size, unique_crashes, unique_hangs, max_depth, execs_per_sec, edge_coverage, total_execs
1605555173, 0, 0, 1, 1, 1, 0.10%, 0, 0, 1, 285.71 0 8
1605555179, 0, 0, 35, 35, 1, 0.13%, 0, 0, 2, 937.99 82 5517
1605555184, 0, 0, 37, 37, 1, 0.13%, 0, 0, 2, 1107.10 82 11289
1605555189, 0, 0, 38, 38, 1, 0.13%, 0, 0, 2, 1146.37 83 17083
1605555199, 0, 0, 39, 39, 1, 0.13%, 0, 0, 2, 1158.27 83 28774
1605555204, 0, 2, 39, 38, 8, 0.13%, 0, 0, 2, 1168.16 83 34808
1605555209, 0, 8, 39, 36, 6, 0.13%, 0, 0, 2, 1094.99 83 40275
1605555214, 0, 24, 40, 35, 4, 0.13%, 0, 0, 3, 923.03 83 45007
1605555219, 0, 25, 41, 35, 4, 0.13%, 0, 0, 3, 832.50 84 48794
1605555224, 0, 30, 42, 35, 3, 0.13%, 0, 0, 3, 881.44 84 53455
1605555229, 0, 37, 44, 36, 2, 0.13%, 0, 0, 3, 848.49 86 57861
1605555234, 0, 40, 45, 36, 3, 0.14%, 0, 0, 4, 974.00 91 62817
1605555239, 0, 44, 45, 34, 1, 0.14%, 0, 0, 4, 805.15 91 66796
1605555244, 0, 44, 46, 35, 1, 0.14%, 0, 0, 5, 539.37 92 69281
1605555250, 0, 44, 48, 37, 1, 0.14%, 0, 0, 5, 7.78 95 71035
1605555255, 0, 44, 49, 38, 1, 0.15%, 0, 0, 5, 389.89 97 73168
1605555260, 0, 44, 53, 42, 1, 0.17%, 0, 0, 5, 745.64 111 77470
1605555285, 0, 44, 54, 43, 1, 0.17%, 0, 0, 5, 835.55 112 98736
1605555290, 0, 44, 55, 44, 1, 0.17%, 0, 0, 5, 852.33 112 103016
1605555295, 0, 49, 56, 44, 4, 0.18%, 0, 0, 6, 654.41 116 106395
1605555321, 0, 49, 57, 45, 4, 0.18%, 0, 0, 6, 165.20 117 112848
1605555346, 0, 49, 59, 47, 4, 0.20%, 0, 0, 6, 306.97 128 119907
1605555351, 0, 49, 60, 48, 4, 0.20%, 0, 0, 6, 512.29 128 122805
1605555356, 0, 49, 61, 49, 4, 0.20%, 0, 0, 6, 557.01 128 125681
1605555367, 0, 49, 62, 50, 4, 0.20%, 0, 0, 6, 567.90 129 131541
1605555372, 0, 49, 64, 52, 4, 0.20%, 0, 0, 6, 566.65 132 134384
1605555392, 0, 57, 64, 51, 3, 0.20%, 0, 0, 6, 361.30 132 144962
1605555443, 0, 61, 64, 50, 2, 0.20%, 0, 0, 6, 372.19 132 159013
1605555499, 0, 63, 64, 49, 1, 0.20%, 0, 0, 6, 317.07 132 174106
1605555534, 0, 63, 66, 51, 1, 0.21%, 0, 0, 7, 142.67 136 181765
1605555591, 0, 65, 66, 50, 1, 0.21%, 0, 0, 7, 243.11 136 193623
1605555626, 0, 65, 68, 52, 1, 0.22%, 0, 0, 8, 137.13 147 201274
1605555677, 0, 67, 68, 51, 1, 0.22%, 0, 0, 8, 341.16 147 212168
1605555683, 0, 67, 71, 54, 1, 0.23%, 0, 0, 9, 230.16 150 213227
1605555718, 0, 67, 74, 57, 1, 0.23%, 0, 0, 9, 132.90 154 220758
1605555769, 0, 67, 75, 58, 1, 0.24%, 0, 0, 9, 373.78 160 231919
1605555779, 0, 70, 75, 57, 4, 0.24%, 0, 0, 9, 244.45 160 235469
1605555814, 0, 70, 76, 58, 4, 0.25%, 0, 0, 10, 135.55 161 243081
1605555871, 0, 71, 77, 58, 4, 0.25%, 0, 0, 10, 234.63 162 255518
1605555962, 0, 74, 77, 57, 3, 0.25%, 0, 0, 10, 253.57 162 275516
1605555968, 0, 74, 78, 58, 3, 0.25%, 0, 0, 10, 213.88 163 276437
1605556085, 0, 74, 80, 60, 3, 0.26%, 0, 0, 10, 353.45 169 298117
1605556095, 0, 74, 81, 61, 3, 0.26%, 0, 0, 10, 412.37 169 302443
1605556105, 0, 74, 82, 62, 3, 0.26%, 0, 0, 10, 424.18 172 306675
1605556125, 0, 75, 82, 61, 5, 0.26%, 0, 0, 10, 336.69 172 314925
1605556222, 0, 77, 82, 60, 4, 0.26%, 0, 0, 10, 250.43 172 336402
1605556344, 0, 79, 82, 59, 3, 0.26%, 0, 0, 10, 333.59 172 359091
1605556461, 0, 81, 82, 58, 2, 0.26%, 0, 0, 10, 214.49 172 382126
1605556501, 0, 81, 83, 59, 2, 0.27%, 0, 0, 11, 129.91 176 390266
1605556568, 0, 81, 84, 60, 2, 0.28%, 0, 0, 11, 357.02 185 402935
1605556578, 0, 81, 85, 61, 2, 0.28%, 0, 0, 11, 433.64 186 407327
1605556588, 0, 83, 85, 60, 3, 0.28%, 0, 0, 11, 157.93 186 411008
1605556593, 0, 83, 87, 62, 3, 0.30%, 0, 0, 12, 114.45 198 411558
1605556757, 0, 83, 89, 64, 3, 0.30%, 0, 0, 12, 280.50 199 437061
1605556762, 0, 83, 90, 65, 3, 0.31%, 0, 0, 12, 361.03 201 439009
1605556777, 0, 83, 91, 66, 3, 0.33%, 0, 0, 12, 379.42 215 444659
1605556803, 0, 84, 92, 66, 4, 0.33%, 0, 0, 12, 350.86 215 454069
1605556945, 0, 86, 92, 65, 3, 0.33%, 0, 0, 12, 305.61 215 479001
1605557118, 0, 86, 94, 67, 3, 0.33%, 0, 0, 13, 336.26 219 506417
1605557138, 0, 90, 94, 66, 4, 0.33%, 0, 0, 13, 63.91 219 513462
1605557154, 0, 90, 97, 69, 4, 0.34%, 0, 0, 13, 72.59 224 515144
1605557159, 0, 90, 99, 71, 4, 0.34%, 0, 0, 13, 266.43 226 516071
1605557277, 0, 90, 100, 72, 4, 0.35%, 0, 0, 13, 68.12 228 529968
1605557282, 0, 90, 101, 73, 4, 0.35%, 0, 0, 13, 66.20 231 530300
1605557436, 0, 90, 102, 74, 4, 0.36%, 0, 0, 13, 62.11 234 547525
1605557446, 0, 90, 103, 75, 4, 0.36%, 0, 0, 13, 280.56 234 550437
1605557451, 0, 90, 105, 77, 4, 0.36%, 0, 0, 13, 285.23 239 551843
1605557486, 0, 90, 106, 78, 4, 0.37%, 0, 0, 13, 266.26 244 561886
1605557501, 0, 94, 106, 77, 8, 0.37%, 0, 0, 13, 223.26 244 566092
1605557808, 0, 100, 106, 76, 7, 0.37%, 0, 0, 13, 220.91 244 602591
1605558115, 0, 101, 106, 75, 6, 0.37%, 0, 0, 13, 224.85 244 639106
1605558421, 0, 104, 106, 74, 5, 0.37%, 0, 0, 13, 217.10 244 675707
1605558790, 0, 105, 106, 73, 4, 0.37%, 0, 0, 13, 194.29 244 715633
1605558805, 0, 105, 107, 74, 4, 0.37%, 0, 0, 14, 66.41 245 716963
1605558984, 0, 105, 108, 75, 4, 0.38%, 0, 0, 14, 55.49 247 735021
1605559197, 0, 106, 108, 74, 4, 0.38%, 0, 0, 14, 200.11 247 757258
1605559585, 0, 106, 109, 75, 4, 0.38%, 0, 0, 15, 53.56 250 796042
1605559590, 0, 106, 110, 76, 4, 0.38%, 0, 0, 15, 261.70 250 797157
1605559611, 0, 107, 110, 75, 5, 0.38%, 0, 0, 15, 211.54 250 802300
1605560015, 0, 108, 110, 74, 4, 0.38%, 0, 0, 15, 215.81 250 844708
1605560040, 0, 108, 111, 75, 4, 0.38%, 0, 0, 16, 321.74 251 847575
1605560199, 0, 108, 112, 76, 4, 0.38%, 0, 0, 16, 55.77 252 863796
1605560209, 0, 108, 113, 77, 4, 0.39%, 0, 0, 16, 55.68 254 864364
1605560413, 0, 108, 114, 78, 4, 0.39%, 0, 0, 16, 233.64 255 885377
1605560434, 0, 110, 114, 77, 6, 0.39%, 0, 0, 16, 194.58 255 890357
1605560622, 0, 110, 115, 78, 6, 0.39%, 0, 0, 17, 56.74 256 909715
1605560839, 0, 113, 115, 77, 5, 0.39%, 0, 0, 17, 0.93 256 932674
1605560864, 0, 113, 116, 78, 5, 0.40%, 0, 0, 17, 427.58 259 935411
1605561278, 0, 113, 117, 79, 5, 0.40%, 0, 0, 17, 190.47 261 975145
1605561288, 0, 114, 117, 78, 5, 0.40%, 0, 0, 17, 173.09 261 977398
1605561692, 0, 116, 117, 77, 4, 0.40%, 0, 0, 17, 173.25 261 1019889
1605561717, 0, 116, 118, 78, 4, 0.40%, 0, 0, 18, 415.99 262 1022587
1605561912, 0, 116, 119, 79, 4, 0.40%, 0, 0, 18, 52.23 263 1040871
1605561917, 0, 116, 120, 80, 4, 0.40%, 0, 0, 18, 51.54 264 1041135
