# unix_time, cycles_done, cur_path, paths_total, pending_total, pending_favs, map_size, unique_crashes, unique_hangs, max_depth, execs_per_sec, edge_coverage, total_execs
1606826316, 0, 0, 1, 1, 1, 0.49%, 0, 0, 1, 95.24, 321, 8
1606826321, 0, 0, 99, 99, 1, 1.22%, 0, 0, 2, 690.80, 798, 3676
1606826326, 0, 0, 124, 124, 1, 1.44%, 0, 0, 2, 672.64, 941, 7139
1606826331, 0, 0, 132, 132, 1, 1.56%, 0, 0, 2, 680.95, 1024, 10687
1606826336, 0, 0, 138, 138, 1, 1.57%, 0, 0, 2, 679.56, 1028, 14102
1606826341, 0, 0, 139, 139, 1, 1.57%, 0, 0, 2, 677.29, 1028, 17516
1606826347, 0, 0, 141, 141, 1, 1.57%, 0, 0, 2, 666.65, 1030, 20899
1606826352, 0, 0, 142, 142, 1, 1.57%, 0, 0, 2, 655.82, 1030, 24274
1606826357, 0, 0, 148, 148, 1, 1.61%, 0, 0, 2, 639.21, 1056, 27540
1606826362, 0, 0, 150, 150, 1, 1.62%, 0, 0, 2, 650.62, 1063, 30903
1606826367, 0, 0, 152, 152, 1, 1.65%, 0, 0, 2, 652.99, 1083, 34182
1606826372, 0, 18, 153, 152, 56, 1.65%, 0, 0, 2, 685.06, 1083, 37653
1606826377, 0, 20, 154, 152, 56, 1.66%, 0, 0, 3, 707.81, 1085, 41282
1606826382, 0, 24, 157, 154, 57, 1.66%, 0, 0, 3, 683.81, 1086, 44653
1606826387, 0, 25, 158, 154, 56, 1.66%, 0, 0, 3, 684.65, 1086, 48144
1606826392, 0, 32, 158, 152, 54, 1.66%, 0, 0, 3, 685.08, 1086, 51646
1606826398, 0, 34, 158, 151, 53, 1.66%, 0, 0, 3, 702.67, 1086, 55405
1606826403, 0, 35, 158, 150, 52, 1.66%, 0, 0, 3, 698.51, 1086, 58931
1606826408, 0, 35, 160, 152, 52, 1.66%, 0, 0, 3, 668.51, 1091, 62417
1606826413, 0, 35, 162, 154, 52, 1.67%, 0, 0, 3, 689.61, 1095, 65995
1606826418, 0, 35, 167, 159, 52, 1.68%, 0, 0, 3, 688.09, 1104, 69558
1606826423, 0, 35, 168, 160, 52, 1.69%, 0, 0, 3, 677.58, 1107, 73102
1606826428, 0, 35, 169, 161, 52, 1.69%, 0, 0, 3, 667.87, 1108, 76451
1606826433, 0, 35, 170, 162, 52, 1.72%, 0, 0, 3, 678.41, 1127, 79878
1606826444, 0, 35, 173, 165, 52, 1.74%, 0, 0, 3, 678.84, 1139, 86740
1606826449, 0, 35, 176, 168, 52, 1.74%, 0, 0, 3, 679.92, 1139, 90157
1606826454, 0, 38, 178, 169, 59, 1.74%, 0, 0, 3, 700.39, 1139, 93774
1606826459, 0, 38, 180, 171, 59, 1.74%, 0, 0, 3, 691.64, 1143, 97335
1606826464, 0, 52, 180, 170, 59, 1.74%, 0, 0, 3, 663.68, 1143, 100705
1606826469, 0, 65, 180, 169, 58, 1.74%, 0, 0, 3, 690.93, 1143, 104213
1606826474, 0, 71, 181, 168, 57, 1.75%, 0, 0, 3, 673.59, 1149, 107738
1606826479, 0, 77, 181, 167, 56, 1.75%, 0, 0, 3, 668.99, 1149, 111300
1606826485, 0, 79, 181, 165, 54, 1.75%, 0, 0, 3, 675.41, 1149, 114840
1606826490, 0, 82, 182, 164, 53, 1.76%, 0, 0, 3, 655.30, 1155, 118178
1606826495, 0, 84, 183, 164, 52, 1.76%, 0, 0, 3, 669.71, 1155, 121616
1606826500, 0, 86, 184, 163, 51, 1.76%, 0, 0, 3, 646.86, 1155, 124937
1606826505, 0, 89, 184, 161, 49, 1.76%, 0, 0, 3, 648.33, 1155, 128151
1606826510, 0, 90, 185, 161, 49, 1.77%, 0, 0, 3, 652.72, 1160, 131536
1606826515, 0, 91, 186, 161, 49, 1.77%, 0, 0, 3, 654.99, 1160, 134893
1606826520, 0, 92, 189, 163, 48, 1.77%, 0, 0, 3, 709.44, 1160, 138515
1606826525, 0, 95, 189, 161, 47, 1.77%, 0, 0, 3, 686.26, 1160, 141980
1606826536, 0, 97, 189, 160, 46, 1.77%, 0, 0, 3, 658.15, 1160, 149029
1606826541, 0, 98, 190, 160, 45, 1.77%, 0, 0, 3, 688.72, 1160, 152470
1606826546, 0, 99, 191, 160, 45, 1.77%, 0, 0, 3, 669.81, 1161, 155882
1606826551, 0, 100, 193, 161, 44, 1.77%, 0, 0, 3, 655.63, 1163, 159221
1606826556, 0, 112, 196, 162, 43, 1.79%, 0, 0, 3, 651.44, 1171, 162589
1606826561, 0, 112, 202, 168, 43, 1.86%, 0, 0, 3, 635.63, 1221, 165871
1606826566, 0, 112, 205, 171, 43, 1.89%, 0, 0, 3, 612.06, 1241, 168979
1606826571, 0, 112, 209, 175, 43, 1.91%, 0, 0, 3, 621.24, 1253, 172131
1606826577, 0, 112, 210, 176, 43, 1.92%, 0, 0, 3, 635.32, 1256, 175427
1606826582, 0, 112, 212, 178, 43, 1.92%, 0, 0, 3, 635.73, 1257, 178719
1606826587, 0, 112, 213, 179, 43, 1.92%, 0, 0, 3, 636.75, 1257, 182015
1606826592, 0, 112, 214, 180, 43, 1.93%, 0, 0, 3, 620.93, 1263, 185155
1606826597, 0, 112, 215, 181, 43, 1.93%, 0, 0, 3, 616.50, 1263, 188271
1606826612, 0, 116, 217, 181, 54, 1.93%, 0, 0, 3, 660.93, 1265, 198096
1606826618, 0, 116, 220, 184, 54, 1.95%, 0, 0, 3, 645.28, 1281, 201405
1606826628, 0, 118, 222, 185, 54, 1.95%, 0, 0, 3, 674.66, 1281, 208019
1606826633, 0, 118, 223, 186, 54, 1.95%, 0, 0, 3, 669.19, 1281, 211444
1606826638, 0, 123, 224, 185, 52, 1.95%, 0, 0, 3, 683.70, 1281, 214838
1606826643, 0, 124, 225, 185, 52, 1.95%, 0, 0, 3, 678.29, 1281, 218236
1606826648, 0, 124, 229, 189, 52, 1.96%, 0, 0, 3, 644.79, 1284, 221409
1606826653, 0, 124, 234, 194, 52, 1.96%, 0, 0, 3, 642.65, 1284, 224737
1606826658, 0, 124, 235, 195, 52, 1.96%, 0, 0, 3, 640.95, 1284, 228045
1606826663, 0, 124, 237, 197, 52, 1.96%, 0, 0, 3, 635.40, 1284, 231205
1606826668, 0, 124, 239, 199, 52, 1.97%, 0, 0, 3, 635.13, 1293, 234509
1606826689, 0, 124, 240, 200, 52, 1.97%, 0, 0, 3, 626.43, 1293, 247105
1606826694, 0, 124, 241, 201, 52, 1.97%, 0, 0, 3, 638.58, 1293, 250401
1606826699, 0, 128, 242, 200, 50, 1.97%, 0, 0, 3, 619.68, 1293, 253506
1606826704, 0, 128, 243, 201, 50, 1.97%, 0, 0, 3, 620.56, 1293, 256669
1606826709, 0, 133, 243, 200, 49, 1.97%, 0, 0, 3, 665.86, 1293, 260026
1606826714, 0, 138, 243, 198, 47, 1.97%, 0, 0, 3, 651.30, 1293, 263448
1606826720, 0, 139, 243, 197, 46, 1.97%, 0, 0, 3, 662.47, 1293, 266864
