# unix_time, cycles_done, cur_path, paths_total, pending_total, pending_favs, map_size, unique_crashes, unique_hangs, max_depth, execs_per_sec, edge_coverage, total_execs
1603576522, 0, 0, 1, 1, 1, 1.82%, 0, 0, 1, 1.33, 1190, 8
1603576527, 0, 0, 73, 73, 1, 2.02%, 0, 0, 2, 1024.64, 1321, 2818
1603576532, 0, 0, 180, 180, 1, 2.13%, 0, 0, 2, 1040.92, 1397, 8109
1603576537, 0, 0, 190, 190, 1, 2.13%, 0, 0, 2, 898.54, 1397, 12781
1603576542, 0, 0, 195, 195, 1, 2.13%, 0, 0, 2, 717.04, 1397, 16303
1603576547, 0, 0, 200, 200, 1, 2.13%, 0, 0, 2, 585.22, 1397, 19103
1603576552, 0, 0, 278, 278, 1, 2.29%, 0, 0, 2, 623.75, 1500, 22161
1603576557, 0, 0, 292, 292, 1, 2.35%, 0, 0, 2, 428.30, 1541, 24177
1603576563, 0, 0, 307, 307, 1, 2.36%, 0, 0, 2, 651.02, 1545, 27077
1603576568, 0, 0, 311, 311, 1, 2.36%, 0, 0, 2, 1064.15, 1545, 33127
1603576588, 0, 0, 330, 330, 1, 2.39%, 0, 0, 2, 457.68, 1565, 44913
1603576593, 0, 0, 333, 333, 1, 2.39%, 0, 0, 2, 5.41, 1566, 45910
1603576598, 0, 0, 350, 350, 1, 2.40%, 0, 0, 2, 1142.32, 1570, 49850
1603576609, 0, 0, 351, 351, 1, 2.40%, 0, 0, 2, 812.27, 1570, 59392
1603576614, 0, 0, 352, 352, 1, 2.40%, 0, 0, 2, 596.54, 1570, 62180
1603576619, 0, 0, 358, 358, 1, 2.40%, 0, 0, 2, 527.06, 1570, 64810
1603576624, 0, 0, 359, 359, 1, 2.40%, 0, 0, 2, 382.59, 1570, 66660
1603576629, 0, 0, 362, 362, 1, 2.40%, 0, 0, 2, 610.38, 1570, 69173
1603576634, 0, 0, 364, 364, 1, 2.40%, 0, 0, 2, 996.70, 1570, 72748
1603576639, 0, 0, 366, 366, 1, 2.40%, 0, 0, 2, 694.71, 1571, 75932
1603576644, 0, 0, 374, 374, 1, 2.40%, 0, 0, 2, 4.70, 1572, 76731
1603576649, 0, 0, 376, 376, 1, 2.40%, 0, 0, 2, 4.70, 1572, 76755
1603576655, 0, 0, 380, 380, 1, 2.40%, 0, 0, 2, 8.13, 1572, 76803
1603576660, 0, 0, 381, 381, 1, 2.40%, 0, 0, 2, 6.93, 1572, 76835
1603576665, 0, 0, 385, 385, 1, 2.40%, 0, 0, 2, 317.37, 1572, 77336
1603576670, 0, 0, 401, 401, 1, 2.40%, 0, 0, 2, 1668.36, 1575, 80754
1603576680, 0, 0, 406, 406, 1, 2.40%, 0, 0, 2, 1624.43, 1575, 90042
1603576685, 0, 0, 412, 412, 1, 2.40%, 0, 0, 2, 1486.23, 1575, 96927
1603576690, 0, 0, 416, 416, 1, 2.40%, 0, 0, 2, 1287.17, 1575, 103516
1603576695, 0, 0, 417, 417, 1, 2.40%, 0, 0, 2, 882.26, 1575, 107586
1603576751, 0, 0, 418, 418, 1, 2.40%, 0, 0, 2, 628.93, 1575, 159998
1603576833, 0, 0, 421, 421, 1, 2.41%, 0, 0, 2, 500.99, 1579, 205510
1603576838, 0, 0, 423, 423, 1, 2.41%, 0, 0, 2, 462.43, 1579, 207759
1603576888, 0, 0, 424, 424, 1, 2.41%, 0, 0, 2, 1936.21, 1579, 228122
1603576960, 0, 0, 425, 425, 1, 2.41%, 0, 0, 2, 312.14, 1579, 262703
1603576970, 0, 0, 426, 426, 1, 2.41%, 0, 0, 2, 528.87, 1581, 269789
1603577000, 0, 0, 429, 429, 1, 2.41%, 0, 0, 2, 898.00, 1582, 281495
1603577016, 0, 0, 434, 434, 1, 2.41%, 0, 0, 2, 548.41, 1582, 293136
1603577026, 0, 0, 439, 439, 1, 2.41%, 0, 0, 2, 945.91, 1582, 299819
1603577031, 0, 0, 441, 441, 1, 2.42%, 0, 0, 2, 1222.23, 1583, 306861
1603577093, 0, 0, 447, 447, 1, 2.42%, 0, 0, 2, 593.78, 1584, 355665
1603577098, 0, 0, 450, 450, 1, 2.42%, 0, 0, 2, 463.59, 1584, 357867
1603577113, 0, 0, 452, 452, 1, 2.42%, 0, 0, 2, 856.23, 1585, 366461
1603577220, 0, 0, 459, 459, 1, 2.42%, 0, 0, 2, 531.70, 1587, 460103
1603577236, 0, 0, 460, 460, 1, 2.42%, 0, 0, 2, 364.18, 1587, 466284
1603577241, 0, 0, 462, 462, 1, 2.42%, 0, 0, 2, 9.84, 1587, 467989
1603577246, 0, 0, 465, 465, 1, 2.43%, 0, 0, 2, 1021.59, 1595, 471007
1603577251, 0, 0, 466, 466, 1, 2.43%, 0, 0, 2, 1199.67, 1595, 476683
1603577333, 0, 0, 475, 475, 1, 2.46%, 0, 0, 2, 725.77, 1611, 553211
1603577338, 0, 0, 481, 481, 1, 2.46%, 0, 0, 2, 533.87, 1611, 555603
1603577348, 0, 0, 485, 485, 1, 2.46%, 0, 0, 2, 377.16, 1611, 559885
1603577358, 0, 0, 497, 497, 1, 2.47%, 0, 0, 2, 2184.89, 1618, 565451
1603577364, 0, 2, 498, 497, 101, 2.47%, 0, 0, 2, 2642.54, 1618, 579510
1603577502, 0, 2, 499, 498, 101, 2.47%, 0, 0, 3, 2813.73, 1618, 970306
1603577532, 0, 6, 499, 497, 100, 2.47%, 0, 0, 3, 2801.15, 1618, 1056973
1603577558, 0, 6, 500, 498, 100, 2.47%, 0, 0, 3, 2828.37, 1622, 1128885
1603577640, 0, 6, 501, 499, 100, 2.48%, 0, 0, 3, 2785.50, 1626, 1359585
1603577706, 0, 8, 501, 498, 101, 2.48%, 0, 0, 3, 2826.23, 1626, 1547115
1603577711, 0, 8, 502, 499, 101, 2.48%, 0, 0, 3, 2733.07, 1627, 1560823
1603577885, 0, 10, 502, 498, 101, 2.48%, 0, 0, 3, 2789.93, 1627, 2039886
1603577905, 0, 27, 503, 498, 101, 2.48%, 0, 0, 3, 374.94, 1627, 2096571
1603577910, 0, 27, 504, 499, 101, 2.48%, 0, 0, 3, 101.27, 1627, 2097406
1603577946, 0, 27, 506, 501, 101, 2.49%, 0, 0, 3, 216.45, 1629, 2115746
1603577997, 0, 27, 509, 504, 101, 2.49%, 0, 0, 3, 342.28, 1631, 2136776
1603578043, 0, 27, 510, 505, 101, 2.49%, 0, 0, 3, 312.46, 1631, 2157223
1603578330, 0, 27, 511, 506, 101, 2.49%, 0, 0, 3, 313.52, 1631, 2298801
1603578484, 0, 27, 512, 507, 101, 2.49%, 0, 0, 3, 104.32, 1635, 2335581
1603578735, 0, 27, 513, 508, 101, 2.49%, 0, 0, 3, 280.35, 1635, 2385957
1603579057, 0, 27, 514, 509, 101, 2.49%, 0, 0, 3, 1154.02, 1635, 2567591
1603579133, 0, 27, 515, 510, 101, 2.50%, 0, 0, 3, 528.39, 1636, 2637957
1603579164, 0, 27, 516, 511, 101, 2.50%, 0, 0, 3, 249.29, 1636, 2651860
1603579169, 0, 27, 518, 513, 101, 2.50%, 0, 0, 3, 376.33, 1636, 2653845
1603579179, 0, 27, 520, 515, 101, 2.50%, 0, 0, 3, 272.24, 1636, 2657392
1603579225, 0, 30, 520, 514, 104, 2.50%, 0, 0, 3, 2475.00, 1636, 2662554
1603579231, 0, 31, 520, 513, 103, 2.50%, 0, 0, 3, 2713.45, 1636, 2676970
1603579236, 0, 36, 520, 512, 102, 2.50%, 0, 0, 3, 2685.83, 1636, 2690759
1603579266, 0, 36, 521, 513, 102, 2.50%, 0, 0, 3, 2605.47, 1636, 2769382
1603579271, 0, 39, 521, 512, 101, 2.50%, 0, 0, 3, 2625.78, 1636, 2782664
1603579282, 0, 42, 521, 511, 100, 2.50%, 0, 0, 3, 2639.80, 1636, 2809476
1603579307, 0, 42, 522, 512, 100, 2.50%, 0, 0, 3, 2654.73, 1636, 2875277
1603579312, 0, 60, 523, 512, 99, 2.50%, 0, 0, 3, 2549.46, 1636, 2888639
1603579419, 0, 68, 523, 511, 98, 2.50%, 0, 0, 3, 1887.53, 1636, 3109766
1603579454, 0, 68, 525, 513, 98, 2.50%, 0, 0, 3, 2064.39, 1639, 3174304
1603579567, 0, 69, 525, 512, 99, 2.50%, 0, 0, 3, 2413.84, 1639, 3394589
1603579598, 0, 70, 526, 512, 98, 2.50%, 0, 0, 3, 2604.18, 1640, 3474166
1603579628, 0, 71, 526, 511, 98, 2.50%, 0, 0, 3, 2624.25, 1640, 3554190
1603579659, 0, 72, 526, 510, 97, 2.50%, 0, 0, 3, 2555.00, 1640, 3633366
1603579690, 0, 72, 527, 511, 97, 2.52%, 0, 0, 3, 2661.12, 1650, 3713191
1603579695, 0, 80, 529, 512, 97, 2.52%, 0, 0, 3, 2578.15, 1652, 3726430
1603579731, 0, 91, 529, 511, 96, 2.52%, 0, 0, 3, 1782.29, 1652, 3813187
1603579914, 0, 93, 529, 510, 95, 2.52%, 0, 0, 3, 1659.43, 1652, 4124974
1603580086, 0, 94, 529, 509, 94, 2.52%, 0, 0, 3, 2034.28, 1652, 4423566
1603580132, 0, 95, 529, 508, 93, 2.52%, 0, 0, 3, 2421.21, 1652, 4535372
1603580157, 0, 95, 530, 509, 93, 2.52%, 0, 0, 3, 2539.79, 1653, 4599622
1603580162, 0, 95, 531, 510, 93, 2.52%, 0, 0, 3, 2532.28, 1653, 4612322
1603580168, 0, 115, 532, 510, 92, 2.52%, 0, 0, 3, 2038.98, 1653, 4622166
1603580356, 0, 121, 532, 509, 92, 2.52%, 0, 0, 3, 2301.30, 1653, 4945341
1603580386, 0, 121, 533, 510, 92, 2.52%, 0, 0, 3, 2580.31, 1653, 5022438
1603580391, 0, 125, 534, 510, 92, 2.52%, 0, 0, 3, 2509.44, 1653, 5034663
1603580432, 0, 142, 535, 510, 91, 2.52%, 0, 0, 3, 1719.16, 1653, 5131450
1603580447, 0, 142, 536, 511, 91, 2.52%, 0, 0, 3, 1429.81, 1653, 5152104
1603580478, 0, 142, 537, 512, 91, 2.52%, 0, 0, 3, 1614.83, 1653, 5196488
1603580549, 0, 142, 538, 513, 91, 2.52%, 0, 0, 3, 1812.77, 1653, 5310238
1603580625, 0, 144, 538, 512, 91, 2.52%, 0, 0, 3, 1940.74, 1653, 5443947
1603580671, 0, 151, 538, 511, 90, 2.52%, 0, 0, 3, 1911.80, 1653, 5551140
1603580824, 0, 160, 538, 510, 89, 2.52%, 0, 0, 3, 1923.26, 1653, 5836095
1603580885, 0, 185, 538, 509, 88, 2.52%, 0, 0, 3, 721.99, 1653, 5957449
1603580911, 0, 185, 539, 510, 88, 2.52%, 0, 0, 3, 456.05, 1653, 5974188
1603581714, 0, 203, 539, 509, 87, 2.52%, 0, 0, 3, 2070.50, 1653, 6537263
1603581724, 0, 203, 540, 510, 87, 2.52%, 0, 0, 3, 1826.49, 1653, 6555245
1603581734, 0, 203, 541, 511, 87, 2.53%, 0, 0, 3, 1777.16, 1658, 6572864
1603581862, 0, 205, 544, 513, 85, 2.53%, 0, 0, 3, 1862.71, 1658, 6820806
1603581959, 0, 205, 546, 515, 85, 2.53%, 0, 0, 3, 2106.38, 1658, 7006038
1603582010, 0, 211, 546, 514, 84, 2.53%, 0, 0, 3, 1864.18, 1658, 7103952
1603582091, 0, 211, 547, 515, 84, 2.53%, 0, 0, 3, 1894.63, 1658, 7254477
1603582107, 0, 211, 548, 516, 84, 2.53%, 0, 0, 3, 1955.81, 1658, 7284458
1603582157, 0, 214, 548, 515, 83, 2.53%, 0, 0, 3, 1867.81, 1658, 7383298
1603582193, 0, 214, 549, 516, 83, 2.53%, 0, 0, 3, 1908.93, 1658, 7447578
1603582259, 0, 214, 550, 517, 83, 2.53%, 0, 0, 3, 2102.55, 1658, 7576009
1603582311, 0, 224, 552, 518, 82, 2.53%, 0, 0, 3, 1825.40, 1658, 7675166
1603582407, 0, 224, 553, 519, 82, 2.53%, 0, 0, 3, 2104.23, 1658, 7858854
1603582433, 0, 224, 554, 520, 82, 2.53%, 0, 0, 3, 1874.33, 1658, 7908983
1603582458, 0, 226, 556, 521, 81, 2.53%, 0, 0, 3, 1335.14, 1658, 7955764
1603583286, 0, 227, 556, 520, 80, 2.53%, 0, 0, 3, 811.63, 1658, 8535493
1603584115, 0, 238, 557, 520, 79, 2.53%, 0, 0, 3, 238.81, 1658, 9110245
1603584151, 0, 238, 559, 522, 79, 2.53%, 0, 0, 3, 486.97, 1658, 9132604
1603584176, 0, 238, 560, 523, 79, 2.53%, 0, 0, 3, 493.93, 1658, 9150478
1603584181, 0, 238, 562, 525, 79, 2.53%, 0, 0, 3, 10.16, 1658, 9151880
1603584207, 0, 238, 563, 526, 79, 2.53%, 0, 0, 3, 507.23, 1658, 9170929
1603584228, 0, 238, 565, 528, 79, 2.53%, 0, 0, 3, 4.60, 1658, 9182394
1603584233, 0, 238, 566, 529, 79, 2.53%, 0, 0, 3, 5.23, 1658, 9182420
1603584568, 0, 238, 567, 530, 79, 2.53%, 0, 0, 3, 145.00, 1658, 9383786
1603584589, 0, 238, 568, 531, 79, 2.53%, 0, 0, 3, 555.85, 1658, 9399885
1603584666, 0, 238, 569, 532, 79, 2.53%, 0, 0, 3, 476.02, 1658, 9462727
1603584921, 0, 238, 571, 534, 79, 2.53%, 0, 0, 3, 597.29, 1658, 9675007
1603584952, 0, 241, 571, 533, 79, 2.53%, 0, 0, 3, 2023.82, 1658, 9690719
1603585105, 0, 242, 571, 532, 78, 2.53%, 0, 0, 3, 1786.05, 1658, 9979177
1603585258, 0, 244, 572, 532, 78, 2.53%, 0, 0, 3, 1834.43, 1658, 10266783
1603585411, 0, 251, 572, 531, 77, 2.53%, 0, 0, 3, 1794.97, 1658, 10555879
1603585564, 0, 263, 572, 530, 76, 2.53%, 0, 0, 3, 1785.12, 1658, 10843218
1603585717, 0, 264, 572, 529, 75, 2.53%, 0, 0, 3, 1808.88, 1658, 11129415
1603585875, 0, 265, 572, 528, 74, 2.53%, 0, 0, 3, 1790.75, 1658, 11425008
1603586028, 0, 266, 575, 530, 73, 2.53%, 0, 0, 3, 11.49, 1658, 11707683
1603586033, 0, 266, 579, 534, 73, 2.54%, 0, 0, 3, 1101.79, 1663, 11712025
1603586064, 0, 266, 581, 536, 73, 2.54%, 0, 0, 3, 542.70, 1663, 11730396
1603586089, 0, 266, 582, 537, 73, 2.54%, 0, 0, 3, 466.33, 1663, 11748233
1603586094, 0, 266, 583, 538, 73, 2.54%, 0, 0, 3, 24.15, 1663, 11749401
1603586099, 0, 266, 585, 540, 73, 2.54%, 0, 0, 3, 970.62, 1663, 11754752
1603586120, 0, 266, 586, 541, 73, 2.54%, 0, 0, 3, 508.05, 1663, 11768558
1603586125, 0, 266, 587, 542, 73, 2.54%, 0, 0, 3, 4.43, 1663, 11769972
1603586142, 0, 266, 588, 543, 73, 2.54%, 0, 0, 3, 4.20, 1663, 11779929
1603586147, 0, 266, 592, 547, 73, 2.54%, 0, 0, 3, 4.46, 1663, 11779961
1603586162, 0, 266, 594, 549, 73, 2.54%, 0, 0, 3, 316.67, 1663, 11784242
1603586488, 0, 266, 596, 551, 73, 2.54%, 0, 0, 3, 743.74, 1663, 11982626
1603586508, 0, 266, 597, 552, 73, 2.54%, 0, 0, 3, 14.57, 1663, 11997210
1603586585, 0, 266, 598, 553, 73, 2.54%, 0, 0, 3, 472.14, 1663, 12060241
1603586839, 0, 266, 600, 555, 73, 2.54%, 0, 0, 3, 651.03, 1663, 12272189
1603586870, 0, 268, 600, 554, 74, 2.54%, 0, 0, 3, 2193.70, 1663, 12285697
1603587023, 0, 273, 600, 553, 73, 2.54%, 0, 0, 3, 1841.30, 1663, 12577025
1603587176, 0, 274, 600, 552, 72, 2.54%, 0, 0, 3, 1777.52, 1663, 12867956
1603587329, 0, 276, 600, 551, 71, 2.54%, 0, 0, 3, 1761.93, 1663, 13153657
1603587876, 0, 276, 601, 552, 71, 2.54%, 0, 0, 3, 480.76, 1663, 13506681
1603588131, 0, 276, 602, 553, 71, 2.54%, 0, 0, 3, 687.28, 1663, 13718501
1603588136, 0, 276, 603, 554, 71, 2.54%, 0, 0, 3, 507.49, 1663, 13720815
1603588162, 0, 278, 603, 553, 71, 2.54%, 0, 0, 3, 1706.52, 1663, 13731566
1603588269, 0, 278, 604, 554, 71, 2.54%, 0, 0, 3, 4.41, 1663, 13803917
1603588989, 0, 278, 605, 555, 71, 2.54%, 0, 0, 3, 357.01, 1666, 14307407
1603588994, 0, 281, 605, 554, 71, 2.54%, 0, 0, 3, 1417.57, 1666, 14313987
1603589571, 0, 292, 605, 553, 70, 2.54%, 0, 0, 3, 1160.89, 1666, 14818748
1603589627, 0, 294, 605, 552, 69, 2.54%, 0, 0, 3, 2694.97, 1666, 14968379
1603589632, 0, 301, 605, 551, 68, 2.54%, 0, 0, 3, 2582.51, 1666, 14981486
1603589673, 0, 304, 605, 550, 67, 2.54%, 0, 0, 3, 2365.66, 1666, 15080586
1603589708, 0, 315, 605, 549, 66, 2.54%, 0, 0, 3, 478.66, 1666, 15169484
1603590541, 0, 316, 605, 548, 65, 2.54%, 0, 0, 3, 1849.61, 1666, 15758637
1603590688, 0, 318, 606, 548, 64, 2.54%, 0, 0, 3, 242.46, 1666, 16038675
1603590714, 0, 318, 607, 549, 64, 2.54%, 0, 0, 3, 500.03, 1667, 16057079
1603590724, 0, 318, 609, 551, 64, 2.54%, 0, 0, 3, 658.53, 1667, 16062099
1603590750, 0, 318, 610, 552, 64, 2.54%, 0, 0, 3, 441.86, 1667, 16079283
1603590755, 0, 318, 612, 554, 64, 2.54%, 0, 0, 3, 389.01, 1667, 16080849
1603590781, 0, 318, 613, 555, 64, 2.54%, 0, 0, 3, 464.86, 1667, 16099997
1603590801, 0, 318, 616, 558, 64, 2.54%, 0, 0, 3, 4.77, 1667, 16110779
1603591143, 0, 318, 617, 559, 64, 2.54%, 0, 0, 3, 1376.36, 1667, 16314810
1603591164, 0, 318, 618, 560, 64, 2.54%, 0, 0, 3, 411.73, 1667, 16328786
1603591235, 0, 318, 619, 561, 64, 2.54%, 0, 0, 3, 546.92, 1667, 16389470
1603591502, 0, 318, 621, 563, 64, 2.54%, 0, 0, 3, 519.18, 1667, 16609557
1603591533, 0, 321, 621, 562, 65, 2.54%, 0, 0, 3, 1915.10, 1667, 16627434
1603591686, 0, 330, 621, 561, 64, 2.54%, 0, 0, 3, 2378.76, 1667, 16923407
1603591835, 0, 330, 622, 562, 64, 2.54%, 0, 0, 3, 2663.34, 1667, 17315524
1603591871, 0, 341, 622, 561, 64, 2.54%, 0, 0, 3, 2621.17, 1667, 17410237
1603592019, 0, 359, 623, 561, 63, 2.54%, 0, 0, 3, 1339.98, 1667, 17693719
1603592050, 0, 359, 624, 562, 63, 2.54%, 0, 0, 3, 953.41, 1667, 17717339
1603592075, 0, 359, 625, 563, 63, 2.54%, 0, 0, 3, 514.98, 1667, 17734888
1603592116, 0, 359, 626, 564, 63, 2.54%, 0, 0, 3, 433.53, 1667, 17765992
1603592412, 0, 359, 627, 565, 63, 2.54%, 0, 0, 3, 600.85, 1667, 17981141
1603592484, 0, 359, 628, 566, 63, 2.54%, 0, 0, 3, 557.06, 1667, 18044692
1603592729, 0, 359, 629, 567, 63, 2.54%, 0, 0, 3, 577.51, 1667, 18265910
1603592754, 0, 367, 629, 566, 63, 2.54%, 0, 0, 3, 1711.66, 1667, 18283307
1603592759, 0, 369, 629, 565, 62, 2.54%, 0, 0, 3, 2573.14, 1667, 18297728
1603592805, 0, 369, 630, 566, 62, 2.54%, 0, 0, 3, 2736.64, 1667, 18424088
1603592810, 0, 392, 630, 565, 62, 2.54%, 0, 0, 3, 2710.24, 1667, 18437757
1603592815, 0, 392, 631, 566, 62, 2.54%, 0, 0, 3, 2682.93, 1667, 18451125
1603592856, 0, 392, 632, 567, 62, 2.54%, 0, 0, 3, 2699.59, 1667, 18561188
1603592872, 0, 393, 632, 566, 62, 2.54%, 0, 0, 3, 2459.00, 1667, 18600936
1603592912, 0, 400, 632, 565, 61, 2.54%, 0, 0, 3, 2267.09, 1667, 18698754
1603592948, 0, 405, 633, 565, 61, 2.54%, 0, 0, 3, 1954.93, 1667, 18787646
1603593136, 0, 414, 633, 564, 60, 2.54%, 0, 0, 3, 2042.43, 1667, 19108789
1603593187, 0, 417, 633, 563, 59, 2.54%, 0, 0, 3, 2170.73, 1667, 19224411
1603593248, 0, 417, 634, 564, 59, 2.54%, 0, 0, 3, 2079.12, 1667, 19346914
1603593304, 0, 428, 634, 563, 59, 2.54%, 0, 0, 3, 1932.78, 1667, 19461373
1603593452, 0, 440, 634, 562, 58, 2.54%, 0, 0, 3, 1930.78, 1667, 19741915
1603593508, 0, 445, 634, 561, 57, 2.54%, 0, 0, 3, 1991.97, 1667, 19868723
1603593666, 0, 450, 634, 560, 56, 2.54%, 0, 0, 3, 2279.17, 1667, 20165929
1603593702, 0, 466, 634, 559, 55, 2.54%, 0, 0, 3, 2117.67, 1667, 20252394
1603593850, 0, 467, 634, 558, 54, 2.54%, 0, 0, 3, 1812.92, 1667, 20533364
1603593998, 0, 471, 634, 557, 53, 2.54%, 0, 0, 3, 1832.80, 1667, 20815952
1603594039, 0, 471, 635, 558, 53, 2.55%, 0, 0, 3, 2043.14, 1669, 20890668
1603594156, 0, 472, 635, 557, 53, 2.55%, 0, 0, 3, 1453.11, 1669, 21112450
1603594528, 0, 472, 636, 558, 53, 2.55%, 0, 0, 3, 546.45, 1669, 21420684
1603594645, 0, 472, 637, 559, 53, 2.55%, 0, 0, 3, 1016.27, 1669, 21527620
1603594762, 0, 472, 638, 560, 53, 2.55%, 0, 0, 3, 654.56, 1669, 21636637
1603594767, 0, 473, 638, 559, 52, 2.55%, 0, 0, 3, 1067.81, 1669, 21642583
1603594788, 0, 473, 639, 560, 52, 2.55%, 0, 0, 3, 563.44, 1669, 21656879
1603595338, 0, 473, 640, 561, 52, 2.55%, 0, 0, 3, 836.91, 1670, 22095947
1603595476, 0, 476, 640, 560, 52, 2.55%, 0, 0, 3, 1018.07, 1670, 22217665
1603595527, 0, 476, 641, 561, 52, 2.55%, 0, 0, 3, 496.50, 1670, 22254169
1603595727, 0, 476, 643, 563, 52, 2.55%, 0, 0, 3, 542.23, 1670, 22413517
1603595803, 0, 476, 644, 564, 52, 2.55%, 0, 0, 3, 481.46, 1670, 22460270
1603595906, 0, 476, 645, 565, 52, 2.55%, 0, 0, 3, 591.82, 1670, 22547150
1603596039, 0, 476, 646, 566, 52, 2.55%, 0, 0, 3, 1749.00, 1670, 22659384
1603596176, 0, 478, 646, 565, 51, 2.55%, 0, 0, 3, 772.39, 1670, 22778843
1603596181, 0, 478, 647, 566, 51, 2.55%, 0, 0, 3, 1052.77, 1670, 22784506
1603596207, 0, 478, 648, 567, 51, 2.55%, 0, 0, 3, 887.77, 1670, 22801992
1603596232, 0, 478, 650, 569, 51, 2.77%, 0, 0, 3, 434.06, 1813, 22819743
1603596258, 0, 478, 653, 572, 51, 2.78%, 0, 0, 3, 566.40, 1821, 22839870
1603596263, 0, 478, 654, 573, 51, 2.78%, 0, 0, 3, 768.93, 1821, 22844113
1603596268, 0, 478, 656, 575, 51, 2.78%, 0, 0, 3, 824.51, 1821, 22848335
1603596273, 0, 478, 660, 579, 51, 2.78%, 0, 0, 3, 836.50, 1821, 22852272
1603596620, 0, 478, 661, 580, 51, 2.78%, 0, 0, 3, 501.64, 1821, 23119502
1603596732, 0, 478, 663, 582, 51, 2.78%, 0, 0, 3, 582.45, 1821, 23220953
1603596866, 0, 478, 672, 591, 51, 2.78%, 0, 0, 3, 558.07, 1822, 23339869
1603596886, 0, 483, 673, 591, 53, 2.78%, 0, 0, 3, 834.78, 1822, 23351473
1603596912, 0, 483, 674, 592, 53, 2.78%, 0, 0, 3, 473.26, 1822, 23368947
1603596999, 0, 483, 676, 594, 53, 2.78%, 0, 0, 3, 317.88, 1822, 23421962
1603597407, 0, 483, 677, 595, 53, 2.79%, 0, 0, 3, 528.44, 1828, 23696705
1603597535, 0, 483, 683, 601, 53, 2.81%, 0, 0, 3, 499.78, 1841, 23801867
1603597540, 0, 483, 685, 603, 53, 2.81%, 0, 0, 3, 445.15, 1841, 23804023
1603597698, 0, 483, 687, 605, 53, 2.81%, 0, 0, 3, 369.16, 1841, 23930973
1603597703, 0, 483, 688, 606, 53, 2.81%, 0, 0, 3, 337.84, 1841, 23932628
1603597714, 0, 488, 688, 605, 55, 2.81%, 0, 0, 3, 2212.40, 1841, 23937446
1603597750, 0, 492, 688, 604, 54, 2.81%, 0, 0, 3, 2687.68, 1841, 24031543
1603597765, 0, 493, 688, 603, 53, 2.81%, 0, 0, 3, 2721.35, 1841, 24072431
1603597790, 0, 496, 691, 605, 52, 2.81%, 0, 0, 3, 2730.17, 1841, 24142904
1603597796, 0, 496, 692, 606, 52, 2.81%, 0, 0, 3, 2706.76, 1841, 24156820
1603597806, 0, 496, 693, 607, 52, 2.81%, 0, 0, 3, 2604.41, 1841, 24184037
1603597811, 0, 496, 694, 608, 52, 2.81%, 0, 0, 3, 2619.39, 1841, 24197411
1603597816, 0, 496, 695, 609, 52, 2.81%, 0, 0, 3, 2690.29, 1841, 24211247
1603597821, 0, 499, 696, 609, 52, 2.81%, 0, 0, 3, 2731.92, 1841, 24225367
1603597847, 0, 500, 696, 608, 51, 2.81%, 0, 0, 3, 2784.78, 1841, 24296368
1603597862, 0, 500, 697, 609, 51, 2.81%, 0, 0, 4, 2718.68, 1841, 24337764
1603597867, 0, 501, 699, 610, 50, 2.81%, 0, 0, 4, 2705.69, 1841, 24351749
1603597897, 0, 502, 699, 609, 49, 2.81%, 0, 0, 4, 2732.25, 1841, 24431156
1603597908, 0, 504, 699, 608, 48, 2.81%, 0, 0, 4, 67.82, 1841, 24451872
1603599226, 0, 504, 700, 609, 48, 2.81%, 0, 0, 4, 375.66, 1841, 25032544
1603599297, 0, 506, 700, 608, 48, 2.81%, 0, 0, 4, 119.66, 1841, 25044265
1603600647, 0, 507, 700, 607, 47, 2.81%, 0, 0, 4, 1126.83, 1841, 25636779
1603600652, 0, 507, 702, 609, 47, 2.81%, 0, 0, 4, 1714.44, 1841, 25646641
1603600657, 0, 507, 706, 613, 47, 2.81%, 0, 0, 4, 1811.83, 1841, 25655819
1603600662, 0, 507, 707, 614, 47, 2.81%, 0, 0, 4, 1912.19, 1843, 25665801
1603600677, 0, 507, 708, 615, 47, 2.81%, 0, 0, 4, 1876.32, 1844, 25694248
1603600683, 0, 507, 709, 616, 47, 2.82%, 0, 0, 4, 2178.61, 1845, 25705740
1603600764, 0, 507, 710, 617, 47, 2.82%, 0, 0, 4, 2150.51, 1846, 25872259
1603600795, 0, 511, 710, 616, 51, 2.82%, 0, 0, 4, 1913.75, 1846, 25933065
1603600805, 0, 511, 711, 617, 51, 2.82%, 0, 0, 4, 1901.49, 1848, 25952191
1603600815, 0, 511, 712, 618, 51, 2.82%, 0, 0, 4, 1918.66, 1848, 25971328
1603600825, 0, 511, 713, 619, 51, 2.82%, 0, 0, 4, 1843.16, 1848, 25989959
1603600943, 0, 512, 714, 619, 52, 2.82%, 0, 0, 4, 1373.85, 1848, 26227471
1603601030, 0, 512, 716, 621, 52, 2.82%, 0, 0, 4, 737.33, 1848, 26295723
1603601611, 0, 523, 716, 620, 52, 2.82%, 0, 0, 4, 1114.44, 1848, 26792010
1603601759, 0, 524, 716, 619, 51, 2.82%, 0, 0, 4, 1853.65, 1848, 27078416
1603601913, 0, 525, 716, 618, 50, 2.82%, 0, 0, 4, 2450.92, 1848, 27375907
1603601943, 0, 526, 720, 621, 49, 2.83%, 0, 0, 4, 2634.13, 1852, 27455575
1603601948, 0, 526, 722, 623, 49, 2.83%, 0, 0, 4, 2549.76, 1852, 27468568
1603601969, 0, 526, 723, 624, 49, 2.83%, 0, 0, 4, 2643.45, 1852, 27521274
1603601979, 0, 527, 723, 623, 49, 2.83%, 0, 0, 4, 2517.99, 1852, 27547540
1603602004, 0, 527, 724, 624, 49, 2.83%, 0, 0, 4, 2637.90, 1852, 27613288
1603602009, 0, 529, 724, 623, 49, 2.83%, 0, 0, 4, 2628.49, 1852, 27626708
1603602045, 0, 530, 724, 622, 48, 2.83%, 0, 0, 4, 2590.26, 1852, 27718006
1603602081, 0, 533, 724, 621, 47, 2.83%, 0, 0, 4, 2475.75, 1852, 27809227
1603602111, 0, 533, 725, 622, 47, 2.83%, 0, 0, 4, 2503.29, 1852, 27883866
1603602122, 0, 534, 725, 621, 46, 2.83%, 0, 0, 4, 2075.69, 1852, 27906700
1603602325, 0, 539, 725, 620, 45, 2.83%, 0, 0, 4, 1807.93, 1852, 28236089
1603602478, 0, 541, 725, 619, 44, 2.83%, 0, 0, 4, 1848.29, 1852, 28527591
1603602488, 0, 541, 728, 622, 44, 2.83%, 0, 0, 4, 1824.44, 1852, 28545764
1603602625, 0, 542, 733, 626, 44, 2.83%, 0, 0, 4, 1895.30, 1852, 28813449
1603602783, 0, 545, 733, 625, 44, 2.83%, 0, 0, 4, 1863.50, 1852, 29113730
1603602794, 0, 545, 736, 628, 44, 2.83%, 0, 0, 4, 1804.26, 1852, 29131970
1603602804, 0, 545, 738, 630, 44, 2.83%, 0, 0, 4, 1810.99, 1852, 29150114
1603602850, 0, 545, 739, 631, 44, 2.83%, 0, 0, 4, 1866.73, 1853, 29236368
1603602880, 0, 545, 740, 632, 44, 2.83%, 0, 0, 4, 2009.86, 1853, 29296945
1603602906, 0, 545, 742, 634, 44, 2.83%, 0, 0, 4, 2086.90, 1853, 29348499
1603602936, 0, 552, 743, 634, 45, 2.83%, 0, 0, 4, 1894.40, 1853, 29407377
1603602947, 0, 552, 745, 636, 45, 2.83%, 0, 0, 4, 1758.43, 1854, 29425360
1603602967, 0, 552, 746, 637, 45, 2.83%, 0, 0, 4, 1778.68, 1854, 29461778
1603603095, 0, 553, 746, 636, 45, 2.83%, 0, 0, 4, 1812.75, 1854, 29707189
1603603252, 0, 555, 747, 636, 44, 2.83%, 0, 0, 4, 1903.87, 1854, 30003095
1603603410, 0, 566, 747, 635, 43, 2.83%, 0, 0, 4, 105.00, 1854, 30297591
1603604877, 0, 566, 748, 636, 43, 2.83%, 0, 0, 4, 344.05, 1854, 30499425
1603608106, 0, 566, 750, 638, 43, 2.90%, 0, 0, 4, 278.70, 1902, 30877583
1603608468, 0, 567, 751, 638, 42, 2.90%, 0, 0, 4, 1196.39, 1902, 30894859
1603609162, 0, 580, 751, 637, 41, 2.90%, 0, 0, 4, 718.70, 1902, 31456428
1603609167, 0, 580, 752, 638, 41, 2.90%, 0, 0, 4, 848.07, 1902, 31460562
1603609674, 0, 580, 753, 639, 41, 2.90%, 0, 0, 4, 481.45, 1902, 31745390
1603610041, 0, 580, 754, 640, 41, 2.90%, 0, 0, 4, 493.40, 1902, 32036744
1603610077, 0, 593, 755, 640, 40, 2.90%, 0, 0, 4, 1401.74, 1902, 32049321
1603610082, 0, 593, 760, 645, 40, 2.90%, 0, 0, 4, 1183.10, 1902, 32054638
1603610179, 0, 593, 763, 648, 40, 2.90%, 0, 0, 4, 346.83, 1902, 32122316
1603610841, 0, 600, 763, 647, 39, 2.90%, 0, 0, 4, 639.54, 1902, 32641403
1603610846, 0, 600, 764, 648, 39, 2.90%, 0, 0, 4, 1026.57, 1902, 32647001
1603610933, 0, 600, 765, 649, 39, 2.90%, 0, 0, 4, 861.68, 1902, 32712174
1603611519, 0, 600, 766, 650, 39, 2.90%, 0, 0, 4, 762.20, 1902, 33198231
1603611540, 0, 604, 766, 649, 39, 2.90%, 0, 0, 4, 1785.22, 1902, 33214134
1603611576, 0, 606, 768, 650, 39, 2.90%, 0, 0, 4, 616.94, 1903, 33300143
1603611632, 0, 606, 769, 651, 39, 2.90%, 0, 0, 4, 502.48, 1903, 33338004
1603611663, 0, 606, 770, 652, 39, 2.90%, 0, 0, 4, 517.62, 1903, 33359065
1603612045, 0, 606, 771, 653, 39, 2.90%, 0, 0, 4, 14.73, 1903, 33587831
1603612121, 0, 606, 772, 654, 39, 2.90%, 0, 0, 4, 481.29, 1903, 33650389
1603612398, 0, 606, 774, 656, 39, 2.90%, 0, 0, 4, 552.11, 1903, 33877699
1603612433, 0, 618, 774, 655, 39, 2.90%, 0, 0, 4, 1497.18, 1903, 33894289
1603612459, 0, 618, 775, 656, 39, 2.90%, 0, 0, 4, 588.83, 1903, 33912176
1603612525, 0, 618, 776, 657, 39, 2.90%, 0, 0, 4, 778.37, 1903, 33963391
1603613123, 0, 621, 776, 656, 39, 2.90%, 0, 0, 4, 1452.80, 1903, 34460391
1603613149, 0, 628, 777, 656, 39, 2.90%, 0, 0, 4, 2350.04, 1903, 34527845
1603613200, 0, 628, 778, 657, 39, 2.91%, 0, 0, 4, 546.48, 1905, 34567530
1603613226, 0, 628, 780, 659, 39, 2.91%, 0, 0, 4, 550.25, 1905, 34588074
1603613236, 0, 628, 781, 660, 39, 2.91%, 0, 0, 4, 838.26, 1905, 34596629
1603613690, 0, 628, 782, 661, 39, 2.91%, 0, 0, 4, 502.89, 1905, 34971701
1603613838, 0, 629, 782, 660, 39, 2.91%, 0, 0, 4, 973.72, 1905, 35103605
1603613894, 0, 630, 782, 659, 38, 2.91%, 0, 0, 4, 2697.83, 1905, 35256278
1603613945, 0, 632, 782, 658, 37, 2.91%, 0, 0, 4, 2608.30, 1905, 35394832
1603613971, 0, 632, 783, 659, 37, 2.91%, 0, 0, 4, 2656.41, 1905, 35461425
1603613976, 0, 634, 784, 659, 36, 2.91%, 0, 0, 4, 2408.83, 1905, 35473876
1603614134, 0, 666, 792, 666, 35, 2.91%, 0, 0, 4, 1335.84, 1909, 35768521
1603614160, 0, 666, 806, 680, 35, 2.92%, 0, 0, 4, 495.25, 1914, 35786928
1603614165, 0, 666, 809, 683, 35, 2.92%, 0, 0, 4, 968.00, 1914, 35792097
1603614185, 0, 666, 812, 686, 35, 3.00%, 0, 0, 4, 545.78, 1969, 35806409
1603614190, 0, 666, 813, 687, 35, 3.00%, 0, 0, 4, 853.51, 1969, 35810324
1603614210, 0, 666, 815, 689, 35, 3.00%, 0, 0, 4, 571.15, 1969, 35826488
1603614226, 0, 666, 822, 696, 35, 3.00%, 0, 0, 4, 172.46, 1969, 35837955
1603614231, 0, 666, 823, 697, 35, 3.01%, 0, 0, 4, 1228.89, 1973, 35841971
1603614384, 0, 666, 828, 702, 35, 3.01%, 0, 0, 4, 593.58, 1973, 35966589
1603614389, 0, 666, 830, 704, 35, 3.01%, 0, 0, 4, 482.68, 1973, 35968858
1603614440, 0, 666, 831, 705, 35, 3.01%, 0, 0, 4, 494.23, 1973, 36004235
1603614486, 0, 666, 832, 706, 35, 3.01%, 0, 0, 4, 841.83, 1973, 36030712
1603614573, 0, 666, 835, 709, 35, 3.01%, 0, 0, 4, 608.81, 1973, 36105728
1603614690, 0, 666, 841, 715, 35, 3.01%, 0, 0, 4, 571.18, 1973, 36209182
1603614706, 0, 666, 844, 718, 35, 3.01%, 0, 0, 4, 1026.07, 1973, 36219514
1603614823, 0, 666, 845, 719, 35, 3.01%, 0, 0, 4, 884.27, 1973, 36330531
1603614829, 0, 666, 847, 721, 35, 3.01%, 0, 0, 4, 548.92, 1973, 36332925
1603614849, 0, 671, 848, 721, 44, 3.01%, 0, 0, 4, 908.86, 1973, 36344706
1603614875, 0, 671, 850, 723, 44, 3.01%, 0, 0, 4, 497.10, 1973, 36362739
1603614900, 0, 671, 851, 724, 44, 3.01%, 0, 0, 4, 529.95, 1974, 36382282
1603615400, 0, 671, 853, 726, 44, 3.01%, 0, 0, 4, 744.38, 1974, 36783107
1603615415, 0, 671, 855, 728, 44, 3.01%, 0, 0, 4, 720.19, 1974, 36791495
1603615563, 0, 677, 855, 727, 44, 3.01%, 0, 0, 4, 914.96, 1974, 36920859
1603615589, 0, 677, 858, 730, 44, 3.01%, 0, 0, 4, 453.35, 1974, 36937370
1603615619, 0, 677, 860, 732, 44, 3.01%, 0, 0, 4, 490.50, 1974, 36958048
1603615844, 0, 677, 861, 733, 44, 3.01%, 0, 0, 4, 476.03, 1974, 37119933
1603616085, 0, 677, 862, 734, 44, 3.01%, 0, 0, 4, 476.56, 1974, 37266639
1603616207, 0, 677, 864, 736, 44, 3.01%, 0, 0, 4, 617.79, 1974, 37368945
1603616212, 0, 677, 865, 737, 44, 3.01%, 0, 0, 4, 475.18, 1974, 37371158
1603616223, 0, 677, 866, 738, 44, 3.01%, 0, 0, 4, 383.07, 1974, 37375234
1603616376, 0, 677, 867, 739, 44, 3.01%, 0, 0, 4, 397.28, 1974, 37501370
1603616396, 0, 689, 871, 742, 44, 3.01%, 0, 0, 4, 2669.38, 1974, 37518351
1603616401, 0, 692, 871, 741, 45, 3.01%, 0, 0, 4, 2721.93, 1974, 37532192
1603616432, 0, 695, 871, 740, 44, 3.01%, 0, 0, 4, 2747.26, 1974, 37615014
1603616442, 0, 700, 872, 740, 43, 3.01%, 0, 0, 4, 2373.21, 1974, 37640943
1603616600, 0, 701, 872, 739, 42, 3.01%, 0, 0, 4, 1788.35, 1974, 37938657
1603616753, 0, 706, 873, 739, 41, 3.01%, 0, 0, 5, 1812.76, 1974, 38229774
1603616906, 0, 707, 873, 738, 40, 3.01%, 0, 0, 5, 1912.35, 1974, 38521713
1603617059, 0, 708, 873, 737, 39, 3.01%, 0, 0, 5, 1913.45, 1974, 38814454
1603617211, 0, 709, 873, 736, 38, 3.01%, 0, 0, 5, 1917.22, 1974, 39105462
1603617369, 0, 710, 873, 735, 37, 3.01%, 0, 0, 5, 1817.41, 1974, 39404177
1603617522, 0, 711, 873, 734, 36, 3.01%, 0, 0, 5, 1877.86, 1974, 39694218
1603617675, 0, 715, 873, 733, 35, 3.01%, 0, 0, 5, 1729.13, 1974, 39984647
1603618370, 0, 716, 873, 732, 34, 3.01%, 0, 0, 5, 2082.41, 1974, 40560057
1603618401, 0, 716, 875, 734, 34, 3.01%, 0, 0, 5, 2566.34, 1974, 40639164
1603618406, 0, 719, 876, 734, 33, 3.01%, 0, 0, 5, 2591.91, 1974, 40652409
1603618437, 0, 723, 876, 733, 32, 3.01%, 0, 0, 5, 2654.53, 1974, 40732801
1603618473, 0, 726, 876, 732, 31, 3.01%, 0, 0, 5, 2264.32, 1974, 40824063
1603618508, 0, 726, 877, 733, 31, 3.01%, 0, 0, 5, 2049.31, 1975, 40889553
1603618626, 0, 731, 877, 732, 31, 3.01%, 0, 0, 5, 1831.89, 1975, 41114576
1603618788, 0, 734, 878, 732, 30, 3.01%, 0, 0, 5, 1868.74, 1975, 41421147
1603618910, 0, 734, 879, 733, 30, 3.01%, 0, 0, 5, 1916.00, 1975, 41652372
1603618941, 0, 734, 882, 736, 30, 3.02%, 0, 0, 5, 1704.69, 1977, 41710652
1603618946, 0, 740, 882, 735, 30, 3.02%, 0, 0, 5, 1803.45, 1977, 41720102
1603618956, 0, 740, 884, 737, 30, 3.02%, 0, 0, 5, 1815.73, 1977, 41738386
1603618966, 0, 740, 885, 738, 30, 3.02%, 0, 0, 5, 1878.39, 1977, 41757040
1603619063, 0, 740, 886, 739, 30, 3.02%, 0, 0, 5, 1822.64, 1977, 41944898
1603619099, 0, 744, 890, 742, 30, 3.02%, 0, 0, 5, 1394.02, 1977, 42010622
1603619119, 0, 744, 892, 744, 30, 3.02%, 0, 0, 5, 599.59, 1977, 42025079
1603619124, 0, 744, 894, 746, 30, 3.02%, 0, 0, 5, 1005.34, 1977, 42030718
1603619185, 0, 744, 895, 747, 30, 3.02%, 0, 0, 5, 1199.92, 1977, 42081939
1603619674, 0, 748, 895, 746, 30, 3.02%, 0, 0, 5, 973.09, 1977, 42524397
1603619699, 0, 748, 899, 750, 30, 3.02%, 0, 0, 5, 541.62, 1978, 42542902
1603619924, 0, 748, 902, 753, 30, 3.02%, 0, 0, 5, 453.68, 1978, 42719379
1603619996, 0, 748, 904, 755, 30, 3.02%, 0, 0, 5, 598.28, 1978, 42773245
1603620062, 0, 748, 905, 756, 30, 3.02%, 0, 0, 5, 650.93, 1978, 42832169
1603620180, 0, 748, 907, 758, 30, 3.02%, 0, 0, 5, 469.85, 1978, 42934526
1603620317, 0, 749, 912, 762, 32, 3.02%, 0, 0, 5, 982.96, 1981, 43059556
1603620343, 0, 749, 937, 787, 32, 3.03%, 0, 0, 5, 412.61, 1983, 43076380
1603620348, 0, 749, 940, 790, 32, 3.03%, 0, 0, 5, 896.91, 1983, 43081180
1603620368, 0, 749, 941, 791, 32, 3.03%, 0, 0, 5, 525.08, 1983, 43095318
1603620373, 0, 749, 946, 796, 32, 3.03%, 0, 0, 5, 503.18, 1983, 43097651
1603620399, 0, 749, 948, 798, 32, 3.03%, 0, 0, 5, 452.34, 1983, 43116800
1603620404, 0, 749, 949, 799, 32, 3.03%, 0, 0, 5, 756.73, 1983, 43121079
1603620409, 0, 749, 951, 801, 32, 3.03%, 0, 0, 5, 711.96, 1983, 43124764
1603620414, 0, 749, 954, 804, 32, 3.03%, 0, 0, 5, 628.94, 1983, 43128000
1603620572, 0, 749, 957, 807, 32, 3.03%, 0, 0, 5, 644.00, 1983, 43254228
1603620578, 0, 749, 960, 810, 32, 3.03%, 0, 0, 5, 426.29, 1983, 43256136
1603620634, 0, 749, 962, 812, 32, 3.03%, 0, 0, 5, 423.90, 1983, 43290205
1603620639, 0, 749, 964, 814, 32, 3.03%, 0, 0, 5, 365.85, 1983, 43292029
1603620772, 0, 749, 965, 815, 32, 3.03%, 0, 0, 5, 412.89, 1983, 43388727
1603620884, 0, 749, 968, 818, 32, 3.03%, 0, 0, 5, 778.86, 1985, 43489054
1603620890, 0, 749, 969, 819, 32, 3.03%, 0, 0, 5, 466.62, 1985, 43491069
1603621028, 0, 749, 970, 820, 32, 3.03%, 0, 0, 5, 746.99, 1985, 43612322
1603621033, 0, 749, 973, 823, 32, 3.03%, 0, 0, 5, 458.62, 1985, 43614347
1603621044, 0, 749, 974, 824, 32, 3.03%, 0, 0, 5, 353.41, 1985, 43617991
1603621049, 0, 749, 975, 825, 32, 3.03%, 0, 0, 5, 352.00, 1985, 43619756
1603621054, 0, 753, 975, 824, 33, 3.03%, 0, 0, 5, 1448.89, 1985, 43624014
1603621145, 0, 753, 976, 825, 33, 3.03%, 0, 0, 5, 214.41, 1985, 43693830
1603621773, 0, 763, 976, 824, 31, 3.03%, 0, 0, 5, 830.82, 1985, 44199665
1603622461, 0, 765, 976, 823, 30, 3.03%, 0, 0, 5, 871.98, 1985, 44766597
1603623151, 0, 767, 976, 822, 29, 3.03%, 0, 0, 5, 1949.00, 1985, 45338438
1603623187, 0, 769, 976, 821, 29, 3.03%, 0, 0, 5, 1614.65, 1985, 45426991
1603623881, 0, 770, 976, 820, 28, 3.03%, 0, 0, 5, 740.66, 1985, 45989338
1603624576, 0, 776, 976, 819, 28, 3.03%, 0, 0, 5, 2261.72, 1985, 46568095
1603624596, 0, 778, 976, 818, 27, 3.03%, 0, 0, 5, 2693.18, 1985, 46623733
1603624601, 0, 778, 980, 822, 27, 3.03%, 0, 0, 5, 954.28, 1985, 46629658
1603624622, 0, 778, 982, 824, 27, 3.03%, 0, 0, 5, 550.75, 1985, 46644000
1603624647, 0, 778, 984, 826, 27, 3.03%, 0, 0, 5, 594.40, 1986, 46663822
1603624835, 0, 778, 986, 828, 27, 3.03%, 0, 0, 5, 760.15, 1986, 46821841
1603625264, 0, 778, 987, 829, 27, 3.03%, 0, 0, 5, 792.86, 1986, 47188850
1603625269, 0, 778, 988, 830, 27, 3.03%, 0, 0, 5, 540.51, 1986, 47191242
1603625289, 0, 796, 988, 829, 29, 3.03%, 0, 0, 5, 1071.68, 1986, 47204575
1603625724, 0, 796, 989, 830, 29, 3.03%, 0, 0, 5, 561.08, 1986, 47539789
1603626000, 0, 800, 989, 829, 28, 3.03%, 0, 0, 5, 1062.06, 1986, 47780411
1603626051, 0, 800, 990, 830, 28, 3.03%, 0, 0, 5, 508.77, 1987, 47816653
1603626711, 0, 801, 990, 829, 28, 3.03%, 0, 0, 5, 1079.49, 1987, 48356593
1603626762, 0, 801, 991, 830, 28, 3.03%, 0, 0, 5, 549.70, 1987, 48392919
1603627421, 0, 806, 991, 829, 27, 3.03%, 0, 0, 5, 750.13, 1987, 48928733
1603627478, 0, 806, 993, 831, 27, 3.03%, 0, 0, 5, 439.50, 1987, 48967573
1603627483, 0, 806, 995, 833, 27, 3.03%, 0, 0, 5, 640.16, 1988, 48970424
1603627524, 0, 806, 996, 834, 27, 3.03%, 0, 0, 5, 549.14, 1988, 48999432
1603627783, 0, 806, 997, 835, 27, 3.03%, 0, 0, 5, 341.36, 1988, 49172825
1603628029, 0, 806, 998, 836, 27, 3.03%, 0, 0, 5, 751.50, 1988, 49368465
1603628039, 0, 806, 999, 837, 27, 3.03%, 0, 0, 5, 360.82, 1988, 49372075
1603628177, 0, 806, 1000, 838, 27, 3.03%, 0, 0, 5, 488.65, 1988, 49492995
1603628187, 0, 806, 1001, 839, 27, 3.03%, 0, 0, 5, 342.29, 1988, 49496396
1603628192, 0, 806, 1002, 840, 27, 3.03%, 0, 0, 5, 339.24, 1988, 49498120
1603628202, 0, 809, 1002, 839, 26, 3.03%, 0, 0, 5, 1796.58, 1988, 49502114
1603628207, 0, 809, 1008, 845, 26, 3.03%, 0, 0, 5, 1279.09, 1988, 49507852
1603628228, 0, 809, 1015, 852, 26, 3.03%, 0, 0, 5, 565.38, 1988, 49522176
1603628233, 0, 809, 1018, 855, 26, 3.03%, 0, 0, 5, 645.59, 1988, 49525118
1603628258, 0, 809, 1020, 857, 26, 3.03%, 0, 0, 5, 500.27, 1988, 49543873
1603628284, 0, 809, 1023, 860, 26, 3.03%, 0, 0, 5, 509.47, 1988, 49563806
1603628294, 0, 809, 1024, 861, 26, 3.03%, 0, 0, 5, 767.58, 1988, 49571915
1603628452, 0, 809, 1029, 866, 26, 3.03%, 0, 0, 5, 850.76, 1988, 49701377
1603628457, 0, 809, 1030, 867, 26, 3.03%, 0, 0, 5, 541.22, 1988, 49703725
1603628575, 0, 809, 1031, 868, 26, 3.05%, 0, 0, 5, 564.40, 1996, 49779873
1603628646, 0, 809, 1033, 870, 26, 3.05%, 0, 0, 5, 563.10, 1996, 49842736
1603628759, 0, 809, 1034, 871, 26, 3.05%, 0, 0, 5, 790.79, 1996, 49944271
1603628896, 0, 809, 1037, 874, 26, 3.05%, 0, 0, 5, 646.37, 1999, 50068267
1603628917, 0, 822, 1037, 873, 27, 3.05%, 0, 0, 5, 866.99, 1999, 50079210
1603628922, 0, 822, 1042, 878, 27, 3.05%, 0, 0, 5, 976.92, 1999, 50083944
1603628999, 0, 822, 1043, 879, 27, 3.05%, 0, 0, 5, 552.69, 1999, 50138999
1603629658, 0, 845, 1043, 878, 26, 3.05%, 0, 0, 5, 838.76, 1999, 50656280
1603629684, 0, 845, 1044, 879, 26, 3.05%, 0, 0, 5, 492.99, 1999, 50674860
1603629745, 0, 845, 1045, 880, 26, 3.05%, 0, 0, 5, 801.01, 1999, 50722912
1603629908, 0, 845, 1046, 881, 26, 3.05%, 0, 0, 5, 514.26, 1999, 50855044
1603630077, 0, 845, 1047, 882, 26, 3.05%, 0, 0, 5, 497.90, 1999, 50985695
1603630327, 0, 845, 1049, 884, 26, 3.05%, 0, 0, 5, 509.49, 1999, 51211316
1603630332, 0, 845, 1050, 885, 26, 3.05%, 0, 0, 5, 467.50, 1999, 51213695
1603630337, 0, 845, 1051, 886, 26, 3.05%, 0, 0, 5, 442.45, 1999, 51215892
1603630342, 0, 868, 1052, 886, 25, 3.05%, 0, 0, 5, 2179.56, 1999, 51228755
1603630347, 0, 869, 1052, 885, 25, 3.05%, 0, 0, 5, 2620.15, 1999, 51242445
1603630353, 0, 869, 1053, 886, 25, 3.05%, 0, 0, 5, 2708.50, 1999, 51256303
1603630358, 0, 876, 1054, 886, 26, 3.05%, 0, 0, 5, 2147.05, 1999, 51267065
1603630510, 0, 879, 1055, 886, 25, 3.05%, 0, 0, 6, 1891.87, 1999, 51559944
1603630668, 0, 881, 1056, 886, 25, 3.05%, 0, 0, 6, 1841.11, 1999, 51861627
1603630688, 0, 881, 1057, 887, 25, 3.05%, 0, 0, 6, 1787.76, 1999, 51897860
1603630770, 0, 881, 1058, 888, 25, 3.05%, 0, 0, 6, 2113.93, 1999, 52052906
1603630826, 0, 886, 1058, 887, 24, 3.05%, 0, 0, 6, 1843.24, 1999, 52161084
1603630908, 0, 886, 1059, 888, 24, 3.05%, 0, 0, 6, 2022.44, 1999, 52314549
1603630923, 0, 886, 1060, 889, 24, 3.05%, 0, 0, 6, 2063.43, 1999, 52344821
1603630948, 0, 886, 1061, 890, 24, 3.05%, 0, 0, 6, 1880.60, 1999, 52395555
1603630979, 0, 889, 1062, 890, 24, 3.05%, 0, 0, 6, 1501.40, 1999, 52452329
1603631560, 0, 891, 1062, 889, 23, 3.05%, 0, 0, 6, 1149.97, 1999, 52968524
1603632141, 0, 896, 1062, 888, 23, 3.05%, 0, 0, 6, 1125.66, 1999, 53487370
1603632443, 0, 896, 1063, 889, 23, 3.05%, 0, 0, 6, 811.42, 1999, 53717691
1603632780, 0, 898, 1063, 888, 23, 3.05%, 0, 0, 6, 785.10, 1999, 54016767
1603632806, 0, 898, 1066, 891, 23, 3.05%, 0, 0, 6, 525.77, 1999, 54035413
1603633418, 0, 903, 1066, 890, 22, 3.05%, 0, 0, 6, 983.54, 1999, 54550183
1603634036, 0, 917, 1066, 889, 21, 3.05%, 0, 0, 6, 1024.53, 1999, 55084376
1603634061, 0, 917, 1071, 894, 21, 3.05%, 0, 0, 6, 434.26, 1999, 55100720
1603634066, 0, 917, 1072, 895, 21, 3.05%, 0, 0, 6, 950.21, 1999, 55105936
1603634086, 0, 917, 1073, 896, 21, 3.05%, 0, 0, 6, 518.96, 1999, 55119556
1603634117, 0, 917, 1076, 899, 21, 3.05%, 0, 0, 6, 514.33, 1999, 55141212
1603634290, 0, 917, 1078, 901, 21, 3.05%, 0, 0, 6, 650.36, 1999, 55276747
1603634295, 0, 917, 1079, 902, 21, 3.05%, 0, 0, 6, 488.65, 1999, 55279348
1603634306, 0, 917, 1080, 903, 21, 3.05%, 0, 0, 6, 372.15, 1999, 55283115
1603634485, 0, 917, 1081, 904, 21, 3.05%, 0, 0, 6, 643.73, 1999, 55410495
1603634745, 0, 917, 1082, 905, 21, 3.05%, 0, 0, 6, 801.38, 1999, 55636062
1603634750, 0, 917, 1084, 907, 21, 3.05%, 0, 0, 6, 476.32, 1999, 55638121
1603634771, 0, 946, 1084, 906, 21, 3.05%, 0, 0, 6, 704.74, 1999, 55647374
1603635025, 0, 946, 1087, 909, 21, 3.05%, 0, 0, 6, 681.70, 1999, 55842788
1603635107, 0, 946, 1088, 910, 21, 3.05%, 0, 0, 6, 351.89, 1999, 55886538
1603635235, 0, 946, 1089, 911, 21, 3.05%, 0, 0, 6, 683.89, 1999, 55983666
1603635342, 0, 946, 1091, 913, 21, 3.05%, 0, 0, 6, 652.62, 1999, 56079302
1603635510, 0, 952, 1091, 912, 20, 3.05%, 0, 0, 6, 1365.57, 1999, 56213156
1603635535, 0, 952, 1092, 913, 20, 3.05%, 0, 0, 6, 487.51, 1999, 56231623
1603635566, 0, 952, 1093, 914, 20, 3.05%, 0, 0, 6, 550.82, 1999, 56253325
1603635591, 0, 952, 1094, 915, 20, 3.05%, 0, 0, 6, 574.19, 1999, 56272930
1603635765, 0, 952, 1095, 916, 20, 3.05%, 0, 0, 6, 564.08, 1999, 56410612
1603635770, 0, 952, 1096, 917, 20, 3.05%, 0, 0, 6, 445.90, 1999, 56412768
1603636066, 0, 952, 1097, 918, 20, 3.05%, 0, 0, 6, 651.81, 1999, 56645255
1603636204, 0, 952, 1098, 919, 20, 3.05%, 0, 0, 6, 867.32, 1999, 56766535
1603636230, 0, 965, 1099, 919, 20, 3.05%, 0, 0, 6, 778.05, 1999, 56779812
1603636969, 0, 982, 1101, 920, 19, 3.05%, 0, 0, 6, 1536.71, 1999, 57349243
1603636990, 0, 982, 1102, 921, 19, 3.05%, 0, 0, 6, 567.81, 1999, 57364451
1603637051, 0, 982, 1103, 922, 19, 3.05%, 0, 0, 6, 729.59, 1999, 57412157
1603637209, 0, 982, 1104, 923, 19, 3.05%, 0, 0, 6, 687.36, 1999, 57545075
1603637638, 0, 982, 1105, 924, 19, 3.05%, 0, 0, 6, 630.95, 1999, 57911157
1603637658, 0, 987, 1105, 923, 19, 3.05%, 0, 0, 6, 862.02, 1999, 57922268
1603638347, 0, 988, 1105, 922, 18, 3.05%, 0, 0, 6, 1073.66, 1999, 58501368
1603638959, 0, 989, 1105, 921, 17, 3.05%, 0, 0, 6, 1027.74, 1999, 59033677
1603639669, 0, 993, 1105, 920, 16, 3.05%, 0, 0, 6, 1014.30, 1999, 59610543
1603640430, 0, 993, 1106, 921, 16, 3.05%, 0, 0, 6, 350.35, 1999, 60174378
1603640451, 0, 999, 1106, 920, 18, 3.05%, 0, 0, 6, 1357.83, 1999, 60184898
1603640501, 0, 999, 1107, 921, 18, 3.05%, 0, 0, 6, 532.83, 1999, 60221565
1603641124, 0, 1029, 1107, 920, 17, 3.05%, 0, 0, 6, 1027.74, 1999, 60737689
1603641844, 0, 1030, 1107, 919, 17, 3.05%, 0, 0, 6, 1042.04, 1999, 61313486
1603641869, 0, 1030, 1108, 920, 17, 3.05%, 0, 0, 6, 981.14, 1999, 61332791
1603641889, 0, 1030, 1109, 921, 17, 3.05%, 0, 0, 6, 564.15, 1999, 61347393
1603642083, 0, 1030, 1110, 922, 17, 3.05%, 0, 0, 6, 591.68, 1999, 61505229
1603642088, 0, 1030, 1111, 923, 17, 3.05%, 0, 0, 6, 489.67, 1999, 61507610
1603642466, 0, 1030, 1112, 924, 17, 3.05%, 0, 0, 6, 529.81, 1999, 61844055
1603642471, 0, 1033, 1112, 923, 18, 3.05%, 0, 0, 6, 1012.38, 1999, 61849556
1603642497, 0, 1033, 1114, 925, 18, 3.05%, 0, 0, 6, 519.98, 1999, 61867302
1603643180, 0, 1045, 1114, 924, 18, 3.05%, 0, 0, 6, 781.09, 1999, 62422099
1603643864, 0, 1049, 1114, 923, 17, 3.05%, 0, 0, 6, 976.51, 1999, 62988169
1603643890, 0, 1049, 1120, 929, 17, 3.05%, 0, 0, 6, 550.18, 1999, 63006209
1603643916, 0, 1049, 1122, 931, 17, 3.05%, 0, 0, 6, 519.64, 1999, 63025677
1603643941, 0, 1049, 1123, 932, 17, 3.05%, 0, 0, 6, 500.91, 1999, 63045712
1603644529, 0, 1049, 1124, 933, 17, 3.05%, 0, 0, 6, 516.06, 1999, 63540123
1603644544, 0, 1051, 1126, 934, 19, 3.05%, 0, 0, 6, 2266.49, 1999, 63558288
1603644550, 0, 1052, 1127, 934, 20, 3.05%, 0, 0, 6, 2575.63, 1999, 63572251
1603644560, 0, 1053, 1128, 934, 19, 3.05%, 0, 0, 6, 2714.82, 1999, 63599474
1603644565, 0, 1053, 1129, 935, 19, 3.05%, 0, 0, 6, 2773.41, 1999, 63613735
1603644570, 0, 1055, 1130, 935, 18, 3.05%, 0, 0, 6, 2210.21, 1999, 63624876
1603644728, 0, 1060, 1130, 934, 17, 3.05%, 0, 0, 6, 1756.16, 1999, 63925936
1603644882, 0, 1062, 1131, 934, 16, 3.05%, 0, 0, 7, 1426.04, 1999, 64217304
1603644907, 0, 1062, 1132, 935, 16, 3.05%, 0, 0, 7, 595.09, 1999, 64236314
1603645505, 0, 1073, 1133, 935, 15, 3.05%, 0, 0, 7, 824.37, 1999, 64750851
1603645602, 0, 1073, 1134, 936, 15, 3.05%, 0, 0, 7, 636.60, 1999, 64819910
1603645862, 0, 1073, 1136, 938, 15, 3.05%, 0, 0, 7, 521.92, 1999, 65000560
1603646224, 0, 1073, 1137, 939, 15, 3.05%, 0, 0, 7, 440.66, 1999, 65307235
1603646234, 0, 1073, 1138, 940, 15, 3.05%, 0, 0, 7, 352.85, 1999, 65310905
1603646244, 0, 1093, 1138, 939, 15, 3.05%, 0, 0, 7, 1406.20, 1999, 65317570
1603646955, 0, 1101, 1138, 938, 14, 3.05%, 0, 0, 7, 1643.23, 1999, 65882010
1603646985, 0, 1101, 1139, 939, 14, 3.05%, 0, 0, 7, 1058.91, 1999, 65907364
1603647648, 0, 1105, 1139, 938, 13, 3.05%, 0, 0, 7, 906.80, 1999, 66459275
1603648430, 0, 1108, 1139, 937, 12, 3.05%, 0, 0, 7, 1515.74, 1999, 67034590
1603649063, 0, 1109, 1139, 936, 11, 3.05%, 0, 0, 7, 1059.31, 1999, 67572952
1603649088, 0, 1109, 1140, 937, 11, 3.05%, 0, 0, 7, 877.93, 1999, 67591584
1603649302, 0, 1109, 1142, 939, 11, 3.05%, 0, 0, 7, 765.21, 1999, 67764011
1603649558, 0, 1109, 1143, 940, 11, 3.05%, 0, 0, 7, 570.61, 1999, 67983520
1603649695, 0, 1111, 1143, 939, 11, 3.05%, 0, 0, 7, 1057.89, 1999, 68111411
1603649721, 0, 1111, 1144, 940, 11, 3.05%, 0, 0, 7, 949.82, 1999, 68130371
1603650324, 0, 1117, 1144, 939, 10, 3.05%, 0, 0, 7, 1086.96, 1999, 68648155
1603650375, 0, 1117, 1146, 941, 10, 3.05%, 0, 0, 7, 578.15, 1999, 68684881
1603651002, 0, 1118, 1146, 940, 11, 3.05%, 0, 0, 7, 1051.44, 1999, 69209389
1603651053, 0, 1118, 1147, 941, 11, 3.05%, 0, 0, 7, 673.04, 1999, 69246626
1603651676, 0, 1119, 1147, 940, 11, 3.05%, 0, 0, 7, 926.05, 1999, 69768320
1603651702, 0, 1119, 1148, 941, 11, 3.05%, 0, 0, 7, 561.01, 1999, 69786830
1603651727, 0, 1119, 1149, 942, 11, 3.05%, 0, 0, 7, 520.39, 1999, 69806192
1603652350, 0, 1119, 1150, 943, 11, 3.05%, 0, 0, 7, 457.77, 1999, 70324829
1603652355, 0, 1123, 1151, 943, 11, 3.05%, 0, 0, 7, 1011.73, 1999, 70330497
1603652381, 0, 1123, 1154, 946, 11, 3.05%, 0, 0, 7, 578.62, 1999, 70348390
1603652407, 0, 1123, 1155, 947, 11, 3.05%, 0, 0, 7, 491.36, 1999, 70367309
1603652902, 0, 1123, 1156, 948, 11, 3.05%, 0, 0, 7, 900.72, 1999, 70765589
1603653039, 0, 1125, 1157, 948, 10, 3.05%, 0, 0, 7, 1417.51, 1999, 70890897
1603653049, 0, 1129, 1157, 947, 9, 3.05%, 0, 0, 7, 2708.32, 1999, 70919421
1603653060, 0, 1133, 1157, 946, 8, 3.05%, 0, 0, 7, 670.48, 1999, 70942072
1603653310, 0, 1133, 1158, 947, 8, 3.05%, 0, 0, 8, 663.68, 1999, 71135927
1603653616, 0, 1133, 1159, 948, 8, 3.05%, 0, 0, 8, 771.89, 1999, 71372232
1603653785, 0, 1142, 1159, 947, 7, 3.05%, 0, 0, 8, 1021.80, 1999, 71509616
1603654413, 0, 1144, 1159, 946, 6, 3.05%, 0, 0, 8, 880.96, 1999, 72042884
1603654469, 0, 1144, 1160, 947, 6, 3.05%, 0, 0, 8, 636.10, 1999, 72084427
1603654495, 0, 1144, 1161, 948, 6, 3.05%, 0, 0, 8, 729.14, 1999, 72104742
1603655098, 0, 1145, 1161, 947, 5, 3.05%, 0, 0, 8, 856.80, 1999, 72605621
1603655782, 0, 1146, 1161, 946, 4, 3.05%, 0, 0, 8, 1054.00, 1999, 73168643
1603656467, 0, 1149, 1161, 945, 3, 3.05%, 0, 0, 8, 853.70, 1999, 73727028
1603656518, 0, 1149, 1162, 946, 3, 3.05%, 0, 0, 8, 544.67, 1999, 73765198
1603657147, 1, 1, 1162, 945, 2, 3.05%, 0, 0, 8, 858.80, 1999, 74287210
1603657336, 1, 130, 1162, 944, 2, 3.05%, 0, 0, 8, 2551.37, 1999, 74799791
1603657377, 1, 143, 1162, 943, 2, 3.05%, 0, 0, 8, 1658.64, 1999, 74894822
1603657575, 1, 187, 1163, 943, 2, 3.05%, 0, 0, 8, 1507.19, 1999, 75218472
1603657932, 1, 633, 1163, 942, 2, 3.05%, 0, 0, 8, 1814.33, 1999, 75637601
1603658044, 1, 694, 1164, 942, 2, 3.05%, 0, 0, 8, 2198.97, 1999, 75868554
1603658049, 1, 694, 1165, 943, 2, 3.05%, 0, 0, 8, 2556.44, 1999, 75881780
1603658074, 1, 737, 1165, 942, 1, 3.05%, 0, 0, 8, 2505.38, 1999, 75950169
1603658084, 1, 737, 1166, 943, 1, 3.05%, 0, 0, 8, 1743.42, 1999, 75967341
1603658233, 1, 829, 1166, 942, 1, 3.05%, 0, 0, 8, 1448.63, 1999, 76249086
1603658947, 1, 985, 1166, 941, 1, 3.05%, 0, 0, 8, 1108.67, 1999, 76827653
1603659635, 1, 990, 1166, 940, 0, 3.05%, 0, 0, 8, 860.99, 1999, 77399641
1603660345, 1, 1000, 1166, 939, 0, 3.05%, 0, 0, 8, 876.08, 1999, 77976043
1603661116, 1, 1000, 1167, 940, 0, 3.05%, 0, 0, 8, 330.76, 1999, 78545096
1603661126, 1, 1004, 1167, 939, 0, 3.05%, 0, 0, 8, 662.34, 1999, 78550187
1603661151, 1, 1004, 1168, 940, 0, 3.05%, 0, 0, 8, 516.04, 1999, 78568362
1603661927, 1, 1007, 1168, 939, 0, 3.05%, 0, 0, 8, 1401.21, 1999, 79129017
1603661978, 1, 1007, 1169, 940, 0, 3.05%, 0, 0, 8, 545.38, 1999, 79165921
1603662630, 1, 1008, 1169, 939, 0, 3.05%, 0, 0, 8, 896.99, 1999, 79702324
