# unix_time, cycles_done, cur_path, paths_total, pending_total, pending_favs, map_size, unique_crashes, unique_hangs, max_depth, execs_per_sec, edge_coverage, total_execs
1605545916, 0, 0, 1, 1, 1, 0.08%, 0, 0, 1, 216.22 0 8
1605545921, 0, 0, 14, 14, 1, 0.13%, 0, 0, 2, 740.58 83 4479
1605545947, 0, 0, 15, 15, 1, 0.13%, 0, 0, 2, 871.96 84 26979
1605545952, 0, 0, 16, 16, 1, 0.13%, 0, 0, 2, 872.64 85 31458
1605545957, 0, 3, 16, 14, 10, 0.13%, 0, 0, 2, 875.39 85 35925
1605545962, 0, 6, 16, 11, 7, 0.13%, 0, 0, 2, 871.04 85 40331
1605545967, 0, 9, 19, 11, 4, 0.14%, 0, 0, 3, 846.91 89 44626
1605545973, 0, 15, 19, 8, 4, 0.14%, 0, 0, 3, 856.17 89 48930
1605545978, 0, 17, 21, 8, 2, 0.14%, 0, 0, 4, 839.45 91 53218
1605545983, 0, 19, 21, 6, 2, 0.14%, 0, 0, 4, 827.67 91 57355
1605545988, 0, 20, 24, 8, 1, 0.14%, 0, 0, 5, 835.96 94 61680
1605545993, 0, 21, 25, 8, 3, 0.15%, 0, 0, 6, 841.83 96 66005
1605545998, 0, 22, 27, 9, 3, 0.15%, 0, 0, 6, 840.58 98 70352
1605546003, 0, 24, 27, 7, 3, 0.15%, 0, 0, 6, 819.32 98 74448
1605546008, 0, 25, 29, 8, 4, 0.15%, 0, 0, 7, 808.06 101 78455
1605546013, 0, 26, 29, 7, 3, 0.15%, 0, 0, 7, 827.87 101 82782
1605546019, 0, 27, 29, 6, 2, 0.15%, 0, 0, 7, 810.26 101 86934
1605546024, 0, 28, 31, 7, 1, 0.16%, 0, 0, 8, 806.74 103 90926
1605546029, 0, 30, 34, 9, 1, 0.16%, 0, 0, 9, 806.45 105 94928
1605546034, 0, 32, 35, 9, 2, 0.16%, 0, 0, 10, 796.32 106 98936
1605546039, 0, 33, 35, 8, 2, 0.16%, 0, 0, 10, 781.30 106 102954
1605546044, 0, 34, 36, 8, 1, 0.16%, 0, 0, 11, 789.12 107 107032
1605546049, 0, 35, 36, 7, 1, 0.16%, 0, 0, 11, 843.91 107 110850
1605546059, 1, 11, 36, 5, 0, 0.16%, 0, 0, 11, 857.44 107 119172
1605546064, 1, 24, 36, 4, 0, 0.16%, 0, 0, 11, 860.35 107 123562
1605546069, 1, 29, 36, 4, 0, 0.16%, 0, 0, 11, 796.92 107 127712
1605546074, 1, 33, 36, 3, 0, 0.16%, 0, 0, 11, 836.11 107 132108
1605546080, 2, 5, 36, 3, 0, 0.16%, 0, 0, 11, 856.84 107 136563
1605546085, 2, 18, 36, 3, 0, 0.16%, 0, 0, 11, 862.35 107 140915
1605546090, 2, 24, 36, 3, 0, 0.16%, 0, 0, 11, 858.22 107 145218
1605546095, 2, 28, 36, 3, 0, 0.16%, 0, 0, 11, 854.04 107 149510
1605546100, 2, 31, 36, 3, 0, 0.16%, 0, 0, 11, 848.01 107 153880
1605546110, 2, 33, 36, 2, 0, 0.16%, 0, 0, 11, 846.43 107 162304
1605546115, 2, 35, 36, 2, 0, 0.16%, 0, 0, 11, 852.82 107 166691
1605546120, 3, 9, 36, 2, 0, 0.16%, 0, 0, 11, 862.27 107 171190
1605546125, 3, 21, 36, 2, 0, 0.16%, 0, 0, 11, 860.92 107 175535
1605546130, 3, 26, 36, 2, 0, 0.16%, 0, 0, 11, 859.38 107 179848
1605546135, 3, 30, 36, 2, 0, 0.16%, 0, 0, 11, 857.42 107 184239
1605546141, 3, 35, 36, 2, 0, 0.16%, 0, 0, 11, 853.72 107 188607
1605546146, 4, 7, 36, 2, 0, 0.16%, 0, 0, 11, 862.35 107 192937
1605546151, 4, 14, 36, 1, 0, 0.16%, 0, 0, 11, 862.38 107 197268
1605546156, 4, 23, 36, 1, 0, 0.16%, 0, 0, 11, 859.27 107 201579
1605546161, 4, 27, 36, 1, 0, 0.16%, 0, 0, 11, 855.69 107 206022
1605546166, 4, 33, 36, 1, 0, 0.16%, 0, 0, 11, 853.06 107 210391
1605546171, 4, 35, 37, 2, 0, 0.16%, 0, 0, 11, 851.73 107 214780
1605546176, 5, 8, 37, 2, 0, 0.16%, 0, 0, 11, 862.88 107 219276
1605546181, 5, 21, 37, 2, 0, 0.16%, 0, 0, 11, 859.23 107 223630
1605546186, 5, 24, 37, 2, 0, 0.16%, 0, 0, 11, 857.66 107 227936
1605546191, 5, 28, 37, 2, 0, 0.16%, 0, 0, 11, 853.97 107 232207
1605546197, 5, 34, 37, 2, 0, 0.16%, 0, 0, 11, 853.05 107 236555
1605546202, 5, 36, 38, 3, 0, 0.16%, 0, 0, 12, 803.75 108 240742
1605546222, 5, 37, 38, 2, 1, 0.16%, 0, 0, 12, 833.46 108 257673
1605546237, 5, 37, 39, 3, 1, 0.17%, 0, 0, 13, 842.07 110 270323
1605546257, 5, 38, 39, 2, 1, 0.17%, 0, 0, 13, 821.22 110 287287
1605546262, 5, 38, 40, 3, 1, 0.17%, 0, 0, 14, 794.64 112 291123
1605546283, 5, 39, 41, 3, 1, 0.17%, 0, 0, 15, 764.92 113 307757
1605546303, 5, 39, 43, 5, 1, 0.18%, 0, 0, 15, 836.10 117 324632
1605546328, 5, 41, 46, 7, 2, 0.18%, 0, 0, 16, 747.21 120 345574
1605546333, 5, 41, 47, 8, 2, 0.18%, 0, 0, 16, 773.26 121 349357
1605546338, 5, 41, 48, 9, 2, 0.19%, 0, 0, 16, 816.69 125 353550
1605546344, 5, 41, 49, 10, 2, 0.19%, 0, 0, 16, 824.40 126 357766
1605546349, 5, 41, 50, 11, 2, 0.19%, 0, 0, 16, 827.63 127 361982
1605546364, 5, 41, 51, 12, 2, 0.20%, 0, 0, 16, 827.95 128 374646
1605546379, 5, 42, 51, 11, 8, 0.20%, 0, 0, 16, 714.95 128 386936
1605546410, 5, 44, 51, 10, 7, 0.20%, 0, 0, 16, 757.14 128 411104
1605546441, 5, 45, 51, 9, 6, 0.20%, 0, 0, 16, 735.22 128 435750
1605546466, 5, 45, 52, 10, 6, 0.20%, 0, 0, 17, 834.12 131 456696
1605546471, 5, 46, 52, 9, 6, 0.20%, 0, 0, 17, 701.39 131 460182
1605546497, 5, 46, 53, 10, 6, 0.20%, 0, 0, 17, 804.24 132 481288
1605546502, 5, 47, 53, 9, 6, 0.20%, 0, 0, 17, 709.14 132 485102
1605546517, 5, 47, 54, 10, 6, 0.20%, 0, 0, 17, 811.99 134 496918
1605546543, 5, 48, 55, 10, 6, 0.21%, 0, 0, 17, 769.54 135 517522
1605546579, 5, 50, 55, 9, 5, 0.21%, 0, 0, 17, 715.72 135 545188
1605546604, 5, 51, 55, 8, 4, 0.21%, 0, 0, 17, 808.15 135 566126
1605546609, 5, 51, 56, 9, 4, 0.21%, 0, 0, 18, 630.93 136 569118
1605546635, 5, 52, 56, 8, 4, 0.21%, 0, 0, 18, 684.67 136 588785
1605546662, 5, 53, 56, 7, 3, 0.21%, 0, 0, 18, 819.59 136 606635
1605546667, 5, 53, 58, 9, 3, 0.21%, 0, 0, 18, 629.81 138 609611
1605546692, 5, 54, 58, 8, 4, 0.21%, 0, 0, 18, 689.52 138 629298
1605546718, 5, 55, 58, 7, 3, 0.21%, 0, 0, 18, 755.26 138 648726
