# unix_time, cycles_done, cur_path, paths_total, pending_total, pending_favs, map_size, unique_crashes, unique_hangs, max_depth, execs_per_sec, edge_coverage, total_execs
1602189256, 0, 0, 1, 1, 1, 2.37%, 0, 0, 1, 135.59 0 8
1602189261, 0, 0, 41, 41, 1, 2.55%, 0, 0, 2, 248.19 1672 2806
1602189266, 0, 0, 226, 226, 1, 3.02%, 0, 0, 2, 1157.69 1977 5719
1602189271, 0, 0, 292, 292, 1, 3.11%, 0, 0, 2, 626.43 2040 8731
1602189277, 0, 0, 359, 359, 1, 3.12%, 0, 0, 2, 773.05 2047 13047
1602189282, 0, 0, 402, 402, 1, 3.14%, 0, 0, 2, 709.38 2057 15859
1602189287, 0, 0, 433, 433, 1, 3.14%, 0, 0, 2, 707.87 2059 19464
1602189292, 0, 0, 450, 450, 1, 3.15%, 0, 0, 2, 694.18 2063 22891
1602189297, 0, 0, 455, 455, 1, 3.15%, 0, 0, 2, 408.35 2064 24950
1602189312, 0, 0, 456, 456, 1, 3.15%, 0, 0, 2, 212.98 2064 27722
1602189328, 0, 0, 457, 457, 1, 3.15%, 0, 0, 2, 225.28 2064 31334
1602189333, 0, 0, 458, 458, 1, 3.15%, 0, 0, 2, 204.76 2064 32338
1602189358, 0, 0, 461, 461, 1, 3.15%, 0, 0, 2, 178.42 2064 37070
1602189364, 0, 0, 462, 462, 1, 3.15%, 0, 0, 2, 196.48 2064 38112
1602189374, 0, 0, 463, 463, 1, 3.15%, 0, 0, 2, 166.88 2064 39906
1602189394, 0, 0, 464, 464, 1, 3.15%, 0, 0, 2, 199.96 2064 43964
1602189419, 0, 0, 465, 465, 1, 3.15%, 0, 0, 2, 170.21 2064 48334
1602189424, 0, 0, 466, 466, 1, 3.15%, 0, 0, 2, 201.61 2064 49392
1602189434, 0, 0, 467, 467, 1, 3.15%, 0, 0, 2, 211.10 2064 51572
1602189445, 0, 0, 469, 469, 1, 3.15%, 0, 0, 2, 197.26 2064 53541
1602189531, 0, 0, 470, 470, 1, 3.15%, 0, 0, 2, 175.21 2064 70721
1602189536, 0, 0, 471, 471, 1, 3.15%, 0, 0, 2, 185.08 2064 71710
1602189561, 0, 0, 472, 472, 1, 3.15%, 0, 0, 2, 239.09 2064 77152
1602189586, 0, 0, 473, 473, 1, 3.16%, 0, 0, 2, 211.53 2072 82536
1602189597, 0, 0, 474, 474, 1, 3.16%, 0, 0, 2, 194.62 2074 84589
1602189602, 0, 0, 477, 477, 1, 3.17%, 0, 0, 2, 200.83 2075 85639
1602189612, 0, 0, 478, 478, 1, 3.17%, 0, 0, 2, 207.26 2075 87760
1602189617, 0, 0, 479, 479, 1, 3.17%, 0, 0, 2, 208.89 2075 88872
1602189627, 0, 0, 480, 480, 1, 3.17%, 0, 0, 2, 213.95 2075 91144
1602189642, 0, 0, 481, 481, 1, 3.18%, 0, 0, 2, 163.67 2082 93735
1602189652, 0, 0, 484, 484, 1, 3.18%, 0, 0, 2, 175.43 2082 95346
1602189693, 0, 0, 485, 485, 1, 3.18%, 0, 0, 2, 191.68 2082 102359
1602189713, 0, 0, 486, 486, 1, 3.18%, 0, 0, 2, 200.57 2082 106168
1602189749, 0, 0, 487, 487, 1, 3.18%, 0, 0, 2, 152.78 2082 112566
1602189759, 0, 0, 488, 488, 1, 3.18%, 0, 0, 2, 189.57 2082 114485
1602189774, 0, 0, 489, 489, 1, 3.18%, 0, 0, 2, 194.13 2082 117082
1602189784, 0, 0, 491, 491, 1, 3.18%, 0, 0, 2, 179.86 2084 118994
1602189789, 0, 0, 492, 492, 1, 3.18%, 0, 0, 2, 186.43 2084 119926
1602189800, 0, 0, 495, 495, 1, 3.21%, 0, 0, 2, 182.59 2105 121783
1602189810, 0, 0, 496, 496, 1, 3.21%, 0, 0, 2, 175.88 2105 123540
1602189815, 0, 0, 497, 497, 1, 3.21%, 0, 0, 2, 187.11 2105 124535
1602189825, 0, 0, 499, 499, 1, 3.22%, 0, 0, 2, 191.48 2108 126492
1602189830, 0, 0, 501, 501, 1, 3.23%, 0, 0, 2, 189.80 2115 127435
1602189840, 0, 0, 545, 545, 1, 3.23%, 0, 0, 2, 165.37 2120 129276
1602189846, 0, 0, 583, 583, 1, 3.25%, 0, 0, 2, 167.16 2132 130161
1602189851, 0, 0, 598, 598, 1, 3.26%, 0, 0, 2, 192.02 2135 131145
1602189856, 0, 0, 616, 616, 1, 3.26%, 0, 0, 2, 158.64 2136 131955
1602189861, 0, 0, 632, 632, 1, 3.26%, 0, 0, 2, 134.43 2136 132618
1602189866, 0, 0, 635, 635, 1, 3.26%, 0, 0, 2, 135.59 2136 133350
1602189871, 0, 0, 642, 642, 1, 3.26%, 0, 0, 2, 137.12 2136 134072
1602189876, 0, 0, 643, 643, 1, 3.26%, 0, 0, 2, 143.60 2136 134780
1602189897, 0, 0, 646, 646, 1, 3.26%, 0, 0, 2, 190.11 2136 138294
1602189902, 0, 0, 647, 647, 1, 3.26%, 0, 0, 2, 193.94 2136 139253
1602189912, 0, 0, 648, 648, 1, 3.26%, 0, 0, 2, 195.14 2136 141235
1602189917, 0, 0, 650, 650, 1, 3.30%, 0, 0, 2, 194.27 2160 142178
1602189922, 0, 0, 651, 651, 1, 3.30%, 0, 0, 2, 192.34 2160 143173
1602189927, 0, 0, 652, 652, 1, 3.30%, 0, 0, 2, 171.37 2160 144039
1602189942, 0, 0, 655, 655, 1, 3.30%, 0, 0, 2, 182.71 2160 146772
1602189947, 0, 0, 657, 657, 1, 3.30%, 0, 0, 2, 177.61 2160 147670
1602189953, 0, 0, 658, 658, 1, 3.30%, 0, 0, 2, 161.37 2160 148470
1602189958, 0, 0, 659, 659, 1, 3.30%, 0, 0, 2, 183.91 2160 149399
1602189968, 0, 0, 660, 660, 1, 3.30%, 0, 0, 2, 172.79 2160 151138
1602190003, 0, 0, 661, 661, 1, 3.30%, 0, 0, 2, 168.94 2161 157461
1602190019, 0, 0, 662, 662, 1, 3.30%, 0, 0, 2, 176.62 2165 160172
1602190029, 0, 0, 663, 663, 1, 3.30%, 0, 0, 2, 177.34 2165 161956
1602190039, 0, 0, 664, 664, 1, 3.31%, 0, 0, 2, 172.60 2167 163674
1602190044, 0, 0, 665, 665, 1, 3.31%, 0, 0, 2, 175.23 2168 164564
1602190059, 0, 0, 666, 666, 1, 3.31%, 0, 0, 2, 174.22 2170 167290
1602190075, 0, 0, 668, 668, 1, 3.31%, 0, 0, 2, 168.34 2170 169883
1602190080, 0, 0, 670, 670, 1, 3.31%, 0, 0, 2, 176.64 2170 170793
1602190085, 0, 0, 671, 671, 1, 3.31%, 0, 0, 2, 173.87 2170 171650
1602190095, 0, 0, 672, 672, 1, 3.31%, 0, 0, 2, 176.32 2170 173434
1602190105, 0, 0, 673, 673, 1, 3.31%, 0, 0, 2, 183.47 2170 175341
1602190110, 0, 0, 674, 674, 1, 3.31%, 0, 0, 2, 168.57 2170 176192
1602190136, 0, 0, 675, 675, 1, 3.31%, 0, 0, 2, 176.33 2171 180799
1602190337, 0, 0, 675, 675, 1, 3.31%, 1, 0, 2, 128.47 2171 207112
1602190435, 0, 0, 676, 676, 1, 3.32%, 1, 0, 2, 126.42 2173 219434
1602190471, 0, 0, 677, 677, 1, 3.32%, 1, 0, 2, 133.95 2176 224050
1602190517, 0, 0, 678, 678, 1, 3.33%, 1, 0, 2, 124.12 2180 229696
1602190528, 0, 0, 679, 679, 1, 3.34%, 1, 0, 2, 127.95 2187 230970
1602190543, 0, 0, 680, 680, 1, 3.35%, 1, 0, 2, 122.25 2194 232874
1602190558, 0, 0, 681, 681, 1, 3.35%, 1, 0, 2, 127.34 2196 234766
1602190564, 0, 0, 682, 682, 1, 3.35%, 1, 0, 2, 128.21 2196 235430
1602190579, 0, 0, 683, 683, 1, 3.36%, 1, 0, 2, 125.48 2199 237396
1602190651, 0, 0, 684, 684, 1, 3.36%, 1, 0, 2, 135.24 2204 246670
1602190662, 0, 0, 687, 687, 1, 3.37%, 1, 0, 2, 140.46 2207 248106
1602190677, 0, 0, 688, 688, 1, 3.37%, 1, 0, 2, 130.31 2207 250112
1602190682, 0, 0, 689, 689, 1, 3.37%, 1, 0, 2, 132.70 2207 250782
1602190687, 0, 0, 690, 690, 1, 3.37%, 1, 0, 2, 127.55 2207 251426
1602190703, 0, 0, 691, 691, 1, 3.37%, 1, 0, 2, 135.68 2207 253426
1602190765, 0, 0, 692, 692, 1, 3.37%, 1, 0, 2, 131.50 2207 261416
1602190775, 0, 0, 693, 693, 1, 3.37%, 1, 0, 2, 125.60 2211 262766
1602190785, 0, 0, 694, 694, 1, 3.38%, 1, 0, 2, 129.47 2213 264098
1602190811, 0, 0, 695, 695, 1, 3.39%, 1, 0, 2, 129.88 2223 267314
1602190821, 0, 0, 696, 696, 1, 3.39%, 1, 0, 2, 125.42 2223 268572
1602190899, 0, 0, 697, 697, 1, 3.39%, 1, 0, 2, 125.53 2223 278440
1602190920, 0, 0, 698, 698, 1, 3.39%, 1, 0, 2, 134.91 2223 281140
1602190961, 0, 0, 700, 700, 1, 3.39%, 1, 0, 2, 127.49 2223 286302
1602190981, 0, 0, 701, 701, 1, 3.40%, 1, 0, 2, 129.95 2227 288848
1602191120, 0, 0, 702, 702, 1, 3.40%, 1, 0, 2, 126.60 2231 305930
1602191131, 0, 0, 704, 704, 1, 3.41%, 1, 0, 2, 130.52 2232 307268
1602191167, 0, 0, 705, 705, 1, 3.41%, 1, 0, 2, 124.70 2233 311618
1602191208, 0, 0, 706, 706, 1, 3.42%, 1, 0, 2, 137.74 2240 316860
1602191218, 0, 0, 707, 707, 1, 3.42%, 1, 0, 2, 142.33 2240 318336
1602191233, 0, 0, 708, 708, 1, 3.42%, 1, 0, 2, 125.16 2240 320298
1602191238, 0, 0, 711, 711, 1, 3.42%, 1, 0, 2, 151.22 2240 321094
1602191249, 0, 0, 712, 712, 1, 3.42%, 1, 0, 2, 157.21 2240 322692
1602191259, 0, 0, 713, 713, 1, 3.42%, 1, 0, 2, 159.09 2243 324329
1602191274, 0, 0, 714, 714, 1, 3.43%, 1, 0, 2, 157.95 2247 326779
1602191284, 0, 0, 715, 715, 1, 3.43%, 1, 0, 2, 158.23 2247 328416
1602191289, 0, 0, 717, 717, 1, 3.43%, 1, 0, 2, 152.64 2247 329170
1602191309, 0, 0, 718, 718, 1, 3.43%, 1, 0, 2, 156.21 2247 332406
1602191314, 0, 0, 719, 719, 1, 3.43%, 1, 0, 2, 152.97 2247 333164
1602191330, 0, 0, 720, 720, 1, 3.43%, 1, 0, 2, 158.03 2247 335632
1602191335, 0, 0, 721, 721, 1, 3.43%, 1, 0, 2, 157.62 2247 336435
1602191350, 0, 0, 722, 722, 1, 3.43%, 1, 0, 2, 153.02 2247 338816
1602191355, 0, 0, 724, 724, 1, 3.43%, 1, 0, 2, 155.94 2247 339612
1602191360, 0, 0, 726, 726, 1, 3.43%, 1, 0, 2, 154.95 2248 340381
1602191395, 0, 0, 727, 727, 1, 3.43%, 1, 0, 2, 152.79 2248 345816
1602191411, 0, 0, 728, 728, 1, 3.43%, 1, 0, 2, 148.53 2249 348048
1602191416, 0, 0, 730, 730, 1, 3.43%, 1, 0, 2, 149.90 2249 348819
1602191421, 0, 0, 731, 731, 1, 3.43%, 1, 0, 2, 149.47 2249 349592
1602191427, 0, 0, 733, 733, 1, 3.43%, 1, 0, 2, 147.18 2249 350346
1602191442, 0, 0, 734, 734, 1, 3.43%, 1, 0, 2, 159.63 2249 352703
1602191462, 0, 0, 736, 736, 1, 3.43%, 1, 0, 2, 152.59 2249 355761
1602191467, 0, 0, 737, 737, 1, 3.43%, 1, 0, 2, 150.86 2249 356519
1602191482, 0, 0, 738, 738, 1, 3.43%, 1, 0, 2, 150.26 2249 358798
1602191487, 0, 0, 739, 739, 1, 3.43%, 1, 0, 2, 149.66 2249 359564
1602191529, 0, 0, 740, 740, 1, 3.43%, 1, 0, 2, 156.29 2249 365708
1602191549, 0, 0, 741, 741, 1, 3.43%, 1, 0, 2, 159.23 2249 368941
1602191554, 0, 0, 742, 742, 1, 3.43%, 1, 0, 2, 158.45 2249 369768
1602191564, 0, 0, 743, 743, 1, 3.43%, 1, 0, 2, 161.57 2249 371390
1602191589, 0, 0, 745, 745, 1, 3.43%, 1, 0, 2, 157.32 2249 375423
1602191605, 0, 0, 746, 746, 1, 3.44%, 1, 0, 2, 156.38 2252 377822
1602191610, 0, 0, 747, 747, 1, 3.44%, 1, 0, 2, 160.20 2252 378655
1602191645, 0, 0, 748, 748, 1, 3.44%, 1, 0, 2, 151.01 2252 384054
1602191666, 0, 0, 749, 749, 1, 3.44%, 1, 0, 2, 153.56 2252 387125
1602191676, 0, 0, 750, 750, 1, 3.44%, 1, 0, 2, 149.17 2254 388645
1602191696, 0, 0, 751, 751, 1, 3.44%, 1, 0, 2, 152.79 2254 391713
1602191701, 0, 0, 752, 752, 1, 3.44%, 1, 0, 2, 153.98 2254 392486
1602191726, 0, 0, 753, 753, 1, 3.44%, 1, 0, 2, 149.66 2254 396331
1602191752, 0, 0, 756, 756, 1, 3.44%, 1, 0, 2, 152.62 2255 400207
1602191793, 0, 0, 757, 757, 1, 3.44%, 1, 0, 2, 148.13 2255 406324
1602191849, 0, 0, 758, 758, 1, 3.44%, 1, 0, 2, 143.01 2255 414574
1602191885, 0, 0, 759, 759, 1, 3.44%, 1, 0, 2, 147.06 2255 419832
1602191890, 0, 0, 760, 760, 1, 3.44%, 1, 0, 2, 145.80 2255 420590
1602191916, 0, 0, 761, 761, 1, 3.44%, 1, 0, 2, 140.40 2255 424316
1602191932, 0, 0, 762, 762, 1, 3.44%, 1, 0, 2, 142.92 2255 426522
1602191947, 0, 0, 763, 763, 1, 3.44%, 1, 0, 2, 146.81 2255 428778
1602191999, 0, 0, 764, 764, 1, 3.44%, 1, 0, 2, 141.26 2255 436140
1602192019, 0, 0, 765, 765, 1, 3.44%, 1, 0, 2, 144.05 2255 439094
1602192025, 0, 0, 766, 766, 1, 3.44%, 1, 0, 2, 145.95 2255 439848
1602192097, 0, 0, 767, 767, 1, 3.44%, 1, 0, 2, 143.82 2255 450362
1602192102, 0, 0, 768, 768, 1, 3.44%, 1, 0, 2, 148.31 2256 451120
1602192184, 0, 0, 769, 769, 1, 3.45%, 1, 0, 2, 141.16 2258 462954
1602192338, 0, 0, 770, 770, 1, 3.45%, 1, 0, 2, 235.18 2260 495120
1602192369, 0, 0, 785, 785, 1, 3.46%, 1, 0, 2, 920.10 2265 505509
1602192374, 0, 0, 786, 786, 1, 3.46%, 1, 0, 2, 1154.27 2265 511748
1602192379, 0, 0, 789, 789, 1, 3.46%, 1, 0, 2, 1140.72 2265 517480
1602192384, 0, 0, 791, 791, 1, 3.46%, 1, 0, 2, 719.05 2265 521230
1602192476, 0, 0, 792, 792, 1, 3.46%, 1, 0, 2, 370.58 2265 545227
1602192536, 0, 0, 793, 793, 1, 3.46%, 1, 0, 2, 364.75 2265 568748
1602192618, 0, 0, 794, 794, 1, 3.46%, 1, 0, 2, 356.14 2265 598898
1602192683, 0, 0, 795, 795, 1, 3.46%, 1, 0, 2, 356.34 2265 621572
1602192694, 0, 0, 799, 799, 1, 3.46%, 1, 0, 2, 402.57 2265 625632
1602192699, 0, 0, 801, 801, 1, 3.46%, 1, 0, 2, 303.55 2265 627154
1602192709, 0, 0, 802, 802, 1, 3.46%, 1, 0, 2, 290.64 2265 629935
1602192719, 0, 0, 802, 802, 1, 3.46%, 2, 0, 2, 348.17 2265 633354
1602192745, 0, 0, 803, 803, 1, 3.46%, 2, 0, 2, 325.04 2265 642158
1602192937, 0, 0, 804, 804, 1, 3.46%, 2, 0, 2, 236.81 2265 696404
1602192973, 0, 0, 804, 804, 1, 3.46%, 3, 0, 2, 122.28 2265 701668
1602193208, 0, 0, 805, 805, 1, 3.46%, 3, 0, 2, 233.52 2265 750256
1602193494, 0, 0, 806, 806, 1, 3.46%, 3, 0, 2, 130.46 2265 800444
1602193750, 0, 0, 807, 807, 1, 3.46%, 3, 0, 2, 161.29 2265 839173
1602193816, 0, 0, 808, 808, 1, 3.46%, 3, 0, 2, 163.42 2265 849543
1602193903, 0, 0, 809, 809, 1, 3.46%, 3, 0, 2, 170.60 2265 863318
1602193913, 0, 0, 810, 810, 1, 3.46%, 3, 0, 2, 161.45 2266 864985
1602194142, 0, 0, 811, 811, 1, 3.46%, 3, 0, 2, 151.40 2266 901242
1602194209, 0, 0, 812, 812, 1, 3.46%, 3, 0, 2, 153.27 2266 911300
1602194311, 0, 0, 813, 813, 1, 3.46%, 3, 0, 2, 149.70 2266 926534
1602194388, 0, 0, 814, 814, 1, 3.46%, 3, 0, 2, 150.54 2266 937839
1602194795, 0, 0, 821, 821, 1, 3.47%, 3, 0, 2, 1086.61 2275 997303
1602194800, 0, 0, 822, 822, 1, 3.47%, 3, 0, 2, 1020.82 2275 1002291
1602194805, 0, 0, 823, 823, 1, 3.47%, 3, 0, 2, 922.68 2275 1006967
1602194811, 0, 0, 824, 824, 1, 3.47%, 3, 0, 2, 841.88 2275 1011319
1602194882, 0, 0, 825, 825, 1, 3.47%, 3, 0, 2, 280.53 2275 1033235
1602194887, 0, 0, 826, 826, 1, 3.47%, 3, 0, 2, 247.44 2275 1034453
1602194973, 0, 0, 827, 827, 1, 3.47%, 3, 0, 2, 292.21 2275 1058841
1602194989, 0, 0, 828, 828, 1, 3.47%, 3, 0, 2, 246.12 2275 1062367
1602195218, 0, 0, 829, 829, 1, 3.47%, 3, 0, 2, 272.40 2275 1118232
1602195228, 0, 0, 830, 830, 1, 3.47%, 3, 0, 2, 183.25 2275 1120504
1602196533, 0, 0, 831, 831, 1, 3.47%, 3, 0, 2, 176.78 2275 1310874
1602196554, 0, 0, 832, 832, 1, 3.47%, 3, 0, 2, 172.11 2275 1314584
1602196625, 0, 0, 833, 833, 1, 3.47%, 3, 0, 2, 171.09 2275 1326958
1602196671, 0, 0, 834, 834, 1, 3.47%, 3, 0, 2, 154.38 2275 1334532
1602196864, 0, 0, 835, 835, 1, 3.47%, 3, 0, 2, 163.49 2275 1366511
1602196941, 0, 0, 836, 836, 1, 3.47%, 3, 0, 2, 158.72 2275 1378801
1602197195, 0, 0, 837, 837, 1, 3.47%, 3, 0, 2, 156.00 2275 1418319
1602197326, 0, 0, 838, 838, 1, 3.47%, 3, 0, 2, 153.70 2275 1438421
1602197716, 0, 0, 839, 839, 1, 3.47%, 3, 0, 2, 247.33 2275 1505920
1602197999, 0, 0, 840, 840, 1, 3.47%, 4, 0, 2, 1193.65 2275 1550303
1602198323, 0, 0, 842, 842, 1, 3.47%, 5, 0, 2, 1034.36 2275 1613886
1602198343, 0, 0, 843, 843, 1, 3.54%, 5, 0, 2, 358.29 2317 1622819
1602198587, 0, 0, 844, 844, 1, 3.54%, 5, 0, 2, 162.09 2317 1666906
1602198592, 0, 0, 845, 845, 1, 3.54%, 5, 0, 2, 157.52 2317 1667724
1602198633, 0, 0, 850, 850, 1, 3.54%, 5, 0, 2, 115.42 2318 1674532
1602198643, 0, 0, 853, 853, 1, 3.54%, 5, 0, 2, 151.37 2318 1676290
1602198648, 0, 0, 854, 854, 1, 3.54%, 5, 0, 2, 172.90 2319 1677198
1602198653, 0, 0, 855, 855, 1, 3.54%, 5, 0, 2, 161.33 2319 1677971
1602198658, 0, 0, 859, 859, 1, 3.56%, 5, 0, 2, 1580.95 2333 1680728
1602198663, 0, 0, 866, 866, 1, 3.56%, 5, 0, 2, 1316.02 2335 1686922
1602198668, 0, 0, 867, 867, 1, 3.56%, 5, 0, 2, 1223.22 2335 1692956
1602198689, 0, 0, 868, 868, 1, 3.56%, 5, 0, 2, 1060.19 2335 1712002
1602198734, 0, 0, 869, 869, 1, 3.56%, 5, 0, 2, 877.03 2335 1753671
1602198755, 0, 0, 870, 870, 1, 3.56%, 5, 0, 2, 772.22 2335 1770902
1602198922, 0, 0, 871, 871, 1, 3.56%, 5, 0, 2, 414.01 2335 1840852
1602201332, 0, 0, 872, 872, 1, 3.57%, 5, 0, 2, 262.10 2337 2492588
1602201469, 0, 0, 873, 873, 1, 3.57%, 5, 0, 2, 243.41 2337 2527008
1602201474, 0, 0, 874, 874, 1, 3.57%, 5, 0, 2, 281.80 2337 2528444
1602201484, 0, 0, 875, 875, 1, 3.57%, 5, 0, 2, 290.79 2337 2531382
1602201499, 0, 0, 876, 876, 1, 3.57%, 5, 0, 2, 280.04 2337 2535660
1602201524, 0, 0, 877, 877, 1, 3.57%, 5, 0, 2, 280.42 2337 2542428
1602201596, 0, 0, 878, 878, 1, 3.57%, 5, 0, 2, 172.90 2337 2554284
1602201834, 0, 0, 879, 879, 1, 3.57%, 5, 0, 2, 256.05 2337 2606134
1602201910, 0, 0, 880, 880, 1, 3.57%, 5, 0, 2, 231.71 2337 2624912
1602202022, 0, 0, 881, 881, 1, 3.57%, 5, 0, 2, 232.68 2337 2649268
1602202245, 0, 0, 882, 882, 1, 3.57%, 5, 0, 2, 222.14 2337 2697116
1602202524, 0, 0, 883, 883, 1, 3.57%, 5, 0, 2, 205.02 2337 2756500
1602204469, 0, 0, 883, 883, 1, 3.57%, 6, 0, 2, 133.96 2337 3064788
1602205735, 0, 0, 884, 884, 1, 3.57%, 6, 0, 2, 115.12 2337 3226604
1602207128, 0, 0, 885, 885, 1, 3.57%, 6, 0, 2, 150.78 2337 3411008
1602210605, 0, 0, 886, 886, 1, 3.57%, 6, 0, 2, 180.66 2337 3878095
1602211285, 0, 0, 887, 887, 1, 3.57%, 6, 0, 2, 167.47 2337 3998001
1602212119, 0, 0, 888, 888, 1, 3.57%, 6, 0, 2, 151.74 2337 4137689
1602212671, 0, 0, 889, 889, 1, 3.57%, 6, 0, 2, 171.90 2337 4233187
1602214114, 0, 0, 890, 890, 1, 3.57%, 6, 0, 2, 161.46 2337 4467429
1602214660, 0, 0, 891, 891, 1, 3.57%, 6, 0, 2, 154.57 2337 4552388
1602214696, 0, 0, 892, 892, 1, 3.57%, 6, 0, 2, 161.49 2337 4558027
1602214870, 0, 0, 893, 893, 1, 3.57%, 6, 0, 2, 156.47 2337 4584771
1602218466, 0, 0, 894, 894, 1, 3.57%, 6, 0, 2, 1083.08 2337 5115064
1602221581, 0, 0, 895, 895, 1, 3.57%, 6, 0, 2, 197.11 2337 5716283
1602221840, 0, 0, 896, 896, 1, 3.57%, 6, 0, 2, 272.92 2337 5811071
1602221845, 0, 0, 897, 897, 1, 3.57%, 6, 0, 2, 289.84 2337 5812544
1602223629, 0, 0, 900, 900, 1, 3.57%, 6, 0, 2, 1654.90 2337 6106799
1602223665, 0, 0, 901, 901, 1, 3.57%, 6, 0, 2, 920.17 2337 6145111
1602223685, 0, 0, 902, 902, 1, 3.57%, 6, 0, 2, 799.80 2337 6161733
1602223742, 0, 0, 903, 903, 1, 3.57%, 6, 0, 2, 636.41 2337 6195986
1602224554, 0, 0, 904, 904, 1, 3.57%, 6, 0, 2, 287.91 2337 6509222
1602224630, 0, 0, 905, 905, 1, 3.57%, 6, 0, 2, 306.78 2337 6532197
1602224656, 0, 0, 906, 906, 1, 3.57%, 6, 0, 2, 206.17 2337 6538105
1602224671, 0, 0, 907, 907, 1, 3.57%, 6, 0, 2, 223.35 2337 6541585
1602224697, 0, 0, 908, 908, 1, 3.57%, 6, 0, 2, 242.09 2337 6547461
1602227906, 0, 0, 909, 909, 1, 3.57%, 6, 0, 2, 184.73 2337 7166552
1602229011, 0, 0, 910, 910, 1, 3.57%, 6, 0, 2, 177.93 2337 7371307
1602231564, 0, 0, 911, 911, 1, 3.57%, 6, 0, 2, 155.23 2337 7780188
1602231796, 0, 0, 914, 914, 1, 3.57%, 9, 0, 2, 395.84 2337 7817271
1602231802, 0, 0, 921, 921, 1, 3.59%, 9, 0, 2, 1228.58 2355 7824559
1602231827, 0, 0, 922, 922, 1, 3.59%, 9, 0, 2, 1151.34 2355 7856273
1602231878, 0, 0, 923, 923, 1, 3.60%, 9, 0, 2, 804.66 2360 7903127
1602231950, 0, 0, 924, 924, 1, 3.60%, 9, 0, 2, 692.50 2360 7951364
1602233172, 0, 0, 925, 925, 1, 3.60%, 9, 0, 2, 296.41 2362 8454836
1602233283, 0, 0, 926, 926, 1, 3.60%, 9, 0, 2, 301.42 2362 8488967
1602233293, 0, 0, 927, 927, 1, 3.60%, 9, 0, 2, 310.21 2362 8492095
1602233349, 0, 0, 928, 928, 1, 3.60%, 9, 0, 2, 268.24 2362 8508080
1602233695, 0, 0, 929, 929, 1, 3.60%, 9, 0, 2, 270.18 2362 8605893
1602234357, 0, 0, 930, 930, 1, 3.60%, 9, 0, 2, 247.73 2362 8778023
1602234945, 0, 0, 930, 930, 1, 3.60%, 10, 0, 2, 203.37 2362 8912283
1602238840, 0, 0, 931, 931, 1, 3.60%, 10, 0, 2, 179.91 2362 9695496
1602238896, 0, 0, 932, 932, 1, 3.60%, 10, 0, 2, 180.40 2362 9705695
1602239374, 0, 0, 933, 933, 1, 3.60%, 10, 0, 2, 179.41 2362 9792172
1602239696, 0, 0, 934, 934, 1, 3.60%, 10, 0, 2, 171.28 2362 9849636
1602240336, 0, 0, 935, 935, 1, 3.60%, 10, 0, 2, 162.76 2362 9958865
1602240591, 0, 0, 936, 936, 1, 3.60%, 10, 0, 2, 162.28 2362 10001536
1602241667, 0, 0, 937, 937, 1, 3.60%, 10, 0, 2, 156.93 2362 10174116
1602243575, 0, 0, 938, 938, 1, 3.60%, 10, 0, 2, 150.47 2362 10466375
1602243962, 0, 0, 939, 939, 1, 3.61%, 10, 0, 2, 149.40 2365 10524663
1602243967, 0, 0, 940, 940, 1, 3.61%, 10, 0, 2, 126.35 2366 10525915
1602243978, 0, 0, 941, 941, 1, 3.61%, 10, 0, 2, 248.11 2367 10528951
1602243983, 0, 0, 951, 951, 1, 3.63%, 10, 0, 2, 1034.70 2378 10534515
1602244034, 0, 0, 953, 953, 1, 3.63%, 10, 0, 2, 980.47 2378 10592911
1602244059, 0, 0, 954, 954, 1, 3.63%, 10, 0, 2, 834.83 2378 10615199
1602244085, 0, 0, 955, 955, 1, 3.63%, 10, 0, 2, 774.23 2378 10635627
1602244161, 0, 0, 956, 956, 1, 3.63%, 10, 0, 2, 670.11 2378 10675874
1602244167, 0, 0, 957, 957, 1, 3.63%, 10, 0, 2, 677.51 2378 10679327
1602244263, 0, 0, 958, 958, 1, 3.63%, 10, 0, 2, 541.30 2378 10732461
1602244345, 0, 0, 959, 959, 1, 3.63%, 10, 0, 2, 459.48 2378 10772342
1602244355, 0, 0, 960, 960, 1, 3.63%, 10, 0, 2, 481.38 2378 10777327
1602245740, 0, 0, 961, 961, 1, 3.63%, 10, 0, 2, 272.90 2378 11278175
1602245796, 0, 0, 962, 962, 1, 3.63%, 10, 0, 2, 302.65 2378 11294537
1602245801, 0, 0, 963, 963, 1, 3.63%, 10, 0, 2, 308.89 2378 11296099
1602246249, 0, 0, 964, 964, 1, 3.63%, 10, 0, 2, 263.79 2378 11413659
1602246421, 0, 0, 965, 965, 1, 3.63%, 10, 0, 2, 257.25 2378 11457637
1602253893, 0, 0, 966, 966, 1, 3.63%, 10, 0, 2, 178.44 2378 12709603
1602255685, 0, 0, 967, 967, 1, 3.63%, 10, 0, 2, 160.63 2378 13016001
1602259506, 0, 2, 970, 968, 117, 3.63%, 10, 0, 3, 1657.44 2382 13613499
1602259511, 0, 5, 976, 973, 117, 3.63%, 10, 0, 3, 2135.81 2382 13625272
1602260087, 0, 5, 977, 974, 117, 3.63%, 10, 0, 3, 3150.94 2382 15171332
1602260097, 0, 6, 978, 974, 117, 3.63%, 10, 0, 3, 3231.82 2382 15204037
1602260551, 0, 6, 979, 975, 117, 3.64%, 10, 0, 3, 3233.57 2386 16680489
1602260577, 0, 12, 979, 974, 117, 3.64%, 10, 0, 3, 836.38 2386 16751982
1602260582, 0, 12, 980, 975, 117, 3.64%, 10, 0, 3, 1107.06 2386 16757731
1602261948, 0, 12, 981, 976, 117, 3.64%, 10, 0, 3, 267.32 2386 17181520
1602263659, 0, 12, 982, 977, 117, 3.64%, 10, 0, 3, 934.67 2386 17739511
1602266666, 0, 12, 982, 977, 117, 3.64%, 11, 0, 3, 1041.11 2386 18354606
