# unix_time, cycles_done, cur_path, paths_total, pending_total, pending_favs, map_size, unique_crashes, unique_hangs, max_depth, execs_per_sec, edge_coverage, total_execs
1601778679, 0, 0, 1, 1, 1, 7.55%, 0, 0, 1, 28.07 0 8
1601778684, 0, 0, 11, 11, 1, 7.66%, 0, 0, 2, 41.05 5023 233
1601778689, 0, 0, 14, 14, 1, 7.71%, 0, 0, 2, 42.79 5056 452
1601778694, 0, 0, 21, 21, 1, 7.83%, 0, 0, 2, 41.98 5131 668
1601778699, 0, 0, 33, 33, 1, 7.88%, 0, 0, 2, 40.49 5167 871
1601778704, 0, 0, 44, 44, 1, 7.92%, 0, 0, 2, 38.94 5189 1065
1601778750, 0, 0, 45, 45, 1, 7.94%, 0, 0, 2, 17.25 5202 2357
1601778755, 0, 0, 47, 47, 1, 7.95%, 0, 0, 2, 17.78 5209 2447
1601778776, 0, 0, 50, 50, 1, 7.95%, 0, 0, 2, 18.50 5209 2820
1601778781, 0, 0, 51, 51, 1, 7.95%, 0, 0, 2, 18.70 5213 2916
1601778786, 0, 0, 52, 52, 1, 7.95%, 0, 0, 2, 18.79 5213 3012
1601778873, 0, 0, 54, 54, 1, 7.96%, 0, 0, 2, 18.23 5214 4692
1601778878, 0, 0, 55, 55, 1, 7.96%, 0, 0, 2, 17.43 5216 4780
1601778970, 0, 0, 57, 57, 1, 8.01%, 0, 0, 2, 19.57 5251 6485
1601778995, 0, 0, 58, 58, 1, 8.02%, 0, 0, 2, 17.39 5254 6968
1601779026, 0, 0, 59, 59, 1, 8.02%, 0, 0, 2, 18.57 5254 7509
1601779072, 0, 0, 63, 63, 1, 8.05%, 0, 0, 2, 19.23 5275 8379
1601779087, 0, 0, 64, 64, 1, 8.05%, 0, 0, 2, 20.04 5275 8682
1601779246, 0, 0, 65, 65, 1, 8.05%, 0, 0, 2, 17.19 5275 11620
1601779302, 0, 0, 66, 66, 1, 8.06%, 0, 0, 2, 17.23 5282 12612
1601779307, 0, 0, 67, 67, 1, 8.06%, 0, 0, 2, 17.17 5283 12700
1601779378, 0, 0, 68, 68, 1, 8.06%, 0, 0, 2, 18.27 5283 13928
1601779389, 0, 0, 69, 69, 1, 8.06%, 0, 0, 2, 18.51 5283 14120
1601779404, 0, 0, 70, 70, 1, 8.06%, 0, 0, 2, 18.63 5285 14411
1601779414, 0, 0, 72, 72, 1, 8.06%, 0, 0, 2, 18.47 5285 14603
1601779430, 0, 0, 73, 73, 1, 8.06%, 0, 0, 2, 18.56 5285 14892
1601779435, 0, 0, 74, 74, 1, 8.06%, 0, 0, 2, 18.60 5285 14988
1601779440, 0, 0, 75, 75, 1, 8.07%, 0, 0, 2, 18.69 5287 15084
1601779461, 0, 0, 77, 77, 1, 8.07%, 0, 0, 2, 18.80 5287 15471
1601779466, 0, 0, 79, 79, 1, 8.09%, 0, 0, 2, 18.63 5303 15567
1601779471, 0, 0, 80, 80, 1, 8.09%, 0, 0, 2, 18.60 5303 15663
1601779599, 0, 0, 81, 81, 1, 8.09%, 0, 0, 2, 19.04 5303 18065
1601779625, 0, 0, 82, 82, 1, 8.09%, 0, 0, 2, 19.21 5303 18561
1601779630, 0, 0, 83, 83, 1, 8.09%, 0, 0, 2, 19.24 5303 18661
1601779682, 0, 0, 84, 84, 1, 8.14%, 0, 0, 2, 19.39 5333 19665
1601779702, 0, 0, 85, 85, 1, 8.14%, 0, 0, 2, 19.40 5333 20066
1601779769, 0, 1, 85, 84, 44, 8.14%, 0, 0, 2, 19.44 5333 21360
1601779779, 0, 1, 86, 85, 44, 8.14%, 0, 0, 3, 20.15 5333 21567
1601781040, 0, 1, 87, 86, 44, 8.14%, 0, 0, 3, 18.96 5333 45374
1601781199, 0, 3, 88, 86, 44, 8.15%, 0, 0, 3, 19.69 5340 48442
1601781265, 0, 3, 89, 87, 44, 8.15%, 0, 0, 3, 18.49 5341 49716
1601781290, 0, 4, 89, 86, 45, 8.15%, 0, 0, 3, 16.62 5341 50159
1601781393, 0, 5, 89, 85, 44, 8.15%, 0, 0, 3, 18.42 5341 51834
1601781485, 0, 6, 89, 84, 43, 8.15%, 0, 0, 3, 18.04 5341 53529
1601781573, 0, 8, 89, 83, 42, 8.15%, 0, 0, 3, 19.37 5341 55189
1601782045, 0, 9, 89, 82, 41, 8.15%, 0, 0, 3, 21.13 5341 63301
1601782387, 0, 10, 89, 81, 40, 8.15%, 0, 0, 3, 19.61 5341 70126
1601782443, 0, 10, 90, 82, 40, 8.16%, 0, 0, 3, 20.82 5346 71256
1601782550, 0, 10, 91, 83, 40, 8.16%, 0, 0, 3, 21.53 5346 73455
1601783737, 0, 11, 91, 82, 41, 8.16%, 0, 0, 3, 21.82 5346 97141
1601784173, 0, 13, 91, 81, 40, 8.16%, 0, 0, 3, 21.85 5346 106252
1601784194, 0, 13, 93, 83, 40, 8.16%, 0, 0, 3, 21.69 5348 106686
1601784707, 0, 14, 93, 82, 41, 8.16%, 0, 0, 3, 17.76 5348 117399
1601785302, 0, 15, 93, 81, 40, 8.16%, 0, 0, 3, 18.62 5348 128514
1601785884, 0, 16, 93, 80, 39, 8.16%, 0, 0, 3, 18.47 5348 139602
1601786464, 0, 16, 95, 82, 39, 8.16%, 0, 0, 3, 15.48 5348 150207
1601786500, 0, 16, 96, 83, 39, 8.16%, 0, 0, 3, 15.43 5348 150757
1601786613, 0, 18, 96, 82, 38, 8.16%, 0, 0, 3, 15.64 5348 152516
1601786643, 0, 18, 99, 85, 38, 8.16%, 0, 0, 3, 15.51 5348 152992
1601786768, 0, 18, 100, 86, 38, 8.24%, 0, 0, 3, 16.33 5401 154920
1601786892, 0, 18, 101, 87, 38, 9.37%, 0, 0, 3, 15.20 6141 156813
1601786985, 0, 18, 102, 88, 38, 9.37%, 0, 0, 3, 15.31 6143 158246
1601787529, 0, 22, 102, 87, 38, 9.37%, 0, 0, 3, 16.25 6143 166867
1601787560, 0, 22, 105, 90, 38, 9.39%, 0, 0, 3, 16.36 6155 167381
1601787797, 0, 22, 106, 91, 38, 9.39%, 0, 0, 3, 15.93 6155 171155
1601787983, 0, 22, 107, 92, 38, 9.39%, 0, 0, 3, 16.01 6156 174109
1601788324, 0, 22, 108, 93, 38, 9.39%, 0, 0, 3, 15.37 6156 179400
1601788438, 0, 26, 108, 92, 41, 9.39%, 0, 0, 3, 15.44 6156 181147
1601788711, 0, 26, 109, 93, 41, 9.39%, 0, 0, 3, 15.50 6156 185417
1601788911, 0, 26, 110, 94, 41, 9.39%, 0, 0, 3, 15.49 6157 188552
1601789251, 0, 27, 110, 93, 41, 9.39%, 0, 0, 3, 16.98 6157 193935
1601789425, 0, 27, 111, 94, 41, 9.40%, 0, 0, 3, 16.76 6158 196897
1601789706, 0, 27, 112, 95, 41, 9.40%, 0, 0, 3, 16.45 6159 201592
1601790117, 0, 28, 112, 94, 42, 9.40%, 0, 0, 3, 16.99 6159 208363
1601790953, 0, 28, 113, 95, 42, 9.43%, 0, 0, 3, 16.03 6177 222372
1601790958, 0, 28, 115, 97, 42, 9.43%, 0, 0, 3, 16.12 6179 222456
1601791030, 0, 28, 116, 98, 42, 9.43%, 0, 0, 3, 16.76 6179 223647
1601791091, 0, 29, 116, 97, 44, 9.43%, 0, 0, 3, 15.74 6179 224609
1601791951, 0, 34, 116, 96, 43, 9.43%, 0, 0, 3, 16.93 6179 238778
1601792734, 0, 34, 117, 97, 43, 9.43%, 0, 0, 3, 16.23 6181 251599
1601792826, 0, 35, 117, 96, 43, 9.43%, 0, 0, 3, 16.67 6181 253119
1601793564, 0, 35, 118, 97, 43, 9.45%, 0, 0, 3, 18.36 6192 265346
1601793692, 0, 36, 118, 96, 43, 9.45%, 0, 0, 3, 17.02 6192 267476
1601793732, 0, 36, 120, 98, 43, 9.45%, 0, 0, 3, 16.02 6195 268152
1601794570, 0, 37, 120, 97, 44, 9.45%, 0, 0, 3, 16.22 6195 281803
1601795383, 0, 38, 120, 96, 43, 9.45%, 0, 0, 3, 17.90 6195 295987
1601795424, 0, 38, 121, 97, 43, 9.46%, 0, 0, 3, 17.10 6199 296664
1601795429, 0, 38, 122, 98, 43, 9.46%, 0, 0, 3, 17.21 6201 296751
1601795824, 0, 38, 123, 99, 43, 9.47%, 0, 0, 3, 18.90 6203 303871
1601796153, 0, 43, 123, 98, 44, 9.47%, 0, 0, 3, 20.18 6203 310252
1601796904, 0, 44, 123, 97, 43, 9.47%, 0, 0, 3, 19.42 6203 324557
1601796914, 0, 44, 125, 99, 43, 9.62%, 0, 0, 3, 19.50 6305 324757
1601796970, 0, 44, 126, 100, 43, 9.62%, 0, 0, 3, 19.73 6307 325843
1601796996, 0, 50, 126, 99, 45, 9.62%, 0, 0, 3, 18.95 6307 326330
1601797705, 0, 50, 127, 100, 45, 9.64%, 0, 0, 3, 18.51 6315 339112
1601797792, 0, 53, 127, 99, 45, 9.64%, 0, 0, 3, 19.02 6315 340689
1601798468, 0, 54, 127, 98, 44, 9.64%, 0, 0, 3, 17.48 6315 353306
1601799211, 0, 57, 127, 97, 43, 9.64%, 0, 0, 3, 16.86 6315 365945
1601799226, 0, 57, 128, 98, 43, 9.64%, 0, 0, 3, 16.60 6317 366196
1601800838, 0, 59, 128, 97, 43, 9.64%, 0, 0, 3, 17.66 6317 392993
1601801476, 0, 59, 129, 98, 43, 9.65%, 0, 0, 3, 18.99 6326 405126
1601801588, 0, 60, 129, 97, 43, 9.65%, 0, 0, 3, 19.49 6326 407279
1601801624, 0, 60, 130, 98, 43, 9.65%, 0, 0, 3, 18.64 6326 407980
1601802300, 0, 61, 130, 97, 42, 9.65%, 0, 0, 3, 19.52 6326 421628
1601802336, 0, 61, 131, 98, 42, 9.65%, 0, 0, 3, 20.91 6326 422344
1601802427, 0, 61, 132, 99, 42, 9.65%, 0, 0, 3, 18.48 6326 424208
1601802520, 0, 61, 133, 100, 42, 9.65%, 0, 0, 3, 18.48 6326 426032
1601802525, 0, 61, 134, 101, 42, 9.65%, 0, 0, 3, 17.87 6327 426120
1601803056, 0, 62, 134, 100, 42, 9.65%, 0, 0, 3, 19.65 6327 436048
1601803092, 0, 62, 135, 101, 42, 9.67%, 0, 0, 3, 19.53 6340 436702
1601803178, 0, 62, 136, 102, 42, 9.68%, 0, 0, 3, 19.98 6343 438389
1601803796, 0, 65, 136, 101, 43, 9.68%, 0, 0, 3, 21.10 6343 450328
1601804266, 0, 66, 136, 100, 42, 9.68%, 0, 0, 3, 17.56 6343 459545
1601804404, 0, 66, 137, 101, 42, 9.70%, 0, 0, 3, 17.95 6358 462062
1601805080, 0, 69, 137, 100, 42, 9.70%, 0, 0, 3, 20.37 6358 475474
1601805462, 0, 69, 138, 101, 42, 9.72%, 0, 0, 3, 17.50 6367 483133
1601805729, 0, 69, 141, 104, 42, 9.73%, 0, 0, 3, 20.91 6375 488334
1601805796, 0, 69, 142, 105, 42, 9.73%, 0, 0, 3, 18.31 6375 489522
1601805816, 0, 74, 142, 104, 45, 9.73%, 0, 0, 3, 17.03 6375 489874
1601806440, 0, 74, 143, 105, 45, 9.73%, 0, 0, 3, 18.65 6375 501716
1601806501, 0, 78, 143, 104, 44, 9.73%, 0, 0, 3, 21.04 6375 502884
1601807272, 0, 82, 143, 103, 43, 9.73%, 0, 0, 3, 17.93 6375 518086
1601807334, 0, 83, 143, 102, 42, 9.73%, 0, 0, 3, 18.06 6375 519193
1601807339, 0, 83, 146, 105, 42, 9.73%, 0, 0, 3, 19.47 6375 519299
1601807400, 0, 83, 147, 106, 42, 9.73%, 0, 0, 3, 20.62 6375 520491
1601807421, 0, 84, 147, 105, 41, 9.73%, 0, 0, 3, 19.33 6375 520891
1601807493, 0, 84, 148, 106, 41, 9.73%, 0, 0, 3, 19.10 6375 522300
1601807662, 0, 86, 148, 105, 41, 9.73%, 0, 0, 3, 20.23 6375 525679
1601807683, 0, 86, 149, 106, 41, 9.73%, 0, 0, 4, 20.27 6375 526089
1601807925, 0, 87, 149, 105, 41, 9.73%, 0, 0, 4, 19.34 6375 531003
1601808012, 0, 88, 149, 104, 40, 9.73%, 0, 0, 4, 20.35 6375 532750
1601808100, 0, 89, 149, 103, 39, 9.73%, 0, 0, 4, 21.11 6375 534579
1601808151, 0, 89, 150, 104, 39, 9.73%, 0, 0, 4, 19.32 6375 535613
1601808198, 0, 89, 151, 105, 39, 9.73%, 0, 0, 4, 21.23 6375 536594
1601809487, 0, 91, 151, 104, 38, 9.73%, 0, 0, 4, 20.24 6375 561355
1601810057, 0, 92, 151, 103, 37, 9.73%, 0, 0, 4, 20.71 6375 572631
1601810635, 0, 99, 151, 102, 36, 9.73%, 0, 0, 4, 20.15 6375 583754
1601810660, 0, 99, 154, 105, 36, 9.73%, 0, 0, 4, 20.24 6377 584267
1601810757, 0, 99, 155, 106, 36, 9.73%, 0, 0, 4, 20.91 6379 586260
1601811269, 0, 100, 155, 105, 36, 9.73%, 0, 0, 4, 17.85 6379 596427
1601811279, 0, 100, 156, 106, 36, 9.75%, 0, 0, 4, 18.05 6387 596612
1601811299, 0, 100, 159, 109, 36, 9.75%, 0, 0, 4, 16.54 6387 596949
1601811361, 0, 100, 165, 115, 36, 9.81%, 0, 0, 4, 18.68 6428 598062
1601811366, 0, 100, 166, 116, 36, 9.81%, 0, 0, 4, 18.70 6430 598158
1601811407, 0, 100, 167, 117, 36, 9.81%, 0, 0, 4, 19.47 6432 598921
1601811581, 0, 100, 168, 118, 36, 9.85%, 0, 0, 4, 16.00 6454 602255
1601811638, 0, 100, 171, 121, 36, 9.86%, 0, 0, 4, 16.42 6461 603242
1601811709, 0, 100, 172, 122, 36, 10.58%, 0, 0, 4, 18.66 6934 604503
1601811719, 0, 100, 173, 123, 36, 10.58%, 0, 0, 4, 18.70 6936 604695
1601812052, 0, 103, 173, 122, 46, 10.58%, 0, 0, 4, 18.18 6936 611179
1601812083, 0, 103, 174, 123, 46, 10.58%, 0, 0, 4, 16.83 6936 611723
1601812439, 0, 103, 175, 124, 46, 10.58%, 0, 0, 4, 18.95 6936 618409
1601812717, 0, 103, 176, 125, 46, 10.58%, 0, 0, 4, 16.76 6936 623498
1601812789, 0, 103, 177, 126, 46, 10.58%, 0, 0, 4, 16.93 6936 624692
1601812825, 0, 104, 177, 125, 46, 10.58%, 0, 0, 4, 16.90 6936 625304
1601812841, 0, 104, 179, 127, 46, 10.58%, 0, 0, 4, 16.77 6936 625564
1601812952, 0, 104, 180, 128, 46, 10.58%, 0, 0, 4, 16.65 6936 627403
1601813070, 0, 104, 182, 130, 46, 10.58%, 0, 0, 4, 16.44 6936 629321
1601813193, 0, 104, 183, 131, 46, 10.58%, 0, 0, 4, 16.53 6936 631333
1601813199, 0, 104, 185, 133, 46, 10.58%, 0, 0, 4, 16.60 6936 631417
1601813244, 0, 104, 188, 136, 46, 10.59%, 0, 0, 4, 16.34 6938 632163
1601813250, 0, 104, 190, 138, 46, 10.59%, 0, 0, 4, 16.24 6938 632247
1601813693, 0, 104, 191, 139, 46, 10.59%, 0, 0, 4, 16.95 6938 639689
1601813765, 0, 104, 193, 141, 46, 10.59%, 0, 0, 4, 16.54 6938 640903
1601813806, 0, 104, 194, 142, 46, 10.59%, 0, 0, 4, 16.92 6943 641600
1601813826, 0, 106, 194, 141, 46, 10.59%, 0, 0, 4, 16.35 6943 641940
1601813857, 0, 106, 195, 142, 46, 10.59%, 0, 0, 4, 16.64 6943 642445
1601813862, 0, 106, 196, 143, 46, 10.59%, 0, 0, 4, 16.59 6943 642529
1601814262, 0, 106, 197, 144, 46, 10.59%, 0, 0, 4, 16.49 6943 649290
1601814667, 0, 109, 197, 143, 46, 10.59%, 0, 0, 4, 16.73 6943 656127
1601815363, 0, 109, 198, 144, 46, 10.59%, 0, 0, 4, 16.98 6943 668111
1601815404, 0, 110, 198, 143, 46, 10.59%, 0, 0, 4, 16.80 6943 668799
1601816254, 0, 111, 198, 142, 45, 10.59%, 0, 0, 4, 16.96 6943 683190
1601817114, 0, 113, 198, 141, 44, 10.59%, 0, 0, 4, 16.69 6943 697594
1601817981, 0, 116, 198, 140, 43, 10.59%, 0, 0, 4, 19.69 6943 713923
1601818394, 0, 116, 199, 141, 43, 10.59%, 0, 0, 4, 19.88 6943 722166
1601818779, 0, 117, 199, 140, 42, 10.59%, 0, 0, 4, 20.26 6943 729951
1601818922, 0, 117, 201, 142, 42, 10.59%, 0, 0, 4, 18.59 6943 732559
1601819600, 0, 117, 202, 143, 42, 10.59%, 0, 0, 4, 19.50 6943 745602
1601819626, 0, 118, 202, 142, 43, 10.59%, 0, 0, 4, 17.59 6943 746064
1601820413, 0, 119, 202, 141, 42, 10.59%, 0, 0, 4, 17.06 6943 760409
1601821292, 0, 120, 202, 140, 41, 10.59%, 0, 0, 4, 16.51 6943 774761
1601821338, 0, 120, 203, 141, 41, 10.59%, 0, 0, 4, 16.36 6943 775519
1601821785, 0, 120, 204, 142, 41, 10.60%, 0, 0, 4, 19.14 6945 782971
1601822113, 0, 121, 204, 141, 41, 10.60%, 0, 0, 4, 17.01 6945 789064
1601822154, 0, 121, 205, 142, 41, 10.60%, 0, 0, 4, 17.16 6945 789758
1601822887, 0, 122, 205, 141, 41, 10.60%, 0, 0, 4, 19.44 6945 803382
1601822918, 0, 122, 207, 143, 41, 10.60%, 0, 0, 4, 19.35 6948 803991
1601823021, 0, 122, 208, 144, 41, 10.60%, 0, 0, 4, 19.26 6948 805927
1601823344, 0, 122, 209, 145, 41, 10.60%, 0, 0, 4, 18.82 6949 811807
1601823723, 0, 122, 210, 146, 41, 10.60%, 0, 0, 4, 17.91 6949 818635
1601823840, 0, 123, 210, 145, 42, 10.60%, 0, 0, 4, 19.46 6949 820867
1601823927, 0, 124, 210, 144, 41, 10.60%, 0, 0, 4, 19.15 6949 822537
1601824025, 0, 125, 210, 143, 40, 10.60%, 0, 0, 4, 16.41 6949 824213
1601824122, 0, 126, 210, 142, 39, 10.60%, 0, 0, 4, 18.58 6949 825927
1601824557, 0, 126, 211, 143, 39, 10.60%, 0, 0, 4, 17.72 6949 834082
1601824968, 0, 126, 212, 144, 39, 10.60%, 0, 0, 4, 17.15 6949 841503
1601824993, 0, 127, 212, 143, 39, 10.60%, 0, 0, 4, 17.35 6949 841943
1601826442, 0, 128, 212, 142, 38, 10.60%, 0, 0, 4, 18.68 6949 869103
1601827305, 0, 130, 212, 141, 37, 10.60%, 0, 0, 4, 19.88 6949 885098
1601828153, 0, 133, 212, 140, 36, 10.60%, 0, 0, 4, 19.43 6949 901079
1601828950, 0, 134, 212, 139, 35, 10.60%, 0, 0, 4, 19.42 6949 916911
1601829431, 0, 134, 213, 140, 35, 10.60%, 0, 0, 4, 16.53 6949 925728
1601829893, 0, 135, 213, 139, 34, 10.60%, 0, 0, 4, 17.27 6949 934482
1601830702, 0, 136, 213, 138, 33, 10.60%, 0, 0, 4, 15.60 6949 948761
1601831199, 0, 136, 214, 139, 33, 10.60%, 0, 0, 4, 16.77 6949 957027
1601831666, 0, 137, 214, 138, 32, 10.60%, 0, 0, 4, 17.30 6949 964820
1601832543, 0, 138, 214, 137, 31, 10.60%, 0, 0, 4, 16.45 6949 979235
1601833419, 0, 139, 214, 136, 30, 10.60%, 0, 0, 4, 19.11 6949 993749
1601834201, 0, 140, 214, 135, 29, 10.60%, 0, 0, 4, 18.91 6949 1008288
1601834949, 0, 143, 214, 134, 28, 10.60%, 0, 0, 4, 17.98 6949 1022872
1601835037, 0, 147, 214, 133, 27, 10.60%, 0, 0, 4, 16.53 6949 1024495
1601835047, 0, 147, 215, 134, 27, 10.60%, 0, 0, 4, 19.57 6949 1024690
1601835057, 0, 147, 216, 135, 27, 10.60%, 0, 0, 4, 18.52 6949 1024878
1601835298, 0, 148, 216, 134, 26, 10.60%, 0, 0, 4, 19.76 6949 1029342
1601835405, 0, 148, 218, 136, 26, 10.60%, 0, 0, 5, 18.52 6949 1031269
1601835610, 0, 153, 218, 135, 25, 10.60%, 0, 0, 5, 19.07 6949 1034941
1601835641, 0, 153, 220, 137, 25, 10.60%, 0, 0, 5, 19.12 6949 1035520
1601836316, 0, 154, 220, 136, 24, 10.60%, 0, 0, 5, 20.09 6949 1047990
1601836342, 0, 154, 221, 137, 24, 10.60%, 0, 0, 5, 19.88 6949 1048493
1601837081, 0, 154, 222, 138, 24, 10.60%, 0, 0, 5, 16.20 6949 1060638
1601837096, 0, 154, 223, 139, 24, 10.60%, 0, 0, 5, 16.45 6949 1060890
1601837137, 0, 154, 224, 140, 24, 10.60%, 0, 0, 5, 18.65 6949 1061583
1601837189, 0, 154, 225, 141, 24, 10.60%, 0, 0, 5, 18.78 6949 1062529
1601837423, 0, 155, 225, 140, 23, 10.60%, 0, 0, 5, 18.49 6949 1066991
1601837510, 0, 155, 226, 141, 23, 10.60%, 0, 0, 5, 17.78 6949 1068621
1601837877, 0, 155, 227, 142, 23, 10.60%, 0, 0, 5, 18.31 6949 1075132
1601838323, 0, 159, 227, 141, 23, 10.60%, 0, 0, 5, 17.72 6949 1083607
1601839100, 0, 159, 229, 143, 23, 12.76%, 0, 0, 5, 17.69 8365 1098142
1601839125, 0, 160, 229, 142, 24, 12.76%, 0, 0, 5, 17.14 8365 1098598
1601839325, 0, 160, 230, 143, 24, 12.76%, 0, 0, 5, 18.16 8365 1102045
1601839954, 0, 161, 230, 142, 23, 12.76%, 0, 0, 5, 19.48 8365 1113570
1601840717, 0, 162, 230, 141, 22, 12.76%, 0, 0, 5, 16.64 8365 1126454
1601841134, 0, 162, 231, 142, 22, 12.77%, 0, 0, 5, 16.24 8369 1133139
1601841630, 0, 162, 232, 143, 22, 12.77%, 0, 0, 5, 16.31 8371 1141100
1601841676, 0, 166, 232, 142, 23, 12.77%, 0, 0, 5, 16.61 8371 1141854
1601842454, 0, 169, 232, 141, 22, 12.77%, 0, 0, 5, 16.73 8371 1154669
1601843554, 0, 171, 232, 140, 21, 12.77%, 0, 0, 5, 15.42 8371 1171350
1601843590, 0, 171, 233, 141, 21, 12.77%, 0, 0, 5, 14.87 8371 1171877
1601843662, 0, 171, 234, 142, 21, 12.77%, 0, 0, 5, 14.76 8371 1172929
1601844547, 0, 172, 234, 141, 20, 12.77%, 0, 0, 5, 15.41 8371 1186252
1601845454, 0, 174, 234, 140, 19, 12.77%, 0, 0, 5, 18.48 8371 1201130
1601846351, 0, 176, 234, 139, 18, 12.77%, 0, 0, 5, 19.51 8371 1217620
1601847131, 0, 176, 235, 140, 18, 12.77%, 0, 0, 5, 18.23 8371 1231741
1601847258, 0, 183, 235, 139, 18, 12.77%, 0, 0, 5, 21.48 8371 1234090
1601847370, 0, 183, 236, 140, 18, 12.77%, 0, 0, 5, 17.45 8371 1236203
1601847640, 0, 183, 240, 144, 18, 12.77%, 0, 0, 5, 18.09 8371 1240945
1601848202, 0, 193, 240, 143, 19, 12.77%, 0, 0, 5, 15.56 8371 1250748
1601848304, 0, 193, 241, 144, 19, 12.77%, 0, 0, 5, 16.75 8371 1252399
1601849282, 0, 196, 241, 143, 19, 12.77%, 0, 0, 5, 15.49 8371 1268208
1601849318, 0, 196, 243, 145, 19, 12.77%, 0, 0, 5, 15.38 8371 1268766
1601849708, 0, 196, 244, 146, 19, 12.77%, 0, 0, 5, 19.54 8371 1275644
1601850093, 0, 198, 244, 145, 19, 12.77%, 0, 0, 5, 17.35 8371 1282646
1601850934, 0, 199, 244, 144, 18, 12.77%, 0, 0, 5, 18.92 8371 1298853
1601850969, 0, 199, 246, 146, 18, 12.77%, 0, 0, 5, 20.10 8372 1299551
1601851800, 0, 199, 247, 147, 18, 12.77%, 0, 0, 5, 19.36 8372 1314858
1601851836, 0, 201, 247, 146, 18, 12.77%, 0, 0, 5, 19.38 8372 1315558
1601852728, 0, 203, 247, 145, 17, 12.77%, 0, 0, 5, 16.17 8372 1331798
1601853215, 0, 203, 248, 146, 17, 12.78%, 0, 0, 5, 16.56 8373 1339816
1601853586, 0, 204, 248, 145, 17, 12.78%, 0, 0, 5, 19.73 8373 1346460
1601853621, 0, 204, 250, 147, 17, 12.78%, 0, 0, 5, 17.33 8373 1347124
1601854431, 0, 204, 251, 148, 17, 12.78%, 0, 0, 5, 19.48 8373 1362214
1601854451, 0, 207, 251, 147, 17, 12.78%, 0, 0, 5, 19.62 8373 1362614
1601855291, 0, 208, 251, 146, 16, 12.78%, 0, 0, 5, 19.77 8373 1378680
1601856124, 0, 208, 252, 147, 16, 12.78%, 0, 0, 5, 17.25 8373 1393796
1601856175, 0, 210, 252, 146, 16, 12.78%, 0, 0, 5, 19.17 8373 1394747
1601856216, 0, 210, 253, 147, 16, 12.78%, 0, 0, 5, 19.27 8374 1395529
1601857146, 0, 226, 253, 146, 16, 12.78%, 0, 0, 5, 16.27 8374 1411116
1601857513, 0, 226, 254, 147, 16, 12.78%, 0, 0, 6, 15.60 8376 1416848
1601858172, 0, 226, 255, 148, 16, 12.78%, 0, 0, 6, 15.74 8376 1427256
1601858208, 0, 227, 255, 147, 16, 12.78%, 0, 0, 6, 16.43 8376 1427831
1601858213, 0, 227, 258, 150, 16, 12.78%, 0, 0, 6, 14.42 8376 1427904
1601858223, 0, 227, 260, 152, 16, 12.78%, 0, 0, 6, 13.38 8376 1428044
1601858229, 0, 227, 262, 154, 16, 12.78%, 0, 0, 6, 13.15 8376 1428114
1601858234, 0, 227, 265, 157, 16, 12.78%, 0, 0, 6, 12.67 8376 1428177
1601858239, 0, 227, 267, 159, 16, 12.78%, 0, 0, 6, 12.63 8376 1428243
1601858244, 0, 227, 269, 161, 16, 12.78%, 0, 0, 6, 12.59 8376 1428306
1601858249, 0, 227, 271, 163, 16, 12.78%, 0, 0, 6, 12.56 8376 1428369
1601858254, 0, 227, 272, 164, 16, 12.78%, 0, 0, 6, 12.56 8376 1428432
1601858259, 0, 227, 273, 165, 16, 12.78%, 0, 0, 6, 12.56 8376 1428495
1601858264, 0, 227, 275, 167, 16, 12.78%, 0, 0, 6, 12.57 8376 1428558
1601858269, 0, 227, 278, 170, 16, 12.78%, 0, 0, 6, 13.00 8376 1428623
1601858279, 0, 227, 280, 172, 16, 12.78%, 0, 0, 6, 13.05 8376 1428760
1601858290, 0, 227, 281, 173, 16, 12.78%, 0, 0, 6, 12.68 8376 1428892
1601858295, 0, 227, 282, 174, 16, 12.78%, 0, 0, 6, 12.69 8376 1428958
1601858300, 0, 227, 284, 176, 16, 12.78%, 0, 0, 6, 12.56 8376 1429021
1601858310, 0, 227, 285, 177, 16, 12.78%, 0, 0, 6, 12.70 8376 1429153
1601858316, 0, 227, 286, 178, 16, 12.78%, 0, 0, 6, 12.72 8376 1429219
1601858321, 0, 227, 288, 180, 16, 12.78%, 0, 0, 6, 12.73 8376 1429285
1601858331, 0, 227, 289, 181, 16, 12.78%, 0, 0, 6, 12.47 8376 1429414
1601858336, 0, 227, 290, 182, 16, 12.78%, 0, 0, 6, 12.20 8376 1429477
1601858352, 0, 227, 292, 184, 16, 12.78%, 0, 0, 6, 12.47 8376 1429666
1601858357, 0, 227, 293, 185, 16, 12.78%, 0, 0, 6, 12.20 8376 1429726
1601858372, 0, 227, 294, 186, 16, 12.78%, 0, 0, 6, 13.17 8376 1429926
1601858377, 0, 227, 296, 188, 16, 12.79%, 0, 0, 6, 13.47 8380 1429998
1601858382, 0, 227, 299, 191, 16, 12.79%, 0, 0, 6, 12.66 8381 1430061
1601858392, 0, 227, 300, 192, 16, 12.79%, 0, 0, 6, 12.44 8381 1430185
1601858397, 0, 227, 301, 193, 16, 12.79%, 0, 0, 6, 12.47 8381 1430248
1601858418, 0, 227, 302, 194, 16, 12.79%, 0, 0, 6, 13.33 8381 1430525
1601858423, 0, 227, 303, 195, 16, 12.79%, 0, 0, 6, 12.64 8381 1430588
1601858433, 0, 227, 304, 196, 16, 12.79%, 0, 0, 6, 12.45 8381 1430714
1601858438, 0, 227, 305, 197, 16, 12.79%, 0, 0, 6, 12.43 8381 1430777
1601858443, 0, 227, 306, 198, 16, 12.79%, 0, 0, 6, 13.16 8381 1430846
1601858448, 0, 227, 307, 199, 16, 12.79%, 0, 0, 6, 13.03 8381 1430909
1601858459, 0, 227, 308, 200, 16, 12.79%, 0, 0, 6, 12.47 8381 1431035
1601858474, 0, 227, 309, 201, 16, 12.79%, 0, 0, 6, 12.59 8381 1431224
1601858484, 0, 227, 310, 202, 16, 12.79%, 0, 0, 6, 12.62 8381 1431353
1601858510, 0, 227, 311, 203, 16, 12.79%, 0, 0, 6, 12.21 8381 1431665
1601858515, 0, 227, 312, 204, 16, 12.79%, 0, 0, 6, 12.35 8381 1431728
1601858586, 0, 227, 313, 205, 16, 12.79%, 0, 0, 6, 12.81 8381 1432651
1601858632, 0, 227, 314, 206, 16, 12.79%, 0, 0, 6, 12.94 8381 1433247
1601858643, 0, 227, 315, 207, 16, 12.79%, 0, 0, 6, 12.73 8381 1433377
1601858653, 0, 227, 316, 208, 16, 12.79%, 0, 0, 6, 12.72 8381 1433509
1601858669, 0, 227, 317, 209, 16, 12.79%, 0, 0, 6, 12.77 8381 1433704
1601858684, 0, 227, 318, 210, 16, 12.79%, 0, 0, 6, 12.73 8381 1433902
1601858699, 0, 227, 319, 211, 16, 12.80%, 0, 0, 6, 12.97 8386 1434106
1601858720, 0, 227, 320, 212, 16, 12.80%, 0, 0, 6, 12.53 8386 1434358
1601858730, 0, 227, 321, 213, 16, 12.81%, 0, 0, 6, 12.88 8394 1434492
1601858735, 0, 227, 322, 214, 16, 12.81%, 0, 0, 6, 12.66 8394 1434555
1601858740, 0, 227, 323, 215, 16, 12.81%, 0, 0, 6, 12.76 8394 1434622
1601858750, 0, 227, 324, 216, 16, 12.81%, 0, 0, 6, 12.89 8394 1434758
1601858817, 0, 227, 325, 217, 16, 12.81%, 0, 0, 6, 13.87 8394 1435725
1601858848, 0, 227, 326, 218, 16, 12.81%, 0, 0, 6, 12.71 8394 1436153
1601858915, 0, 227, 327, 219, 16, 12.81%, 0, 0, 6, 12.73 8394 1437005
1601858925, 0, 227, 328, 220, 16, 12.81%, 0, 0, 6, 12.77 8394 1437137
1601858931, 0, 227, 329, 221, 16, 12.81%, 0, 0, 6, 12.77 8394 1437203
1601858936, 0, 227, 330, 222, 16, 12.81%, 0, 0, 6, 12.69 8394 1437269
1601859012, 0, 227, 331, 223, 16, 12.81%, 0, 0, 6, 12.69 8394 1438250
1601859212, 0, 227, 332, 224, 16, 12.81%, 0, 0, 6, 12.41 8394 1440797
1601859273, 0, 227, 333, 225, 16, 12.81%, 0, 0, 6, 12.64 8394 1441553
1601859436, 0, 227, 334, 226, 16, 12.81%, 0, 0, 6, 12.75 8394 1443590
1601859447, 0, 227, 335, 227, 16, 12.81%, 0, 0, 6, 12.42 8394 1443715
1601859482, 0, 227, 336, 228, 16, 12.81%, 0, 0, 6, 12.45 8394 1444161
1601859635, 0, 227, 338, 230, 16, 12.82%, 0, 0, 6, 12.74 8403 1446105
1601859784, 0, 227, 339, 231, 16, 12.82%, 0, 0, 6, 11.95 8403 1447887
1601859979, 0, 227, 340, 232, 16, 12.82%, 0, 0, 6, 12.70 8403 1450552
1601859994, 0, 227, 341, 233, 16, 12.82%, 0, 0, 6, 12.70 8403 1450750
1601860142, 0, 227, 342, 234, 16, 12.82%, 0, 0, 6, 12.54 8403 1452610
1601860168, 0, 227, 343, 235, 16, 12.82%, 0, 0, 6, 12.56 8403 1452925
1601860286, 0, 227, 344, 236, 16, 12.82%, 0, 0, 6, 13.14 8403 1454433
1601860326, 0, 227, 345, 237, 16, 12.82%, 0, 0, 6, 12.51 8403 1454949
1601860357, 0, 227, 346, 238, 16, 12.82%, 0, 0, 6, 12.43 8403 1455327
1601860710, 0, 227, 347, 239, 16, 12.82%, 0, 0, 6, 12.78 8403 1459815
1601860741, 0, 227, 348, 240, 16, 12.82%, 0, 0, 6, 12.71 8403 1460212
1601861262, 0, 227, 349, 241, 16, 12.82%, 0, 0, 6, 12.45 8403 1467056
1601861278, 0, 227, 350, 242, 16, 12.82%, 0, 0, 6, 12.34 8403 1467245
1601861452, 0, 227, 351, 243, 16, 12.82%, 0, 0, 6, 12.54 8403 1469505
1601861493, 0, 227, 352, 244, 16, 12.82%, 0, 0, 6, 12.61 8403 1470028
1601861550, 0, 227, 353, 245, 16, 12.82%, 0, 0, 6, 12.59 8403 1470741
1601861560, 0, 227, 354, 246, 16, 12.82%, 0, 0, 6, 12.58 8403 1470870
1601861632, 0, 227, 355, 247, 16, 12.82%, 0, 0, 6, 12.69 8403 1471789
1601861994, 0, 227, 356, 248, 16, 12.82%, 0, 0, 6, 12.60 8403 1476511
1601862322, 0, 228, 356, 247, 22, 12.82%, 0, 0, 6, 16.40 8403 1480803
1601862337, 0, 228, 357, 248, 22, 12.82%, 0, 0, 6, 13.19 8403 1481026
1601862445, 0, 228, 358, 249, 22, 12.94%, 0, 0, 6, 13.74 8474 1482414
1601862450, 0, 228, 359, 250, 22, 12.94%, 0, 0, 6, 13.05 8474 1482476
1601862456, 0, 228, 361, 252, 22, 12.94%, 0, 0, 6, 13.18 8479 1482545
1601862461, 0, 228, 362, 253, 22, 12.94%, 0, 0, 6, 12.82 8479 1482611
1601862481, 0, 228, 363, 254, 22, 12.94%, 0, 0, 6, 14.44 8479 1482889
1601862517, 0, 228, 364, 255, 22, 12.94%, 0, 0, 6, 13.42 8479 1483361
1601862603, 0, 228, 365, 256, 22, 12.94%, 0, 0, 6, 12.74 8479 1484504
1601862768, 0, 228, 366, 257, 22, 12.94%, 0, 0, 6, 12.67 8479 1486618
1601863019, 0, 228, 367, 258, 22, 12.94%, 0, 0, 6, 11.93 8479 1489899
1601863573, 0, 228, 368, 259, 22, 12.94%, 0, 0, 6, 12.49 8479 1496915
1601863659, 0, 228, 369, 260, 22, 12.94%, 0, 0, 6, 13.89 8481 1498073
1601863675, 0, 228, 370, 261, 22, 12.94%, 0, 0, 6, 12.93 8481 1498271
1601863705, 0, 228, 371, 262, 22, 12.94%, 0, 0, 6, 12.91 8481 1498667
1601863721, 0, 228, 372, 263, 22, 12.94%, 0, 0, 6, 12.73 8481 1498868
1601864552, 0, 228, 373, 264, 22, 12.94%, 0, 0, 6, 14.66 8481 1510518
1601864563, 0, 228, 374, 265, 22, 12.94%, 0, 0, 6, 14.68 8481 1510667
1601864690, 0, 228, 375, 266, 22, 12.94%, 0, 0, 6, 14.68 8481 1512492
1601864757, 0, 228, 376, 267, 22, 12.94%, 0, 0, 6, 16.09 8481 1513613
1601864976, 0, 228, 377, 268, 22, 12.94%, 0, 0, 6, 16.16 8481 1516936
