# unix_time, cycles_done, cur_path, paths_total, pending_total, pending_favs, map_size, unique_crashes, unique_hangs, max_depth, execs_per_sec, edge_coverage, total_execs
1606846178, 0, 0, 1, 1, 1, 2.33%, 0, 0, 1, 38.65, 1529, 8
1606846183, 0, 0, 15, 15, 1, 2.39%, 0, 0, 2, 62.38, 1564, 2349
1606846188, 0, 0, 38, 38, 1, 2.48%, 0, 0, 2, 67.40, 1627, 2730
1606846193, 0, 0, 59, 59, 1, 2.65%, 0, 0, 2, 83.44, 1739, 3167
1606846198, 0, 0, 225, 225, 1, 2.91%, 0, 0, 2, 839.30, 1908, 5395
1606846203, 0, 0, 276, 276, 1, 2.93%, 0, 0, 2, 499.65, 1918, 7643
1606846208, 0, 0, 305, 305, 1, 3.00%, 0, 0, 2, 247.78, 1965, 8665
1606846213, 0, 0, 338, 338, 1, 3.00%, 0, 0, 2, 417.28, 1967, 10470
1606846219, 0, 0, 381, 381, 1, 3.01%, 0, 0, 2, 424.50, 1974, 12654
1606846224, 0, 0, 398, 398, 1, 3.01%, 0, 0, 2, 331.59, 1974, 14256
1606846229, 0, 0, 418, 418, 1, 3.03%, 0, 0, 2, 434.47, 1985, 15622
1606846234, 0, 0, 434, 434, 1, 3.03%, 0, 0, 2, 272.08, 1986, 16697
1606846239, 0, 0, 460, 460, 1, 3.03%, 0, 0, 2, 392.82, 1987, 18820
1606846244, 0, 0, 471, 471, 1, 3.03%, 0, 0, 2, 342.22, 1988, 20522
1606846249, 0, 0, 483, 483, 1, 3.04%, 0, 0, 2, 316.20, 1992, 22150
1606846254, 0, 0, 493, 493, 1, 3.04%, 0, 0, 2, 374.11, 1993, 24061
1606846290, 0, 0, 494, 494, 1, 3.04%, 0, 0, 2, 80.91, 1993, 27085
1606846331, 0, 0, 495, 495, 1, 3.04%, 0, 0, 2, 87.91, 1993, 31193
1606846351, 0, 0, 496, 496, 1, 3.04%, 0, 0, 2, 96.24, 1993, 33052
1606846402, 0, 0, 498, 498, 1, 3.04%, 0, 0, 2, 85.43, 1993, 37105
1606846407, 0, 0, 499, 499, 1, 3.04%, 0, 0, 2, 72.87, 1993, 37465
1606846437, 0, 0, 500, 500, 1, 3.04%, 0, 0, 2, 69.30, 1993, 39944
1606846453, 0, 0, 501, 501, 1, 3.04%, 0, 0, 2, 89.37, 1993, 41252
1606846473, 0, 0, 502, 502, 1, 3.04%, 0, 0, 2, 85.64, 1993, 43014
1606846488, 0, 0, 503, 503, 1, 3.04%, 0, 0, 2, 83.85, 1993, 44339
1606846539, 0, 0, 504, 504, 1, 3.04%, 0, 0, 2, 90.43, 1993, 48177
1606846549, 0, 0, 505, 505, 1, 3.04%, 0, 0, 2, 84.44, 1993, 48938
1606846580, 0, 0, 506, 506, 1, 3.04%, 0, 0, 2, 91.47, 1993, 51805
1606846595, 0, 0, 507, 507, 1, 3.04%, 0, 0, 2, 85.19, 1993, 53024
1606846600, 0, 0, 508, 508, 1, 3.04%, 0, 0, 2, 94.63, 1993, 53500
1606846742, 0, 0, 509, 509, 1, 3.04%, 0, 0, 2, 92.11, 1993, 66252
1606846799, 0, 0, 510, 510, 1, 3.04%, 0, 0, 2, 71.40, 1993, 70946
1606846809, 0, 0, 511, 511, 1, 3.04%, 0, 0, 2, 92.46, 1993, 71893
1606846845, 0, 0, 512, 512, 1, 3.04%, 0, 0, 2, 108.92, 1993, 74942
1606846865, 0, 0, 513, 513, 1, 3.04%, 0, 0, 2, 112.42, 1993, 77154
1606846922, 0, 0, 514, 514, 1, 3.05%, 0, 0, 2, 89.25, 2002, 82529
1606846943, 0, 0, 515, 515, 1, 3.06%, 0, 0, 2, 87.58, 2003, 84413
1606846958, 0, 0, 518, 518, 1, 3.06%, 0, 0, 2, 86.67, 2004, 85767
1606846989, 0, 0, 519, 519, 1, 3.06%, 0, 0, 2, 97.22, 2004, 88670
1606847009, 0, 0, 520, 520, 1, 3.06%, 0, 0, 2, 115.97, 2004, 90754
1606847035, 0, 0, 521, 521, 1, 3.06%, 0, 0, 2, 72.48, 2004, 92803
1606847056, 0, 0, 522, 522, 1, 3.07%, 0, 0, 2, 63.69, 2010, 94213
1606847076, 0, 0, 525, 525, 1, 3.07%, 0, 0, 2, 82.08, 2010, 95681
1606847163, 0, 0, 526, 526, 1, 3.07%, 0, 0, 2, 80.71, 2010, 102111
1606847214, 0, 0, 527, 527, 1, 3.07%, 0, 0, 2, 88.17, 2010, 106369
1606847296, 0, 0, 528, 528, 1, 3.07%, 0, 0, 2, 75.28, 2010, 112938
1606847316, 0, 0, 529, 529, 1, 3.07%, 0, 0, 2, 83.08, 2010, 114608
1606847352, 0, 0, 530, 530, 1, 3.07%, 0, 0, 2, 82.45, 2010, 117174
1606847378, 0, 0, 533, 533, 1, 3.07%, 0, 0, 2, 74.26, 2013, 119349
1606847383, 0, 0, 534, 534, 1, 3.07%, 0, 0, 2, 72.91, 2013, 119719
1606847403, 0, 0, 535, 535, 1, 3.09%, 0, 0, 2, 79.22, 2027, 121438
1606847409, 0, 0, 537, 537, 1, 3.09%, 0, 0, 2, 82.55, 2028, 121861
1606847434, 0, 0, 538, 538, 1, 3.09%, 0, 0, 2, 78.99, 2028, 123870
1606847450, 0, 0, 539, 539, 1, 3.09%, 0, 0, 2, 82.23, 2028, 125174
1606847470, 0, 0, 541, 541, 1, 3.10%, 0, 0, 2, 83.09, 2031, 126924
1606847476, 0, 0, 542, 542, 1, 3.10%, 0, 0, 2, 82.06, 2031, 127339
1606847481, 0, 0, 543, 543, 1, 3.11%, 0, 0, 2, 90.80, 2037, 127813
1606847486, 0, 0, 544, 544, 1, 3.11%, 0, 0, 2, 92.80, 2037, 128300
1606847496, 0, 0, 562, 562, 1, 3.12%, 0, 0, 2, 86.94, 2042, 129170
1606847501, 0, 0, 582, 582, 1, 3.12%, 0, 0, 2, 71.08, 2043, 129512
1606847506, 0, 0, 602, 602, 1, 3.12%, 0, 0, 2, 72.94, 2043, 129865
1606847511, 0, 0, 619, 619, 1, 3.14%, 0, 0, 2, 71.66, 2056, 130243
1606847517, 0, 0, 638, 638, 1, 3.14%, 0, 0, 2, 68.40, 2056, 130581
1606847522, 0, 0, 652, 652, 1, 3.14%, 0, 0, 2, 74.44, 2058, 130988
1606847527, 0, 0, 661, 661, 1, 3.14%, 0, 0, 2, 75.21, 2060, 131368
1606847532, 0, 0, 662, 662, 1, 3.14%, 0, 0, 2, 96.68, 2061, 131885
1606847537, 0, 0, 676, 676, 1, 3.14%, 0, 0, 2, 68.00, 2061, 132211
1606847542, 0, 0, 691, 691, 1, 3.14%, 0, 0, 2, 64.47, 2061, 132515
1606847547, 0, 0, 703, 703, 1, 3.14%, 0, 0, 2, 57.03, 2061, 132785
1606847552, 0, 0, 711, 711, 1, 3.14%, 0, 0, 2, 52.31, 2061, 133044
1606847557, 0, 0, 716, 716, 1, 3.14%, 0, 0, 2, 53.72, 2061, 133317
1606847562, 0, 0, 719, 719, 1, 3.14%, 0, 0, 2, 62.22, 2061, 133647
1606847567, 0, 0, 721, 721, 1, 3.14%, 0, 0, 2, 58.17, 2061, 133945
1606847572, 0, 0, 722, 722, 1, 3.14%, 0, 0, 2, 59.47, 2061, 134237
1606847577, 0, 0, 723, 723, 1, 3.14%, 0, 0, 2, 55.30, 2061, 134531
1606847582, 0, 0, 727, 727, 1, 3.14%, 0, 0, 2, 54.86, 2061, 134816
1606847587, 0, 0, 728, 728, 1, 3.14%, 0, 0, 2, 55.57, 2061, 135092
1606847633, 0, 0, 730, 730, 1, 3.14%, 0, 0, 2, 74.60, 2061, 138375
1606847638, 0, 0, 731, 731, 1, 3.14%, 0, 0, 2, 78.72, 2061, 138766
1606847643, 0, 0, 732, 732, 1, 3.14%, 0, 0, 2, 85.45, 2061, 139219
1606847659, 0, 0, 733, 733, 1, 3.14%, 0, 0, 2, 80.62, 2061, 140493
1606847674, 0, 0, 734, 734, 1, 3.14%, 0, 0, 2, 86.71, 2061, 141833
1606847685, 0, 0, 736, 736, 1, 3.17%, 0, 0, 2, 85.40, 2078, 142640
1606847700, 0, 0, 737, 737, 1, 3.17%, 0, 0, 2, 91.14, 2078, 143985
1606847705, 0, 0, 738, 738, 1, 3.17%, 0, 0, 2, 78.48, 2078, 144385
1606847736, 0, 0, 741, 741, 1, 3.17%, 0, 0, 2, 77.35, 2078, 146705
1606847751, 0, 0, 742, 742, 1, 3.17%, 0, 0, 2, 76.37, 2078, 147909
1606847757, 0, 0, 743, 743, 1, 3.17%, 0, 0, 2, 79.82, 2078, 148323
1606847762, 0, 0, 744, 744, 1, 3.17%, 0, 0, 2, 79.35, 2078, 148715
1606847777, 0, 0, 745, 745, 1, 3.17%, 0, 0, 2, 76.82, 2078, 149877
1606847839, 0, 0, 746, 746, 1, 3.17%, 0, 0, 2, 77.65, 2078, 154650
1606847885, 0, 0, 747, 747, 1, 3.17%, 0, 0, 2, 80.89, 2079, 158246
1606847921, 0, 0, 748, 748, 1, 3.18%, 0, 0, 2, 75.37, 2083, 160982
1606847942, 0, 0, 749, 749, 1, 3.18%, 0, 0, 2, 80.08, 2083, 162610
1606847967, 0, 0, 750, 750, 1, 3.18%, 0, 0, 2, 75.18, 2085, 164514
1606847972, 0, 0, 751, 751, 1, 3.18%, 0, 0, 2, 74.97, 2085, 164894
1606848003, 0, 0, 752, 752, 1, 3.18%, 0, 0, 2, 79.95, 2087, 167318
1606848008, 0, 0, 753, 753, 1, 3.18%, 0, 0, 2, 72.24, 2087, 167692
1606848044, 0, 0, 754, 754, 1, 3.18%, 0, 0, 2, 75.53, 2087, 170288
1606848054, 0, 0, 756, 756, 1, 3.18%, 0, 0, 2, 75.11, 2087, 171056
1606848070, 0, 0, 757, 757, 1, 3.18%, 0, 0, 2, 74.37, 2087, 172194
1606848096, 0, 0, 758, 758, 1, 3.18%, 0, 0, 2, 76.06, 2087, 174164
1606848116, 0, 0, 759, 759, 1, 3.18%, 0, 0, 2, 80.04, 2087, 175860
1606848127, 0, 0, 760, 760, 1, 3.18%, 0, 0, 2, 74.09, 2087, 176636
1606848188, 0, 0, 761, 761, 1, 3.19%, 0, 0, 2, 88.15, 2088, 181615
1606848444, 0, 0, 762, 762, 1, 3.19%, 0, 0, 2, 61.08, 2088, 196462
