# unix_time, cycles_done, cur_path, paths_total, pending_total, pending_favs, map_size, unique_crashes, unique_hangs, max_depth, execs_per_sec, edge_coverage, total_execs
1606969165, 0, 0, 1, 1, 1, 0.34%, 0, 0, 1, 228.57, 223, 8
1606969170, 0, 0, 96, 96, 1, 0.99%, 0, 0, 2, 647.68, 646, 3852
1606969176, 0, 0, 126, 126, 1, 1.19%, 0, 0, 2, 739.38, 777, 7754
1606969181, 0, 0, 137, 137, 1, 1.25%, 0, 0, 2, 758.05, 822, 11589
1606969186, 0, 0, 141, 141, 1, 1.28%, 0, 0, 2, 751.97, 841, 15446
1606969191, 0, 0, 144, 144, 1, 1.28%, 0, 0, 2, 743.42, 842, 19280
1606969196, 0, 0, 146, 146, 1, 1.29%, 0, 0, 2, 756.29, 843, 23076
1606969201, 0, 0, 149, 149, 1, 1.29%, 0, 0, 2, 750.51, 843, 26895
1606969211, 0, 0, 150, 150, 1, 1.29%, 0, 0, 2, 742.81, 847, 34546
1606969216, 0, 2, 155, 154, 59, 1.31%, 0, 0, 3, 737.15, 861, 38252
1606969221, 0, 20, 158, 156, 58, 1.32%, 0, 0, 3, 741.02, 863, 41963
1606969226, 0, 25, 160, 157, 58, 1.34%, 0, 0, 3, 753.26, 879, 45757
1606969231, 0, 27, 162, 157, 56, 1.35%, 0, 0, 3, 755.97, 884, 49576
1606969236, 0, 27, 164, 159, 56, 1.35%, 0, 0, 3, 752.32, 888, 53372
1606969247, 0, 27, 166, 161, 56, 1.35%, 0, 0, 3, 749.38, 888, 61158
1606969257, 0, 27, 167, 162, 56, 1.36%, 0, 0, 3, 741.59, 892, 68863
1606969262, 0, 27, 169, 164, 56, 1.36%, 0, 0, 3, 751.44, 894, 72732
1606969267, 0, 27, 170, 165, 56, 1.37%, 0, 0, 3, 753.56, 901, 76565
1606969277, 0, 35, 170, 164, 61, 1.37%, 0, 0, 3, 738.38, 901, 83973
1606969282, 0, 36, 172, 165, 60, 1.40%, 0, 0, 3, 738.26, 917, 87829
1606969293, 0, 38, 172, 164, 60, 1.40%, 0, 0, 3, 762.53, 917, 95545
1606969298, 0, 49, 174, 164, 59, 1.40%, 0, 0, 3, 760.36, 919, 99413
1606969303, 0, 50, 177, 166, 58, 1.40%, 0, 0, 3, 761.92, 919, 103325
1606969308, 0, 50, 180, 169, 58, 1.41%, 0, 0, 3, 742.42, 924, 107058
1606969313, 0, 50, 181, 170, 58, 1.41%, 0, 0, 3, 740.65, 926, 110762
1606969323, 0, 50, 182, 171, 58, 1.41%, 0, 0, 3, 751.87, 927, 118530
1606969328, 0, 50, 185, 174, 58, 1.42%, 0, 0, 3, 758.85, 930, 122394
1606969333, 0, 50, 186, 175, 58, 1.42%, 0, 0, 3, 751.21, 931, 126244
1606969339, 0, 51, 191, 179, 63, 1.45%, 0, 0, 3, 758.03, 951, 130160
1606969344, 0, 51, 197, 185, 63, 1.46%, 0, 0, 3, 758.43, 956, 134050
1606969349, 0, 51, 201, 189, 63, 1.47%, 0, 0, 3, 751.06, 966, 137952
1606969359, 0, 51, 202, 190, 63, 1.47%, 0, 0, 3, 755.86, 966, 145550
1606969364, 0, 51, 203, 191, 63, 1.48%, 0, 0, 3, 757.97, 969, 149488
1606969369, 0, 51, 205, 193, 63, 1.48%, 0, 0, 3, 761.82, 970, 153421
1606969374, 0, 70, 205, 191, 67, 1.48%, 0, 0, 3, 759.47, 970, 157314
1606969380, 0, 72, 205, 190, 66, 1.48%, 0, 0, 3, 755.34, 970, 161129
1606969385, 0, 72, 206, 191, 66, 1.49%, 0, 0, 3, 753.89, 974, 165000
1606969390, 0, 75, 207, 190, 64, 1.49%, 0, 0, 3, 753.10, 974, 168798
1606969395, 0, 79, 207, 188, 62, 1.49%, 0, 0, 3, 763.48, 974, 172708
1606969400, 0, 82, 207, 187, 61, 1.49%, 0, 0, 3, 766.18, 974, 176660
1606969405, 0, 83, 207, 186, 60, 1.49%, 0, 0, 3, 751.00, 974, 180541
1606969410, 0, 85, 207, 184, 58, 1.49%, 0, 0, 3, 756.88, 974, 184404
1606969415, 0, 87, 210, 185, 56, 1.49%, 0, 0, 3, 755.20, 974, 188270
1606969420, 0, 87, 211, 186, 56, 1.49%, 0, 0, 3, 736.74, 976, 191961
1606969425, 0, 94, 211, 184, 55, 1.49%, 0, 0, 3, 723.56, 976, 195577
1606969431, 0, 97, 211, 182, 53, 1.49%, 0, 0, 3, 753.42, 976, 199523
1606969436, 0, 101, 211, 180, 51, 1.49%, 0, 0, 3, 755.67, 976, 203367
1606969441, 0, 104, 212, 180, 51, 1.50%, 0, 0, 3, 732.06, 986, 207022
1606969446, 0, 112, 216, 182, 52, 1.53%, 0, 0, 3, 737.63, 1001, 210727
1606969451, 0, 115, 217, 181, 50, 1.53%, 0, 0, 3, 743.31, 1002, 214597
1606969456, 0, 121, 217, 179, 49, 1.53%, 0, 0, 3, 745.23, 1002, 218320
1606969461, 0, 127, 219, 179, 48, 1.55%, 0, 0, 3, 755.43, 1017, 222112
1606969466, 0, 127, 226, 186, 48, 1.56%, 0, 0, 3, 754.36, 1024, 226017
1606969471, 0, 127, 230, 190, 48, 1.56%, 0, 0, 3, 755.82, 1024, 229874
1606969481, 0, 127, 232, 192, 48, 1.56%, 0, 0, 3, 737.55, 1024, 237250
1606969486, 0, 127, 234, 194, 48, 1.57%, 0, 0, 3, 749.38, 1027, 241116
1606969491, 0, 127, 235, 195, 48, 1.57%, 0, 0, 3, 749.29, 1028, 244918
1606969497, 0, 127, 236, 196, 48, 1.59%, 0, 0, 3, 752.13, 1045, 248792
1606969502, 0, 127, 237, 197, 48, 1.60%, 0, 0, 3, 749.55, 1048, 252648
1606969507, 0, 128, 238, 197, 54, 1.61%, 0, 0, 3, 750.73, 1054, 256469
1606969512, 0, 129, 239, 197, 55, 1.63%, 0, 0, 3, 745.84, 1065, 260292
1606969517, 0, 132, 239, 196, 54, 1.63%, 0, 0, 3, 742.37, 1065, 264145
1606969522, 0, 138, 244, 199, 52, 1.64%, 0, 0, 3, 747.53, 1078, 268014
1606969527, 0, 138, 248, 203, 52, 1.66%, 0, 0, 3, 741.09, 1086, 271840
1606969548, 0, 138, 251, 206, 52, 1.66%, 0, 0, 3, 750.06, 1086, 287199
1606969568, 0, 143, 251, 204, 56, 1.66%, 0, 0, 3, 754.15, 1086, 302483
1606969573, 0, 145, 251, 203, 55, 1.66%, 0, 0, 3, 751.87, 1086, 306271
1606969578, 0, 146, 251, 202, 54, 1.66%, 0, 0, 3, 754.37, 1086, 310130
1606969584, 0, 149, 252, 202, 53, 1.66%, 0, 0, 3, 753.72, 1086, 314013
1606969589, 0, 150, 253, 202, 52, 1.66%, 0, 0, 3, 746.27, 1086, 317888
1606969594, 0, 151, 253, 201, 51, 1.66%, 0, 0, 3, 732.04, 1086, 321601
1606969599, 0, 158, 255, 202, 50, 1.66%, 0, 0, 4, 740.95, 1089, 325321
1606969604, 0, 160, 256, 202, 49, 1.66%, 0, 0, 4, 751.71, 1090, 329196
1606969609, 0, 164, 258, 202, 49, 1.66%, 0, 0, 4, 748.06, 1091, 332956
1606969614, 0, 168, 260, 202, 48, 1.68%, 0, 0, 4, 729.56, 1103, 336608
1606969619, 0, 170, 260, 200, 47, 1.68%, 0, 0, 4, 737.47, 1103, 340304
1606969624, 0, 172, 261, 200, 47, 1.71%, 0, 0, 4, 747.52, 1119, 344163
1606969629, 0, 174, 261, 199, 46, 1.71%, 0, 0, 4, 745.35, 1119, 348034
1606969635, 0, 178, 263, 200, 45, 1.72%, 0, 0, 4, 704.76, 1124, 351592
1606969640, 0, 180, 263, 199, 45, 1.72%, 0, 0, 4, 725.97, 1124, 355256
1606969645, 0, 185, 263, 197, 43, 1.72%, 0, 0, 4, 735.11, 1124, 359093
1606969650, 0, 188, 263, 195, 41, 1.72%, 0, 0, 4, 740.22, 1124, 362918
1606969655, 0, 190, 265, 196, 40, 1.72%, 0, 0, 4, 749.04, 1124, 366784
1606969660, 0, 196, 265, 194, 38, 1.72%, 0, 0, 4, 734.22, 1124, 370469
1606969665, 0, 197, 270, 198, 37, 1.72%, 0, 0, 4, 733.72, 1128, 374158
1606969670, 0, 197, 272, 200, 37, 1.72%, 0, 0, 4, 742.12, 1128, 378016
1606969681, 0, 200, 276, 202, 36, 1.74%, 0, 0, 4, 737.56, 1140, 385693
1606969686, 0, 210, 276, 200, 37, 1.74%, 0, 0, 4, 746.85, 1140, 389554
1606969696, 0, 210, 277, 201, 37, 1.74%, 0, 0, 4, 746.56, 1140, 397271
1606969701, 0, 212, 279, 201, 35, 1.74%, 0, 0, 4, 749.08, 1141, 401031
1606969706, 0, 213, 280, 201, 35, 1.74%, 0, 0, 4, 729.18, 1141, 404686
1606969711, 0, 214, 281, 201, 34, 1.74%, 0, 0, 4, 740.64, 1142, 408531
1606969717, 0, 217, 282, 200, 33, 1.75%, 0, 0, 4, 739.68, 1144, 412396
1606969722, 0, 232, 282, 198, 32, 1.75%, 0, 0, 4, 742.63, 1144, 416244
1606969727, 0, 232, 291, 207, 32, 1.77%, 0, 0, 4, 737.24, 1159, 420041
1606969732, 0, 236, 293, 207, 36, 1.77%, 0, 0, 4, 746.49, 1160, 423905
1606969737, 0, 240, 293, 204, 34, 1.77%, 0, 0, 4, 748.71, 1160, 427777
1606969742, 0, 241, 293, 203, 33, 1.77%, 0, 0, 4, 730.89, 1160, 431439
1606969747, 0, 243, 293, 201, 31, 1.77%, 0, 0, 4, 739.47, 1160, 435144
1606969752, 0, 244, 293, 200, 30, 1.77%, 0, 0, 4, 738.65, 1160, 438869
1606969757, 0, 246, 293, 199, 29, 1.77%, 0, 0, 4, 744.85, 1160, 442596
1606969762, 0, 247, 293, 198, 28, 1.77%, 0, 0, 4, 736.12, 1160, 446262
1606969768, 0, 249, 302, 206, 27, 1.78%, 0, 0, 4, 737.84, 1165, 450095
1606969773, 0, 249, 304, 208, 27, 1.78%, 0, 0, 4, 740.36, 1165, 453933
1606969778, 0, 249, 309, 213, 27, 1.81%, 0, 0, 4, 748.00, 1185, 457823
1606969783, 0, 249, 314, 218, 27, 1.81%, 0, 0, 4, 737.12, 1186, 461517
1606969788, 0, 249, 317, 221, 27, 1.81%, 0, 0, 4, 728.03, 1189, 465195
1606969793, 0, 249, 318, 222, 27, 1.82%, 0, 0, 4, 738.31, 1191, 468899
1606969803, 0, 249, 320, 224, 27, 1.82%, 0, 0, 4, 727.37, 1191, 476391
1606969813, 0, 253, 320, 223, 32, 1.82%, 0, 0, 4, 738.83, 1191, 483799
1606969819, 0, 253, 321, 224, 32, 1.82%, 0, 0, 5, 748.70, 1191, 487664
1606969824, 0, 254, 322, 224, 31, 1.82%, 0, 0, 5, 734.26, 1194, 491350
1606969834, 0, 255, 322, 223, 31, 1.82%, 0, 0, 5, 737.04, 1194, 498728
1606969839, 0, 256, 322, 222, 30, 1.82%, 0, 0, 5, 746.04, 1194, 502582
1606969844, 0, 258, 322, 220, 28, 1.82%, 0, 0, 5, 748.19, 1194, 506447
1606969849, 0, 258, 324, 222, 28, 1.85%, 0, 0, 5, 742.85, 1215, 510163
1606969854, 0, 258, 325, 223, 28, 1.85%, 0, 0, 5, 747.15, 1215, 514021
1606969859, 0, 258, 327, 225, 28, 1.87%, 0, 0, 5, 739.95, 1226, 517831
1606969875, 0, 258, 328, 226, 28, 1.87%, 0, 0, 5, 729.44, 1226, 529053
1606969880, 0, 258, 329, 227, 28, 1.89%, 0, 0, 5, 738.54, 1238, 532897
1606969890, 0, 259, 330, 227, 31, 1.89%, 0, 0, 5, 737.71, 1241, 540553
1606969895, 0, 260, 332, 228, 30, 1.90%, 0, 0, 5, 740.03, 1245, 544405
1606969901, 0, 260, 333, 229, 30, 1.90%, 0, 0, 5, 741.45, 1245, 548249
1606969916, 0, 261, 333, 228, 30, 1.90%, 0, 0, 5, 748.80, 1245, 559733
1606969921, 0, 261, 334, 229, 30, 1.90%, 0, 0, 5, 724.64, 1246, 563433
1606969926, 0, 271, 334, 228, 30, 1.90%, 0, 0, 5, 726.10, 1246, 567125
1606969931, 0, 271, 335, 229, 30, 1.90%, 0, 0, 5, 733.19, 1246, 570821
1606969936, 0, 273, 335, 228, 29, 1.90%, 0, 0, 5, 740.76, 1246, 574669
1606969942, 0, 274, 335, 227, 28, 1.90%, 0, 0, 5, 733.55, 1246, 578498
1606969947, 0, 275, 335, 226, 27, 1.90%, 0, 0, 5, 732.17, 1246, 582316
1606969952, 0, 277, 335, 225, 26, 1.90%, 0, 0, 5, 738.30, 1246, 585996
1606969957, 0, 280, 335, 224, 25, 1.90%, 0, 0, 5, 733.08, 1246, 589811
1606969962, 0, 281, 336, 224, 24, 1.90%, 0, 0, 5, 744.00, 1248, 593681
1606969967, 0, 285, 338, 224, 25, 1.92%, 0, 0, 5, 741.98, 1256, 597519
1606969972, 0, 286, 341, 226, 24, 1.93%, 0, 0, 5, 753.85, 1265, 601422
1606969978, 0, 286, 342, 227, 24, 1.93%, 0, 0, 5, 750.89, 1266, 605300
1606969983, 0, 288, 346, 230, 27, 1.95%, 0, 0, 5, 731.48, 1277, 608962
1606969988, 0, 288, 347, 231, 27, 1.95%, 0, 0, 5, 736.27, 1281, 612624
1606969993, 0, 288, 349, 233, 27, 1.96%, 0, 0, 5, 737.79, 1285, 616476
1606970003, 0, 288, 350, 234, 27, 1.97%, 0, 0, 5, 738.17, 1289, 623988
1606970008, 0, 288, 351, 235, 27, 1.97%, 0, 0, 5, 739.06, 1291, 627832
1606970018, 0, 288, 352, 236, 27, 1.98%, 0, 0, 5, 736.95, 1295, 635372
1606970029, 0, 291, 353, 236, 33, 1.98%, 0, 0, 5, 741.26, 1299, 643073
1606970034, 0, 293, 355, 237, 33, 1.98%, 0, 0, 5, 734.77, 1299, 646773
1606970039, 0, 296, 356, 237, 32, 1.98%, 0, 0, 5, 738.17, 1299, 650619
1606970044, 0, 304, 357, 237, 31, 1.99%, 0, 0, 5, 737.80, 1302, 654321
1606970049, 0, 304, 360, 240, 31, 2.00%, 0, 0, 5, 734.76, 1309, 658013
1606970054, 0, 304, 361, 241, 31, 2.00%, 0, 0, 5, 736.82, 1309, 661703
1606970069, 0, 304, 362, 242, 31, 2.00%, 0, 0, 5, 737.04, 1309, 672785
1606970080, 0, 305, 362, 241, 32, 2.00%, 0, 0, 5, 735.58, 1309, 680324
1606970085, 0, 307, 365, 243, 31, 2.01%, 0, 0, 5, 738.39, 1318, 684046
1606970090, 0, 307, 369, 247, 31, 2.01%, 0, 0, 5, 733.93, 1320, 687718
1606970105, 0, 307, 373, 251, 31, 2.02%, 0, 0, 5, 729.96, 1323, 698922
1606970110, 0, 307, 377, 255, 31, 2.02%, 0, 0, 5, 740.24, 1323, 702776
1606970115, 0, 307, 378, 256, 31, 2.02%, 0, 0, 5, 748.22, 1323, 706634
1606970120, 0, 323, 379, 256, 37, 2.02%, 0, 0, 6, 732.45, 1323, 710331
1606970125, 0, 323, 382, 259, 37, 2.03%, 0, 0, 6, 724.65, 1333, 713981
1606970130, 0, 323, 384, 261, 37, 2.03%, 0, 0, 6, 736.83, 1333, 717819
1606970136, 0, 323, 386, 263, 37, 2.03%, 0, 0, 6, 744.33, 1333, 721671
1606970151, 0, 325, 386, 262, 37, 2.03%, 0, 0, 6, 740.90, 1333, 732897
1606970156, 0, 325, 388, 264, 37, 2.09%, 0, 0, 6, 742.37, 1371, 736748
1606970161, 0, 326, 388, 263, 38, 2.09%, 0, 0, 6, 746.14, 1371, 740607
1606970167, 0, 329, 389, 262, 37, 2.09%, 0, 0, 6, 739.42, 1371, 744439
1606970172, 0, 329, 393, 266, 37, 2.09%, 0, 0, 6, 727.57, 1371, 748108
1606970177, 0, 329, 394, 267, 37, 2.09%, 0, 0, 6, 733.43, 1371, 751770
1606970187, 0, 329, 396, 269, 37, 2.09%, 0, 0, 6, 734.17, 1371, 759136
1606970192, 0, 329, 398, 271, 37, 2.09%, 0, 0, 6, 735.19, 1371, 762820
1606970197, 0, 329, 400, 273, 37, 2.10%, 0, 0, 6, 729.74, 1373, 766504
1606970217, 0, 330, 400, 272, 39, 2.10%, 0, 0, 6, 739.17, 1373, 781256
1606970222, 0, 333, 404, 275, 38, 2.10%, 0, 0, 6, 731.12, 1373, 784930
1606970227, 0, 335, 404, 274, 38, 2.10%, 0, 0, 6, 734.34, 1373, 788608
1606970232, 0, 336, 404, 273, 37, 2.10%, 0, 0, 6, 736.14, 1373, 792303
1606970237, 0, 337, 404, 272, 36, 2.10%, 0, 0, 6, 735.03, 1373, 796003
1606970242, 0, 337, 407, 275, 36, 2.10%, 0, 0, 6, 732.44, 1373, 799807
1606970247, 0, 337, 408, 276, 36, 2.10%, 0, 0, 6, 731.97, 1373, 803497
1606970273, 0, 338, 408, 275, 35, 2.10%, 0, 0, 6, 739.61, 1373, 822226
1606970278, 0, 340, 408, 273, 33, 2.10%, 0, 0, 6, 725.45, 1373, 825907
1606970288, 0, 342, 409, 273, 32, 2.10%, 0, 0, 6, 728.66, 1374, 833414
1606970293, 0, 342, 410, 274, 32, 2.10%, 0, 0, 6, 738.50, 1376, 837258
1606970298, 0, 343, 410, 273, 32, 2.10%, 0, 0, 6, 733.86, 1376, 840942
1606970303, 0, 345, 411, 273, 31, 2.12%, 0, 0, 6, 738.53, 1387, 844806
1606970308, 0, 345, 412, 274, 31, 2.12%, 0, 0, 6, 737.18, 1387, 848496
1606970313, 0, 345, 414, 276, 31, 2.12%, 0, 0, 6, 733.56, 1391, 852208
1606970329, 0, 348, 414, 275, 31, 2.12%, 0, 0, 6, 737.02, 1391, 863574
1606970334, 0, 348, 416, 277, 31, 2.12%, 0, 0, 6, 741.65, 1391, 867419
1606970339, 0, 348, 417, 278, 31, 2.12%, 0, 0, 6, 721.93, 1391, 871053
1606970354, 0, 349, 417, 277, 30, 2.12%, 0, 0, 6, 736.47, 1391, 882431
1606970360, 0, 351, 417, 276, 29, 2.12%, 0, 0, 6, 739.02, 1391, 886291
1606970365, 0, 356, 417, 274, 27, 2.12%, 0, 0, 6, 730.05, 1391, 889959
1606970370, 0, 356, 418, 275, 27, 2.12%, 0, 0, 6, 733.94, 1391, 893672
1606970375, 0, 359, 418, 274, 26, 2.12%, 0, 0, 6, 734.11, 1391, 897505
1606970380, 0, 359, 419, 275, 26, 2.12%, 0, 0, 6, 729.94, 1391, 901293
1606970385, 0, 359, 421, 277, 26, 2.12%, 0, 0, 6, 725.73, 1391, 904991
1606970395, 0, 359, 422, 278, 26, 2.12%, 0, 0, 6, 734.95, 1391, 912363
1606970411, 0, 368, 424, 279, 25, 2.13%, 0, 0, 6, 732.31, 1399, 923716
1606970416, 0, 368, 425, 280, 25, 2.13%, 0, 0, 6, 734.94, 1399, 927558
1606970421, 0, 368, 426, 281, 25, 2.13%, 0, 0, 6, 735.70, 1399, 931220
1606970431, 0, 368, 427, 282, 25, 2.13%, 0, 0, 6, 735.91, 1399, 938704
1606970446, 0, 368, 428, 283, 25, 2.13%, 0, 0, 6, 738.57, 1399, 949884
1606970451, 0, 369, 429, 283, 24, 2.13%, 0, 0, 6, 732.60, 1399, 953561
1606970456, 0, 369, 430, 284, 24, 2.13%, 0, 0, 6, 733.08, 1399, 957251
1606970466, 0, 369, 433, 287, 24, 2.13%, 0, 0, 6, 729.32, 1399, 964611
1606970472, 0, 369, 434, 288, 24, 2.13%, 0, 0, 6, 734.30, 1399, 968455
1606970482, 0, 369, 435, 289, 24, 2.13%, 0, 0, 6, 730.30, 1399, 975841
1606970487, 0, 371, 435, 288, 23, 2.13%, 0, 0, 6, 739.45, 1399, 979678
1606970492, 0, 372, 435, 287, 22, 2.13%, 0, 0, 6, 737.30, 1399, 983517
1606970497, 0, 384, 436, 287, 21, 2.13%, 0, 0, 7, 718.90, 1399, 987140
1606970502, 0, 384, 441, 292, 21, 2.14%, 0, 0, 7, 720.42, 1404, 990778
1606970507, 0, 384, 443, 294, 21, 2.14%, 0, 0, 7, 726.93, 1404, 994448
1606970512, 0, 384, 444, 295, 21, 2.14%, 0, 0, 7, 731.42, 1404, 998138
1606970533, 0, 386, 445, 295, 21, 2.15%, 0, 0, 7, 732.17, 1410, 1013048
1606970538, 0, 387, 445, 294, 21, 2.15%, 0, 0, 7, 744.14, 1410, 1016896
1606970543, 0, 388, 445, 293, 20, 2.15%, 0, 0, 7, 736.04, 1410, 1020586
1606970548, 0, 389, 445, 292, 19, 2.15%, 0, 0, 7, 721.73, 1410, 1024218
1606970553, 0, 392, 445, 291, 18, 2.15%, 0, 0, 7, 733.53, 1410, 1027904
1606970558, 0, 394, 446, 291, 17, 2.15%, 0, 0, 7, 731.18, 1410, 1031573
1606970563, 0, 394, 447, 292, 17, 2.15%, 0, 0, 7, 735.69, 1410, 1035263
1606970573, 0, 394, 448, 293, 17, 2.15%, 0, 0, 7, 743.27, 1410, 1042943
1606970594, 0, 395, 448, 292, 16, 2.15%, 0, 0, 7, 743.36, 1410, 1058207
1606970599, 0, 396, 448, 291, 15, 2.15%, 0, 0, 7, 745.40, 1410, 1062028
1606970604, 0, 396, 449, 292, 15, 2.15%, 0, 0, 7, 728.28, 1410, 1065706
1606970609, 0, 399, 449, 291, 14, 2.15%, 0, 0, 7, 727.39, 1410, 1069379
1606970614, 0, 401, 449, 290, 13, 2.15%, 0, 0, 7, 735.51, 1410, 1073074
1606970619, 0, 401, 450, 291, 13, 2.15%, 0, 0, 7, 742.87, 1410, 1076930
1606970625, 0, 405, 450, 290, 12, 2.15%, 0, 0, 7, 746.57, 1410, 1080778
1606970630, 0, 408, 450, 289, 11, 2.15%, 0, 0, 7, 736.14, 1410, 1084469
1606970635, 0, 409, 450, 288, 10, 2.15%, 0, 0, 7, 715.84, 1410, 1088087
1606970640, 0, 409, 451, 289, 10, 2.15%, 0, 0, 7, 729.82, 1410, 1091769
1606970645, 0, 410, 452, 289, 9, 2.16%, 0, 0, 7, 742.41, 1413, 1095611
1606970650, 0, 413, 452, 288, 9, 2.16%, 0, 0, 7, 741.59, 1413, 1099469
1606970655, 0, 416, 452, 287, 8, 2.16%, 0, 0, 7, 720.42, 1413, 1103117
1606970660, 0, 416, 455, 290, 8, 2.16%, 0, 0, 7, 725.55, 1413, 1106779
1606970665, 0, 416, 456, 291, 8, 2.16%, 0, 0, 7, 741.93, 1413, 1110623
1606970671, 0, 416, 457, 292, 8, 2.16%, 0, 0, 7, 737.01, 1413, 1114453
1606970696, 0, 416, 458, 293, 8, 2.16%, 0, 0, 7, 731.23, 1413, 1132913
1606970706, 0, 423, 458, 292, 8, 2.16%, 0, 0, 7, 712.83, 1413, 1140174
1606970711, 0, 423, 459, 293, 8, 2.16%, 0, 0, 7, 720.13, 1413, 1143867
1606970716, 0, 423, 461, 295, 8, 2.16%, 0, 0, 7, 735.20, 1414, 1147569
1606970742, 0, 436, 463, 296, 7, 2.16%, 0, 0, 8, 731.90, 1415, 1166317
1606970747, 0, 436, 465, 298, 7, 2.16%, 0, 0, 8, 719.78, 1415, 1169966
1606970752, 0, 436, 466, 299, 7, 2.16%, 0, 0, 8, 729.58, 1415, 1173642
1606970762, 0, 444, 468, 300, 7, 2.24%, 0, 0, 8, 731.83, 1467, 1181037
1606970767, 0, 444, 472, 304, 7, 2.25%, 0, 0, 8, 734.35, 1475, 1184721
1606970777, 0, 444, 473, 305, 7, 2.25%, 0, 0, 8, 736.69, 1476, 1192121
1606970782, 0, 444, 474, 306, 7, 2.25%, 0, 0, 8, 742.20, 1477, 1195979
1606970808, 0, 446, 475, 306, 13, 2.26%, 0, 0, 8, 739.20, 1482, 1214752
1606970813, 0, 446, 476, 307, 13, 2.26%, 0, 0, 8, 739.23, 1482, 1218451
1606970818, 0, 451, 476, 306, 12, 2.26%, 0, 0, 8, 736.96, 1482, 1222146
1606970828, 0, 452, 478, 307, 11, 2.26%, 0, 0, 8, 739.88, 1482, 1229841
1606970838, 0, 465, 478, 306, 11, 2.26%, 0, 0, 8, 737.55, 1482, 1237231
1606970843, 0, 465, 479, 307, 11, 2.26%, 0, 0, 9, 727.30, 1482, 1240909
1606970848, 0, 465, 480, 308, 11, 2.26%, 0, 0, 9, 717.96, 1482, 1244599
1606970853, 0, 465, 482, 310, 11, 2.27%, 0, 0, 9, 727.83, 1486, 1248283
1606970858, 0, 465, 483, 311, 11, 2.27%, 0, 0, 9, 737.98, 1486, 1251987
1606970869, 0, 466, 483, 310, 11, 2.27%, 0, 0, 9, 736.64, 1486, 1259518
1606970874, 0, 467, 483, 309, 10, 2.27%, 0, 0, 9, 715.07, 1486, 1263138
1606970879, 0, 467, 485, 311, 10, 2.27%, 0, 0, 9, 720.56, 1486, 1266822
1606970894, 0, 467, 486, 312, 10, 2.27%, 0, 0, 9, 722.01, 1490, 1277876
1606970909, 0, 468, 486, 311, 10, 2.27%, 0, 0, 9, 722.74, 1490, 1289093
1606970914, 0, 471, 487, 311, 9, 2.28%, 0, 0, 9, 721.58, 1494, 1292772
1606970925, 0, 472, 487, 310, 9, 2.28%, 0, 0, 9, 729.24, 1494, 1300128
1606970935, 0, 473, 487, 309, 8, 2.28%, 0, 0, 9, 719.56, 1494, 1307486
1606970940, 0, 473, 488, 310, 8, 2.29%, 0, 0, 9, 727.49, 1498, 1311178
1606970950, 0, 474, 489, 310, 8, 2.31%, 0, 0, 9, 738.22, 1517, 1318687
1606970955, 0, 474, 490, 311, 8, 2.32%, 0, 0, 9, 733.29, 1518, 1322381
1606970965, 0, 477, 495, 315, 8, 2.33%, 0, 0, 9, 729.45, 1525, 1329725
1606970970, 0, 477, 496, 316, 8, 2.33%, 0, 0, 9, 727.13, 1525, 1333419
1606970975, 0, 477, 498, 318, 8, 2.33%, 0, 0, 9, 732.32, 1525, 1337103
1606970980, 0, 477, 499, 319, 8, 2.33%, 0, 0, 9, 731.44, 1525, 1340765
1606970985, 0, 477, 500, 320, 8, 2.33%, 0, 0, 9, 732.08, 1525, 1344455
1606970996, 0, 481, 500, 319, 10, 2.33%, 0, 0, 9, 728.38, 1525, 1351829
1606971006, 0, 481, 502, 321, 10, 2.33%, 0, 0, 10, 739.51, 1525, 1359361
1606971011, 0, 481, 503, 322, 10, 2.33%, 0, 0, 10, 721.24, 1525, 1363051
1606971026, 0, 485, 503, 321, 9, 2.33%, 0, 0, 10, 736.14, 1525, 1374126
1606971031, 0, 486, 503, 320, 8, 2.33%, 0, 0, 10, 729.81, 1525, 1377770
1606971036, 0, 486, 504, 321, 8, 2.33%, 0, 0, 10, 734.39, 1525, 1381463
1606971041, 0, 486, 505, 322, 8, 2.33%, 0, 0, 10, 730.89, 1525, 1385153
1606971046, 0, 486, 506, 323, 8, 2.33%, 0, 0, 10, 724.75, 1527, 1388815
1606971051, 0, 486, 507, 324, 8, 2.35%, 0, 0, 10, 733.26, 1541, 1392505
1606971061, 0, 487, 507, 323, 9, 2.35%, 0, 0, 10, 719.26, 1541, 1399849
1606971077, 0, 488, 507, 322, 8, 2.35%, 0, 0, 10, 728.42, 1541, 1410846
1606971082, 0, 488, 509, 324, 8, 2.36%, 0, 0, 10, 723.25, 1548, 1414520
1606971097, 0, 488, 510, 325, 8, 2.38%, 0, 0, 10, 734.42, 1558, 1425602
1606971102, 0, 492, 513, 327, 9, 2.39%, 0, 0, 10, 736.66, 1564, 1429289
1606971107, 0, 492, 514, 328, 9, 2.39%, 0, 0, 10, 732.01, 1564, 1432973
1606971117, 0, 493, 514, 327, 11, 2.39%, 0, 0, 10, 734.65, 1564, 1440354
1606971127, 0, 498, 516, 328, 10, 2.39%, 0, 0, 10, 741.83, 1564, 1448059
1606971137, 0, 498, 517, 329, 10, 2.39%, 0, 0, 10, 735.58, 1565, 1455421
1606971142, 0, 498, 518, 330, 10, 2.39%, 0, 0, 10, 732.74, 1565, 1459111
1606971152, 0, 505, 518, 329, 9, 2.39%, 0, 0, 10, 732.04, 1565, 1466488
1606971157, 0, 505, 519, 330, 9, 2.39%, 0, 0, 11, 729.77, 1566, 1470164
1606971168, 0, 506, 520, 330, 8, 2.39%, 0, 0, 11, 726.97, 1566, 1477546
1606971173, 0, 506, 523, 333, 8, 2.42%, 0, 0, 11, 731.10, 1589, 1481222
1606971178, 0, 506, 524, 334, 8, 2.42%, 0, 0, 11, 726.76, 1589, 1484884
1606971183, 0, 506, 525, 335, 8, 2.43%, 0, 0, 11, 729.18, 1593, 1488574
1606971193, 0, 506, 526, 336, 8, 2.43%, 0, 0, 11, 734.17, 1593, 1495960
1606971198, 0, 507, 529, 338, 10, 2.43%, 0, 0, 11, 722.19, 1594, 1499590
1606971203, 0, 507, 531, 340, 10, 2.43%, 0, 0, 11, 734.01, 1594, 1503274
1606971218, 0, 507, 533, 342, 10, 2.43%, 0, 0, 11, 735.54, 1595, 1514592
1606971223, 0, 509, 535, 343, 11, 2.43%, 0, 0, 11, 732.45, 1595, 1518267
1606971233, 0, 509, 538, 346, 11, 2.43%, 0, 0, 11, 733.57, 1595, 1525750
1606971243, 0, 509, 539, 347, 11, 2.43%, 0, 0, 11, 736.33, 1595, 1533136
1606971254, 0, 509, 540, 348, 11, 2.43%, 0, 0, 11, 729.95, 1595, 1540480
1606971269, 0, 510, 540, 347, 11, 2.43%, 0, 0, 11, 736.36, 1595, 1551636
1606971274, 0, 510, 541, 348, 11, 2.44%, 0, 0, 11, 739.34, 1601, 1555330
1606971279, 0, 511, 541, 347, 11, 2.44%, 0, 0, 11, 735.44, 1601, 1559022
1606971284, 0, 512, 541, 346, 10, 2.44%, 0, 0, 11, 740.17, 1601, 1562863
1606971289, 0, 512, 542, 347, 10, 2.44%, 0, 0, 11, 739.56, 1601, 1566683
1606971294, 0, 512, 543, 348, 10, 2.44%, 0, 0, 11, 738.96, 1601, 1570527
1606971310, 0, 520, 543, 347, 10, 2.44%, 0, 0, 11, 719.33, 1601, 1581591
1606971320, 0, 522, 544, 347, 9, 2.44%, 0, 0, 12, 722.27, 1601, 1588967
1606971325, 0, 522, 546, 349, 9, 2.45%, 0, 0, 12, 732.96, 1605, 1592643
1606971330, 0, 522, 547, 350, 9, 2.46%, 0, 0, 12, 732.85, 1609, 1596347
1606971335, 0, 522, 548, 351, 9, 2.46%, 0, 0, 12, 705.45, 1610, 1599953
1606971340, 0, 522, 549, 352, 9, 2.46%, 0, 0, 12, 719.90, 1610, 1603643
1606971345, 0, 522, 550, 353, 9, 2.46%, 0, 0, 12, 723.17, 1611, 1607337
1606971350, 0, 524, 551, 353, 11, 2.46%, 0, 0, 12, 727.07, 1615, 1611013
1606971360, 0, 527, 552, 353, 11, 2.47%, 0, 0, 12, 734.34, 1622, 1618383
1606971366, 0, 537, 552, 352, 11, 2.47%, 0, 0, 12, 733.97, 1622, 1622196
1606971376, 0, 538, 552, 351, 10, 2.47%, 0, 0, 12, 720.99, 1622, 1629546
1606971381, 0, 540, 552, 350, 9, 2.47%, 0, 0, 12, 733.98, 1622, 1633264
1606971386, 0, 540, 553, 351, 9, 2.48%, 0, 0, 12, 735.16, 1625, 1637084
1606971396, 0, 542, 555, 352, 9, 2.48%, 0, 0, 12, 718.89, 1625, 1644552
1606971406, 0, 542, 556, 353, 9, 2.48%, 0, 0, 12, 731.58, 1625, 1651926
1606971412, 0, 544, 558, 354, 8, 2.49%, 0, 0, 13, 738.06, 1633, 1655774
1606971422, 0, 546, 558, 353, 9, 2.49%, 0, 0, 13, 705.92, 1633, 1663057
1606971432, 0, 546, 559, 354, 9, 2.51%, 0, 0, 13, 723.02, 1642, 1670420
1606971437, 0, 546, 560, 355, 9, 2.51%, 0, 0, 13, 735.40, 1643, 1674110
1606971442, 0, 546, 561, 356, 9, 2.51%, 0, 0, 13, 733.27, 1644, 1677790
1606971447, 0, 546, 563, 358, 9, 2.51%, 0, 0, 13, 741.01, 1644, 1681628
1606971452, 0, 550, 563, 357, 9, 2.51%, 0, 0, 13, 725.62, 1644, 1685295
1606971457, 0, 550, 564, 358, 9, 2.51%, 0, 0, 13, 718.43, 1645, 1688934
1606971462, 0, 550, 565, 359, 9, 2.52%, 0, 0, 13, 723.55, 1649, 1692596
1606971468, 0, 551, 566, 359, 9, 2.52%, 0, 0, 13, 738.26, 1649, 1696454
1606971473, 0, 551, 567, 360, 9, 2.52%, 0, 0, 13, 728.19, 1653, 1700140
1606971478, 0, 551, 568, 361, 9, 2.52%, 0, 0, 13, 719.92, 1654, 1703802
1606971498, 0, 552, 569, 361, 10, 2.52%, 0, 0, 13, 736.88, 1654, 1718723
1606971504, 0, 552, 570, 362, 10, 2.52%, 0, 0, 13, 721.98, 1654, 1722415
1606971514, 0, 556, 570, 361, 10, 2.52%, 0, 0, 13, 724.64, 1654, 1729743
1606971524, 0, 557, 571, 361, 9, 2.52%, 0, 0, 14, 737.30, 1654, 1737113
1606971529, 0, 557, 572, 362, 9, 2.52%, 0, 0, 14, 726.84, 1654, 1740801
1606971534, 0, 557, 573, 363, 9, 2.52%, 0, 0, 14, 719.64, 1654, 1744491
1606971539, 0, 557, 574, 364, 9, 2.52%, 0, 0, 14, 722.61, 1654, 1748181
1606971544, 0, 557, 575, 365, 9, 2.52%, 0, 0, 14, 722.09, 1654, 1751843
1606971554, 0, 559, 576, 365, 10, 2.53%, 0, 0, 14, 724.01, 1655, 1759204
1606971559, 0, 559, 577, 366, 10, 2.53%, 0, 0, 14, 711.42, 1655, 1762859
1606971570, 0, 559, 579, 368, 10, 2.53%, 0, 0, 14, 710.43, 1655, 1770095
1606971575, 0, 559, 582, 371, 10, 2.53%, 0, 0, 14, 723.82, 1656, 1773759
1606971580, 0, 559, 583, 372, 10, 2.53%, 0, 0, 14, 736.55, 1656, 1777603
1606971595, 0, 561, 583, 371, 10, 2.53%, 0, 0, 14, 720.76, 1656, 1788644
1606971605, 0, 561, 585, 373, 10, 2.53%, 0, 0, 14, 732.88, 1656, 1795993
1606971616, 0, 561, 586, 374, 10, 2.53%, 0, 0, 14, 715.60, 1656, 1803351
1606971626, 0, 561, 587, 375, 10, 2.53%, 0, 0, 14, 730.27, 1656, 1810723
1606971631, 0, 564, 587, 374, 9, 2.53%, 0, 0, 14, 731.55, 1656, 1814413
1606971636, 0, 566, 587, 373, 8, 2.53%, 0, 0, 14, 713.40, 1656, 1818018
1606971641, 0, 567, 587, 372, 7, 2.53%, 0, 0, 14, 721.56, 1656, 1821717
1606971646, 0, 567, 588, 373, 7, 2.53%, 0, 0, 14, 731.96, 1656, 1825407
1606971656, 0, 568, 588, 372, 7, 2.53%, 0, 0, 14, 715.02, 1656, 1832749
1606971661, 0, 568, 589, 373, 7, 2.53%, 0, 0, 14, 691.56, 1656, 1836276
1606971672, 0, 570, 589, 372, 6, 2.53%, 0, 0, 14, 707.70, 1656, 1843418
1606971682, 0, 575, 589, 371, 5, 2.53%, 0, 0, 14, 723.08, 1656, 1850766
1606971692, 0, 575, 592, 374, 5, 2.53%, 0, 0, 15, 718.77, 1656, 1858032
1606971697, 0, 575, 593, 375, 5, 2.53%, 0, 0, 15, 732.30, 1656, 1861722
1606971702, 0, 575, 594, 376, 5, 2.53%, 0, 0, 15, 733.74, 1656, 1865426
1606971717, 0, 575, 596, 378, 5, 2.53%, 0, 0, 15, 734.41, 1656, 1876600
1606971722, 0, 580, 597, 378, 4, 2.53%, 0, 0, 15, 713.47, 1656, 1880308
1606971738, 0, 580, 598, 379, 4, 2.53%, 0, 0, 15, 730.39, 1656, 1891333
1606971743, 0, 580, 599, 380, 4, 2.53%, 0, 0, 15, 713.46, 1656, 1894981
1606971753, 0, 580, 600, 381, 4, 2.53%, 0, 0, 15, 729.87, 1656, 1902297
1606971768, 0, 587, 600, 380, 3, 2.53%, 0, 0, 15, 715.11, 1656, 1913358
1606971773, 0, 587, 601, 381, 3, 2.53%, 0, 0, 15, 714.60, 1657, 1917023
1606971789, 1, 32, 601, 380, 2, 2.53%, 0, 0, 15, 726.34, 1657, 1928091
1606971794, 1, 58, 601, 378, 1, 2.53%, 0, 0, 15, 713.25, 1657, 1931791
1606971799, 1, 88, 601, 377, 1, 2.53%, 0, 0, 15, 707.71, 1657, 1935351
1606971804, 1, 109, 601, 376, 1, 2.53%, 0, 0, 15, 715.50, 1657, 1939021
1606971809, 1, 110, 601, 375, 0, 2.53%, 0, 0, 15, 725.91, 1657, 1942696
1606971814, 1, 112, 601, 373, 0, 2.53%, 0, 0, 15, 716.76, 1657, 1946312
1606971819, 1, 123, 601, 372, 0, 2.53%, 0, 0, 15, 714.04, 1657, 1949917
1606971824, 1, 137, 601, 371, 0, 2.53%, 0, 0, 15, 726.32, 1657, 1953572
1606971829, 1, 141, 602, 371, 0, 2.53%, 0, 0, 15, 729.39, 1657, 1957264
1606971834, 1, 144, 602, 370, 0, 2.53%, 0, 0, 15, 714.56, 1657, 1960875
1606971839, 1, 147, 602, 369, 0, 2.53%, 0, 0, 15, 715.05, 1657, 1964501
1606971854, 1, 173, 602, 368, 0, 2.53%, 0, 0, 15, 714.98, 1657, 1975521
1606971860, 1, 175, 603, 368, 0, 2.53%, 0, 0, 15, 715.46, 1657, 1979174
1606971865, 1, 176, 603, 367, 0, 2.53%, 0, 0, 15, 716.40, 1657, 1982809
1606971870, 1, 183, 604, 367, 0, 2.53%, 0, 0, 15, 730.52, 1657, 1986497
1606971875, 1, 193, 604, 366, 0, 2.53%, 0, 0, 15, 715.14, 1657, 1990116
1606971880, 1, 207, 604, 365, 0, 2.53%, 0, 0, 15, 714.54, 1657, 1993746
1606971890, 1, 234, 605, 365, 1, 2.53%, 0, 0, 15, 732.25, 1658, 2001247
1606971895, 1, 395, 605, 363, 1, 2.53%, 0, 0, 15, 738.26, 1658, 2005079
1606971900, 1, 491, 605, 363, 1, 2.53%, 0, 0, 15, 724.94, 1658, 2008723
1606971911, 1, 580, 606, 363, 1, 2.53%, 0, 0, 15, 719.62, 1658, 2016003
1606971916, 1, 604, 606, 363, 1, 2.53%, 0, 0, 15, 706.68, 1658, 2019569
1606971931, 1, 604, 608, 365, 1, 2.53%, 0, 0, 15, 669.84, 1659, 2029901
1606971941, 1, 604, 611, 368, 1, 2.53%, 0, 0, 15, 716.63, 1660, 2037162
1606971961, 1, 604, 612, 369, 1, 2.53%, 0, 0, 15, 716.46, 1660, 2051842
1606971977, 1, 606, 612, 368, 0, 2.53%, 0, 0, 15, 695.50, 1660, 2062786
1606971997, 1, 606, 613, 369, 0, 2.53%, 0, 0, 15, 585.52, 1661, 2075543
1606972018, 1, 606, 614, 370, 0, 2.54%, 0, 0, 15, 606.97, 1662, 2088490
1606972023, 1, 606, 615, 371, 0, 2.54%, 0, 0, 15, 680.02, 1662, 2092050
1606972028, 1, 607, 615, 370, 0, 2.54%, 0, 0, 15, 661.82, 1662, 2095512
1606972043, 1, 607, 616, 371, 0, 2.54%, 0, 0, 15, 616.37, 1663, 2105294
1606972064, 1, 608, 619, 373, 0, 2.54%, 0, 0, 15, 683.89, 1664, 2118852
1606972089, 1, 608, 620, 374, 0, 2.54%, 0, 0, 15, 722.63, 1664, 2136766
1606972094, 1, 613, 620, 373, 0, 2.54%, 0, 0, 15, 719.27, 1664, 2140436
1606972099, 1, 613, 621, 374, 0, 2.54%, 0, 0, 15, 660.77, 1665, 2143684
1606972146, 2, 4, 621, 372, 0, 2.54%, 0, 0, 15, 725.31, 1665, 2173504
1606972151, 2, 7, 621, 370, 0, 2.54%, 0, 0, 15, 736.67, 1665, 2177215
1606972156, 2, 14, 621, 369, 0, 2.54%, 0, 0, 15, 733.80, 1665, 2180909
1606972161, 2, 19, 621, 367, 0, 2.54%, 0, 0, 15, 718.65, 1665, 2184569
1606972166, 2, 21, 622, 367, 0, 2.54%, 0, 0, 15, 725.26, 1665, 2188253
1606972171, 2, 24, 622, 366, 0, 2.54%, 0, 0, 15, 732.44, 1665, 2191937
1606972176, 2, 30, 622, 365, 0, 2.54%, 0, 0, 15, 729.97, 1665, 2195618
1606972181, 2, 37, 622, 364, 0, 2.54%, 0, 0, 15, 716.18, 1665, 2199229
1606972186, 2, 42, 622, 362, 0, 2.54%, 0, 0, 15, 725.29, 1665, 2202885
1606972191, 2, 44, 622, 361, 0, 2.54%, 0, 0, 15, 716.06, 1665, 2206532
1606972196, 2, 44, 626, 365, 0, 2.54%, 0, 0, 15, 726.54, 1665, 2210206
1606972201, 2, 44, 627, 366, 0, 2.54%, 0, 0, 15, 718.00, 1665, 2213844
1606972206, 2, 44, 628, 367, 0, 2.54%, 0, 0, 15, 720.23, 1665, 2217506
1606972211, 2, 44, 629, 368, 0, 2.54%, 0, 0, 15, 721.85, 1665, 2221168
1606972232, 2, 47, 629, 366, 0, 2.54%, 0, 0, 15, 718.94, 1665, 2235905
1606972237, 2, 55, 629, 365, 0, 2.54%, 0, 0, 15, 729.75, 1665, 2239588
1606972242, 2, 60, 629, 364, 0, 2.54%, 0, 0, 15, 715.12, 1665, 2243215
1606972247, 2, 64, 629, 363, 0, 2.54%, 0, 0, 15, 712.12, 1665, 2246800
1606972252, 2, 65, 629, 362, 0, 2.54%, 0, 0, 15, 719.58, 1665, 2250480
1606972257, 2, 66, 629, 361, 0, 2.54%, 0, 0, 15, 729.58, 1665, 2254191
1606972262, 2, 73, 629, 360, 0, 2.54%, 0, 0, 15, 731.05, 1665, 2257873
1606972267, 2, 80, 630, 359, 0, 2.54%, 0, 0, 15, 731.07, 1665, 2261566
1606972272, 2, 92, 630, 358, 0, 2.54%, 0, 0, 15, 735.90, 1665, 2265259
1606972277, 2, 96, 630, 357, 0, 2.54%, 0, 0, 15, 720.51, 1665, 2268877
1606972282, 2, 98, 630, 356, 0, 2.54%, 0, 0, 15, 729.94, 1665, 2272695
1606972287, 2, 102, 630, 355, 0, 2.54%, 0, 0, 15, 734.42, 1665, 2276368
1606972292, 2, 107, 630, 353, 0, 2.54%, 0, 0, 15, 729.28, 1665, 2280056
1606972303, 2, 116, 630, 352, 0, 2.54%, 0, 0, 15, 728.25, 1665, 2287423
1606972313, 2, 122, 630, 351, 0, 2.54%, 0, 0, 15, 713.69, 1665, 2294758
1606972318, 2, 126, 630, 350, 0, 2.54%, 0, 0, 15, 721.36, 1665, 2298442
1606972323, 2, 133, 631, 350, 0, 2.54%, 0, 0, 15, 719.23, 1665, 2302124
1606972328, 2, 152, 631, 349, 0, 2.54%, 0, 0, 15, 726.09, 1665, 2305819
1606972333, 2, 154, 631, 348, 0, 2.54%, 0, 0, 15, 735.09, 1665, 2309512
1606972338, 2, 156, 631, 347, 0, 2.54%, 0, 0, 15, 724.03, 1665, 2313190
1606972343, 2, 161, 631, 346, 0, 2.54%, 0, 0, 15, 718.02, 1665, 2316833
1606972348, 2, 177, 631, 345, 0, 2.54%, 0, 0, 15, 697.84, 1665, 2320383
1606972353, 2, 179, 632, 345, 0, 2.54%, 0, 0, 15, 717.61, 1665, 2324032
1606972364, 2, 191, 632, 344, 0, 2.54%, 0, 0, 15, 724.95, 1665, 2331410
1606972369, 2, 202, 632, 343, 0, 2.54%, 0, 0, 15, 733.99, 1665, 2335107
1606972374, 2, 206, 632, 342, 0, 2.54%, 0, 0, 15, 734.44, 1665, 2338770
1606972379, 2, 219, 633, 342, 0, 2.54%, 0, 0, 15, 725.60, 1665, 2342435
1606972384, 2, 226, 634, 342, 0, 2.54%, 0, 0, 15, 735.05, 1665, 2346118
1606972389, 2, 229, 634, 341, 0, 2.54%, 0, 0, 15, 732.97, 1665, 2349808
1606972394, 2, 241, 634, 340, 0, 2.54%, 0, 0, 15, 731.35, 1665, 2353468
1606972399, 2, 245, 634, 340, 0, 2.54%, 0, 0, 15, 732.51, 1665, 2357157
1606972404, 2, 245, 635, 341, 0, 2.54%, 0, 0, 15, 730.99, 1665, 2360839
1606972409, 2, 251, 635, 340, 0, 2.54%, 0, 0, 15, 733.67, 1665, 2364525
1606972414, 2, 252, 635, 339, 0, 2.54%, 0, 0, 15, 730.24, 1665, 2368203
1606972424, 2, 263, 635, 338, 0, 2.54%, 0, 0, 15, 732.09, 1665, 2375533
1606972429, 2, 265, 635, 337, 0, 2.54%, 0, 0, 15, 730.30, 1665, 2379216
1606972439, 2, 265, 636, 338, 0, 2.54%, 0, 0, 15, 730.46, 1665, 2386580
1606972444, 2, 266, 636, 337, 0, 2.54%, 0, 0, 15, 737.18, 1665, 2390287
1606972449, 2, 267, 636, 336, 0, 2.54%, 0, 0, 15, 745.84, 1665, 2394149
1606972459, 2, 270, 636, 335, 0, 2.54%, 0, 0, 15, 729.50, 1665, 2401513
1606972464, 2, 270, 637, 336, 0, 2.54%, 0, 0, 15, 724.81, 1666, 2405198
1606972469, 2, 274, 637, 335, 0, 2.54%, 0, 0, 15, 709.55, 1666, 2408737
1606972474, 2, 276, 637, 335, 0, 2.54%, 0, 0, 15, 714.44, 1666, 2412364
1606972490, 2, 285, 637, 334, 0, 2.54%, 0, 0, 15, 709.42, 1666, 2423255
1606972495, 2, 289, 638, 335, 0, 2.54%, 0, 0, 15, 720.71, 1666, 2426926
1606972500, 2, 299, 638, 334, 0, 2.54%, 0, 0, 15, 715.63, 1666, 2430542
1606972505, 2, 300, 638, 333, 0, 2.54%, 0, 0, 15, 726.52, 1666, 2434237
1606972510, 2, 303, 638, 332, 0, 2.54%, 0, 0, 15, 727.28, 1666, 2437906
1606972515, 2, 308, 638, 331, 0, 2.54%, 0, 0, 15, 713.45, 1666, 2441495
1606972520, 2, 315, 638, 330, 0, 2.54%, 0, 0, 15, 710.44, 1666, 2445146
1606972525, 2, 317, 638, 329, 0, 2.54%, 0, 0, 15, 723.62, 1666, 2448795
1606972530, 2, 319, 638, 328, 0, 2.54%, 0, 0, 15, 726.01, 1666, 2452482
1606972540, 2, 321, 638, 327, 0, 2.54%, 0, 0, 15, 725.14, 1666, 2459815
1606972545, 2, 321, 639, 328, 0, 2.54%, 0, 0, 15, 704.60, 1666, 2463316
1606972550, 2, 321, 640, 329, 0, 2.54%, 0, 0, 15, 717.44, 1666, 2467006
1606972561, 2, 323, 640, 327, 0, 2.54%, 0, 0, 15, 725.14, 1666, 2474401
1606972566, 2, 324, 640, 327, 0, 2.54%, 0, 0, 15, 724.50, 1666, 2478040
1606972571, 2, 327, 640, 326, 0, 2.54%, 0, 0, 15, 710.55, 1666, 2481603
1606972576, 2, 331, 640, 325, 0, 2.54%, 0, 0, 15, 708.88, 1666, 2485172
1606972581, 2, 331, 642, 327, 0, 2.54%, 0, 0, 15, 720.81, 1666, 2488839
1606972586, 2, 332, 642, 326, 0, 2.54%, 0, 0, 15, 721.20, 1666, 2492527
1606972596, 2, 333, 642, 325, 0, 2.54%, 0, 0, 15, 732.00, 1666, 2499900
1606972601, 2, 347, 643, 326, 0, 2.54%, 0, 0, 15, 733.89, 1666, 2503723
1606972606, 2, 347, 645, 328, 0, 2.54%, 0, 0, 15, 733.26, 1666, 2507412
1606972611, 2, 358, 645, 327, 0, 2.54%, 0, 0, 15, 728.79, 1666, 2511094
1606972621, 2, 359, 645, 326, 0, 2.54%, 0, 0, 15, 730.58, 1666, 2518457
1606972627, 2, 360, 645, 326, 0, 2.54%, 0, 0, 15, 731.76, 1666, 2522274
1606972632, 2, 370, 645, 325, 0, 2.54%, 0, 0, 15, 735.07, 1666, 2525976
1606972637, 2, 370, 646, 326, 0, 2.54%, 0, 0, 15, 719.40, 1666, 2529652
1606972642, 2, 370, 648, 328, 0, 2.54%, 0, 0, 15, 726.88, 1666, 2533336
1606972652, 2, 370, 649, 329, 0, 2.55%, 0, 0, 15, 709.90, 1667, 2540656
1606972667, 2, 370, 651, 331, 0, 2.55%, 0, 0, 15, 731.25, 1667, 2551690
1606972672, 2, 391, 652, 331, 1, 2.55%, 0, 0, 15, 737.84, 1667, 2555400
1606972677, 2, 419, 652, 330, 1, 2.55%, 0, 0, 15, 727.39, 1667, 2559077
1606972682, 2, 419, 653, 331, 1, 2.55%, 0, 0, 15, 732.82, 1667, 2562761
1606972692, 2, 483, 653, 330, 1, 2.55%, 0, 0, 15, 718.53, 1667, 2570156
1606972703, 2, 513, 653, 329, 1, 2.55%, 0, 0, 15, 720.52, 1667, 2577476
1606972708, 2, 513, 654, 330, 1, 2.55%, 0, 0, 15, 718.16, 1667, 2581123
1606972718, 2, 513, 655, 331, 1, 2.55%, 0, 0, 15, 723.67, 1668, 2588467
1606972723, 2, 513, 656, 332, 1, 2.55%, 0, 0, 15, 723.49, 1668, 2592157
1606972733, 2, 535, 656, 331, 1, 2.55%, 0, 0, 15, 729.93, 1668, 2599542
1606972743, 2, 609, 656, 330, 1, 2.55%, 0, 0, 15, 718.46, 1668, 2606938
1606972748, 2, 609, 657, 331, 1, 2.55%, 0, 0, 15, 687.88, 1668, 2610390
1606972758, 2, 609, 658, 332, 1, 2.55%, 0, 0, 15, 696.58, 1668, 2617486
1606972764, 2, 609, 659, 333, 1, 2.55%, 0, 0, 15, 699.39, 1668, 2621049
1606972774, 2, 609, 660, 334, 1, 2.55%, 0, 0, 15, 716.78, 1668, 2628319
1606972794, 2, 617, 660, 333, 2, 2.55%, 0, 0, 15, 710.08, 1668, 2642906
1606972810, 2, 617, 661, 334, 2, 2.55%, 0, 0, 15, 685.96, 1668, 2653507
1606972815, 2, 617, 662, 335, 2, 2.55%, 0, 0, 15, 669.47, 1668, 2656960
1606972825, 2, 617, 663, 336, 2, 2.55%, 0, 0, 15, 714.37, 1668, 2664189
1606972855, 2, 648, 663, 335, 2, 2.55%, 0, 0, 15, 590.03, 1668, 2685173
1606972902, 2, 648, 664, 336, 2, 2.55%, 0, 0, 15, 617.05, 1669, 2712927
1606973152, 2, 648, 665, 337, 2, 2.55%, 0, 0, 15, 595.26, 1670, 2864986
1606973183, 2, 648, 666, 338, 2, 2.55%, 0, 0, 15, 588.97, 1671, 2883385
1606973791, 2, 648, 667, 339, 2, 2.55%, 0, 0, 15, 664.43, 1671, 3233198
1606974568, 2, 648, 668, 340, 2, 2.55%, 0, 0, 15, 628.62, 1671, 3721841
1606974578, 2, 658, 668, 339, 2, 2.55%, 0, 0, 15, 529.18, 1671, 3727566
1606974583, 2, 658, 669, 340, 2, 2.55%, 0, 0, 15, 451.02, 1672, 3729818
1606974619, 2, 658, 670, 341, 2, 2.55%, 0, 0, 15, 295.01, 1672, 3742004
1606974660, 2, 658, 671, 342, 2, 2.55%, 0, 0, 15, 453.57, 1672, 3756284
1606975088, 2, 667, 671, 341, 1, 2.55%, 0, 0, 15, 417.80, 1672, 3909468
1606975283, 2, 667, 672, 342, 1, 2.55%, 0, 0, 15, 615.65, 1672, 4032455
1606975338, 2, 667, 673, 343, 1, 2.55%, 0, 0, 15, 673.61, 1672, 4069232
1606975379, 2, 667, 674, 344, 1, 2.55%, 0, 0, 15, 635.62, 1672, 4094939
1606975584, 2, 667, 675, 345, 1, 2.55%, 0, 0, 15, 585.91, 1672, 4220404
1606976442, 2, 667, 676, 346, 1, 2.55%, 0, 0, 15, 635.28, 1672, 4757719
1606976447, 2, 667, 677, 347, 1, 2.55%, 0, 0, 15, 671.22, 1673, 4761133
1606976463, 2, 676, 677, 346, 1, 2.55%, 0, 0, 15, 446.79, 1673, 4770128
1606976850, 2, 676, 678, 347, 1, 2.55%, 0, 0, 15, 605.14, 1674, 5019288
1606977490, 3, 9, 678, 346, 0, 2.55%, 0, 0, 15, 706.34, 1674, 5431777
1606977495, 3, 12, 678, 344, 0, 2.55%, 0, 0, 15, 708.46, 1674, 5435418
1606977500, 3, 31, 678, 343, 0, 2.55%, 0, 0, 15, 720.18, 1674, 5439084
1606977505, 3, 33, 678, 342, 0, 2.55%, 0, 0, 15, 733.33, 1674, 5442763
1606977510, 3, 34, 678, 341, 0, 2.55%, 0, 0, 15, 729.08, 1674, 5446408
1606977515, 3, 77, 678, 340, 0, 2.55%, 0, 0, 15, 739.97, 1674, 5450126
1606977520, 3, 87, 678, 338, 0, 2.55%, 0, 0, 15, 736.33, 1674, 5453815
1606977525, 3, 99, 678, 337, 0, 2.55%, 0, 0, 15, 711.59, 1674, 5457456
1606977530, 3, 119, 678, 336, 0, 2.55%, 0, 0, 15, 722.33, 1674, 5461114
1606977540, 3, 124, 678, 335, 0, 2.55%, 0, 0, 15, 734.83, 1674, 5468625
1606977546, 3, 134, 678, 334, 0, 2.55%, 0, 0, 15, 721.68, 1674, 5472286
1606977551, 3, 136, 678, 333, 0, 2.55%, 0, 0, 15, 729.79, 1674, 5475977
1606977561, 3, 150, 678, 332, 0, 2.55%, 0, 0, 15, 709.80, 1674, 5483269
1606977566, 3, 157, 678, 331, 0, 2.55%, 0, 0, 15, 718.08, 1674, 5486934
1606977581, 3, 165, 678, 330, 0, 2.55%, 0, 0, 15, 705.96, 1674, 5497796
1606977602, 3, 188, 678, 328, 0, 2.55%, 0, 0, 15, 718.13, 1674, 5512158
1606977607, 3, 199, 678, 328, 0, 2.55%, 0, 0, 15, 718.41, 1674, 5515765
1606977612, 3, 203, 678, 327, 0, 2.55%, 0, 0, 15, 722.87, 1674, 5519452
1606977617, 3, 218, 678, 326, 0, 2.55%, 0, 0, 15, 723.87, 1674, 5523099
1606977622, 3, 227, 678, 324, 0, 2.55%, 0, 0, 15, 713.41, 1674, 5526695
1606977632, 3, 231, 678, 323, 0, 2.55%, 0, 0, 15, 728.93, 1674, 5534046
1606977637, 3, 260, 678, 322, 0, 2.55%, 0, 0, 15, 711.75, 1674, 5537654
1606977642, 3, 277, 678, 322, 0, 2.55%, 0, 0, 15, 716.06, 1674, 5541306
1606977647, 3, 290, 678, 322, 0, 2.55%, 0, 0, 15, 726.47, 1674, 5544964
1606977652, 3, 292, 678, 321, 0, 2.55%, 0, 0, 15, 726.14, 1674, 5548676
1606977657, 3, 295, 678, 320, 0, 2.55%, 0, 0, 15, 730.22, 1674, 5552467
1606977662, 3, 310, 678, 319, 0, 2.55%, 0, 0, 15, 708.54, 1674, 5556093
1606977668, 3, 318, 678, 318, 0, 2.55%, 0, 0, 15, 706.94, 1674, 5559673
1606977678, 3, 335, 678, 317, 0, 2.55%, 0, 0, 15, 714.59, 1674, 5566983
1606977683, 3, 351, 678, 317, 0, 2.55%, 0, 0, 15, 725.66, 1674, 5570665
1606977688, 3, 364, 678, 317, 0, 2.55%, 0, 0, 15, 725.22, 1674, 5574332
1606977693, 3, 372, 678, 316, 0, 2.55%, 0, 0, 15, 731.47, 1674, 5578026
1606977698, 3, 379, 678, 316, 0, 2.55%, 0, 0, 15, 723.40, 1674, 5581694
1606977703, 3, 381, 678, 315, 0, 2.55%, 0, 0, 15, 714.83, 1674, 5585316
1606977708, 3, 389, 678, 314, 0, 2.55%, 0, 0, 15, 718.61, 1674, 5588982
1606977713, 3, 394, 679, 314, 0, 2.56%, 0, 0, 15, 717.56, 1675, 5592628
1606977718, 3, 397, 679, 314, 0, 2.56%, 0, 0, 15, 704.66, 1675, 5596242
1606977723, 3, 403, 679, 313, 0, 2.56%, 0, 0, 15, 702.76, 1675, 5599784
1606977729, 3, 403, 680, 314, 0, 2.56%, 0, 0, 15, 721.76, 1675, 5603447
1606977734, 3, 412, 681, 314, 0, 2.56%, 0, 0, 15, 720.73, 1675, 5607083
1606977739, 3, 412, 683, 316, 0, 2.56%, 0, 0, 15, 720.40, 1675, 5610735
1606977749, 3, 418, 683, 315, 0, 2.56%, 0, 0, 15, 721.84, 1675, 5618078
1606977754, 3, 421, 683, 314, 0, 2.56%, 0, 0, 15, 702.46, 1675, 5621626
1606977764, 3, 430, 683, 313, 0, 2.56%, 0, 0, 15, 722.16, 1675, 5628932
1606977774, 3, 437, 683, 312, 0, 2.56%, 0, 0, 15, 717.52, 1675, 5636258
1606977779, 3, 439, 683, 311, 0, 2.56%, 0, 0, 15, 717.73, 1675, 5639918
1606977790, 3, 459, 683, 310, 0, 2.56%, 0, 0, 15, 725.41, 1675, 5647264
1606977795, 3, 468, 683, 309, 0, 2.56%, 0, 0, 15, 737.71, 1675, 5651110
1606977800, 3, 482, 684, 310, 0, 2.56%, 0, 0, 15, 713.48, 1675, 5654699
1606977810, 3, 482, 686, 312, 0, 2.56%, 0, 0, 15, 725.33, 1675, 5661947
1606977815, 3, 482, 686, 312, 0, 2.56%, 1, 0, 15, 729.05, 1675, 5665643
1606977820, 3, 482, 687, 313, 0, 2.56%, 1, 0, 15, 727.76, 1676, 5669323
1606977830, 3, 485, 687, 312, 0, 2.56%, 1, 0, 15, 730.90, 1676, 5676681
1606977835, 3, 490, 687, 312, 0, 2.56%, 1, 0, 15, 718.46, 1676, 5680348
1606977851, 3, 498, 687, 311, 0, 2.56%, 1, 0, 15, 735.50, 1676, 5691491
1606977856, 3, 500, 688, 312, 0, 2.56%, 1, 0, 15, 730.54, 1677, 5695168
1606977861, 3, 500, 689, 313, 0, 2.56%, 1, 0, 15, 720.70, 1677, 5698844
1606977866, 3, 500, 690, 314, 0, 2.56%, 1, 0, 15, 729.11, 1677, 5702534
1606977871, 3, 500, 691, 315, 0, 2.56%, 1, 0, 15, 734.13, 1677, 5706224
1606977876, 3, 500, 692, 316, 0, 2.56%, 1, 0, 15, 718.53, 1680, 5709900
1606977881, 3, 500, 693, 317, 0, 2.56%, 1, 0, 15, 715.80, 1680, 5713590
1606977891, 3, 500, 695, 319, 0, 2.56%, 1, 0, 15, 720.14, 1680, 5720914
1606977896, 3, 694, 695, 318, 1, 2.56%, 1, 0, 15, 718.61, 1680, 5724574
1606977912, 4, 6, 695, 316, 0, 2.56%, 1, 0, 15, 736.05, 1680, 5735656
1606977917, 4, 22, 695, 315, 0, 2.56%, 1, 0, 15, 731.24, 1680, 5739339
1606977922, 4, 43, 695, 314, 0, 2.56%, 1, 0, 15, 729.87, 1680, 5743020
1606977927, 4, 54, 695, 313, 0, 2.56%, 1, 0, 15, 736.74, 1680, 5746718
1606977932, 4, 57, 695, 311, 0, 2.56%, 1, 0, 15, 725.77, 1680, 5750402
