# unix_time, cycles_done, cur_path, paths_total, pending_total, pending_favs, map_size, unique_crashes, unique_hangs, max_depth, execs_per_sec, edge_coverage, total_execs
1605221803, 0, 0, 3, 3, 3, 5.68%, 0, 0, 1, 55.91, 3725, 88
1605221808, 0, 0, 27, 27, 3, 5.93%, 0, 0, 2, 108.29, 3884, 706
1605221813, 0, 0, 51, 51, 3, 6.06%, 0, 0, 2, 112.06, 3969, 1302
1605221819, 0, 0, 75, 75, 3, 6.27%, 0, 0, 2, 110.84, 4110, 1861
1605221824, 0, 0, 87, 87, 3, 6.30%, 0, 0, 2, 111.80, 4130, 2434
1605221829, 0, 0, 103, 103, 3, 6.39%, 0, 0, 2, 112.95, 4186, 3004
1605221834, 0, 0, 134, 134, 3, 6.60%, 0, 0, 2, 112.28, 4324, 3575
1605221839, 0, 0, 139, 139, 3, 6.60%, 0, 0, 2, 115.26, 4326, 4176
1605221844, 0, 0, 166, 166, 3, 6.68%, 0, 0, 2, 113.42, 4379, 4746
1605221849, 0, 0, 197, 197, 3, 6.73%, 0, 0, 2, 117.37, 4413, 5356
1605221854, 0, 0, 213, 213, 3, 6.79%, 0, 0, 2, 116.10, 4452, 5938
1605221859, 0, 0, 215, 215, 3, 6.79%, 0, 0, 2, 116.12, 4452, 6538
1605221864, 0, 0, 231, 231, 3, 6.86%, 0, 0, 2, 116.03, 4494, 7120
1605221869, 0, 0, 235, 235, 3, 6.86%, 0, 0, 2, 112.31, 4496, 7676
1605221874, 0, 0, 259, 259, 3, 7.85%, 0, 0, 2, 113.10, 5144, 8246
1605221880, 0, 0, 272, 272, 3, 7.93%, 0, 0, 2, 115.65, 5196, 8853
1605221885, 0, 0, 280, 280, 3, 7.94%, 0, 0, 2, 114.20, 5202, 9421
1605221890, 0, 0, 287, 287, 3, 7.95%, 0, 0, 2, 114.75, 5212, 10019
1605221895, 0, 0, 295, 295, 3, 8.01%, 0, 0, 2, 112.33, 5248, 10605
1605221900, 0, 0, 300, 300, 3, 8.01%, 0, 0, 2, 112.54, 5249, 11169
1605221905, 0, 0, 308, 308, 3, 8.02%, 0, 0, 2, 114.27, 5255, 11763
1605221910, 0, 0, 318, 318, 3, 8.02%, 0, 0, 2, 115.57, 5255, 12365
1605221916, 0, 0, 328, 328, 3, 8.08%, 0, 0, 2, 118.26, 5293, 13003
1605221921, 0, 0, 339, 339, 3, 8.11%, 0, 0, 2, 114.43, 5316, 13595
1605221926, 0, 0, 350, 350, 3, 8.15%, 0, 0, 2, 111.71, 5338, 14149
1605221931, 0, 0, 354, 354, 3, 8.15%, 0, 0, 2, 113.32, 5341, 14723
1605221936, 0, 0, 362, 362, 3, 8.22%, 0, 0, 2, 115.53, 5385, 15325
1605221941, 0, 0, 372, 372, 3, 8.50%, 0, 0, 2, 112.90, 5570, 15914
1605221946, 0, 0, 375, 375, 3, 8.50%, 0, 0, 2, 112.01, 5570, 16479
1605221951, 0, 0, 377, 377, 3, 8.50%, 0, 0, 2, 113.55, 5572, 17053
1605221962, 0, 0, 379, 379, 3, 8.50%, 0, 0, 2, 113.16, 5573, 18223
1605221967, 0, 0, 380, 380, 3, 8.51%, 0, 0, 2, 111.95, 5574, 18782
1605221972, 0, 0, 381, 381, 3, 8.51%, 0, 0, 2, 113.77, 5574, 19357
1605221982, 0, 0, 383, 383, 3, 8.51%, 0, 0, 2, 114.86, 5574, 20509
1605221987, 0, 0, 385, 385, 3, 8.51%, 0, 0, 2, 114.98, 5576, 21109
1605221992, 0, 0, 411, 411, 3, 8.63%, 0, 0, 2, 115.66, 5654, 21705
1605221997, 0, 0, 417, 417, 3, 8.64%, 0, 0, 2, 117.56, 5660, 22287
1605222002, 0, 0, 418, 418, 3, 8.64%, 0, 0, 2, 111.90, 5661, 22841
1605222007, 0, 0, 420, 420, 3, 8.65%, 0, 0, 2, 113.23, 5665, 23415
1605222017, 0, 0, 421, 421, 3, 8.65%, 0, 0, 2, 114.75, 5667, 24589
1605222023, 0, 0, 422, 422, 3, 8.65%, 0, 0, 2, 115.15, 5667, 25191
1605222043, 0, 0, 423, 423, 3, 8.65%, 0, 0, 2, 116.57, 5667, 27499
1605222048, 0, 0, 426, 426, 3, 8.65%, 0, 0, 2, 115.25, 5670, 28073
1605222053, 0, 0, 432, 432, 3, 8.66%, 0, 0, 2, 114.20, 5678, 28647
1605222058, 0, 0, 435, 435, 3, 8.67%, 0, 0, 2, 114.65, 5680, 29245
1605222063, 0, 0, 440, 440, 3, 8.67%, 0, 0, 2, 111.32, 5685, 29817
1605222079, 0, 0, 441, 441, 3, 8.67%, 0, 0, 2, 114.93, 5685, 31560
1605222084, 0, 0, 442, 442, 3, 8.68%, 0, 0, 2, 111.48, 5685, 32138
1605222089, 0, 0, 444, 444, 3, 8.68%, 0, 0, 2, 112.23, 5688, 32708
1605222099, 0, 0, 446, 446, 3, 8.68%, 0, 0, 2, 114.65, 5690, 33862
1605222104, 0, 0, 447, 447, 3, 8.68%, 0, 0, 2, 111.34, 5691, 34436
1605222109, 0, 0, 448, 448, 3, 8.69%, 0, 0, 2, 112.41, 5692, 35008
1605222119, 0, 0, 450, 450, 3, 8.69%, 0, 0, 2, 119.11, 5693, 36194
1605222135, 0, 0, 451, 451, 3, 8.69%, 0, 0, 2, 114.99, 5694, 37918
1605222140, 0, 0, 457, 457, 3, 8.69%, 0, 0, 2, 114.38, 5694, 38492
1605222145, 0, 0, 458, 458, 3, 8.69%, 0, 0, 2, 109.42, 5695, 39053
1605222155, 0, 0, 459, 459, 3, 8.69%, 0, 0, 2, 111.77, 5695, 40191
1605222170, 0, 0, 461, 461, 3, 8.69%, 0, 0, 2, 114.46, 5696, 41925
1605222175, 0, 0, 462, 462, 3, 8.69%, 0, 0, 2, 113.23, 5696, 42503
1605222180, 0, 0, 464, 464, 3, 8.69%, 0, 0, 2, 118.58, 5698, 43093
1605222185, 0, 0, 467, 467, 3, 8.70%, 0, 0, 2, 113.76, 5702, 43663
1605222196, 0, 0, 469, 469, 3, 8.70%, 0, 0, 2, 113.07, 5704, 44811
1605222201, 0, 0, 470, 470, 3, 8.71%, 0, 0, 2, 112.27, 5705, 45387
1605222211, 0, 0, 472, 472, 3, 8.71%, 0, 0, 2, 114.64, 5705, 46541
1605222216, 0, 0, 474, 474, 3, 8.71%, 0, 0, 2, 112.90, 5705, 47115
1605222231, 0, 0, 476, 476, 3, 8.71%, 0, 0, 2, 112.90, 5709, 48839
1605222236, 0, 0, 478, 478, 3, 8.71%, 0, 0, 2, 113.16, 5709, 49415
1605222241, 0, 0, 479, 479, 3, 8.71%, 0, 0, 2, 112.36, 5709, 49989
1605222247, 0, 0, 482, 482, 3, 8.72%, 0, 0, 2, 114.20, 5714, 50587
1605222252, 0, 0, 483, 483, 3, 8.73%, 0, 0, 2, 113.20, 5719, 51163
1605222257, 0, 0, 484, 484, 3, 8.73%, 0, 0, 2, 112.03, 5720, 51737
1605222262, 0, 0, 485, 485, 3, 8.73%, 0, 0, 2, 112.69, 5721, 52311
1605222267, 0, 0, 489, 489, 3, 8.74%, 0, 0, 2, 109.96, 5727, 52865
1605222287, 0, 0, 490, 490, 3, 8.74%, 0, 0, 2, 112.59, 5727, 55137
1605222292, 0, 0, 491, 491, 3, 8.74%, 0, 0, 2, 111.80, 5728, 55705
1605222297, 0, 0, 494, 494, 3, 8.74%, 0, 0, 2, 112.92, 5728, 56281
1605222308, 0, 0, 495, 495, 3, 8.74%, 0, 0, 2, 112.43, 5728, 57437
1605222313, 0, 0, 497, 497, 3, 8.74%, 0, 0, 2, 113.28, 5729, 58011
1605222318, 0, 0, 498, 498, 3, 8.74%, 0, 0, 2, 111.97, 5730, 58581
1605222338, 0, 0, 499, 499, 3, 8.74%, 0, 0, 2, 112.87, 5731, 60885
1605222343, 0, 0, 501, 501, 3, 8.74%, 0, 0, 2, 113.17, 5731, 61459
1605222348, 0, 0, 503, 503, 3, 8.74%, 0, 0, 2, 111.69, 5731, 62029
1605222353, 0, 0, 528, 528, 3, 8.74%, 0, 0, 2, 118.06, 5731, 62621
1605222359, 0, 0, 576, 576, 3, 8.78%, 0, 0, 2, 122.02, 5754, 63259
1605222364, 0, 0, 612, 612, 3, 8.81%, 0, 0, 2, 121.64, 5769, 63888
1605222369, 0, 0, 645, 645, 3, 8.81%, 0, 0, 2, 125.47, 5773, 64516
1605222374, 0, 0, 672, 672, 3, 8.82%, 0, 0, 2, 128.55, 5781, 65184
1605222379, 0, 0, 695, 695, 3, 8.84%, 0, 0, 2, 125.61, 5792, 65835
1605222384, 0, 0, 714, 714, 3, 8.85%, 0, 0, 2, 122.84, 5799, 66444
1605222389, 0, 0, 729, 729, 3, 8.86%, 0, 0, 2, 127.27, 5804, 67104
1605222394, 0, 0, 747, 747, 3, 8.87%, 0, 0, 2, 132.22, 5815, 67784
1605222400, 0, 0, 759, 759, 3, 8.88%, 0, 0, 2, 127.75, 5816, 68444
1605222405, 0, 0, 778, 778, 3, 8.88%, 0, 0, 2, 127.66, 5821, 69111
1605222410, 0, 0, 792, 792, 3, 8.89%, 0, 0, 2, 128.80, 5824, 69780
1605222415, 0, 0, 799, 799, 3, 8.89%, 0, 0, 2, 130.27, 5824, 70450
1605222420, 0, 0, 813, 813, 3, 8.90%, 0, 0, 2, 129.47, 5830, 71116
1605222425, 0, 0, 828, 828, 3, 8.90%, 0, 0, 2, 129.84, 5831, 71784
1605222430, 0, 0, 842, 842, 3, 8.91%, 0, 0, 2, 129.49, 5838, 72426
1605222436, 0, 0, 855, 855, 3, 8.91%, 0, 0, 2, 131.62, 5841, 73113
1605222441, 0, 0, 867, 867, 3, 8.91%, 0, 0, 2, 130.96, 5841, 73790
1605222446, 0, 0, 876, 876, 3, 8.91%, 0, 0, 2, 128.65, 5842, 74458
1605222451, 0, 0, 882, 882, 3, 8.92%, 0, 0, 2, 134.78, 5848, 75136
1605222456, 0, 0, 889, 889, 3, 8.92%, 0, 0, 2, 138.75, 5849, 75862
1605222461, 0, 0, 900, 900, 3, 8.93%, 0, 0, 2, 136.75, 5851, 76557
1605222466, 0, 0, 909, 909, 3, 8.94%, 0, 0, 2, 133.79, 5856, 77250
1605222472, 0, 0, 920, 920, 3, 8.94%, 0, 0, 2, 129.93, 5856, 77926
1605222477, 0, 0, 927, 927, 3, 8.94%, 0, 0, 2, 134.33, 5856, 78620
1605222482, 0, 0, 934, 934, 3, 8.94%, 0, 0, 2, 133.44, 5857, 79310
1605222487, 0, 0, 941, 941, 3, 9.14%, 0, 0, 2, 133.77, 5987, 80010
1605222492, 0, 0, 949, 949, 3, 9.14%, 0, 0, 2, 131.88, 5989, 80684
1605222498, 0, 0, 958, 958, 3, 9.14%, 0, 0, 2, 131.32, 5989, 81373
1605222503, 0, 0, 962, 962, 3, 9.14%, 0, 0, 2, 131.47, 5991, 82052
1605222508, 0, 0, 968, 968, 3, 9.14%, 0, 0, 2, 128.84, 5991, 82716
1605222513, 0, 0, 977, 977, 3, 9.15%, 0, 0, 2, 126.70, 5996, 83345
1605222518, 0, 1, 980, 979, 262, 9.15%, 0, 0, 2, 101.04, 5999, 83900
1605222534, 0, 1, 984, 983, 262, 9.22%, 0, 0, 2, 39.35, 6039, 84564
1605222539, 0, 1, 989, 988, 262, 9.22%, 0, 0, 2, 38.64, 6039, 84761
1605222544, 0, 1, 997, 996, 262, 9.22%, 0, 0, 2, 37.71, 6039, 84953
1605222549, 0, 1, 1001, 1000, 262, 9.22%, 0, 0, 2, 37.86, 6039, 85143
1605222554, 0, 1, 1009, 1008, 262, 9.22%, 0, 0, 2, 39.32, 6039, 85345
1605222559, 0, 1, 1013, 1012, 262, 9.23%, 0, 0, 2, 39.66, 6046, 85545
1605222564, 0, 1, 1014, 1013, 262, 9.23%, 0, 0, 2, 39.89, 6046, 85745
1605222569, 0, 1, 1016, 1015, 262, 9.23%, 0, 0, 2, 39.46, 6047, 85945
1605222574, 0, 1, 1017, 1016, 262, 9.23%, 0, 0, 2, 38.43, 6047, 86137
1605222579, 0, 1, 1022, 1021, 262, 9.23%, 0, 0, 2, 39.29, 6047, 86336
1605222584, 0, 1, 1026, 1025, 262, 9.25%, 0, 0, 2, 38.67, 6062, 86529
1605222594, 0, 1, 1029, 1028, 262, 9.25%, 0, 0, 2, 38.81, 6062, 86923
1605222600, 0, 1, 1032, 1031, 262, 9.25%, 0, 0, 2, 40.56, 6062, 87138
1605222605, 0, 1, 1036, 1035, 262, 9.25%, 0, 0, 2, 39.40, 6062, 87339
1605222615, 0, 1, 1038, 1037, 262, 9.25%, 0, 0, 2, 37.71, 6062, 87725
1605222620, 0, 1, 1041, 1040, 262, 9.25%, 0, 0, 2, 38.22, 6063, 87917
1605222625, 0, 1, 1044, 1043, 262, 9.25%, 0, 0, 2, 39.05, 6063, 88118
1605222630, 0, 1, 1045, 1044, 262, 9.25%, 0, 0, 2, 38.13, 6063, 88310
1605222635, 0, 1, 1048, 1047, 262, 9.25%, 0, 0, 2, 39.41, 6063, 88512
1605222640, 0, 1, 1051, 1050, 262, 9.25%, 0, 0, 2, 39.25, 6065, 88710
1605222645, 0, 1, 1053, 1052, 262, 9.26%, 0, 0, 2, 38.15, 6066, 88903
1605222651, 0, 1, 1056, 1055, 262, 9.26%, 0, 0, 2, 39.94, 6066, 89108
1605222656, 0, 1, 1062, 1061, 262, 9.33%, 0, 0, 2, 39.94, 6113, 89314
1605222661, 0, 1, 1065, 1064, 262, 9.33%, 0, 0, 2, 38.19, 6113, 89510
1605222666, 0, 1, 1066, 1065, 262, 9.33%, 0, 0, 2, 38.07, 6114, 89702
1605222671, 0, 1, 1069, 1068, 262, 9.33%, 0, 0, 2, 38.86, 6114, 89902
1605222676, 0, 1, 1070, 1069, 262, 9.33%, 0, 0, 2, 38.73, 6114, 90102
1605222681, 0, 1, 1075, 1074, 262, 9.33%, 0, 0, 2, 37.49, 6114, 90295
1605222687, 0, 1, 1078, 1077, 262, 9.33%, 0, 0, 2, 36.02, 6114, 90481
1605222702, 0, 1, 1079, 1078, 262, 9.33%, 0, 0, 2, 38.43, 6115, 91055
1605222707, 0, 1, 1080, 1079, 262, 9.33%, 0, 0, 2, 38.73, 6115, 91255
1605222738, 0, 1, 1081, 1080, 262, 9.33%, 0, 0, 2, 38.78, 6116, 92439
1605222748, 0, 1, 1084, 1083, 262, 9.33%, 0, 0, 2, 38.99, 6117, 92839
1605222753, 0, 1, 1086, 1085, 262, 9.34%, 0, 0, 2, 38.64, 6120, 93039
1605222759, 0, 1, 1087, 1086, 262, 9.34%, 0, 0, 2, 38.48, 6120, 93238
1605222784, 0, 1, 1090, 1089, 262, 9.34%, 0, 0, 2, 37.54, 6123, 94214
1605222815, 0, 1, 1091, 1090, 262, 9.34%, 0, 0, 2, 39.47, 6124, 95393
1605222830, 0, 1, 1092, 1091, 262, 9.34%, 0, 0, 2, 38.86, 6124, 95991
1605222835, 0, 1, 1093, 1092, 262, 9.34%, 0, 0, 2, 38.43, 6124, 96184
1605222855, 0, 1, 1094, 1093, 262, 9.34%, 0, 0, 2, 38.06, 6124, 96952
1605222865, 0, 1, 1095, 1094, 262, 9.34%, 0, 0, 2, 38.20, 6124, 97347
1605222870, 0, 1, 1096, 1095, 262, 9.35%, 0, 0, 2, 38.39, 6125, 97541
1605222891, 0, 1, 1097, 1096, 262, 9.35%, 0, 0, 2, 37.58, 6125, 98340
1605222896, 0, 1, 1098, 1097, 262, 9.35%, 0, 0, 2, 38.05, 6126, 98532
1605222911, 0, 1, 1099, 1098, 262, 9.35%, 0, 0, 2, 39.15, 6127, 99112
1605222921, 0, 1, 1100, 1099, 262, 9.35%, 0, 0, 2, 38.41, 6128, 99500
1605222926, 0, 1, 1102, 1101, 262, 9.35%, 0, 0, 2, 38.32, 6128, 99695
1605222952, 0, 1, 1103, 1102, 262, 9.35%, 0, 0, 2, 37.99, 6128, 100656
1605222962, 0, 1, 1104, 1103, 262, 9.35%, 0, 0, 2, 38.26, 6128, 101040
1605222977, 0, 1, 1105, 1104, 262, 9.35%, 0, 0, 2, 38.26, 6128, 101616
1605222982, 0, 1, 1106, 1105, 262, 9.35%, 0, 0, 2, 38.03, 6128, 101808
1605223017, 0, 1, 1107, 1106, 262, 9.35%, 0, 0, 2, 38.05, 6128, 103168
1605223022, 0, 1, 1108, 1107, 262, 9.35%, 0, 0, 2, 38.12, 6129, 103360
1605223043, 0, 1, 1109, 1108, 262, 9.35%, 0, 0, 2, 37.95, 6129, 104127
1605223048, 0, 1, 1110, 1109, 262, 9.35%, 0, 0, 2, 38.49, 6129, 104326
1605223083, 0, 1, 1111, 1110, 262, 9.35%, 0, 0, 2, 38.06, 6129, 105678
1605223093, 0, 1, 1112, 1111, 262, 9.35%, 0, 0, 2, 39.14, 6129, 106072
1605223098, 0, 1, 1113, 1112, 262, 9.35%, 0, 0, 2, 38.34, 6129, 106264
1605223119, 0, 1, 1114, 1113, 262, 9.35%, 0, 0, 2, 38.09, 6129, 107032
1605223124, 0, 1, 1115, 1114, 262, 9.35%, 0, 0, 2, 39.25, 6129, 107232
1605223134, 0, 1, 1116, 1115, 262, 9.35%, 0, 0, 2, 37.94, 6129, 107617
1605223144, 0, 1, 1117, 1116, 262, 9.35%, 0, 0, 2, 38.05, 6129, 108014
1605223149, 0, 1, 1118, 1117, 262, 9.35%, 0, 0, 2, 37.01, 6129, 108198
1605223164, 0, 1, 1119, 1118, 262, 9.35%, 0, 0, 2, 38.11, 6130, 108774
1605223184, 0, 1, 1120, 1119, 262, 9.35%, 0, 0, 2, 38.97, 6130, 109559
1605223195, 0, 1, 1121, 1120, 262, 9.36%, 0, 0, 2, 38.92, 6131, 109960
1605223225, 0, 1, 1122, 1121, 262, 9.36%, 0, 0, 2, 38.39, 6131, 111121
1605223276, 0, 1, 1123, 1122, 262, 9.36%, 0, 0, 2, 37.09, 6131, 113032
1605223357, 0, 1, 1124, 1123, 262, 9.36%, 0, 0, 2, 38.62, 6132, 116121
1605223367, 0, 1, 1125, 1124, 262, 9.36%, 0, 0, 2, 38.25, 6133, 116508
1605223433, 0, 1, 1126, 1125, 262, 9.36%, 0, 0, 2, 38.26, 6134, 119016
1605223473, 0, 1, 1127, 1126, 262, 9.36%, 0, 0, 2, 38.31, 6134, 120619
1605223494, 0, 1, 1128, 1127, 262, 9.36%, 0, 0, 2, 37.86, 6134, 121387
1605223514, 0, 1, 1129, 1128, 262, 9.36%, 0, 0, 2, 38.22, 6134, 122155
1605223524, 0, 1, 1130, 1129, 262, 9.36%, 0, 0, 2, 37.90, 6134, 122539
1605223529, 0, 1, 1133, 1132, 262, 9.36%, 0, 0, 2, 38.18, 6134, 122731
1605223564, 0, 1, 1134, 1133, 262, 9.36%, 0, 0, 2, 38.19, 6135, 124067
1605223574, 0, 1, 1135, 1134, 262, 9.36%, 0, 0, 2, 38.16, 6135, 124451
1605223595, 0, 1, 1136, 1135, 262, 9.36%, 0, 0, 2, 37.94, 6135, 125219
1605223600, 0, 1, 1137, 1136, 262, 9.36%, 0, 0, 2, 38.02, 6136, 125411
1605223610, 0, 1, 1138, 1137, 262, 9.36%, 0, 0, 2, 37.48, 6137, 125781
1605223615, 0, 1, 1139, 1138, 262, 9.36%, 0, 0, 2, 37.63, 6137, 125973
1605223666, 0, 1, 1140, 1139, 262, 9.36%, 0, 0, 2, 37.96, 6137, 127864
1605223671, 0, 1, 1141, 1140, 262, 9.37%, 0, 0, 2, 37.39, 6138, 128054
1605223702, 0, 1, 1142, 1141, 262, 9.37%, 0, 0, 2, 38.53, 6138, 129270
1605223712, 0, 1, 1143, 1142, 262, 9.37%, 0, 0, 2, 37.85, 6138, 129654
1605223844, 0, 1, 1144, 1143, 262, 9.37%, 0, 0, 2, 38.36, 6138, 134750
1605223905, 0, 1, 1145, 1144, 262, 9.37%, 0, 0, 2, 38.41, 6138, 137074
1605223955, 0, 1, 1146, 1145, 262, 9.37%, 0, 0, 2, 38.16, 6139, 139002
1605223960, 0, 1, 1147, 1146, 262, 9.37%, 0, 0, 2, 38.12, 6140, 139194
1605224036, 0, 1, 1149, 1148, 262, 9.37%, 0, 0, 2, 38.24, 6141, 142098
1605224057, 0, 1, 1150, 1149, 262, 9.37%, 0, 0, 2, 38.33, 6142, 142902
1605224097, 0, 1, 1151, 1150, 262, 9.37%, 0, 0, 2, 37.99, 6143, 144447
1605224158, 0, 1, 1152, 1151, 262, 9.38%, 0, 0, 2, 37.85, 6144, 146767
1605224168, 0, 1, 1153, 1152, 262, 9.38%, 0, 0, 2, 38.82, 6145, 147167
1605224174, 0, 1, 1154, 1153, 262, 9.38%, 0, 0, 2, 37.68, 6145, 147359
1605224194, 0, 1, 1155, 1154, 262, 9.38%, 0, 0, 2, 37.92, 6146, 148135
1605224199, 0, 1, 1156, 1155, 262, 9.38%, 0, 0, 2, 38.40, 6147, 148328
1605224214, 0, 1, 1157, 1156, 262, 9.38%, 0, 0, 2, 38.35, 6148, 148904
1605224300, 0, 1, 1158, 1157, 262, 9.38%, 0, 0, 2, 38.19, 6149, 152216
1605224341, 0, 1, 1160, 1159, 262, 9.39%, 0, 0, 2, 38.69, 6151, 153776
1605224499, 0, 1, 1161, 1160, 262, 9.39%, 0, 0, 2, 38.53, 6152, 159772
1605224519, 0, 1, 1162, 1161, 262, 9.39%, 0, 0, 2, 39.43, 6153, 160575
1605224570, 0, 1, 1163, 1162, 262, 9.39%, 0, 0, 2, 39.10, 6153, 162571
1605224775, 0, 1, 1164, 1163, 262, 9.39%, 0, 0, 2, 39.21, 6154, 170524
1605224790, 0, 1, 1169, 1168, 262, 9.42%, 0, 0, 2, 38.50, 6176, 171108
1605224795, 0, 1, 1170, 1169, 262, 9.42%, 0, 0, 2, 38.31, 6176, 171300
1605224832, 0, 1, 1171, 1170, 262, 9.43%, 0, 0, 2, 38.98, 6177, 172692
1605224872, 0, 1, 1172, 1171, 262, 9.43%, 0, 0, 2, 39.11, 6177, 174276
1605224960, 0, 1, 1173, 1172, 262, 9.43%, 0, 0, 2, 38.62, 6177, 177673
1605224970, 0, 1, 1175, 1174, 262, 9.43%, 0, 0, 2, 39.22, 6180, 178076
1605224975, 0, 1, 1177, 1176, 262, 9.43%, 0, 0, 2, 39.52, 6183, 178281
1605225016, 0, 1, 1178, 1177, 262, 9.44%, 0, 0, 2, 39.02, 6184, 179849
1605225052, 0, 1, 1179, 1178, 262, 9.44%, 0, 0, 2, 38.84, 6184, 181249
1605225057, 0, 1, 1180, 1179, 262, 9.44%, 0, 0, 2, 38.94, 6185, 181449
1605225159, 0, 1, 1181, 1180, 262, 9.44%, 0, 0, 2, 38.75, 6186, 185422
1605225277, 0, 1, 1182, 1181, 262, 9.44%, 0, 0, 2, 38.95, 6186, 190000
1605225421, 0, 1, 1183, 1182, 262, 9.44%, 0, 0, 2, 42.72, 6186, 195625
1605225426, 0, 1, 1184, 1183, 262, 9.44%, 0, 0, 2, 40.27, 6187, 195832
1605225462, 0, 1, 1185, 1184, 262, 9.44%, 0, 0, 2, 37.74, 6187, 197339
1605225533, 0, 1, 1186, 1185, 262, 9.44%, 0, 0, 2, 39.11, 6188, 200115
1605225569, 0, 1, 1187, 1186, 262, 9.44%, 0, 0, 2, 38.93, 6188, 201548
1605225616, 0, 1, 1188, 1187, 262, 9.45%, 0, 0, 2, 39.23, 6192, 203343
1605225892, 0, 1, 1189, 1188, 262, 9.45%, 0, 0, 2, 38.36, 6192, 214003
1605225907, 0, 1, 1190, 1189, 262, 9.45%, 0, 0, 2, 38.35, 6193, 214595
1605226101, 0, 1, 1191, 1190, 262, 9.45%, 0, 0, 2, 39.47, 6193, 222171
1605226111, 0, 1, 1192, 1191, 262, 9.45%, 0, 0, 2, 40.46, 6193, 222579
1605226131, 0, 1, 1193, 1192, 262, 9.45%, 0, 0, 2, 38.26, 6194, 223371
1605226193, 0, 1, 1194, 1193, 262, 9.45%, 0, 0, 2, 38.58, 6194, 225757
1605226229, 0, 1, 1196, 1195, 262, 9.46%, 0, 0, 2, 37.83, 6197, 227171
1605226332, 0, 1, 1197, 1196, 262, 9.46%, 0, 0, 2, 37.96, 6197, 231131
1605226337, 0, 1, 1198, 1197, 262, 9.46%, 0, 0, 2, 40.81, 6198, 231347
1605226347, 0, 1, 1199, 1198, 262, 9.46%, 0, 0, 2, 39.70, 6198, 231770
1605226363, 0, 1, 1200, 1199, 262, 9.46%, 0, 0, 2, 44.55, 6199, 232397
1605226460, 0, 1, 1201, 1200, 262, 9.46%, 0, 0, 2, 39.04, 6200, 236213
1605226465, 0, 1, 1202, 1201, 262, 9.46%, 0, 0, 2, 39.16, 6200, 236416
1605226486, 0, 1, 1204, 1203, 262, 9.46%, 0, 0, 2, 39.97, 6201, 237225
1605226542, 0, 1, 1205, 1204, 262, 9.46%, 0, 0, 2, 39.93, 6201, 239422
1605226573, 0, 1, 1207, 1206, 262, 9.46%, 0, 0, 2, 39.06, 6201, 240624
1605226829, 0, 1, 1208, 1207, 262, 9.46%, 0, 0, 2, 39.58, 6201, 250567
1605226845, 0, 1, 1209, 1208, 262, 9.46%, 0, 0, 2, 38.94, 6201, 251162
1605226865, 0, 1, 1210, 1209, 262, 9.46%, 0, 0, 2, 38.95, 6201, 251963
1605226881, 0, 1, 1211, 1210, 262, 9.46%, 0, 0, 2, 38.93, 6202, 252563
1605226886, 0, 1, 1212, 1211, 262, 9.47%, 0, 0, 2, 39.06, 6203, 252763
1605226906, 0, 1, 1213, 1212, 262, 9.47%, 0, 0, 2, 39.00, 6204, 253547
1605226998, 0, 1, 1214, 1213, 262, 9.47%, 0, 0, 2, 39.02, 6204, 257116
1605227065, 0, 1, 1215, 1214, 262, 9.47%, 0, 0, 2, 38.89, 6204, 259739
1605227126, 0, 1, 1216, 1215, 262, 9.47%, 0, 0, 2, 38.77, 6205, 262091
1605227147, 0, 1, 1217, 1216, 262, 9.47%, 0, 0, 2, 39.09, 6205, 262891
1605227259, 0, 1, 1218, 1217, 262, 9.47%, 0, 0, 2, 40.20, 6206, 267371
1605227392, 0, 1, 1219, 1218, 262, 9.47%, 0, 0, 2, 38.84, 6207, 272542
1605227449, 0, 1, 1220, 1219, 262, 9.47%, 0, 0, 2, 39.61, 6207, 274764
1605228042, 0, 1, 1222, 1221, 262, 9.47%, 0, 0, 2, 39.50, 6207, 298035
1605228338, 0, 1, 1231, 1230, 262, 9.47%, 0, 0, 2, 41.86, 6207, 309768
1605228343, 0, 1, 1245, 1244, 262, 9.47%, 0, 0, 2, 44.18, 6208, 310002
1605228348, 0, 1, 1256, 1255, 262, 9.48%, 0, 0, 2, 42.02, 6211, 310212
1605228353, 0, 1, 1266, 1265, 262, 9.48%, 0, 0, 2, 43.53, 6211, 310431
1605228358, 0, 1, 1277, 1276, 262, 9.48%, 0, 0, 2, 42.08, 6211, 310643
1605228363, 0, 1, 1285, 1284, 262, 9.48%, 0, 0, 2, 45.07, 6211, 310868
1605228368, 0, 1, 1293, 1292, 262, 9.48%, 0, 0, 2, 43.39, 6211, 311086
1605228373, 0, 1, 1301, 1300, 262, 9.49%, 0, 0, 2, 44.75, 6218, 311315
1605228378, 0, 1, 1308, 1307, 262, 9.49%, 0, 0, 2, 44.36, 6218, 311540
1605228383, 0, 1, 1316, 1315, 262, 9.49%, 0, 0, 2, 44.84, 6218, 311764
1605228388, 0, 1, 1321, 1320, 262, 9.49%, 0, 0, 2, 45.28, 6218, 311999
1605228393, 0, 1, 1326, 1325, 262, 9.49%, 0, 0, 2, 45.36, 6219, 312227
1605228398, 0, 1, 1331, 1330, 262, 9.50%, 0, 0, 2, 45.78, 6223, 312456
1605228404, 0, 1, 1337, 1336, 262, 9.50%, 0, 0, 2, 45.30, 6223, 312683
1605228409, 0, 1, 1342, 1341, 262, 9.50%, 0, 0, 2, 43.33, 6223, 312904
1605228414, 0, 1, 1350, 1349, 262, 9.51%, 0, 0, 2, 43.93, 6234, 313128
1605228419, 0, 1, 1352, 1351, 262, 9.51%, 0, 0, 2, 44.52, 6235, 313350
1605228424, 0, 1, 1359, 1358, 262, 9.52%, 0, 0, 2, 44.32, 6237, 313575
1605228429, 0, 1, 1364, 1363, 262, 9.52%, 0, 0, 2, 47.67, 6240, 313818
1605228434, 0, 1, 1368, 1367, 262, 9.52%, 0, 0, 2, 45.96, 6240, 314045
1605228439, 0, 1, 1373, 1372, 262, 9.53%, 0, 0, 2, 44.48, 6247, 314270
1605228444, 0, 1, 1376, 1375, 262, 9.53%, 0, 0, 2, 44.66, 6247, 314500
1605228449, 0, 1, 1380, 1379, 262, 9.54%, 0, 0, 2, 45.39, 6249, 314734
1605228454, 0, 1, 1383, 1382, 262, 9.54%, 0, 0, 2, 44.97, 6249, 314959
1605228459, 0, 1, 1386, 1385, 262, 9.54%, 0, 0, 2, 46.81, 6253, 315197
1605228464, 0, 1, 1388, 1387, 262, 9.54%, 0, 0, 2, 45.52, 6253, 315424
1605228470, 0, 1, 1394, 1393, 262, 9.54%, 0, 0, 2, 44.53, 6254, 315650
1605228475, 0, 1, 1396, 1395, 262, 9.54%, 0, 0, 2, 44.19, 6255, 315877
1605228480, 0, 1, 1399, 1398, 262, 9.54%, 0, 0, 2, 46.67, 6255, 316117
1605228485, 0, 1, 1401, 1400, 262, 9.54%, 0, 0, 2, 44.83, 6255, 316339
1605228490, 0, 1, 1405, 1404, 262, 9.55%, 0, 0, 2, 45.33, 6259, 316565
1605228495, 0, 1, 1408, 1407, 262, 9.55%, 0, 0, 2, 45.46, 6259, 316795
1605228500, 0, 1, 1411, 1410, 262, 9.56%, 0, 0, 2, 43.56, 6262, 317020
1605228505, 0, 1, 1415, 1414, 262, 9.56%, 0, 0, 2, 42.81, 6262, 317237
1605228510, 0, 1, 1419, 1418, 262, 9.56%, 0, 0, 2, 44.43, 6263, 317460
1605228515, 0, 1, 1421, 1420, 262, 9.56%, 0, 0, 2, 44.50, 6263, 317687
1605228520, 0, 1, 1423, 1422, 262, 9.56%, 0, 0, 2, 46.70, 6263, 317927
1605228525, 0, 1, 1426, 1425, 262, 9.56%, 0, 0, 2, 45.76, 6263, 318152
1605228530, 0, 1, 1429, 1428, 262, 9.56%, 0, 0, 2, 53.29, 6265, 318412
1605228535, 0, 1, 1431, 1430, 262, 9.56%, 0, 0, 2, 47.27, 6266, 318643
1605228551, 0, 1, 1433, 1432, 262, 9.56%, 0, 0, 2, 44.45, 6266, 319332
1605228556, 0, 1, 1435, 1434, 262, 9.56%, 0, 0, 2, 44.40, 6266, 319555
1605228566, 0, 1, 1439, 1438, 262, 9.56%, 0, 0, 2, 44.69, 6267, 320015
1605228571, 0, 1, 1442, 1441, 262, 9.57%, 0, 0, 2, 45.22, 6273, 320244
1605228576, 0, 1, 1443, 1442, 262, 9.57%, 0, 0, 2, 46.08, 6273, 320477
1605228581, 0, 1, 1446, 1445, 262, 9.57%, 0, 0, 2, 45.60, 6273, 320708
1605228596, 0, 1, 1452, 1451, 262, 9.57%, 0, 0, 2, 43.72, 6274, 321393
1605228601, 0, 1, 1456, 1455, 262, 9.57%, 0, 0, 2, 45.76, 6274, 321628
1605228607, 0, 1, 1460, 1459, 262, 9.58%, 0, 0, 2, 45.86, 6276, 321859
1605228612, 0, 1, 1463, 1462, 262, 9.58%, 0, 0, 2, 45.20, 6276, 322087
1605228617, 0, 1, 1464, 1463, 262, 9.58%, 0, 0, 2, 42.63, 6276, 322304
1605228622, 0, 1, 1465, 1464, 262, 9.58%, 0, 0, 2, 43.46, 6276, 322527
1605228627, 0, 1, 1468, 1467, 262, 9.58%, 0, 0, 2, 43.86, 6277, 322750
1605228632, 0, 1, 1469, 1468, 262, 9.58%, 0, 0, 2, 44.73, 6277, 322982
1605228637, 0, 1, 1470, 1469, 262, 9.58%, 0, 0, 2, 43.47, 6277, 323208
1605228647, 0, 1, 1473, 1472, 262, 9.58%, 0, 0, 2, 44.18, 6278, 323657
1605228652, 0, 1, 1475, 1474, 262, 9.58%, 0, 0, 2, 45.92, 6278, 323885
1605228663, 0, 1, 1479, 1478, 262, 9.58%, 0, 0, 2, 46.89, 6280, 324368
1605228668, 0, 1, 1481, 1480, 262, 9.59%, 0, 0, 2, 45.58, 6282, 324595
1605228673, 0, 1, 1482, 1481, 262, 9.59%, 0, 0, 2, 45.01, 6282, 324824
1605228678, 0, 1, 1485, 1484, 262, 9.59%, 0, 0, 2, 45.28, 6283, 325056
1605228688, 0, 1, 1486, 1485, 262, 9.59%, 0, 0, 2, 45.05, 6283, 325514
1605228693, 0, 1, 1492, 1491, 262, 9.59%, 0, 0, 2, 45.64, 6285, 325742
1605228698, 0, 1, 1496, 1495, 262, 9.59%, 0, 0, 2, 47.84, 6285, 325981
1605228703, 0, 1, 1497, 1496, 262, 9.59%, 0, 0, 2, 44.67, 6285, 326202
1605228708, 0, 1, 1498, 1497, 262, 9.59%, 0, 0, 2, 46.12, 6285, 326437
1605228713, 0, 1, 1501, 1500, 262, 9.59%, 0, 0, 2, 46.06, 6285, 326670
1605228718, 0, 1, 1502, 1501, 262, 9.59%, 0, 0, 2, 47.03, 6286, 326912
1605228723, 0, 1, 1503, 1502, 262, 9.59%, 0, 0, 2, 46.08, 6286, 327147
1605228728, 0, 1, 1506, 1505, 262, 9.59%, 0, 0, 2, 44.58, 6286, 327378
1605228739, 0, 1, 1508, 1507, 262, 9.59%, 0, 0, 2, 45.10, 6286, 327840
1605228744, 0, 1, 1510, 1509, 262, 9.59%, 0, 0, 2, 45.67, 6286, 328069
1605228749, 0, 1, 1511, 1510, 262, 9.59%, 0, 0, 2, 45.65, 6286, 328298
1605228754, 0, 1, 1515, 1514, 262, 9.59%, 0, 0, 2, 46.14, 6286, 328531
1605228759, 0, 1, 1516, 1515, 262, 9.59%, 0, 0, 2, 45.06, 6286, 328756
1605228764, 0, 2, 1532, 1530, 293, 9.63%, 0, 0, 2, 314.95, 6311, 330306
1605228774, 0, 2, 1536, 1534, 293, 9.63%, 0, 0, 2, 311.87, 6314, 333460
1605228779, 0, 2, 1539, 1537, 293, 9.64%, 0, 0, 2, 315.47, 6317, 335040
1605228784, 0, 2, 1544, 1542, 293, 9.69%, 0, 0, 2, 304.92, 6350, 336568
1605228794, 0, 2, 1545, 1543, 293, 9.69%, 0, 0, 2, 311.45, 6350, 339710
1605228799, 0, 2, 1565, 1563, 293, 9.69%, 0, 0, 2, 333.57, 6352, 341437
1605228804, 0, 2, 1575, 1573, 293, 9.69%, 0, 0, 2, 343.01, 6353, 343229
1605228809, 0, 2, 1583, 1581, 293, 9.70%, 0, 0, 2, 343.85, 6355, 344953
1605228815, 0, 2, 1587, 1585, 293, 9.70%, 0, 0, 2, 343.18, 6359, 346733
1605228820, 0, 2, 1589, 1587, 293, 9.70%, 0, 0, 2, 343.43, 6359, 348459
1605228825, 0, 2, 1593, 1591, 293, 9.70%, 0, 0, 2, 343.90, 6360, 350189
1605228830, 0, 2, 1597, 1595, 293, 9.70%, 0, 0, 2, 343.79, 6360, 351973
1605228835, 0, 18, 1598, 1595, 307, 9.70%, 0, 0, 2, 319.50, 6360, 353600
1605228840, 0, 18, 1599, 1596, 307, 9.71%, 0, 0, 3, 291.47, 6361, 355023
1605228870, 0, 18, 1600, 1597, 307, 9.71%, 0, 0, 3, 278.82, 6362, 363407
1605228901, 0, 18, 1601, 1598, 307, 9.71%, 0, 0, 3, 269.36, 6363, 371525
1605228916, 0, 18, 1602, 1599, 307, 9.71%, 0, 0, 3, 265.92, 6364, 375749
1605228921, 0, 18, 1603, 1600, 307, 9.72%, 0, 0, 3, 254.76, 6370, 377017
1605228931, 0, 18, 1604, 1601, 307, 9.72%, 0, 0, 3, 251.10, 6370, 379580
1605228936, 0, 18, 1605, 1602, 307, 9.72%, 0, 0, 3, 255.41, 6370, 380858
1605228941, 0, 18, 1606, 1603, 307, 9.72%, 0, 0, 3, 253.40, 6370, 382131
1605228946, 0, 18, 1607, 1604, 307, 9.72%, 0, 0, 3, 250.95, 6370, 383385
1605228961, 0, 18, 1608, 1605, 307, 9.72%, 0, 0, 3, 248.60, 6370, 387192
1605228976, 0, 18, 1609, 1606, 307, 9.72%, 0, 0, 3, 252.38, 6370, 391015
1605228981, 0, 21, 1610, 1606, 307, 9.72%, 0, 0, 3, 204.21, 6370, 392099
1605229100, 0, 21, 1611, 1607, 307, 9.72%, 0, 0, 3, 113.52, 6371, 405808
1605229146, 0, 21, 1612, 1608, 307, 9.72%, 0, 0, 3, 115.15, 6371, 411098
1605229176, 0, 21, 1613, 1609, 307, 9.72%, 0, 0, 3, 115.39, 6372, 414682
1605229197, 0, 21, 1614, 1610, 307, 9.72%, 0, 0, 3, 113.84, 6373, 416989
1605229290, 0, 21, 1615, 1611, 307, 9.72%, 0, 0, 3, 115.07, 6373, 427724
1605229331, 0, 21, 1616, 1612, 307, 9.73%, 0, 0, 3, 115.04, 6374, 432526
1605229377, 0, 21, 1617, 1613, 307, 9.73%, 0, 0, 3, 112.33, 6375, 437857
1605229408, 0, 21, 1618, 1614, 307, 9.73%, 0, 0, 3, 117.59, 6376, 441421
1605229464, 0, 21, 1620, 1616, 307, 9.73%, 0, 0, 3, 125.28, 6376, 447999
1605229469, 0, 21, 1621, 1617, 307, 9.73%, 0, 0, 3, 127.62, 6376, 448641
1605229480, 0, 21, 1622, 1618, 307, 9.73%, 0, 0, 3, 130.67, 6376, 449993
1605229485, 0, 21, 1623, 1619, 307, 9.73%, 0, 0, 3, 130.84, 6376, 450673
1605229490, 0, 21, 1624, 1620, 307, 9.73%, 0, 0, 3, 125.39, 6376, 451311
1605229495, 0, 21, 1626, 1622, 307, 9.83%, 0, 0, 3, 126.22, 6440, 451965
1605229505, 0, 21, 1627, 1623, 307, 9.83%, 0, 0, 3, 128.05, 6441, 453259
1605229511, 0, 21, 1628, 1624, 307, 9.83%, 0, 0, 3, 127.18, 6441, 453917
1605229516, 0, 21, 1630, 1626, 307, 9.83%, 0, 0, 3, 125.54, 6442, 454543
1605229526, 0, 21, 1632, 1628, 307, 9.83%, 0, 0, 3, 124.40, 6442, 455827
1605229536, 0, 21, 1635, 1631, 307, 9.83%, 0, 0, 3, 125.39, 6442, 457131
1605229541, 0, 21, 1638, 1634, 307, 9.83%, 0, 0, 3, 122.54, 6442, 457765
1605229547, 0, 21, 1641, 1637, 307, 9.83%, 0, 0, 3, 128.48, 6442, 458437
1605229552, 0, 21, 1644, 1640, 307, 9.83%, 0, 0, 3, 127.81, 6442, 459081
1605229557, 0, 21, 1647, 1643, 307, 9.83%, 0, 0, 3, 129.00, 6443, 459749
1605229562, 0, 21, 1648, 1644, 307, 9.83%, 0, 0, 3, 128.67, 6443, 460417
1605229572, 0, 21, 1650, 1646, 307, 9.92%, 0, 0, 3, 128.06, 6504, 461713
1605229577, 0, 21, 1652, 1648, 307, 9.92%, 0, 0, 3, 128.23, 6504, 462373
1605229582, 0, 21, 1654, 1650, 307, 9.92%, 0, 0, 3, 128.77, 6504, 463039
1605229588, 0, 21, 1656, 1652, 307, 9.92%, 0, 0, 3, 126.32, 6504, 463693
1605229593, 0, 21, 1657, 1653, 307, 9.92%, 0, 0, 3, 128.63, 6504, 464341
1605229598, 0, 23, 1657, 1652, 309, 9.92%, 0, 0, 3, 118.64, 6504, 464952
1605229798, 0, 23, 1658, 1653, 309, 9.93%, 0, 0, 3, 114.61, 6505, 487929
1605229818, 0, 23, 1659, 1654, 309, 9.93%, 0, 0, 3, 116.07, 6506, 490324
1605230055, 0, 23, 1660, 1655, 309, 9.93%, 0, 0, 3, 115.51, 6507, 517688
1605230080, 0, 23, 1663, 1658, 309, 9.93%, 0, 0, 3, 125.24, 6507, 520726
1605230085, 0, 23, 1665, 1660, 309, 9.93%, 0, 0, 3, 127.71, 6507, 521380
1605230090, 0, 23, 1666, 1661, 309, 9.93%, 0, 0, 3, 126.39, 6507, 522032
1605230096, 0, 23, 1667, 1662, 309, 9.93%, 0, 0, 3, 127.02, 6508, 522690
1605230101, 0, 23, 1668, 1663, 309, 9.93%, 0, 0, 3, 127.53, 6508, 523328
1605230106, 0, 23, 1669, 1664, 309, 9.93%, 0, 0, 3, 129.41, 6508, 523994
1605230111, 0, 23, 1672, 1667, 309, 9.93%, 0, 0, 3, 126.39, 6508, 524650
1605230121, 0, 23, 1674, 1669, 309, 9.93%, 0, 0, 3, 127.25, 6508, 525958
1605230126, 0, 23, 1677, 1672, 309, 9.93%, 0, 0, 3, 128.47, 6509, 526626
1605230132, 0, 23, 1678, 1673, 309, 9.93%, 0, 0, 3, 127.27, 6509, 527288
1605230142, 0, 23, 1679, 1674, 309, 9.93%, 0, 0, 3, 127.05, 6509, 528606
1605230147, 0, 23, 1683, 1678, 309, 9.93%, 0, 0, 3, 128.16, 6509, 529268
1605230157, 0, 23, 1684, 1679, 309, 9.93%, 0, 0, 3, 128.90, 6509, 530598
1605230163, 0, 23, 1685, 1680, 309, 9.93%, 0, 0, 3, 130.25, 6509, 531266
1605230173, 0, 23, 1687, 1682, 309, 9.93%, 0, 0, 3, 130.93, 6510, 532628
1605230178, 0, 23, 1689, 1684, 309, 10.08%, 0, 0, 3, 128.67, 6607, 533290
1605230189, 0, 23, 1691, 1686, 309, 10.08%, 0, 0, 3, 126.32, 6607, 534606
1605230194, 0, 23, 1692, 1687, 309, 10.08%, 0, 0, 3, 128.90, 6607, 535278
1605230199, 0, 23, 1693, 1688, 309, 10.08%, 0, 0, 3, 129.50, 6607, 535946
1605230204, 0, 28, 1694, 1688, 305, 10.08%, 0, 0, 3, 137.63, 6607, 536642
1605230214, 0, 28, 1695, 1689, 305, 10.08%, 0, 0, 3, 250.62, 6608, 539315
1605230429, 0, 28, 1698, 1692, 305, 10.08%, 0, 0, 3, 238.87, 6609, 594358
1605230444, 0, 28, 1702, 1696, 305, 10.08%, 0, 0, 3, 199.92, 6609, 597386
1605230449, 0, 28, 1703, 1697, 305, 10.08%, 0, 0, 3, 199.87, 6609, 598390
1605230454, 0, 28, 1704, 1698, 305, 10.08%, 0, 0, 3, 196.50, 6609, 599369
1605230459, 0, 28, 1705, 1699, 305, 10.08%, 0, 0, 3, 205.26, 6609, 600414
1605230464, 0, 28, 1706, 1700, 305, 10.09%, 0, 0, 3, 197.43, 6610, 601431
1605230469, 0, 28, 1707, 1701, 305, 10.09%, 0, 0, 3, 197.10, 6614, 602444
1605230474, 0, 28, 1711, 1705, 305, 10.10%, 0, 0, 3, 197.14, 6616, 603439
1605230485, 0, 28, 1714, 1708, 305, 10.10%, 0, 0, 3, 201.88, 6617, 605466
1605230490, 0, 28, 1715, 1709, 305, 10.10%, 0, 0, 3, 197.34, 6618, 606464
1605230495, 0, 28, 1716, 1710, 305, 10.10%, 0, 0, 3, 200.97, 6618, 607478
1605230505, 0, 28, 1720, 1714, 305, 10.10%, 0, 0, 3, 189.65, 6619, 609479
1605230510, 0, 28, 1722, 1716, 305, 10.10%, 0, 0, 3, 198.92, 6619, 610509
1605230515, 0, 30, 1723, 1716, 307, 10.10%, 0, 0, 3, 136.77, 6620, 611171
1605230557, 0, 30, 1724, 1717, 307, 10.10%, 0, 0, 3, 116.86, 6621, 615966
1605230572, 0, 30, 1725, 1718, 307, 10.10%, 0, 0, 3, 115.48, 6622, 617768
1605230587, 0, 30, 1727, 1720, 307, 10.11%, 0, 0, 3, 115.81, 6625, 619584
1605230690, 0, 30, 1728, 1721, 307, 10.11%, 0, 0, 3, 116.13, 6625, 631426
1605230700, 0, 30, 1729, 1722, 307, 10.11%, 0, 0, 3, 116.36, 6626, 632632
1605230834, 0, 30, 1730, 1723, 307, 10.11%, 0, 0, 3, 116.59, 6627, 648112
1605231009, 0, 30, 1731, 1724, 307, 10.12%, 0, 0, 3, 123.89, 6629, 668374
1605231014, 0, 30, 1734, 1727, 307, 10.12%, 0, 0, 3, 127.27, 6629, 669044
1605231024, 0, 30, 1735, 1728, 307, 10.12%, 0, 0, 3, 136.34, 6629, 670428
1605231029, 0, 30, 1736, 1729, 307, 10.12%, 0, 0, 3, 130.94, 6630, 671102
1605231035, 0, 30, 1738, 1731, 307, 10.12%, 0, 0, 3, 132.62, 6630, 671790
1605231040, 0, 30, 1741, 1734, 307, 10.12%, 0, 0, 3, 133.47, 6631, 672486
1605231045, 0, 30, 1745, 1738, 307, 10.12%, 0, 0, 3, 132.07, 6632, 673160
1605231050, 0, 30, 1746, 1739, 307, 10.12%, 0, 0, 3, 133.78, 6632, 673860
1605231055, 0, 30, 1748, 1741, 307, 10.12%, 0, 0, 3, 134.46, 6632, 674560
1605231061, 0, 30, 1752, 1745, 307, 10.12%, 0, 0, 3, 131.68, 6635, 675236
1605231066, 0, 30, 1754, 1747, 307, 10.12%, 0, 0, 3, 133.95, 6635, 675932
1605231071, 0, 30, 1755, 1748, 307, 10.12%, 0, 0, 3, 135.95, 6635, 676636
1605231081, 0, 30, 1757, 1750, 307, 10.12%, 0, 0, 3, 133.23, 6635, 677988
1605231086, 0, 30, 1758, 1751, 307, 10.12%, 0, 0, 3, 133.64, 6635, 678674
1605231097, 0, 30, 1760, 1753, 307, 10.12%, 0, 0, 3, 130.97, 6635, 680036
1605231102, 0, 30, 1761, 1754, 307, 10.12%, 0, 0, 3, 131.58, 6635, 680720
1605231107, 0, 30, 1762, 1755, 307, 10.12%, 0, 0, 3, 129.76, 6635, 681384
1605231112, 0, 30, 1763, 1756, 307, 10.12%, 0, 0, 3, 130.21, 6635, 682062
1605231122, 0, 30, 1764, 1757, 307, 10.12%, 0, 0, 3, 134.61, 6635, 683460
1605231133, 0, 44, 1765, 1757, 318, 10.13%, 0, 0, 3, 133.50, 6638, 684844
1605231138, 0, 44, 1766, 1758, 318, 10.13%, 0, 0, 3, 120.60, 6639, 685451
1605231194, 0, 44, 1767, 1759, 318, 10.13%, 0, 0, 3, 115.48, 6640, 691966
1605231215, 0, 44, 1768, 1760, 318, 10.13%, 0, 0, 3, 115.97, 6641, 694400
1605231281, 0, 44, 1769, 1761, 318, 10.13%, 0, 0, 3, 116.16, 6642, 701972
1605231477, 0, 44, 1770, 1762, 318, 10.14%, 0, 0, 3, 116.66, 6643, 724724
1605231514, 0, 44, 1771, 1763, 318, 10.14%, 0, 0, 3, 116.66, 6643, 728954
1605231575, 0, 44, 1772, 1764, 318, 10.14%, 0, 0, 3, 115.42, 6643, 736118
1605231637, 0, 65, 1772, 1763, 318, 10.14%, 0, 0, 3, 120.56, 6643, 743352
1605231714, 0, 65, 1773, 1764, 318, 10.14%, 0, 0, 3, 116.07, 6644, 752417
1605231941, 0, 65, 1774, 1765, 318, 10.15%, 0, 0, 3, 116.41, 6650, 778577
1605231961, 0, 65, 1775, 1766, 318, 10.15%, 0, 0, 3, 115.71, 6650, 780990
1605231977, 0, 65, 1776, 1767, 318, 10.15%, 0, 0, 3, 117.32, 6651, 782802
1605232132, 0, 65, 1779, 1770, 318, 10.15%, 0, 0, 3, 127.01, 6652, 800882
1605232137, 0, 65, 1781, 1772, 318, 10.15%, 0, 0, 3, 133.87, 6652, 801564
1605232147, 0, 65, 1785, 1776, 318, 10.15%, 0, 0, 3, 131.02, 6653, 802912
1605232152, 0, 65, 1788, 1779, 318, 10.15%, 0, 0, 3, 132.57, 6654, 803600
1605232158, 0, 65, 1789, 1780, 318, 10.15%, 0, 0, 3, 134.22, 6654, 804292
1605232168, 0, 65, 1792, 1783, 318, 10.15%, 0, 0, 3, 131.40, 6655, 805630
1605232173, 0, 65, 1795, 1786, 318, 10.16%, 0, 0, 3, 128.62, 6655, 806294
1605232178, 0, 65, 1798, 1789, 318, 10.16%, 0, 0, 3, 130.65, 6658, 806976
1605232188, 0, 65, 1800, 1791, 318, 10.16%, 0, 0, 3, 135.55, 6658, 808368
1605232199, 0, 65, 1803, 1794, 318, 10.16%, 0, 0, 3, 131.79, 6658, 809740
1605232204, 0, 65, 1804, 1795, 318, 10.16%, 0, 0, 3, 132.40, 6658, 810422
1605232214, 0, 65, 1805, 1796, 318, 10.16%, 0, 0, 3, 132.76, 6658, 811790
1605232235, 0, 65, 1808, 1799, 318, 10.16%, 0, 0, 3, 132.58, 6658, 814546
1605232245, 0, 65, 1809, 1800, 318, 10.16%, 0, 0, 3, 134.71, 6659, 815936
1605232256, 0, 67, 1811, 1801, 325, 10.17%, 0, 0, 3, 129.81, 6662, 817305
1605232348, 0, 67, 1812, 1802, 325, 10.17%, 0, 0, 3, 113.48, 6663, 828094
1605232646, 0, 67, 1813, 1803, 325, 10.17%, 0, 0, 3, 115.69, 6664, 862805
1605232657, 0, 67, 1814, 1804, 325, 10.17%, 0, 0, 3, 115.98, 6665, 864003
1605232713, 0, 67, 1815, 1805, 325, 10.17%, 0, 0, 3, 116.48, 6666, 870489
1605232754, 0, 67, 1818, 1808, 325, 10.17%, 0, 0, 3, 126.58, 6667, 875325
1605232759, 0, 67, 1820, 1810, 325, 10.18%, 0, 0, 3, 133.79, 6674, 876021
1605232769, 0, 67, 1822, 1812, 325, 10.19%, 0, 0, 3, 135.89, 6675, 877415
1605232780, 0, 67, 1824, 1814, 325, 10.19%, 0, 0, 3, 131.81, 6675, 878791
1605232785, 0, 67, 1826, 1816, 325, 10.19%, 0, 0, 3, 134.17, 6678, 879485
1605232790, 0, 67, 1827, 1817, 325, 10.19%, 0, 0, 3, 133.41, 6678, 880175
1605232795, 0, 67, 1829, 1819, 325, 10.19%, 0, 0, 3, 131.81, 6678, 880861
1605232801, 0, 67, 1830, 1820, 325, 10.19%, 0, 0, 3, 135.74, 6678, 881571
1605232806, 0, 67, 1831, 1821, 325, 10.20%, 0, 0, 3, 132.87, 6684, 882253
1605232811, 0, 67, 1833, 1823, 325, 10.20%, 0, 0, 3, 131.35, 6684, 882933
1605232821, 0, 67, 1834, 1824, 325, 10.20%, 0, 0, 3, 135.44, 6684, 884323
1605232826, 0, 67, 1835, 1825, 325, 10.28%, 0, 0, 3, 136.86, 6737, 885033
1605232832, 0, 67, 1837, 1827, 325, 10.28%, 0, 0, 3, 136.35, 6737, 885733
1605232837, 0, 67, 1840, 1830, 325, 10.46%, 0, 0, 3, 132.57, 6853, 886415
1605232842, 0, 67, 1843, 1833, 325, 10.46%, 0, 0, 3, 132.51, 6853, 887097
1605232847, 0, 67, 1846, 1836, 325, 10.46%, 0, 0, 3, 131.23, 6853, 887773
1605232857, 0, 67, 1848, 1838, 325, 10.46%, 0, 0, 3, 132.47, 6853, 889145
1605232863, 0, 67, 1850, 1840, 325, 10.46%, 0, 0, 3, 132.89, 6853, 889834
1605232868, 0, 67, 1851, 1841, 325, 10.46%, 0, 0, 3, 130.66, 6853, 890505
1605232878, 0, 71, 1851, 1840, 331, 10.46%, 0, 0, 3, 124.79, 6853, 891846
1605232919, 0, 71, 1852, 1841, 331, 10.46%, 0, 0, 3, 116.50, 6854, 896571
1605233058, 0, 71, 1853, 1842, 331, 10.46%, 0, 0, 3, 116.80, 6855, 912723
1605233156, 0, 71, 1854, 1843, 331, 10.46%, 0, 0, 3, 114.78, 6856, 924056
1605233375, 0, 71, 1855, 1844, 331, 10.46%, 0, 0, 3, 128.45, 6857, 949484
1605233381, 0, 94, 1855, 1843, 332, 10.46%, 0, 0, 3, 127.96, 6857, 950164
1605233519, 0, 94, 1856, 1844, 332, 10.46%, 0, 0, 3, 112.41, 6857, 965980
1605233723, 0, 94, 1857, 1845, 332, 10.46%, 0, 0, 3, 113.39, 6858, 989202
1605233886, 0, 94, 1860, 1848, 332, 10.47%, 0, 0, 3, 129.18, 6859, 1008114
1605233892, 0, 94, 1861, 1849, 332, 10.47%, 0, 0, 3, 129.13, 6859, 1008788
1605233902, 0, 94, 1863, 1851, 332, 10.47%, 0, 0, 3, 133.50, 6859, 1010150
1605233907, 0, 94, 1864, 1852, 332, 10.47%, 0, 0, 3, 132.21, 6859, 1010828
1605233912, 0, 94, 1865, 1853, 332, 10.47%, 0, 0, 3, 131.67, 6859, 1011508
1605233917, 0, 94, 1866, 1854, 332, 10.47%, 0, 0, 3, 132.00, 6859, 1012194
1605233933, 0, 94, 1867, 1855, 332, 10.47%, 0, 0, 3, 131.09, 6859, 1014252
1605233949, 0, 94, 1868, 1856, 332, 10.47%, 0, 0, 3, 133.41, 6859, 1016318
1605233959, 0, 94, 1869, 1857, 332, 10.47%, 0, 0, 3, 132.83, 6859, 1017698
1605233980, 0, 94, 1871, 1859, 332, 10.47%, 0, 0, 3, 132.32, 6859, 1020448
1605233985, 0, 94, 1872, 1860, 332, 10.47%, 0, 0, 3, 130.80, 6859, 1021124
1605234000, 0, 94, 1873, 1861, 332, 10.48%, 0, 0, 3, 133.04, 6865, 1023152
1605234010, 0, 95, 1873, 1860, 329, 10.48%, 0, 0, 3, 122.21, 6865, 1024473
1605234021, 0, 95, 1874, 1861, 329, 10.48%, 0, 0, 3, 114.95, 6866, 1025649
1605234041, 0, 95, 1875, 1862, 329, 10.48%, 0, 0, 3, 117.45, 6867, 1028063
1605234072, 0, 95, 1876, 1863, 329, 10.48%, 0, 0, 3, 115.65, 6868, 1031623
1605234149, 0, 95, 1878, 1865, 329, 10.49%, 0, 0, 3, 114.91, 6876, 1040512
1605234236, 0, 95, 1879, 1866, 329, 10.49%, 0, 0, 3, 115.66, 6877, 1050585
1605234318, 0, 95, 1880, 1867, 329, 10.49%, 0, 0, 3, 115.23, 6878, 1060022
1605234507, 0, 95, 1882, 1869, 329, 10.49%, 0, 0, 3, 126.23, 6878, 1082012
1605234518, 0, 95, 1884, 1871, 329, 10.49%, 0, 0, 3, 134.32, 6878, 1083385
1605234523, 0, 95, 1886, 1873, 329, 10.49%, 0, 0, 3, 134.17, 6878, 1084075
1605234538, 0, 95, 1888, 1875, 329, 10.50%, 0, 0, 3, 133.06, 6882, 1086153
1605234559, 0, 95, 1889, 1876, 329, 10.50%, 0, 0, 3, 136.06, 6882, 1088955
1605234574, 0, 95, 1890, 1877, 329, 10.50%, 0, 0, 3, 132.72, 6883, 1091011
1605234579, 0, 95, 1892, 1879, 329, 10.50%, 0, 0, 3, 134.35, 6883, 1091705
1605234584, 0, 95, 1893, 1880, 329, 10.50%, 0, 0, 3, 131.96, 6883, 1092373
1605234590, 0, 95, 1896, 1883, 329, 10.50%, 0, 0, 3, 135.17, 6883, 1093071
1605234595, 0, 95, 1897, 1884, 329, 10.51%, 0, 0, 3, 132.76, 6885, 1093755
1605234600, 0, 95, 1898, 1885, 329, 10.51%, 0, 0, 3, 132.85, 6885, 1094439
1605234626, 0, 95, 1899, 1886, 329, 10.51%, 0, 0, 3, 131.57, 6885, 1097883
1605234631, 0, 96, 1899, 1885, 336, 10.51%, 0, 0, 3, 123.93, 6885, 1098528
1605234641, 0, 96, 1900, 1886, 336, 10.51%, 0, 0, 3, 118.12, 6886, 1099730
1605234662, 0, 96, 1901, 1887, 336, 10.51%, 0, 0, 3, 116.53, 6887, 1102114
1605234769, 0, 96, 1903, 1889, 336, 10.51%, 0, 0, 3, 115.37, 6890, 1114571
1605235132, 0, 96, 1904, 1890, 336, 10.51%, 0, 0, 3, 131.25, 6890, 1156521
1605235137, 0, 98, 1904, 1889, 338, 10.51%, 0, 0, 3, 121.53, 6890, 1157146
1605235147, 0, 98, 1906, 1891, 338, 10.52%, 0, 0, 3, 117.14, 6892, 1158350
1605235270, 0, 98, 1907, 1892, 338, 10.52%, 0, 0, 3, 114.48, 6893, 1172527
1605235342, 0, 98, 1908, 1893, 338, 10.52%, 0, 0, 3, 115.91, 6893, 1180929
1605235630, 0, 98, 1909, 1894, 338, 10.52%, 0, 0, 3, 116.00, 6894, 1214169
1605235635, 0, 98, 1910, 1895, 338, 10.52%, 0, 0, 3, 129.46, 6894, 1214860
1605235640, 0, 98, 1911, 1896, 338, 10.52%, 0, 0, 3, 133.47, 6894, 1215556
1605235645, 0, 98, 1912, 1897, 338, 10.52%, 0, 0, 3, 134.14, 6894, 1216254
1605235650, 0, 98, 1914, 1899, 338, 10.52%, 0, 0, 3, 131.10, 6895, 1216914
1605235655, 0, 98, 1915, 1900, 338, 10.52%, 0, 0, 3, 134.08, 6895, 1217586
1605235665, 0, 98, 1916, 1901, 338, 10.52%, 0, 0, 3, 130.51, 6895, 1218928
1605235681, 0, 98, 1917, 1902, 338, 10.53%, 0, 0, 3, 134.11, 6900, 1220972
1605235686, 0, 98, 1919, 1904, 338, 10.53%, 0, 0, 3, 131.96, 6900, 1221654
1605235691, 0, 98, 1921, 1906, 338, 10.53%, 0, 0, 3, 131.26, 6900, 1222310
1605235701, 0, 98, 1922, 1907, 338, 10.53%, 0, 0, 3, 132.10, 6900, 1223690
1605235706, 0, 98, 1923, 1908, 338, 10.53%, 0, 0, 3, 133.13, 6900, 1224380
1605235712, 0, 98, 1924, 1909, 338, 10.53%, 0, 0, 3, 135.22, 6900, 1225086
1605235717, 0, 98, 1926, 1911, 338, 10.53%, 0, 0, 3, 130.53, 6900, 1225756
1605235722, 0, 98, 1927, 1912, 338, 10.53%, 0, 0, 3, 132.96, 6900, 1226448
1605235737, 0, 98, 1928, 1913, 338, 10.53%, 0, 0, 3, 132.94, 6901, 1228532
1605235753, 0, 98, 1929, 1914, 338, 10.53%, 0, 0, 3, 130.94, 6902, 1230590
1605235758, 0, 102, 1929, 1913, 341, 10.53%, 0, 0, 3, 123.71, 6902, 1231235
1605235789, 0, 102, 1930, 1914, 341, 10.53%, 0, 0, 3, 115.87, 6903, 1234801
1605236214, 0, 102, 1931, 1915, 341, 10.53%, 0, 0, 3, 111.78, 6904, 1283894
1605236260, 0, 114, 1931, 1914, 341, 10.53%, 0, 0, 3, 118.93, 6904, 1289285
1605236428, 0, 114, 1932, 1915, 341, 10.54%, 0, 0, 3, 115.85, 6905, 1308700
1605236505, 0, 114, 1933, 1916, 341, 10.54%, 0, 0, 3, 114.95, 6905, 1317559
1605236680, 0, 114, 1934, 1917, 341, 10.54%, 0, 0, 3, 115.68, 6906, 1337738
1605236690, 0, 114, 1935, 1918, 341, 10.54%, 0, 0, 3, 114.67, 6907, 1338910
1605236762, 0, 114, 1939, 1922, 341, 10.54%, 0, 0, 3, 130.58, 6907, 1347358
1605236767, 0, 114, 1940, 1923, 341, 10.54%, 0, 0, 3, 132.26, 6908, 1348028
1605236777, 0, 114, 1941, 1924, 341, 10.54%, 0, 0, 3, 130.14, 6908, 1349386
1605236782, 0, 114, 1942, 1925, 341, 10.54%, 0, 0, 3, 132.05, 6908, 1350072
1605236803, 0, 114, 1943, 1926, 341, 10.54%, 0, 0, 3, 131.55, 6908, 1352800
1605236808, 0, 114, 1944, 1927, 341, 10.54%, 0, 0, 3, 133.78, 6908, 1353494
1605236824, 0, 114, 1946, 1929, 341, 10.54%, 0, 0, 3, 131.50, 6909, 1355524
1605236839, 0, 114, 1947, 1930, 341, 10.55%, 0, 0, 3, 132.87, 6910, 1357586
1605236844, 0, 114, 1948, 1931, 341, 10.55%, 0, 0, 3, 134.93, 6915, 1358284
1605236849, 0, 114, 1950, 1933, 341, 10.57%, 0, 0, 3, 132.55, 6927, 1358968
1605236855, 0, 114, 1951, 1934, 341, 10.57%, 0, 0, 3, 131.83, 6928, 1359646
1605236865, 0, 114, 1952, 1935, 341, 10.57%, 0, 0, 3, 133.83, 6928, 1361036
1605236875, 0, 114, 1953, 1936, 341, 10.57%, 0, 0, 3, 131.70, 6928, 1362398
1605236880, 0, 120, 1953, 1935, 345, 10.57%, 0, 0, 3, 127.86, 6928, 1363038
1605236895, 0, 120, 1954, 1936, 345, 10.58%, 0, 0, 3, 115.18, 6934, 1364773
1605236931, 0, 120, 1955, 1937, 345, 10.58%, 0, 0, 3, 115.86, 6935, 1368958
1605237029, 0, 120, 1961, 1943, 345, 10.59%, 0, 0, 3, 116.10, 6940, 1380242
1605237204, 0, 120, 1962, 1944, 345, 10.59%, 0, 0, 3, 116.69, 6941, 1400477
1605237384, 0, 131, 1962, 1943, 351, 10.59%, 0, 0, 3, 122.37, 6941, 1421415
1605237435, 0, 131, 1963, 1944, 351, 10.59%, 0, 0, 3, 115.16, 6941, 1427296
1605237501, 0, 131, 1964, 1945, 351, 10.59%, 0, 0, 3, 113.47, 6941, 1434966
1605237884, 0, 144, 1964, 1944, 354, 10.59%, 0, 0, 3, 125.14, 6941, 1479112
1605237945, 0, 144, 1965, 1945, 354, 10.59%, 0, 0, 3, 112.90, 6942, 1486198
1605238075, 0, 144, 1966, 1946, 354, 10.59%, 0, 0, 3, 116.10, 6943, 1501183
1605238080, 0, 144, 1967, 1947, 354, 10.60%, 0, 0, 3, 116.22, 6944, 1501783
1605238131, 0, 144, 1968, 1948, 354, 10.60%, 0, 0, 3, 114.32, 6945, 1507726
1605238250, 0, 144, 1969, 1949, 354, 10.60%, 0, 0, 3, 116.72, 6946, 1521494
1605238383, 0, 144, 1970, 1950, 354, 10.60%, 0, 0, 3, 127.58, 6946, 1536988
1605238388, 0, 144, 1972, 1952, 354, 10.60%, 0, 0, 3, 130.37, 6948, 1537670
1605238414, 0, 152, 1972, 1951, 359, 10.60%, 0, 0, 3, 122.72, 6950, 1541079
1605238703, 0, 152, 1973, 1952, 359, 10.61%, 0, 0, 3, 114.83, 6951, 1574498
1605238913, 0, 167, 1973, 1951, 359, 10.61%, 0, 0, 3, 119.88, 6951, 1598940
1605239133, 0, 167, 1974, 1952, 359, 10.61%, 0, 0, 3, 118.79, 6952, 1624360
1605239398, 0, 167, 1975, 1953, 359, 10.61%, 0, 0, 3, 130.38, 6952, 1656389
1605239403, 0, 168, 1975, 1952, 358, 10.61%, 0, 0, 3, 139.42, 6952, 1657109
1605239810, 0, 168, 1976, 1953, 358, 10.61%, 0, 0, 3, 122.62, 6953, 1706439
1605239881, 0, 168, 1978, 1955, 358, 10.61%, 0, 0, 3, 133.28, 6953, 1715091
1605239886, 0, 168, 1979, 1956, 358, 10.61%, 0, 0, 3, 138.46, 6954, 1715813
1605239902, 0, 168, 1980, 1957, 358, 10.61%, 0, 0, 3, 139.08, 6954, 1718005
1605239907, 0, 168, 1982, 1959, 358, 10.61%, 0, 0, 3, 138.25, 6954, 1718715
1605239912, 0, 168, 1983, 1960, 358, 10.61%, 0, 0, 3, 139.26, 6954, 1719441
1605239917, 0, 168, 1985, 1962, 358, 10.61%, 0, 0, 3, 138.24, 6954, 1720133
1605239922, 0, 168, 1986, 1963, 358, 10.61%, 0, 0, 3, 138.77, 6954, 1720853
1605239932, 0, 168, 1987, 1964, 358, 10.61%, 0, 0, 3, 141.13, 6955, 1722305
1605239948, 0, 168, 1988, 1965, 358, 10.61%, 0, 0, 3, 140.15, 6956, 1724465
1605239953, 0, 168, 1989, 1966, 358, 10.61%, 0, 0, 3, 139.00, 6956, 1725183
1605239999, 0, 169, 1989, 1965, 361, 10.61%, 0, 0, 3, 126.68, 6956, 1731546
1605240035, 0, 169, 1990, 1966, 361, 10.62%, 0, 0, 3, 120.87, 6958, 1735842
1605240096, 0, 169, 1991, 1967, 361, 10.62%, 0, 0, 3, 117.53, 6959, 1743119
1605240112, 0, 169, 1992, 1968, 361, 10.62%, 0, 0, 3, 117.03, 6960, 1744919
1605240337, 0, 169, 1993, 1969, 361, 10.62%, 0, 0, 3, 115.79, 6961, 1771021
1605240496, 0, 199, 1994, 1969, 361, 10.62%, 0, 0, 3, 120.35, 6962, 1789636
1605240990, 0, 199, 1996, 1971, 361, 10.62%, 0, 0, 3, 123.75, 6962, 1846697
1605240995, 0, 199, 1998, 1973, 361, 10.64%, 0, 0, 3, 132.65, 6974, 1847388
1605241000, 0, 199, 1999, 1974, 361, 10.64%, 0, 0, 3, 132.59, 6974, 1848076
1605241016, 0, 199, 2000, 1975, 361, 10.64%, 0, 0, 3, 133.65, 6974, 1850114
1605241031, 0, 199, 2002, 1977, 361, 10.64%, 0, 0, 3, 132.19, 6975, 1852184
1605241041, 0, 199, 2003, 1978, 361, 10.64%, 0, 0, 3, 134.20, 6975, 1853572
1605241047, 0, 199, 2004, 1979, 361, 10.64%, 0, 0, 3, 132.91, 6975, 1854258
1605241057, 0, 199, 2006, 1981, 361, 10.64%, 0, 0, 3, 134.09, 6976, 1855652
1605241062, 0, 199, 2007, 1982, 361, 10.64%, 0, 0, 3, 133.28, 6976, 1856340
1605241077, 0, 199, 2008, 1983, 361, 10.64%, 0, 0, 3, 134.34, 6976, 1858412
1605241083, 0, 199, 2009, 1984, 361, 10.64%, 0, 0, 3, 133.35, 6976, 1859106
1605241088, 0, 199, 2011, 1986, 361, 10.64%, 0, 0, 3, 130.79, 6976, 1859782
1605241093, 0, 199, 2012, 1987, 361, 10.64%, 0, 0, 3, 132.93, 6976, 1860448
1605241113, 0, 200, 2012, 1986, 364, 10.64%, 0, 0, 3, 128.42, 6976, 1863159
1605241612, 0, 215, 2012, 1985, 363, 10.64%, 0, 0, 3, 123.04, 6976, 1921195
1605241745, 0, 215, 2013, 1986, 363, 10.65%, 0, 0, 3, 115.59, 6977, 1936738
1605242106, 0, 215, 2014, 1987, 363, 10.65%, 0, 0, 3, 120.51, 6977, 1978534
1605242116, 0, 218, 2014, 1986, 364, 10.65%, 0, 0, 3, 119.88, 6977, 1979829
1605242127, 0, 218, 2015, 1987, 364, 10.65%, 0, 0, 3, 116.57, 6979, 1981031
1605242250, 0, 218, 2016, 1988, 364, 10.65%, 0, 0, 3, 112.76, 6980, 1995342
1605242610, 0, 218, 2017, 1989, 364, 11.49%, 0, 0, 3, 127.82, 7531, 2037226
1605242615, 0, 218, 2019, 1991, 364, 11.49%, 0, 0, 3, 131.28, 7531, 2037905
1605242625, 0, 218, 2020, 1992, 364, 11.49%, 0, 0, 3, 134.20, 7531, 2039293
1605242636, 0, 218, 2021, 1993, 364, 11.49%, 0, 0, 3, 131.50, 7531, 2040665
1605242661, 0, 218, 2022, 1994, 364, 11.49%, 0, 0, 3, 132.80, 7532, 2044081
1605242666, 0, 218, 2024, 1996, 364, 11.51%, 0, 0, 3, 131.75, 7541, 2044767
1605242687, 0, 218, 2025, 1997, 364, 11.51%, 0, 0, 3, 133.08, 7541, 2047517
1605242697, 0, 218, 2028, 2000, 364, 11.51%, 0, 0, 3, 133.50, 7542, 2048901
1605242703, 0, 218, 2029, 2001, 364, 11.51%, 0, 0, 3, 134.03, 7542, 2049595
1605242708, 0, 218, 2030, 2002, 364, 11.51%, 0, 0, 3, 131.90, 7542, 2050279
1605242734, 0, 242, 2030, 2001, 367, 11.51%, 0, 0, 3, 124.67, 7542, 2053706
1605243053, 0, 242, 2032, 2003, 367, 11.51%, 0, 0, 3, 116.59, 7544, 2090642
1605243234, 0, 258, 2032, 2002, 367, 11.51%, 0, 0, 3, 120.40, 7544, 2111779
1605243286, 0, 258, 2033, 2003, 367, 11.51%, 0, 0, 3, 115.92, 7545, 2117806
1605243434, 0, 258, 2034, 2004, 367, 11.51%, 0, 0, 3, 115.22, 7546, 2134928
1605243695, 0, 258, 2035, 2005, 367, 11.52%, 0, 0, 3, 115.37, 7547, 2165191
1605243731, 0, 258, 2036, 2006, 367, 11.52%, 0, 0, 3, 129.07, 7547, 2169465
1605243736, 0, 258, 2037, 2007, 367, 11.52%, 0, 0, 3, 131.64, 7547, 2170153
1605243741, 0, 258, 2038, 2008, 367, 11.52%, 0, 0, 3, 132.96, 7547, 2170841
1605243751, 0, 258, 2039, 2009, 367, 11.52%, 0, 0, 3, 135.52, 7553, 2172207
1605243782, 0, 258, 2040, 2010, 367, 11.52%, 0, 0, 3, 131.36, 7553, 2176339
1605243788, 0, 258, 2041, 2011, 367, 11.52%, 0, 0, 3, 133.08, 7553, 2177035
1605243793, 0, 258, 2044, 2014, 367, 11.52%, 0, 0, 3, 131.61, 7553, 2177719
1605243808, 0, 258, 2045, 2015, 367, 11.52%, 0, 0, 3, 136.07, 7553, 2179817
1605243824, 0, 258, 2046, 2016, 367, 11.53%, 0, 0, 3, 136.67, 7554, 2181909
1605243829, 0, 258, 2048, 2018, 367, 11.53%, 0, 0, 3, 133.17, 7554, 2182593
1605243834, 0, 258, 2049, 2019, 367, 11.53%, 0, 0, 3, 133.70, 7554, 2183287
1605243844, 0, 258, 2050, 2020, 367, 11.53%, 0, 0, 3, 134.13, 7554, 2184645
1605243849, 0, 262, 2050, 2019, 369, 11.53%, 0, 0, 3, 129.99, 7554, 2185319
1605244344, 0, 262, 2051, 2020, 369, 11.53%, 0, 0, 3, 121.85, 7554, 2242805
1605244354, 0, 282, 2051, 2019, 368, 11.53%, 0, 0, 3, 121.30, 7554, 2244120
1605244831, 0, 282, 2052, 2020, 368, 11.53%, 0, 0, 3, 115.11, 7554, 2299234
1605244851, 0, 282, 2053, 2021, 368, 11.53%, 0, 0, 3, 129.64, 7554, 2301715
1605244857, 0, 284, 2053, 2020, 368, 11.53%, 0, 0, 3, 126.76, 7554, 2302378
1605245164, 0, 284, 2054, 2021, 368, 11.53%, 0, 0, 3, 116.09, 7554, 2337959
1605245338, 0, 284, 2055, 2022, 368, 11.53%, 0, 0, 3, 113.97, 7555, 2357938
1605245358, 0, 287, 2055, 2021, 368, 11.53%, 0, 0, 3, 120.66, 7555, 2360352
1605245841, 0, 287, 2056, 2022, 368, 11.53%, 0, 0, 3, 115.21, 7555, 2416270
1605245857, 0, 288, 2056, 2021, 368, 11.53%, 0, 0, 3, 124.84, 7555, 2418109
1605245954, 0, 288, 2057, 2022, 368, 11.55%, 0, 0, 3, 113.45, 7571, 2429287
1605245969, 0, 288, 2058, 2023, 368, 11.55%, 0, 0, 3, 113.58, 7572, 2431009
1605246000, 0, 288, 2059, 2024, 368, 11.56%, 0, 0, 3, 114.90, 7573, 2434573
1605246052, 0, 288, 2060, 2025, 368, 11.56%, 0, 0, 3, 115.95, 7573, 2440569
1605246359, 0, 304, 2060, 2024, 368, 11.56%, 0, 0, 3, 126.07, 7573, 2476194
1605246390, 0, 304, 2061, 2025, 368, 11.56%, 0, 0, 3, 114.98, 7574, 2479736
1605246492, 0, 304, 2062, 2026, 368, 11.56%, 0, 0, 3, 114.99, 7575, 2491569
1605246625, 0, 304, 2063, 2027, 368, 11.56%, 0, 0, 3, 118.34, 7576, 2506848
1605246803, 0, 304, 2064, 2028, 368, 11.56%, 0, 0, 3, 114.65, 7577, 2527350
1605246864, 0, 322, 2064, 2027, 368, 11.56%, 0, 0, 3, 120.86, 7577, 2534507
1605247266, 0, 322, 2065, 2028, 368, 11.56%, 0, 0, 3, 115.36, 7578, 2580958
1605247363, 0, 322, 2066, 2029, 368, 11.56%, 0, 0, 3, 127.41, 7578, 2592192
1605247369, 0, 323, 2066, 2028, 368, 11.56%, 0, 0, 3, 124.22, 7578, 2592843
1605247379, 0, 323, 2067, 2029, 368, 11.56%, 0, 0, 3, 115.96, 7579, 2594015
1605247424, 0, 323, 2068, 2030, 368, 11.57%, 0, 0, 3, 114.75, 7580, 2599222
1605247868, 0, 324, 2068, 2029, 367, 11.57%, 0, 0, 3, 127.52, 7580, 2650543
1605247976, 0, 324, 2069, 2030, 367, 11.57%, 0, 0, 3, 115.37, 7580, 2663041
1605248099, 0, 324, 2070, 2031, 367, 11.57%, 0, 0, 3, 115.03, 7580, 2677298
1605248370, 0, 325, 2070, 2030, 367, 11.57%, 0, 0, 3, 127.21, 7580, 2708666
1605248539, 0, 325, 2071, 2031, 367, 11.57%, 0, 0, 3, 115.39, 7581, 2728217
1605248601, 0, 325, 2072, 2032, 367, 11.57%, 0, 0, 3, 116.55, 7582, 2735332
1605248873, 0, 326, 2072, 2031, 367, 11.57%, 0, 0, 3, 123.66, 7582, 2766766
1605249234, 0, 326, 2073, 2032, 367, 11.57%, 0, 0, 3, 114.97, 7583, 2808296
1605249376, 0, 328, 2073, 2031, 366, 11.57%, 0, 0, 3, 123.78, 7583, 2824765
1605249877, 0, 328, 2075, 2033, 366, 11.57%, 0, 0, 3, 129.73, 7583, 2882612
1605249882, 0, 328, 2076, 2034, 366, 11.57%, 0, 0, 3, 132.00, 7583, 2883296
1605249892, 0, 328, 2077, 2035, 366, 11.57%, 0, 0, 3, 133.20, 7583, 2884664
1605249918, 0, 328, 2078, 2036, 366, 11.57%, 0, 0, 3, 135.44, 7583, 2888148
1605249923, 0, 328, 2079, 2037, 366, 11.57%, 0, 0, 3, 133.40, 7584, 2888834
1605249934, 0, 328, 2081, 2039, 366, 11.57%, 0, 0, 3, 132.53, 7584, 2890210
1605249944, 0, 328, 2082, 2040, 366, 11.57%, 0, 0, 3, 133.54, 7584, 2891584
1605249949, 0, 328, 2083, 2041, 366, 11.57%, 0, 0, 3, 135.73, 7584, 2892286
1605249965, 0, 328, 2085, 2043, 366, 11.57%, 0, 0, 3, 133.75, 7584, 2894380
1605249975, 0, 328, 2086, 2044, 366, 11.58%, 0, 0, 3, 134.87, 7591, 2895766
1605249985, 0, 328, 2087, 2045, 366, 11.58%, 0, 0, 3, 134.63, 7591, 2897142
1605249996, 0, 329, 2088, 2045, 366, 11.58%, 0, 0, 3, 129.49, 7592, 2898516
1605250063, 0, 329, 2089, 2046, 366, 11.59%, 0, 0, 3, 115.04, 7593, 2906322
1605250494, 0, 329, 2090, 2047, 366, 11.59%, 0, 0, 3, 126.45, 7593, 2956156
1605250499, 0, 329, 2091, 2048, 366, 11.59%, 0, 0, 3, 133.05, 7595, 2956850
1605250509, 0, 330, 2091, 2047, 366, 11.59%, 0, 0, 3, 124.74, 7595, 2958191
1605250780, 0, 330, 2092, 2048, 366, 11.59%, 0, 0, 3, 116.31, 7596, 2989489
1605251005, 0, 330, 2093, 2049, 366, 11.59%, 0, 0, 3, 124.43, 7596, 3015610
1605251016, 0, 332, 2093, 2048, 366, 11.59%, 0, 0, 3, 120.83, 7596, 3016919
1605251513, 0, 335, 2093, 2047, 365, 11.59%, 0, 0, 3, 122.77, 7596, 3074557
1605252015, 0, 336, 2093, 2046, 364, 11.59%, 0, 0, 3, 121.02, 7596, 3132574
1605252030, 0, 336, 2094, 2047, 364, 11.59%, 0, 0, 3, 116.16, 7597, 3134328
1605252515, 0, 337, 2094, 2046, 364, 11.59%, 0, 0, 3, 126.22, 7597, 3190188
1605253014, 0, 337, 2096, 2048, 364, 11.59%, 0, 0, 3, 125.57, 7597, 3247805
1605253019, 0, 337, 2098, 2050, 364, 11.59%, 0, 0, 3, 134.40, 7597, 3248515
1605253030, 0, 337, 2099, 2051, 364, 11.59%, 0, 0, 3, 133.94, 7597, 3249893
1605253050, 0, 337, 2100, 2052, 364, 11.59%, 0, 0, 3, 130.73, 7597, 3252643
1605253061, 0, 337, 2101, 2053, 364, 11.59%, 0, 0, 3, 134.20, 7597, 3254039
1605253071, 0, 337, 2102, 2054, 364, 11.59%, 0, 0, 3, 132.02, 7597, 3255395
1605253123, 0, 337, 2103, 2055, 364, 11.59%, 0, 0, 3, 130.85, 7597, 3262331
1605253128, 0, 337, 2104, 2056, 364, 11.59%, 0, 0, 3, 134.86, 7597, 3263031
1605253133, 0, 337, 2108, 2060, 364, 11.60%, 0, 0, 3, 131.81, 7601, 3263714
1605253138, 0, 338, 2108, 2059, 368, 11.60%, 0, 0, 3, 122.87, 7601, 3264358
1605253640, 0, 338, 2110, 2061, 368, 11.60%, 0, 0, 3, 128.93, 7601, 3322296
1605253650, 0, 353, 2110, 2060, 367, 11.60%, 0, 0, 3, 126.46, 7601, 3323655
1605254152, 0, 354, 2110, 2059, 366, 11.60%, 0, 0, 3, 122.32, 7601, 3381670
1605254270, 0, 354, 2111, 2060, 366, 11.60%, 0, 0, 3, 114.25, 7602, 3395271
1605254443, 0, 354, 2112, 2061, 366, 11.60%, 0, 0, 3, 113.68, 7603, 3415181
1605254458, 0, 354, 2113, 2062, 366, 11.60%, 0, 0, 3, 113.77, 7603, 3416927
1605254655, 0, 354, 2115, 2064, 366, 11.60%, 0, 0, 3, 130.20, 7603, 3439583
1605254666, 0, 354, 2116, 2065, 366, 11.60%, 0, 0, 3, 131.36, 7603, 3440923
1605254686, 0, 362, 2116, 2064, 366, 11.60%, 0, 0, 3, 119.82, 7603, 3443530
1605254859, 0, 362, 2117, 2065, 366, 11.60%, 0, 0, 3, 113.81, 7604, 3463464
1605254864, 0, 362, 2118, 2066, 366, 11.60%, 0, 0, 3, 114.35, 7605, 3464041
1605254935, 0, 362, 2119, 2067, 366, 11.61%, 0, 0, 3, 115.04, 7606, 3472202
1605255078, 0, 362, 2120, 2068, 366, 11.61%, 0, 0, 3, 110.62, 7606, 3488611
1605255189, 0, 365, 2121, 2068, 366, 11.61%, 0, 0, 3, 118.44, 7606, 3501459
1605255194, 0, 365, 2122, 2069, 366, 11.61%, 0, 0, 3, 114.84, 7607, 3502033
1605255214, 0, 365, 2123, 2070, 366, 11.61%, 0, 0, 3, 115.25, 7608, 3504347
1605255219, 0, 365, 2124, 2071, 366, 11.61%, 0, 0, 3, 114.83, 7609, 3504925
1605255250, 0, 365, 2125, 2072, 366, 11.61%, 0, 0, 3, 114.48, 7609, 3508413
1605255473, 0, 365, 2126, 2073, 366, 11.61%, 0, 0, 3, 114.48, 7609, 3534052
1605255518, 0, 365, 2127, 2074, 366, 11.61%, 0, 0, 3, 110.79, 7609, 3539229
1605255584, 0, 365, 2128, 2075, 366, 11.61%, 0, 0, 3, 114.21, 7611, 3546729
1605255589, 0, 365, 2130, 2077, 366, 11.61%, 0, 0, 3, 111.51, 7612, 3547301
1605255695, 0, 365, 2132, 2079, 366, 11.68%, 0, 0, 3, 128.21, 7652, 3559485
1605255701, 0, 365, 2137, 2084, 366, 11.76%, 0, 0, 3, 128.44, 7708, 3560151
1605255706, 0, 365, 2141, 2088, 366, 11.77%, 0, 0, 3, 128.14, 7711, 3560809
1605255711, 0, 365, 2144, 2091, 366, 11.77%, 0, 0, 3, 128.21, 7715, 3561479
1605255727, 0, 365, 2146, 2093, 366, 11.79%, 0, 0, 3, 130.36, 7726, 3563523
1605255732, 0, 365, 2147, 2094, 366, 11.79%, 0, 0, 3, 134.05, 7728, 3564193
1605255737, 0, 365, 2149, 2096, 366, 11.79%, 0, 0, 3, 130.82, 7729, 3564839
1605255752, 0, 365, 2151, 2098, 366, 11.79%, 0, 0, 3, 133.73, 7729, 3566901
1605255757, 0, 365, 2152, 2099, 366, 11.79%, 0, 0, 3, 133.39, 7729, 3567593
1605255768, 0, 365, 2153, 2100, 366, 11.79%, 0, 0, 3, 132.68, 7729, 3568975
1605255773, 0, 365, 2154, 2101, 366, 11.79%, 0, 0, 3, 129.49, 7729, 3569651
1605255783, 0, 365, 2155, 2102, 366, 11.83%, 0, 0, 3, 129.44, 7749, 3570989
1605255788, 0, 365, 2156, 2103, 366, 11.83%, 0, 0, 3, 131.98, 7754, 3571673
1605255794, 0, 365, 2157, 2104, 366, 11.83%, 0, 0, 3, 132.60, 7754, 3572351
1605255799, 0, 365, 2159, 2106, 366, 11.83%, 0, 0, 3, 132.72, 7755, 3573035
1605255819, 0, 381, 2159, 2105, 373, 11.83%, 0, 0, 3, 124.31, 7755, 3575730
1605255961, 0, 381, 2160, 2106, 373, 11.83%, 0, 0, 3, 113.14, 7756, 3591865
1605256326, 0, 386, 2160, 2105, 372, 11.83%, 0, 0, 3, 123.93, 7756, 3633480
1605256336, 0, 386, 2161, 2106, 372, 11.84%, 0, 0, 3, 114.38, 7757, 3634634
1605256468, 0, 386, 2162, 2107, 372, 11.84%, 0, 0, 3, 114.32, 7759, 3649710
1605256831, 0, 387, 2162, 2106, 373, 11.84%, 0, 0, 3, 127.36, 7759, 3691359
1605256973, 0, 387, 2163, 2107, 373, 11.84%, 0, 0, 3, 114.36, 7760, 3707525
1605257338, 0, 387, 2164, 2108, 373, 11.84%, 0, 0, 3, 124.32, 7760, 3749186
1605257343, 0, 387, 2165, 2109, 373, 11.84%, 0, 0, 3, 132.04, 7760, 3749876
1605257348, 0, 387, 2166, 2110, 373, 11.84%, 0, 0, 3, 132.51, 7760, 3750562
1605257369, 0, 387, 2167, 2111, 373, 11.84%, 0, 0, 3, 130.23, 7760, 3753248
1605257384, 0, 387, 2169, 2113, 373, 11.84%, 0, 0, 3, 129.69, 7760, 3755266
1605257400, 0, 387, 2170, 2114, 373, 11.84%, 0, 0, 3, 133.16, 7760, 3757318
1605257405, 0, 387, 2172, 2116, 373, 11.85%, 0, 0, 3, 132.49, 7763, 3757980
1605257415, 0, 387, 2173, 2117, 373, 11.85%, 0, 0, 3, 128.46, 7764, 3759304
1605257420, 0, 387, 2174, 2118, 373, 11.85%, 0, 0, 3, 131.97, 7764, 3759986
1605257462, 0, 388, 2174, 2117, 376, 11.85%, 0, 0, 3, 126.72, 7764, 3765459
1605257472, 0, 388, 2175, 2118, 376, 11.85%, 0, 0, 3, 116.22, 7765, 3766659
1605257599, 0, 388, 2176, 2119, 376, 11.85%, 0, 0, 3, 113.90, 7766, 3781186
1605257767, 0, 388, 2177, 2120, 376, 11.85%, 0, 0, 3, 115.39, 7767, 3800241
1605257888, 0, 388, 2178, 2121, 376, 11.89%, 0, 0, 3, 114.29, 7793, 3814175
1605257969, 0, 391, 2178, 2120, 379, 11.89%, 0, 0, 3, 121.83, 7795, 3823456
1605257979, 0, 391, 2180, 2122, 379, 11.90%, 0, 0, 3, 114.14, 7796, 3824608
1605257999, 0, 391, 2181, 2123, 379, 11.90%, 0, 0, 3, 113.90, 7797, 3826916
1605258105, 0, 391, 2182, 2124, 379, 11.90%, 0, 0, 3, 114.75, 7798, 3839021
1605258110, 0, 391, 2183, 2125, 379, 11.90%, 0, 0, 3, 114.24, 7799, 3839597
1605258475, 0, 391, 2184, 2126, 379, 11.90%, 0, 0, 3, 126.96, 7799, 3881183
1605258480, 0, 395, 2184, 2125, 382, 11.90%, 0, 0, 3, 124.48, 7799, 3881849
1605258622, 0, 395, 2185, 2126, 382, 11.90%, 0, 0, 3, 114.70, 7800, 3898017
1605258723, 0, 395, 2186, 2127, 382, 11.90%, 0, 0, 3, 114.41, 7801, 3909558
1605258779, 0, 395, 2187, 2128, 382, 11.90%, 0, 0, 3, 114.34, 7802, 3915913
1605258992, 0, 396, 2187, 2127, 381, 11.90%, 0, 0, 3, 119.28, 7802, 3940203
1605259002, 0, 396, 2188, 2128, 381, 11.91%, 0, 0, 3, 112.06, 7803, 3941343
1605259129, 0, 396, 2189, 2129, 381, 11.91%, 0, 0, 3, 114.75, 7804, 3955882
1605259256, 0, 396, 2190, 2130, 381, 11.91%, 0, 0, 3, 114.81, 7805, 3970289
1605259444, 0, 396, 2191, 2131, 381, 11.91%, 0, 0, 3, 111.54, 7806, 3991547
1605259494, 0, 396, 2192, 2132, 381, 11.91%, 0, 0, 3, 114.64, 7806, 3997303
1605259504, 0, 397, 2192, 2131, 382, 11.91%, 0, 0, 3, 122.54, 7806, 3998556
1605259682, 0, 397, 2193, 2132, 382, 11.91%, 0, 0, 3, 113.61, 7807, 4018723
1605260011, 0, 397, 2194, 2133, 382, 11.91%, 0, 0, 3, 119.88, 7807, 4056189
1605260016, 0, 398, 2194, 2132, 381, 11.91%, 0, 0, 3, 124.75, 7807, 4056849
1605260513, 0, 398, 2195, 2133, 381, 11.91%, 0, 0, 3, 113.11, 7808, 4113257
1605260528, 0, 399, 2195, 2132, 380, 11.91%, 0, 0, 3, 120.17, 7808, 4115065
1605260666, 0, 399, 2196, 2133, 380, 11.92%, 0, 0, 3, 114.97, 7809, 4130704
1605261032, 0, 401, 2196, 2132, 380, 11.92%, 0, 0, 3, 124.57, 7809, 4172681
1605261047, 0, 401, 2197, 2133, 380, 11.92%, 0, 0, 3, 112.62, 7810, 4174424
1605261170, 0, 401, 2198, 2134, 380, 11.92%, 0, 0, 3, 115.26, 7811, 4188609
1605261536, 0, 402, 2198, 2133, 381, 11.92%, 0, 0, 3, 123.21, 7811, 4230893
1605261546, 0, 402, 2199, 2134, 381, 11.92%, 0, 0, 3, 115.60, 7812, 4232069
1605261673, 0, 402, 2200, 2135, 381, 11.92%, 0, 0, 3, 113.20, 7813, 4246546
1605262037, 0, 402, 2201, 2136, 381, 11.92%, 0, 0, 3, 121.70, 7813, 4288313
1605262043, 0, 402, 2202, 2137, 381, 11.92%, 0, 0, 3, 131.90, 7813, 4289009
1605262048, 0, 402, 2203, 2138, 381, 11.92%, 0, 0, 3, 132.72, 7814, 4289691
1605262068, 0, 426, 2203, 2137, 384, 11.92%, 0, 0, 3, 126.82, 7814, 4292402
1605262089, 0, 426, 2204, 2138, 384, 11.92%, 0, 0, 3, 116.77, 7815, 4294734
1605262272, 0, 426, 2206, 2140, 384, 11.93%, 0, 0, 3, 109.70, 7817, 4315227
1605262588, 0, 426, 2207, 2141, 384, 11.93%, 0, 0, 3, 124.44, 7817, 4350439
1605262593, 0, 427, 2207, 2140, 386, 11.93%, 0, 0, 3, 117.46, 7817, 4351030
1605262598, 0, 427, 2208, 2141, 386, 11.93%, 0, 0, 3, 111.30, 7818, 4351592
1605262644, 0, 427, 2209, 2142, 386, 11.93%, 0, 0, 3, 112.16, 7819, 4356719
1605263109, 0, 429, 2209, 2141, 385, 11.93%, 0, 0, 3, 122.46, 7819, 4408745
1605263630, 0, 472, 2209, 2140, 384, 11.93%, 0, 0, 3, 120.23, 7819, 4467016
1605263650, 0, 472, 2210, 2141, 384, 11.93%, 0, 0, 3, 113.98, 7819, 4469306
1605263726, 0, 472, 2211, 2142, 384, 11.94%, 0, 0, 3, 113.37, 7826, 4477971
1605263782, 0, 472, 2212, 2143, 384, 11.94%, 0, 0, 3, 110.57, 7827, 4484303
1605263974, 0, 472, 2213, 2144, 384, 11.94%, 0, 0, 3, 115.24, 7828, 4506168
1605264136, 0, 472, 2214, 2145, 384, 11.94%, 0, 0, 3, 128.08, 7828, 4524800
1605264141, 0, 472, 2215, 2146, 384, 11.94%, 0, 0, 3, 132.27, 7828, 4525492
1605264146, 0, 488, 2215, 2145, 386, 11.94%, 0, 0, 3, 133.90, 7828, 4526190
1605264171, 0, 488, 2216, 2146, 386, 11.95%, 0, 0, 3, 115.02, 7831, 4529135
1605264242, 0, 488, 2217, 2147, 386, 11.96%, 0, 0, 3, 114.40, 7835, 4537298
1605264653, 0, 512, 2217, 2146, 387, 11.96%, 0, 0, 3, 125.64, 7835, 4584473
1605264663, 0, 512, 2218, 2147, 387, 11.96%, 0, 0, 3, 118.47, 7836, 4585681
1605264785, 0, 512, 2219, 2148, 387, 11.96%, 0, 0, 3, 118.21, 7837, 4600162
1605264821, 0, 512, 2220, 2149, 387, 11.96%, 0, 0, 3, 117.42, 7837, 4604378
1605265152, 0, 519, 2220, 2148, 390, 11.96%, 0, 0, 3, 132.34, 7837, 4643611
1605265214, 0, 519, 2222, 2150, 390, 11.96%, 0, 0, 3, 150.19, 7839, 4652835
1605265326, 0, 519, 2223, 2151, 390, 11.96%, 0, 0, 3, 148.85, 7839, 4669536
1605265397, 0, 519, 2224, 2152, 390, 11.96%, 0, 0, 3, 170.97, 7840, 4680296
1605265402, 0, 520, 2224, 2151, 392, 11.96%, 0, 0, 3, 130.46, 7840, 4680944
1605265895, 0, 529, 2224, 2150, 392, 11.96%, 0, 0, 3, 132.42, 7840, 4738246
1605266197, 0, 529, 2225, 2151, 392, 11.96%, 0, 0, 3, 153.27, 7840, 4779985
1605266202, 0, 532, 2225, 2150, 391, 11.96%, 0, 0, 3, 133.97, 7840, 4780649
1605266613, 0, 532, 2226, 2151, 391, 11.96%, 0, 0, 3, 130.43, 7840, 4831389
1605266624, 0, 533, 2226, 2150, 391, 11.96%, 0, 0, 3, 135.55, 7840, 4832797
1605266711, 0, 533, 2227, 2151, 391, 11.96%, 0, 0, 3, 135.47, 7840, 4844681
1605266736, 0, 533, 2228, 2152, 391, 11.96%, 0, 0, 3, 136.67, 7841, 4848175
1605266930, 0, 543, 2228, 2151, 392, 11.96%, 0, 0, 3, 137.67, 7841, 4874541
1605267355, 0, 548, 2228, 2150, 391, 11.96%, 0, 0, 3, 124.05, 7841, 4927241
1605267462, 0, 548, 2229, 2151, 391, 11.96%, 0, 0, 3, 116.85, 7841, 4939749
1605267831, 0, 552, 2229, 2150, 391, 11.96%, 0, 0, 3, 137.92, 7841, 4982644
1605267886, 0, 552, 2230, 2151, 391, 11.96%, 0, 0, 3, 141.74, 7841, 4990528
1605268188, 0, 554, 2230, 2150, 391, 11.96%, 0, 0, 3, 143.76, 7841, 5032922
1605268521, 0, 554, 2231, 2151, 391, 11.96%, 0, 0, 3, 134.12, 7841, 5077603
1605268531, 0, 559, 2231, 2150, 391, 11.96%, 0, 0, 3, 145.04, 7841, 5079048
1605268617, 0, 559, 2232, 2151, 391, 11.97%, 0, 0, 3, 131.72, 7842, 5090600
1605268853, 0, 576, 2232, 2150, 390, 11.97%, 0, 0, 3, 130.15, 7842, 5122541
1605269328, 0, 577, 2232, 2149, 389, 11.97%, 0, 0, 3, 130.32, 7842, 5179138
1605269338, 0, 577, 2233, 2150, 389, 11.97%, 0, 0, 3, 124.14, 7843, 5180391
1605269373, 0, 577, 2234, 2151, 389, 11.97%, 0, 0, 3, 123.35, 7847, 5184766
1605269378, 0, 577, 2235, 2152, 389, 11.98%, 0, 0, 3, 123.87, 7848, 5185390
1605269429, 0, 577, 2239, 2156, 389, 11.98%, 0, 0, 3, 123.23, 7854, 5191666
1605269474, 0, 577, 2240, 2157, 389, 11.98%, 0, 0, 3, 122.51, 7854, 5197242
1605269480, 0, 577, 2241, 2158, 389, 11.98%, 0, 0, 3, 123.72, 7854, 5197866
1605269753, 0, 577, 2242, 2159, 389, 11.98%, 0, 0, 3, 130.31, 7854, 5231604
1605269758, 0, 590, 2242, 2158, 393, 11.98%, 0, 0, 3, 135.43, 7854, 5232326
1605270039, 0, 590, 2243, 2159, 393, 11.99%, 0, 0, 3, 117.20, 7855, 5265489
1605270115, 0, 590, 2244, 2160, 393, 11.99%, 0, 0, 3, 118.76, 7856, 5274591
1605270212, 0, 590, 2245, 2161, 393, 11.99%, 0, 0, 3, 117.34, 7857, 5286010
1605270233, 0, 591, 2245, 2160, 393, 11.99%, 0, 0, 3, 144.83, 7857, 5288579
1605270238, 0, 591, 2246, 2161, 393, 11.99%, 0, 0, 3, 157.43, 7858, 5289395
1605270258, 0, 591, 2247, 2162, 393, 11.99%, 0, 0, 3, 169.58, 7859, 5292781
1605270355, 0, 591, 2248, 2163, 393, 11.99%, 0, 0, 3, 163.62, 7860, 5308642
1605270417, 0, 604, 2248, 2162, 392, 11.99%, 0, 0, 3, 146.42, 7860, 5318690
1605270422, 0, 604, 2249, 2163, 392, 11.99%, 0, 0, 3, 131.87, 7860, 5319340
1605270783, 0, 608, 2249, 2162, 392, 11.99%, 0, 0, 3, 149.96, 7860, 5365866
1605271043, 0, 608, 2250, 2163, 392, 11.99%, 0, 0, 3, 150.57, 7861, 5404817
1605271171, 0, 615, 2250, 2162, 391, 11.99%, 0, 0, 3, 147.34, 7861, 5423575
1605271442, 0, 616, 2250, 2161, 390, 11.99%, 0, 0, 3, 136.13, 7861, 5462724
1605271498, 0, 616, 2260, 2171, 390, 12.02%, 0, 0, 3, 129.24, 7879, 5469981
1605271840, 0, 620, 2260, 2170, 399, 12.02%, 0, 0, 3, 133.25, 7879, 5513915
1605271921, 0, 620, 2261, 2171, 399, 12.03%, 0, 0, 3, 122.62, 7880, 5523908
1605272008, 0, 620, 2262, 2172, 399, 12.03%, 0, 0, 3, 122.38, 7881, 5534522
1605272262, 0, 626, 2262, 2171, 399, 12.03%, 0, 0, 3, 132.06, 7881, 5566020
1605272704, 0, 627, 2262, 2170, 398, 12.03%, 0, 0, 3, 126.86, 7881, 5620583
1605272816, 0, 627, 2263, 2171, 398, 12.03%, 0, 0, 3, 121.80, 7882, 5634190
1605273131, 0, 629, 2263, 2170, 398, 12.03%, 0, 0, 3, 136.08, 7882, 5672658
1605273523, 0, 632, 2263, 2169, 397, 12.03%, 0, 0, 3, 132.44, 7882, 5726423
1605273605, 0, 632, 2264, 2170, 397, 12.03%, 0, 0, 3, 121.52, 7882, 5736583
1605273919, 0, 633, 2264, 2169, 396, 12.03%, 0, 0, 3, 136.07, 7882, 5775724
1605274031, 0, 633, 2265, 2170, 396, 12.03%, 0, 0, 3, 119.85, 7883, 5789445
1605274346, 0, 644, 2265, 2169, 396, 12.03%, 0, 0, 3, 300.67, 7883, 5829055
1605274352, 0, 645, 2265, 2168, 395, 12.03%, 0, 0, 3, 223.16, 7883, 5830279
1605274413, 0, 645, 2267, 2170, 395, 12.03%, 0, 0, 3, 141.26, 7885, 5838908
1605274453, 0, 645, 2268, 2171, 395, 12.03%, 0, 0, 3, 139.71, 7886, 5844590
1605274626, 0, 648, 2268, 2170, 396, 12.03%, 0, 0, 3, 156.66, 7886, 5869238
1605274783, 0, 648, 2269, 2171, 396, 12.03%, 0, 0, 3, 141.22, 7886, 5891751
1605274909, 0, 677, 2269, 2170, 396, 12.03%, 0, 0, 3, 183.45, 7886, 5910010
1605274914, 0, 677, 2270, 2171, 396, 12.03%, 0, 0, 3, 202.11, 7886, 5911074
1605274980, 0, 678, 2270, 2170, 396, 12.03%, 0, 0, 3, 214.54, 7886, 5924908
1605275450, 0, 687, 2270, 2169, 395, 12.03%, 0, 0, 3, 125.47, 7886, 5980560
1605275517, 0, 687, 2271, 2170, 395, 12.03%, 0, 0, 3, 106.49, 7886, 5987849
1605275552, 0, 687, 2272, 2171, 395, 12.04%, 0, 0, 3, 110.73, 7888, 5991807
1605275823, 0, 687, 2273, 2172, 395, 12.04%, 0, 0, 3, 111.53, 7888, 6021658
1605276011, 0, 694, 2274, 2172, 395, 12.04%, 0, 0, 3, 111.90, 7888, 6042602
1605276170, 0, 694, 2275, 2173, 395, 12.04%, 0, 0, 3, 103.46, 7888, 6059018
1605276180, 0, 694, 2276, 2174, 395, 12.04%, 0, 0, 3, 103.30, 7888, 6060070
1605276436, 0, 694, 2277, 2175, 395, 12.04%, 0, 0, 3, 103.85, 7888, 6086553
1605276630, 0, 694, 2278, 2176, 395, 12.04%, 0, 0, 3, 102.50, 7888, 6106644
1605276676, 0, 715, 2278, 2175, 397, 12.04%, 0, 0, 3, 114.40, 7888, 6111492
1605276731, 0, 715, 2279, 2176, 397, 12.04%, 0, 0, 3, 113.73, 7889, 6117858
1605277174, 0, 716, 2279, 2175, 396, 12.04%, 0, 0, 3, 136.86, 7889, 6168698
1605277455, 0, 716, 2280, 2176, 396, 12.04%, 0, 0, 3, 154.53, 7889, 6208306
1605277460, 0, 717, 2280, 2175, 396, 12.04%, 0, 0, 3, 153.11, 7889, 6209087
1605277740, 0, 717, 2281, 2176, 396, 12.04%, 0, 0, 3, 158.42, 7889, 6249551
1605277745, 0, 734, 2281, 2175, 395, 12.04%, 0, 0, 3, 259.59, 7889, 6250827
1605277751, 0, 740, 2281, 2174, 394, 12.04%, 0, 0, 3, 168.05, 7889, 6251676
1605278061, 0, 740, 2282, 2175, 394, 12.04%, 0, 0, 3, 120.29, 7890, 6289059
1605278194, 0, 744, 2282, 2174, 393, 12.04%, 0, 0, 3, 126.02, 7890, 6304975
1605278388, 0, 744, 2283, 2175, 393, 12.04%, 0, 0, 3, 116.12, 7891, 6327788
1605278659, 0, 744, 2285, 2177, 393, 12.04%, 0, 0, 3, 130.34, 7891, 6359784
1605278664, 0, 744, 2286, 2178, 393, 12.04%, 0, 0, 3, 135.56, 7891, 6360496
1605278685, 0, 744, 2290, 2182, 393, 12.04%, 0, 0, 3, 133.60, 7891, 6363278
1605278690, 0, 744, 2291, 2183, 393, 12.04%, 0, 0, 3, 137.42, 7891, 6363986
1605278726, 0, 744, 2292, 2184, 393, 12.04%, 0, 0, 3, 137.65, 7891, 6368826
1605278731, 0, 744, 2294, 2186, 393, 12.04%, 0, 0, 3, 134.91, 7891, 6369502
1605278741, 0, 744, 2295, 2187, 393, 12.04%, 0, 0, 3, 136.78, 7891, 6370906
1605278752, 0, 744, 2296, 2188, 393, 12.04%, 0, 0, 3, 136.99, 7891, 6372326
1605278757, 0, 744, 2297, 2189, 393, 12.04%, 0, 0, 3, 135.82, 7891, 6373024
1605278783, 0, 749, 2297, 2188, 393, 12.04%, 0, 0, 3, 128.27, 7891, 6376447
1605279001, 0, 749, 2298, 2189, 393, 12.04%, 0, 0, 3, 131.21, 7891, 6405254
1605279143, 0, 753, 2298, 2188, 392, 12.04%, 0, 0, 3, 144.31, 7891, 6424014
1605279332, 0, 753, 2299, 2189, 392, 12.04%, 0, 0, 3, 141.11, 7891, 6450644
1605279347, 0, 753, 2300, 2190, 392, 12.04%, 0, 0, 3, 141.65, 7892, 6452822
1605279423, 0, 753, 2302, 2192, 392, 12.04%, 0, 0, 3, 151.32, 7892, 6463641
1605279439, 0, 754, 2302, 2191, 392, 12.04%, 0, 0, 3, 136.32, 7892, 6465960
1605279892, 0, 755, 2302, 2190, 392, 12.04%, 0, 0, 3, 135.94, 7892, 6523828
1605279907, 0, 755, 2303, 2191, 392, 12.04%, 0, 0, 3, 136.12, 7893, 6525932
1605280215, 0, 755, 2304, 2192, 392, 12.04%, 0, 0, 3, 150.28, 7893, 6567942
1605280221, 0, 764, 2304, 2191, 392, 12.04%, 0, 0, 3, 149.00, 7893, 6568723
1605280492, 0, 764, 2305, 2192, 392, 12.04%, 0, 0, 3, 139.10, 7893, 6606679
1605280502, 0, 764, 2306, 2193, 392, 12.04%, 0, 0, 3, 152.88, 7893, 6608171
1605280507, 0, 764, 2307, 2194, 392, 12.04%, 0, 0, 3, 161.72, 7893, 6609001
1605280512, 0, 764, 2308, 2195, 392, 12.04%, 0, 0, 3, 164.14, 7893, 6609834
1605280517, 0, 764, 2309, 2196, 392, 12.04%, 0, 0, 3, 165.37, 7893, 6610694
1605280527, 0, 764, 2310, 2197, 392, 12.04%, 0, 0, 3, 166.28, 7893, 6612364
1605280532, 0, 764, 2312, 2199, 392, 12.04%, 0, 0, 3, 164.98, 7893, 6613196
1605280537, 0, 764, 2313, 2200, 392, 12.04%, 0, 0, 3, 164.02, 7893, 6614017
1605280542, 0, 764, 2315, 2202, 392, 12.05%, 0, 0, 3, 159.75, 7894, 6614824
1605280547, 0, 764, 2317, 2204, 392, 12.05%, 0, 0, 3, 165.41, 7894, 6615662
1605280558, 0, 764, 2318, 2205, 392, 12.05%, 0, 0, 3, 157.65, 7894, 6617272
1605280563, 0, 764, 2320, 2207, 392, 12.05%, 0, 0, 3, 163.56, 7894, 6618095
1605280568, 0, 764, 2321, 2208, 392, 12.05%, 0, 0, 3, 164.72, 7894, 6618955
1605280573, 0, 764, 2322, 2209, 392, 12.05%, 0, 0, 3, 166.53, 7894, 6619794
1605280583, 0, 764, 2323, 2210, 392, 12.05%, 0, 0, 3, 163.77, 7894, 6621491
1605280593, 0, 764, 2324, 2211, 392, 12.05%, 0, 0, 3, 162.72, 7894, 6623134
1605280598, 0, 764, 2325, 2212, 392, 12.05%, 0, 0, 3, 163.07, 7894, 6623952
1605280603, 0, 767, 2325, 2211, 393, 12.05%, 0, 0, 3, 144.11, 7894, 6624673
1605280930, 0, 767, 2326, 2212, 393, 12.05%, 0, 0, 3, 143.29, 7894, 6668624
1605280935, 0, 771, 2326, 2211, 392, 12.05%, 0, 0, 3, 152.79, 7894, 6669413
1605281088, 0, 771, 2327, 2212, 392, 12.05%, 0, 0, 3, 196.35, 7894, 6695889
1605281093, 0, 785, 2327, 2211, 392, 12.05%, 0, 0, 3, 126.11, 7894, 6696448
1605281446, 0, 785, 2328, 2212, 392, 12.05%, 0, 0, 3, 105.70, 7895, 6733816
1605281718, 0, 797, 2328, 2211, 391, 12.05%, 0, 0, 3, 125.55, 7895, 6762917
1605281729, 0, 797, 2329, 2212, 391, 12.05%, 0, 0, 3, 128.95, 7896, 6764237
1605282050, 0, 797, 2330, 2213, 391, 12.06%, 0, 0, 3, 128.60, 7905, 6805839
1605282091, 0, 797, 2331, 2214, 391, 12.06%, 0, 0, 3, 141.99, 7905, 6811131
1605282096, 0, 797, 2332, 2215, 391, 12.06%, 0, 0, 3, 149.09, 7905, 6811911
1605282101, 0, 797, 2334, 2217, 391, 12.06%, 0, 0, 3, 150.40, 7905, 6812684
1605282142, 0, 797, 2335, 2218, 391, 12.06%, 0, 0, 3, 148.78, 7905, 6818771
1605282163, 0, 797, 2336, 2219, 391, 12.06%, 0, 0, 3, 150.07, 7905, 6821817
1605282199, 0, 799, 2336, 2218, 392, 12.06%, 0, 0, 3, 144.67, 7905, 6827075
1605282270, 0, 799, 2337, 2219, 392, 12.06%, 0, 0, 3, 121.87, 7905, 6835791
1605282316, 0, 799, 2338, 2220, 392, 12.06%, 0, 0, 3, 120.94, 7905, 6841299
1605282555, 0, 799, 2339, 2221, 392, 12.06%, 0, 0, 3, 121.64, 7905, 6870331
1605282637, 0, 800, 2339, 2220, 391, 12.06%, 0, 0, 3, 135.41, 7905, 6880293
1605282679, 0, 800, 2340, 2221, 391, 12.06%, 0, 0, 3, 135.14, 7906, 6885853
1605282975, 0, 802, 2341, 2221, 391, 12.06%, 0, 0, 3, 147.70, 7906, 6925890
1605283078, 0, 802, 2342, 2222, 391, 12.07%, 0, 0, 3, 116.25, 7907, 6937955
1605283447, 0, 804, 2342, 2221, 391, 12.07%, 0, 0, 3, 126.74, 7907, 6981210
1605283468, 0, 804, 2343, 2222, 391, 12.07%, 0, 0, 3, 114.52, 7907, 6983527
1605283767, 0, 804, 2344, 2223, 391, 12.07%, 0, 0, 3, 118.50, 7907, 7018000
1605283808, 0, 804, 2345, 2224, 391, 12.07%, 0, 0, 3, 114.43, 7907, 7022618
1605283818, 0, 804, 2346, 2225, 391, 12.07%, 0, 0, 3, 114.91, 7907, 7023794
1605283884, 0, 804, 2347, 2226, 391, 12.07%, 0, 0, 3, 116.10, 7907, 7031459
1605283955, 0, 811, 2347, 2225, 390, 12.07%, 0, 0, 3, 131.17, 7907, 7039791
1605284328, 0, 815, 2347, 2224, 389, 12.07%, 0, 0, 3, 132.41, 7907, 7088343
1605284728, 0, 826, 2347, 2223, 388, 12.07%, 0, 0, 3, 131.47, 7907, 7139225
1605285089, 0, 826, 2348, 2224, 388, 12.07%, 0, 0, 3, 122.24, 7907, 7183436
1605285145, 0, 826, 2349, 2225, 388, 12.07%, 0, 0, 3, 138.17, 7907, 7190427
1605285150, 0, 838, 2349, 2224, 388, 12.07%, 0, 0, 3, 133.16, 7907, 7191108
1605285502, 0, 842, 2349, 2223, 387, 12.07%, 0, 0, 3, 136.84, 7907, 7237004
1605285779, 0, 842, 2350, 2224, 387, 12.07%, 0, 0, 3, 118.12, 7908, 7270037
1605285840, 0, 842, 2351, 2225, 387, 12.07%, 0, 0, 3, 126.67, 7909, 7277431
1605285952, 0, 843, 2351, 2224, 386, 12.07%, 0, 0, 3, 132.83, 7909, 7290948
1605285958, 0, 843, 2352, 2225, 386, 12.08%, 0, 0, 3, 143.06, 7914, 7291701
1605286097, 0, 843, 2353, 2226, 386, 12.08%, 0, 0, 3, 143.95, 7915, 7311904
1605286215, 0, 843, 2354, 2227, 386, 12.08%, 0, 0, 3, 159.65, 7915, 7329064
1605286220, 0, 853, 2354, 2226, 386, 12.08%, 0, 0, 3, 142.33, 7915, 7329813
1605286286, 0, 853, 2355, 2227, 386, 12.08%, 0, 0, 3, 128.58, 7916, 7338460
1605286588, 0, 853, 2356, 2228, 386, 12.08%, 0, 0, 3, 137.28, 7917, 7377322
1605286593, 0, 854, 2356, 2227, 386, 12.08%, 0, 0, 3, 117.96, 7917, 7377923
1605286598, 0, 854, 2357, 2228, 386, 12.08%, 0, 0, 3, 110.10, 7918, 7378473
1605286608, 0, 854, 2358, 2229, 386, 12.08%, 0, 0, 3, 108.40, 7918, 7379573
1605286710, 0, 854, 2359, 2230, 386, 12.08%, 0, 0, 3, 107.68, 7918, 7390737
1605287155, 0, 854, 2360, 2231, 386, 12.08%, 0, 0, 3, 125.07, 7918, 7439116
1605287160, 0, 857, 2360, 2230, 386, 12.08%, 0, 0, 3, 131.60, 7918, 7439785
1605287476, 0, 857, 2362, 2232, 386, 12.08%, 0, 0, 3, 151.77, 7918, 7482187
1605287486, 0, 859, 2363, 2232, 386, 12.08%, 0, 0, 3, 156.14, 7918, 7483750
1605287517, 0, 859, 2364, 2233, 386, 12.08%, 0, 0, 3, 169.00, 7918, 7488889
1605287599, 0, 859, 2365, 2234, 386, 12.08%, 0, 0, 3, 167.67, 7919, 7502581
1605287655, 0, 859, 2366, 2235, 386, 12.08%, 0, 0, 3, 186.36, 7919, 7512114
1605287660, 0, 862, 2366, 2234, 386, 12.08%, 0, 0, 3, 154.77, 7919, 7512896
1605287981, 0, 862, 2367, 2235, 386, 12.08%, 0, 0, 3, 149.71, 7919, 7556106
1605287986, 0, 869, 2367, 2234, 385, 12.08%, 0, 0, 3, 160.87, 7919, 7556948
1605288073, 0, 869, 2368, 2235, 385, 12.08%, 0, 0, 3, 164.58, 7920, 7571338
1605288155, 0, 869, 2369, 2236, 385, 12.08%, 0, 0, 3, 175.13, 7920, 7584805
1605288160, 0, 874, 2369, 2235, 385, 12.08%, 0, 0, 3, 167.97, 7920, 7585694
1605288547, 0, 878, 2369, 2234, 384, 12.08%, 0, 0, 3, 138.36, 7920, 7635336
1605288552, 0, 878, 2371, 2236, 384, 12.09%, 0, 0, 3, 131.28, 7922, 7636008
1605288567, 0, 878, 2373, 2238, 384, 12.09%, 0, 0, 3, 135.26, 7925, 7638042
1605288643, 0, 878, 2376, 2241, 384, 12.10%, 0, 0, 3, 132.49, 7929, 7648115
1605288674, 0, 878, 2377, 2242, 384, 12.10%, 0, 0, 3, 129.74, 7929, 7652121
1605288963, 0, 881, 2377, 2241, 391, 12.10%, 0, 0, 3, 161.76, 7929, 7690795
1605289146, 0, 895, 2378, 2241, 390, 12.10%, 0, 0, 3, 184.71, 7929, 7721697
1605289151, 0, 895, 2379, 2242, 390, 12.10%, 0, 0, 3, 132.26, 7929, 7722311
1605289598, 0, 895, 2380, 2243, 390, 12.10%, 0, 0, 3, 125.67, 7929, 7777537
1605289603, 0, 895, 2382, 2245, 390, 12.10%, 0, 0, 3, 137.70, 7929, 7778271
1605289608, 0, 895, 2383, 2246, 390, 12.10%, 0, 0, 3, 138.01, 7929, 7778987
1605289613, 0, 895, 2384, 2247, 390, 12.10%, 0, 0, 3, 137.22, 7929, 7779691
1605289634, 0, 895, 2385, 2248, 390, 12.10%, 0, 0, 3, 141.29, 7929, 7782579
1605289655, 0, 895, 2386, 2249, 390, 12.10%, 0, 0, 3, 133.73, 7929, 7785377
1605289706, 0, 895, 2387, 2250, 390, 12.10%, 0, 0, 3, 133.51, 7929, 7792229
1605289711, 0, 895, 2388, 2251, 390, 12.10%, 0, 0, 3, 132.54, 7929, 7792913
1605289722, 0, 899, 2388, 2250, 390, 12.10%, 0, 0, 3, 142.13, 7929, 7794334
1605289978, 0, 901, 2388, 2249, 390, 12.10%, 0, 0, 3, 147.12, 7929, 7832573
1605289988, 0, 901, 2389, 2250, 390, 12.10%, 0, 0, 3, 123.92, 7929, 7833813
1605290394, 0, 910, 2389, 2249, 389, 12.10%, 0, 0, 3, 141.00, 7929, 7883907
1605290644, 0, 910, 2390, 2250, 389, 12.10%, 0, 0, 3, 167.05, 7929, 7920829
1605290649, 0, 917, 2390, 2249, 388, 12.10%, 0, 0, 3, 146.84, 7929, 7921559
1605290926, 0, 917, 2391, 2250, 388, 12.10%, 0, 0, 3, 136.12, 7929, 7959166
1605290993, 0, 917, 2393, 2252, 388, 12.10%, 0, 0, 3, 148.60, 7929, 7968226
1605291003, 0, 919, 2393, 2251, 388, 12.10%, 0, 0, 3, 139.93, 7929, 7969731
1605291069, 0, 919, 2394, 2252, 388, 12.10%, 0, 0, 3, 123.53, 7929, 7977918
1605291422, 0, 919, 2395, 2253, 388, 12.10%, 0, 0, 3, 138.00, 7929, 8021898
1605291427, 0, 921, 2395, 2252, 387, 12.10%, 0, 0, 3, 145.46, 7929, 8022644
1605291544, 0, 921, 2396, 2253, 387, 12.10%, 0, 0, 3, 147.89, 7930, 8039869
1605291672, 0, 921, 2397, 2254, 387, 12.10%, 0, 0, 3, 160.11, 7930, 8058713
1605291677, 0, 924, 2397, 2253, 387, 12.10%, 0, 0, 3, 154.38, 7930, 8059547
1605292023, 0, 926, 2397, 2252, 386, 12.10%, 0, 0, 3, 132.70, 7930, 8105276
1605292407, 0, 934, 2397, 2251, 385, 12.10%, 0, 0, 3, 139.13, 7930, 8153262
1605292720, 0, 944, 2397, 2250, 384, 12.10%, 0, 0, 3, 143.05, 7930, 8195598
1605292740, 0, 944, 2398, 2251, 384, 12.10%, 0, 0, 3, 123.57, 7932, 8198081
1605293150, 0, 944, 2399, 2252, 384, 12.10%, 0, 0, 3, 126.17, 7932, 8246572
1605293160, 0, 968, 2399, 2251, 384, 12.10%, 0, 0, 3, 134.73, 7932, 8247963
1605293456, 0, 968, 2400, 2252, 384, 12.10%, 0, 0, 3, 156.71, 7932, 8288757
1605293461, 0, 970, 2400, 2251, 383, 12.10%, 0, 0, 3, 125.87, 7932, 8289409
1605293569, 0, 970, 2401, 2252, 383, 12.10%, 0, 0, 3, 108.47, 7932, 8300987
1605293886, 0, 970, 2402, 2253, 383, 12.10%, 0, 0, 3, 106.83, 7932, 8335105
1605294040, 0, 970, 2403, 2254, 383, 12.10%, 0, 0, 3, 119.08, 7932, 8351764
1605294045, 0, 973, 2403, 2253, 383, 12.10%, 0, 0, 3, 123.90, 7932, 8352416
1605294305, 0, 973, 2404, 2254, 383, 12.10%, 0, 0, 3, 118.79, 7933, 8383187
1605294504, 0, 976, 2404, 2253, 383, 12.10%, 0, 0, 3, 132.79, 7933, 8406827
1605294663, 0, 976, 2405, 2254, 383, 12.11%, 0, 0, 3, 135.88, 7934, 8428606
1605294830, 0, 980, 2405, 2253, 383, 12.11%, 0, 0, 3, 202.34, 7934, 8451050
1605294836, 0, 980, 2406, 2254, 383, 12.11%, 0, 0, 3, 265.07, 7934, 8452493
1605294841, 0, 980, 2407, 2255, 383, 12.11%, 0, 0, 3, 277.07, 7935, 8453933
1605294846, 0, 980, 2412, 2260, 383, 12.11%, 0, 0, 3, 277.69, 7936, 8455345
1605294851, 0, 980, 2415, 2263, 383, 12.11%, 0, 0, 3, 276.05, 7937, 8456749
1605294856, 0, 980, 2417, 2265, 383, 12.11%, 0, 0, 3, 273.16, 7938, 8458129
1605294866, 0, 980, 2419, 2267, 383, 12.11%, 0, 0, 3, 279.76, 7938, 8460957
1605294871, 0, 980, 2420, 2268, 383, 12.11%, 0, 0, 3, 277.89, 7939, 8462372
1605294887, 0, 980, 2421, 2269, 383, 12.12%, 0, 0, 3, 279.22, 7940, 8466677
1605294907, 0, 980, 2422, 2270, 383, 12.12%, 0, 0, 3, 279.10, 7940, 8472406
1605295050, 0, 980, 2423, 2271, 383, 12.12%, 0, 0, 3, 279.38, 7940, 8512273
1605295060, 0, 980, 2424, 2272, 383, 12.12%, 0, 0, 3, 279.01, 7941, 8515100
1605295075, 0, 980, 2425, 2273, 383, 12.12%, 0, 0, 3, 279.44, 7942, 8519398
1605295234, 0, 980, 2426, 2274, 383, 12.12%, 0, 0, 3, 281.44, 7942, 8563730
1605295250, 0, 980, 2427, 2275, 383, 12.12%, 0, 0, 3, 279.84, 7943, 8568025
1605295347, 0, 980, 2428, 2276, 383, 12.12%, 0, 0, 3, 281.75, 7943, 8595155
1605295403, 0, 980, 2429, 2277, 383, 12.12%, 0, 0, 3, 285.49, 7944, 8610920
1605295637, 0, 980, 2430, 2278, 383, 12.12%, 0, 0, 3, 283.90, 7944, 8677057
1605295677, 0, 980, 2443, 2291, 383, 12.12%, 0, 0, 3, 284.08, 7945, 8688490
1605295683, 0, 980, 2448, 2296, 383, 12.13%, 0, 0, 3, 287.11, 7947, 8689979
1605295688, 0, 980, 2451, 2299, 383, 12.13%, 0, 0, 3, 290.50, 7947, 8691473
1605295693, 0, 980, 2456, 2304, 383, 12.13%, 0, 0, 3, 288.29, 7948, 8692948
1605295698, 0, 980, 2461, 2309, 383, 12.13%, 0, 0, 3, 289.49, 7948, 8694443
1605295703, 0, 980, 2463, 2311, 383, 12.13%, 0, 0, 3, 291.12, 7949, 8695946
1605295713, 0, 980, 2465, 2313, 383, 12.13%, 0, 0, 3, 290.94, 7949, 8698947
1605295724, 0, 1008, 2465, 2312, 383, 12.13%, 0, 0, 3, 40.61, 7949, 8700839
1605297038, 0, 1008, 2467, 2314, 383, 12.13%, 0, 0, 3, 39.26, 7950, 8751449
1605297396, 0, 1008, 2468, 2315, 383, 12.13%, 0, 0, 3, 38.21, 7950, 8765339
1605298389, 0, 1008, 2469, 2316, 383, 12.13%, 0, 0, 3, 40.26, 7950, 8804104
1605298654, 0, 1008, 2470, 2317, 383, 12.13%, 0, 0, 3, 39.38, 7950, 8814883
1605298761, 0, 1008, 2471, 2318, 383, 12.13%, 0, 0, 3, 39.38, 7951, 8819174
1605300517, 0, 1008, 2472, 2319, 383, 12.13%, 0, 0, 3, 35.60, 7951, 8889991
1605301945, 0, 1008, 2473, 2320, 383, 12.13%, 0, 0, 3, 38.88, 7951, 8945494
1605302073, 0, 1024, 2473, 2319, 383, 12.13%, 0, 0, 3, 40.95, 7951, 8950504
1605302129, 0, 1024, 2474, 2320, 383, 12.13%, 0, 0, 3, 38.86, 7951, 8952702
1605302404, 0, 1024, 2475, 2321, 383, 12.13%, 0, 0, 3, 38.14, 7951, 8963478
1605303713, 0, 1024, 2476, 2322, 383, 12.13%, 0, 0, 3, 38.22, 7951, 9014397
1605304383, 0, 1024, 2477, 2323, 383, 12.13%, 0, 0, 3, 38.74, 7952, 9040280
1605305502, 0, 1024, 2478, 2324, 383, 12.13%, 0, 0, 3, 38.80, 7952, 9083708
1605306460, 0, 1024, 2479, 2325, 383, 12.13%, 0, 0, 3, 38.37, 7952, 9120852
