# unix_time, cycles_done, cur_path, paths_total, pending_total, pending_favs, map_size, unique_crashes, unique_hangs, max_depth, execs_per_sec, edge_coverage, total_execs
1606842890, 0, 0, 1, 1, 1, 2.07%, 0, 0, 1, 205.13, 1356, 8
1606842895, 0, 0, 121, 121, 1, 2.53%, 0, 0, 2, 522.26, 1655, 4094
1606842900, 0, 0, 292, 292, 1, 2.70%, 0, 0, 2, 758.83, 1769, 8776
1606842905, 0, 0, 372, 372, 1, 2.71%, 0, 0, 2, 964.05, 1778, 14126
1606842910, 0, 0, 426, 426, 1, 2.72%, 0, 0, 2, 950.60, 1782, 18620
1606842915, 0, 0, 449, 449, 1, 2.73%, 0, 0, 2, 921.24, 1786, 23196
1606842921, 0, 0, 454, 454, 1, 2.73%, 0, 0, 2, 511.11, 1787, 25612
1606842926, 0, 0, 455, 455, 1, 2.73%, 0, 0, 2, 390.54, 1787, 27313
1606842936, 0, 0, 456, 456, 1, 2.73%, 0, 0, 2, 405.70, 1787, 31534
1606842941, 0, 0, 457, 457, 1, 2.73%, 0, 0, 2, 350.73, 1787, 33349
1606842951, 0, 0, 460, 460, 1, 2.73%, 0, 0, 2, 358.55, 1787, 37020
1606842956, 0, 0, 461, 461, 1, 2.73%, 0, 0, 2, 366.49, 1787, 38967
1606842961, 0, 0, 462, 462, 1, 2.73%, 0, 0, 2, 367.14, 1787, 40746
1606842971, 0, 0, 463, 463, 1, 2.73%, 0, 0, 2, 346.29, 1787, 44530
1606842981, 0, 0, 464, 464, 1, 2.73%, 0, 0, 2, 356.36, 1787, 48000
1606842986, 0, 0, 465, 465, 1, 2.73%, 0, 0, 2, 376.43, 1787, 49870
1606842991, 0, 0, 466, 466, 1, 2.73%, 0, 0, 2, 395.58, 1787, 51915
1606842997, 0, 0, 468, 468, 1, 2.73%, 0, 0, 2, 387.34, 1787, 53891
1606843042, 0, 0, 470, 470, 1, 2.73%, 0, 0, 2, 375.68, 1787, 71652
1606843058, 0, 0, 471, 471, 1, 2.73%, 0, 0, 2, 440.24, 1787, 78078
1606843068, 0, 0, 472, 472, 1, 2.74%, 0, 0, 2, 414.99, 1795, 82246
1606843073, 0, 0, 473, 473, 1, 2.74%, 0, 0, 2, 385.58, 1797, 84213
1606843078, 0, 0, 476, 476, 1, 2.74%, 0, 0, 2, 395.50, 1798, 86253
1606843083, 0, 0, 478, 478, 1, 2.74%, 0, 0, 2, 407.02, 1798, 88302
1606843088, 0, 0, 479, 479, 1, 2.74%, 0, 0, 2, 436.30, 1798, 90494
1606843098, 0, 0, 480, 480, 1, 2.75%, 0, 0, 2, 322.77, 1804, 93920
1606843103, 0, 0, 483, 483, 1, 2.75%, 0, 0, 2, 326.49, 1804, 95534
1606843124, 0, 0, 485, 485, 1, 2.75%, 0, 0, 2, 361.27, 1804, 102439
1606843134, 0, 0, 486, 486, 1, 2.75%, 0, 0, 2, 373.71, 1804, 106150
1606843144, 0, 0, 487, 487, 1, 2.75%, 0, 0, 2, 375.95, 1804, 109980
1606843154, 0, 0, 488, 488, 1, 2.75%, 0, 0, 2, 338.05, 1804, 113328
1606843159, 0, 0, 489, 489, 1, 2.75%, 0, 0, 2, 335.60, 1804, 115088
1606843164, 0, 0, 490, 490, 1, 2.75%, 0, 0, 2, 343.76, 1804, 116752
1606843174, 0, 0, 493, 493, 1, 2.76%, 0, 0, 2, 360.49, 1806, 120493
1606843179, 0, 0, 496, 496, 1, 2.78%, 0, 0, 2, 352.28, 1825, 122281
1606843184, 0, 0, 497, 497, 1, 2.78%, 0, 0, 2, 362.47, 1825, 124102
1606843190, 0, 0, 498, 498, 1, 2.78%, 0, 0, 2, 366.10, 1825, 125951
1606843195, 0, 0, 501, 501, 1, 2.80%, 0, 0, 2, 383.76, 1834, 127886
1606843200, 0, 0, 561, 561, 1, 2.82%, 0, 0, 2, 350.38, 1848, 129696
1606843205, 0, 0, 605, 605, 1, 2.83%, 0, 0, 2, 371.20, 1852, 131581
1606843210, 0, 0, 639, 639, 1, 2.83%, 0, 0, 2, 293.10, 1852, 132942
1606843215, 0, 0, 650, 650, 1, 2.83%, 0, 0, 2, 275.50, 1852, 134320
1606843225, 0, 0, 651, 651, 1, 2.83%, 0, 0, 2, 342.99, 1852, 137684
1606843230, 0, 0, 654, 654, 1, 2.83%, 0, 0, 2, 362.82, 1852, 139512
1606843235, 0, 0, 655, 655, 1, 2.83%, 0, 0, 2, 368.55, 1852, 141382
1606843241, 0, 0, 658, 658, 1, 2.86%, 0, 0, 2, 372.63, 1874, 143296
1606843246, 0, 0, 659, 659, 1, 2.86%, 0, 0, 2, 337.30, 1874, 144972
1606843251, 0, 0, 662, 662, 1, 2.86%, 0, 0, 2, 354.56, 1874, 146800
1606843256, 0, 0, 665, 665, 1, 2.86%, 0, 0, 2, 336.21, 1874, 148476
1606843261, 0, 0, 666, 666, 1, 2.86%, 0, 0, 2, 340.47, 1874, 150284
1606843266, 0, 0, 667, 667, 1, 2.86%, 0, 0, 2, 340.97, 1874, 152050
1606843286, 0, 0, 668, 668, 1, 2.86%, 0, 0, 2, 348.72, 1876, 158988
1606843291, 0, 0, 669, 669, 1, 2.87%, 0, 0, 2, 339.31, 1880, 160700
1606843296, 0, 0, 670, 670, 1, 2.87%, 0, 0, 2, 342.84, 1880, 162442
1606843301, 0, 0, 671, 671, 1, 2.87%, 0, 0, 2, 339.74, 1882, 164142
1606843311, 0, 0, 672, 672, 1, 2.87%, 0, 0, 2, 339.65, 1884, 167672
1606843322, 0, 0, 676, 676, 1, 2.87%, 0, 0, 2, 336.07, 1884, 171058
1606843327, 0, 0, 677, 677, 1, 2.87%, 0, 0, 2, 337.43, 1884, 172740
1606843332, 0, 0, 678, 678, 1, 2.87%, 0, 0, 2, 354.54, 1884, 174522
1606843337, 0, 0, 680, 680, 1, 2.87%, 0, 0, 2, 342.54, 1884, 176250
1606843342, 0, 0, 681, 681, 1, 2.87%, 0, 0, 2, 350.97, 1884, 177990
1606843352, 0, 0, 682, 682, 1, 2.88%, 0, 0, 2, 356.43, 1885, 181561
