# unix_time, cycles_done, cur_path, paths_total, pending_total, pending_favs, map_size, unique_crashes, unique_hangs, max_depth, execs_per_sec, edge_coverage, total_execs
1601778726, 0, 0, 1, 1, 1, 1.82%, 0, 0, 1, 90.91 0 8
1601778731, 0, 0, 8, 8, 1, 1.94%, 0, 0, 2, 231.83 1273 1493
1601778736, 0, 0, 35, 35, 1, 2.04%, 0, 0, 2, 83.90 1339 2116
1601778742, 0, 0, 85, 85, 1, 2.11%, 0, 0, 2, 179.59 1381 3200
1601778747, 0, 0, 116, 116, 1, 2.18%, 0, 0, 2, 257.34 1431 4625
1601778752, 0, 0, 164, 164, 1, 2.22%, 0, 0, 2, 273.92 1456 6069
1601778757, 0, 0, 194, 194, 1, 2.23%, 0, 0, 2, 240.74 1464 7264
1601778762, 0, 0, 205, 205, 1, 2.23%, 0, 0, 2, 228.44 1464 8408
1601778767, 0, 0, 209, 209, 1, 2.23%, 0, 0, 2, 235.14 1464 9616
1601778777, 0, 0, 214, 214, 1, 2.23%, 0, 0, 2, 207.57 1464 11856
1601778782, 0, 0, 215, 215, 1, 2.23%, 0, 0, 2, 192.68 1464 12801
1601778788, 0, 0, 216, 216, 1, 2.23%, 0, 0, 2, 189.11 1464 13775
1601778798, 0, 0, 218, 218, 1, 2.23%, 0, 0, 2, 153.59 1464 15468
1601778803, 0, 0, 220, 220, 1, 2.23%, 0, 0, 2, 176.14 1464 16405
1601778808, 0, 0, 224, 224, 1, 2.23%, 0, 0, 2, 163.56 1464 17214
1601778813, 0, 0, 228, 228, 1, 2.23%, 0, 0, 2, 160.27 1464 18020
1601778823, 0, 0, 229, 229, 1, 2.23%, 0, 0, 2, 148.25 1464 19538
1601778839, 0, 0, 272, 272, 1, 2.34%, 0, 0, 2, 150.94 1532 21835
1601778844, 0, 0, 324, 324, 1, 2.48%, 0, 0, 2, 147.89 1623 22697
1601778849, 0, 0, 325, 325, 1, 2.48%, 0, 0, 2, 134.10 1625 23352
1601778854, 0, 0, 328, 328, 1, 2.51%, 0, 0, 2, 115.99 1648 23942
1601778864, 0, 0, 334, 334, 1, 2.52%, 0, 0, 2, 26.73 1650 25099
1601778869, 0, 0, 340, 340, 1, 2.52%, 0, 0, 2, 126.41 1654 25828
1601778874, 0, 0, 342, 342, 1, 2.53%, 0, 0, 2, 238.81 1656 27128
1601778879, 0, 0, 348, 348, 1, 2.53%, 0, 0, 2, 267.00 1657 28520
1601778884, 0, 0, 350, 350, 1, 2.53%, 0, 0, 2, 219.12 1657 29624
1601778925, 0, 0, 351, 351, 1, 2.53%, 0, 0, 2, 188.57 1657 38217
1601778935, 0, 0, 352, 352, 1, 2.53%, 0, 0, 2, 159.30 1657 39848
1601778961, 0, 0, 370, 370, 1, 2.56%, 0, 0, 2, 172.16 1679 43724
1601778966, 0, 0, 372, 372, 1, 2.56%, 0, 0, 2, 140.54 1679 44386
1601778981, 0, 0, 373, 373, 1, 2.57%, 0, 0, 2, 140.95 1681 46197
1601778987, 0, 0, 380, 380, 1, 2.57%, 0, 0, 2, 128.46 1686 46947
1601778992, 0, 0, 381, 381, 1, 2.57%, 0, 0, 2, 237.91 1686 48219
1601778997, 0, 0, 386, 386, 1, 2.57%, 0, 0, 2, 284.49 1686 49727
1601779033, 0, 0, 387, 387, 1, 2.57%, 0, 0, 2, 186.35 1686 58035
1601779043, 0, 0, 390, 390, 1, 2.57%, 0, 0, 2, 187.35 1686 59997
1601779073, 0, 0, 394, 394, 1, 2.58%, 0, 0, 2, 178.64 1688 64691
1601779078, 0, 0, 397, 397, 1, 2.58%, 0, 0, 2, 141.27 1688 65353
1601779094, 0, 0, 399, 399, 1, 2.58%, 0, 0, 2, 111.92 1689 67075
1601779099, 0, 0, 401, 401, 1, 2.58%, 0, 0, 2, 216.86 1690 68353
1601779109, 0, 0, 402, 402, 1, 2.58%, 0, 0, 2, 198.29 1690 70129
1601779120, 0, 0, 403, 403, 1, 2.58%, 0, 0, 2, 153.90 1691 72135
1601779135, 0, 0, 405, 405, 1, 2.58%, 0, 0, 2, 179.42 1693 75271
1601779145, 0, 0, 415, 415, 1, 2.59%, 0, 0, 2, 20.66 1698 77078
1601779150, 0, 0, 420, 420, 1, 2.59%, 0, 0, 2, 18.76 1700 77165
1601779161, 0, 0, 424, 424, 1, 2.59%, 0, 0, 2, 180.42 1700 78518
1601779171, 0, 0, 433, 433, 1, 2.60%, 0, 0, 2, 279.35 1704 80600
1601779176, 0, 0, 436, 436, 1, 2.60%, 0, 0, 2, 165.72 1705 81419
1601779191, 0, 0, 440, 440, 1, 2.60%, 0, 0, 2, 259.39 1705 83851
1601779212, 0, 0, 441, 441, 1, 2.60%, 0, 0, 2, 278.28 1705 89509
1601779232, 0, 0, 446, 446, 1, 2.60%, 0, 0, 2, 302.98 1705 95209
1601779237, 0, 0, 447, 447, 1, 2.60%, 0, 0, 2, 311.48 1705 96735
1601779242, 0, 0, 448, 448, 1, 2.60%, 0, 0, 2, 323.44 1705 98411
1601779252, 0, 0, 451, 451, 1, 2.60%, 0, 0, 2, 294.04 1705 101144
1601779268, 0, 0, 452, 452, 1, 2.60%, 0, 0, 2, 194.15 1705 104465
1601779508, 0, 0, 453, 453, 1, 2.60%, 0, 0, 2, 207.21 1705 158331
1601779783, 0, 0, 454, 454, 1, 2.60%, 0, 0, 2, 221.57 1706 202127
1601779793, 0, 0, 463, 463, 1, 2.61%, 0, 0, 2, 234.73 1712 203899
1601779799, 0, 0, 465, 465, 1, 2.61%, 0, 0, 2, 192.76 1712 204945
1601779814, 0, 0, 469, 469, 1, 2.61%, 0, 0, 2, 128.99 1712 206697
1601780008, 0, 0, 470, 470, 1, 2.61%, 0, 0, 2, 180.88 1712 236689
1601780034, 0, 0, 471, 471, 1, 2.61%, 0, 0, 2, 165.09 1712 241119
1601780054, 0, 0, 474, 474, 1, 2.61%, 0, 0, 2, 132.84 1712 244509
1601780208, 0, 0, 475, 475, 1, 2.61%, 0, 0, 2, 180.95 1712 262641
1601780244, 0, 0, 476, 476, 1, 2.62%, 0, 0, 2, 188.56 1714 269789
1601780337, 0, 0, 477, 477, 1, 2.62%, 0, 0, 2, 165.16 1715 279568
1601780403, 0, 0, 478, 478, 1, 2.62%, 0, 0, 2, 146.83 1715 293249
1601780408, 0, 0, 482, 482, 1, 2.62%, 0, 0, 2, 140.65 1715 293991
1601780418, 0, 0, 483, 483, 1, 2.62%, 0, 0, 2, 50.81 1715 295739
1601780429, 0, 0, 487, 487, 1, 2.62%, 0, 0, 2, 231.43 1715 297565
1601780449, 0, 0, 488, 488, 1, 2.62%, 0, 0, 2, 400.55 1715 303641
1601780465, 0, 0, 489, 489, 1, 2.62%, 0, 0, 2, 242.39 1716 307673
1601780700, 0, 0, 497, 497, 1, 2.62%, 0, 0, 2, 224.87 1717 355881
1601780705, 0, 0, 501, 501, 1, 2.62%, 0, 0, 2, 143.24 1717 356493
1601780746, 0, 0, 502, 502, 1, 2.62%, 0, 0, 2, 383.80 1717 363193
1601780761, 0, 0, 504, 504, 1, 2.62%, 0, 0, 2, 260.83 1718 365590
1601780792, 0, 0, 505, 505, 1, 2.62%, 0, 0, 2, 375.96 1718 374774
1601781181, 0, 0, 507, 507, 1, 2.62%, 0, 0, 2, 171.48 1719 457487
1601781186, 0, 0, 513, 513, 1, 2.63%, 0, 0, 2, 225.40 1722 458657
1601781191, 0, 0, 514, 514, 1, 2.63%, 0, 0, 2, 175.75 1723 459661
1601781196, 0, 0, 516, 516, 1, 2.63%, 0, 0, 2, 132.54 1723 460275
1601781201, 0, 0, 517, 517, 1, 2.63%, 0, 0, 2, 130.73 1723 460935
1601781242, 0, 0, 518, 518, 1, 2.63%, 0, 0, 2, 110.66 1724 466047
1601781263, 0, 0, 519, 519, 1, 2.64%, 0, 0, 2, 164.02 1732 469235
1601781268, 0, 0, 524, 524, 1, 2.64%, 0, 0, 2, 287.86 1733 470796
1601781278, 0, 0, 525, 525, 1, 2.64%, 0, 0, 2, 246.69 1733 472476
1601781308, 0, 0, 526, 526, 1, 2.64%, 0, 0, 2, 355.62 1733 481646
1601781598, 0, 0, 527, 527, 1, 2.65%, 0, 0, 2, 166.60 1735 545570
1601781604, 0, 0, 530, 530, 1, 2.65%, 0, 0, 2, 162.85 1738 546404
1601781609, 0, 0, 542, 542, 1, 2.66%, 0, 0, 2, 233.05 1740 547702
1601781614, 0, 0, 546, 546, 1, 2.68%, 0, 0, 2, 197.58 1756 548846
1601781619, 0, 0, 552, 552, 1, 2.68%, 0, 0, 2, 139.74 1756 549482
1601781624, 0, 0, 553, 553, 1, 2.68%, 0, 0, 2, 140.00 1756 550208
1601781655, 0, 0, 557, 557, 1, 2.68%, 0, 0, 2, 109.26 1756 554258
1601781696, 0, 0, 563, 563, 1, 2.68%, 0, 0, 2, 239.30 1759 559007
1601781701, 0, 0, 567, 567, 1, 2.69%, 0, 0, 2, 330.04 1764 560879
1601781707, 0, 0, 570, 570, 1, 2.69%, 0, 0, 2, 374.46 1765 562834
1601781712, 0, 0, 572, 572, 1, 2.69%, 0, 0, 2, 392.54 1765 564838
1601781717, 0, 0, 573, 573, 1, 2.69%, 0, 0, 2, 393.86 1765 566890
1601781722, 0, 0, 575, 575, 1, 2.70%, 0, 0, 2, 395.12 1769 568880
1601781732, 0, 0, 576, 576, 1, 2.70%, 0, 0, 2, 389.92 1769 572899
1601781737, 0, 0, 577, 577, 1, 2.70%, 0, 0, 2, 388.53 1769 574874
1601781747, 0, 0, 578, 578, 1, 2.70%, 0, 0, 2, 385.77 1769 578831
1601781757, 0, 0, 580, 580, 1, 2.70%, 0, 0, 2, 386.55 1769 582753
1601781773, 0, 0, 581, 581, 1, 2.70%, 0, 0, 2, 404.16 1769 589001
1601781778, 0, 0, 582, 582, 1, 2.70%, 0, 0, 2, 396.69 1769 590980
1601781783, 0, 4, 582, 581, 121, 2.70%, 0, 0, 2, 486.31 1769 593565
1601781809, 0, 8, 582, 580, 120, 2.70%, 0, 0, 2, 516.25 1769 606551
1601781916, 0, 17, 582, 579, 118, 2.70%, 0, 0, 2, 512.16 1769 662447
1601781942, 0, 21, 582, 578, 117, 2.70%, 0, 0, 2, 487.56 1769 674610
1601781973, 0, 23, 582, 577, 116, 2.70%, 0, 0, 2, 322.36 1769 688907
1601782101, 0, 23, 583, 578, 116, 2.70%, 0, 0, 3, 67.05 1771 707517
1601782106, 0, 23, 585, 580, 116, 2.71%, 0, 0, 3, 72.70 1774 707898
1601782111, 0, 23, 586, 581, 116, 2.71%, 0, 0, 3, 83.83 1774 708293
1601782121, 0, 23, 589, 584, 116, 2.71%, 0, 0, 3, 63.08 1775 709151
1601782270, 0, 23, 590, 585, 116, 2.71%, 0, 0, 3, 77.79 1776 728367
1601782275, 0, 23, 591, 586, 116, 2.71%, 0, 0, 3, 77.40 1777 728779
1601782280, 0, 23, 593, 588, 116, 2.71%, 0, 0, 3, 104.79 1777 729275
1601782433, 0, 23, 595, 590, 116, 2.71%, 0, 0, 3, 70.10 1777 749736
1601782438, 0, 23, 596, 591, 116, 2.71%, 0, 0, 3, 122.05 1777 750410
1601783523, 0, 23, 597, 592, 116, 2.71%, 0, 0, 3, 45.00 1777 890423
1601783964, 0, 23, 599, 594, 116, 2.72%, 0, 0, 3, 301.92 1782 928082
1601783969, 0, 23, 600, 595, 116, 2.72%, 0, 0, 3, 37.81 1782 928324
1601784658, 0, 23, 601, 596, 116, 2.72%, 0, 0, 3, 118.60 1782 978202
1601785015, 0, 23, 602, 597, 116, 2.72%, 0, 0, 3, 79.32 1782 1040477
1601785593, 0, 23, 603, 598, 116, 2.72%, 0, 0, 3, 94.90 1782 1144254
1601786098, 0, 23, 604, 599, 116, 2.72%, 0, 0, 3, 124.13 1782 1232512
1601786109, 0, 23, 606, 601, 116, 2.72%, 0, 0, 3, 113.24 1782 1233412
1601786145, 0, 23, 612, 607, 116, 2.72%, 0, 0, 3, 76.58 1782 1237695
1601786252, 0, 23, 613, 608, 116, 2.72%, 0, 0, 3, 354.65 1782 1242199
1601786257, 0, 26, 613, 607, 120, 2.72%, 0, 0, 3, 451.55 1782 1244533
1601786283, 0, 27, 613, 606, 119, 2.72%, 0, 0, 3, 486.24 1782 1257055
1601786314, 0, 32, 613, 605, 118, 2.72%, 0, 0, 3, 484.62 1782 1271933
1601786360, 0, 32, 614, 606, 118, 2.72%, 0, 0, 3, 458.88 1783 1292462
1601786661, 0, 34, 614, 605, 118, 2.72%, 0, 0, 3, 459.37 1783 1428873
1601786825, 0, 34, 615, 606, 118, 2.73%, 0, 0, 3, 474.61 1788 1503150
1601786830, 0, 34, 616, 607, 118, 2.73%, 0, 0, 3, 462.20 1789 1505390
1601786845, 0, 41, 616, 606, 119, 2.73%, 0, 0, 3, 469.61 1789 1512523
1601786998, 0, 41, 617, 607, 119, 2.73%, 0, 0, 3, 466.49 1789 1582419
1601787028, 0, 42, 617, 606, 119, 2.73%, 0, 0, 3, 459.43 1789 1596338
1601787212, 0, 44, 618, 606, 117, 2.73%, 0, 0, 3, 463.79 1789 1680085
1601787416, 0, 63, 619, 606, 116, 2.73%, 0, 0, 3, 415.56 1789 1768022
1601788033, 0, 68, 619, 605, 115, 2.73%, 0, 0, 3, 434.65 1789 2001605
1601788216, 0, 69, 619, 604, 114, 2.73%, 0, 0, 3, 464.19 1789 2084347
1601788221, 0, 69, 620, 605, 114, 2.73%, 0, 0, 3, 458.24 1790 2086688
1601788399, 0, 70, 620, 604, 114, 2.73%, 0, 0, 3, 460.07 1790 2166950
1601788583, 0, 72, 620, 603, 113, 2.73%, 0, 0, 3, 459.96 1790 2250890
1601788767, 0, 80, 620, 602, 112, 2.73%, 0, 0, 3, 462.16 1790 2332986
1601788976, 0, 95, 620, 601, 111, 2.73%, 0, 0, 3, 459.56 1790 2425020
1601789124, 0, 95, 621, 602, 111, 2.73%, 0, 0, 3, 449.33 1792 2488887
1601789181, 0, 95, 622, 603, 111, 2.73%, 0, 0, 3, 414.18 1792 2513917
1601789186, 0, 95, 624, 605, 111, 2.73%, 0, 0, 3, 449.10 1792 2516295
1601789196, 0, 99, 624, 604, 110, 2.73%, 0, 0, 3, 388.01 1792 2520564
1601789945, 0, 99, 625, 605, 110, 2.73%, 0, 0, 3, 293.33 1792 2767366
1601790062, 0, 99, 627, 607, 110, 2.74%, 0, 0, 3, 317.50 1794 2808784
1601790067, 0, 99, 629, 609, 110, 2.74%, 0, 0, 3, 328.13 1794 2810504
1601790072, 0, 111, 629, 608, 109, 2.74%, 0, 0, 3, 387.86 1794 2812580
1601791040, 0, 116, 629, 607, 108, 2.74%, 0, 0, 3, 413.27 1794 3127681
1601791268, 0, 120, 629, 606, 107, 2.74%, 0, 0, 3, 419.39 1794 3224550
1601791473, 0, 120, 630, 607, 107, 2.74%, 0, 0, 3, 454.45 1794 3311391
1601791493, 0, 137, 630, 606, 106, 2.74%, 0, 0, 3, 375.57 1794 3319565
1601792194, 0, 137, 631, 607, 106, 2.74%, 0, 0, 3, 383.30 1794 3534144
1601792484, 0, 146, 631, 606, 105, 2.74%, 0, 0, 3, 435.55 1794 3635199
1601792730, 0, 159, 631, 605, 104, 2.74%, 0, 0, 3, 412.62 1794 3738875
1601792913, 0, 159, 632, 606, 104, 2.74%, 0, 0, 3, 380.22 1794 3801486
1601793091, 0, 159, 633, 607, 104, 2.74%, 0, 0, 3, 351.03 1794 3863255
1601793539, 0, 160, 633, 606, 103, 2.74%, 0, 0, 3, 394.49 1794 4026861
1601793544, 0, 160, 634, 607, 103, 2.74%, 0, 0, 3, 369.53 1794 4028725
1601794343, 0, 167, 634, 606, 103, 2.74%, 0, 0, 3, 418.60 1794 4316030
1601794643, 0, 167, 635, 607, 103, 2.74%, 0, 0, 3, 410.40 1794 4437698
1601794648, 0, 168, 635, 606, 102, 2.74%, 0, 0, 3, 435.44 1794 4439956
1601794943, 0, 177, 635, 605, 101, 2.74%, 0, 0, 3, 302.13 1794 4560296
1601795004, 0, 177, 636, 606, 101, 2.74%, 0, 0, 3, 172.04 1794 4572863
1601795024, 0, 177, 637, 607, 101, 2.74%, 0, 0, 3, 151.02 1794 4576138
1601797928, 0, 177, 638, 608, 101, 2.74%, 0, 0, 3, 218.03 1795 5122787
1601798041, 0, 183, 638, 607, 101, 2.74%, 0, 0, 3, 298.42 1795 5138472
1601799314, 0, 183, 639, 608, 101, 2.74%, 0, 0, 3, 307.99 1795 5475188
1601799324, 0, 240, 639, 607, 101, 2.74%, 0, 0, 3, 315.53 1795 5478412
1601799757, 0, 240, 640, 608, 101, 2.74%, 0, 0, 3, 371.09 1795 5631953
1601799834, 0, 240, 641, 609, 101, 2.74%, 0, 0, 3, 408.57 1795 5660924
1601800089, 0, 240, 643, 611, 101, 2.74%, 0, 0, 3, 353.17 1795 5759024
1601800094, 0, 250, 643, 610, 101, 2.74%, 0, 0, 3, 405.73 1795 5761133
1601800150, 0, 250, 644, 611, 101, 2.74%, 0, 0, 3, 371.66 1795 5781464
1601800849, 0, 250, 645, 612, 101, 2.74%, 0, 0, 3, 346.17 1795 6043273
1601800854, 0, 255, 645, 611, 100, 2.74%, 0, 0, 3, 369.61 1795 6045203
1601803829, 0, 256, 645, 610, 99, 2.74%, 0, 0, 3, 333.67 1795 6623547
1601806733, 0, 270, 645, 609, 98, 2.74%, 0, 0, 3, 303.64 1795 7201366
1601806855, 0, 270, 646, 610, 98, 2.74%, 0, 0, 3, 151.80 1795 7223857
1601806947, 0, 270, 647, 611, 98, 2.74%, 0, 0, 3, 144.65 1795 7242210
1601807054, 0, 270, 648, 612, 98, 2.74%, 0, 0, 3, 147.81 1795 7262945
1601808313, 0, 270, 649, 613, 98, 2.74%, 0, 0, 3, 148.76 1795 7490963
1601808593, 0, 270, 650, 614, 98, 2.74%, 0, 0, 3, 148.63 1795 7553414
1601809546, 0, 270, 652, 616, 98, 2.74%, 0, 0, 3, 140.60 1795 7767035
1601809638, 0, 270, 653, 617, 98, 2.74%, 0, 0, 3, 230.96 1797 7778576
1601809643, 0, 271, 653, 616, 98, 2.74%, 0, 0, 3, 358.17 1797 7780659
1601812552, 0, 283, 653, 615, 97, 2.74%, 0, 0, 3, 373.26 1797 8360131
1601813313, 0, 290, 653, 614, 96, 2.74%, 0, 0, 3, 402.93 1797 8647316
1601813369, 0, 290, 654, 615, 96, 2.74%, 0, 0, 3, 377.81 1798 8666734
1601813496, 0, 290, 655, 616, 96, 2.75%, 0, 0, 3, 421.30 1799 8712520
1601814088, 0, 295, 655, 615, 97, 2.75%, 0, 0, 3, 407.98 1799 8937880
1601814863, 0, 297, 655, 614, 96, 2.75%, 0, 0, 3, 384.31 1799 9226243
1601815056, 0, 297, 656, 615, 96, 2.75%, 0, 0, 3, 393.09 1800 9293876
1601815644, 0, 297, 657, 616, 96, 2.75%, 0, 0, 3, 454.04 1800 9515990
1601815649, 0, 299, 657, 615, 97, 2.75%, 0, 0, 3, 415.75 1800 9518067
1601816431, 0, 300, 657, 614, 96, 2.75%, 0, 0, 3, 404.38 1800 9808067
1601817197, 0, 301, 657, 613, 95, 2.75%, 0, 0, 3, 378.21 1800 10097897
1601817202, 0, 301, 660, 616, 95, 2.75%, 0, 0, 3, 53.03 1800 10098746
1601817207, 0, 301, 662, 618, 95, 2.75%, 0, 0, 3, 146.91 1805 10099566
1601817299, 0, 301, 664, 620, 95, 2.75%, 0, 0, 3, 140.56 1805 10117500
1601817319, 0, 301, 665, 621, 95, 2.75%, 0, 0, 3, 153.96 1805 10120136
1601817411, 0, 301, 666, 622, 95, 2.75%, 0, 0, 3, 143.88 1805 10138512
1601817431, 0, 301, 668, 624, 95, 2.75%, 0, 0, 3, 173.53 1805 10141262
1601817518, 0, 301, 669, 625, 95, 2.75%, 0, 0, 3, 145.92 1805 10159391
1601817580, 0, 301, 670, 626, 95, 2.75%, 0, 0, 3, 21.07 1805 10170860
1601817590, 0, 301, 671, 627, 95, 2.75%, 0, 0, 3, 108.04 1805 10171799
1601817595, 0, 301, 672, 628, 95, 2.75%, 0, 0, 3, 129.48 1805 10172627
1601818782, 0, 301, 673, 629, 95, 2.75%, 0, 0, 3, 144.95 1805 10387113
1601819063, 0, 301, 674, 630, 95, 2.75%, 0, 0, 3, 145.62 1805 10449627
1601820021, 0, 301, 678, 634, 95, 2.75%, 0, 0, 3, 141.10 1805 10663567
1601820111, 0, 301, 679, 635, 95, 2.75%, 0, 0, 3, 317.21 1805 10675632
1601820116, 0, 301, 680, 636, 95, 2.75%, 0, 0, 3, 395.45 1805 10677720
1601820122, 0, 307, 680, 635, 96, 2.75%, 0, 0, 3, 407.36 1805 10679868
1601820907, 0, 308, 680, 634, 95, 2.75%, 0, 0, 3, 404.49 1805 10970420
1601821707, 0, 309, 680, 633, 94, 2.75%, 0, 0, 3, 387.47 1805 11259505
1601821712, 0, 309, 682, 635, 94, 2.75%, 0, 0, 3, 296.61 1805 11261020
1601821804, 0, 309, 683, 636, 94, 2.75%, 0, 0, 3, 179.60 1805 11279290
1601824437, 0, 313, 683, 635, 94, 2.75%, 0, 0, 3, 328.81 1805 11827597
1601827202, 0, 334, 683, 634, 93, 2.75%, 0, 0, 3, 271.79 1805 12396165
1601827427, 0, 334, 685, 636, 93, 2.75%, 0, 0, 3, 146.89 1805 12435582
1601827452, 0, 334, 687, 638, 93, 2.75%, 0, 0, 3, 127.27 1805 12438412
1601827549, 0, 334, 688, 639, 93, 2.75%, 0, 0, 3, 135.82 1805 12456980
1601828956, 0, 334, 689, 640, 93, 2.75%, 0, 0, 3, 139.50 1805 12684868
1601829257, 0, 334, 690, 641, 93, 2.75%, 0, 0, 3, 132.67 1805 12747309
1601830277, 0, 334, 692, 643, 93, 2.75%, 0, 0, 3, 124.91 1805 12960934
1601830389, 0, 337, 692, 642, 93, 2.75%, 0, 0, 3, 404.21 1805 12975001
1601830630, 0, 340, 692, 641, 92, 2.75%, 0, 0, 3, 454.99 1805 13079300
1601830829, 0, 343, 692, 640, 91, 2.75%, 0, 0, 3, 400.19 1805 13169241
1601831814, 0, 352, 692, 639, 90, 2.75%, 0, 0, 3, 392.93 1805 13486863
1601831870, 0, 352, 693, 640, 90, 2.75%, 0, 0, 3, 378.00 1805 13506918
1601831921, 0, 352, 695, 642, 90, 2.76%, 0, 0, 3, 374.14 1811 13525070
1601832217, 0, 352, 696, 643, 90, 2.76%, 0, 0, 3, 385.10 1812 13635291
1601832570, 0, 352, 698, 645, 90, 2.76%, 0, 0, 3, 377.10 1812 13770206
1601832575, 0, 355, 698, 644, 91, 2.76%, 0, 0, 3, 406.10 1812 13772345
1601832631, 0, 355, 699, 645, 91, 2.76%, 0, 0, 3, 378.70 1812 13792371
1601832682, 0, 355, 700, 646, 91, 2.76%, 0, 0, 3, 376.36 1812 13810550
1601833086, 0, 355, 701, 647, 91, 2.76%, 0, 0, 3, 329.39 1812 13956353
1601833091, 0, 355, 703, 649, 91, 2.76%, 0, 0, 3, 405.14 1812 13958448
1601833351, 0, 355, 706, 652, 91, 2.77%, 0, 0, 3, 367.79 1813 14057603
1601833356, 0, 357, 707, 652, 92, 2.77%, 0, 0, 3, 395.93 1813 14059719
1601836372, 0, 358, 707, 651, 91, 2.77%, 0, 0, 3, 374.39 1813 14639636
1601836993, 0, 358, 708, 652, 91, 2.77%, 0, 0, 3, 376.44 1814 14869892
1601837131, 0, 360, 708, 651, 91, 2.77%, 0, 0, 3, 398.64 1814 14922828
1601837243, 0, 360, 709, 652, 91, 2.77%, 0, 0, 3, 127.38 1814 14943849
1601837350, 0, 360, 710, 653, 91, 2.77%, 0, 0, 3, 142.55 1814 14963735
1601837462, 0, 360, 711, 654, 91, 2.77%, 0, 0, 3, 142.07 1814 14984844
1601838762, 0, 360, 712, 655, 91, 2.77%, 0, 0, 3, 147.90 1814 15212590
1601839053, 0, 360, 713, 656, 91, 2.77%, 0, 0, 3, 140.90 1814 15275417
1601840039, 0, 360, 715, 658, 91, 2.77%, 0, 0, 3, 135.83 1814 15489061
1601840136, 0, 363, 715, 657, 92, 2.77%, 0, 0, 3, 346.92 1814 15501900
1601840243, 0, 363, 716, 658, 92, 2.77%, 0, 0, 3, 348.73 1814 15539423
1601840911, 0, 377, 717, 658, 92, 2.77%, 0, 0, 3, 393.70 1814 15788521
1601841089, 0, 377, 719, 660, 92, 2.77%, 0, 0, 3, 402.00 1817 15853460
1601841661, 0, 393, 719, 659, 92, 2.77%, 0, 0, 3, 402.38 1817 16070257
1601841666, 0, 393, 722, 662, 92, 2.77%, 0, 0, 3, 360.80 1817 16072084
1601841717, 0, 393, 723, 663, 92, 2.77%, 0, 0, 3, 357.15 1817 16089340
1601841844, 0, 393, 724, 664, 92, 2.77%, 0, 0, 3, 373.35 1817 16133697
1601842464, 0, 400, 724, 663, 92, 2.77%, 0, 0, 3, 436.32 1817 16360565
1601842711, 0, 404, 724, 662, 91, 2.77%, 0, 0, 3, 439.98 1817 16465461
1601842843, 0, 404, 725, 663, 91, 2.78%, 0, 0, 3, 496.51 1819 16530792
1601843731, 0, 407, 725, 662, 90, 2.78%, 0, 0, 3, 496.88 1819 16969377
1601843751, 0, 409, 725, 661, 89, 2.78%, 0, 0, 3, 505.84 1819 16979230
1601844797, 0, 413, 726, 661, 88, 2.78%, 0, 0, 3, 489.15 1819 17481390
1601845085, 0, 420, 726, 660, 87, 2.78%, 0, 0, 3, 456.96 1819 17624587
1601845091, 0, 420, 728, 662, 87, 2.78%, 0, 0, 3, 37.69 1819 17625921
1601845203, 0, 420, 729, 663, 87, 2.78%, 0, 0, 3, 144.04 1819 17646860
1601845208, 0, 420, 730, 664, 87, 2.78%, 0, 0, 3, 214.75 1819 17647954
1601845315, 0, 420, 731, 665, 87, 2.78%, 0, 0, 3, 175.04 1819 17668250
1601846552, 0, 420, 732, 666, 87, 2.78%, 0, 0, 3, 159.13 1819 17899822
1601846623, 0, 420, 733, 667, 87, 2.78%, 0, 0, 3, 138.58 1819 17914618
1601846908, 0, 420, 734, 668, 87, 2.78%, 0, 0, 3, 155.18 1819 17976812
1601847437, 0, 420, 736, 670, 87, 2.78%, 0, 0, 3, 74.91 1819 18089342
1601847903, 0, 420, 737, 671, 87, 2.78%, 0, 0, 3, 142.25 1819 18197797
1601847944, 0, 420, 738, 672, 87, 2.78%, 0, 0, 3, 137.66 1819 18203363
1601847995, 0, 429, 738, 671, 87, 2.78%, 0, 0, 3, 313.53 1819 18210600
1601848246, 0, 431, 738, 670, 86, 2.78%, 0, 0, 3, 407.78 1819 18317992
1601848444, 0, 431, 739, 671, 86, 2.78%, 0, 0, 3, 394.91 1821 18384977
1601849054, 0, 431, 740, 672, 86, 2.78%, 0, 0, 3, 342.79 1821 18609855
1601849059, 0, 433, 740, 671, 86, 2.78%, 0, 0, 3, 427.13 1821 18612145
1601849262, 0, 433, 741, 672, 86, 2.79%, 0, 0, 3, 465.72 1828 18690905
1601849278, 0, 435, 742, 672, 86, 2.79%, 0, 0, 3, 464.91 1830 18698030
1601849467, 0, 459, 742, 671, 85, 2.79%, 0, 0, 3, 363.11 1830 18784026
1601850501, 0, 459, 743, 672, 85, 2.79%, 0, 0, 3, 214.47 1830 18982747
1601852538, 0, 463, 743, 671, 85, 2.79%, 0, 0, 3, 311.43 1830 19371755
1601853360, 0, 475, 743, 670, 84, 2.79%, 0, 0, 3, 319.99 1830 19668678
1601853366, 0, 475, 744, 671, 84, 2.79%, 0, 0, 3, 155.93 1830 19669451
1601854994, 0, 475, 745, 672, 84, 2.79%, 0, 0, 3, 145.57 1830 19957233
1601855289, 0, 475, 746, 673, 84, 2.79%, 0, 0, 3, 134.28 1830 20020292
1601856314, 0, 475, 748, 675, 84, 2.79%, 0, 0, 3, 150.40 1830 20244939
1601856319, 0, 475, 749, 676, 84, 2.79%, 0, 0, 3, 134.94 1830 20245591
1601856427, 0, 487, 749, 675, 85, 2.79%, 0, 0, 3, 408.58 1830 20260475
1601856432, 0, 487, 750, 676, 85, 2.79%, 0, 0, 3, 427.37 1830 20262699
1601856626, 0, 487, 751, 677, 85, 2.79%, 0, 0, 3, 449.15 1830 20347586
1601856652, 0, 488, 751, 676, 84, 2.79%, 0, 0, 3, 444.86 1830 20358864
1601856966, 0, 495, 751, 675, 83, 2.79%, 0, 0, 3, 379.25 1830 20484021
1601857476, 0, 495, 752, 676, 83, 2.79%, 0, 0, 3, 383.60 1831 20668497
1601857609, 0, 495, 754, 678, 83, 2.80%, 0, 0, 3, 398.22 1832 20717720
1601857777, 0, 502, 754, 677, 85, 2.80%, 0, 0, 3, 440.64 1832 20778102
1601857782, 0, 502, 755, 678, 85, 2.80%, 0, 0, 3, 437.89 1832 20780334
1601857986, 0, 507, 755, 677, 84, 2.80%, 0, 0, 3, 428.83 1832 20870303
1601858042, 0, 507, 757, 679, 84, 2.80%, 0, 0, 3, 370.67 1832 20890125
1601858410, 0, 507, 758, 680, 84, 2.80%, 0, 0, 3, 377.24 1832 21025240
1601858763, 0, 507, 759, 681, 84, 2.80%, 0, 0, 3, 352.00 1832 21158369
1601858773, 0, 511, 759, 680, 83, 2.80%, 0, 0, 3, 405.10 1832 21162462
1601859577, 0, 519, 759, 679, 82, 2.80%, 0, 0, 3, 455.65 1832 21460386
1601859668, 0, 520, 759, 678, 80, 2.80%, 0, 0, 3, 472.91 1832 21503406
1601859909, 0, 528, 759, 677, 79, 2.80%, 0, 0, 3, 443.99 1832 21607846
1601859965, 0, 528, 760, 678, 79, 2.80%, 0, 0, 3, 385.46 1833 21628441
1601860521, 0, 528, 761, 679, 79, 2.80%, 0, 0, 3, 369.03 1834 21835414
1601860679, 0, 530, 761, 678, 78, 2.80%, 0, 0, 3, 397.92 1834 21896485
1601860684, 0, 530, 765, 682, 78, 2.80%, 0, 0, 3, 360.33 1834 21898340
1601861486, 0, 530, 766, 683, 78, 2.80%, 0, 0, 3, 322.43 1834 22190817
1601861496, 0, 539, 766, 682, 78, 2.80%, 0, 0, 3, 395.84 1834 22194778
1601861501, 0, 539, 767, 683, 78, 2.80%, 0, 0, 3, 357.59 1836 22196564
1601861552, 0, 539, 768, 684, 78, 2.80%, 0, 0, 3, 364.66 1836 22213960
1601861608, 0, 539, 769, 685, 78, 2.80%, 0, 0, 3, 364.62 1836 22233287
1601861679, 0, 539, 770, 686, 78, 2.80%, 0, 0, 3, 399.50 1836 22258759
1601862300, 0, 541, 770, 685, 79, 2.80%, 0, 0, 3, 370.62 1836 22490005
1601863114, 0, 542, 770, 684, 78, 2.80%, 0, 0, 3, 398.86 1836 22785562
1601863931, 0, 544, 770, 683, 77, 2.80%, 0, 0, 3, 371.84 1836 23082017
