# unix_time, cycles_done, cur_path, paths_total, pending_total, pending_favs, map_size, unique_crashes, unique_hangs, max_depth, execs_per_sec, edge_coverage, total_execs
1604330162, 0, 0, 1, 1, 1, 7.04%, 0, 0, 1, 62.89, 4614, 40
1604330167, 0, 0, 10, 10, 1, 7.17%, 0, 0, 2, 71.40, 4698, 411
1604330172, 0, 0, 19, 19, 1, 7.28%, 0, 0, 2, 74.97, 4772, 804
1604330177, 0, 0, 24, 24, 1, 7.30%, 0, 0, 2, 74.67, 4784, 1196
1604330182, 0, 0, 42, 42, 1, 7.46%, 0, 0, 2, 75.75, 4891, 1576
1604330187, 0, 0, 52, 52, 1, 7.49%, 0, 0, 2, 74.65, 4910, 1957
1604330192, 0, 0, 55, 55, 1, 7.50%, 0, 0, 2, 73.94, 4914, 2332
1604330197, 0, 0, 59, 59, 1, 7.50%, 0, 0, 2, 74.79, 4918, 2713
1604330202, 0, 0, 60, 60, 1, 7.51%, 0, 0, 2, 73.89, 4920, 3090
1604330207, 0, 0, 62, 62, 1, 7.51%, 0, 0, 2, 74.68, 4922, 3466
1604330213, 0, 0, 67, 67, 1, 7.54%, 0, 0, 2, 74.83, 4944, 3847
1604330218, 0, 0, 71, 71, 1, 7.55%, 0, 0, 2, 75.85, 4945, 4228
1604330223, 0, 0, 76, 76, 1, 7.56%, 0, 0, 2, 75.02, 4953, 4614
1604330228, 0, 0, 78, 78, 1, 7.56%, 0, 0, 2, 73.95, 4957, 4989
1604330233, 0, 0, 79, 79, 1, 7.56%, 0, 0, 2, 73.54, 4957, 5364
1604330238, 0, 0, 83, 83, 1, 7.57%, 0, 0, 2, 73.88, 4959, 5739
1604330243, 0, 0, 84, 84, 1, 7.57%, 0, 0, 2, 74.77, 4961, 6127
1604330248, 0, 0, 85, 85, 1, 7.57%, 0, 0, 2, 75.02, 4962, 6511
1604330253, 0, 0, 88, 88, 1, 7.58%, 0, 0, 2, 74.50, 4967, 6896
1604330259, 0, 0, 90, 90, 1, 7.58%, 0, 0, 2, 75.00, 4969, 7280
1604330264, 0, 0, 92, 92, 1, 7.59%, 0, 0, 2, 74.76, 4971, 7661
1604330269, 0, 0, 93, 93, 1, 7.59%, 0, 0, 2, 75.90, 4973, 8054
1604330274, 0, 0, 97, 97, 1, 7.59%, 0, 0, 2, 75.25, 4977, 8444
1604330279, 0, 0, 98, 98, 1, 7.60%, 0, 0, 2, 75.85, 4978, 8826
1604330284, 0, 0, 100, 100, 1, 7.60%, 0, 0, 2, 74.32, 4980, 9206
1604330289, 0, 0, 103, 103, 1, 7.64%, 0, 0, 2, 74.06, 5009, 9581
1604330299, 0, 0, 107, 107, 1, 7.65%, 0, 0, 2, 74.80, 5014, 10337
1604330304, 0, 0, 109, 109, 1, 7.65%, 0, 0, 2, 74.16, 5015, 10719
1604330310, 0, 0, 110, 110, 1, 7.65%, 0, 0, 2, 75.05, 5015, 11108
1604330315, 0, 0, 111, 111, 1, 7.65%, 0, 0, 2, 74.53, 5016, 11486
1604330325, 0, 0, 112, 112, 1, 7.66%, 0, 0, 2, 74.91, 5017, 12257
1604330330, 0, 0, 113, 113, 1, 7.66%, 0, 0, 2, 74.39, 5017, 12636
1604330335, 0, 0, 117, 117, 1, 7.66%, 0, 0, 2, 74.77, 5019, 13021
1604330340, 0, 0, 119, 119, 1, 7.66%, 0, 0, 2, 74.73, 5023, 13401
1604330345, 0, 0, 124, 124, 1, 7.70%, 0, 0, 2, 73.76, 5047, 13774
1604330351, 0, 0, 126, 126, 1, 7.70%, 0, 0, 2, 74.81, 5048, 14164
1604330361, 0, 0, 127, 127, 1, 7.70%, 0, 0, 2, 74.48, 5048, 14928
1604330366, 0, 0, 128, 128, 1, 7.70%, 0, 0, 2, 72.33, 5048, 15303
1604330381, 0, 0, 130, 130, 1, 7.70%, 0, 0, 2, 74.33, 5049, 16435
1604330386, 0, 0, 132, 132, 1, 7.71%, 0, 0, 2, 72.02, 5051, 16794
1604330392, 0, 0, 134, 134, 1, 7.71%, 0, 0, 2, 72.38, 5053, 17166
1604330397, 0, 0, 137, 137, 1, 7.71%, 0, 0, 2, 74.24, 5055, 17545
1604330402, 0, 0, 138, 138, 1, 7.71%, 0, 0, 2, 73.96, 5056, 17924
1604330407, 0, 0, 139, 139, 1, 7.72%, 0, 0, 2, 72.20, 5057, 18284
1604330417, 0, 0, 140, 140, 1, 7.72%, 0, 0, 2, 73.33, 5058, 19034
1604330427, 0, 0, 142, 142, 1, 7.72%, 0, 0, 2, 73.33, 5059, 19784
1604330432, 0, 0, 143, 143, 1, 7.72%, 0, 0, 2, 73.42, 5060, 20159
1604330443, 0, 0, 144, 144, 1, 7.72%, 0, 0, 2, 74.71, 5061, 20921
1604330484, 0, 0, 145, 145, 1, 7.72%, 0, 0, 2, 74.62, 5062, 23962
1604330494, 0, 0, 146, 146, 1, 7.72%, 0, 0, 2, 74.75, 5062, 24728
1604330499, 0, 0, 148, 148, 1, 7.73%, 0, 0, 2, 73.82, 5064, 25103
1604330504, 0, 0, 149, 149, 1, 7.73%, 0, 0, 2, 72.58, 5065, 25463
1604330509, 0, 0, 151, 151, 1, 7.73%, 0, 0, 2, 73.70, 5066, 25839
1604330514, 0, 0, 152, 152, 1, 7.73%, 0, 0, 2, 74.80, 5067, 26226
1604330530, 0, 0, 153, 153, 1, 7.73%, 0, 0, 2, 74.95, 5067, 27373
1604330545, 0, 0, 156, 156, 1, 7.73%, 0, 0, 2, 73.76, 5069, 28517
1604330550, 0, 0, 157, 157, 1, 7.73%, 0, 0, 2, 74.81, 5069, 28905
1604330555, 0, 0, 158, 158, 1, 7.74%, 0, 0, 2, 74.34, 5070, 29281
1604330560, 0, 0, 159, 159, 1, 7.74%, 0, 0, 2, 74.69, 5071, 29666
1604330576, 0, 0, 160, 160, 1, 7.74%, 0, 0, 2, 74.38, 5072, 30796
1604330586, 0, 0, 162, 162, 1, 7.74%, 0, 0, 2, 74.71, 5073, 31567
1604330596, 0, 0, 163, 163, 1, 7.74%, 0, 0, 2, 74.63, 5074, 32328
1604330607, 0, 0, 164, 164, 1, 7.74%, 0, 0, 2, 73.62, 5075, 33091
1604330652, 0, 0, 166, 166, 1, 7.75%, 0, 0, 2, 75.36, 5078, 36514
1604330663, 0, 0, 167, 167, 1, 7.75%, 0, 0, 2, 73.62, 5080, 37283
1604330668, 0, 0, 168, 168, 1, 7.75%, 0, 0, 2, 74.36, 5080, 37660
1604330678, 0, 0, 169, 169, 1, 7.75%, 0, 0, 2, 75.00, 5081, 38431
1604330683, 0, 0, 171, 171, 1, 7.75%, 0, 0, 2, 75.76, 5082, 38814
1604330688, 0, 0, 172, 172, 1, 7.76%, 0, 0, 2, 74.40, 5083, 39198
1604330699, 0, 0, 173, 173, 1, 7.76%, 0, 0, 2, 74.95, 5083, 39961
1604330714, 0, 0, 175, 175, 1, 7.76%, 0, 0, 2, 74.02, 5084, 41105
1604330745, 0, 0, 176, 176, 1, 7.76%, 0, 0, 2, 74.25, 5085, 43420
1604330750, 0, 0, 177, 177, 1, 7.76%, 0, 0, 2, 74.09, 5086, 43795
1604330755, 0, 0, 178, 178, 1, 7.76%, 0, 0, 2, 74.92, 5087, 44171
1604330760, 0, 0, 179, 179, 1, 7.76%, 0, 0, 2, 74.70, 5088, 44549
1604330765, 0, 0, 180, 180, 1, 7.76%, 0, 0, 2, 74.53, 5088, 44934
1604330786, 0, 0, 181, 181, 1, 7.77%, 0, 0, 2, 75.06, 5093, 46475
1604330791, 0, 0, 182, 182, 1, 7.77%, 0, 0, 2, 74.50, 5094, 46853
1604330801, 0, 0, 184, 184, 1, 7.78%, 0, 0, 2, 74.96, 5096, 47626
1604330816, 0, 0, 185, 185, 1, 7.78%, 0, 0, 2, 75.52, 5097, 48777
1604330837, 0, 0, 186, 186, 1, 7.78%, 0, 0, 2, 73.44, 5098, 50280
1604330862, 0, 0, 187, 187, 1, 7.78%, 0, 0, 2, 74.02, 5098, 52182
1604330867, 0, 0, 189, 189, 1, 7.78%, 0, 0, 2, 74.81, 5099, 52570
1604330888, 0, 0, 190, 190, 1, 7.79%, 0, 0, 2, 75.88, 5102, 54091
1604330893, 0, 0, 193, 193, 1, 7.79%, 0, 0, 2, 74.18, 5103, 54472
1604330898, 0, 0, 194, 194, 1, 7.79%, 0, 0, 2, 73.95, 5104, 54847
1604330903, 0, 0, 195, 195, 1, 7.79%, 0, 0, 2, 74.92, 5105, 55236
1604330923, 0, 0, 196, 196, 1, 7.79%, 0, 0, 2, 73.81, 5106, 56753
1604330933, 0, 0, 197, 197, 1, 7.79%, 0, 0, 2, 74.64, 5106, 57519
1604330949, 0, 0, 198, 198, 1, 7.79%, 0, 0, 2, 74.71, 5106, 58676
1604330964, 0, 0, 200, 200, 1, 7.79%, 0, 0, 2, 74.55, 5108, 59827
1604330975, 0, 0, 202, 202, 1, 7.80%, 0, 0, 2, 74.59, 5111, 60593
1604330980, 0, 0, 203, 203, 1, 7.80%, 0, 0, 2, 74.89, 5111, 60980
1604330985, 0, 0, 206, 206, 1, 7.80%, 0, 0, 2, 73.10, 5113, 61355
1604330990, 0, 0, 209, 209, 1, 7.81%, 0, 0, 2, 72.75, 5116, 61729
1604330995, 0, 0, 210, 210, 1, 7.81%, 0, 0, 2, 73.88, 5116, 62102
1604331000, 0, 0, 211, 211, 1, 7.81%, 0, 0, 2, 74.63, 5116, 62491
1604331011, 0, 0, 213, 213, 1, 7.81%, 0, 0, 2, 74.47, 5118, 63257
1604331016, 0, 0, 214, 214, 1, 7.82%, 0, 0, 2, 72.53, 5122, 63617
1604331021, 0, 0, 215, 215, 1, 7.82%, 0, 0, 2, 73.44, 5123, 63992
1604331031, 0, 0, 216, 216, 1, 7.82%, 0, 0, 2, 74.49, 5124, 64760
1604331041, 0, 0, 217, 217, 1, 7.82%, 0, 0, 2, 74.83, 5125, 65532
1604331052, 0, 0, 218, 218, 1, 7.83%, 0, 0, 2, 74.98, 5131, 66304
1604331067, 0, 0, 219, 219, 1, 7.83%, 0, 0, 2, 74.01, 5133, 67431
1604331077, 0, 0, 220, 220, 1, 7.83%, 0, 0, 2, 74.82, 5133, 68190
1604331092, 0, 0, 221, 221, 1, 7.83%, 0, 0, 2, 74.91, 5134, 69333
1604331097, 0, 0, 222, 222, 1, 7.83%, 0, 0, 2, 74.64, 5134, 69719
1604331103, 0, 0, 223, 223, 1, 7.84%, 0, 0, 2, 72.27, 5135, 70093
1604331108, 0, 0, 224, 224, 1, 7.84%, 0, 0, 2, 72.80, 5135, 70467
1604331113, 0, 0, 225, 225, 1, 7.84%, 0, 0, 2, 74.45, 5136, 70847
1604331139, 0, 0, 226, 226, 1, 7.84%, 0, 0, 2, 75.02, 5136, 72772
1604331149, 0, 0, 227, 227, 1, 7.84%, 0, 0, 2, 74.87, 5138, 73540
1604331159, 0, 0, 229, 229, 1, 7.88%, 0, 0, 2, 74.46, 5162, 74305
1604331164, 0, 0, 230, 230, 1, 7.88%, 0, 0, 2, 74.94, 5162, 74696
1604331169, 0, 0, 231, 231, 1, 7.88%, 0, 0, 2, 75.01, 5163, 75079
1604331180, 0, 0, 232, 232, 1, 7.88%, 0, 0, 2, 74.67, 5164, 75848
1604331185, 0, 0, 233, 233, 1, 7.88%, 0, 0, 2, 74.87, 5164, 76231
1604331190, 0, 0, 235, 235, 1, 7.88%, 0, 0, 2, 74.52, 5166, 76613
1604331195, 0, 2, 235, 234, 62, 7.88%, 0, 0, 2, 75.07, 5166, 77003
1604331200, 0, 2, 236, 235, 62, 7.88%, 0, 0, 3, 74.78, 5166, 77383
1604331205, 0, 2, 237, 236, 62, 7.88%, 0, 0, 3, 74.56, 5167, 77765
1604331215, 0, 2, 238, 237, 62, 7.89%, 0, 0, 3, 74.54, 5168, 78517
1604331226, 0, 2, 239, 238, 62, 7.89%, 0, 0, 3, 72.69, 5169, 79282
1604331257, 0, 2, 240, 239, 62, 7.89%, 0, 0, 3, 74.62, 5170, 81578
1604331277, 0, 2, 241, 240, 62, 7.89%, 0, 0, 3, 73.81, 5171, 83077
1604331282, 0, 2, 242, 241, 62, 7.89%, 0, 0, 3, 74.93, 5172, 83467
1604331293, 0, 2, 243, 242, 62, 7.89%, 0, 0, 3, 74.75, 5173, 84236
1604331298, 0, 2, 244, 243, 62, 7.89%, 0, 0, 3, 74.95, 5174, 84620
1604331303, 0, 2, 245, 244, 62, 7.90%, 0, 0, 3, 74.41, 5175, 85001
1604331410, 0, 2, 246, 245, 62, 7.90%, 0, 0, 3, 73.55, 5175, 92973
1604331416, 0, 2, 247, 246, 62, 7.90%, 0, 0, 3, 74.61, 5176, 93362
1604331421, 0, 2, 248, 247, 62, 7.90%, 0, 0, 3, 72.94, 5178, 93735
1604331426, 0, 2, 249, 248, 62, 7.90%, 0, 0, 3, 72.63, 5179, 94110
1604331446, 0, 2, 250, 249, 62, 7.90%, 0, 0, 3, 74.45, 5180, 95625
1604331452, 0, 2, 251, 250, 62, 7.91%, 0, 0, 3, 75.21, 5181, 96016
1604331457, 0, 2, 252, 251, 62, 7.91%, 0, 0, 3, 75.44, 5182, 96394
1604331467, 0, 2, 253, 252, 62, 7.91%, 0, 0, 3, 74.10, 5183, 97155
1604331487, 0, 2, 254, 253, 62, 7.91%, 0, 0, 3, 75.29, 5185, 98694
1604331503, 0, 2, 255, 254, 62, 7.91%, 0, 0, 3, 75.01, 5185, 99844
1604331508, 0, 2, 256, 255, 62, 7.91%, 0, 0, 3, 74.59, 5186, 100223
1604331610, 0, 2, 257, 256, 62, 7.91%, 0, 0, 3, 74.18, 5187, 107869
1604331636, 0, 2, 259, 258, 62, 7.92%, 0, 0, 3, 76.02, 5188, 109797
1604331646, 0, 2, 260, 259, 62, 7.92%, 0, 0, 3, 74.01, 5189, 110545
1604331661, 0, 2, 261, 260, 62, 7.92%, 0, 0, 3, 74.73, 5190, 111697
1604331666, 0, 2, 262, 261, 62, 7.92%, 0, 0, 3, 75.00, 5191, 112084
1604331671, 0, 2, 263, 262, 62, 7.92%, 0, 0, 3, 74.54, 5191, 112464
1604331687, 0, 2, 265, 264, 62, 7.92%, 0, 0, 3, 72.72, 5193, 113590
1604331717, 0, 2, 266, 265, 62, 7.93%, 0, 0, 3, 74.46, 5194, 115865
1604331824, 0, 2, 267, 266, 62, 7.93%, 0, 0, 3, 73.83, 5194, 123878
1604331830, 0, 2, 268, 267, 62, 7.93%, 0, 0, 3, 74.71, 5195, 124261
1604331835, 0, 2, 269, 268, 62, 7.93%, 0, 0, 3, 74.51, 5196, 124641
1604331850, 0, 2, 270, 269, 62, 7.93%, 0, 0, 3, 75.40, 5197, 125805
1604331947, 0, 4, 271, 269, 62, 7.93%, 0, 0, 3, 75.87, 5200, 132996
1604331967, 0, 4, 272, 270, 62, 7.94%, 0, 0, 3, 74.69, 5201, 134519
1604331972, 0, 4, 273, 271, 62, 7.94%, 0, 0, 3, 74.84, 5202, 134906
1604331982, 0, 4, 274, 272, 62, 7.94%, 0, 0, 3, 72.84, 5203, 135657
1604332023, 0, 4, 275, 273, 62, 7.94%, 0, 0, 3, 75.09, 5204, 138708
1604332054, 0, 4, 276, 274, 62, 7.94%, 0, 0, 3, 73.48, 5205, 140974
1604332187, 0, 4, 277, 275, 62, 7.94%, 0, 0, 3, 73.20, 5206, 150775
1604332202, 0, 4, 278, 276, 62, 7.94%, 0, 0, 3, 75.65, 5206, 151926
1604332228, 0, 4, 280, 278, 62, 7.95%, 0, 0, 3, 73.98, 5207, 153829
1604332233, 0, 4, 281, 279, 62, 7.95%, 0, 0, 3, 74.86, 5208, 154218
1604332412, 0, 4, 282, 280, 62, 7.95%, 0, 0, 3, 75.35, 5209, 167515
1604332417, 0, 4, 283, 281, 62, 7.95%, 0, 0, 3, 73.70, 5210, 167890
1604332499, 0, 4, 284, 282, 62, 7.95%, 0, 0, 3, 74.96, 5211, 174000
1604332535, 0, 4, 285, 283, 62, 7.95%, 0, 0, 3, 74.98, 5211, 176671
1604332601, 0, 4, 286, 284, 62, 7.95%, 0, 0, 3, 74.57, 5211, 181567
1604332652, 0, 5, 286, 283, 63, 7.95%, 0, 0, 3, 74.83, 5211, 185356
1604332698, 0, 5, 287, 284, 63, 7.95%, 0, 0, 3, 75.57, 5211, 188784
1604332729, 0, 5, 288, 285, 63, 7.95%, 0, 0, 3, 75.03, 5211, 191087
1604332832, 0, 5, 289, 286, 63, 7.95%, 0, 0, 3, 71.94, 5212, 198693
1604332868, 0, 5, 290, 287, 63, 7.95%, 0, 0, 3, 75.13, 5213, 201374
1604332899, 0, 5, 291, 288, 63, 7.96%, 0, 0, 3, 74.23, 5214, 203652
1604332929, 0, 5, 292, 289, 63, 7.96%, 0, 0, 3, 73.55, 5215, 205901
1604332955, 0, 5, 293, 290, 63, 7.96%, 0, 0, 3, 73.16, 5215, 207792
1604333052, 0, 5, 294, 291, 63, 7.96%, 0, 0, 3, 74.50, 5216, 215018
1604333149, 0, 5, 295, 292, 63, 7.96%, 0, 0, 3, 72.19, 5217, 222277
1604333174, 0, 5, 296, 293, 63, 7.96%, 0, 0, 3, 74.69, 5217, 224187
1604333200, 0, 5, 297, 294, 63, 7.96%, 0, 0, 3, 74.52, 5218, 226087
1604333210, 0, 5, 298, 295, 63, 7.96%, 0, 0, 3, 74.97, 5219, 226859
1604333215, 0, 5, 299, 296, 63, 7.97%, 0, 0, 3, 74.58, 5220, 227243
1604333241, 0, 5, 300, 297, 63, 7.97%, 0, 0, 3, 74.39, 5220, 229147
1604333246, 0, 5, 301, 298, 63, 7.97%, 0, 0, 3, 75.54, 5221, 229526
1604333297, 0, 5, 302, 299, 63, 7.97%, 0, 0, 3, 74.43, 5222, 233333
1604333323, 0, 5, 303, 300, 63, 7.97%, 0, 0, 3, 74.89, 5223, 235256
1604333389, 0, 6, 303, 299, 63, 7.97%, 0, 0, 3, 74.77, 5223, 240216
1604333405, 0, 6, 304, 300, 63, 7.97%, 0, 0, 3, 75.03, 5223, 241371
1604333430, 0, 6, 305, 301, 63, 7.97%, 0, 0, 3, 74.59, 5224, 243276
1604333435, 0, 6, 307, 303, 63, 7.97%, 0, 0, 3, 74.68, 5226, 243662
1604333445, 0, 6, 308, 304, 63, 7.98%, 0, 0, 3, 76.30, 5227, 244435
1604333527, 0, 6, 309, 305, 63, 7.98%, 0, 0, 3, 75.83, 5228, 250533
1604333640, 0, 6, 310, 306, 63, 7.98%, 0, 0, 3, 74.76, 5228, 258908
1604333850, 0, 6, 311, 307, 63, 7.98%, 0, 0, 3, 75.22, 5228, 274502
1604333901, 0, 6, 312, 308, 63, 7.98%, 0, 0, 3, 74.96, 5229, 278336
1604333947, 0, 6, 313, 309, 63, 7.98%, 0, 0, 3, 73.66, 5229, 281782
1604333957, 0, 6, 314, 310, 63, 7.98%, 0, 0, 3, 73.88, 5230, 282532
1604334024, 0, 6, 315, 311, 63, 7.98%, 0, 0, 3, 74.39, 5230, 287513
1604334126, 0, 11, 315, 310, 62, 7.98%, 0, 0, 3, 74.58, 5230, 295091
1604334156, 0, 11, 316, 311, 62, 7.98%, 0, 0, 3, 74.75, 5231, 297383
1604334238, 0, 11, 317, 312, 62, 7.98%, 0, 0, 3, 73.10, 5231, 303468
1604334259, 0, 11, 318, 313, 62, 7.98%, 0, 0, 3, 74.69, 5232, 304991
1604334320, 0, 11, 319, 314, 62, 7.98%, 0, 0, 3, 74.63, 5233, 309583
1604334596, 0, 11, 320, 315, 62, 7.99%, 0, 0, 3, 73.59, 5234, 330162
1604334606, 0, 11, 321, 316, 62, 7.99%, 0, 0, 3, 74.02, 5235, 330913
1604334698, 0, 11, 322, 317, 62, 7.99%, 0, 0, 3, 75.08, 5235, 337825
1604334714, 0, 11, 323, 318, 62, 7.99%, 0, 0, 3, 75.10, 5236, 338983
1604334770, 0, 11, 324, 319, 62, 7.99%, 0, 0, 3, 75.06, 5237, 343207
1604334790, 0, 11, 325, 320, 62, 7.99%, 0, 0, 3, 75.02, 5238, 344721
1604334846, 0, 11, 326, 321, 62, 7.99%, 0, 0, 3, 74.64, 5239, 348903
1604334862, 0, 12, 326, 320, 63, 7.99%, 0, 0, 3, 74.93, 5239, 350026
1604334882, 0, 12, 327, 321, 63, 8.00%, 0, 0, 3, 75.76, 5240, 351554
1604334984, 0, 12, 328, 322, 63, 8.00%, 0, 0, 3, 74.83, 5241, 359188
1604335005, 0, 12, 329, 323, 63, 8.00%, 0, 0, 3, 74.90, 5242, 360724
1604335035, 0, 12, 330, 324, 63, 8.00%, 0, 0, 3, 73.95, 5243, 362998
1604335159, 0, 12, 331, 325, 63, 8.00%, 0, 0, 3, 74.53, 5244, 372177
1604335286, 0, 12, 332, 326, 63, 8.00%, 0, 0, 3, 74.25, 5245, 381633
1604335506, 0, 12, 333, 327, 63, 8.00%, 0, 0, 3, 74.96, 5245, 397959
1604335562, 0, 12, 334, 328, 63, 8.00%, 0, 0, 3, 73.96, 5246, 402172
1604335593, 0, 15, 334, 327, 62, 8.00%, 0, 0, 3, 72.70, 5246, 404442
1604335608, 0, 15, 335, 328, 62, 8.01%, 0, 0, 3, 74.57, 5247, 405579
1604335624, 0, 15, 336, 329, 62, 8.01%, 0, 0, 3, 72.67, 5251, 406709
1604335665, 0, 15, 337, 330, 62, 8.01%, 0, 0, 3, 74.58, 5252, 409773
1604335685, 0, 15, 338, 331, 62, 8.01%, 0, 0, 3, 75.86, 5252, 411288
1604335767, 0, 15, 339, 332, 62, 8.02%, 0, 0, 3, 74.22, 5253, 417380
1604335828, 0, 15, 340, 333, 62, 8.02%, 0, 0, 3, 74.55, 5254, 421942
1604335854, 0, 15, 341, 334, 62, 8.02%, 0, 0, 3, 74.75, 5255, 423827
1604335900, 0, 15, 342, 335, 62, 8.02%, 0, 0, 3, 74.42, 5255, 427261
1604335931, 0, 15, 343, 336, 62, 8.02%, 0, 0, 3, 75.18, 5255, 429557
1604335936, 0, 15, 345, 338, 62, 8.02%, 0, 0, 3, 76.15, 5257, 429940
1604336202, 0, 15, 346, 339, 62, 8.02%, 0, 0, 3, 74.92, 5258, 449742
1604336238, 0, 15, 347, 340, 62, 8.02%, 0, 0, 3, 75.68, 5259, 452417
1604336263, 0, 15, 348, 341, 62, 8.03%, 0, 0, 3, 74.82, 5260, 454321
1604336330, 0, 16, 348, 340, 65, 8.03%, 0, 0, 3, 74.80, 5260, 459275
1604336381, 0, 16, 349, 341, 65, 8.03%, 0, 0, 3, 74.78, 5261, 463086
1604336427, 0, 16, 350, 342, 65, 8.03%, 0, 0, 3, 75.09, 5261, 466532
1604336574, 0, 16, 351, 343, 65, 8.03%, 0, 0, 3, 74.40, 5262, 477561
1604336743, 0, 16, 352, 344, 65, 8.03%, 0, 0, 3, 75.77, 5263, 490157
1604336763, 0, 16, 353, 345, 65, 8.03%, 0, 0, 3, 75.14, 5264, 491695
1604336830, 0, 16, 354, 346, 65, 8.03%, 0, 0, 3, 73.19, 5265, 496652
1604336856, 0, 16, 355, 347, 65, 8.04%, 0, 0, 3, 73.31, 5266, 498550
1604336932, 0, 16, 356, 348, 65, 8.04%, 0, 0, 3, 74.82, 5267, 504267
1604336963, 0, 16, 357, 349, 65, 8.04%, 0, 0, 3, 74.50, 5268, 506550
1604337050, 0, 16, 358, 350, 65, 8.04%, 0, 0, 3, 74.70, 5268, 513014
1604337066, 0, 17, 358, 349, 64, 8.04%, 0, 0, 3, 73.17, 5268, 514149
1604337071, 0, 17, 359, 350, 64, 8.04%, 0, 0, 3, 74.37, 5270, 514528
1604337086, 0, 17, 360, 351, 64, 8.04%, 0, 0, 3, 73.16, 5271, 515660
1604337337, 0, 17, 361, 352, 64, 8.04%, 0, 0, 3, 74.74, 5271, 534212
1604337393, 0, 17, 362, 353, 64, 8.04%, 0, 0, 3, 75.15, 5272, 538401
1604337555, 0, 17, 363, 354, 64, 8.05%, 0, 0, 3, 73.10, 5273, 550397
1604337627, 0, 17, 364, 355, 64, 8.05%, 0, 0, 3, 74.50, 5273, 555716
1604337662, 0, 17, 365, 356, 64, 8.05%, 0, 0, 3, 74.27, 5274, 558378
1604337800, 0, 24, 365, 355, 64, 8.05%, 0, 0, 3, 72.48, 5274, 568612
1604337862, 0, 24, 366, 356, 64, 8.05%, 0, 0, 3, 73.85, 5275, 573152
1604337867, 0, 24, 367, 357, 64, 8.05%, 0, 0, 3, 72.63, 5276, 573512
1604337898, 0, 24, 368, 358, 64, 8.05%, 0, 0, 3, 74.41, 5277, 575784
1604337989, 0, 24, 369, 359, 64, 8.05%, 0, 0, 3, 75.30, 5278, 582625
1604337994, 0, 24, 370, 360, 64, 8.06%, 0, 0, 3, 73.78, 5279, 583000
1604338189, 0, 24, 371, 361, 64, 8.06%, 0, 0, 3, 74.09, 5280, 597520
1604338215, 0, 24, 372, 362, 64, 8.06%, 0, 0, 3, 72.84, 5281, 599421
1604338333, 0, 24, 373, 363, 64, 8.06%, 0, 0, 3, 74.89, 5282, 608194
1604338729, 0, 24, 374, 364, 64, 8.06%, 0, 0, 3, 74.68, 5282, 612464
1604339531, 0, 26, 374, 363, 63, 8.06%, 0, 0, 3, 75.02, 5282, 623429
1604339536, 0, 26, 375, 364, 63, 8.06%, 0, 0, 3, 74.60, 5282, 623806
1604339615, 0, 26, 376, 365, 63, 8.16%, 0, 0, 3, 74.69, 5345, 625909
1604339620, 0, 26, 377, 366, 63, 8.16%, 0, 0, 3, 74.10, 5346, 626283
1604339641, 0, 26, 378, 367, 63, 9.22%, 0, 0, 3, 72.22, 6040, 627795
1604339671, 0, 26, 379, 368, 63, 9.22%, 0, 0, 3, 75.98, 6041, 630092
1604339949, 0, 26, 380, 369, 63, 9.22%, 0, 0, 3, 74.28, 6042, 634854
1604339979, 0, 26, 381, 370, 63, 9.22%, 0, 0, 3, 74.56, 6042, 637128
1604340412, 0, 26, 382, 371, 63, 9.22%, 0, 0, 3, 75.71, 6042, 642849
1604340453, 0, 26, 383, 372, 63, 9.22%, 0, 0, 3, 75.59, 6043, 645935
1604340711, 0, 26, 384, 373, 63, 9.22%, 0, 0, 3, 75.29, 6044, 648901
1604340721, 0, 26, 385, 374, 63, 9.22%, 0, 0, 3, 74.34, 6045, 649655
1604340854, 0, 26, 386, 375, 63, 9.23%, 0, 0, 3, 75.46, 6046, 659585
1604341048, 0, 26, 387, 376, 63, 9.23%, 0, 0, 3, 72.43, 6046, 673932
1604341073, 0, 26, 388, 377, 63, 9.23%, 0, 0, 3, 74.34, 6047, 675828
1604341084, 0, 30, 388, 376, 65, 9.23%, 0, 0, 3, 74.31, 6047, 676590
1604341094, 0, 30, 392, 380, 65, 9.25%, 0, 0, 3, 72.96, 6061, 677325
1604341114, 0, 30, 393, 381, 65, 9.25%, 0, 0, 3, 74.66, 6064, 678846
1604341119, 0, 30, 394, 382, 65, 9.25%, 0, 0, 3, 74.29, 6065, 679224
1604341124, 0, 30, 396, 384, 65, 9.26%, 0, 0, 3, 74.48, 6069, 679604
1604341150, 0, 30, 397, 385, 65, 9.27%, 0, 0, 3, 74.23, 6072, 681489
1604341175, 0, 30, 398, 386, 65, 9.27%, 0, 0, 3, 74.56, 6073, 683382
1604341216, 0, 30, 399, 387, 65, 9.27%, 0, 0, 3, 73.87, 6074, 686378
1604341323, 0, 30, 400, 388, 65, 9.27%, 0, 0, 3, 75.51, 6075, 694322
1604341344, 0, 30, 401, 389, 65, 9.27%, 0, 0, 3, 74.21, 6076, 695841
1604341441, 0, 30, 402, 390, 65, 9.27%, 0, 0, 3, 75.53, 6076, 703077
1604341538, 0, 30, 403, 391, 65, 9.27%, 0, 0, 3, 74.30, 6077, 710305
1604341614, 0, 30, 404, 392, 65, 9.27%, 0, 0, 3, 71.71, 6078, 715956
1604341828, 0, 33, 404, 391, 67, 9.27%, 0, 0, 3, 72.73, 6078, 731822
1604341880, 0, 33, 405, 392, 67, 9.28%, 0, 0, 3, 75.39, 6079, 735662
1604341885, 0, 33, 406, 393, 67, 9.28%, 0, 0, 3, 73.48, 6079, 736040
1604341915, 0, 33, 407, 394, 67, 9.28%, 0, 0, 3, 74.11, 6080, 738313
1604341957, 0, 33, 408, 395, 67, 9.28%, 0, 0, 3, 74.30, 6082, 741376
1604342038, 0, 33, 409, 396, 67, 9.28%, 0, 0, 3, 74.57, 6083, 747476
1604342090, 0, 33, 410, 397, 67, 9.28%, 0, 0, 3, 75.85, 6084, 751308
1604342213, 0, 33, 411, 398, 67, 9.28%, 0, 0, 3, 74.85, 6085, 760493
1604342305, 0, 33, 412, 399, 67, 9.28%, 0, 0, 3, 74.21, 6085, 767286
1604342356, 0, 33, 413, 400, 67, 9.29%, 0, 0, 3, 74.53, 6086, 771085
1604342376, 0, 33, 414, 401, 67, 9.29%, 0, 0, 3, 73.53, 6086, 772580
1604342392, 0, 33, 415, 402, 67, 9.29%, 0, 0, 3, 75.58, 6086, 773730
1604342402, 0, 33, 416, 403, 67, 9.29%, 0, 0, 3, 72.66, 6087, 774482
1604342520, 0, 35, 416, 402, 67, 9.29%, 0, 0, 3, 72.58, 6087, 783262
1604342596, 0, 35, 417, 403, 67, 9.29%, 0, 0, 3, 75.59, 6087, 788927
1604342652, 0, 35, 418, 404, 67, 9.29%, 0, 0, 3, 75.87, 6087, 793115
1604342658, 0, 35, 419, 405, 67, 9.29%, 0, 0, 3, 75.27, 6088, 793501
1604342878, 0, 35, 420, 406, 67, 9.29%, 0, 0, 3, 75.18, 6089, 809972
1604343041, 0, 35, 421, 407, 67, 9.29%, 0, 0, 3, 73.86, 6090, 822094
1604343092, 0, 35, 424, 410, 67, 9.32%, 0, 0, 3, 74.56, 6106, 825888
1604343164, 0, 35, 425, 411, 67, 9.32%, 0, 0, 3, 74.62, 6106, 831205
1604343240, 0, 38, 425, 410, 66, 9.32%, 0, 0, 3, 73.97, 6106, 836913
1604343276, 0, 38, 426, 411, 66, 9.32%, 0, 0, 3, 74.38, 6107, 839577
1604343383, 0, 38, 427, 412, 66, 9.32%, 0, 0, 3, 72.91, 6108, 847517
1604343674, 0, 38, 428, 413, 66, 9.32%, 0, 0, 3, 74.13, 6109, 869023
1604343690, 0, 38, 429, 414, 66, 9.32%, 0, 0, 3, 74.21, 6110, 870165
1604343970, 0, 38, 430, 415, 66, 9.32%, 0, 0, 3, 72.10, 6111, 890836
1604343980, 0, 41, 430, 414, 67, 9.32%, 0, 0, 3, 74.29, 6111, 891591
1604344026, 0, 41, 431, 415, 67, 9.33%, 0, 0, 3, 74.73, 6112, 894978
1604344153, 0, 41, 432, 416, 67, 9.33%, 0, 0, 3, 74.49, 6113, 904351
1604344352, 0, 41, 433, 417, 67, 9.33%, 0, 0, 3, 73.98, 6114, 919053
1604344541, 0, 41, 434, 418, 67, 9.33%, 0, 0, 3, 75.40, 6114, 933112
1604344566, 0, 41, 435, 419, 67, 9.33%, 0, 0, 3, 73.95, 6115, 934996
1604344628, 0, 41, 436, 420, 67, 9.33%, 0, 0, 3, 72.43, 6116, 939525
1604344719, 0, 42, 436, 419, 68, 9.33%, 0, 0, 3, 73.69, 6116, 946278
1604344724, 0, 42, 437, 420, 68, 9.33%, 0, 0, 3, 71.85, 6117, 946637
1604344872, 0, 42, 438, 421, 68, 9.34%, 0, 0, 3, 71.95, 6118, 957493
1604344959, 0, 42, 439, 422, 68, 9.34%, 0, 0, 3, 74.49, 6120, 963866
1604345245, 0, 42, 440, 423, 68, 9.35%, 0, 0, 3, 74.40, 6129, 985048
1604345286, 0, 42, 441, 424, 68, 9.35%, 0, 0, 3, 74.44, 6130, 988080
1604345332, 0, 42, 442, 425, 68, 9.35%, 0, 0, 3, 74.42, 6130, 991480
1604345408, 0, 43, 442, 424, 68, 9.35%, 0, 0, 3, 73.75, 6130, 997156
1604345419, 0, 43, 444, 426, 68, 9.36%, 0, 0, 3, 74.57, 6133, 997919
1604345577, 0, 43, 445, 427, 68, 9.36%, 0, 0, 3, 73.83, 6134, 1009547
1604345679, 0, 43, 446, 428, 68, 9.36%, 0, 0, 3, 73.93, 6135, 1017120
1604345720, 0, 43, 447, 429, 68, 9.36%, 0, 0, 3, 74.61, 6136, 1020155
1604345791, 0, 43, 448, 430, 68, 9.36%, 0, 0, 3, 73.62, 6136, 1025414
1604345950, 0, 43, 449, 431, 68, 9.36%, 0, 0, 3, 74.39, 6136, 1037129
1604345955, 0, 43, 450, 432, 68, 9.36%, 0, 0, 3, 72.59, 6137, 1037504
1604346072, 0, 43, 451, 433, 68, 9.37%, 0, 0, 3, 74.44, 6138, 1046164
1604346088, 0, 43, 452, 434, 68, 9.37%, 0, 0, 3, 74.62, 6139, 1047303
1604346149, 0, 48, 452, 433, 69, 9.37%, 0, 0, 3, 74.31, 6139, 1051817
1604346159, 0, 48, 455, 436, 69, 9.37%, 0, 0, 3, 74.76, 6143, 1052582
1604346185, 0, 48, 456, 437, 69, 9.38%, 0, 0, 3, 74.18, 6144, 1054444
1604346297, 0, 48, 457, 438, 69, 9.39%, 0, 0, 3, 74.47, 6157, 1062750
1604346323, 0, 48, 458, 439, 69, 9.40%, 0, 0, 3, 72.60, 6158, 1064634
1604346378, 0, 48, 459, 440, 69, 9.40%, 0, 0, 3, 74.48, 6159, 1068773
1604346485, 0, 48, 460, 441, 69, 9.40%, 0, 0, 3, 74.49, 6160, 1076726
1604346526, 0, 48, 461, 442, 69, 9.40%, 0, 0, 3, 74.04, 6161, 1079759
1604346608, 0, 48, 462, 443, 69, 9.40%, 0, 0, 3, 74.64, 6162, 1085806
1604346618, 0, 48, 463, 444, 69, 9.40%, 0, 0, 3, 74.40, 6163, 1086565
1604346653, 0, 48, 464, 445, 69, 9.40%, 0, 0, 3, 74.30, 6163, 1089226
1604346889, 0, 50, 464, 444, 72, 9.40%, 0, 0, 3, 74.62, 6163, 1106575
1604347241, 0, 50, 465, 445, 72, 9.41%, 0, 0, 3, 74.67, 6164, 1132682
1604347363, 0, 50, 466, 446, 72, 9.41%, 0, 0, 3, 73.23, 6165, 1141706
1604347383, 0, 50, 467, 447, 72, 9.41%, 0, 0, 3, 73.70, 6166, 1143219
1604347582, 0, 50, 468, 448, 72, 9.41%, 0, 0, 3, 72.94, 6166, 1157897
1604347628, 0, 63, 468, 447, 72, 9.41%, 0, 0, 3, 74.28, 6166, 1161291
1604347659, 0, 63, 469, 448, 72, 9.55%, 0, 0, 3, 72.81, 6260, 1163581
1604347685, 0, 63, 470, 449, 72, 9.56%, 0, 0, 3, 74.92, 6262, 1165504
1604347757, 0, 63, 471, 450, 72, 9.56%, 0, 0, 3, 74.57, 6263, 1170855
1604348012, 0, 63, 472, 451, 72, 9.56%, 0, 0, 3, 75.80, 6263, 1189887
1604348089, 0, 63, 473, 452, 72, 9.56%, 0, 0, 3, 73.78, 6263, 1195575
1604348181, 0, 63, 475, 454, 72, 9.56%, 0, 0, 3, 72.98, 6265, 1202455
1604348228, 0, 63, 476, 455, 72, 9.56%, 0, 0, 3, 74.55, 6266, 1205877
1604348243, 0, 63, 477, 456, 72, 9.56%, 0, 0, 3, 74.47, 6267, 1207022
1604348361, 0, 63, 478, 457, 72, 9.56%, 0, 0, 3, 74.47, 6267, 1215749
1604348371, 0, 73, 478, 456, 73, 9.56%, 0, 0, 3, 74.70, 6267, 1216514
1604348422, 0, 73, 479, 457, 73, 9.56%, 0, 0, 3, 74.50, 6268, 1220295
1604348759, 0, 73, 480, 458, 73, 9.57%, 0, 0, 3, 74.30, 6269, 1245201
1604348774, 0, 73, 481, 459, 73, 9.57%, 0, 0, 3, 73.78, 6269, 1246327
1604348790, 0, 73, 482, 460, 73, 9.57%, 0, 0, 3, 74.77, 6270, 1247475
1604348825, 0, 73, 483, 461, 73, 9.57%, 0, 0, 3, 74.07, 6271, 1250113
1604348927, 0, 73, 484, 462, 73, 9.57%, 0, 0, 3, 74.35, 6272, 1257597
1604348958, 0, 73, 485, 463, 73, 9.58%, 0, 0, 3, 71.96, 6279, 1259831
1604349106, 0, 73, 486, 464, 73, 9.58%, 0, 0, 3, 75.00, 6281, 1270812
1604349116, 0, 85, 486, 463, 74, 9.58%, 0, 0, 3, 72.64, 6281, 1271562
1604349648, 0, 85, 487, 464, 74, 9.59%, 0, 0, 3, 75.19, 6282, 1311010
1604349801, 0, 87, 487, 463, 74, 9.59%, 0, 0, 3, 74.71, 6282, 1322404
1604350188, 0, 87, 488, 464, 74, 9.59%, 0, 0, 3, 73.89, 6283, 1350976
1604350255, 0, 87, 489, 465, 74, 9.59%, 0, 0, 3, 75.28, 6284, 1355847
1604350530, 0, 87, 490, 466, 74, 9.59%, 0, 0, 3, 73.97, 6284, 1376140
1604350546, 0, 90, 490, 465, 74, 9.59%, 0, 0, 3, 74.82, 6284, 1377264
1604351255, 0, 90, 491, 466, 74, 9.59%, 0, 0, 3, 75.73, 6285, 1429760
1604351280, 0, 92, 491, 465, 73, 9.59%, 0, 0, 3, 74.49, 6285, 1431659
1604351500, 0, 92, 492, 466, 73, 9.59%, 0, 0, 3, 72.27, 6286, 1447911
1604351577, 0, 92, 493, 467, 73, 9.59%, 0, 0, 3, 74.27, 6287, 1453549
1604352021, 0, 96, 493, 466, 73, 9.59%, 0, 0, 3, 74.24, 6287, 1486296
1604352062, 0, 96, 494, 467, 73, 9.59%, 0, 0, 3, 74.09, 6288, 1489344
1604352256, 0, 96, 495, 468, 73, 9.60%, 0, 0, 3, 74.81, 6289, 1503756
1604352286, 0, 96, 496, 469, 73, 9.60%, 0, 0, 3, 74.40, 6290, 1506034
1604352322, 0, 96, 497, 470, 73, 9.60%, 0, 0, 3, 72.61, 6291, 1508674
1604352563, 0, 96, 498, 471, 73, 9.60%, 0, 0, 3, 72.44, 6292, 1526398
1604352757, 0, 98, 498, 470, 74, 9.60%, 0, 0, 3, 72.35, 6292, 1540758
1604353074, 0, 98, 499, 471, 74, 9.60%, 0, 0, 3, 74.52, 6293, 1564099
1604354410, 0, 104, 499, 470, 74, 9.60%, 0, 0, 3, 75.07, 6293, 1595303
1604354588, 0, 104, 500, 471, 74, 9.60%, 0, 0, 3, 75.69, 6294, 1608641
1604354962, 0, 104, 501, 472, 74, 9.60%, 0, 0, 3, 72.20, 6294, 1636477
1604355029, 0, 104, 502, 473, 74, 9.61%, 0, 0, 3, 72.97, 6295, 1641393
1604355141, 0, 112, 502, 472, 76, 9.61%, 0, 0, 3, 74.44, 6295, 1649671
1604355528, 0, 112, 503, 473, 76, 9.61%, 0, 0, 3, 72.98, 6295, 1678312
1604355702, 0, 112, 504, 474, 76, 9.61%, 0, 0, 3, 72.26, 6295, 1691050
1604355799, 0, 112, 505, 475, 76, 9.61%, 0, 0, 3, 74.74, 6295, 1698263
1604355809, 0, 112, 506, 476, 76, 9.61%, 0, 0, 3, 74.33, 6295, 1699018
1604355881, 0, 114, 506, 475, 76, 9.61%, 0, 0, 3, 74.62, 6295, 1704334
1604355886, 0, 114, 508, 477, 76, 9.61%, 0, 0, 3, 73.94, 6297, 1704710
1604355896, 0, 114, 510, 479, 76, 9.61%, 0, 0, 3, 74.21, 6300, 1705464
1604355916, 0, 114, 512, 481, 76, 9.62%, 0, 0, 3, 74.38, 6302, 1706972
1604356018, 0, 114, 513, 482, 76, 9.62%, 0, 0, 3, 72.58, 6303, 1714556
1604356064, 0, 114, 514, 483, 76, 9.62%, 0, 0, 3, 74.57, 6305, 1717975
1604356517, 0, 114, 515, 484, 76, 9.62%, 0, 0, 3, 74.45, 6306, 1751622
1604356538, 0, 114, 517, 486, 76, 9.63%, 0, 0, 3, 74.10, 6309, 1753106
1604356619, 0, 121, 517, 485, 75, 9.63%, 0, 0, 3, 74.88, 6309, 1759144
1604356910, 0, 121, 518, 486, 75, 9.63%, 0, 0, 3, 73.58, 6310, 1780828
1604356936, 0, 121, 519, 487, 75, 9.63%, 0, 0, 3, 72.76, 6311, 1782719
1604357186, 0, 121, 520, 488, 75, 9.63%, 0, 0, 3, 74.40, 6311, 1801320
1604357217, 0, 121, 521, 489, 75, 9.63%, 0, 0, 3, 74.73, 6311, 1803592
1604357314, 0, 123, 521, 488, 75, 9.63%, 0, 0, 3, 74.75, 6311, 1810744
1604357324, 0, 123, 522, 489, 75, 9.64%, 0, 0, 3, 75.35, 6319, 1811517
1604357349, 0, 123, 523, 490, 75, 9.65%, 0, 0, 3, 74.61, 6321, 1813418
1604357702, 0, 123, 524, 491, 75, 9.65%, 0, 0, 3, 73.77, 6321, 1839686
1604358045, 0, 123, 525, 492, 75, 9.65%, 0, 0, 3, 75.12, 6321, 1865064
1604358055, 0, 124, 525, 491, 76, 9.65%, 0, 0, 3, 74.44, 6321, 1865832
1604358162, 0, 124, 526, 492, 76, 9.65%, 0, 0, 3, 74.57, 6322, 1873790
1604358326, 0, 124, 527, 493, 76, 9.65%, 0, 0, 3, 75.57, 6323, 1885925
1604358787, 0, 126, 527, 492, 76, 9.65%, 0, 0, 3, 74.34, 6323, 1920190
1604358833, 0, 126, 528, 493, 76, 9.65%, 0, 0, 3, 74.34, 6323, 1923559
1604359232, 0, 126, 529, 494, 76, 9.65%, 0, 0, 3, 73.89, 6323, 1953208
1604359524, 0, 134, 529, 493, 75, 9.65%, 0, 0, 3, 74.65, 6323, 1974838
1604360015, 0, 134, 530, 494, 75, 9.65%, 0, 0, 3, 74.46, 6323, 2011270
1604360056, 0, 134, 531, 495, 75, 9.65%, 0, 0, 3, 74.62, 6324, 2014299
1604360061, 0, 134, 532, 496, 75, 9.65%, 0, 0, 3, 72.62, 6325, 2014673
1604360256, 0, 140, 532, 495, 74, 9.65%, 0, 0, 3, 75.01, 6325, 2029125
1604360461, 0, 140, 533, 496, 74, 9.65%, 0, 0, 3, 72.56, 6326, 2044273
1604360819, 0, 140, 534, 497, 74, 9.65%, 0, 0, 3, 74.62, 6326, 2070896
1604360982, 0, 140, 535, 498, 74, 9.65%, 0, 0, 3, 74.48, 6327, 2082951
1604360992, 0, 154, 535, 497, 73, 9.65%, 0, 0, 3, 75.17, 6327, 2083710
1604361089, 0, 154, 536, 498, 73, 9.66%, 0, 0, 3, 73.47, 6328, 2090879
1604361187, 0, 154, 537, 499, 73, 9.66%, 0, 0, 3, 72.73, 6328, 2098084
1604361601, 0, 154, 538, 500, 73, 9.66%, 0, 0, 3, 74.51, 6328, 2128929
1604361723, 0, 156, 538, 499, 72, 9.66%, 0, 0, 3, 75.72, 6328, 2138077
1604361943, 0, 156, 539, 500, 72, 9.66%, 0, 0, 3, 73.37, 6329, 2154436
1604362066, 0, 156, 541, 502, 72, 9.66%, 0, 0, 3, 75.61, 6330, 2163562
1604362214, 0, 156, 542, 503, 72, 9.66%, 0, 0, 3, 74.42, 6331, 2174656
1604362455, 0, 180, 542, 502, 71, 9.66%, 0, 0, 3, 73.23, 6331, 2192536
1604363166, 0, 181, 542, 501, 70, 9.66%, 0, 0, 3, 74.64, 6331, 2245468
1604363549, 0, 181, 543, 502, 70, 9.66%, 0, 0, 3, 72.19, 6332, 2273710
1604363635, 0, 181, 544, 503, 70, 9.66%, 0, 0, 3, 74.46, 6333, 2280116
1604363779, 0, 181, 545, 504, 70, 9.66%, 0, 0, 3, 73.77, 6334, 2290744
1604363825, 0, 181, 546, 505, 70, 9.67%, 0, 0, 3, 74.22, 6335, 2294139
1604363856, 0, 189, 546, 504, 70, 9.67%, 0, 0, 3, 74.98, 6335, 2296407
1604363989, 0, 189, 547, 505, 70, 9.68%, 0, 0, 3, 74.60, 6344, 2306314
1604364076, 0, 189, 548, 506, 70, 9.68%, 0, 0, 3, 74.03, 6345, 2312833
1604364383, 0, 189, 549, 507, 70, 9.68%, 0, 0, 3, 74.46, 6346, 2335754
1604364403, 0, 189, 553, 511, 70, 9.70%, 0, 0, 3, 74.82, 6358, 2337294
1604364475, 0, 189, 554, 512, 70, 9.70%, 0, 0, 3, 74.89, 6358, 2342623
1604364542, 0, 189, 555, 513, 70, 9.70%, 0, 0, 3, 74.75, 6358, 2347576
1604364552, 0, 200, 555, 512, 74, 9.70%, 0, 0, 3, 74.98, 6358, 2348345
1604364920, 0, 200, 556, 513, 74, 9.70%, 0, 0, 3, 74.10, 6359, 2375655
1604365063, 0, 203, 556, 512, 73, 9.70%, 0, 0, 3, 74.05, 6359, 2386293
1604365094, 0, 203, 557, 513, 73, 9.70%, 0, 0, 3, 74.55, 6360, 2388582
1604365150, 0, 203, 558, 514, 73, 9.71%, 0, 0, 3, 72.57, 6361, 2392789
1604365487, 0, 214, 558, 513, 73, 9.71%, 0, 0, 3, 74.19, 6361, 2417886
1604365502, 0, 214, 559, 514, 73, 9.71%, 0, 0, 3, 74.69, 6362, 2419040
1604365543, 0, 214, 560, 515, 73, 9.71%, 0, 0, 3, 74.88, 6362, 2422120
1604365911, 0, 215, 560, 514, 73, 9.71%, 0, 0, 3, 75.06, 6362, 2449398
1604365936, 0, 215, 561, 515, 73, 9.71%, 0, 0, 3, 74.28, 6362, 2451299
1604366079, 0, 215, 562, 516, 73, 9.71%, 0, 0, 3, 72.58, 6363, 2461994
1604366223, 0, 215, 563, 517, 73, 9.71%, 0, 0, 3, 74.99, 6364, 2472622
1604366299, 0, 216, 563, 516, 72, 9.71%, 0, 0, 3, 75.62, 6364, 2478362
1604366417, 0, 216, 564, 517, 72, 9.71%, 0, 0, 3, 74.67, 6365, 2487186
1604366853, 0, 216, 565, 518, 72, 9.71%, 0, 0, 3, 73.56, 6366, 2519388
1604367062, 0, 216, 566, 519, 72, 9.71%, 0, 0, 3, 76.18, 6366, 2535061
1604367067, 0, 217, 566, 518, 72, 9.71%, 0, 0, 3, 75.60, 6366, 2535455
1604367185, 0, 217, 567, 519, 72, 9.72%, 0, 0, 3, 74.92, 6367, 2544262
1604367604, 0, 217, 568, 520, 72, 9.72%, 0, 0, 3, 75.06, 6368, 2575549
1604367926, 0, 219, 568, 519, 71, 9.72%, 0, 0, 3, 75.06, 6368, 2599556
1604367931, 0, 220, 568, 518, 70, 9.72%, 0, 0, 3, 74.65, 6368, 2599941
1604367941, 0, 220, 569, 519, 70, 9.72%, 0, 0, 3, 75.31, 6368, 2600713
1604367947, 0, 220, 570, 520, 70, 9.72%, 0, 0, 3, 72.92, 6368, 2601086
1604367952, 0, 220, 571, 521, 70, 9.74%, 0, 0, 3, 73.22, 6383, 2601459
1604368079, 0, 220, 572, 522, 70, 9.74%, 0, 0, 3, 74.18, 6383, 2610897
1604368165, 0, 220, 573, 523, 70, 9.74%, 0, 0, 3, 73.64, 6383, 2617282
1604368170, 0, 220, 574, 524, 70, 9.74%, 0, 0, 3, 74.23, 6385, 2617660
1604368786, 0, 220, 575, 525, 70, 9.74%, 0, 0, 3, 74.27, 6386, 2663349
1604368791, 0, 220, 577, 527, 70, 9.74%, 0, 0, 3, 73.85, 6386, 2663724
1604368796, 0, 220, 578, 528, 70, 9.74%, 0, 0, 3, 74.78, 6386, 2664108
1604368801, 0, 220, 579, 529, 70, 9.74%, 0, 0, 3, 73.68, 6386, 2664482
1604368816, 0, 220, 580, 530, 70, 9.75%, 0, 0, 3, 74.49, 6392, 2665623
1604368822, 0, 220, 581, 531, 70, 9.75%, 0, 0, 3, 73.79, 6392, 2666009
1604368827, 0, 220, 582, 532, 70, 9.75%, 0, 0, 3, 74.61, 6392, 2666390
1604368863, 0, 220, 583, 533, 70, 9.75%, 0, 0, 3, 73.58, 6392, 2669062
1604368873, 0, 220, 584, 534, 70, 9.75%, 0, 0, 3, 74.62, 6393, 2669821
1604368888, 0, 220, 585, 535, 70, 9.75%, 0, 0, 3, 75.53, 6393, 2670963
1604368898, 0, 220, 586, 536, 70, 9.76%, 0, 0, 3, 75.60, 6394, 2671734
1604368903, 0, 220, 587, 537, 70, 9.76%, 0, 0, 3, 74.92, 6394, 2672126
1604368934, 0, 220, 588, 538, 70, 9.76%, 0, 0, 3, 74.70, 6396, 2674438
1604368945, 0, 220, 590, 540, 70, 9.76%, 0, 0, 3, 74.43, 6397, 2675196
1604368970, 0, 220, 591, 541, 70, 9.76%, 0, 0, 3, 74.47, 6398, 2677112
1604368991, 0, 220, 592, 542, 70, 9.76%, 0, 0, 3, 74.62, 6398, 2678644
1604369006, 0, 222, 592, 541, 73, 9.76%, 0, 0, 3, 74.82, 6398, 2679784
1604369190, 0, 222, 593, 542, 73, 9.76%, 0, 0, 3, 74.66, 6399, 2693460
1604369287, 0, 222, 594, 543, 73, 9.77%, 0, 0, 3, 75.79, 6400, 2700706
1604369394, 0, 222, 595, 544, 73, 9.77%, 0, 0, 3, 75.09, 6401, 2708699
1604369450, 0, 222, 596, 545, 73, 9.77%, 0, 0, 3, 74.90, 6401, 2712904
1604369623, 0, 223, 596, 544, 72, 9.77%, 0, 0, 3, 74.99, 6401, 2725869
1604370047, 0, 223, 597, 545, 72, 9.77%, 0, 0, 3, 74.73, 6402, 2757578
1604370073, 0, 223, 598, 546, 72, 9.77%, 0, 0, 3, 74.78, 6402, 2759460
1604370175, 0, 223, 599, 547, 72, 9.77%, 0, 0, 3, 74.72, 6403, 2767085
1604370334, 0, 224, 599, 546, 71, 9.77%, 0, 0, 3, 74.70, 6403, 2778889
1604370416, 0, 224, 600, 547, 71, 9.77%, 0, 0, 3, 73.49, 6404, 2784939
1604370431, 0, 225, 600, 546, 70, 9.77%, 0, 0, 3, 74.94, 6404, 2786084
1604370472, 0, 225, 601, 547, 70, 9.77%, 0, 0, 3, 74.45, 6404, 2789138
1604370978, 0, 226, 601, 546, 69, 9.77%, 0, 0, 3, 74.04, 6404, 2826930
1604371540, 0, 226, 602, 547, 69, 9.77%, 0, 0, 3, 72.18, 6404, 2868460
1604371673, 0, 226, 603, 548, 69, 9.77%, 0, 0, 3, 74.62, 6404, 2878275
1604371688, 0, 227, 604, 548, 68, 9.77%, 0, 0, 3, 71.62, 6404, 2879395
1604371984, 0, 227, 605, 549, 68, 9.77%, 0, 0, 3, 74.57, 6404, 2901203
1604372075, 0, 234, 605, 548, 68, 9.77%, 0, 0, 3, 73.93, 6404, 2907977
1604372847, 0, 256, 605, 547, 67, 9.77%, 0, 0, 3, 73.76, 6404, 2965321
1604373583, 0, 257, 605, 546, 67, 9.77%, 0, 0, 3, 73.20, 6404, 3020009
1604374028, 0, 257, 606, 547, 67, 9.77%, 0, 0, 4, 73.65, 6405, 3053102
1604374177, 0, 257, 607, 548, 67, 9.77%, 0, 0, 4, 74.51, 6406, 3064107
1604374315, 0, 270, 607, 547, 66, 9.77%, 0, 0, 4, 72.47, 6406, 3074335
1604374902, 0, 270, 608, 548, 66, 9.77%, 0, 0, 4, 75.54, 6406, 3117851
1604374912, 0, 270, 609, 549, 66, 9.77%, 0, 0, 4, 74.70, 6406, 3118611
1604374974, 0, 272, 609, 548, 64, 9.77%, 0, 0, 4, 74.33, 6406, 3123166
1604375270, 0, 272, 610, 549, 64, 9.78%, 0, 0, 4, 74.73, 6407, 3145227
1604375470, 0, 272, 611, 550, 64, 9.78%, 0, 0, 4, 74.41, 6408, 3160115
1604375577, 0, 272, 612, 551, 64, 9.78%, 0, 0, 4, 75.65, 6408, 3168148
1604375674, 0, 295, 612, 550, 64, 9.78%, 0, 0, 4, 75.95, 6408, 3175400
1604376405, 0, 302, 612, 549, 63, 9.78%, 0, 0, 4, 74.92, 6408, 3229773
1604376450, 0, 302, 613, 550, 63, 9.78%, 0, 0, 4, 74.86, 6408, 3233195
1604376875, 0, 302, 614, 551, 63, 9.78%, 0, 0, 4, 75.53, 6409, 3264846
1604377142, 0, 316, 614, 550, 63, 9.78%, 0, 0, 4, 73.85, 6409, 3284665
1604377520, 0, 316, 615, 551, 63, 9.78%, 0, 0, 4, 74.45, 6410, 3312786
1604377525, 0, 316, 616, 552, 63, 9.78%, 0, 0, 4, 75.11, 6411, 3313176
1604377878, 0, 342, 616, 551, 62, 9.78%, 0, 0, 4, 75.92, 6411, 3339462
1604378001, 0, 342, 617, 552, 62, 9.78%, 0, 0, 4, 75.01, 6411, 3348647
1604378527, 0, 342, 618, 553, 62, 9.78%, 0, 0, 4, 74.59, 6412, 3387977
1604378609, 0, 344, 618, 552, 61, 9.78%, 0, 0, 4, 75.04, 6412, 3394030
1604379341, 0, 347, 618, 551, 60, 9.78%, 0, 0, 4, 75.39, 6412, 3448463
1604379903, 0, 347, 619, 552, 60, 9.78%, 0, 0, 4, 74.39, 6412, 3490299
1604380077, 0, 358, 619, 551, 59, 9.78%, 0, 0, 4, 73.40, 6412, 3503129
1604380127, 0, 358, 620, 552, 59, 9.79%, 0, 0, 4, 74.49, 6413, 3506861
1604380802, 0, 358, 621, 553, 59, 9.79%, 0, 0, 4, 74.05, 6414, 3556925
1604380813, 0, 374, 621, 552, 59, 9.79%, 0, 0, 4, 74.95, 6414, 3557691
1604380945, 0, 374, 622, 553, 59, 9.79%, 0, 0, 4, 74.69, 6414, 3567520
1604381520, 0, 374, 623, 554, 59, 9.79%, 0, 0, 4, 73.73, 6414, 3610053
1604381525, 0, 374, 625, 556, 59, 9.79%, 0, 0, 4, 74.86, 6414, 3610440
1604381530, 0, 374, 626, 557, 59, 9.79%, 0, 0, 4, 74.80, 6414, 3610821
1604381556, 0, 374, 627, 558, 59, 9.79%, 0, 0, 4, 71.99, 6414, 3612728
1604381561, 0, 374, 628, 559, 59, 9.79%, 0, 0, 4, 72.82, 6414, 3613103
1604381577, 0, 374, 629, 560, 59, 9.79%, 0, 0, 4, 72.23, 6414, 3614243
1604381587, 0, 374, 630, 561, 59, 9.79%, 0, 0, 4, 74.37, 6414, 3614996
1604381740, 0, 377, 631, 561, 59, 9.79%, 0, 0, 4, 73.55, 6414, 3626332
1604381745, 0, 377, 632, 562, 59, 9.80%, 0, 0, 4, 73.94, 6422, 3626709
1604381750, 0, 377, 633, 563, 59, 9.80%, 0, 0, 4, 71.82, 6423, 3627075
1604381766, 0, 377, 637, 567, 59, 9.86%, 0, 0, 4, 73.48, 6460, 3628190
1604381771, 0, 377, 638, 568, 59, 9.86%, 0, 0, 4, 74.47, 6460, 3628569
1604381776, 0, 377, 639, 569, 59, 9.86%, 0, 0, 4, 72.79, 6462, 3628945
1604381781, 0, 377, 640, 570, 59, 9.86%, 0, 0, 4, 72.94, 6462, 3629320
1604381786, 0, 377, 641, 571, 59, 9.86%, 0, 0, 4, 73.46, 6463, 3629695
1604381791, 0, 377, 642, 572, 59, 9.86%, 0, 0, 4, 73.61, 6463, 3630070
1604381812, 0, 377, 643, 573, 59, 9.86%, 0, 0, 4, 73.31, 6464, 3631582
1604381827, 0, 377, 645, 575, 59, 9.86%, 0, 0, 4, 73.32, 6465, 3632703
1604381848, 0, 377, 648, 578, 59, 9.88%, 0, 0, 4, 75.10, 6472, 3634240
1604381853, 0, 377, 649, 579, 59, 9.88%, 0, 0, 4, 74.27, 6472, 3634616
1604381858, 0, 377, 650, 580, 59, 9.88%, 0, 0, 4, 72.66, 6472, 3634991
1604381863, 0, 377, 651, 581, 59, 9.88%, 0, 0, 4, 73.21, 6473, 3635366
1604381884, 0, 377, 652, 582, 59, 9.88%, 0, 0, 4, 73.60, 6474, 3636871
1604381914, 0, 377, 653, 583, 59, 9.88%, 0, 0, 4, 73.25, 6474, 3639119
1604381976, 0, 377, 655, 585, 59, 9.88%, 0, 0, 4, 73.49, 6476, 3643599
1604381986, 0, 377, 656, 586, 59, 10.54%, 0, 0, 4, 73.51, 6906, 3644349
1604382058, 0, 377, 657, 587, 59, 10.54%, 0, 0, 4, 73.11, 6907, 3649631
1604382068, 0, 377, 658, 588, 59, 10.54%, 0, 0, 4, 71.05, 6908, 3650373
1604382109, 0, 377, 660, 590, 59, 10.54%, 0, 0, 4, 71.59, 6910, 3653345
1604382114, 0, 377, 661, 591, 59, 10.55%, 0, 0, 4, 73.06, 6911, 3653720
1604382273, 0, 377, 662, 592, 59, 10.55%, 0, 0, 4, 72.50, 6912, 3665327
1604382289, 0, 377, 663, 593, 59, 10.55%, 0, 0, 4, 73.06, 6913, 3666448
1604382330, 0, 377, 664, 594, 59, 10.55%, 0, 0, 4, 73.31, 6914, 3669441
1604382381, 0, 377, 665, 595, 59, 10.55%, 0, 0, 4, 73.45, 6915, 3673149
1604382386, 0, 377, 666, 596, 59, 10.55%, 0, 0, 4, 72.78, 6916, 3673522
1604382478, 0, 377, 667, 597, 59, 10.55%, 0, 0, 4, 75.65, 6916, 3680249
1604382483, 0, 377, 669, 599, 59, 10.55%, 0, 0, 4, 73.65, 6917, 3680629
1604382529, 0, 377, 670, 600, 59, 10.56%, 0, 0, 4, 74.30, 6921, 3684047
1604382580, 0, 381, 670, 599, 70, 10.56%, 0, 0, 4, 72.28, 6921, 3687864
1604383297, 0, 389, 670, 598, 69, 10.56%, 0, 0, 4, 74.49, 6921, 3740904
1604383302, 0, 389, 671, 599, 69, 10.56%, 0, 0, 4, 74.01, 6921, 3741286
1604383430, 0, 389, 672, 600, 69, 10.56%, 0, 0, 4, 72.55, 6921, 3750709
1604383639, 0, 389, 673, 601, 69, 10.56%, 0, 0, 4, 74.82, 6921, 3766186
1604383966, 0, 389, 674, 602, 69, 10.56%, 0, 0, 4, 73.52, 6921, 3790209
1604384037, 0, 407, 674, 601, 69, 10.56%, 0, 0, 4, 74.68, 6921, 3795461
1604384646, 0, 407, 675, 602, 69, 10.56%, 0, 0, 4, 74.74, 6921, 3840603
1604384671, 0, 407, 676, 603, 69, 10.56%, 0, 0, 4, 74.77, 6922, 3842509
1604384723, 0, 417, 676, 602, 69, 10.56%, 0, 0, 4, 74.69, 6922, 3846364
1604384733, 0, 417, 677, 603, 69, 10.58%, 0, 0, 4, 73.22, 6933, 3847114
1604384825, 0, 417, 678, 604, 69, 10.58%, 0, 0, 4, 73.61, 6934, 3853880
1604384866, 0, 417, 679, 605, 69, 10.58%, 0, 0, 4, 71.96, 6934, 3856873
1604385301, 0, 417, 680, 606, 69, 10.59%, 0, 0, 4, 74.58, 6938, 3889090
1604385306, 0, 417, 681, 607, 69, 10.59%, 0, 0, 4, 74.54, 6939, 3889469
1604385429, 0, 417, 682, 608, 69, 10.59%, 0, 0, 4, 73.96, 6940, 3898624
1604385455, 0, 421, 682, 607, 71, 10.59%, 0, 0, 4, 74.51, 6940, 3900527
1604385465, 0, 421, 684, 609, 71, 10.59%, 0, 0, 4, 72.95, 6941, 3901277
1604386187, 0, 423, 684, 608, 71, 10.59%, 0, 0, 4, 73.26, 6941, 3954766
1604386882, 0, 424, 684, 607, 70, 10.59%, 0, 0, 4, 74.46, 6941, 4006398
1604386892, 0, 424, 685, 608, 70, 10.59%, 0, 0, 4, 75.46, 6941, 4007169
1604387399, 0, 424, 686, 609, 70, 10.59%, 0, 0, 4, 74.62, 6941, 4044754
1604387496, 0, 424, 687, 610, 70, 10.59%, 0, 0, 4, 73.68, 6941, 4051916
1604387577, 0, 425, 687, 609, 70, 10.59%, 0, 0, 4, 74.73, 6941, 4057971
1604387648, 0, 425, 688, 610, 70, 10.59%, 0, 0, 4, 74.51, 6942, 4063241
1604388288, 0, 426, 688, 609, 70, 10.59%, 0, 0, 4, 76.83, 6942, 4111862
1604388953, 0, 426, 689, 610, 70, 10.59%, 0, 0, 4, 77.67, 6942, 4163374
1604388999, 0, 433, 689, 609, 70, 10.59%, 0, 0, 4, 79.21, 6942, 4166972
1604389701, 0, 434, 689, 608, 69, 10.59%, 0, 0, 4, 78.60, 6942, 4221538
1604390193, 0, 434, 690, 609, 69, 10.59%, 0, 0, 4, 76.77, 6942, 4259911
1604390408, 0, 439, 690, 608, 69, 10.59%, 0, 0, 4, 78.74, 6942, 4276649
1604390444, 0, 439, 691, 609, 69, 10.59%, 0, 0, 4, 76.37, 6942, 4279440
1604391069, 0, 442, 691, 608, 67, 10.59%, 0, 0, 4, 78.77, 6942, 4328211
1604391253, 0, 442, 692, 609, 67, 10.59%, 0, 0, 4, 76.13, 6943, 4342589
1604391725, 0, 443, 692, 608, 67, 10.59%, 0, 0, 4, 80.27, 6943, 4379568
1604392252, 0, 443, 693, 609, 67, 10.59%, 0, 0, 4, 78.98, 6943, 4420813
1604392380, 0, 452, 693, 608, 67, 10.59%, 0, 0, 4, 78.68, 6943, 4430903
1604392390, 0, 452, 694, 609, 67, 10.59%, 0, 0, 4, 77.87, 6943, 4431700
1604392856, 0, 452, 695, 610, 67, 10.60%, 0, 0, 4, 76.90, 6944, 4467910
1604393087, 0, 453, 695, 609, 66, 10.60%, 0, 0, 4, 79.41, 6944, 4485758
1604393097, 0, 453, 696, 610, 66, 10.60%, 0, 0, 4, 77.64, 6944, 4486556
1604393661, 0, 453, 697, 611, 66, 10.60%, 0, 0, 4, 79.55, 6945, 4530844
1604393779, 0, 456, 697, 610, 66, 10.60%, 0, 0, 4, 79.53, 6945, 4540078
1604393912, 0, 456, 698, 611, 66, 10.60%, 0, 0, 4, 77.45, 6945, 4550447
1604394439, 0, 462, 698, 610, 66, 10.60%, 0, 0, 4, 77.54, 6945, 4591573
1604395140, 0, 464, 698, 609, 65, 10.60%, 0, 0, 4, 78.25, 6945, 4646480
1604395843, 0, 467, 698, 608, 64, 10.60%, 0, 0, 4, 77.06, 6945, 4701063
1604396093, 0, 467, 699, 609, 64, 10.60%, 0, 0, 4, 76.01, 6945, 4720716
1604396236, 0, 467, 700, 610, 64, 10.60%, 0, 0, 4, 77.52, 6945, 4731899
1604396549, 0, 469, 701, 610, 65, 10.60%, 0, 0, 4, 79.53, 6945, 4756394
1604396569, 0, 469, 702, 611, 65, 10.60%, 0, 0, 4, 79.61, 6945, 4758027
1604396769, 0, 469, 703, 612, 65, 10.60%, 0, 0, 4, 71.00, 6946, 4773644
1604397250, 0, 471, 703, 611, 65, 10.60%, 0, 0, 4, 77.86, 6946, 4811235
1604397312, 0, 471, 704, 612, 65, 10.60%, 0, 0, 4, 78.39, 6947, 4816011
1604397470, 0, 471, 705, 613, 65, 10.60%, 0, 0, 4, 76.91, 6948, 4828450
1604397516, 0, 471, 706, 614, 65, 10.60%, 0, 0, 4, 78.06, 6949, 4832060
1604397731, 0, 471, 707, 615, 65, 10.60%, 0, 0, 4, 79.85, 6950, 4849007
1604397951, 0, 472, 707, 614, 66, 10.60%, 0, 0, 4, 78.67, 6950, 4866405
1604398033, 0, 472, 708, 615, 66, 10.60%, 0, 0, 4, 79.63, 6950, 4872928
1604398508, 0, 472, 709, 616, 66, 10.60%, 0, 0, 4, 77.99, 6950, 4910310
1604398600, 0, 474, 709, 615, 66, 10.60%, 0, 0, 4, 78.81, 6950, 4917575
1604399295, 0, 477, 709, 614, 65, 10.60%, 0, 0, 4, 77.83, 6950, 4972153
1604399300, 0, 477, 710, 615, 65, 10.60%, 0, 0, 4, 78.03, 6950, 4972550
1604399796, 0, 484, 710, 614, 65, 10.60%, 0, 0, 4, 76.13, 6950, 5011554
1604399940, 0, 484, 711, 615, 65, 10.60%, 0, 0, 4, 77.44, 6950, 5022695
1604400447, 0, 484, 712, 616, 65, 10.61%, 0, 0, 4, 78.90, 6951, 5062360
1604400503, 0, 485, 712, 615, 65, 10.61%, 0, 0, 4, 79.34, 6951, 5066791
1604400579, 0, 485, 713, 616, 65, 10.61%, 0, 0, 4, 80.36, 6954, 5072868
1604400825, 0, 485, 714, 617, 65, 10.61%, 0, 0, 4, 78.07, 6955, 5092210
1604401030, 0, 486, 714, 616, 65, 10.61%, 0, 0, 4, 77.01, 6955, 5108171
1604401178, 0, 486, 715, 617, 65, 10.61%, 0, 0, 4, 76.65, 6956, 5119710
1604401690, 0, 488, 715, 616, 65, 10.61%, 0, 0, 4, 79.49, 6956, 5159440
1604402130, 0, 488, 716, 617, 65, 10.61%, 0, 0, 4, 77.98, 6956, 5193766
1604402396, 0, 499, 716, 616, 65, 10.61%, 0, 0, 4, 78.26, 6956, 5214432
1604402923, 0, 499, 717, 617, 65, 10.61%, 0, 0, 4, 77.62, 6956, 5255478
1604403035, 0, 499, 718, 618, 65, 10.61%, 0, 0, 4, 77.95, 6956, 5264298
1604403102, 0, 505, 718, 617, 65, 10.61%, 0, 0, 4, 78.53, 6956, 5269480
1604403807, 0, 519, 718, 616, 64, 10.61%, 0, 0, 4, 77.36, 6956, 5324512
1604403818, 0, 519, 719, 617, 64, 10.61%, 0, 0, 4, 76.90, 6956, 5325310
1604404022, 0, 519, 720, 618, 64, 10.61%, 0, 0, 4, 77.51, 6956, 5341275
1604404478, 0, 521, 720, 617, 63, 10.61%, 0, 0, 4, 75.90, 6956, 5376884
1604405093, 0, 521, 721, 618, 63, 10.62%, 0, 0, 4, 75.21, 6957, 5424899
1604405186, 0, 522, 721, 617, 63, 10.62%, 0, 0, 4, 77.44, 6957, 5432102
1604405794, 0, 522, 722, 618, 63, 10.62%, 0, 0, 4, 76.96, 6957, 5479607
1604405881, 0, 526, 722, 617, 62, 10.62%, 0, 0, 4, 78.70, 6957, 5486380
1604406588, 0, 546, 722, 616, 61, 10.62%, 0, 0, 4, 78.26, 6957, 5541394
1604407090, 0, 546, 723, 617, 61, 10.62%, 0, 0, 4, 77.91, 6958, 5580714
1604407258, 0, 548, 723, 616, 61, 10.62%, 0, 0, 4, 78.31, 6958, 5593796
1604407719, 0, 548, 724, 617, 61, 10.62%, 0, 0, 4, 79.20, 6959, 5629740
1604407924, 0, 550, 724, 616, 61, 10.62%, 0, 0, 4, 77.35, 6959, 5645661
1604408088, 0, 550, 725, 617, 61, 10.62%, 0, 0, 4, 79.43, 6960, 5658452
1604408595, 0, 551, 725, 616, 61, 10.62%, 0, 0, 4, 78.66, 6960, 5698046
1604409266, 0, 552, 725, 615, 60, 10.62%, 0, 0, 4, 78.67, 6960, 5750246
1604409578, 0, 552, 726, 616, 60, 10.62%, 0, 0, 4, 77.64, 6961, 5774664
1604409936, 0, 553, 726, 615, 60, 10.62%, 0, 0, 4, 77.90, 6961, 5802698
1604409947, 0, 553, 727, 616, 60, 10.62%, 0, 0, 4, 75.40, 6961, 5803491
1604410110, 0, 553, 728, 617, 60, 10.62%, 0, 0, 4, 79.30, 6962, 5816229
1604410136, 0, 553, 729, 618, 60, 10.62%, 0, 0, 4, 78.46, 6963, 5818226
1604410530, 0, 553, 730, 619, 60, 10.62%, 0, 0, 4, 79.59, 6963, 5849101
1604410607, 0, 556, 730, 618, 60, 10.62%, 0, 0, 4, 78.71, 6963, 5855155
1604411018, 0, 560, 730, 617, 59, 10.62%, 0, 0, 4, 78.42, 6963, 5887013
1604411397, 0, 563, 730, 616, 58, 10.62%, 0, 0, 4, 78.12, 6963, 5916497
1604411612, 0, 563, 731, 617, 58, 10.63%, 0, 0, 4, 77.99, 6964, 5933051
1604411888, 0, 563, 732, 618, 58, 10.63%, 0, 0, 4, 79.44, 6964, 5954500
1604412133, 0, 574, 732, 617, 58, 10.63%, 0, 0, 4, 77.28, 6964, 5973622
1604412139, 0, 574, 733, 618, 58, 10.63%, 0, 0, 4, 77.16, 6964, 5974022
1604412144, 0, 574, 735, 620, 58, 10.63%, 0, 0, 4, 76.72, 6964, 5974422
1604412149, 0, 574, 738, 623, 58, 10.63%, 0, 0, 4, 77.10, 6966, 5974822
1604412154, 0, 574, 739, 624, 58, 10.63%, 0, 0, 4, 75.79, 6966, 5975202
1604412159, 0, 574, 740, 625, 58, 10.63%, 0, 0, 4, 74.05, 6966, 5975573
1604412174, 0, 574, 741, 626, 58, 10.63%, 0, 0, 4, 76.47, 6966, 5976729
1604412180, 0, 574, 742, 627, 58, 10.63%, 0, 0, 4, 76.61, 6967, 5977129
1604412185, 0, 574, 743, 628, 58, 10.63%, 0, 0, 4, 76.98, 6967, 5977529
1604412221, 0, 574, 744, 629, 58, 10.63%, 0, 0, 4, 77.29, 6968, 5980298
1604412226, 0, 574, 745, 630, 58, 10.63%, 0, 0, 4, 75.50, 6969, 5980679
1604412262, 0, 574, 746, 631, 58, 10.63%, 0, 0, 4, 76.58, 6969, 5983423
1604412267, 0, 574, 750, 635, 58, 10.64%, 0, 0, 4, 76.59, 6970, 5983806
1604412322, 0, 574, 751, 636, 58, 10.64%, 0, 0, 4, 76.38, 6971, 5988063
1604412333, 0, 574, 752, 637, 58, 10.64%, 0, 0, 4, 74.20, 6972, 5988841
1604412348, 0, 574, 753, 638, 58, 10.64%, 0, 0, 4, 76.54, 6973, 5990004
1604412358, 0, 574, 754, 639, 58, 10.64%, 0, 0, 4, 75.78, 6974, 5990784
1604412394, 0, 574, 755, 640, 58, 10.65%, 0, 0, 4, 75.46, 6977, 5993530
1604412445, 0, 574, 756, 641, 58, 10.66%, 0, 0, 4, 76.35, 6983, 5997364
1604412542, 0, 574, 757, 642, 58, 10.66%, 0, 0, 4, 77.62, 6983, 6004738
1604412547, 0, 574, 759, 644, 58, 10.66%, 0, 0, 4, 77.87, 6983, 6005138
1604412553, 0, 574, 760, 645, 58, 10.66%, 0, 0, 4, 77.61, 6983, 6005538
1604412563, 0, 574, 761, 646, 58, 10.66%, 0, 0, 4, 76.23, 6984, 6006300
1604412568, 0, 574, 762, 647, 58, 10.66%, 0, 0, 4, 76.32, 6985, 6006684
1604412609, 0, 574, 763, 648, 58, 10.66%, 0, 0, 4, 75.24, 6986, 6009800
1604412614, 0, 574, 764, 649, 58, 10.66%, 0, 0, 4, 75.97, 6987, 6010180
1604412644, 0, 574, 765, 650, 58, 10.66%, 0, 0, 4, 77.59, 6987, 6012544
1604412670, 0, 574, 766, 651, 58, 10.66%, 0, 0, 4, 76.44, 6987, 6014487
1604412696, 0, 574, 767, 652, 58, 10.66%, 0, 0, 4, 74.69, 6987, 6016415
1604412706, 0, 574, 768, 653, 58, 10.66%, 0, 0, 4, 75.93, 6987, 6017195
1604412757, 0, 574, 771, 656, 58, 10.66%, 0, 0, 4, 76.72, 6987, 6021087
1604412778, 0, 574, 772, 657, 58, 10.66%, 0, 0, 4, 76.70, 6988, 6022635
1604412798, 0, 574, 773, 658, 58, 10.66%, 0, 0, 4, 75.24, 6989, 6024195
1604412829, 0, 574, 774, 659, 58, 10.67%, 0, 0, 4, 77.68, 6990, 6026544
1604412911, 0, 574, 775, 660, 58, 10.67%, 0, 0, 4, 77.20, 6991, 6032862
1604412967, 0, 574, 776, 661, 58, 10.67%, 0, 0, 4, 75.81, 6991, 6037179
1604412987, 0, 574, 777, 662, 58, 10.67%, 0, 0, 4, 74.36, 6992, 6038721
1604412992, 0, 574, 778, 663, 58, 10.67%, 0, 0, 4, 75.26, 6993, 6039108
1604413008, 0, 574, 779, 664, 58, 10.67%, 0, 0, 4, 76.88, 6994, 6040305
1604413049, 0, 574, 780, 665, 58, 10.67%, 0, 0, 4, 78.67, 6995, 6043461
1604413074, 0, 574, 781, 666, 58, 10.67%, 0, 0, 4, 79.27, 6995, 6045443
1604413084, 0, 587, 781, 665, 64, 10.67%, 0, 0, 4, 79.16, 6995, 6046247
1604413089, 0, 587, 782, 666, 64, 10.68%, 0, 0, 4, 75.82, 6996, 6046632
1604413115, 0, 587, 783, 667, 64, 10.68%, 0, 0, 4, 77.18, 6996, 6048564
1604413140, 0, 587, 785, 669, 64, 10.68%, 0, 0, 4, 76.26, 6996, 6050495
1604413221, 0, 587, 786, 670, 64, 10.68%, 0, 0, 4, 77.04, 6996, 6056695
1604413232, 0, 587, 787, 671, 64, 10.68%, 0, 0, 4, 73.84, 6997, 6057451
1604413319, 0, 587, 788, 672, 64, 10.69%, 0, 0, 4, 76.82, 7005, 6064083
1604413380, 0, 587, 789, 673, 64, 10.69%, 0, 0, 4, 75.00, 7006, 6068730
1604413482, 0, 587, 790, 674, 64, 10.69%, 0, 0, 4, 76.48, 7007, 6076440
1604413498, 0, 587, 791, 675, 64, 10.69%, 0, 0, 4, 77.72, 7008, 6077640
1604413610, 0, 587, 792, 676, 64, 10.69%, 0, 0, 4, 75.24, 7008, 6086126
1604413738, 0, 587, 793, 677, 64, 10.69%, 0, 0, 4, 74.88, 7009, 6095825
1604413840, 0, 587, 794, 678, 64, 10.69%, 0, 0, 4, 74.93, 7009, 6103544
1604413907, 0, 589, 794, 677, 65, 10.69%, 0, 0, 4, 76.96, 7009, 6108569
1604413912, 0, 589, 795, 678, 65, 10.69%, 0, 0, 4, 77.17, 7009, 6108969
1604413932, 0, 589, 797, 680, 65, 10.70%, 0, 0, 4, 75.52, 7011, 6110533
1604413937, 0, 589, 798, 681, 65, 10.70%, 0, 0, 4, 76.79, 7011, 6110933
1604413978, 0, 589, 799, 682, 65, 10.70%, 0, 0, 4, 77.85, 7011, 6114079
1604413989, 0, 589, 800, 683, 65, 10.70%, 0, 0, 4, 77.81, 7011, 6114879
1604414014, 0, 589, 801, 684, 65, 10.70%, 0, 0, 4, 75.89, 7011, 6116849
1604414076, 0, 589, 802, 685, 65, 10.70%, 0, 0, 4, 76.99, 7012, 6121562
1604414300, 0, 589, 803, 686, 65, 10.70%, 0, 0, 4, 76.83, 7013, 6138762
1604414305, 0, 589, 804, 687, 65, 10.70%, 0, 0, 4, 75.85, 7013, 6139142
1604414311, 0, 589, 805, 688, 65, 10.70%, 0, 0, 4, 76.46, 7014, 6139542
1604414551, 0, 589, 806, 689, 65, 10.70%, 0, 0, 4, 75.07, 7015, 6157835
1604414664, 0, 589, 807, 690, 65, 10.71%, 0, 0, 4, 76.05, 7016, 6166473
1604414823, 0, 597, 807, 689, 66, 10.71%, 0, 0, 4, 78.30, 7016, 6178758
1604415503, 0, 604, 807, 688, 65, 10.71%, 0, 0, 4, 77.66, 7016, 6231940
1604415708, 0, 604, 808, 689, 65, 10.71%, 0, 0, 4, 77.46, 7017, 6247738
1604415881, 0, 608, 808, 688, 65, 10.71%, 0, 0, 4, 76.74, 7017, 6261083
1604415983, 0, 608, 809, 689, 65, 10.71%, 0, 0, 5, 78.71, 7018, 6269138
1604416515, 0, 629, 809, 688, 65, 10.71%, 0, 0, 5, 78.05, 7018, 6310545
