# unix_time, cycles_done, cur_path, paths_total, pending_total, pending_favs, map_size, unique_crashes, unique_hangs, max_depth, execs_per_sec, edge_coverage, total_execs
1605227485, 0, 0, 3, 3, 2, 3.95%, 0, 0, 1, 186.05, 2590, 24
1605227491, 0, 0, 83, 83, 2, 4.34%, 0, 0, 2, 300.25, 2842, 1760
1605227496, 0, 0, 109, 109, 2, 4.40%, 0, 0, 2, 358.60, 2882, 3705
1605227506, 0, 0, 132, 132, 2, 4.48%, 0, 0, 2, 322.11, 2933, 6559
1605227511, 0, 0, 172, 172, 2, 4.56%, 0, 0, 2, 340.64, 2989, 8319
1605227517, 0, 0, 174, 174, 2, 4.57%, 0, 0, 2, 326.48, 2994, 9925
1605227522, 0, 0, 185, 185, 2, 4.59%, 0, 0, 2, 368.91, 3006, 11883
1605227532, 0, 0, 189, 189, 2, 4.59%, 0, 0, 2, 310.23, 3010, 15221
1605227537, 0, 0, 194, 194, 2, 4.62%, 0, 0, 2, 325.51, 3026, 16809
1605227542, 0, 0, 195, 195, 2, 4.62%, 0, 0, 2, 343.15, 3027, 18617
1605227547, 0, 0, 202, 202, 2, 4.70%, 0, 0, 2, 368.19, 3077, 20512
1605227558, 0, 0, 204, 204, 2, 4.70%, 0, 0, 2, 346.53, 3079, 24092
1605227563, 0, 0, 205, 205, 2, 4.72%, 0, 0, 2, 353.66, 3095, 25919
1605227573, 0, 0, 213, 213, 2, 4.73%, 0, 0, 2, 355.68, 3098, 29496
1605227578, 0, 0, 222, 222, 2, 4.75%, 0, 0, 2, 385.15, 3110, 31523
1605227583, 0, 0, 229, 229, 2, 4.81%, 0, 0, 2, 368.16, 3154, 33378
1605227589, 0, 0, 233, 233, 2, 4.82%, 0, 0, 2, 371.56, 3159, 35237
1605227594, 0, 0, 234, 234, 2, 4.82%, 0, 0, 2, 355.78, 3160, 37072
1605227614, 0, 0, 235, 235, 2, 4.82%, 0, 0, 2, 360.74, 3160, 44682
1605227619, 0, 0, 237, 237, 2, 4.82%, 0, 0, 2, 370.48, 3161, 46343
1605227650, 0, 0, 244, 244, 2, 4.84%, 0, 0, 2, 345.53, 3171, 56486
1605227655, 0, 0, 247, 247, 2, 4.84%, 0, 0, 2, 340.33, 3172, 58238
1605227661, 0, 0, 248, 248, 2, 4.84%, 0, 0, 2, 355.57, 3173, 60095
1605227686, 0, 0, 260, 260, 2, 4.88%, 0, 0, 2, 385.03, 3200, 70116
1605227691, 0, 0, 275, 275, 2, 4.92%, 0, 0, 2, 383.56, 3224, 72052
1605227696, 0, 0, 278, 278, 2, 4.92%, 0, 0, 2, 355.45, 3226, 73847
1605227712, 0, 0, 280, 280, 2, 4.93%, 0, 0, 2, 362.19, 3231, 79400
1605227727, 0, 0, 285, 285, 2, 4.97%, 0, 0, 2, 348.98, 3256, 84772
1605227732, 0, 0, 289, 289, 2, 4.98%, 0, 0, 2, 363.86, 3263, 86715
1605227737, 0, 0, 295, 295, 2, 4.99%, 0, 0, 2, 391.31, 3268, 88828
1605227742, 0, 0, 296, 296, 2, 4.99%, 0, 0, 2, 353.03, 3268, 90565
1605227768, 0, 0, 299, 299, 2, 4.99%, 0, 0, 2, 364.40, 3273, 99934
1605227788, 0, 0, 302, 302, 2, 4.99%, 0, 0, 2, 344.47, 3273, 106870
1605227804, 0, 0, 310, 310, 2, 5.00%, 0, 0, 2, 402.48, 3277, 112256
1605227809, 0, 0, 313, 313, 2, 5.00%, 0, 0, 2, 422.26, 3279, 114409
1605227814, 0, 0, 318, 318, 2, 5.00%, 0, 0, 2, 411.08, 3279, 116465
1605227819, 0, 0, 322, 322, 2, 5.00%, 0, 0, 2, 430.14, 3279, 118641
1605227824, 0, 0, 324, 324, 2, 5.00%, 0, 0, 2, 417.69, 3279, 120673
1605227829, 0, 0, 325, 325, 2, 5.00%, 0, 0, 2, 450.00, 3279, 122531
1605227844, 0, 0, 327, 327, 2, 5.00%, 0, 0, 2, 427.16, 3279, 129193
1605227849, 0, 0, 328, 328, 2, 5.00%, 0, 0, 2, 437.29, 3279, 131433
1605227859, 0, 0, 329, 329, 2, 5.00%, 0, 0, 2, 337.05, 3279, 135643
1605227869, 0, 0, 330, 330, 2, 5.00%, 0, 0, 2, 422.12, 3279, 139833
1605227875, 0, 0, 331, 331, 2, 5.00%, 0, 0, 2, 366.82, 3279, 141726
1605227880, 0, 4, 331, 330, 135, 5.00%, 0, 0, 2, 397.89, 3279, 143757
1605227946, 0, 6, 331, 329, 134, 5.00%, 0, 0, 2, 457.86, 3279, 172934
1605227967, 0, 6, 332, 330, 134, 5.00%, 0, 0, 3, 473.84, 3279, 182776
1605227972, 0, 7, 333, 330, 134, 5.00%, 0, 0, 3, 462.45, 3280, 185102
1605227982, 0, 14, 333, 328, 132, 5.00%, 0, 0, 3, 461.62, 3280, 189690
1605228048, 0, 21, 333, 327, 131, 5.00%, 0, 0, 3, 460.92, 3280, 218727
1605228115, 0, 21, 334, 328, 131, 5.00%, 0, 0, 3, 445.86, 3280, 248073
1605228120, 0, 29, 335, 328, 130, 5.00%, 0, 0, 3, 431.94, 3280, 250290
1605228135, 0, 29, 338, 331, 130, 5.00%, 0, 0, 3, 349.94, 3280, 255764
1605228407, 0, 29, 339, 332, 130, 5.00%, 0, 0, 3, 328.65, 3280, 354071
1605228417, 0, 29, 340, 333, 130, 5.00%, 0, 0, 3, 368.05, 3280, 357662
1605228422, 0, 32, 340, 332, 130, 5.00%, 0, 0, 3, 438.31, 3280, 360006
1605228493, 0, 39, 340, 331, 129, 5.00%, 0, 0, 3, 458.01, 3280, 391663
1605228570, 0, 42, 340, 330, 128, 5.00%, 0, 0, 3, 438.04, 3280, 424540
1605228646, 0, 48, 340, 329, 127, 5.00%, 0, 0, 3, 440.29, 3280, 457699
1605228651, 0, 48, 341, 330, 127, 5.01%, 0, 0, 3, 388.05, 3283, 459585
1605228656, 0, 48, 342, 331, 127, 5.01%, 0, 0, 3, 340.74, 3283, 461193
1605228666, 0, 48, 343, 332, 127, 5.01%, 0, 0, 3, 346.47, 3283, 464711
1605228948, 0, 49, 343, 331, 128, 5.01%, 0, 0, 3, 425.00, 3283, 567858
1605229029, 0, 50, 343, 330, 127, 5.01%, 0, 0, 3, 376.23, 3283, 602521
1605229034, 0, 50, 344, 331, 127, 5.01%, 0, 0, 3, 337.15, 3283, 604177
1605229333, 0, 50, 345, 332, 127, 5.01%, 0, 0, 3, 393.37, 3283, 711103
1605229338, 0, 51, 345, 331, 124, 5.01%, 0, 0, 3, 437.80, 3283, 713400
1605229358, 0, 51, 346, 332, 124, 5.01%, 0, 0, 3, 449.95, 3283, 722528
1605229404, 0, 51, 347, 333, 124, 5.01%, 0, 0, 3, 441.75, 3284, 742270
1605229414, 0, 56, 347, 332, 124, 5.01%, 0, 0, 3, 453.17, 3284, 746851
1605229516, 0, 61, 347, 331, 123, 5.01%, 0, 0, 3, 449.69, 3284, 790960
1605229598, 0, 62, 347, 330, 122, 5.01%, 0, 0, 3, 441.06, 3284, 826906
1605229675, 0, 62, 348, 331, 122, 5.02%, 0, 0, 3, 450.39, 3288, 860570
1605229680, 0, 64, 348, 330, 122, 5.02%, 0, 0, 3, 448.35, 3288, 862816
1605229752, 0, 64, 349, 331, 122, 5.02%, 0, 0, 3, 438.32, 3290, 894419
1605229767, 0, 68, 349, 330, 122, 5.02%, 0, 0, 3, 450.44, 3290, 901060
1605229849, 0, 70, 350, 330, 121, 5.02%, 0, 0, 3, 447.20, 3291, 937217
1605229926, 0, 70, 351, 331, 121, 5.02%, 0, 0, 3, 370.71, 3291, 970968
1605229937, 0, 71, 351, 330, 121, 5.02%, 0, 0, 3, 448.46, 3291, 974711
1605230024, 0, 79, 351, 329, 120, 5.02%, 0, 0, 3, 446.31, 3291, 1012710
1605230110, 0, 95, 351, 328, 119, 5.02%, 0, 0, 3, 454.93, 3291, 1049840
1605230116, 0, 95, 352, 329, 119, 5.02%, 0, 0, 3, 77.09, 3291, 1051683
1605230167, 0, 95, 353, 330, 119, 5.04%, 0, 0, 3, 355.65, 3302, 1069616
1605230341, 0, 95, 354, 331, 119, 5.04%, 0, 0, 3, 363.08, 3302, 1132263
1605230413, 0, 97, 354, 330, 119, 5.04%, 0, 0, 3, 423.36, 3302, 1158780
1605230418, 0, 97, 356, 332, 119, 5.04%, 0, 0, 3, 385.96, 3302, 1160751
1605230719, 0, 97, 357, 333, 119, 5.04%, 0, 0, 3, 388.70, 3302, 1267125
1605230730, 0, 98, 357, 332, 117, 5.04%, 0, 0, 3, 398.91, 3302, 1271306
1605230735, 0, 98, 358, 333, 117, 5.04%, 0, 0, 3, 346.18, 3302, 1272996
1605231031, 0, 105, 358, 332, 116, 5.04%, 0, 0, 3, 432.81, 3302, 1380332
1605231036, 0, 105, 359, 333, 116, 5.04%, 0, 0, 3, 420.16, 3302, 1382508
1605231077, 0, 105, 360, 334, 116, 5.04%, 0, 0, 3, 405.37, 3302, 1398851
1605231107, 0, 105, 361, 335, 116, 5.04%, 0, 0, 3, 414.55, 3302, 1411145
1605231133, 0, 105, 362, 336, 116, 5.04%, 0, 0, 3, 426.87, 3302, 1421741
1605231189, 0, 105, 365, 339, 116, 5.04%, 0, 0, 3, 418.31, 3305, 1444690
1605231194, 0, 107, 365, 338, 119, 5.04%, 0, 0, 3, 443.64, 3305, 1446924
1605231204, 0, 107, 367, 340, 119, 5.04%, 0, 0, 3, 422.98, 3305, 1451236
1605231311, 0, 107, 368, 341, 119, 5.04%, 0, 0, 3, 422.11, 3306, 1494822
1605231331, 0, 107, 370, 343, 119, 5.04%, 0, 0, 3, 438.28, 3306, 1503207
1605231362, 0, 108, 371, 343, 120, 5.04%, 0, 0, 3, 427.52, 3306, 1515956
1605231525, 0, 110, 371, 342, 119, 5.04%, 0, 0, 3, 444.47, 3306, 1583876
1605231535, 0, 110, 376, 347, 119, 5.05%, 0, 0, 3, 405.60, 3312, 1587894
1605231541, 0, 110, 384, 355, 119, 5.06%, 0, 0, 3, 390.93, 3313, 1589833
1605231663, 0, 110, 386, 357, 119, 5.06%, 0, 0, 3, 418.62, 3314, 1639256
1605231683, 0, 110, 387, 358, 119, 5.06%, 0, 0, 3, 394.46, 3314, 1647249
1605231714, 0, 110, 390, 361, 119, 5.06%, 0, 0, 3, 405.69, 3314, 1660175
1605231719, 0, 110, 391, 362, 119, 5.06%, 0, 0, 3, 414.57, 3314, 1662279
1605231729, 0, 113, 391, 361, 121, 5.06%, 0, 0, 3, 436.91, 3314, 1666569
1605231909, 0, 114, 391, 360, 120, 5.06%, 0, 0, 3, 432.48, 3314, 1736859
1605232071, 0, 114, 392, 361, 120, 5.06%, 0, 0, 3, 394.61, 3317, 1803800
1605232076, 0, 115, 392, 360, 119, 5.06%, 0, 0, 3, 420.95, 3317, 1805919
1605232250, 0, 119, 392, 359, 118, 5.06%, 0, 0, 3, 435.13, 3317, 1876192
1605232260, 0, 119, 393, 360, 118, 5.07%, 0, 0, 3, 410.18, 3321, 1880256
1605232423, 0, 120, 393, 359, 118, 5.07%, 0, 0, 3, 442.83, 3321, 1946451
1605232602, 0, 124, 393, 358, 117, 5.07%, 0, 0, 3, 423.04, 3321, 2018859
1605232775, 0, 132, 393, 357, 116, 5.07%, 0, 0, 3, 402.83, 3321, 2088325
1605232968, 0, 134, 393, 356, 115, 5.07%, 0, 0, 3, 426.22, 3321, 2166414
1605233085, 0, 134, 394, 357, 115, 5.07%, 0, 0, 3, 399.46, 3323, 2213629
1605233171, 0, 135, 394, 356, 115, 5.07%, 0, 0, 3, 425.62, 3323, 2248803
1605233374, 0, 136, 395, 356, 114, 5.07%, 0, 0, 3, 411.19, 3323, 2331632
1605233450, 0, 136, 396, 357, 114, 5.07%, 0, 0, 3, 378.67, 3323, 2358498
1605233618, 0, 138, 397, 357, 113, 5.07%, 0, 0, 3, 396.49, 3323, 2421635
1605233862, 0, 138, 398, 358, 113, 5.07%, 0, 0, 3, 430.54, 3323, 2510785
1605233867, 0, 138, 399, 359, 113, 5.08%, 0, 0, 3, 431.69, 3326, 2512961
1605233877, 0, 139, 399, 358, 113, 5.08%, 0, 0, 3, 370.04, 3326, 2516784
1605233893, 0, 139, 402, 361, 113, 5.08%, 0, 0, 3, 345.17, 3327, 2522254
1605234127, 0, 139, 404, 363, 113, 5.08%, 0, 0, 3, 389.95, 3327, 2607750
1605234142, 0, 139, 405, 364, 113, 5.08%, 0, 0, 3, 428.10, 3327, 2613877
1605234148, 0, 139, 407, 366, 113, 5.08%, 0, 0, 3, 406.25, 3327, 2615901
1605234168, 0, 140, 407, 365, 112, 5.08%, 0, 0, 3, 454.41, 3327, 2624865
1605234412, 0, 144, 407, 364, 111, 5.08%, 0, 0, 3, 423.08, 3327, 2715460
1605234672, 0, 148, 407, 363, 110, 5.08%, 0, 0, 3, 435.24, 3327, 2809925
1605234933, 0, 150, 407, 362, 109, 5.08%, 0, 0, 3, 386.01, 3327, 2902532
1605235178, 0, 150, 408, 363, 109, 5.08%, 0, 0, 3, 372.92, 3327, 2990185
1605235188, 0, 152, 408, 362, 109, 5.08%, 0, 0, 3, 407.79, 3327, 2994335
1605235453, 0, 154, 408, 361, 108, 5.08%, 0, 0, 3, 438.43, 3327, 3086997
1605235708, 0, 159, 408, 360, 107, 5.08%, 0, 0, 3, 397.09, 3327, 3181439
1605235713, 0, 159, 409, 361, 107, 5.08%, 0, 0, 3, 361.93, 3327, 3183281
1605235958, 0, 168, 409, 360, 106, 5.08%, 0, 0, 3, 383.27, 3327, 3273338
1605236223, 0, 168, 410, 361, 106, 5.08%, 0, 0, 3, 379.76, 3327, 3351032
1605236274, 0, 168, 411, 362, 106, 5.08%, 0, 0, 3, 359.32, 3327, 3369666
1605236279, 0, 168, 412, 363, 106, 5.08%, 0, 0, 3, 411.69, 3327, 3371849
1605236284, 0, 174, 412, 362, 105, 5.08%, 0, 0, 3, 404.85, 3327, 3373947
1605236351, 0, 176, 412, 361, 104, 5.08%, 0, 0, 3, 453.28, 3327, 3402819
1605236427, 0, 177, 412, 360, 103, 5.08%, 0, 0, 3, 436.60, 3327, 3435591
1605236504, 0, 178, 412, 359, 102, 5.08%, 0, 0, 3, 438.29, 3327, 3468086
1605236585, 0, 180, 412, 358, 101, 5.08%, 0, 0, 3, 430.66, 3327, 3502808
1605236667, 0, 181, 412, 357, 100, 5.08%, 0, 0, 3, 444.19, 3327, 3537221
1605236748, 0, 184, 412, 356, 99, 5.08%, 0, 0, 3, 443.54, 3327, 3572286
1605236835, 0, 186, 412, 355, 98, 5.08%, 0, 0, 3, 433.82, 3327, 3608458
1605237007, 0, 187, 412, 354, 97, 5.08%, 0, 0, 3, 431.67, 3327, 3678478
1605237180, 0, 189, 412, 353, 96, 5.08%, 0, 0, 3, 424.84, 3327, 3749201
1605237368, 0, 191, 412, 352, 95, 5.08%, 0, 0, 3, 444.37, 3327, 3822047
1605237389, 0, 191, 413, 353, 95, 5.08%, 0, 0, 3, 356.69, 3328, 3829398
1605237532, 0, 191, 414, 354, 95, 5.10%, 0, 0, 3, 393.45, 3342, 3882758
1605237618, 0, 192, 414, 353, 95, 5.10%, 0, 0, 3, 385.28, 3342, 3915689
1605237868, 0, 193, 414, 352, 94, 5.10%, 0, 0, 3, 391.45, 3342, 4007772
1605237950, 0, 193, 415, 353, 94, 5.10%, 0, 0, 3, 385.54, 3342, 4036556
1605237955, 0, 193, 416, 354, 94, 5.10%, 0, 0, 3, 384.46, 3342, 4038517
1605238122, 0, 194, 416, 353, 93, 5.10%, 0, 0, 3, 393.15, 3342, 4100498
1605238291, 0, 194, 417, 354, 93, 5.10%, 0, 0, 3, 428.15, 3344, 4157775
1605238361, 0, 194, 418, 355, 93, 5.10%, 0, 0, 3, 389.68, 3344, 4186177
1605238367, 0, 195, 418, 354, 93, 5.10%, 0, 0, 3, 441.42, 3344, 4188477
1605238387, 0, 199, 418, 353, 92, 5.10%, 0, 0, 3, 374.99, 3344, 4196970
1605238428, 0, 199, 419, 354, 92, 5.10%, 0, 0, 3, 406.51, 3344, 4214361
1605238474, 0, 204, 419, 353, 91, 5.10%, 0, 0, 3, 430.99, 3344, 4234536
1605238489, 0, 204, 420, 354, 91, 5.10%, 0, 0, 3, 359.80, 3344, 4240134
1605238515, 0, 204, 421, 355, 91, 5.10%, 0, 0, 3, 356.44, 3344, 4249182
1605238637, 0, 204, 423, 357, 91, 5.12%, 0, 0, 3, 408.69, 3353, 4294809
1605238708, 0, 204, 424, 358, 91, 5.12%, 0, 0, 3, 368.43, 3353, 4321692
1605238724, 0, 205, 424, 357, 92, 5.12%, 0, 0, 3, 415.11, 3353, 4327840
1605238800, 0, 219, 424, 356, 91, 5.12%, 0, 0, 3, 444.96, 3353, 4360995
1605238805, 0, 219, 427, 359, 91, 5.12%, 0, 0, 3, 381.53, 3353, 4362781
1605238883, 0, 219, 428, 360, 91, 5.12%, 0, 0, 3, 376.77, 3354, 4389892
1605238995, 0, 219, 430, 362, 91, 5.12%, 0, 0, 3, 387.81, 3356, 4431077
1605239031, 0, 219, 431, 363, 91, 5.12%, 0, 0, 3, 332.08, 3356, 4443495
1605239036, 0, 219, 434, 366, 91, 5.12%, 0, 0, 3, 355.26, 3356, 4445248
1605239128, 0, 222, 434, 365, 92, 5.12%, 0, 0, 3, 283.37, 3356, 4471247
1605239240, 0, 228, 434, 364, 91, 5.12%, 0, 0, 3, 364.73, 3356, 4506135
1605239245, 0, 228, 436, 366, 91, 5.12%, 0, 0, 3, 344.73, 3356, 4507815
1605239271, 0, 228, 437, 367, 91, 5.12%, 0, 0, 3, 372.03, 3356, 4516844
1605239291, 0, 228, 439, 369, 91, 5.12%, 0, 0, 3, 361.98, 3356, 4524016
1605239332, 0, 228, 441, 371, 91, 5.12%, 0, 0, 3, 351.20, 3357, 4538096
1605239347, 0, 228, 442, 372, 91, 5.12%, 0, 0, 3, 366.11, 3357, 4543500
1605239553, 0, 229, 449, 378, 92, 5.15%, 0, 0, 3, 399.60, 3377, 4617663
1605239578, 0, 229, 452, 381, 92, 5.16%, 0, 0, 3, 372.68, 3379, 4626621
1605239604, 0, 229, 454, 383, 92, 5.16%, 0, 0, 3, 373.37, 3381, 4635473
1605239640, 0, 229, 456, 385, 92, 5.16%, 0, 0, 3, 377.28, 3383, 4648279
1605239645, 0, 229, 457, 386, 92, 5.16%, 0, 0, 3, 386.59, 3384, 4650240
1605239650, 0, 229, 458, 387, 92, 5.16%, 0, 0, 3, 358.15, 3384, 4652040
1605239788, 0, 229, 459, 388, 92, 5.17%, 0, 0, 3, 400.24, 3385, 4702616
1605239793, 0, 229, 460, 389, 92, 5.17%, 0, 0, 3, 395.35, 3386, 4704633
1605239854, 0, 229, 461, 390, 92, 5.17%, 0, 0, 3, 431.15, 3386, 4727600
1605239859, 0, 230, 462, 390, 102, 5.17%, 0, 0, 3, 408.06, 3386, 4729754
1605239885, 0, 230, 463, 391, 102, 5.17%, 0, 0, 3, 371.69, 3386, 4738870
1605239967, 0, 230, 464, 392, 102, 5.17%, 0, 0, 3, 364.08, 3386, 4767847
1605240162, 0, 232, 464, 391, 102, 5.17%, 0, 0, 3, 432.92, 3386, 4839182
1605240258, 0, 233, 464, 390, 101, 5.17%, 0, 0, 3, 444.63, 3386, 4880551
1605240263, 0, 233, 466, 392, 101, 5.17%, 0, 0, 3, 381.85, 3386, 4882388
1605240377, 0, 233, 467, 393, 101, 5.17%, 0, 0, 3, 354.27, 3386, 4922295
1605240566, 0, 235, 467, 392, 100, 5.17%, 0, 0, 3, 428.84, 3386, 4991644
1605240739, 0, 236, 467, 391, 99, 5.17%, 0, 0, 3, 408.34, 3386, 5061572
1605240917, 0, 239, 467, 390, 98, 5.17%, 0, 0, 3, 428.72, 3386, 5133225
1605241080, 0, 239, 468, 391, 98, 5.17%, 0, 0, 3, 390.33, 3390, 5193205
1605241106, 0, 239, 469, 392, 98, 5.17%, 0, 0, 3, 372.53, 3391, 5202810
1605241167, 0, 240, 469, 391, 99, 5.17%, 0, 0, 3, 401.28, 3391, 5226475
1605241412, 0, 241, 469, 390, 98, 5.17%, 0, 0, 3, 405.71, 3391, 5317996
1605241666, 0, 243, 469, 389, 97, 5.17%, 0, 0, 3, 394.15, 3391, 5413684
1605241915, 0, 243, 470, 390, 97, 5.17%, 0, 0, 3, 425.96, 3391, 5506222
1605241920, 0, 246, 470, 389, 95, 5.17%, 0, 0, 3, 434.39, 3391, 5508440
1605242180, 0, 246, 471, 390, 95, 5.17%, 0, 0, 3, 378.31, 3391, 5603783
1605242190, 0, 247, 471, 389, 95, 5.17%, 0, 0, 3, 425.35, 3391, 5608014
1605242195, 0, 247, 472, 390, 95, 5.17%, 0, 0, 3, 379.72, 3391, 5609935
1605242278, 0, 247, 473, 391, 95, 5.17%, 0, 0, 3, 373.34, 3391, 5639160
1605242493, 0, 248, 473, 390, 95, 5.17%, 0, 0, 3, 422.40, 3391, 5718243
1605242498, 0, 252, 473, 388, 93, 5.17%, 0, 0, 3, 454.51, 3391, 5720658
1605242503, 0, 252, 474, 389, 93, 5.18%, 0, 0, 3, 456.21, 3392, 5723033
1605242564, 0, 252, 475, 390, 93, 5.18%, 0, 0, 3, 440.26, 3392, 5749546
1605242569, 0, 253, 475, 389, 93, 5.18%, 0, 0, 3, 456.76, 3392, 5751847
1605242610, 0, 253, 476, 390, 93, 5.18%, 0, 0, 3, 443.65, 3394, 5769780
1605242641, 0, 253, 477, 391, 93, 5.18%, 0, 0, 3, 433.72, 3396, 5783133
1605242651, 0, 254, 477, 390, 94, 5.18%, 0, 0, 3, 439.36, 3396, 5787566
1605242727, 0, 255, 477, 389, 93, 5.18%, 0, 0, 3, 439.32, 3396, 5820751
1605242809, 0, 257, 477, 388, 92, 5.18%, 0, 0, 3, 455.02, 3396, 5856042
1605242886, 0, 257, 479, 390, 92, 5.18%, 0, 0, 3, 438.52, 3398, 5888778
1605242891, 0, 257, 480, 391, 92, 5.19%, 0, 0, 3, 446.67, 3400, 5891082
1605242896, 0, 260, 480, 390, 93, 5.19%, 0, 0, 3, 451.00, 3400, 5893366
1605243069, 0, 261, 480, 389, 92, 5.19%, 0, 0, 3, 427.03, 3400, 5963802
1605243104, 0, 261, 482, 391, 92, 5.19%, 0, 0, 3, 408.45, 3402, 5978066
1605243176, 0, 261, 483, 392, 92, 5.19%, 0, 0, 3, 445.41, 3404, 6007517
1605243237, 0, 261, 484, 393, 92, 5.20%, 0, 0, 3, 373.60, 3406, 6033151
1605243242, 0, 262, 484, 392, 94, 5.20%, 0, 0, 3, 386.28, 3406, 6035108
1605243457, 0, 265, 484, 391, 93, 5.20%, 0, 0, 3, 394.99, 3406, 6120275
1605243621, 0, 265, 485, 392, 93, 5.20%, 0, 0, 3, 388.65, 3406, 6180806
1605243707, 0, 266, 485, 391, 92, 5.20%, 0, 0, 3, 428.78, 3406, 6214970
1605243957, 0, 267, 485, 390, 91, 5.20%, 0, 0, 3, 168.73, 3406, 6308551
1605244197, 0, 267, 486, 391, 91, 5.20%, 0, 0, 3, 370.34, 3406, 6398234
1605244212, 0, 268, 486, 390, 90, 5.20%, 0, 0, 3, 401.60, 3406, 6404301
1605244345, 0, 268, 487, 391, 90, 5.20%, 0, 0, 3, 365.83, 3408, 6452942
1605244462, 0, 269, 487, 390, 90, 5.20%, 0, 0, 3, 424.41, 3408, 6497859
1605244533, 0, 270, 487, 389, 89, 5.20%, 0, 0, 3, 438.19, 3408, 6529320
1605244594, 0, 270, 488, 390, 89, 5.22%, 0, 0, 3, 449.57, 3420, 6556413
1605244599, 0, 271, 488, 389, 89, 5.22%, 0, 0, 3, 437.16, 3420, 6558624
1605244671, 0, 272, 488, 388, 88, 5.22%, 0, 0, 3, 414.35, 3420, 6590845
1605244983, 0, 276, 488, 387, 87, 5.22%, 0, 0, 3, 389.38, 3420, 6700562
1605245069, 0, 278, 488, 386, 86, 5.22%, 0, 0, 3, 410.34, 3420, 6737979
1605245242, 0, 279, 488, 385, 85, 5.22%, 0, 0, 3, 445.62, 3420, 6808998
1605245287, 0, 279, 489, 386, 85, 5.22%, 0, 0, 3, 424.14, 3420, 6827965
1605245415, 0, 282, 491, 387, 84, 5.22%, 0, 0, 3, 418.79, 3420, 6881692
1605245420, 0, 282, 492, 388, 84, 5.22%, 0, 0, 3, 373.77, 3420, 6883580
1605245430, 0, 282, 497, 393, 84, 5.23%, 0, 0, 3, 102.72, 3427, 6887047
1605245435, 0, 282, 498, 394, 84, 5.23%, 0, 0, 3, 279.59, 3427, 6888750
1605245456, 0, 282, 500, 396, 84, 5.23%, 0, 0, 3, 355.61, 3430, 6896030
1605245481, 0, 282, 501, 397, 84, 5.23%, 0, 0, 3, 348.45, 3430, 6904665
1605245568, 0, 282, 508, 404, 84, 5.24%, 0, 0, 3, 345.50, 3437, 6935865
1605245573, 0, 282, 509, 405, 84, 5.25%, 0, 0, 3, 354.59, 3438, 6937692
1605245604, 0, 282, 510, 406, 84, 5.25%, 0, 0, 3, 373.26, 3440, 6949509
1605245640, 0, 282, 512, 408, 84, 5.25%, 0, 0, 3, 357.26, 3440, 6962601
1605245645, 0, 282, 513, 409, 84, 5.26%, 0, 0, 3, 393.36, 3447, 6964554
1605245706, 0, 282, 515, 411, 84, 5.27%, 0, 0, 3, 368.39, 3452, 6987369
1605245721, 0, 287, 515, 410, 97, 5.27%, 0, 0, 3, 450.57, 3452, 6993754
1605245783, 0, 289, 515, 409, 96, 5.27%, 0, 0, 3, 464.51, 3452, 7021559
1605245788, 0, 289, 517, 411, 96, 5.27%, 0, 0, 3, 398.79, 3452, 7023494
1605245803, 0, 289, 518, 412, 96, 5.27%, 0, 0, 3, 351.84, 3452, 7028879
1605246092, 0, 290, 518, 411, 96, 5.27%, 0, 0, 3, 26.06, 3452, 7133903
1605246174, 0, 291, 518, 410, 95, 5.27%, 0, 0, 3, 417.70, 3452, 7169731
1605246199, 0, 291, 519, 411, 95, 5.27%, 0, 0, 3, 426.40, 3452, 7180203
1605246256, 0, 292, 519, 410, 96, 5.27%, 0, 0, 3, 460.41, 3452, 7205120
1605246338, 0, 296, 519, 409, 95, 5.27%, 0, 0, 3, 456.00, 3452, 7241116
1605246441, 0, 296, 520, 410, 95, 5.27%, 0, 0, 3, 425.19, 3453, 7283844
1605246507, 0, 297, 520, 409, 95, 5.27%, 0, 0, 3, 435.80, 3453, 7312011
1605246680, 0, 300, 520, 408, 94, 5.27%, 0, 0, 3, 441.49, 3453, 7383919
1605246992, 0, 302, 520, 407, 94, 5.27%, 0, 0, 3, 366.40, 3453, 7495546
1605247150, 0, 320, 520, 406, 93, 5.27%, 0, 0, 3, 432.77, 3453, 7560407
1605247155, 0, 320, 521, 407, 93, 5.27%, 0, 0, 3, 416.95, 3453, 7562506
1605247166, 0, 320, 522, 408, 93, 5.27%, 0, 0, 3, 406.37, 3453, 7566642
1605247222, 0, 320, 523, 409, 93, 5.27%, 0, 0, 3, 424.37, 3453, 7589059
1605247375, 0, 333, 523, 407, 92, 5.27%, 0, 0, 3, 456.14, 3453, 7651968
1605247442, 0, 334, 523, 406, 91, 5.27%, 0, 0, 3, 419.82, 3453, 7681555
1605247462, 0, 334, 524, 407, 91, 5.27%, 0, 0, 4, 352.31, 3453, 7688742
1605247524, 0, 334, 525, 408, 91, 5.27%, 0, 0, 4, 385.36, 3453, 7710687
1605247743, 0, 340, 526, 408, 90, 5.27%, 0, 0, 4, 429.20, 3456, 7792867
1605247764, 0, 340, 528, 410, 90, 5.28%, 0, 0, 4, 442.74, 3463, 7801779
1605247815, 0, 340, 529, 411, 90, 5.29%, 0, 0, 4, 450.24, 3464, 7823707
1605247825, 0, 346, 530, 411, 92, 5.29%, 0, 0, 4, 452.19, 3464, 7828340
1605247830, 0, 346, 532, 413, 92, 5.29%, 0, 0, 4, 442.14, 3464, 7830561
1605247841, 0, 346, 535, 416, 92, 5.29%, 0, 0, 4, 427.72, 3464, 7834849
1605247861, 0, 346, 536, 417, 92, 5.29%, 0, 0, 4, 423.64, 3464, 7843305
1605247897, 0, 346, 537, 418, 92, 5.29%, 0, 0, 4, 7.33, 3465, 7858026
1605247948, 0, 346, 538, 419, 92, 5.29%, 0, 0, 4, 448.28, 3465, 7880210
1605247999, 0, 347, 538, 418, 91, 5.29%, 0, 0, 4, 455.76, 3465, 7902378
1605248075, 0, 347, 539, 419, 91, 5.29%, 0, 0, 4, 407.05, 3465, 7935469
1605248080, 0, 348, 539, 418, 90, 5.29%, 0, 0, 4, 443.79, 3465, 7937775
1605248163, 0, 349, 539, 417, 89, 5.29%, 0, 0, 4, 435.36, 3465, 7973929
1605248168, 0, 349, 540, 418, 89, 5.29%, 0, 0, 4, 373.97, 3465, 7975756
1605248188, 0, 349, 541, 419, 89, 5.29%, 0, 0, 4, 358.30, 3465, 7982914
1605248464, 0, 349, 542, 420, 89, 5.29%, 0, 0, 4, 411.99, 3465, 8084320
1605248469, 0, 352, 542, 419, 90, 5.29%, 0, 0, 4, 437.70, 3465, 8086578
1605248474, 0, 352, 543, 420, 90, 5.29%, 0, 0, 4, 387.85, 3465, 8088461
1605248525, 0, 352, 544, 421, 90, 5.29%, 0, 0, 4, 362.14, 3466, 8106114
1605248699, 0, 352, 545, 422, 90, 5.29%, 0, 0, 4, 349.46, 3466, 8167966
1605248780, 0, 354, 547, 423, 91, 5.29%, 0, 0, 4, 422.17, 3466, 8198600
1605249000, 0, 356, 547, 422, 91, 5.29%, 0, 0, 4, 438.26, 3466, 8287707
1605249005, 0, 358, 547, 421, 90, 5.29%, 0, 0, 4, 442.56, 3466, 8290052
1605249168, 0, 359, 548, 421, 89, 5.29%, 0, 0, 4, 446.07, 3469, 8358533
1605249189, 0, 359, 549, 422, 89, 5.29%, 0, 0, 4, 405.31, 3469, 8367093
1605249214, 0, 359, 551, 424, 89, 5.29%, 0, 0, 4, 351.91, 3469, 8377127
1605249245, 0, 359, 552, 425, 89, 5.29%, 0, 0, 4, 426.61, 3470, 8390166
1605249301, 0, 359, 553, 426, 89, 5.29%, 0, 0, 4, 441.04, 3470, 8414340
1605249327, 0, 360, 554, 426, 90, 5.29%, 0, 0, 4, 425.88, 3470, 8425165
1605249404, 0, 360, 555, 427, 90, 5.29%, 0, 0, 4, 436.93, 3470, 8456946
1605249414, 0, 360, 556, 428, 90, 5.29%, 0, 0, 4, 418.26, 3470, 8461322
1605249486, 0, 363, 556, 427, 90, 5.29%, 0, 0, 4, 418.39, 3470, 8491307
1605249653, 0, 364, 556, 426, 89, 5.29%, 0, 0, 4, 432.84, 3470, 8561314
1605249658, 0, 364, 557, 427, 89, 5.30%, 0, 0, 4, 425.71, 3474, 8563514
1605249812, 0, 375, 557, 426, 89, 5.30%, 0, 0, 4, 447.41, 3474, 8627716
1605249995, 0, 378, 557, 425, 88, 5.30%, 0, 0, 4, 436.14, 3474, 8702990
1605250005, 0, 378, 558, 426, 88, 5.30%, 0, 0, 4, 418.29, 3475, 8707174
1605250183, 0, 378, 560, 428, 88, 5.30%, 0, 0, 4, 384.01, 3475, 8780321
1605250198, 0, 384, 560, 427, 88, 5.30%, 0, 0, 4, 439.92, 3475, 8786904
1605250330, 0, 384, 561, 428, 88, 5.30%, 0, 0, 4, 435.60, 3475, 8842401
1605250397, 0, 390, 561, 427, 88, 5.30%, 0, 0, 4, 430.26, 3475, 8869766
1605250402, 0, 390, 564, 430, 88, 5.30%, 0, 0, 4, 390.34, 3475, 8871716
1605250417, 0, 390, 569, 435, 88, 5.30%, 0, 0, 4, 341.78, 3475, 8877004
1605250468, 0, 390, 570, 436, 88, 5.30%, 0, 0, 4, 345.88, 3475, 8894317
1605250534, 0, 390, 574, 440, 88, 5.30%, 0, 0, 4, 359.27, 3475, 8918603
1605250585, 0, 390, 575, 441, 88, 5.30%, 0, 0, 4, 371.65, 3475, 8937958
1605250590, 0, 390, 578, 444, 88, 5.30%, 0, 0, 4, 376.74, 3475, 8939878
1605250636, 0, 390, 579, 445, 88, 5.30%, 0, 0, 4, 359.10, 3475, 8957302
1605250646, 0, 391, 579, 444, 89, 5.30%, 0, 0, 4, 430.90, 3475, 8961545
1605250814, 0, 392, 579, 443, 88, 5.30%, 0, 0, 4, 417.79, 3475, 9032540
1605250855, 0, 392, 580, 444, 88, 5.30%, 0, 0, 4, 322.36, 3475, 9046408
1605250896, 0, 392, 581, 445, 88, 5.30%, 0, 0, 4, 393.54, 3475, 9060629
1605251014, 0, 392, 582, 446, 88, 5.30%, 0, 0, 4, 361.00, 3475, 9103981
1605251060, 0, 392, 583, 447, 88, 5.30%, 0, 0, 4, 374.04, 3475, 9121527
1605251086, 0, 393, 583, 446, 88, 5.30%, 0, 0, 4, 420.06, 3475, 9131159
1605251289, 0, 398, 583, 445, 87, 5.30%, 0, 0, 4, 408.38, 3475, 9215009
1605251376, 0, 400, 584, 445, 87, 5.30%, 0, 0, 4, 429.79, 3476, 9252732
1605251636, 0, 401, 584, 444, 86, 5.30%, 0, 0, 4, 419.78, 3476, 9350470
1605251651, 0, 401, 585, 445, 86, 5.30%, 0, 0, 4, 402.56, 3476, 9356808
1605251707, 0, 401, 586, 446, 86, 5.31%, 0, 0, 4, 428.74, 3480, 9379929
1605251875, 0, 404, 586, 445, 86, 5.31%, 0, 0, 4, 428.22, 3480, 9448582
1605251951, 0, 404, 587, 446, 86, 5.31%, 0, 0, 4, 421.79, 3480, 9478755
1605252120, 0, 406, 587, 445, 86, 5.31%, 0, 0, 4, 441.29, 3480, 9546552
1605252125, 0, 406, 588, 446, 86, 5.31%, 0, 0, 4, 432.68, 3480, 9548752
1605252212, 0, 406, 589, 447, 86, 5.31%, 0, 0, 4, 384.29, 3481, 9584894
1605252242, 0, 407, 589, 446, 85, 5.31%, 0, 0, 4, 279.93, 3481, 9596021
1605252502, 0, 412, 589, 445, 84, 5.31%, 0, 0, 4, 352.63, 3481, 9690242
1605252517, 0, 412, 591, 447, 84, 5.31%, 0, 0, 4, 347.69, 3483, 9695400
1605252752, 0, 413, 591, 446, 85, 5.31%, 0, 0, 4, 430.80, 3483, 9781793
1605253031, 0, 414, 591, 445, 84, 5.31%, 0, 0, 4, 393.94, 3483, 9884450
1605253149, 0, 414, 592, 446, 84, 5.31%, 0, 0, 4, 381.49, 3483, 9927546
1605253286, 0, 415, 592, 445, 83, 5.31%, 0, 0, 4, 400.65, 3483, 9979741
1605253383, 0, 415, 593, 446, 83, 5.31%, 0, 0, 4, 272.08, 3483, 10009946
1605253485, 0, 415, 594, 447, 83, 5.32%, 0, 0, 4, 392.11, 3489, 10041569
1605253567, 0, 416, 594, 446, 83, 5.32%, 0, 0, 4, 427.93, 3489, 10073124
1605253781, 0, 417, 594, 445, 82, 5.32%, 0, 0, 4, 430.40, 3489, 10161702
1605253863, 0, 418, 594, 444, 81, 5.32%, 0, 0, 4, 450.91, 3489, 10198126
1605253950, 0, 419, 594, 443, 81, 5.32%, 0, 0, 4, 405.31, 3489, 10236574
1605254190, 0, 422, 594, 442, 80, 5.32%, 0, 0, 4, 433.37, 3489, 10327474
1605254210, 0, 422, 595, 443, 80, 5.33%, 0, 0, 4, 333.79, 3492, 10334856
1605254434, 0, 423, 595, 442, 80, 5.33%, 0, 0, 4, 417.48, 3492, 10420381
1605254809, 0, 427, 595, 441, 79, 5.33%, 0, 0, 4, 341.74, 3492, 10524679
1605254896, 0, 428, 595, 440, 78, 5.33%, 0, 0, 4, 372.32, 3492, 10555635
1605255196, 0, 428, 596, 441, 78, 5.33%, 0, 0, 4, 239.66, 3492, 10640481
1605255309, 0, 436, 596, 440, 77, 5.33%, 0, 0, 4, 233.57, 3492, 10667524
1605255315, 0, 436, 598, 442, 77, 5.33%, 0, 0, 4, 228.08, 3492, 10668672
1605255411, 0, 436, 599, 443, 77, 5.33%, 0, 0, 4, 250.14, 3492, 10697026
1605255457, 0, 439, 599, 442, 76, 5.33%, 0, 0, 4, 361.57, 3492, 10711693
1605255462, 0, 439, 600, 443, 76, 5.33%, 0, 0, 4, 321.57, 3492, 10713286
1605255544, 0, 439, 601, 444, 76, 5.33%, 0, 0, 4, 215.74, 3492, 10731435
1605255876, 0, 442, 601, 443, 75, 5.33%, 0, 0, 4, 402.83, 3492, 10823358
1605255881, 0, 442, 602, 444, 75, 5.33%, 0, 0, 4, 377.35, 3492, 10825222
1605256183, 0, 450, 602, 443, 74, 5.33%, 0, 0, 4, 413.89, 3492, 10934530
1605256188, 0, 450, 603, 444, 74, 5.33%, 0, 0, 4, 396.55, 3493, 10936586
1605256203, 0, 450, 604, 445, 74, 5.33%, 0, 0, 4, 422.86, 3493, 10942938
1605256208, 0, 450, 605, 446, 74, 5.33%, 0, 0, 4, 435.39, 3493, 10945146
1605256284, 0, 451, 605, 445, 75, 5.33%, 0, 0, 4, 452.83, 3493, 10978674
1605256290, 0, 451, 606, 446, 75, 5.33%, 0, 0, 4, 442.21, 3494, 10980950
1605256391, 0, 452, 606, 445, 75, 5.33%, 0, 0, 4, 439.94, 3494, 11025161
1605256396, 0, 452, 607, 446, 75, 5.34%, 0, 0, 4, 437.98, 3497, 11027385
1605256478, 0, 452, 608, 447, 75, 5.34%, 0, 0, 4, 434.55, 3497, 11062512
1605256498, 0, 453, 608, 446, 75, 5.34%, 0, 0, 4, 438.58, 3497, 11071593
1605256605, 0, 455, 609, 446, 74, 5.34%, 0, 0, 4, 443.45, 3498, 11117296
1605256646, 0, 455, 610, 447, 74, 5.34%, 0, 0, 4, 433.08, 3499, 11134359
1605256712, 0, 456, 610, 446, 74, 5.34%, 0, 0, 4, 416.15, 3499, 11162246
1605256819, 0, 459, 610, 445, 73, 5.34%, 0, 0, 4, 419.03, 3499, 11207324
1605256926, 0, 462, 610, 444, 72, 5.34%, 0, 0, 4, 446.77, 3499, 11253548
1605256931, 0, 462, 615, 449, 72, 5.34%, 0, 0, 4, 435.63, 3499, 11255756
1605257028, 0, 465, 615, 448, 73, 5.34%, 0, 0, 4, 436.53, 3499, 11297281
1605257069, 0, 465, 616, 449, 73, 5.34%, 0, 0, 4, 430.60, 3501, 11314656
1605257141, 0, 467, 616, 448, 74, 5.34%, 0, 0, 4, 412.17, 3501, 11344375
1605257391, 0, 468, 616, 447, 73, 5.34%, 0, 0, 4, 398.90, 3501, 11436668
1605257406, 0, 468, 617, 448, 73, 5.35%, 0, 0, 4, 351.70, 3505, 11442031
1605257519, 0, 468, 618, 449, 73, 5.35%, 0, 0, 4, 361.92, 3505, 11483241
1605257636, 0, 470, 619, 449, 73, 5.35%, 0, 0, 4, 415.30, 3505, 11528186
1605257815, 0, 470, 620, 450, 73, 5.35%, 0, 0, 4, 397.62, 3505, 11592516
1605257911, 0, 472, 620, 449, 72, 5.35%, 0, 0, 4, 382.19, 3505, 11629142
1605257917, 0, 472, 621, 450, 72, 5.35%, 0, 0, 4, 336.64, 3505, 11630803
1605258029, 0, 472, 622, 451, 72, 5.35%, 0, 0, 4, 359.15, 3505, 11670597
1605258219, 0, 473, 622, 450, 72, 5.35%, 0, 0, 4, 452.83, 3505, 11740328
1605258290, 0, 475, 622, 449, 71, 5.35%, 0, 0, 4, 430.57, 3505, 11771790
1605258367, 0, 476, 622, 448, 70, 5.35%, 0, 0, 4, 417.09, 3505, 11805658
1605258448, 0, 478, 622, 447, 69, 5.35%, 0, 0, 4, 415.97, 3505, 11841435
1605258454, 0, 478, 623, 448, 69, 5.36%, 0, 0, 4, 439.13, 3513, 11843733
1605258536, 0, 481, 623, 447, 68, 5.36%, 0, 0, 4, 450.19, 3513, 11879256
1605258720, 0, 482, 623, 446, 67, 5.36%, 0, 0, 4, 419.70, 3513, 11954080
1605258897, 0, 483, 623, 445, 66, 5.36%, 0, 0, 4, 364.09, 3513, 12025816
1605259005, 0, 483, 624, 446, 66, 5.36%, 0, 0, 4, 418.84, 3514, 12067823
1605259076, 0, 486, 624, 445, 66, 5.36%, 0, 0, 4, 421.26, 3514, 12097853
1605259336, 0, 487, 624, 444, 65, 5.36%, 0, 0, 4, 428.57, 3514, 12192985
1605259341, 0, 487, 625, 445, 65, 5.36%, 0, 0, 4, 385.96, 3515, 12194878
1605259403, 0, 487, 626, 446, 65, 5.36%, 0, 0, 4, 350.81, 3515, 12216038
1605259566, 0, 487, 627, 447, 65, 5.36%, 0, 0, 4, 349.72, 3515, 12274834
1605259648, 0, 496, 627, 446, 65, 5.36%, 0, 0, 4, 374.54, 3515, 12305465
1605259668, 0, 496, 628, 447, 65, 5.36%, 0, 0, 4, 347.00, 3515, 12312605
1605259939, 0, 496, 629, 448, 65, 5.37%, 0, 0, 4, 348.97, 3517, 12410866
1605259955, 0, 499, 629, 447, 66, 5.37%, 0, 0, 4, 396.55, 3517, 12417070
1605260267, 0, 500, 629, 446, 65, 5.37%, 0, 0, 4, 425.64, 3517, 12527403
1605260348, 0, 500, 630, 447, 65, 5.37%, 0, 0, 4, 367.73, 3517, 12556649
1605260404, 0, 500, 631, 448, 65, 5.37%, 0, 0, 4, 348.68, 3517, 12577034
1605260542, 0, 502, 631, 447, 65, 5.37%, 0, 0, 4, 389.61, 3517, 12628483
1605260895, 0, 503, 631, 446, 64, 5.37%, 0, 0, 4, 405.40, 3517, 12739967
1605261211, 0, 503, 632, 447, 64, 5.37%, 0, 0, 4, 403.72, 3517, 12851034
1605261216, 0, 504, 632, 446, 64, 5.37%, 0, 0, 4, 411.54, 3517, 12853164
1605261534, 0, 505, 632, 445, 63, 5.37%, 0, 0, 4, 397.08, 3517, 12965223
1605261851, 0, 506, 632, 444, 62, 5.37%, 0, 0, 4, 438.04, 3517, 13076403
1605262157, 0, 507, 632, 443, 61, 5.37%, 0, 0, 4, 414.48, 3517, 13188771
1605262469, 0, 508, 632, 442, 60, 5.37%, 0, 0, 4, 381.11, 3517, 13300686
1605262736, 0, 509, 632, 441, 59, 5.37%, 0, 0, 4, 393.93, 3517, 13397708
1605263048, 0, 511, 632, 440, 58, 5.37%, 0, 0, 4, 401.21, 3517, 13510637
1605263320, 0, 512, 632, 439, 57, 5.37%, 0, 0, 4, 423.30, 3517, 13610253
1605263556, 0, 512, 633, 440, 57, 5.37%, 0, 0, 4, 384.69, 3517, 13693670
1605263617, 0, 512, 634, 441, 57, 5.37%, 0, 0, 4, 371.85, 3520, 13716701
1605263633, 0, 513, 634, 440, 58, 5.37%, 0, 0, 4, 401.83, 3520, 13722884
1605263940, 0, 513, 635, 441, 58, 5.37%, 0, 0, 4, 289.18, 3522, 13826930
1605263945, 0, 513, 636, 442, 58, 5.37%, 0, 0, 4, 328.36, 3522, 13828674
1605263960, 0, 514, 636, 441, 58, 5.37%, 0, 0, 4, 378.80, 3522, 13834318
1605264277, 0, 514, 637, 442, 58, 5.37%, 0, 0, 4, 358.95, 3522, 13939678
1605264292, 0, 516, 637, 441, 57, 5.37%, 0, 0, 4, 427.93, 3522, 13945582
1605264297, 0, 516, 638, 442, 57, 5.37%, 0, 0, 4, 403.77, 3522, 13947544
1605264363, 0, 516, 640, 444, 57, 5.37%, 0, 0, 4, 400.06, 3522, 13973576
1605264522, 0, 518, 640, 443, 56, 5.37%, 0, 0, 4, 429.96, 3522, 14036290
1605264593, 0, 518, 641, 444, 56, 5.37%, 0, 0, 4, 442.18, 3522, 14066886
1605264603, 0, 519, 641, 443, 55, 5.37%, 0, 0, 4, 445.93, 3522, 14071235
1605264777, 0, 522, 641, 442, 54, 5.37%, 0, 0, 4, 440.03, 3522, 14142378
1605264848, 0, 522, 642, 443, 54, 5.37%, 0, 0, 4, 408.51, 3522, 14170301
1605265006, 0, 523, 642, 442, 53, 5.37%, 0, 0, 4, 406.29, 3522, 14232660
1605265169, 0, 523, 643, 443, 53, 5.37%, 0, 0, 5, 368.27, 3522, 14290827
1605265261, 0, 525, 643, 442, 52, 5.37%, 0, 0, 5, 419.34, 3522, 14325068
1605265266, 0, 525, 644, 443, 52, 5.37%, 0, 0, 5, 432.87, 3522, 14327294
1605265333, 0, 525, 646, 445, 52, 5.38%, 0, 0, 5, 444.31, 3526, 14355912
1605265338, 0, 525, 649, 448, 52, 5.38%, 0, 0, 5, 442.22, 3528, 14358171
1605265343, 0, 527, 649, 447, 53, 5.38%, 0, 0, 5, 445.76, 3528, 14360388
1605265430, 0, 528, 652, 449, 52, 5.38%, 0, 0, 5, 442.98, 3528, 14397229
1605265512, 0, 528, 653, 450, 52, 5.38%, 0, 0, 5, 316.76, 3528, 14431035
1605265527, 0, 532, 653, 449, 51, 5.38%, 0, 0, 5, 373.98, 3528, 14436479
1605265731, 0, 533, 653, 448, 50, 5.38%, 0, 0, 5, 425.22, 3528, 14518399
1605265925, 0, 536, 653, 447, 49, 5.38%, 0, 0, 5, 448.59, 3528, 14599316
1605266012, 0, 536, 654, 448, 49, 5.38%, 0, 0, 5, 444.12, 3528, 14636762
1605266027, 0, 538, 654, 447, 49, 5.38%, 0, 0, 5, 449.10, 3528, 14643484
1605266103, 0, 538, 655, 448, 49, 5.38%, 0, 0, 5, 445.71, 3528, 14676607
1605266108, 0, 541, 655, 447, 48, 5.38%, 0, 0, 5, 460.35, 3528, 14678953
1605266113, 0, 541, 656, 448, 48, 5.38%, 0, 0, 5, 429.10, 3528, 14681075
1605266296, 0, 542, 656, 447, 47, 5.38%, 0, 0, 5, 448.26, 3528, 14757339
1605266530, 0, 543, 656, 446, 46, 5.38%, 0, 0, 5, 435.38, 3528, 14848873
1605266535, 0, 543, 657, 447, 46, 5.38%, 0, 0, 5, 410.69, 3528, 14850923
1605266764, 0, 546, 658, 447, 45, 5.38%, 0, 0, 5, 433.72, 3528, 14941716
1605266993, 0, 547, 658, 446, 44, 5.38%, 0, 0, 5, 438.81, 3528, 15032687
1605266998, 0, 547, 659, 447, 44, 5.38%, 0, 0, 5, 409.11, 3528, 15034737
1605267018, 0, 547, 660, 448, 44, 5.39%, 0, 0, 5, 395.06, 3531, 15042551
1605267156, 0, 547, 661, 449, 44, 5.39%, 0, 0, 5, 420.17, 3531, 15098207
1605267166, 0, 548, 662, 449, 44, 5.39%, 0, 0, 5, 425.14, 3531, 15102646
1605267268, 0, 551, 662, 448, 43, 5.39%, 0, 0, 5, 428.16, 3531, 15145204
1605267274, 0, 551, 663, 449, 43, 5.39%, 0, 0, 5, 414.78, 3532, 15147268
1605267432, 0, 553, 663, 448, 43, 5.39%, 0, 0, 5, 388.63, 3532, 15212211
1605267457, 0, 553, 664, 449, 43, 5.39%, 0, 0, 5, 434.40, 3532, 15223027
1605267538, 0, 556, 664, 448, 42, 5.39%, 0, 0, 5, 437.56, 3532, 15258703
1605267701, 0, 560, 664, 447, 41, 5.39%, 0, 0, 5, 439.93, 3532, 15326768
1605267844, 0, 560, 665, 448, 41, 5.39%, 0, 0, 5, 44.12, 3532, 15380978
1605267910, 0, 560, 666, 449, 41, 5.39%, 0, 0, 5, 406.70, 3532, 15408118
1605267920, 0, 567, 666, 448, 40, 5.39%, 0, 0, 5, 423.64, 3532, 15412348
1605268144, 0, 574, 666, 447, 39, 5.39%, 0, 0, 5, 404.79, 3532, 15501814
1605268154, 0, 574, 667, 448, 39, 5.39%, 0, 0, 5, 396.59, 3532, 15505664
1605268210, 0, 574, 668, 449, 39, 5.39%, 0, 0, 5, 402.09, 3532, 15528251
1605268337, 0, 577, 668, 448, 38, 5.39%, 0, 0, 5, 441.95, 3532, 15580564
1605268573, 0, 577, 669, 449, 38, 5.39%, 0, 0, 5, 397.73, 3532, 15668907
1605268588, 0, 577, 670, 450, 38, 5.39%, 0, 0, 5, 373.31, 3532, 15674585
1605268599, 0, 577, 671, 451, 38, 5.39%, 0, 0, 5, 364.28, 3532, 15678374
1605268609, 0, 579, 672, 451, 38, 5.39%, 0, 0, 5, 386.59, 3532, 15682543
1605268885, 0, 579, 673, 452, 38, 5.39%, 0, 0, 5, 426.96, 3532, 15781661
1605268890, 0, 583, 673, 451, 38, 5.39%, 0, 0, 5, 430.61, 3532, 15783855
1605268972, 0, 583, 674, 452, 38, 5.39%, 0, 0, 5, 423.10, 3532, 15818998
1605268977, 0, 585, 675, 452, 38, 5.39%, 0, 0, 5, 385.77, 3533, 15820944
1605268992, 0, 585, 676, 453, 38, 5.39%, 0, 0, 5, 371.41, 3533, 15826531
1605269212, 0, 586, 676, 452, 38, 5.39%, 0, 0, 5, 412.36, 3533, 15912616
1605269217, 0, 586, 677, 453, 38, 5.39%, 0, 0, 5, 392.34, 3533, 15914624
1605269293, 0, 586, 678, 454, 38, 5.39%, 0, 0, 5, 406.71, 3533, 15944487
1605269461, 0, 588, 678, 453, 38, 5.39%, 0, 0, 5, 448.36, 3533, 16012140
1605269548, 0, 589, 678, 452, 37, 5.39%, 0, 0, 5, 435.52, 3533, 16050202
1605269840, 0, 589, 679, 453, 37, 5.39%, 0, 0, 5, 425.94, 3533, 16144268
1605269851, 0, 593, 679, 452, 36, 5.39%, 0, 0, 5, 418.92, 3533, 16148566
1605269933, 0, 593, 680, 453, 36, 5.39%, 0, 0, 5, 371.79, 3533, 16177328
1605270020, 0, 593, 681, 454, 36, 5.39%, 0, 0, 5, 384.73, 3533, 16209829
1605270112, 0, 594, 681, 453, 35, 5.39%, 0, 0, 5, 427.02, 3533, 16244834
1605270128, 0, 594, 682, 454, 35, 5.39%, 0, 0, 5, 349.85, 3533, 16250178
1605270368, 0, 601, 682, 453, 34, 5.39%, 0, 0, 5, 442.99, 3533, 16339226
1605270481, 0, 602, 683, 453, 33, 5.39%, 0, 0, 5, 417.31, 3534, 16386237
1605270588, 0, 603, 683, 452, 33, 5.39%, 0, 0, 5, 444.25, 3534, 16431190
1605270694, 0, 605, 683, 451, 32, 5.39%, 0, 0, 5, 427.15, 3534, 16476312
1605270802, 0, 607, 683, 450, 31, 5.39%, 0, 0, 5, 424.75, 3534, 16521966
1605270915, 0, 608, 684, 450, 30, 5.39%, 0, 0, 5, 426.91, 3535, 16569488
1605271021, 0, 609, 684, 449, 30, 5.39%, 0, 0, 5, 454.01, 3535, 16614869
1605271026, 0, 609, 685, 450, 30, 5.40%, 0, 0, 5, 439.60, 3536, 16617082
1605271134, 0, 610, 686, 450, 30, 5.40%, 0, 0, 5, 444.22, 3536, 16662000
1605271236, 0, 611, 686, 449, 29, 5.40%, 0, 0, 5, 453.14, 3536, 16704465
1605271344, 0, 615, 686, 448, 29, 5.40%, 0, 0, 5, 431.90, 3536, 16747923
1605271466, 0, 616, 686, 447, 28, 5.40%, 0, 0, 5, 395.57, 3536, 16799152
1605271507, 0, 616, 687, 448, 28, 5.66%, 0, 0, 5, 335.15, 3708, 16813630
1605271599, 0, 616, 689, 450, 28, 5.66%, 0, 0, 5, 341.58, 3712, 16846343
1605271721, 0, 621, 689, 449, 28, 5.66%, 0, 0, 5, 384.81, 3712, 16892222
1605271762, 0, 621, 690, 450, 28, 5.66%, 0, 0, 5, 355.17, 3712, 16906674
1605272033, 0, 622, 690, 449, 28, 5.66%, 0, 0, 5, 429.83, 3712, 17005190
1605272038, 0, 622, 691, 450, 28, 5.66%, 0, 0, 5, 384.92, 3712, 17007080
1605272120, 0, 622, 692, 451, 28, 5.67%, 0, 0, 5, 395.59, 3714, 17035899
1605272223, 0, 622, 693, 452, 28, 5.67%, 0, 0, 5, 369.87, 3714, 17072524
1605272228, 0, 622, 694, 453, 28, 5.67%, 0, 0, 5, 382.76, 3714, 17074519
1605272274, 0, 622, 695, 454, 28, 5.67%, 0, 0, 5, 392.94, 3714, 17090917
1605272279, 0, 622, 696, 455, 28, 5.67%, 0, 0, 5, 390.03, 3714, 17092962
1605272345, 0, 623, 696, 454, 30, 5.67%, 0, 0, 5, 435.83, 3714, 17117705
1605272529, 0, 624, 697, 454, 29, 5.67%, 0, 0, 5, 411.41, 3714, 17194225
1605272600, 0, 624, 698, 455, 29, 5.67%, 0, 0, 5, 404.08, 3714, 17222502
1605272753, 0, 627, 698, 454, 28, 5.67%, 0, 0, 5, 420.18, 3714, 17284189
1605273066, 0, 628, 698, 453, 27, 5.67%, 0, 0, 5, 429.85, 3714, 17397037
1605273358, 0, 628, 700, 455, 27, 5.67%, 0, 0, 5, 348.55, 3719, 17503222
1605273378, 0, 630, 700, 454, 28, 5.67%, 0, 0, 5, 422.43, 3719, 17511482
1605273393, 0, 630, 701, 455, 28, 5.67%, 0, 0, 5, 353.46, 3719, 17516874
1605273659, 0, 631, 701, 454, 27, 5.67%, 0, 0, 5, 392.91, 3719, 17613571
1605273736, 0, 631, 702, 455, 27, 5.67%, 0, 0, 5, 390.67, 3719, 17640577
1605273925, 0, 632, 702, 454, 26, 5.67%, 0, 0, 5, 394.65, 3719, 17711620
1605274298, 0, 633, 702, 453, 25, 5.67%, 0, 0, 5, 386.46, 3719, 17826033
1605274590, 0, 633, 703, 454, 25, 5.68%, 0, 0, 5, 313.31, 3722, 17931481
1605274611, 0, 634, 703, 453, 25, 5.68%, 0, 0, 5, 406.24, 3722, 17939515
1605274908, 0, 634, 704, 454, 25, 5.68%, 0, 0, 5, 347.77, 3724, 18046427
1605274928, 0, 644, 704, 453, 25, 5.68%, 0, 0, 5, 420.57, 3724, 18054571
1605275010, 0, 644, 705, 454, 25, 5.68%, 0, 0, 6, 441.56, 3724, 18088193
1605275020, 0, 644, 706, 455, 25, 5.68%, 0, 0, 6, 439.28, 3724, 18092735
1605275025, 0, 648, 706, 454, 26, 5.68%, 0, 0, 6, 457.75, 3724, 18095070
1605275112, 0, 648, 707, 455, 26, 5.68%, 0, 0, 6, 420.91, 3724, 18132405
1605275117, 0, 648, 708, 456, 26, 5.68%, 0, 0, 6, 412.18, 3724, 18134487
1605275122, 0, 653, 708, 455, 26, 5.68%, 0, 0, 6, 425.33, 3724, 18136665
1605275142, 0, 653, 709, 456, 26, 5.68%, 0, 0, 6, 434.28, 3724, 18145129
1605275209, 0, 653, 710, 457, 26, 5.68%, 0, 0, 6, 411.70, 3724, 18173512
1605275229, 0, 659, 710, 456, 25, 5.68%, 0, 0, 6, 434.68, 3724, 18182004
1605275346, 0, 659, 712, 458, 25, 5.68%, 0, 0, 6, 422.37, 3724, 18229973
1605275392, 0, 662, 712, 457, 25, 5.68%, 0, 0, 6, 442.77, 3724, 18249304
1605275417, 0, 662, 713, 458, 25, 5.68%, 0, 0, 6, 418.68, 3725, 18259120
1605275560, 0, 670, 713, 457, 25, 5.68%, 0, 0, 6, 413.41, 3725, 18318069
1605275570, 0, 670, 714, 458, 25, 5.68%, 0, 0, 6, 334.16, 3725, 18321545
1605275575, 0, 670, 716, 460, 25, 5.68%, 0, 0, 6, 335.61, 3725, 18323271
1605275601, 0, 670, 717, 461, 25, 5.68%, 0, 0, 6, 354.40, 3725, 18332187
1605275836, 0, 671, 717, 460, 24, 5.68%, 0, 0, 6, 424.52, 3725, 18417688
1605275847, 0, 671, 718, 461, 24, 5.69%, 0, 0, 6, 323.89, 3726, 18421092
1605276086, 0, 671, 719, 462, 24, 5.69%, 0, 0, 6, 365.63, 3726, 18505761
1605276122, 0, 673, 719, 461, 24, 5.69%, 0, 0, 6, 447.95, 3726, 18518807
1605276214, 0, 674, 719, 460, 23, 5.69%, 0, 0, 6, 415.77, 3726, 18555179
1605276438, 0, 677, 721, 461, 22, 5.69%, 0, 0, 6, 432.12, 3726, 18645718
1605276520, 0, 677, 722, 462, 22, 5.69%, 0, 0, 6, 413.03, 3726, 18678227
1605276688, 0, 682, 722, 461, 21, 5.69%, 0, 0, 6, 414.91, 3726, 18743937
1605276693, 0, 682, 723, 462, 21, 5.69%, 0, 0, 6, 428.30, 3727, 18746179
1605276806, 0, 683, 725, 463, 21, 5.69%, 0, 0, 6, 426.32, 3730, 18792029
1605276918, 0, 684, 726, 463, 22, 5.69%, 0, 0, 6, 430.38, 3731, 18838166
1605277026, 0, 685, 726, 462, 22, 5.69%, 0, 0, 6, 437.30, 3731, 18882625
1605277132, 0, 685, 727, 463, 22, 5.69%, 0, 0, 6, 394.37, 3731, 18926008
1605277137, 0, 686, 728, 463, 22, 5.69%, 0, 0, 6, 416.18, 3731, 18928187
1605277157, 0, 686, 732, 467, 22, 5.71%, 0, 0, 6, 344.49, 3739, 18935033
1605277188, 0, 686, 733, 468, 22, 5.71%, 0, 0, 6, 350.33, 3739, 18945746
1605277203, 0, 686, 734, 469, 22, 5.71%, 0, 0, 6, 343.57, 3739, 18951004
1605277208, 0, 686, 735, 470, 22, 5.71%, 0, 0, 6, 342.99, 3739, 18952740
1605277434, 0, 686, 736, 471, 22, 5.71%, 0, 0, 6, 418.97, 3739, 19034601
1605277444, 0, 688, 736, 470, 24, 5.71%, 0, 0, 6, 421.20, 3739, 19039059
1605277464, 0, 688, 737, 471, 24, 5.71%, 0, 0, 6, 325.14, 3740, 19045813
1605277746, 0, 689, 737, 470, 24, 5.71%, 0, 0, 6, 390.60, 3740, 19148787
1605278006, 0, 691, 737, 469, 23, 5.71%, 0, 0, 6, 432.36, 3740, 19244803
1605278322, 0, 692, 737, 468, 22, 5.71%, 0, 0, 6, 425.37, 3740, 19358683
1605278399, 0, 692, 738, 469, 22, 5.71%, 0, 0, 6, 430.53, 3740, 19391139
1605278404, 0, 692, 739, 470, 22, 5.71%, 0, 0, 6, 415.50, 3740, 19393158
1605278409, 0, 692, 740, 471, 22, 5.71%, 0, 0, 6, 391.85, 3740, 19395236
1605278414, 0, 693, 740, 470, 21, 5.71%, 0, 0, 6, 431.57, 3740, 19397509
1605278710, 0, 698, 740, 469, 20, 5.71%, 0, 0, 6, 427.17, 3740, 19495724
1605279007, 0, 698, 742, 471, 20, 5.71%, 0, 0, 6, 337.40, 3745, 19602857
1605279028, 0, 699, 742, 470, 21, 5.71%, 0, 0, 6, 404.26, 3745, 19610929
1605279349, 0, 702, 742, 469, 20, 5.71%, 0, 0, 6, 433.26, 3745, 19724514
1605279651, 0, 702, 743, 470, 20, 5.72%, 0, 0, 6, 348.82, 3748, 19832088
1605279671, 0, 703, 743, 469, 20, 5.72%, 0, 0, 6, 400.51, 3748, 19840040
1605279993, 0, 703, 744, 470, 20, 5.72%, 0, 0, 6, 363.89, 3750, 19947951
1605280013, 0, 704, 744, 469, 20, 5.72%, 0, 0, 6, 442.92, 3750, 19956184
1605280090, 0, 704, 746, 471, 20, 5.72%, 0, 0, 7, 447.93, 3750, 19989278
1605280105, 0, 705, 746, 470, 20, 5.72%, 0, 0, 7, 451.15, 3750, 19996198
1605280192, 0, 707, 746, 469, 19, 5.72%, 0, 0, 7, 451.59, 3750, 20033446
1605280213, 0, 707, 747, 470, 19, 5.72%, 0, 0, 7, 442.19, 3750, 20042415
1605280279, 0, 707, 748, 471, 19, 5.72%, 0, 0, 7, 441.65, 3750, 20071222
1605280284, 0, 707, 749, 472, 19, 5.72%, 0, 0, 7, 444.05, 3750, 20073478
1605280290, 0, 711, 749, 471, 19, 5.72%, 0, 0, 7, 439.40, 3750, 20075792
1605280424, 0, 711, 751, 473, 19, 5.72%, 0, 0, 7, 430.41, 3750, 20131548
1605280454, 0, 712, 751, 472, 18, 5.72%, 0, 0, 7, 422.56, 3750, 20144387
1605280617, 0, 717, 752, 472, 17, 5.72%, 0, 0, 7, 432.78, 3750, 20212111
1605280637, 0, 717, 753, 473, 17, 5.72%, 0, 0, 7, 337.93, 3750, 20219101
1605280795, 0, 717, 754, 474, 17, 5.72%, 0, 0, 7, 372.51, 3751, 20274638
1605280862, 0, 717, 755, 475, 17, 5.72%, 0, 0, 7, 365.51, 3751, 20299613
1605280892, 0, 722, 755, 474, 18, 5.72%, 0, 0, 7, 436.76, 3751, 20311360
1605280898, 0, 722, 756, 475, 18, 5.73%, 0, 0, 7, 418.07, 3753, 20313480
1605280979, 0, 722, 757, 476, 18, 5.73%, 0, 0, 7, 426.43, 3753, 20348375
1605281000, 0, 723, 757, 475, 18, 5.73%, 0, 0, 7, 440.13, 3753, 20357185
1605281005, 0, 723, 758, 476, 18, 5.73%, 0, 0, 7, 387.78, 3753, 20359067
1605281056, 0, 723, 759, 477, 18, 5.73%, 0, 0, 7, 356.16, 3753, 20376783
1605281316, 0, 724, 760, 477, 18, 5.73%, 0, 0, 7, 437.26, 3754, 20471588
1605281423, 0, 725, 760, 476, 18, 5.73%, 0, 0, 7, 436.18, 3754, 20516996
1605281429, 0, 725, 761, 477, 18, 5.73%, 0, 0, 7, 415.42, 3757, 20519132
1605281516, 0, 725, 762, 478, 18, 5.73%, 0, 0, 7, 429.54, 3757, 20555380
1605281536, 0, 726, 763, 478, 18, 5.73%, 0, 0, 7, 423.91, 3757, 20564264
1605281639, 0, 728, 763, 477, 17, 5.73%, 0, 0, 7, 435.48, 3757, 20607598
1605281644, 0, 728, 764, 478, 17, 5.73%, 0, 0, 7, 390.91, 3757, 20609511
1605281982, 0, 729, 764, 477, 17, 5.73%, 0, 0, 7, 375.06, 3757, 20718581
1605282197, 0, 729, 765, 478, 17, 5.73%, 0, 0, 7, 355.57, 3757, 20786277
1605282314, 0, 734, 765, 477, 16, 5.73%, 0, 0, 7, 446.76, 3757, 20828416
1605282633, 0, 736, 765, 476, 15, 5.73%, 0, 0, 7, 416.93, 3757, 20944914
1605282929, 0, 740, 765, 475, 14, 5.73%, 0, 0, 7, 410.79, 3757, 21052712
1605283226, 0, 740, 766, 476, 14, 5.74%, 0, 0, 7, 351.75, 3759, 21160424
1605283241, 0, 740, 767, 477, 14, 5.74%, 0, 0, 7, 385.03, 3759, 21166318
1605283252, 0, 741, 767, 476, 14, 5.74%, 0, 0, 7, 347.98, 3759, 21169948
1605283608, 0, 742, 767, 475, 13, 5.74%, 0, 0, 7, 400.30, 3759, 21285512
1605283920, 0, 743, 767, 474, 12, 5.74%, 0, 0, 7, 418.63, 3759, 21400788
1605284238, 0, 745, 767, 473, 11, 5.74%, 0, 0, 7, 427.46, 3759, 21517436
1605284304, 0, 745, 768, 474, 11, 5.74%, 0, 0, 8, 443.13, 3759, 21546097
1605284314, 0, 745, 769, 475, 11, 5.74%, 0, 0, 8, 447.18, 3759, 21550685
1605284330, 0, 748, 770, 475, 10, 5.74%, 0, 0, 8, 451.90, 3759, 21557595
1605284350, 0, 748, 771, 476, 10, 5.74%, 0, 0, 8, 427.84, 3759, 21566425
1605284422, 0, 748, 772, 477, 10, 5.74%, 0, 0, 8, 444.09, 3759, 21597088
1605284427, 0, 748, 773, 478, 10, 5.74%, 0, 0, 8, 453.28, 3759, 21599382
1605284432, 0, 752, 773, 477, 11, 5.74%, 0, 0, 8, 407.31, 3759, 21601518
1605284564, 0, 752, 774, 478, 11, 5.74%, 0, 0, 8, 318.69, 3759, 21647933
1605284682, 0, 752, 775, 479, 11, 5.74%, 0, 0, 8, 235.17, 3759, 21688501
1605284723, 0, 753, 775, 478, 10, 5.74%, 0, 0, 8, 334.71, 3759, 21700648
1605284891, 0, 756, 775, 477, 9, 5.74%, 0, 0, 8, 454.75, 3759, 21769874
1605284897, 0, 756, 776, 478, 9, 5.74%, 0, 0, 8, 440.26, 3760, 21772090
1605284999, 0, 757, 776, 477, 9, 5.74%, 0, 0, 8, 443.35, 3760, 21816339
1605285111, 0, 759, 777, 477, 8, 5.74%, 0, 0, 8, 20.10, 3762, 21863665
1605285197, 0, 759, 778, 478, 8, 5.74%, 0, 0, 8, 415.90, 3762, 21900234
1605285217, 0, 761, 778, 477, 8, 5.74%, 0, 0, 8, 454.09, 3762, 21908974
1605285324, 0, 763, 778, 476, 7, 5.74%, 0, 0, 8, 460.75, 3762, 21954907
1605285329, 0, 763, 779, 477, 7, 5.74%, 0, 0, 8, 396.10, 3762, 21956840
1605285625, 0, 765, 779, 476, 7, 5.74%, 0, 0, 8, 418.08, 3762, 22066582
1605285666, 0, 765, 780, 477, 7, 5.74%, 0, 0, 8, 354.34, 3762, 22080981
1605285937, 0, 769, 780, 476, 7, 5.74%, 0, 0, 8, 447.04, 3762, 22182270
1605285957, 0, 769, 781, 477, 7, 5.74%, 0, 0, 9, 438.48, 3762, 22191262
1605286029, 0, 769, 782, 478, 7, 5.74%, 0, 0, 9, 353.96, 3762, 22222328
1605286039, 0, 771, 782, 477, 6, 5.74%, 0, 0, 9, 445.97, 3762, 22226891
1605286141, 0, 775, 783, 477, 5, 5.74%, 0, 0, 9, 438.33, 3763, 22271191
1605286248, 0, 777, 783, 476, 5, 5.74%, 0, 0, 9, 451.45, 3763, 22317111
1605286361, 0, 778, 783, 475, 4, 5.74%, 0, 0, 9, 431.41, 3763, 22364817
1605286667, 0, 779, 783, 474, 3, 5.74%, 0, 0, 9, 433.48, 3763, 22476292
1605286984, 0, 779, 784, 475, 3, 5.74%, 0, 0, 9, 429.55, 3763, 22591505
1605286999, 0, 782, 784, 474, 2, 5.74%, 0, 0, 9, 446.43, 3763, 22598265
1605287112, 1, 188, 784, 473, 1, 5.74%, 0, 0, 9, 442.03, 3763, 22645962
1605287290, 1, 251, 784, 472, 1, 5.74%, 0, 0, 9, 447.13, 3763, 22719629
1605287362, 1, 256, 784, 471, 0, 5.74%, 0, 0, 9, 438.00, 3763, 22750891
1605287428, 1, 256, 785, 472, 0, 5.74%, 0, 0, 9, 425.09, 3763, 22779942
1605287443, 1, 266, 785, 471, 0, 5.74%, 0, 0, 9, 440.33, 3763, 22786637
1605287449, 1, 279, 785, 471, 0, 5.74%, 0, 0, 9, 446.62, 3763, 22788900
1605287454, 1, 281, 785, 471, 0, 5.74%, 0, 0, 9, 393.33, 3763, 22790872
1605287719, 1, 285, 785, 470, 0, 5.74%, 0, 0, 9, 418.42, 3763, 22884715
1605287724, 1, 293, 785, 469, 0, 5.74%, 0, 0, 9, 370.07, 3763, 22886583
1605288080, 1, 303, 785, 468, 0, 5.74%, 0, 0, 9, 412.65, 3763, 23000152
1605288198, 1, 306, 785, 467, 0, 5.74%, 0, 0, 9, 420.33, 3763, 23049605
1605288454, 1, 309, 785, 466, 0, 5.74%, 0, 0, 9, 424.32, 3763, 23145719
1605288561, 1, 309, 786, 467, 0, 5.74%, 0, 0, 9, 418.67, 3763, 23190935
1605288612, 1, 311, 786, 466, 0, 5.74%, 0, 0, 9, 424.44, 3763, 23212319
1605288747, 1, 312, 786, 465, 0, 5.74%, 0, 0, 9, 436.70, 3763, 23269116
1605289059, 1, 319, 786, 464, 0, 5.74%, 0, 0, 9, 421.16, 3763, 23381839
1605289177, 1, 323, 786, 463, 0, 5.74%, 0, 0, 9, 427.79, 3763, 23431431
1605289484, 1, 325, 786, 462, 0, 5.74%, 0, 0, 9, 414.77, 3763, 23543559
1605289756, 1, 331, 786, 461, 0, 5.74%, 0, 0, 9, 462.14, 3763, 23645144
1605289782, 1, 368, 786, 460, 0, 5.74%, 0, 0, 9, 462.88, 3763, 23656941
1605289960, 1, 369, 786, 459, 0, 5.74%, 0, 0, 9, 431.17, 3763, 23731278
1605290158, 1, 378, 786, 458, 0, 5.74%, 0, 0, 9, 442.63, 3763, 23802017
1605290164, 1, 383, 786, 458, 0, 5.74%, 0, 0, 9, 432.01, 3763, 23804259
1605290372, 1, 386, 786, 457, 0, 5.74%, 0, 0, 9, 398.62, 3763, 23891361
1605290382, 1, 386, 787, 458, 0, 5.74%, 0, 0, 9, 343.71, 3763, 23894823
1605290494, 1, 386, 788, 459, 0, 5.74%, 0, 0, 9, 356.30, 3763, 23934759
1605290638, 1, 387, 788, 458, 0, 5.74%, 0, 0, 9, 394.03, 3763, 23988677
1605290699, 1, 387, 789, 459, 0, 5.74%, 0, 0, 9, 347.66, 3763, 24010013
1605290832, 1, 387, 790, 460, 0, 5.74%, 0, 0, 9, 417.65, 3763, 24059965
1605290883, 1, 393, 790, 459, 0, 5.74%, 0, 0, 9, 396.65, 3763, 24079368
1605290888, 1, 395, 791, 460, 0, 5.74%, 0, 0, 9, 381.14, 3763, 24081288
1605291128, 1, 399, 791, 459, 0, 5.74%, 0, 0, 9, 424.14, 3763, 24172201
1605291356, 1, 400, 791, 458, 0, 5.74%, 0, 0, 9, 395.75, 3763, 24262960
1605291361, 1, 410, 791, 458, 0, 5.74%, 0, 0, 9, 389.45, 3763, 24264877
1605291656, 1, 421, 791, 457, 0, 5.74%, 0, 0, 9, 419.74, 3763, 24366329
1605291932, 1, 428, 791, 456, 0, 5.74%, 0, 0, 9, 430.25, 3763, 24469997
1605291937, 1, 431, 791, 456, 0, 5.74%, 0, 0, 9, 396.35, 3763, 24472005
1605292239, 1, 432, 791, 455, 0, 5.74%, 0, 0, 9, 431.78, 3763, 24582946
1605292546, 1, 444, 791, 454, 0, 5.74%, 0, 0, 9, 428.87, 3763, 24696733
1605292647, 1, 448, 791, 453, 0, 5.74%, 0, 0, 9, 453.44, 3763, 24740946
1605292754, 1, 456, 791, 452, 0, 5.74%, 0, 0, 9, 423.28, 3763, 24787392
1605292759, 1, 464, 791, 452, 0, 5.74%, 0, 0, 9, 434.68, 3763, 24789602
1605292866, 1, 474, 791, 451, 0, 5.74%, 0, 0, 9, 441.70, 3763, 24835862
1605292938, 1, 479, 791, 450, 0, 5.74%, 0, 0, 9, 440.31, 3763, 24867704
1605293035, 1, 480, 791, 449, 0, 5.74%, 0, 0, 9, 398.37, 3763, 24905877
1605293218, 1, 481, 791, 448, 0, 5.74%, 0, 0, 9, 432.21, 3763, 24978104
1605293223, 1, 484, 791, 448, 0, 5.74%, 0, 0, 9, 398.82, 3763, 24980130
1605293290, 1, 484, 792, 449, 0, 5.74%, 0, 0, 9, 349.16, 3763, 25003363
1605293485, 1, 485, 792, 448, 0, 5.74%, 0, 0, 9, 433.30, 3763, 25076697
1605293739, 1, 490, 792, 447, 0, 5.74%, 0, 0, 9, 406.71, 3763, 25172767
1605294041, 1, 504, 792, 446, 0, 5.74%, 0, 0, 9, 433.96, 3763, 25284503
1605294046, 1, 509, 792, 446, 0, 5.74%, 0, 0, 9, 457.08, 3763, 25286583
1605294051, 1, 523, 792, 446, 0, 5.74%, 0, 0, 9, 451.24, 3763, 25288908
1605294056, 1, 526, 792, 446, 0, 5.74%, 0, 0, 9, 452.94, 3763, 25291253
1605294137, 1, 533, 792, 445, 0, 5.74%, 0, 0, 9, 453.46, 3763, 25327580
1605294142, 1, 544, 792, 445, 0, 5.74%, 0, 0, 9, 452.90, 3763, 25329902
1605294147, 1, 544, 793, 446, 0, 5.74%, 0, 0, 9, 397.78, 3763, 25331895
1605294412, 1, 544, 794, 447, 0, 5.74%, 0, 0, 9, 436.13, 3763, 25431491
1605294422, 1, 548, 794, 446, 0, 5.74%, 0, 0, 9, 451.02, 3763, 25436079
1605294428, 1, 555, 794, 446, 0, 5.74%, 0, 0, 9, 437.00, 3763, 25438333
1605294433, 1, 555, 796, 448, 0, 5.74%, 0, 0, 9, 426.19, 3763, 25440525
1605294504, 1, 555, 797, 449, 0, 5.74%, 0, 0, 9, 427.24, 3763, 25470298
1605294591, 1, 571, 797, 448, 1, 5.74%, 0, 0, 9, 452.52, 3763, 25507574
1605294852, 1, 571, 798, 449, 1, 5.74%, 0, 0, 9, 439.48, 3763, 25605368
1605294858, 1, 571, 799, 450, 1, 5.74%, 0, 0, 9, 445.65, 3763, 25607648
1605294868, 1, 620, 799, 449, 1, 5.74%, 0, 0, 9, 434.06, 3763, 25612106
1605295088, 1, 620, 800, 450, 1, 5.74%, 0, 0, 9, 356.68, 3763, 25692949
1605295170, 1, 647, 800, 449, 1, 5.74%, 0, 0, 9, 420.51, 3763, 25723863
1605295257, 1, 781, 800, 448, 1, 5.74%, 0, 0, 9, 453.96, 3763, 25762245
1605295349, 1, 781, 801, 449, 1, 5.74%, 0, 0, 10, 441.83, 3765, 25802955
1605295359, 1, 794, 801, 448, 2, 5.74%, 0, 0, 10, 454.48, 3765, 25807649
1605295529, 1, 800, 801, 447, 1, 5.74%, 0, 0, 10, 456.34, 3765, 25879993
1605295631, 2, 12, 801, 446, 0, 5.74%, 0, 0, 10, 452.53, 3765, 25920014
1605295693, 2, 13, 801, 445, 0, 5.74%, 0, 0, 10, 458.66, 3765, 25948344
1605295760, 2, 16, 801, 444, 0, 5.74%, 0, 0, 10, 452.24, 3765, 25978254
1605295827, 2, 17, 801, 443, 0, 5.74%, 0, 0, 10, 446.47, 3765, 26007920
1605295985, 2, 27, 801, 442, 0, 5.74%, 0, 0, 10, 431.00, 3765, 26073968
1605296052, 2, 40, 801, 441, 0, 5.74%, 0, 0, 10, 460.57, 3765, 26104033
1605296133, 2, 377, 802, 441, 1, 5.75%, 0, 0, 10, 453.81, 3768, 26140380
1605296384, 2, 635, 802, 440, 1, 5.75%, 0, 0, 10, 432.39, 3768, 26232985
1605296691, 2, 664, 802, 439, 1, 5.75%, 0, 0, 10, 442.16, 3768, 26347552
1605296899, 2, 732, 802, 438, 1, 5.75%, 0, 0, 10, 399.65, 3768, 26434091
1605297185, 2, 732, 803, 439, 1, 5.75%, 0, 0, 10, 426.20, 3768, 26539173
1605297195, 2, 771, 803, 438, 2, 5.75%, 0, 0, 10, 449.81, 3768, 26543733
1605297200, 2, 802, 804, 438, 1, 5.75%, 0, 0, 10, 454.51, 3768, 26546063
1605297220, 2, 802, 806, 440, 1, 5.75%, 0, 0, 10, 350.43, 3768, 26553285
1605297277, 2, 802, 807, 441, 1, 5.75%, 0, 0, 10, 348.20, 3768, 26573121
1605297506, 2, 805, 807, 440, 1, 5.75%, 0, 0, 10, 410.14, 3768, 26659325
1605297899, 2, 805, 808, 441, 1, 5.75%, 0, 0, 10, 438.66, 3768, 26788770
1605297930, 2, 807, 808, 440, 0, 5.75%, 0, 0, 10, 412.18, 3768, 26802025
1605297960, 2, 807, 809, 441, 0, 5.75%, 0, 0, 10, 416.19, 3768, 26815053
1605297965, 3, 8, 809, 440, 0, 5.75%, 0, 0, 10, 433.59, 3768, 26817241
1605297985, 3, 10, 809, 439, 0, 5.75%, 0, 0, 10, 424.63, 3768, 26825928
1605298006, 3, 22, 809, 438, 0, 5.75%, 0, 0, 10, 425.96, 3768, 26834895
1605298078, 3, 23, 809, 437, 0, 5.75%, 0, 0, 10, 436.45, 3768, 26865930
1605298144, 3, 25, 809, 436, 0, 5.75%, 0, 0, 10, 450.56, 3768, 26895453
1605298215, 3, 33, 809, 435, 0, 5.75%, 0, 0, 10, 454.25, 3768, 26927360
1605298287, 3, 37, 809, 434, 0, 5.75%, 0, 0, 10, 445.24, 3768, 26958759
1605298358, 3, 38, 809, 433, 0, 5.75%, 0, 0, 10, 420.00, 3768, 26989896
1605298670, 3, 44, 809, 432, 0, 5.75%, 0, 0, 10, 383.83, 3768, 27103134
1605298982, 3, 53, 809, 431, 0, 5.75%, 0, 0, 10, 429.95, 3768, 27217529
1605299068, 3, 59, 809, 430, 0, 5.75%, 0, 0, 10, 447.64, 3768, 27255208
1605299155, 3, 69, 809, 429, 0, 5.75%, 0, 0, 10, 422.23, 3768, 27292776
1605299247, 3, 70, 809, 428, 0, 5.75%, 0, 0, 10, 436.55, 3768, 27328600
1605299252, 3, 72, 809, 428, 0, 5.75%, 0, 0, 10, 392.95, 3768, 27330595
1605299554, 3, 72, 810, 429, 0, 5.75%, 0, 0, 10, 406.95, 3768, 27441629
1605299559, 3, 73, 810, 428, 0, 5.75%, 0, 0, 10, 436.86, 3768, 27443877
1605299646, 3, 77, 810, 427, 0, 5.75%, 0, 0, 10, 440.73, 3768, 27481717
1605299738, 3, 78, 810, 426, 0, 5.75%, 0, 0, 10, 456.70, 3768, 27522377
1605299826, 3, 82, 810, 425, 0, 5.75%, 0, 0, 10, 446.11, 3768, 27561066
1605300138, 3, 87, 810, 424, 0, 5.75%, 0, 0, 10, 421.44, 3768, 27675582
1605300230, 3, 88, 810, 423, 0, 5.75%, 0, 0, 10, 431.02, 3768, 27715822
1605300537, 3, 93, 810, 422, 0, 5.75%, 0, 0, 10, 423.68, 3768, 27829291
1605300756, 3, 104, 810, 421, 0, 5.75%, 0, 0, 10, 436.41, 3768, 27919334
1605300924, 3, 106, 810, 420, 0, 5.75%, 0, 0, 10, 419.67, 3768, 27989877
1605301083, 3, 129, 810, 419, 0, 5.75%, 0, 0, 10, 449.24, 3768, 28057727
1605301267, 3, 130, 810, 418, 0, 5.75%, 0, 0, 10, 427.92, 3768, 28134766
1605301446, 3, 141, 810, 417, 0, 5.75%, 0, 0, 10, 427.00, 3768, 28209919
1605301691, 3, 147, 810, 416, 0, 5.75%, 0, 0, 10, 429.11, 3768, 28303559
1605301998, 3, 149, 810, 415, 0, 5.75%, 0, 0, 10, 402.11, 3768, 28417886
1605302243, 3, 154, 810, 414, 0, 5.75%, 0, 0, 10, 430.40, 3768, 28510963
1605302248, 3, 156, 810, 414, 0, 5.75%, 0, 0, 10, 401.79, 3768, 28513005
1605302503, 3, 160, 811, 414, 0, 5.75%, 0, 0, 10, 395.21, 3768, 28609079
1605302758, 3, 161, 811, 413, 0, 5.75%, 0, 0, 10, 426.15, 3768, 28705672
1605303014, 3, 165, 811, 412, 0, 5.75%, 0, 0, 10, 440.28, 3768, 28801631
1605303279, 3, 169, 811, 411, 0, 5.75%, 0, 0, 10, 437.85, 3768, 28901409
1605303554, 3, 173, 811, 410, 0, 5.75%, 0, 0, 10, 418.64, 3768, 29004716
1605303772, 3, 177, 811, 409, 0, 5.75%, 0, 0, 10, 422.83, 3768, 29094379
1605303777, 3, 194, 811, 409, 0, 5.75%, 0, 0, 10, 443.70, 3768, 29096635
1605303782, 3, 200, 811, 409, 0, 5.75%, 0, 0, 10, 401.41, 3768, 29098629
1605304089, 3, 212, 811, 408, 0, 5.75%, 0, 0, 10, 431.85, 3768, 29211155
1605304397, 3, 213, 811, 407, 0, 5.75%, 0, 0, 10, 418.08, 3768, 29324445
1605304709, 3, 214, 811, 406, 0, 5.75%, 0, 0, 10, 409.71, 3768, 29438521
1605305016, 3, 220, 811, 405, 0, 5.75%, 0, 0, 10, 424.07, 3768, 29551042
1605305097, 3, 222, 811, 404, 0, 5.75%, 0, 0, 10, 415.90, 3768, 29585681
1605305102, 3, 225, 811, 404, 0, 5.75%, 0, 0, 10, 398.72, 3768, 29587709
1605305409, 3, 242, 811, 403, 0, 5.75%, 0, 0, 10, 446.14, 3768, 29701276
1605305722, 3, 258, 811, 402, 0, 5.75%, 0, 0, 10, 435.67, 3768, 29815474
1605305824, 3, 262, 811, 401, 0, 5.75%, 0, 0, 10, 452.37, 3768, 29860215
1605305829, 3, 274, 811, 401, 0, 5.75%, 0, 0, 10, 451.84, 3768, 29862470
1605306141, 3, 284, 811, 400, 0, 5.75%, 0, 0, 10, 428.50, 3768, 29976817
1605306408, 3, 288, 811, 399, 0, 5.75%, 0, 0, 10, 426.61, 3768, 30076806
1605306715, 3, 295, 811, 398, 0, 5.75%, 0, 0, 10, 432.79, 3768, 30190111
1605306818, 3, 299, 811, 397, 0, 5.75%, 0, 0, 10, 444.82, 3768, 30235066
1605307077, 3, 315, 811, 396, 0, 5.75%, 0, 0, 10, 439.95, 3768, 30331728
1605307250, 3, 327, 811, 395, 0, 5.75%, 0, 0, 10, 390.93, 3768, 30404517
1605307368, 3, 335, 811, 394, 0, 5.75%, 0, 0, 10, 416.39, 3768, 30454817
1605307617, 3, 336, 811, 393, 0, 5.75%, 0, 0, 10, 401.93, 3768, 30546387
1605307867, 3, 339, 811, 392, 0, 5.75%, 0, 0, 10, 406.11, 3768, 30638945
1605308132, 3, 342, 811, 391, 0, 5.75%, 0, 0, 10, 411.66, 3768, 30737528
1605308407, 3, 343, 811, 390, 0, 5.75%, 0, 0, 10, 416.70, 3768, 30838229
1605308428, 3, 343, 812, 391, 0, 5.75%, 0, 0, 10, 237.99, 3768, 30845185
1605308724, 3, 350, 812, 390, 0, 5.75%, 0, 0, 10, 415.73, 3768, 30951920
1605308810, 3, 353, 812, 389, 0, 5.75%, 0, 0, 10, 443.39, 3768, 30988625
1605309086, 3, 373, 812, 388, 0, 5.75%, 0, 0, 10, 412.95, 3768, 31090720
1605309366, 3, 375, 812, 387, 0, 5.75%, 0, 0, 10, 407.38, 3768, 31190693
1605309371, 3, 376, 812, 387, 0, 5.75%, 0, 0, 10, 414.16, 3768, 31192855
1605309549, 3, 380, 812, 386, 0, 5.75%, 0, 0, 10, 428.83, 3768, 31264340
1605309757, 3, 394, 812, 385, 0, 5.75%, 0, 0, 10, 436.44, 3768, 31348892
1605310007, 3, 397, 812, 384, 0, 5.75%, 0, 0, 10, 407.20, 3768, 31441175
1605310185, 3, 402, 812, 383, 0, 5.75%, 0, 0, 10, 418.07, 3768, 31514924
1605310399, 3, 405, 812, 382, 0, 5.75%, 0, 0, 10, 415.57, 3768, 31601602
1605310536, 3, 409, 812, 381, 0, 5.75%, 0, 0, 10, 432.79, 3768, 31652042
1605310818, 3, 420, 812, 380, 0, 5.75%, 0, 0, 10, 403.06, 3768, 31755267
1605311073, 3, 425, 812, 379, 0, 5.75%, 0, 0, 10, 408.87, 3768, 31849273
1605311307, 3, 426, 812, 378, 0, 5.75%, 0, 0, 10, 396.80, 3768, 31941045
1605311535, 3, 427, 812, 377, 0, 5.75%, 0, 0, 10, 420.79, 3768, 32031390
1605311540, 3, 437, 812, 377, 0, 5.75%, 0, 0, 10, 405.25, 3768, 32033488
1605311597, 3, 437, 813, 378, 0, 5.75%, 0, 0, 10, 353.50, 3768, 32053091
1605311853, 3, 438, 813, 377, 0, 5.75%, 0, 0, 10, 381.11, 3768, 32146584
1605311858, 3, 438, 815, 379, 0, 5.75%, 0, 0, 10, 357.64, 3768, 32148385
1605311909, 3, 438, 816, 380, 0, 5.75%, 0, 0, 10, 355.22, 3768, 32166360
1605312161, 3, 443, 816, 379, 0, 5.75%, 0, 0, 10, 419.65, 3768, 32259251
1605312267, 3, 445, 816, 378, 0, 5.75%, 0, 0, 10, 448.10, 3768, 32305896
1605312369, 3, 451, 816, 377, 0, 5.75%, 0, 0, 10, 444.73, 3768, 32350121
1605312374, 3, 466, 816, 377, 0, 5.75%, 0, 0, 10, 423.10, 3768, 32352275
1605312462, 3, 466, 817, 378, 0, 5.75%, 0, 0, 10, 392.27, 3768, 32382935
1605312687, 3, 471, 817, 377, 0, 5.75%, 0, 0, 10, 404.70, 3768, 32466227
1605312999, 3, 477, 817, 376, 0, 5.75%, 0, 0, 10, 441.59, 3768, 32580342
1605313086, 3, 486, 817, 375, 0, 5.75%, 0, 0, 10, 410.89, 3768, 32616947
1605313091, 3, 492, 817, 375, 0, 5.75%, 0, 0, 10, 369.33, 3768, 32618911
1605313407, 3, 493, 817, 374, 0, 5.75%, 0, 0, 10, 402.37, 3768, 32731578
1605313719, 3, 495, 817, 373, 0, 5.75%, 0, 0, 10, 400.70, 3768, 32845540
