# unix_time, cycles_done, cur_path, paths_total, pending_total, pending_favs, map_size, unique_crashes, unique_hangs, max_depth, execs_per_sec, edge_coverage, total_execs
1606839678, 0, 0, 1, 1, 1, 2.37%, 0, 0, 1, 112.68, 1552, 8
1606839683, 0, 0, 40, 40, 1, 2.55%, 0, 0, 2, 232.93, 1670, 2778
1606839689, 0, 0, 225, 225, 1, 3.02%, 0, 0, 2, 476.38, 1977, 5568
1606839694, 0, 0, 290, 290, 1, 3.11%, 0, 0, 2, 495.52, 2040, 8630
1606839699, 0, 0, 356, 356, 1, 3.12%, 0, 0, 2, 751.71, 2047, 12640
1606839704, 0, 0, 395, 395, 1, 3.13%, 0, 0, 2, 613.88, 2053, 15615
1606839709, 0, 0, 428, 428, 1, 3.14%, 0, 0, 2, 700.66, 2057, 18880
1606839714, 0, 0, 447, 447, 1, 3.15%, 0, 0, 2, 644.79, 2063, 22106
1606839719, 0, 0, 454, 454, 1, 3.15%, 0, 0, 2, 484.90, 2064, 24685
1606839724, 0, 0, 455, 455, 1, 3.15%, 0, 0, 2, 237.08, 2064, 25582
1606839734, 0, 0, 456, 456, 1, 3.15%, 0, 0, 2, 206.39, 2064, 27386
1606839750, 0, 0, 457, 457, 1, 3.15%, 0, 0, 2, 220.93, 2064, 30922
1606839760, 0, 0, 458, 458, 1, 3.15%, 0, 0, 2, 195.90, 2064, 32942
1606839780, 0, 0, 460, 460, 1, 3.15%, 0, 0, 2, 181.51, 2064, 36682
1606839785, 0, 0, 461, 461, 1, 3.15%, 0, 0, 2, 186.97, 2064, 37629
1606839790, 0, 0, 462, 462, 1, 3.15%, 0, 0, 2, 205.21, 2064, 38682
1606839800, 0, 0, 463, 463, 1, 3.15%, 0, 0, 2, 198.03, 2064, 40507
1606839821, 0, 0, 464, 464, 1, 3.15%, 0, 0, 2, 172.87, 2064, 44358
1606839841, 0, 0, 465, 465, 1, 3.15%, 0, 0, 2, 187.57, 2064, 47990
1606839846, 0, 0, 466, 466, 1, 3.15%, 0, 0, 2, 203.07, 2064, 48970
1606839861, 0, 0, 467, 467, 1, 3.15%, 0, 0, 2, 197.99, 2064, 52068
1606839866, 0, 0, 468, 468, 1, 3.15%, 0, 0, 2, 196.09, 2064, 53024
1606839871, 0, 0, 469, 469, 1, 3.15%, 0, 0, 2, 193.24, 2064, 54010
1606839958, 0, 0, 470, 470, 1, 3.15%, 0, 0, 2, 193.48, 2064, 71256
1606839963, 0, 0, 471, 471, 1, 3.15%, 0, 0, 2, 180.06, 2064, 72149
1606839983, 0, 0, 472, 472, 1, 3.15%, 0, 0, 2, 248.35, 2064, 76698
1606840008, 0, 0, 473, 473, 1, 3.16%, 0, 0, 2, 210.92, 2072, 82186
1606840019, 0, 0, 474, 474, 1, 3.16%, 0, 0, 2, 194.62, 2074, 84266
1606840024, 0, 0, 477, 477, 1, 3.17%, 0, 0, 2, 206.08, 2075, 85314
1606840034, 0, 0, 478, 478, 1, 3.17%, 0, 0, 2, 210.08, 2075, 87450
1606840039, 0, 0, 479, 479, 1, 3.17%, 0, 0, 2, 213.00, 2075, 88530
1606840049, 0, 0, 480, 480, 1, 3.17%, 0, 0, 2, 226.38, 2075, 90826
1606840069, 0, 0, 481, 481, 1, 3.18%, 0, 0, 2, 145.43, 2082, 94142
1606840079, 0, 0, 484, 484, 1, 3.18%, 0, 0, 2, 164.30, 2082, 95803
1606840115, 0, 0, 485, 485, 1, 3.18%, 0, 0, 2, 181.50, 2082, 101940
1606840136, 0, 0, 486, 486, 1, 3.18%, 0, 0, 2, 196.42, 2082, 105785
1606840176, 0, 0, 487, 487, 1, 3.18%, 0, 0, 2, 176.67, 2082, 113245
1606840181, 0, 0, 488, 488, 1, 3.18%, 0, 0, 2, 194.01, 2082, 114222
1606840196, 0, 0, 489, 489, 1, 3.18%, 0, 0, 2, 184.09, 2082, 116720
1606840212, 0, 0, 492, 492, 1, 3.18%, 0, 0, 2, 171.72, 2084, 119582
1606840222, 0, 0, 495, 495, 1, 3.21%, 0, 0, 2, 188.64, 2105, 121565
1606840232, 0, 0, 496, 496, 1, 3.21%, 0, 0, 2, 179.36, 2105, 123388
1606840243, 0, 0, 497, 497, 1, 3.21%, 0, 0, 2, 190.63, 2105, 125358
1606840248, 0, 0, 498, 498, 1, 3.21%, 0, 0, 2, 198.41, 2106, 126365
1606840253, 0, 0, 501, 501, 1, 3.23%, 0, 0, 2, 197.67, 2115, 127358
1606840263, 0, 0, 544, 544, 1, 3.23%, 0, 0, 2, 173.36, 2120, 129270
1606840268, 0, 0, 582, 582, 1, 3.25%, 0, 0, 2, 170.65, 2132, 130140
1606840273, 0, 0, 598, 598, 1, 3.26%, 0, 0, 2, 200.73, 2135, 131173
1606840278, 0, 0, 617, 617, 1, 3.26%, 0, 0, 2, 161.37, 2136, 131997
1606840283, 0, 0, 632, 632, 1, 3.26%, 0, 0, 2, 140.85, 2136, 132668
1606840288, 0, 0, 636, 636, 1, 3.26%, 0, 0, 2, 141.49, 2136, 133424
1606840293, 0, 0, 643, 643, 1, 3.26%, 0, 0, 2, 135.64, 2136, 134140
1606840314, 0, 0, 644, 644, 1, 3.26%, 0, 0, 2, 184.49, 2136, 137517
1606840319, 0, 0, 647, 647, 1, 3.26%, 0, 0, 2, 187.77, 2136, 138468
1606840334, 0, 0, 648, 648, 1, 3.26%, 0, 0, 2, 189.72, 2136, 141434
1606840340, 0, 0, 650, 650, 1, 3.30%, 0, 0, 2, 191.34, 2160, 142425
1606840345, 0, 0, 652, 652, 1, 3.30%, 0, 0, 2, 196.87, 2160, 143452
1606840360, 0, 0, 655, 655, 1, 3.30%, 0, 0, 2, 182.69, 2160, 146122
1606840365, 0, 0, 656, 656, 1, 3.30%, 0, 0, 2, 175.73, 2160, 147027
1606840370, 0, 0, 657, 657, 1, 3.30%, 0, 0, 2, 179.83, 2160, 147935
1606840375, 0, 0, 658, 658, 1, 3.30%, 0, 0, 2, 179.65, 2160, 148813
1606840380, 0, 0, 659, 659, 1, 3.30%, 0, 0, 2, 182.32, 2160, 149763
1606840390, 0, 0, 660, 660, 1, 3.30%, 0, 0, 2, 181.03, 2160, 151535
1606840426, 0, 0, 661, 661, 1, 3.30%, 0, 0, 2, 177.82, 2161, 157954
1606840441, 0, 0, 662, 662, 1, 3.30%, 0, 0, 2, 172.95, 2165, 160632
1606840451, 0, 0, 663, 663, 1, 3.30%, 0, 0, 2, 173.42, 2165, 162461
1606840461, 0, 0, 664, 664, 1, 3.31%, 0, 0, 2, 175.34, 2167, 164236
1606840466, 0, 0, 665, 665, 1, 3.31%, 0, 0, 2, 180.23, 2168, 165141
1606840477, 0, 0, 666, 666, 1, 3.31%, 0, 0, 2, 178.17, 2170, 167012
1606840492, 0, 0, 668, 668, 1, 3.31%, 0, 0, 2, 168.75, 2170, 169577
1606840497, 0, 0, 670, 670, 1, 3.31%, 0, 0, 2, 170.38, 2170, 170461
1606840502, 0, 0, 671, 671, 1, 3.31%, 0, 0, 2, 169.44, 2170, 171321
1606840517, 0, 0, 672, 672, 1, 3.31%, 0, 0, 2, 191.04, 2170, 174074
1606840527, 0, 0, 674, 674, 1, 3.31%, 0, 0, 2, 178.79, 2170, 175902
1606840558, 0, 0, 675, 675, 1, 3.31%, 0, 0, 2, 184.25, 2171, 181436
