# unix_time, cycles_done, cur_path, paths_total, pending_total, pending_favs, map_size, unique_crashes, unique_hangs, max_depth, execs_per_sec, edge_coverage, total_execs
1604694872, 0, 0, 1, 1, 1, 1.23%, 0, 0, 1, 800.00, 807, 8
1604694877, 0, 0, 64, 64, 1, 1.53%, 0, 0, 2, 1333.61, 1000, 7516
1604694882, 0, 0, 87, 87, 1, 1.59%, 0, 0, 2, 1430.23, 1042, 14824
1604694887, 0, 0, 95, 95, 1, 1.61%, 0, 0, 2, 1454.43, 1054, 22266
1604694893, 0, 0, 102, 102, 1, 1.61%, 0, 0, 2, 1458.00, 1056, 29746
1604694898, 0, 0, 108, 108, 1, 1.88%, 0, 0, 2, 1457.88, 1233, 37218
1604694903, 0, 2, 112, 111, 40, 1.89%, 0, 0, 3, 1445.44, 1238, 44492
1604694908, 0, 20, 113, 111, 40, 1.89%, 0, 0, 3, 1462.48, 1238, 51891
1604694913, 0, 21, 114, 111, 40, 1.89%, 0, 0, 3, 1460.19, 1238, 59170
1604694918, 0, 22, 114, 110, 39, 1.89%, 0, 0, 3, 1420.05, 1238, 66615
1604694923, 0, 35, 114, 109, 38, 1.89%, 0, 0, 3, 1369.94, 1238, 73338
1604694928, 0, 36, 114, 108, 37, 1.89%, 0, 0, 3, 1404.93, 1238, 80476
1604694933, 0, 39, 114, 107, 36, 1.89%, 0, 0, 3, 1440.38, 1238, 87780
1604694938, 0, 40, 115, 107, 36, 1.89%, 0, 0, 3, 1387.28, 1238, 94877
1604694943, 0, 41, 118, 109, 36, 1.90%, 0, 0, 3, 1369.69, 1242, 101670
1604694948, 0, 43, 118, 107, 36, 1.90%, 0, 0, 3, 1317.74, 1242, 108302
1604694953, 0, 44, 119, 107, 35, 1.90%, 0, 0, 3, 1310.59, 1242, 114801
1604694958, 0, 46, 120, 106, 34, 1.90%, 0, 0, 3, 1329.11, 1244, 121444
1604694963, 0, 46, 123, 109, 34, 1.91%, 0, 0, 3, 1390.13, 1255, 128669
1604694968, 0, 46, 125, 111, 34, 1.91%, 0, 0, 3, 1379.59, 1255, 135651
1604694979, 0, 46, 127, 113, 34, 1.91%, 0, 0, 3, 1387.40, 1255, 149626
1604694984, 0, 47, 128, 113, 35, 1.92%, 0, 0, 3, 1399.47, 1257, 156846
1604694989, 0, 53, 129, 113, 35, 1.95%, 0, 0, 3, 1369.64, 1278, 163647
1604694994, 0, 54, 131, 114, 34, 1.96%, 0, 0, 3, 1384.13, 1286, 170716
1604694999, 0, 62, 131, 112, 32, 1.96%, 0, 0, 3, 1413.54, 1286, 177859
1604695004, 0, 66, 132, 112, 31, 1.96%, 0, 0, 3, 1404.98, 1286, 184919
1604695009, 0, 69, 136, 115, 30, 2.00%, 0, 0, 3, 1401.71, 1310, 192044
1604695014, 0, 69, 140, 119, 30, 2.01%, 0, 0, 3, 1403.55, 1318, 199132
1604695019, 0, 69, 143, 122, 30, 2.01%, 0, 0, 3, 1391.61, 1318, 206185
1604695024, 0, 69, 144, 123, 30, 2.01%, 0, 0, 3, 1401.59, 1318, 213332
1604695029, 0, 69, 146, 125, 30, 2.04%, 0, 0, 3, 1402.37, 1335, 220432
1604695035, 0, 70, 152, 130, 32, 2.04%, 0, 0, 3, 1399.48, 1337, 227737
1604695040, 0, 70, 155, 133, 32, 2.05%, 0, 0, 3, 1411.93, 1344, 234985
1604695055, 0, 70, 156, 134, 32, 2.05%, 0, 0, 3, 1409.17, 1345, 256497
1604695060, 0, 75, 156, 132, 33, 2.05%, 0, 0, 3, 1430.95, 1345, 263767
1604695065, 0, 75, 158, 134, 33, 2.13%, 0, 0, 3, 1377.19, 1394, 270783
1604695070, 0, 77, 158, 132, 33, 2.13%, 0, 0, 3, 1332.93, 1394, 277473
1604695075, 0, 79, 158, 131, 32, 2.13%, 0, 0, 3, 1339.56, 1394, 284302
1604695080, 0, 85, 159, 131, 31, 2.13%, 0, 0, 3, 1378.59, 1394, 291232
1604695085, 0, 87, 160, 131, 30, 2.13%, 0, 0, 3, 1419.71, 1397, 298418
1604695090, 0, 90, 161, 131, 31, 2.16%, 0, 0, 3, 1421.73, 1415, 305720
1604695096, 0, 94, 162, 131, 30, 2.16%, 0, 0, 3, 1380.11, 1415, 312647
1604695101, 0, 100, 162, 130, 30, 2.16%, 0, 0, 3, 1333.00, 1415, 319353
1604695106, 0, 104, 167, 133, 31, 2.17%, 0, 0, 3, 1322.02, 1423, 326121
1604695111, 0, 105, 180, 145, 30, 2.19%, 0, 0, 3, 1386.51, 1433, 333423
1604695116, 0, 105, 187, 152, 30, 2.19%, 0, 0, 3, 1351.75, 1437, 340269
1604695121, 0, 105, 195, 160, 30, 2.20%, 0, 0, 3, 1376.48, 1442, 347367
1604695126, 0, 105, 198, 163, 30, 2.20%, 0, 0, 3, 1390.32, 1442, 354492
1604695131, 0, 105, 203, 168, 30, 2.21%, 0, 0, 3, 1373.65, 1450, 361552
1604695137, 0, 108, 203, 166, 34, 2.21%, 0, 0, 3, 1330.65, 1450, 368321
1604695142, 0, 109, 203, 165, 33, 2.21%, 0, 0, 3, 1384.29, 1450, 375305
1604695147, 0, 114, 203, 164, 32, 2.21%, 0, 0, 3, 1389.71, 1450, 382366
1604695152, 0, 115, 203, 163, 31, 2.21%, 0, 0, 3, 1336.80, 1450, 389228
1604695157, 0, 117, 204, 162, 29, 2.21%, 0, 0, 4, 1341.31, 1451, 395911
1604695162, 0, 117, 209, 167, 29, 2.22%, 0, 0, 4, 1372.69, 1452, 402991
1604695167, 0, 117, 212, 170, 29, 2.22%, 0, 0, 4, 1387.96, 1454, 410143
1604695177, 0, 117, 217, 175, 29, 2.22%, 0, 0, 4, 1394.33, 1454, 424034
1604695182, 0, 120, 221, 178, 32, 2.22%, 0, 0, 4, 1398.81, 1454, 431144
1604695187, 0, 120, 228, 185, 32, 2.22%, 0, 0, 4, 1383.10, 1457, 438166
1604695192, 0, 120, 230, 187, 32, 2.22%, 0, 0, 4, 1391.84, 1457, 445310
1604695198, 0, 120, 235, 192, 32, 2.22%, 0, 0, 4, 1392.47, 1457, 452397
1604695203, 0, 120, 240, 197, 32, 2.24%, 0, 0, 4, 1411.92, 1469, 459641
1604695208, 0, 121, 240, 196, 35, 2.24%, 0, 0, 4, 1284.72, 1469, 466358
1604695213, 0, 126, 244, 199, 34, 2.24%, 0, 0, 4, 1328.31, 1469, 472964
1604695218, 0, 126, 248, 203, 34, 2.24%, 0, 0, 4, 1374.89, 1469, 479944
1604695223, 0, 126, 250, 205, 34, 2.24%, 0, 0, 4, 1372.97, 1469, 487034
1604695228, 0, 126, 253, 208, 34, 2.24%, 0, 0, 4, 1385.35, 1469, 494105
1604695233, 0, 126, 254, 209, 34, 2.24%, 0, 0, 4, 1386.41, 1469, 501214
1604695238, 0, 128, 257, 211, 31, 2.25%, 0, 0, 4, 1283.89, 1473, 507704
1604695244, 0, 133, 267, 220, 31, 2.25%, 0, 0, 4, 1367.82, 1476, 514903
1604695249, 0, 133, 273, 226, 31, 2.27%, 0, 0, 4, 1378.32, 1490, 521971
1604695254, 0, 133, 281, 234, 31, 2.28%, 0, 0, 4, 1378.21, 1492, 529055
1604695259, 0, 133, 284, 237, 31, 2.28%, 0, 0, 4, 1388.84, 1492, 536153
1604695264, 0, 133, 285, 238, 31, 2.28%, 0, 0, 4, 1380.24, 1492, 543262
1604695269, 0, 139, 294, 246, 36, 2.28%, 0, 0, 4, 1379.21, 1493, 550299
1604695274, 0, 145, 294, 244, 35, 2.28%, 0, 0, 4, 1348.68, 1493, 557364
1604695279, 0, 155, 298, 247, 34, 2.28%, 0, 0, 4, 1329.46, 1494, 563795
1604695285, 0, 155, 300, 249, 34, 2.28%, 0, 0, 4, 1323.06, 1494, 570597
1604695295, 0, 155, 301, 250, 34, 2.28%, 0, 0, 4, 1385.15, 1496, 584587
1604695300, 0, 155, 302, 251, 34, 2.29%, 0, 0, 4, 1413.34, 1502, 591777
1604695305, 0, 156, 303, 251, 34, 2.29%, 0, 0, 4, 1424.65, 1503, 598983
1604695310, 0, 158, 307, 254, 33, 2.30%, 0, 0, 4, 1410.32, 1510, 606079
1604695315, 0, 159, 310, 256, 35, 2.31%, 0, 0, 4, 1373.57, 1516, 612975
1604695320, 0, 160, 313, 258, 40, 2.32%, 0, 0, 4, 1382.67, 1522, 619994
1604695330, 0, 188, 315, 257, 37, 2.33%, 0, 0, 4, 1391.23, 1524, 634091
1604695335, 0, 190, 316, 257, 36, 2.33%, 0, 0, 4, 1402.77, 1525, 641262
1604695340, 0, 207, 318, 256, 36, 2.34%, 0, 0, 4, 1385.70, 1533, 648264
1604695345, 0, 207, 321, 259, 36, 2.36%, 0, 0, 5, 1364.95, 1544, 655108
1604695351, 0, 207, 322, 260, 36, 2.36%, 0, 0, 5, 1387.65, 1544, 662244
1604695356, 0, 207, 324, 262, 36, 2.36%, 0, 0, 5, 1379.38, 1549, 669361
1604695361, 0, 207, 325, 263, 36, 2.36%, 0, 0, 5, 1388.03, 1549, 676497
1604695366, 0, 209, 325, 262, 39, 2.36%, 0, 0, 5, 1390.29, 1549, 683623
1604695371, 0, 210, 326, 262, 38, 2.36%, 0, 0, 5, 1391.34, 1549, 690704
1604695376, 0, 210, 330, 266, 38, 2.36%, 0, 0, 5, 1393.30, 1549, 697784
1604695381, 0, 210, 332, 268, 38, 2.36%, 0, 0, 5, 1388.14, 1549, 704901
1604695397, 0, 222, 333, 268, 37, 2.36%, 0, 0, 5, 1387.46, 1549, 726241
1604695402, 0, 222, 337, 272, 37, 2.37%, 0, 0, 5, 1382.38, 1554, 733320
1604695407, 0, 222, 340, 275, 37, 2.38%, 0, 0, 5, 1392.22, 1558, 740418
1604695412, 0, 222, 348, 283, 37, 2.38%, 0, 0, 5, 1379.58, 1558, 747421
1604695422, 0, 223, 350, 284, 38, 2.46%, 0, 0, 5, 1324.05, 1612, 761419
1604695427, 0, 223, 353, 287, 38, 2.46%, 0, 0, 5, 1358.82, 1612, 768404
1604695448, 0, 233, 354, 286, 38, 2.46%, 0, 0, 5, 1383.73, 1612, 796852
1604695453, 0, 233, 358, 290, 38, 2.46%, 0, 0, 5, 1373.29, 1613, 803868
1604695458, 0, 233, 362, 294, 38, 2.46%, 0, 0, 5, 1367.84, 1613, 810893
1604695463, 0, 233, 366, 298, 38, 2.46%, 0, 0, 5, 1378.69, 1613, 817891
1604695468, 0, 233, 367, 299, 38, 2.46%, 0, 0, 5, 1371.70, 1615, 825000
1604695474, 0, 239, 369, 300, 38, 2.47%, 0, 0, 5, 1367.60, 1620, 832063
1604695479, 0, 245, 370, 300, 37, 2.50%, 0, 0, 5, 1368.73, 1640, 838979
1604695484, 0, 250, 374, 303, 37, 2.51%, 0, 0, 5, 1358.52, 1642, 845882
1604695489, 0, 250, 375, 304, 37, 2.51%, 0, 0, 5, 1372.99, 1643, 852964
1604695494, 0, 250, 377, 306, 37, 2.51%, 0, 0, 5, 1377.49, 1643, 860054
1604695499, 0, 250, 380, 309, 37, 2.51%, 0, 0, 5, 1366.89, 1644, 867098
1604695504, 0, 250, 381, 310, 37, 2.51%, 0, 0, 5, 1386.93, 1644, 874207
1604695509, 0, 256, 381, 309, 40, 2.51%, 0, 0, 5, 1305.88, 1644, 880863
1604695514, 0, 257, 382, 309, 39, 2.51%, 0, 0, 5, 1334.25, 1646, 887642
1604695519, 0, 263, 384, 310, 39, 2.51%, 0, 0, 5, 1364.34, 1646, 894558
1604695525, 0, 263, 388, 314, 39, 2.51%, 0, 0, 5, 1376.87, 1646, 901601
1604695530, 0, 263, 394, 320, 39, 2.51%, 0, 0, 5, 1377.40, 1647, 908588
1604695535, 0, 263, 397, 323, 39, 2.51%, 0, 0, 5, 1370.40, 1647, 915632
1604695540, 0, 263, 398, 324, 39, 2.51%, 0, 0, 5, 1380.38, 1647, 922714
1604695545, 0, 279, 401, 326, 41, 2.51%, 0, 0, 5, 1378.23, 1647, 929776
1604695550, 0, 279, 406, 331, 41, 2.52%, 0, 0, 5, 1377.00, 1649, 936811
1604695555, 0, 279, 408, 333, 41, 2.52%, 0, 0, 5, 1384.11, 1650, 943928
1604695560, 0, 279, 410, 335, 41, 2.52%, 0, 0, 5, 1373.64, 1650, 950964
1604695566, 0, 279, 413, 338, 41, 2.52%, 0, 0, 5, 1376.08, 1650, 958062
1604695571, 0, 279, 415, 340, 41, 2.52%, 0, 0, 5, 1382.76, 1651, 965152
1604695576, 0, 283, 415, 339, 41, 2.52%, 0, 0, 5, 1378.09, 1651, 972197
1604695581, 0, 283, 417, 341, 41, 2.52%, 0, 0, 5, 1381.54, 1651, 979285
1604695586, 0, 300, 417, 339, 39, 2.52%, 0, 0, 5, 1387.22, 1651, 986386
1604695591, 0, 302, 445, 366, 38, 2.57%, 0, 0, 5, 1329.43, 1683, 993081
1604695596, 0, 302, 450, 371, 38, 2.57%, 0, 0, 5, 1373.53, 1683, 1000046
1604695601, 0, 302, 455, 376, 38, 2.57%, 0, 0, 5, 1377.63, 1683, 1007082
1604695607, 0, 302, 458, 379, 38, 2.57%, 0, 0, 5, 1374.25, 1683, 1014150
1604695617, 0, 303, 461, 381, 58, 2.57%, 0, 0, 5, 1377.00, 1684, 1028222
1604695622, 0, 303, 463, 383, 58, 2.57%, 0, 0, 5, 1376.61, 1684, 1035312
1604695627, 0, 303, 465, 385, 58, 2.57%, 0, 0, 5, 1384.39, 1684, 1042402
1604695637, 0, 303, 466, 386, 58, 2.57%, 0, 0, 5, 1377.47, 1684, 1056612
1604695642, 0, 307, 466, 384, 57, 2.57%, 0, 0, 5, 1385.02, 1684, 1063719
1604695653, 0, 308, 466, 383, 56, 2.57%, 0, 0, 5, 1386.98, 1684, 1077850
1604695658, 0, 309, 466, 382, 55, 2.57%, 0, 0, 5, 1385.24, 1684, 1084948
1604695663, 0, 309, 467, 383, 55, 2.57%, 0, 0, 5, 1378.19, 1684, 1091995
1604695668, 0, 310, 467, 382, 55, 2.57%, 0, 0, 5, 1327.38, 1684, 1098690
1604695678, 0, 311, 467, 381, 54, 2.57%, 0, 0, 5, 1381.19, 1684, 1112599
1604695683, 0, 312, 467, 380, 53, 2.57%, 0, 0, 5, 1375.97, 1684, 1119680
1604695694, 0, 315, 467, 378, 51, 2.57%, 0, 0, 5, 1381.51, 1684, 1133802
1604695699, 0, 316, 474, 384, 50, 2.58%, 0, 0, 5, 1378.34, 1694, 1140840
1604695704, 0, 323, 474, 382, 54, 2.58%, 0, 0, 5, 1326.07, 1694, 1147589
1604695709, 0, 331, 474, 381, 53, 2.58%, 0, 0, 5, 1343.49, 1694, 1154442
1604695714, 0, 334, 474, 380, 52, 2.58%, 0, 0, 5, 1373.56, 1694, 1161486
1604695719, 0, 334, 480, 386, 52, 2.60%, 0, 0, 6, 1365.48, 1701, 1168445
1604695724, 0, 334, 482, 388, 52, 2.60%, 0, 0, 6, 1322.86, 1701, 1175114
1604695729, 0, 334, 484, 390, 52, 2.60%, 0, 0, 6, 1342.17, 1701, 1181942
1604695739, 0, 334, 485, 391, 52, 2.60%, 0, 0, 6, 1368.55, 1701, 1196079
1604695745, 0, 338, 486, 390, 52, 2.60%, 0, 0, 6, 1376.34, 1701, 1203083
1604695750, 0, 348, 486, 388, 50, 2.60%, 0, 0, 6, 1342.96, 1701, 1209936
1604695755, 0, 349, 505, 406, 49, 2.65%, 0, 0, 6, 1332.68, 1739, 1216658
1604695760, 0, 349, 510, 411, 49, 2.66%, 0, 0, 6, 1356.84, 1741, 1223536
1604695770, 0, 349, 511, 412, 49, 2.66%, 0, 0, 6, 1343.59, 1741, 1237480
1604695775, 0, 349, 513, 414, 49, 2.66%, 0, 0, 6, 1337.55, 1742, 1244308
1604695780, 0, 368, 516, 415, 56, 2.66%, 0, 0, 6, 1360.05, 1742, 1251400
1604695785, 0, 370, 516, 413, 54, 2.66%, 0, 0, 6, 1372.60, 1742, 1258423
1604695790, 0, 374, 516, 412, 53, 2.66%, 0, 0, 6, 1329.82, 1742, 1265116
1604695796, 0, 376, 518, 413, 52, 2.66%, 0, 0, 6, 1325.16, 1742, 1271869
1604695801, 0, 376, 522, 417, 52, 2.66%, 0, 0, 6, 1338.06, 1742, 1278625
1604695806, 0, 376, 526, 421, 52, 2.66%, 0, 0, 6, 1359.40, 1742, 1285585
1604695811, 0, 376, 527, 422, 52, 2.66%, 0, 0, 6, 1370.57, 1742, 1292613
1604695816, 0, 376, 528, 423, 52, 2.66%, 0, 0, 6, 1361.20, 1742, 1299641
1604695821, 0, 376, 529, 424, 52, 2.68%, 0, 0, 6, 1337.97, 1759, 1306553
1604695826, 0, 379, 530, 424, 52, 2.68%, 0, 0, 6, 1323.65, 1759, 1313248
1604695831, 0, 379, 532, 426, 52, 2.68%, 0, 0, 6, 1329.50, 1759, 1320008
1604695836, 0, 382, 532, 424, 51, 2.68%, 0, 0, 6, 1367.76, 1759, 1326984
1604695846, 0, 383, 532, 423, 50, 2.68%, 0, 0, 6, 1351.26, 1759, 1340883
1604695851, 0, 390, 532, 422, 49, 2.68%, 0, 0, 6, 1347.65, 1759, 1347698
1604695857, 0, 391, 533, 422, 48, 2.68%, 0, 0, 6, 1374.35, 1759, 1354706
1604695862, 0, 391, 534, 423, 48, 2.69%, 0, 0, 6, 1389.32, 1761, 1361821
1604695867, 0, 391, 538, 427, 48, 2.69%, 0, 0, 6, 1394.64, 1761, 1368879
1604695872, 0, 391, 542, 431, 48, 2.69%, 0, 0, 6, 1374.90, 1761, 1375958
1604695877, 0, 391, 545, 434, 48, 2.69%, 0, 0, 6, 1382.39, 1761, 1383056
1604695882, 0, 391, 546, 435, 48, 2.69%, 0, 0, 6, 1383.24, 1761, 1390165
1604695887, 0, 391, 548, 437, 48, 2.69%, 0, 0, 6, 1373.32, 1761, 1397255
1604695892, 0, 405, 550, 438, 48, 2.69%, 0, 0, 6, 1392.16, 1764, 1404411
1604695898, 0, 405, 551, 439, 48, 2.69%, 0, 0, 6, 1393.91, 1764, 1411479
1604695903, 0, 405, 554, 442, 48, 2.69%, 0, 0, 6, 1383.64, 1764, 1418560
1604695908, 0, 405, 555, 443, 48, 2.69%, 0, 0, 6, 1391.26, 1764, 1425669
1604695918, 0, 405, 556, 444, 48, 2.69%, 0, 0, 6, 1378.84, 1764, 1439906
1604695923, 0, 405, 557, 445, 48, 2.69%, 0, 0, 6, 1386.00, 1764, 1447015
1604695928, 0, 406, 557, 444, 49, 2.69%, 0, 0, 6, 1382.38, 1764, 1454098
1604695944, 0, 418, 557, 443, 48, 2.69%, 0, 0, 6, 1377.71, 1764, 1475360
1604695949, 0, 418, 560, 446, 48, 2.69%, 0, 0, 6, 1389.55, 1764, 1482485
1604695954, 0, 418, 561, 447, 48, 2.69%, 0, 0, 6, 1386.36, 1764, 1489594
1604695964, 0, 418, 562, 448, 48, 2.69%, 0, 0, 6, 1390.49, 1764, 1503831
1604695969, 0, 419, 562, 447, 47, 2.69%, 0, 0, 6, 1377.84, 1764, 1510867
1604695974, 0, 421, 564, 448, 46, 2.69%, 0, 0, 6, 1374.08, 1764, 1517928
1604695980, 0, 421, 570, 454, 46, 2.69%, 0, 0, 6, 1352.43, 1764, 1524929
1604695995, 0, 421, 572, 456, 46, 2.69%, 0, 0, 6, 1324.00, 1764, 1545119
1604696000, 0, 421, 573, 457, 46, 2.69%, 0, 0, 6, 1334.39, 1764, 1551939
1604696005, 0, 423, 574, 456, 45, 2.69%, 0, 0, 6, 1367.42, 1764, 1558900
1604696010, 0, 423, 577, 459, 45, 2.69%, 0, 0, 6, 1367.24, 1764, 1565875
1604696020, 0, 426, 577, 457, 43, 2.69%, 0, 0, 6, 1364.72, 1764, 1579965
1604696025, 0, 427, 578, 457, 42, 2.69%, 0, 0, 6, 1332.14, 1764, 1586647
1604696031, 0, 428, 580, 458, 41, 2.69%, 0, 0, 6, 1351.86, 1764, 1593480
1604696036, 0, 429, 580, 457, 40, 2.69%, 0, 0, 6, 1380.62, 1764, 1600568
1604696041, 0, 431, 581, 456, 38, 2.69%, 0, 0, 6, 1359.02, 1764, 1607472
1604696046, 0, 432, 583, 457, 37, 2.69%, 0, 0, 6, 1329.44, 1764, 1614123
1604696051, 0, 433, 584, 457, 36, 2.69%, 0, 0, 6, 1349.05, 1764, 1620975
1604696056, 0, 434, 585, 457, 35, 2.69%, 0, 0, 6, 1379.38, 1764, 1628009
1604696061, 0, 436, 585, 455, 33, 2.69%, 0, 0, 6, 1372.93, 1764, 1634969
1604696066, 0, 437, 588, 457, 32, 2.69%, 0, 0, 6, 1371.43, 1764, 1641979
1604696071, 0, 438, 588, 456, 31, 2.69%, 0, 0, 6, 1327.59, 1764, 1648632
1604696076, 0, 439, 588, 455, 30, 2.69%, 0, 0, 6, 1332.01, 1764, 1655369
1604696081, 0, 446, 588, 453, 28, 2.69%, 0, 0, 6, 1362.99, 1764, 1662266
1604696086, 0, 466, 589, 452, 26, 2.69%, 0, 0, 6, 1369.13, 1764, 1669249
1604696096, 0, 469, 590, 451, 25, 2.73%, 0, 0, 6, 1346.48, 1790, 1682878
1604696102, 0, 469, 595, 456, 25, 2.75%, 0, 0, 6, 1375.71, 1799, 1689961
1604696112, 0, 469, 597, 458, 25, 2.75%, 0, 0, 6, 1374.76, 1800, 1704179
1604696122, 0, 470, 598, 458, 26, 2.75%, 0, 0, 6, 1353.34, 1803, 1717771
1604696127, 0, 472, 599, 457, 26, 2.78%, 0, 0, 6, 1346.98, 1819, 1724678
1604696132, 0, 474, 605, 461, 24, 2.78%, 0, 0, 7, 1362.20, 1820, 1731523
1604696137, 0, 474, 609, 465, 24, 2.78%, 0, 0, 7, 1351.85, 1820, 1738521
1604696153, 0, 474, 611, 467, 24, 2.78%, 0, 0, 7, 1385.12, 1823, 1759894
1604696158, 0, 485, 612, 467, 25, 2.78%, 0, 0, 7, 1345.39, 1823, 1766687
1604696163, 0, 499, 616, 469, 24, 2.79%, 0, 0, 7, 1330.72, 1828, 1773459
1604696168, 0, 499, 622, 475, 24, 2.79%, 0, 0, 7, 1347.88, 1830, 1780289
1604696173, 0, 499, 630, 483, 24, 2.79%, 0, 0, 7, 1368.26, 1830, 1787246
1604696178, 0, 499, 636, 489, 24, 2.79%, 0, 0, 7, 1371.31, 1830, 1794206
1604696183, 0, 499, 637, 490, 24, 2.79%, 0, 0, 7, 1364.90, 1830, 1801261
1604696188, 0, 499, 638, 491, 24, 2.79%, 0, 0, 7, 1321.63, 1830, 1807873
1604696193, 0, 502, 639, 491, 25, 2.79%, 0, 0, 7, 1341.75, 1830, 1814695
1604696199, 0, 509, 639, 488, 22, 2.79%, 0, 0, 7, 1374.10, 1830, 1821710
1604696204, 0, 511, 640, 487, 20, 2.87%, 0, 0, 7, 1343.61, 1879, 1828440
1604696209, 0, 528, 640, 486, 20, 2.87%, 0, 0, 7, 1388.60, 1879, 1835528
1604696214, 0, 528, 645, 491, 20, 3.07%, 0, 0, 7, 1364.02, 2011, 1842532
1604696219, 0, 528, 647, 493, 20, 3.07%, 0, 0, 7, 1379.11, 2012, 1849676
1604696234, 0, 529, 648, 493, 25, 3.08%, 0, 0, 7, 1383.46, 2019, 1871029
1604696239, 0, 542, 648, 492, 24, 3.08%, 0, 0, 7, 1390.36, 2019, 1878049
1604696250, 0, 542, 649, 493, 24, 3.08%, 0, 0, 7, 1396.04, 2019, 1892209
1604696255, 0, 545, 649, 492, 23, 3.08%, 0, 0, 7, 1397.68, 2019, 1899308
1604696265, 0, 545, 651, 494, 23, 3.08%, 0, 0, 7, 1335.29, 2019, 1913086
1604696270, 0, 545, 652, 495, 23, 3.08%, 0, 0, 7, 1352.86, 2019, 1919941
1604696275, 0, 548, 654, 496, 22, 3.18%, 0, 0, 7, 1363.07, 2083, 1926967
1604696285, 0, 548, 656, 498, 22, 3.18%, 0, 0, 7, 1393.70, 2085, 1941094
1604696290, 0, 548, 659, 501, 22, 3.18%, 0, 0, 7, 1387.75, 2086, 1948165
1604696295, 0, 548, 660, 502, 22, 3.18%, 0, 0, 7, 1379.49, 2086, 1955274
1604696306, 0, 548, 661, 503, 22, 3.18%, 0, 0, 7, 1356.59, 2087, 1969376
1604696311, 0, 565, 664, 505, 25, 3.18%, 0, 0, 7, 1338.77, 2087, 1976281
1604696321, 0, 565, 665, 506, 25, 3.18%, 0, 0, 7, 1386.08, 2087, 1990378
1604696331, 0, 565, 666, 507, 25, 3.18%, 0, 0, 7, 1381.74, 2087, 2004615
1604696336, 0, 583, 671, 511, 25, 3.18%, 0, 0, 7, 1393.91, 2087, 2011703
1604696342, 0, 583, 672, 512, 25, 3.18%, 0, 0, 7, 1383.77, 2087, 2018812
1604696362, 0, 590, 674, 512, 24, 3.18%, 0, 0, 7, 1390.39, 2087, 2047182
1604696367, 0, 590, 675, 513, 24, 3.18%, 0, 0, 7, 1396.17, 2087, 2054291
1604696372, 0, 590, 678, 516, 24, 3.19%, 0, 0, 7, 1384.02, 2088, 2061389
1604696388, 0, 598, 680, 516, 24, 3.19%, 0, 0, 7, 1391.78, 2088, 2082080
1604696393, 0, 603, 681, 516, 23, 3.20%, 0, 0, 7, 1370.06, 2098, 2089039
1604696398, 0, 603, 685, 520, 23, 3.20%, 0, 0, 8, 1379.59, 2098, 2096088
1604696403, 0, 603, 686, 521, 23, 3.20%, 0, 0, 8, 1384.79, 2098, 2103197
1604696408, 0, 603, 687, 522, 23, 3.20%, 0, 0, 8, 1373.44, 2098, 2110306
1604696418, 0, 609, 691, 525, 22, 3.25%, 0, 0, 8, 1287.13, 2130, 2124070
1604696423, 0, 609, 700, 534, 22, 3.29%, 0, 0, 8, 1310.75, 2153, 2130628
1604696428, 0, 619, 703, 536, 33, 3.29%, 0, 0, 8, 1349.32, 2153, 2137445
1604696433, 0, 619, 705, 538, 33, 3.29%, 0, 0, 8, 1381.48, 2153, 2144560
1604696439, 0, 619, 706, 539, 33, 3.29%, 0, 0, 8, 1385.67, 2153, 2151669
1604696454, 0, 636, 706, 537, 31, 3.29%, 0, 0, 8, 1380.90, 2153, 2173007
1604696464, 0, 639, 721, 551, 31, 3.38%, 0, 0, 8, 1315.50, 2213, 2186646
1604696469, 0, 639, 727, 557, 31, 3.39%, 0, 0, 8, 1333.10, 2222, 2193402
1604696474, 0, 639, 728, 558, 31, 3.39%, 0, 0, 8, 1341.91, 2222, 2200274
1604696479, 0, 639, 731, 561, 31, 3.39%, 0, 0, 8, 1347.96, 2223, 2207110
1604696485, 0, 639, 732, 562, 31, 3.39%, 0, 0, 8, 1342.60, 2223, 2213930
1604696490, 0, 642, 735, 564, 43, 3.40%, 0, 0, 8, 1376.20, 2228, 2220939
1604696495, 0, 642, 736, 565, 43, 3.40%, 0, 0, 8, 1386.84, 2228, 2228048
1604696505, 0, 643, 746, 574, 44, 3.41%, 0, 0, 8, 1371.12, 2234, 2242130
1604696510, 0, 643, 748, 576, 44, 3.42%, 0, 0, 8, 1331.91, 2240, 2248769
1604696515, 0, 643, 756, 584, 44, 3.44%, 0, 0, 8, 1350.95, 2257, 2255552
1604696520, 0, 643, 758, 586, 44, 3.44%, 0, 0, 8, 1382.74, 2257, 2262642
1604696530, 0, 643, 759, 587, 44, 3.44%, 0, 0, 8, 1331.42, 2257, 2276380
1604696535, 0, 643, 760, 588, 44, 3.44%, 0, 0, 8, 1354.04, 2257, 2283286
1604696540, 0, 644, 761, 588, 51, 3.44%, 0, 0, 8, 1389.68, 2257, 2290330
1604696546, 0, 646, 761, 587, 49, 3.44%, 0, 0, 8, 1394.31, 2257, 2297446
1604696551, 0, 653, 761, 586, 48, 3.44%, 0, 0, 8, 1396.09, 2257, 2304530
1604696556, 0, 653, 762, 587, 48, 3.46%, 0, 0, 8, 1405.66, 2266, 2311682
1604696561, 0, 653, 765, 590, 48, 3.46%, 0, 0, 8, 1384.56, 2266, 2318700
1604696566, 0, 653, 767, 592, 48, 3.48%, 0, 0, 8, 1336.85, 2279, 2325369
1604696571, 0, 653, 769, 594, 48, 3.48%, 0, 0, 8, 1357.59, 2280, 2332232
1604696581, 0, 653, 771, 596, 48, 3.49%, 0, 0, 8, 1383.67, 2284, 2346450
1604696586, 0, 655, 774, 598, 52, 3.49%, 0, 0, 8, 1395.67, 2286, 2353588
1604696591, 0, 655, 776, 600, 52, 3.49%, 0, 0, 8, 1356.36, 2288, 2360613
1604696596, 0, 655, 783, 607, 52, 3.49%, 0, 0, 8, 1352.44, 2288, 2367473
1604696602, 0, 655, 788, 612, 52, 3.49%, 0, 0, 8, 1362.34, 2290, 2374398
1604696607, 0, 655, 790, 614, 52, 3.50%, 0, 0, 8, 1362.97, 2292, 2381191
1604696612, 0, 655, 793, 617, 52, 3.50%, 0, 0, 8, 1355.15, 2292, 2388208
1604696617, 0, 655, 794, 618, 52, 3.63%, 0, 0, 8, 1342.77, 2377, 2394977
1604696622, 0, 661, 794, 617, 57, 3.63%, 0, 0, 8, 1372.26, 2377, 2401936
1604696627, 0, 661, 797, 620, 57, 3.63%, 0, 0, 8, 1343.77, 2377, 2408711
1604696637, 0, 672, 797, 619, 56, 3.63%, 0, 0, 8, 1374.24, 2377, 2422584
1604696642, 0, 674, 802, 623, 55, 3.63%, 0, 0, 8, 1394.21, 2379, 2429687
1604696647, 0, 680, 806, 625, 55, 3.64%, 0, 0, 8, 1391.53, 2386, 2436714
1604696652, 0, 680, 816, 635, 55, 4.02%, 0, 0, 8, 1342.45, 2636, 2443035
1604696657, 0, 680, 823, 642, 55, 4.12%, 0, 0, 8, 1320.95, 2701, 2449747
1604696663, 0, 680, 825, 644, 55, 4.15%, 0, 0, 8, 1346.08, 2719, 2456601
1604696668, 0, 680, 827, 646, 55, 4.21%, 0, 0, 8, 1373.84, 2758, 2463649
1604696673, 0, 680, 828, 647, 55, 4.21%, 0, 0, 8, 1365.08, 2761, 2470731
1604696678, 0, 688, 829, 647, 72, 4.24%, 0, 0, 8, 1311.82, 2776, 2477323
1604696683, 0, 688, 830, 648, 72, 4.24%, 0, 0, 9, 1355.18, 2776, 2484159
1604696688, 0, 689, 830, 647, 71, 4.24%, 0, 0, 9, 1375.49, 2776, 2491212
1604696693, 0, 689, 832, 649, 71, 4.24%, 0, 0, 9, 1381.73, 2776, 2498287
1604696698, 0, 690, 832, 648, 70, 4.24%, 0, 0, 9, 1388.62, 2776, 2505400
1604696709, 0, 691, 832, 647, 69, 4.24%, 0, 0, 9, 1326.22, 2776, 2518970
1604696714, 0, 691, 833, 648, 69, 4.24%, 0, 0, 9, 1372.27, 2776, 2525972
1604696719, 0, 692, 833, 647, 68, 4.24%, 0, 0, 9, 1371.41, 2776, 2533036
1604696724, 0, 693, 834, 647, 67, 4.24%, 0, 0, 9, 1382.54, 2776, 2540113
1604696734, 0, 694, 834, 646, 66, 4.24%, 0, 0, 9, 1368.50, 2776, 2554002
1604696739, 0, 695, 835, 646, 65, 4.24%, 0, 0, 9, 1381.86, 2776, 2561093
1604696749, 0, 696, 836, 646, 64, 4.24%, 0, 0, 9, 1375.82, 2776, 2575097
1604696760, 0, 697, 836, 645, 63, 4.24%, 0, 0, 9, 1401.02, 2776, 2589164
1604696765, 0, 698, 837, 645, 62, 4.24%, 0, 0, 9, 1393.47, 2776, 2596424
1604696775, 0, 699, 838, 645, 61, 4.24%, 0, 0, 9, 1362.70, 2776, 2610167
1604696780, 0, 699, 839, 646, 61, 4.24%, 0, 0, 9, 1371.63, 2776, 2617223
1604696785, 0, 704, 839, 645, 60, 4.24%, 0, 0, 9, 1382.10, 2776, 2624313
1604696790, 0, 704, 840, 646, 60, 4.24%, 0, 0, 9, 1353.74, 2776, 2631299
1604696795, 0, 706, 840, 645, 60, 4.24%, 0, 0, 9, 1380.17, 2776, 2638398
1604696801, 0, 708, 841, 645, 59, 4.24%, 0, 0, 9, 1349.37, 2776, 2645223
1604696806, 0, 708, 843, 647, 59, 4.24%, 0, 0, 9, 1348.17, 2776, 2652140
1604696811, 0, 710, 843, 646, 58, 4.24%, 0, 0, 9, 1360.02, 2776, 2659072
1604696816, 0, 711, 843, 645, 57, 4.24%, 0, 0, 9, 1369.11, 2776, 2666151
1604696821, 0, 715, 843, 644, 56, 4.24%, 0, 0, 9, 1354.02, 2776, 2673167
1604696826, 0, 715, 845, 646, 56, 4.24%, 0, 0, 9, 1362.40, 2776, 2680174
1604696831, 0, 715, 846, 647, 56, 4.24%, 0, 0, 9, 1372.32, 2777, 2687283
1604696842, 0, 716, 846, 646, 56, 4.24%, 0, 0, 9, 1374.08, 2777, 2701409
1604696847, 0, 718, 847, 646, 55, 4.24%, 0, 0, 9, 1382.19, 2777, 2708469
1604696852, 0, 719, 847, 645, 54, 4.24%, 0, 0, 9, 1386.18, 2777, 2715603
1604696857, 0, 720, 847, 644, 53, 4.24%, 0, 0, 9, 1381.72, 2777, 2722634
1604696862, 0, 724, 847, 643, 52, 4.24%, 0, 0, 9, 1373.74, 2777, 2729736
1604696867, 0, 724, 850, 646, 52, 4.24%, 0, 0, 9, 1363.74, 2777, 2736533
1604696877, 0, 724, 851, 647, 52, 4.24%, 0, 0, 9, 1374.89, 2777, 2750608
1604696883, 0, 730, 852, 647, 51, 4.24%, 0, 0, 9, 1360.39, 2777, 2757525
1604696888, 0, 733, 852, 646, 50, 4.24%, 0, 0, 9, 1379.63, 2777, 2764594
1604696893, 0, 733, 853, 647, 50, 4.24%, 0, 0, 9, 1382.88, 2777, 2771656
1604696898, 0, 736, 853, 646, 49, 4.24%, 0, 0, 9, 1367.97, 2777, 2778708
1604696908, 0, 736, 854, 647, 49, 4.24%, 0, 0, 9, 1374.93, 2777, 2792887
1604696913, 0, 737, 854, 646, 48, 4.24%, 0, 0, 9, 1396.53, 2777, 2799998
1604696918, 0, 737, 855, 647, 48, 4.24%, 0, 0, 9, 1382.61, 2778, 2807033
1604696924, 0, 738, 855, 646, 50, 4.24%, 0, 0, 9, 1351.95, 2778, 2813979
1604696934, 0, 743, 856, 646, 49, 4.24%, 0, 0, 9, 1360.74, 2778, 2827981
1604696949, 0, 744, 857, 646, 48, 4.24%, 0, 0, 9, 1364.67, 2778, 2849024
1604696964, 0, 744, 859, 648, 48, 4.24%, 0, 0, 9, 1362.32, 2778, 2869892
1604696970, 0, 744, 860, 649, 48, 4.24%, 0, 0, 9, 1372.10, 2778, 2876893
1604696980, 0, 746, 860, 648, 48, 4.24%, 0, 0, 9, 1367.20, 2778, 2890821
1604696990, 0, 746, 861, 649, 48, 4.25%, 0, 0, 9, 1360.01, 2786, 2904724
1604696995, 0, 748, 861, 648, 48, 4.25%, 0, 0, 9, 1364.16, 2786, 2911728
1604697005, 0, 750, 861, 647, 47, 4.25%, 0, 0, 9, 1361.19, 2786, 2925720
1604697016, 0, 750, 862, 648, 47, 4.25%, 0, 0, 9, 1368.14, 2786, 2939708
1604697021, 0, 754, 863, 648, 47, 4.25%, 0, 0, 9, 1362.14, 2786, 2946675
1604697036, 0, 761, 863, 647, 46, 4.25%, 0, 0, 9, 1343.92, 2786, 2967579
1604697041, 0, 761, 865, 649, 46, 4.26%, 0, 0, 9, 1311.98, 2791, 2974356
1604697046, 0, 761, 870, 654, 46, 4.26%, 0, 0, 9, 1322.19, 2794, 2980990
1604697051, 0, 761, 873, 657, 46, 4.26%, 0, 0, 9, 1301.64, 2795, 2987696
1604697062, 0, 761, 875, 659, 46, 4.27%, 0, 0, 9, 1354.06, 2796, 3001416
1604697067, 0, 762, 875, 658, 48, 4.27%, 0, 0, 9, 1370.56, 2796, 3008463
1604697077, 0, 763, 875, 657, 47, 4.27%, 0, 0, 9, 1389.58, 2796, 3022658
1604697092, 0, 768, 875, 656, 46, 4.27%, 0, 0, 9, 1341.05, 2796, 3043676
1604697102, 0, 769, 875, 655, 45, 4.27%, 0, 0, 9, 1331.51, 2796, 3056938
1604697113, 0, 769, 876, 656, 45, 4.27%, 0, 0, 9, 1287.97, 2796, 3070129
1604697118, 0, 774, 876, 655, 44, 4.27%, 0, 0, 9, 1349.90, 2796, 3077170
1604697128, 0, 774, 878, 657, 44, 4.27%, 0, 0, 9, 1385.27, 2796, 3091348
1604697133, 0, 774, 879, 658, 44, 4.27%, 0, 0, 9, 1375.52, 2796, 3098457
1604697149, 0, 775, 879, 657, 44, 4.27%, 0, 0, 9, 1325.02, 2796, 3119595
1604697159, 0, 779, 880, 657, 44, 4.27%, 0, 0, 9, 1341.81, 2797, 3133135
1604697169, 0, 779, 882, 659, 44, 4.27%, 0, 0, 9, 1358.76, 2800, 3146917
1604697174, 0, 779, 883, 660, 44, 4.27%, 0, 0, 9, 1357.86, 2800, 3153810
1604697179, 0, 779, 885, 662, 44, 4.27%, 0, 0, 9, 1379.23, 2800, 3160900
1604697184, 0, 788, 885, 661, 42, 4.27%, 0, 0, 9, 1365.39, 2800, 3167899
1604697200, 0, 793, 885, 660, 41, 4.27%, 0, 0, 9, 1309.13, 2800, 3187927
1604697205, 0, 793, 886, 661, 41, 4.28%, 0, 0, 9, 1305.83, 2802, 3194476
1604697210, 0, 793, 889, 664, 41, 4.32%, 0, 0, 9, 1311.67, 2834, 3201176
1604697215, 0, 793, 892, 667, 41, 4.33%, 0, 0, 9, 1339.93, 2836, 3208012
1604697220, 0, 793, 893, 668, 41, 4.33%, 0, 0, 9, 1350.84, 2836, 3214813
1604697225, 0, 800, 893, 667, 45, 4.33%, 0, 0, 9, 1362.38, 2836, 3221679
1604697230, 0, 800, 898, 672, 45, 4.33%, 0, 0, 9, 1369.92, 2836, 3228755
1604697241, 0, 800, 899, 673, 45, 4.33%, 0, 0, 9, 1384.11, 2836, 3242992
1604697246, 0, 801, 901, 674, 44, 4.33%, 0, 0, 9, 1377.12, 2837, 3250063
1604697251, 0, 801, 903, 676, 44, 4.33%, 0, 0, 9, 1383.42, 2837, 3257180
1604697266, 0, 804, 903, 675, 44, 4.33%, 0, 0, 9, 1382.76, 2837, 3278480
1604697271, 0, 804, 904, 676, 44, 4.33%, 0, 0, 9, 1370.62, 2839, 3285452
1604697276, 0, 805, 905, 676, 44, 4.34%, 0, 0, 9, 1332.89, 2841, 3292116
1604697281, 0, 806, 906, 676, 44, 4.35%, 0, 0, 9, 1349.18, 2853, 3298949
1604697287, 0, 806, 908, 678, 44, 4.36%, 0, 0, 9, 1333.14, 2859, 3305643
1604697292, 0, 810, 917, 686, 45, 4.37%, 0, 0, 9, 1302.51, 2864, 3312416
1604697297, 0, 811, 918, 686, 48, 4.37%, 0, 0, 9, 1334.66, 2866, 3319254
1604697302, 0, 811, 919, 687, 48, 4.39%, 0, 0, 9, 1311.27, 2877, 3325816
1604697307, 0, 811, 920, 688, 48, 4.39%, 0, 0, 9, 1359.84, 2877, 3332743
1604697312, 0, 811, 921, 689, 48, 4.39%, 0, 0, 9, 1362.14, 2877, 3339636
1604697322, 0, 812, 922, 689, 47, 4.39%, 0, 0, 9, 1339.45, 2877, 3353366
1604697327, 0, 812, 928, 695, 47, 4.43%, 0, 0, 9, 1338.18, 2903, 3360057
1604697332, 0, 813, 931, 697, 50, 4.44%, 0, 0, 9, 1282.64, 2908, 3366623
1604697337, 0, 813, 932, 698, 50, 4.44%, 0, 0, 9, 1266.46, 2908, 3372845
1604697342, 0, 813, 935, 701, 50, 4.44%, 0, 0, 9, 1286.43, 2913, 3379345
1604697347, 0, 813, 936, 702, 50, 4.45%, 0, 0, 9, 1330.52, 2915, 3386052
1604697352, 0, 813, 940, 706, 50, 4.45%, 0, 0, 9, 1350.38, 2917, 3392870
1604697357, 0, 814, 944, 709, 53, 4.47%, 0, 0, 9, 1300.03, 2927, 3399289
1604697363, 0, 814, 946, 711, 53, 4.47%, 0, 0, 9, 1252.00, 2927, 3405540
1604697368, 0, 814, 951, 716, 53, 4.50%, 0, 0, 9, 1305.90, 2951, 3412396
1604697373, 0, 814, 952, 717, 53, 4.50%, 0, 0, 9, 1294.10, 2951, 3419055
1604697378, 0, 814, 953, 718, 53, 4.50%, 0, 0, 9, 1340.74, 2951, 3425880
1604697383, 0, 815, 954, 718, 58, 4.50%, 0, 0, 9, 1313.38, 2951, 3432500
1604697388, 0, 816, 954, 717, 57, 4.50%, 0, 0, 9, 1328.04, 2951, 3439223
1604697393, 0, 816, 955, 718, 57, 4.51%, 0, 0, 9, 1275.32, 2953, 3445580
1604697398, 0, 817, 955, 717, 57, 4.51%, 0, 0, 9, 1256.46, 2953, 3451932
1604697403, 0, 819, 974, 735, 56, 4.57%, 0, 0, 9, 1281.89, 2993, 3458524
1604697408, 0, 819, 983, 744, 56, 4.57%, 0, 0, 9, 1257.10, 2995, 3464947
1604697414, 0, 819, 995, 756, 56, 4.57%, 0, 0, 9, 1322.01, 2995, 3471849
1604697419, 0, 819, 1001, 762, 56, 4.60%, 0, 0, 9, 1327.74, 3016, 3478631
1604697424, 0, 819, 1002, 763, 56, 4.60%, 0, 0, 9, 1329.72, 3016, 3485399
1604697429, 0, 821, 1004, 764, 68, 4.61%, 0, 0, 9, 1321.62, 3019, 3492160
1604697434, 0, 821, 1005, 765, 68, 4.61%, 0, 0, 9, 1308.47, 3019, 3498897
1604697439, 0, 821, 1006, 766, 68, 4.61%, 0, 0, 9, 1336.40, 3019, 3505691
1604697444, 0, 821, 1007, 767, 68, 4.61%, 0, 0, 9, 1345.97, 3019, 3512537
1604697454, 0, 824, 1008, 767, 67, 4.61%, 0, 0, 9, 1308.90, 3019, 3525858
1604697459, 0, 826, 1009, 767, 67, 4.61%, 0, 0, 9, 1307.40, 3021, 3532622
1604697465, 0, 826, 1011, 769, 67, 4.62%, 0, 0, 9, 1297.83, 3029, 3539116
1604697470, 0, 827, 1011, 768, 68, 4.62%, 0, 0, 9, 1305.64, 3029, 3545949
1604697475, 0, 827, 1012, 769, 68, 4.63%, 0, 0, 9, 1328.86, 3036, 3552719
1604697480, 0, 828, 1012, 768, 68, 4.63%, 0, 0, 9, 1242.21, 3036, 3559056
1604697485, 0, 845, 1012, 767, 67, 4.63%, 0, 0, 9, 1330.39, 3036, 3566004
1604697490, 0, 848, 1012, 766, 66, 4.63%, 0, 0, 9, 1340.51, 3036, 3572848
1604697495, 0, 854, 1012, 765, 65, 4.63%, 0, 0, 9, 1361.07, 3036, 3579749
1604697511, 0, 857, 1013, 765, 64, 4.63%, 0, 0, 10, 1370.16, 3036, 3600719
1604697521, 0, 860, 1013, 764, 63, 4.63%, 0, 0, 10, 1358.48, 3036, 3614393
1604697536, 0, 861, 1014, 764, 62, 4.63%, 0, 0, 10, 1364.26, 3036, 3635320
1604697551, 0, 862, 1014, 763, 61, 4.63%, 0, 0, 10, 1352.37, 3036, 3655805
1604697561, 0, 862, 1015, 764, 61, 4.63%, 0, 0, 10, 1367.01, 3036, 3669644
1604697566, 0, 864, 1018, 766, 60, 4.68%, 0, 0, 10, 1292.51, 3066, 3676298
1604697577, 0, 865, 1018, 765, 59, 4.68%, 0, 0, 10, 1283.34, 3066, 3689099
1604697582, 0, 865, 1019, 766, 59, 4.68%, 0, 0, 10, 1297.71, 3067, 3695687
1604697587, 0, 870, 1019, 765, 59, 4.68%, 0, 0, 10, 1316.79, 3067, 3702336
1604697597, 0, 873, 1019, 764, 58, 4.68%, 0, 0, 10, 1308.96, 3067, 3715343
1604697602, 0, 877, 1019, 763, 57, 4.68%, 0, 0, 10, 1369.68, 3067, 3722278
1604697612, 0, 877, 1021, 765, 57, 4.68%, 0, 0, 10, 1372.55, 3067, 3736359
1604697617, 0, 877, 1022, 766, 57, 4.68%, 0, 0, 10, 1330.21, 3067, 3743018
1604697632, 0, 880, 1022, 765, 56, 4.68%, 0, 0, 10, 1362.62, 3067, 3763526
1604697637, 0, 881, 1023, 765, 55, 4.70%, 0, 0, 10, 1314.28, 3083, 3770252
1604697647, 0, 881, 1025, 767, 55, 4.73%, 0, 0, 10, 1264.88, 3098, 3783046
1604697653, 0, 881, 1027, 769, 55, 4.73%, 0, 0, 10, 1308.63, 3098, 3789694
1604697658, 0, 881, 1029, 771, 55, 4.73%, 0, 0, 10, 1342.95, 3098, 3796574
1604697663, 0, 881, 1031, 773, 55, 4.73%, 0, 0, 10, 1336.96, 3098, 3803428
1604697668, 0, 882, 1031, 772, 57, 4.73%, 0, 0, 10, 1268.12, 3098, 3809921
1604697678, 0, 885, 1031, 771, 56, 4.73%, 0, 0, 10, 1331.12, 3098, 3823174
1604697683, 0, 885, 1032, 772, 56, 4.73%, 0, 0, 10, 1280.48, 3099, 3829590
1604697693, 0, 885, 1033, 773, 56, 4.73%, 0, 0, 10, 1337.80, 3100, 3842886
1604697698, 0, 886, 1039, 778, 57, 4.76%, 0, 0, 10, 1343.63, 3119, 3849705
1604697703, 0, 886, 1042, 781, 57, 4.78%, 0, 0, 10, 1358.90, 3131, 3856665
1604697709, 0, 886, 1045, 784, 57, 4.79%, 0, 0, 10, 1364.98, 3142, 3863756
1604697714, 0, 886, 1047, 786, 57, 4.81%, 0, 0, 10, 1355.95, 3150, 3870819
1604697724, 0, 887, 1048, 786, 65, 4.81%, 0, 0, 10, 1347.23, 3151, 3884857
1604697729, 0, 888, 1049, 786, 64, 4.81%, 0, 0, 10, 1306.25, 3152, 3891460
1604697734, 0, 888, 1050, 787, 64, 4.81%, 0, 0, 10, 1263.82, 3153, 3897967
1604697744, 0, 889, 1051, 787, 65, 4.81%, 0, 0, 10, 1260.84, 3154, 3910876
1604697760, 0, 890, 1051, 786, 65, 4.81%, 0, 0, 10, 1293.99, 3154, 3929981
1604697780, 0, 904, 1051, 784, 63, 4.81%, 0, 0, 10, 1300.80, 3154, 3955695
1604697791, 0, 905, 1056, 788, 62, 4.82%, 0, 0, 10, 1268.28, 3161, 3968950
1604697801, 0, 905, 1059, 791, 62, 4.82%, 0, 0, 10, 1279.42, 3161, 3981742
1604697806, 0, 905, 1064, 796, 62, 4.82%, 0, 0, 10, 1287.11, 3162, 3988307
1604697811, 0, 905, 1065, 797, 62, 4.82%, 0, 0, 10, 1380.73, 3162, 3995226
1604697816, 0, 908, 1066, 797, 64, 4.82%, 0, 0, 10, 1391.94, 3162, 4002313
1604697821, 0, 909, 1067, 797, 65, 4.84%, 0, 0, 10, 1392.26, 3171, 4009429
1604697831, 0, 911, 1067, 796, 64, 4.84%, 0, 0, 10, 1399.21, 3171, 4023877
1604697837, 0, 913, 1067, 795, 64, 4.84%, 0, 0, 10, 1407.23, 3171, 4031274
1604697842, 0, 915, 1067, 794, 63, 4.84%, 0, 0, 10, 1422.82, 3171, 4038655
1604697852, 0, 917, 1067, 793, 62, 4.84%, 0, 0, 10, 1393.03, 3171, 4052967
1604697857, 0, 921, 1067, 792, 61, 4.84%, 0, 0, 10, 1378.96, 3171, 4059955
1604697862, 0, 923, 1067, 791, 60, 4.84%, 0, 0, 10, 1439.59, 3171, 4067217
1604697872, 0, 924, 1067, 790, 59, 4.84%, 0, 0, 10, 1384.79, 3171, 4081364
1604697877, 0, 925, 1067, 789, 58, 4.84%, 0, 0, 10, 1416.55, 3171, 4088521
1604697882, 0, 925, 1070, 792, 58, 4.84%, 0, 0, 10, 1459.68, 3175, 4095813
1604697887, 0, 929, 1070, 791, 59, 4.84%, 0, 0, 10, 1400.90, 3175, 4102793
1604697892, 0, 930, 1070, 790, 58, 4.84%, 0, 0, 10, 1405.70, 3175, 4110181
1604697897, 0, 937, 1071, 790, 57, 4.84%, 0, 0, 10, 1416.40, 3175, 4117292
1604697908, 0, 942, 1072, 790, 57, 4.85%, 0, 0, 10, 1412.28, 3180, 4131770
1604697918, 0, 946, 1074, 791, 57, 4.86%, 0, 0, 10, 1370.49, 3184, 4145562
1604697923, 0, 946, 1076, 793, 57, 4.86%, 0, 0, 10, 1411.70, 3185, 4152725
1604697928, 0, 946, 1080, 797, 57, 4.87%, 0, 0, 10, 1466.45, 3190, 4160169
1604697933, 0, 946, 1081, 798, 57, 4.87%, 0, 0, 10, 1473.77, 3190, 4167746
1604697938, 0, 948, 1082, 798, 63, 4.87%, 0, 0, 10, 1468.09, 3190, 4175321
1604697948, 0, 950, 1082, 797, 62, 4.87%, 0, 0, 10, 1434.87, 3190, 4189743
1604697953, 0, 950, 1083, 798, 62, 4.87%, 0, 0, 10, 1426.44, 3190, 4196947
1604697958, 0, 952, 1083, 797, 61, 4.87%, 0, 0, 10, 1432.26, 3190, 4204215
1604697964, 0, 954, 1083, 796, 60, 4.87%, 0, 0, 10, 1440.01, 3190, 4211713
1604697974, 0, 958, 1085, 797, 59, 4.88%, 0, 0, 10, 1404.85, 3200, 4226342
1604697979, 0, 959, 1089, 800, 60, 4.89%, 0, 0, 10, 1402.91, 3205, 4233660
1604697984, 0, 959, 1090, 801, 60, 4.89%, 0, 0, 10, 1404.83, 3206, 4240709
1604697989, 0, 961, 1093, 803, 64, 4.90%, 0, 0, 10, 1434.63, 3210, 4248257
1604697999, 0, 961, 1095, 805, 64, 4.90%, 0, 0, 10, 1410.61, 3210, 4262543
1604698005, 0, 961, 1096, 806, 64, 4.90%, 0, 0, 10, 1443.90, 3210, 4269915
1604698010, 0, 961, 1097, 807, 64, 4.90%, 0, 0, 10, 1448.39, 3210, 4277203
1604698015, 0, 963, 1098, 807, 65, 4.90%, 0, 0, 10, 1396.94, 3210, 4284185
1604698020, 0, 963, 1100, 809, 65, 4.94%, 0, 0, 10, 1409.15, 3236, 4291421
1604698030, 0, 964, 1100, 808, 66, 4.94%, 0, 0, 10, 1392.57, 3236, 4306015
1604698035, 0, 964, 1101, 809, 66, 4.94%, 0, 0, 10, 1409.72, 3236, 4313047
1604698040, 0, 965, 1101, 808, 65, 4.94%, 0, 0, 10, 1381.15, 3236, 4320258
1604698045, 0, 965, 1103, 810, 65, 4.94%, 0, 0, 10, 1414.61, 3236, 4327443
1604698050, 0, 965, 1104, 811, 65, 4.94%, 0, 0, 10, 1440.02, 3236, 4334815
1604698055, 0, 965, 1105, 812, 65, 4.94%, 0, 0, 10, 1460.28, 3236, 4342277
1604698061, 0, 967, 1106, 812, 64, 4.94%, 0, 0, 10, 1439.03, 3236, 4349637
1604698066, 0, 967, 1107, 813, 64, 4.94%, 0, 0, 10, 1401.21, 3236, 4356805
1604698071, 0, 970, 1107, 812, 64, 4.94%, 0, 0, 10, 1398.88, 3236, 4364135
1604698081, 0, 971, 1107, 811, 63, 4.94%, 0, 0, 10, 1371.69, 3236, 4378277
1604698086, 0, 971, 1108, 812, 63, 4.94%, 0, 0, 10, 1415.78, 3236, 4385437
1604698105, 0, 974, 1108, 811, 62, 4.94%, 0, 0, 10, 1284.18, 3236, 4393281
1604698111, 0, 997, 1114, 816, 61, 4.94%, 0, 0, 10, 1303.54, 3236, 4400001
1604698121, 0, 997, 1116, 818, 61, 4.94%, 0, 0, 10, 1344.74, 3236, 4413487
1604698126, 0, 1008, 1116, 817, 60, 4.94%, 0, 0, 10, 1349.38, 3236, 4420499
1604698131, 0, 1008, 1117, 818, 60, 4.94%, 0, 0, 10, 1283.69, 3240, 4427065
1604698136, 0, 1009, 1118, 818, 61, 4.95%, 0, 0, 10, 1310.41, 3245, 4433729
1604698147, 0, 1011, 1119, 818, 60, 4.96%, 0, 0, 10, 1311.23, 3252, 4447425
1604698152, 0, 1017, 1119, 817, 60, 4.96%, 0, 0, 10, 1285.93, 3252, 4453914
1604698167, 0, 1018, 1120, 817, 59, 4.97%, 0, 0, 11, 1306.74, 3254, 4473438
1604698177, 0, 1022, 1127, 823, 59, 4.98%, 0, 0, 11, 1341.75, 3266, 4487002
1604698182, 0, 1022, 1128, 824, 59, 4.99%, 0, 0, 11, 1357.84, 3268, 4493912
1604698187, 0, 1024, 1128, 823, 62, 4.99%, 0, 0, 11, 1329.98, 3268, 4500674
1604698197, 0, 1024, 1129, 824, 62, 4.99%, 0, 0, 11, 1284.14, 3271, 4513614
1604698202, 0, 1031, 1129, 823, 62, 4.99%, 0, 0, 11, 1251.24, 3271, 4519872
1604698213, 0, 1032, 1129, 822, 61, 4.99%, 0, 0, 11, 1308.99, 3271, 4533120
1604698233, 0, 1033, 1129, 821, 60, 4.99%, 0, 0, 11, 1350.02, 3271, 4559616
1604698243, 0, 1034, 1129, 820, 59, 4.99%, 0, 0, 11, 1367.39, 3271, 4573438
1604698248, 0, 1034, 1130, 821, 59, 5.00%, 0, 0, 11, 1359.40, 3274, 4580485
1604698253, 0, 1038, 1130, 820, 59, 5.00%, 0, 0, 11, 1355.68, 3274, 4587500
1604698269, 0, 1040, 1130, 819, 58, 5.00%, 0, 0, 11, 1343.78, 3274, 4607644
1604698284, 0, 1041, 1135, 823, 57, 5.01%, 0, 0, 11, 1344.00, 3286, 4627994
1604698289, 0, 1041, 1136, 824, 57, 5.02%, 0, 0, 11, 1353.02, 3288, 4634827
1604698294, 0, 1041, 1140, 828, 57, 5.02%, 0, 0, 11, 1366.62, 3288, 4641755
1604698299, 0, 1041, 1141, 829, 57, 5.02%, 0, 0, 11, 1360.06, 3291, 4648729
1604698310, 0, 1043, 1142, 829, 63, 5.02%, 0, 0, 11, 1321.86, 3291, 4662644
1604698325, 0, 1044, 1142, 828, 62, 5.02%, 0, 0, 11, 1356.03, 3291, 4683031
1604698330, 0, 1044, 1143, 829, 62, 5.04%, 0, 0, 11, 1357.44, 3300, 4689834
1604698335, 0, 1044, 1144, 830, 62, 5.04%, 0, 0, 11, 1354.23, 3300, 4696666
1604698340, 0, 1044, 1146, 832, 62, 5.04%, 0, 0, 11, 1367.74, 3303, 4703675
1604698350, 0, 1046, 1146, 831, 63, 5.04%, 0, 0, 11, 1350.18, 3303, 4717426
1604698355, 0, 1046, 1149, 834, 63, 5.04%, 0, 0, 11, 1312.34, 3303, 4724089
1604698360, 0, 1046, 1150, 835, 63, 5.05%, 0, 0, 11, 1299.71, 3307, 4730587
1604698365, 0, 1047, 1151, 835, 64, 5.05%, 0, 0, 11, 1324.75, 3308, 4737288
1604698370, 0, 1048, 1151, 834, 63, 5.05%, 0, 0, 11, 1353.48, 3308, 4744049
1604698386, 0, 1049, 1151, 833, 62, 5.05%, 0, 0, 11, 1283.78, 3308, 4763925
1604698401, 0, 1050, 1151, 832, 61, 5.05%, 0, 0, 11, 1288.45, 3308, 4783798
1604698417, 0, 1052, 1151, 831, 60, 5.05%, 0, 0, 11, 1304.12, 3308, 4803764
1604698427, 0, 1052, 1153, 833, 60, 5.05%, 0, 0, 11, 1319.71, 3308, 4817002
1604698437, 0, 1054, 1154, 833, 59, 5.05%, 0, 0, 11, 1271.35, 3310, 4829862
1604698447, 0, 1055, 1154, 832, 59, 5.05%, 0, 0, 11, 1289.02, 3310, 4842960
1604698457, 0, 1064, 1157, 834, 58, 5.05%, 0, 0, 11, 1299.22, 3312, 4856110
1604698467, 0, 1064, 1163, 840, 58, 5.05%, 0, 0, 11, 1328.77, 3312, 4869337
1604698472, 0, 1064, 1164, 841, 58, 5.05%, 0, 0, 11, 1332.34, 3312, 4876183
1604698477, 0, 1064, 1166, 843, 58, 5.05%, 0, 0, 11, 1335.42, 3312, 4883011
1604698483, 0, 1066, 1166, 842, 58, 5.05%, 0, 0, 11, 1327.59, 3312, 4889834
1604698493, 0, 1067, 1166, 841, 57, 5.05%, 0, 0, 11, 1310.72, 3312, 4903042
1604698498, 0, 1068, 1167, 841, 56, 5.05%, 0, 0, 11, 1328.12, 3312, 4909712
1604698503, 0, 1068, 1168, 842, 56, 5.05%, 0, 0, 11, 1301.38, 3312, 4916201
1604698508, 0, 1069, 1168, 841, 55, 5.05%, 0, 0, 11, 1314.59, 3312, 4922847
1604698518, 0, 1070, 1168, 840, 54, 5.05%, 0, 0, 11, 1261.56, 3312, 4935734
1604698528, 0, 1071, 1169, 840, 53, 5.06%, 0, 0, 11, 1275.23, 3316, 4948974
1604698538, 0, 1072, 1170, 840, 53, 5.06%, 0, 0, 11, 1287.96, 3318, 4962106
1604698543, 0, 1072, 1171, 841, 53, 5.06%, 0, 0, 11, 1304.17, 3318, 4968739
1604698548, 0, 1072, 1173, 843, 53, 5.06%, 0, 0, 11, 1339.82, 3318, 4975619
1604698558, 0, 1072, 1174, 844, 53, 5.06%, 0, 0, 11, 1298.96, 3318, 4988762
1604698564, 0, 1073, 1174, 843, 53, 5.06%, 0, 0, 11, 1278.41, 3318, 4995248
1604698574, 0, 1073, 1177, 846, 53, 5.07%, 0, 0, 11, 1334.79, 3322, 5008624
1604698579, 0, 1073, 1178, 847, 53, 5.07%, 0, 0, 11, 1334.93, 3322, 5015496
1604698584, 0, 1073, 1180, 849, 53, 5.07%, 0, 0, 11, 1347.37, 3322, 5022350
1604698589, 0, 1075, 1183, 851, 53, 5.07%, 0, 0, 11, 1306.97, 3322, 5028884
1604698594, 0, 1075, 1184, 852, 53, 5.07%, 0, 0, 11, 1278.90, 3322, 5035301
1604698599, 0, 1075, 1186, 854, 53, 5.07%, 0, 0, 11, 1305.64, 3322, 5041885
1604698604, 0, 1075, 1191, 859, 53, 5.07%, 0, 0, 11, 1318.20, 3322, 5048659
1604698609, 0, 1075, 1192, 860, 53, 5.07%, 0, 0, 11, 1326.33, 3322, 5055505
1604698619, 0, 1076, 1192, 859, 52, 5.07%, 0, 0, 11, 1284.27, 3322, 5068829
1604698625, 0, 1076, 1193, 860, 52, 5.07%, 0, 0, 11, 1291.67, 3322, 5075425
1604698630, 0, 1077, 1193, 859, 51, 5.07%, 0, 0, 11, 1314.37, 3322, 5082152
1604698640, 0, 1078, 1193, 858, 50, 5.07%, 0, 0, 11, 1302.99, 3322, 5095205
1604698650, 0, 1082, 1193, 857, 49, 5.07%, 0, 0, 11, 1298.88, 3322, 5108174
1604698660, 0, 1083, 1194, 857, 48, 5.07%, 0, 0, 11, 1262.46, 3324, 5121058
1604698670, 0, 1084, 1194, 856, 48, 5.07%, 0, 0, 11, 1243.67, 3324, 5133678
1604698680, 0, 1085, 1194, 855, 47, 5.07%, 0, 0, 11, 1256.75, 3324, 5146470
1604698690, 0, 1086, 1195, 855, 46, 5.07%, 0, 0, 11, 1250.89, 3324, 5159410
1604698701, 0, 1087, 1196, 855, 45, 5.07%, 0, 0, 11, 1243.93, 3324, 5172125
1604698706, 0, 1087, 1197, 856, 45, 5.08%, 0, 0, 11, 1265.23, 3331, 5178393
1604698711, 0, 1089, 1197, 855, 45, 5.08%, 0, 0, 11, 1263.33, 3331, 5185055
1604698721, 0, 1090, 1199, 856, 44, 5.09%, 0, 0, 11, 1295.16, 3334, 5198065
1604698731, 0, 1090, 1201, 858, 44, 5.10%, 0, 0, 11, 1302.43, 3341, 5211236
1604698736, 0, 1091, 1201, 857, 45, 5.10%, 0, 0, 11, 1247.67, 3341, 5217481
1604698746, 0, 1092, 1201, 856, 44, 5.10%, 0, 0, 11, 1250.61, 3341, 5230114
1604698752, 0, 1098, 1202, 856, 43, 5.11%, 0, 0, 11, 1268.25, 3348, 5236710
1604698757, 0, 1098, 1206, 860, 43, 5.11%, 0, 0, 11, 1247.98, 3351, 5243169
1604698762, 0, 1103, 1206, 859, 44, 5.11%, 0, 0, 11, 1268.02, 3351, 5249506
1604699170, 0, 1106, 1206, 858, 43, 5.11%, 0, 0, 11, 0.06, 3351, 5262067
1604699180, 0, 1112, 1206, 857, 42, 5.11%, 0, 0, 11, 1218.01, 3351, 5274620
1604699190, 0, 1116, 1206, 856, 41, 5.11%, 0, 0, 11, 1243.77, 3351, 5287198
1604699200, 0, 1117, 1206, 855, 40, 5.11%, 0, 0, 11, 1225.62, 3351, 5299874
1604699210, 0, 1117, 1208, 857, 40, 5.12%, 0, 0, 11, 1280.77, 3353, 5312684
1604699215, 0, 1117, 1209, 858, 40, 5.12%, 0, 0, 11, 1316.43, 3355, 5319388
1604699226, 0, 1118, 1209, 857, 41, 5.12%, 0, 0, 11, 1254.61, 3355, 5332540
1604699236, 0, 1119, 1209, 856, 40, 5.12%, 0, 0, 11, 1303.31, 3355, 5345644
1604699246, 0, 1120, 1209, 855, 39, 5.12%, 0, 0, 11, 1279.93, 3355, 5358388
1604699758, 0, 1121, 1213, 858, 38, 5.13%, 0, 0, 12, 1352.10, 3364, 5374418
1604699764, 0, 1121, 1216, 861, 38, 5.14%, 0, 0, 12, 1354.51, 3371, 5381268
1604699774, 0, 1122, 1216, 860, 44, 5.14%, 0, 0, 12, 1351.09, 3371, 5394961
1604699784, 0, 1122, 1218, 862, 44, 5.14%, 0, 0, 12, 1356.48, 3371, 5408694
1604699789, 0, 1124, 1219, 862, 43, 5.15%, 0, 0, 12, 1348.85, 3372, 5415570
1604699799, 0, 1124, 1220, 863, 43, 5.15%, 0, 0, 12, 1331.24, 3373, 5429118
1604699804, 0, 1127, 1222, 864, 44, 5.16%, 0, 0, 12, 1355.08, 3382, 5435951
1604699814, 0, 1128, 1222, 863, 45, 5.16%, 0, 0, 12, 1316.78, 3382, 5449416
1604699824, 0, 1129, 1223, 863, 45, 5.17%, 0, 0, 12, 1330.68, 3388, 5462728
1604699834, 0, 1129, 1225, 865, 45, 5.17%, 0, 0, 12, 1361.09, 3391, 5476465
1604699840, 0, 1131, 1226, 865, 46, 5.18%, 0, 0, 12, 1385.27, 3394, 5483579
1604699845, 0, 1131, 1227, 866, 46, 5.18%, 0, 0, 12, 1367.90, 3395, 5490649
1604699855, 0, 1132, 1227, 865, 47, 5.18%, 0, 0, 12, 1352.20, 3395, 5504169
1604699860, 0, 1132, 1228, 866, 47, 5.18%, 0, 0, 12, 1343.25, 3397, 5510978
1604699865, 0, 1133, 1228, 865, 47, 5.18%, 0, 0, 12, 1356.63, 3397, 5517907
1604699880, 0, 1134, 1228, 864, 46, 5.18%, 0, 0, 12, 1357.00, 3397, 5538455
1604699890, 0, 1135, 1228, 863, 45, 5.18%, 0, 0, 12, 1352.84, 3397, 5552339
1604699906, 0, 1140, 1228, 862, 44, 5.18%, 0, 0, 12, 1355.37, 3397, 5572898
1604699916, 0, 1141, 1231, 864, 43, 5.18%, 0, 0, 12, 1339.39, 3397, 5586564
1604699931, 0, 1142, 1232, 864, 43, 5.18%, 0, 0, 12, 1329.60, 3398, 5606807
1604699946, 0, 1144, 1232, 863, 43, 5.18%, 0, 0, 12, 1346.69, 3398, 5627523
1604699952, 0, 1144, 1233, 864, 43, 5.19%, 0, 0, 12, 1353.39, 3399, 5634324
1604699957, 0, 1149, 1233, 863, 43, 5.19%, 0, 0, 12, 1344.86, 3399, 5641143
1604699972, 0, 1150, 1233, 862, 42, 5.19%, 0, 0, 12, 1309.18, 3399, 5660979
1604699987, 0, 1153, 1233, 861, 41, 5.19%, 0, 0, 12, 1298.81, 3399, 5681012
1604699997, 0, 1153, 1235, 863, 41, 5.19%, 0, 0, 12, 1319.58, 3399, 5694230
1604700002, 0, 1154, 1235, 862, 40, 5.19%, 0, 0, 12, 1331.36, 3399, 5701072
1604700007, 0, 1154, 1237, 864, 40, 5.20%, 0, 0, 12, 1292.80, 3408, 5707489
1604700018, 0, 1157, 1238, 864, 41, 5.20%, 0, 0, 12, 1270.89, 3408, 5720443
1604700028, 0, 1168, 1239, 864, 41, 5.20%, 0, 0, 12, 1277.10, 3411, 5733679
1604700038, 0, 1169, 1239, 863, 41, 5.20%, 0, 0, 12, 1258.98, 3411, 5746368
1604700048, 0, 1174, 1240, 863, 40, 5.20%, 0, 0, 12, 1286.44, 3411, 5759412
1604700053, 0, 1174, 1242, 865, 40, 5.21%, 0, 0, 12, 1291.70, 3412, 5765921
1604700058, 0, 1193, 1242, 864, 41, 5.21%, 0, 0, 12, 1245.56, 3412, 5772286
1604700068, 0, 1195, 1242, 863, 40, 5.21%, 0, 0, 12, 1247.06, 3412, 5784911
1604700073, 0, 1195, 1243, 864, 40, 5.21%, 0, 0, 12, 1254.95, 3412, 5791130
1604700078, 0, 1195, 1245, 866, 40, 5.21%, 0, 0, 12, 1320.12, 3412, 5797800
1604700094, 0, 1196, 1252, 872, 39, 5.22%, 0, 0, 12, 1277.56, 3421, 5817990
1604700099, 0, 1196, 1253, 873, 39, 5.22%, 0, 0, 12, 1272.85, 3422, 5824565
1604700104, 0, 1198, 1253, 872, 42, 5.22%, 0, 0, 12, 1266.57, 3422, 5831122
1604700114, 0, 1199, 1255, 873, 41, 5.23%, 0, 0, 12, 1263.75, 3425, 5844028
1604700119, 0, 1199, 1256, 874, 41, 5.23%, 0, 0, 12, 1309.09, 3427, 5850702
1604700124, 0, 1200, 1256, 873, 43, 5.23%, 0, 0, 12, 1275.76, 3427, 5857189
1604700135, 0, 1201, 1258, 874, 42, 5.23%, 0, 0, 12, 1248.11, 3427, 5869757
1604700145, 0, 1202, 1259, 874, 42, 5.23%, 0, 0, 12, 1248.13, 3427, 5882557
1604700155, 0, 1206, 1259, 873, 42, 5.23%, 0, 0, 12, 1266.96, 3427, 5895420
1604700160, 0, 1206, 1260, 874, 42, 5.23%, 0, 0, 12, 1262.33, 3427, 5901925
1604700165, 0, 1208, 1261, 874, 41, 5.23%, 0, 0, 12, 1299.02, 3428, 5908545
1604700181, 0, 1209, 1262, 874, 42, 5.23%, 0, 0, 12, 1321.62, 3430, 5928283
1604700196, 0, 1210, 1262, 873, 41, 5.23%, 0, 0, 12, 1358.29, 3430, 5948865
1604700206, 0, 1211, 1262, 872, 40, 5.23%, 0, 0, 12, 1307.78, 3430, 5962409
1604700216, 0, 1212, 1262, 871, 39, 5.23%, 0, 0, 12, 1361.77, 3430, 5976174
1604700232, 0, 1213, 1262, 870, 38, 5.23%, 0, 0, 12, 1327.68, 3430, 5996370
1604700242, 0, 1214, 1262, 869, 37, 5.23%, 0, 0, 12, 1343.03, 3430, 6009968
1604700247, 0, 1214, 1263, 870, 37, 5.24%, 0, 0, 13, 1346.97, 3431, 6016775
1604700252, 0, 1215, 1263, 869, 37, 5.24%, 0, 0, 13, 1305.43, 3431, 6023559
1604700267, 0, 1217, 1263, 868, 36, 5.24%, 0, 0, 13, 1353.31, 3431, 6044081
1604700273, 0, 1217, 1267, 872, 36, 5.24%, 0, 0, 13, 1313.30, 3434, 6050753
1604700278, 0, 1217, 1268, 873, 36, 5.24%, 0, 0, 13, 1329.13, 3434, 6057573
1604700283, 0, 1217, 1269, 874, 36, 5.24%, 0, 0, 13, 1337.58, 3434, 6064445
1604700288, 0, 1217, 1270, 875, 36, 5.24%, 0, 0, 13, 1346.42, 3434, 6071317
1604700293, 0, 1218, 1271, 875, 37, 5.24%, 0, 0, 13, 1298.40, 3434, 6078034
1604700303, 0, 1219, 1271, 874, 36, 5.24%, 0, 0, 13, 1323.59, 3434, 6091556
1604700313, 0, 1219, 1273, 876, 36, 5.24%, 0, 0, 13, 1304.33, 3434, 6104647
1604700319, 0, 1220, 1273, 875, 36, 5.24%, 0, 0, 13, 1349.72, 3434, 6111493
1604700329, 0, 1221, 1273, 874, 35, 5.24%, 0, 0, 13, 1312.79, 3434, 6124984
1604700339, 0, 1222, 1273, 873, 34, 5.24%, 0, 0, 13, 1310.45, 3434, 6138384
1604700354, 0, 1223, 1273, 872, 33, 5.24%, 0, 0, 13, 1335.23, 3434, 6158434
1604700364, 0, 1223, 1274, 873, 33, 5.24%, 0, 0, 13, 1339.54, 3436, 6172132
1604700369, 0, 1224, 1274, 872, 33, 5.24%, 0, 0, 13, 1352.26, 3436, 6179011
1604700379, 0, 1225, 1274, 871, 32, 5.24%, 0, 0, 13, 1322.78, 3436, 6192582
1604700395, 0, 1227, 1274, 870, 31, 5.24%, 0, 0, 13, 1331.06, 3436, 6212935
1604700410, 0, 1232, 1274, 869, 30, 5.24%, 0, 0, 13, 1327.59, 3436, 6233359
1604700420, 0, 1235, 1274, 868, 29, 5.24%, 0, 0, 13, 1312.52, 3436, 6246942
1604700431, 0, 1236, 1274, 867, 28, 5.24%, 0, 0, 13, 1264.32, 3436, 6259791
1604700441, 0, 1237, 1274, 866, 27, 5.24%, 0, 0, 13, 1277.10, 3436, 6272803
1604700451, 0, 1238, 1276, 867, 26, 5.25%, 0, 0, 13, 1267.37, 3439, 6285468
1604700461, 0, 1240, 1276, 866, 26, 5.25%, 0, 0, 13, 1296.23, 3439, 6298583
1604700471, 0, 1240, 1277, 867, 26, 5.25%, 0, 0, 13, 1306.28, 3439, 6311706
1604700476, 0, 1241, 1277, 866, 25, 5.25%, 0, 0, 13, 1272.14, 3439, 6318108
1604700487, 0, 1248, 1279, 867, 24, 5.27%, 0, 0, 13, 1253.36, 3451, 6331085
1604700492, 0, 1248, 1281, 869, 24, 5.27%, 0, 0, 13, 1263.36, 3452, 6337626
1604700497, 0, 1248, 1282, 870, 24, 5.27%, 0, 0, 13, 1316.97, 3452, 6344336
1604700502, 0, 1250, 1283, 870, 26, 5.27%, 0, 0, 13, 1274.17, 3452, 6350777
1604700507, 0, 1250, 1284, 871, 26, 5.27%, 0, 0, 13, 1243.45, 3452, 6357231
1604700512, 0, 1251, 1286, 872, 26, 5.27%, 0, 0, 13, 1261.41, 3452, 6363845
1604700523, 0, 1252, 1289, 874, 25, 5.27%, 0, 0, 13, 1248.82, 3454, 6376681
1604700528, 0, 1252, 1290, 875, 25, 5.27%, 0, 0, 13, 1253.71, 3454, 6382979
1604700533, 0, 1252, 1291, 876, 25, 5.27%, 0, 0, 13, 1296.14, 3454, 6389568
1604700538, 0, 1252, 1293, 878, 25, 5.27%, 0, 0, 13, 1318.18, 3454, 6396325
1604700543, 0, 1252, 1295, 880, 25, 5.27%, 0, 0, 13, 1321.03, 3454, 6403023
1604700548, 0, 1253, 1295, 879, 25, 5.27%, 0, 0, 13, 1271.64, 3454, 6409511
1604700558, 0, 1254, 1296, 879, 24, 5.27%, 0, 0, 13, 1247.33, 3454, 6422354
1604700569, 0, 1255, 1299, 881, 23, 5.29%, 0, 0, 13, 1247.86, 3464, 6435208
1604700579, 0, 1257, 1301, 882, 24, 5.29%, 0, 0, 13, 1239.41, 3468, 6448016
1604700584, 0, 1257, 1303, 884, 24, 5.29%, 0, 0, 13, 1284.80, 3469, 6454659
1604700589, 0, 1257, 1304, 885, 24, 5.30%, 0, 0, 13, 1305.31, 3472, 6461359
1604700604, 0, 1258, 1304, 884, 26, 5.30%, 0, 0, 13, 1250.36, 3472, 6481201
1604700614, 0, 1260, 1305, 884, 25, 5.30%, 0, 0, 13, 1241.40, 3474, 6493858
1604700625, 0, 1261, 1309, 887, 25, 5.30%, 0, 0, 13, 1248.20, 3474, 6506666
1604700640, 0, 1261, 1310, 888, 25, 5.30%, 0, 0, 13, 1263.48, 3474, 6525501
1604700645, 0, 1261, 1313, 891, 25, 5.30%, 0, 0, 13, 1314.91, 3474, 6532194
1604700660, 0, 1262, 1313, 890, 25, 5.30%, 0, 0, 13, 1318.63, 3474, 6551927
1604700670, 0, 1264, 1314, 890, 24, 5.30%, 0, 0, 14, 1338.65, 3474, 6565596
1604700676, 0, 1264, 1317, 893, 24, 5.30%, 0, 0, 14, 1323.69, 3474, 6572410
1604700681, 0, 1265, 1319, 894, 24, 5.30%, 0, 0, 14, 1344.81, 3474, 6579250
1604700686, 0, 1265, 1320, 895, 24, 5.30%, 0, 0, 14, 1337.30, 3474, 6586072
1604700691, 0, 1268, 1321, 895, 24, 5.30%, 0, 0, 14, 1339.39, 3474, 6592940
1604700696, 0, 1268, 1322, 896, 24, 5.30%, 0, 0, 14, 1344.74, 3474, 6599757
1604700701, 0, 1268, 1323, 897, 24, 5.30%, 0, 0, 14, 1372.39, 3474, 6606775
1604700706, 0, 1271, 1324, 897, 23, 5.30%, 0, 0, 14, 1324.22, 3474, 6613451
1604700716, 0, 1271, 1325, 898, 23, 5.30%, 0, 0, 14, 1316.72, 3474, 6626598
1604700721, 0, 1272, 1325, 897, 22, 5.30%, 0, 0, 14, 1337.70, 3474, 6633437
1604700732, 0, 1273, 1325, 896, 21, 5.30%, 0, 0, 14, 1334.38, 3474, 6647104
1604700747, 0, 1274, 1325, 895, 20, 5.30%, 0, 0, 14, 1320.15, 3474, 6667426
1604700757, 0, 1278, 1327, 896, 19, 5.31%, 0, 0, 14, 1248.49, 3483, 6680214
1604700767, 0, 1279, 1327, 895, 18, 5.31%, 0, 0, 14, 1279.04, 3483, 6693013
1604700777, 0, 1283, 1327, 894, 17, 5.31%, 0, 0, 14, 1232.76, 3483, 6705814
1604700787, 0, 1286, 1328, 894, 16, 5.32%, 0, 0, 14, 1271.50, 3486, 6718560
1604700798, 0, 1296, 1328, 893, 16, 5.32%, 0, 0, 14, 1228.23, 3486, 6731403
1604700803, 0, 1296, 1329, 894, 16, 5.32%, 0, 0, 14, 1274.25, 3486, 6737811
1604700808, 0, 1298, 1331, 895, 16, 5.33%, 0, 0, 14, 1290.58, 3493, 6744589
1604700818, 0, 1301, 1334, 897, 16, 5.33%, 0, 0, 14, 1276.80, 3493, 6757821
1604700828, 0, 1303, 1340, 902, 15, 5.34%, 0, 0, 14, 1293.65, 3500, 6770921
1604700839, 0, 1304, 1341, 902, 17, 5.35%, 0, 0, 14, 1247.05, 3508, 6783875
1604700849, 0, 1304, 1343, 904, 17, 5.36%, 0, 0, 14, 1308.27, 3511, 6796848
1604700854, 0, 1307, 1343, 903, 18, 5.36%, 0, 0, 14, 1270.05, 3511, 6803386
1604700864, 0, 1307, 1344, 904, 18, 5.36%, 0, 0, 14, 1234.61, 3511, 6815753
1604700874, 0, 1318, 1344, 903, 17, 5.36%, 0, 0, 14, 1330.36, 3511, 6828806
1604700879, 0, 1318, 1345, 904, 17, 5.36%, 0, 0, 15, 1354.18, 3511, 6835716
1604700884, 0, 1319, 1345, 903, 16, 5.36%, 0, 0, 15, 1357.33, 3511, 6842651
1604700900, 0, 1327, 1345, 902, 15, 5.36%, 0, 0, 15, 1248.99, 3511, 6862402
1604700910, 0, 1329, 1346, 902, 14, 5.36%, 0, 0, 15, 1240.41, 3513, 6874997
1604700920, 0, 1330, 1348, 903, 14, 5.36%, 0, 0, 15, 1307.97, 3513, 6888162
1604700930, 0, 1331, 1350, 904, 15, 5.36%, 0, 0, 15, 1262.70, 3513, 6900832
1604700940, 0, 1331, 1351, 905, 15, 5.36%, 0, 0, 15, 1311.80, 3513, 6914024
1604700945, 0, 1331, 1352, 906, 15, 5.36%, 0, 0, 15, 1287.88, 3513, 6920571
1604700950, 0, 1331, 1353, 907, 15, 5.36%, 0, 0, 15, 1305.07, 3513, 6927196
1604700955, 0, 1331, 1356, 910, 15, 5.37%, 0, 0, 15, 1310.42, 3518, 6933824
1604700965, 0, 1336, 1357, 910, 15, 5.37%, 0, 0, 15, 1243.99, 3518, 6946656
1604700975, 0, 1338, 1358, 910, 14, 5.37%, 0, 0, 15, 1287.38, 3518, 6959653
1604701423, 0, 1339, 1358, 909, 13, 5.37%, 0, 0, 15, 1301.10, 3518, 6971863
1604701433, 0, 1339, 1359, 910, 13, 5.37%, 0, 0, 15, 1272.74, 3518, 6984777
1604701438, 0, 1340, 1359, 909, 13, 5.37%, 0, 0, 15, 1289.23, 3518, 6991329
1604701443, 0, 1340, 1360, 910, 13, 5.37%, 0, 0, 15, 1291.07, 3519, 6997900
1604701448, 0, 1340, 1363, 913, 13, 5.37%, 0, 0, 15, 1273.29, 3519, 7004423
1604701458, 0, 1340, 1366, 916, 13, 5.37%, 0, 0, 15, 1320.26, 3519, 7017732
1604701464, 0, 1340, 1367, 917, 13, 5.37%, 0, 0, 15, 1330.20, 3519, 7024578
1604701469, 0, 1340, 1370, 920, 13, 5.37%, 0, 0, 15, 1338.34, 3519, 7031388
1604701474, 0, 1342, 1371, 920, 13, 5.37%, 0, 0, 15, 1300.78, 3520, 7037957
1604701489, 0, 1345, 1382, 930, 13, 5.37%, 0, 0, 16, 1270.72, 3520, 7057346
1604701499, 0, 1347, 1382, 929, 14, 5.37%, 0, 0, 16, 1274.56, 3520, 7070412
1604701504, 0, 1347, 1383, 930, 14, 5.37%, 0, 0, 16, 1271.48, 3520, 7076804
1604701509, 0, 1353, 1385, 931, 14, 5.38%, 0, 0, 16, 1213.81, 3524, 7082984
1604701515, 0, 1353, 1386, 932, 14, 5.38%, 0, 0, 16, 1239.57, 3528, 7089295
1604701520, 0, 1353, 1390, 936, 14, 5.38%, 0, 0, 16, 1290.60, 3528, 7095785
1604701525, 0, 1353, 1392, 938, 14, 5.38%, 0, 0, 16, 1325.67, 3528, 7102546
1604701530, 0, 1353, 1395, 941, 14, 5.38%, 0, 0, 16, 1316.35, 3528, 7109304
1604701535, 0, 1353, 1397, 943, 14, 5.39%, 0, 0, 16, 1325.73, 3532, 7116132
1604701545, 0, 1358, 1398, 943, 16, 5.40%, 0, 0, 16, 1267.83, 3538, 7129327
1604701555, 0, 1359, 1398, 942, 16, 5.40%, 0, 0, 16, 1289.83, 3538, 7142579
1604701566, 0, 1359, 1399, 943, 16, 5.40%, 0, 0, 16, 1323.53, 3538, 7155844
1604701571, 0, 1362, 1399, 942, 15, 5.40%, 0, 0, 16, 1297.50, 3538, 7162433
1604701586, 0, 1362, 1401, 944, 15, 5.40%, 0, 0, 16, 1304.18, 3538, 7182234
1604701591, 0, 1362, 1402, 945, 15, 5.40%, 0, 0, 16, 1277.40, 3538, 7188679
1604701606, 0, 1362, 1403, 946, 15, 5.40%, 0, 0, 16, 1320.31, 3538, 7208900
1604701611, 0, 1366, 1403, 945, 15, 5.40%, 0, 0, 16, 1309.23, 3538, 7215464
1604701622, 0, 1370, 1403, 944, 15, 5.40%, 0, 0, 16, 1275.15, 3538, 7228762
1604701632, 0, 1370, 1407, 948, 15, 5.40%, 0, 0, 16, 1310.39, 3538, 7241993
1604701637, 0, 1370, 1408, 949, 15, 5.40%, 0, 0, 16, 1333.03, 3538, 7248813
1604701657, 0, 1376, 1409, 949, 14, 5.40%, 0, 0, 17, 1270.44, 3538, 7275797
1604701663, 0, 1376, 1410, 950, 14, 5.40%, 0, 0, 17, 1301.27, 3538, 7282472
1604701668, 0, 1376, 1411, 951, 14, 5.40%, 0, 0, 17, 1332.30, 3538, 7289334
1604701678, 0, 1381, 1413, 952, 13, 5.40%, 0, 0, 17, 1276.10, 3538, 7302768
1604701683, 0, 1381, 1416, 955, 13, 5.40%, 0, 0, 17, 1307.15, 3538, 7309265
1604701688, 0, 1382, 1416, 954, 12, 5.40%, 0, 0, 17, 1294.52, 3538, 7315943
1604701698, 0, 1383, 1416, 953, 11, 5.40%, 0, 0, 17, 1264.58, 3538, 7328976
1604701714, 0, 1385, 1417, 953, 10, 5.40%, 0, 0, 17, 1267.37, 3541, 7347710
1604701719, 0, 1385, 1418, 954, 10, 5.40%, 0, 0, 17, 1234.67, 3541, 7353913
1604701729, 0, 1385, 1420, 956, 10, 5.40%, 0, 0, 17, 1310.97, 3541, 7366905
1604701739, 0, 1396, 1420, 955, 10, 5.40%, 0, 0, 17, 1268.44, 3541, 7380123
1604701754, 0, 1397, 1421, 955, 9, 5.41%, 0, 0, 17, 1267.42, 3543, 7399334
1604701765, 0, 1416, 1421, 954, 9, 5.41%, 0, 0, 17, 1250.61, 3543, 7412441
1604701780, 0, 1420, 1421, 953, 8, 5.41%, 0, 0, 17, 1257.04, 3543, 7431310
1604701790, 1, 143, 1421, 952, 7, 5.41%, 0, 0, 17, 1363.25, 3543, 7445076
1604701795, 1, 143, 1425, 956, 7, 5.41%, 0, 0, 17, 1368.25, 3543, 7452063
1604701801, 1, 143, 1426, 957, 7, 5.41%, 0, 0, 17, 1370.18, 3543, 7459172
1604701806, 1, 143, 1428, 959, 7, 5.42%, 0, 0, 17, 1325.38, 3553, 7465783
1604701811, 1, 143, 1429, 960, 7, 5.42%, 0, 0, 17, 1789.59, 3553, 7475577
1604701816, 1, 184, 1429, 958, 9, 5.42%, 0, 0, 17, 1555.60, 3553, 7483599
1604701821, 1, 328, 1431, 959, 9, 5.43%, 0, 0, 17, 1397.80, 3557, 7490633
1604701826, 1, 342, 1435, 962, 8, 5.43%, 0, 0, 17, 1384.38, 3557, 7497590
1604701831, 1, 342, 1437, 964, 8, 5.43%, 0, 0, 17, 1347.58, 3557, 7504464
1604701841, 1, 342, 1438, 965, 8, 5.43%, 0, 0, 17, 1347.91, 3557, 7518059
1604701852, 1, 488, 1438, 964, 9, 5.43%, 0, 0, 17, 1341.50, 3557, 7531752
1604701857, 1, 549, 1438, 963, 9, 5.43%, 0, 0, 17, 1362.71, 3557, 7538716
1604701867, 1, 549, 1440, 965, 9, 5.43%, 0, 0, 17, 1358.58, 3557, 7552461
1604701872, 1, 549, 1447, 972, 9, 5.43%, 0, 0, 17, 1350.34, 3557, 7559209
1604701877, 1, 549, 1454, 979, 9, 5.43%, 0, 0, 17, 1343.05, 3557, 7565973
1604701882, 1, 549, 1458, 983, 9, 5.43%, 0, 0, 17, 1356.94, 3557, 7572882
1604701887, 1, 549, 1459, 984, 9, 5.43%, 0, 0, 17, 1349.12, 3557, 7579663
1604701892, 1, 570, 1464, 988, 9, 5.47%, 0, 0, 17, 1563.19, 3582, 7587325
1604701897, 1, 570, 1468, 992, 9, 5.47%, 0, 0, 17, 1866.45, 3582, 7597051
1604701902, 1, 570, 1469, 993, 9, 5.47%, 0, 0, 17, 1918.41, 3582, 7606927
1604701907, 1, 570, 1472, 996, 9, 5.47%, 0, 0, 17, 1963.86, 3582, 7616972
1604701912, 1, 604, 1473, 996, 9, 5.47%, 0, 0, 17, 1966.29, 3582, 7626900
1604701917, 1, 604, 1477, 1000, 9, 5.47%, 0, 0, 17, 1984.66, 3582, 7637033
1604701923, 1, 604, 1479, 1002, 9, 5.47%, 0, 0, 17, 1934.09, 3582, 7647078
1604701928, 1, 624, 1481, 1003, 7, 5.47%, 0, 0, 17, 1887.04, 3582, 7656533
1604701933, 1, 624, 1482, 1004, 7, 5.47%, 0, 0, 17, 1891.04, 3582, 7665994
1604701938, 1, 630, 1485, 1006, 7, 5.47%, 0, 0, 17, 1928.81, 3582, 7675623
1604701943, 1, 630, 1488, 1009, 7, 5.47%, 0, 0, 17, 1926.55, 3582, 7685451
1604701948, 1, 630, 1491, 1012, 7, 5.47%, 0, 0, 17, 1884.65, 3582, 7695181
1604701953, 1, 630, 1492, 1013, 7, 5.47%, 0, 0, 17, 1917.98, 3582, 7705053
1604701958, 1, 645, 1494, 1014, 8, 5.47%, 0, 0, 17, 1920.93, 3582, 7714804
1604701963, 1, 705, 1495, 1014, 7, 5.47%, 0, 0, 17, 1936.62, 3582, 7724710
1604701968, 1, 705, 1498, 1017, 7, 5.47%, 0, 0, 17, 1957.39, 3582, 7734608
1604701974, 1, 756, 1498, 1016, 7, 5.47%, 0, 0, 17, 1898.70, 3582, 7744305
1604701984, 1, 756, 1502, 1020, 7, 5.47%, 0, 0, 17, 1938.29, 3582, 7763985
1604701989, 1, 756, 1503, 1021, 7, 5.47%, 0, 0, 17, 1950.24, 3582, 7774025
1604701994, 1, 907, 1503, 1020, 8, 5.47%, 0, 0, 17, 1843.68, 3582, 7783276
1604701999, 1, 926, 1503, 1019, 7, 5.47%, 0, 0, 17, 1873.54, 3582, 7792705
1604702004, 1, 1088, 1503, 1018, 6, 5.47%, 0, 0, 17, 1851.17, 3582, 7802440
1604702009, 1, 1243, 1503, 1017, 5, 5.47%, 0, 0, 17, 1799.36, 3582, 7811529
1604702019, 1, 1243, 1505, 1019, 5, 5.47%, 0, 0, 17, 1861.15, 3582, 7829966
1604702025, 1, 1243, 1507, 1021, 5, 5.47%, 0, 0, 17, 1884.47, 3582, 7839676
1604702030, 1, 1328, 1508, 1021, 5, 5.47%, 0, 0, 17, 1890.03, 3582, 7849376
1604702040, 1, 1346, 1508, 1020, 4, 5.47%, 0, 0, 17, 1781.60, 3582, 7867831
1604702045, 1, 1406, 1508, 1019, 4, 5.47%, 0, 0, 17, 1847.82, 3582, 7877235
1604702060, 1, 1406, 1515, 1026, 4, 5.47%, 0, 0, 17, 1295.16, 3582, 7898211
1604702066, 1, 1406, 1520, 1031, 4, 5.47%, 0, 0, 17, 1300.78, 3582, 7904980
1604702071, 1, 1406, 1522, 1033, 4, 5.47%, 0, 0, 17, 1316.07, 3582, 7911652
1604702086, 1, 1478, 1522, 1032, 4, 5.47%, 0, 0, 17, 1355.63, 3582, 7932155
1604702101, 1, 1478, 1524, 1034, 4, 5.48%, 0, 0, 17, 1349.19, 3589, 7952812
1604702106, 1, 1478, 1525, 1035, 4, 5.48%, 0, 0, 17, 1359.86, 3594, 7959840
1604702112, 1, 1478, 1526, 1036, 4, 5.48%, 0, 0, 17, 1351.55, 3594, 7966841
1604702117, 1, 1479, 1527, 1036, 4, 5.49%, 0, 0, 17, 1348.28, 3595, 7973773
1604702122, 1, 1479, 1528, 1037, 4, 5.49%, 0, 0, 17, 1364.69, 3595, 7980779
1604702132, 1, 1479, 1531, 1040, 4, 5.49%, 0, 0, 17, 1923.07, 3595, 7999712
1604702142, 1, 1499, 1532, 1040, 6, 5.51%, 0, 0, 17, 1985.15, 3608, 8019915
1604702153, 1, 1522, 1532, 1039, 5, 5.51%, 0, 0, 17, 1903.03, 3608, 8039734
1604702163, 1, 1522, 1533, 1040, 5, 5.51%, 0, 0, 17, 1940.72, 3608, 8059545
1604702168, 1, 1524, 1536, 1042, 4, 5.51%, 0, 0, 17, 1979.02, 3608, 8069636
1604702178, 1, 1524, 1537, 1043, 4, 5.51%, 0, 0, 17, 1915.92, 3608, 8089456
1604702183, 1, 1531, 1537, 1042, 3, 5.51%, 0, 0, 17, 1931.01, 3608, 8099404
1604702245, 1, 1531, 1538, 1043, 3, 5.51%, 0, 0, 17, 1363.58, 3612, 8198062
1604702265, 1, 1531, 1539, 1044, 3, 5.51%, 0, 0, 17, 1345.14, 3614, 8225687
1604702270, 1, 1531, 1540, 1045, 3, 5.52%, 0, 0, 17, 1353.34, 3618, 8232584
1604702280, 1, 1532, 1540, 1044, 5, 5.52%, 0, 0, 17, 1346.13, 3618, 8246191
1604702291, 1, 1532, 1542, 1046, 5, 5.52%, 0, 0, 17, 1389.74, 3618, 8260241
1604702301, 1, 1535, 1542, 1045, 4, 5.52%, 0, 0, 17, 1324.37, 3618, 8273909
1604702321, 1, 1537, 1542, 1044, 3, 5.52%, 0, 0, 17, 1346.24, 3618, 8301243
1604702331, 1, 1537, 1543, 1045, 3, 5.52%, 0, 0, 17, 1347.35, 3619, 8314871
1604702413, 1, 1538, 1543, 1044, 3, 5.52%, 0, 0, 17, 1320.16, 3619, 8425239
1604702510, 1, 1539, 1543, 1043, 2, 5.52%, 0, 0, 17, 1381.47, 3619, 8557307
1604702515, 1, 1539, 1544, 1044, 2, 5.52%, 0, 0, 17, 1375.78, 3619, 8564366
1604702602, 1, 1542, 1544, 1043, 2, 5.52%, 0, 0, 17, 1367.13, 3619, 8684091
1604702695, 1, 1542, 1545, 1044, 2, 5.53%, 0, 0, 17, 1372.73, 3626, 8809340
1604702700, 1, 1543, 1545, 1043, 2, 5.53%, 0, 0, 17, 1348.96, 3626, 8816140
1604702797, 1, 1544, 1545, 1042, 1, 5.53%, 0, 0, 17, 1384.86, 3626, 8948695
1604702807, 1, 1544, 1547, 1044, 1, 5.53%, 0, 0, 17, 1394.79, 3626, 8962905
1604702868, 1, 1544, 1548, 1045, 1, 5.53%, 0, 0, 17, 1379.02, 3626, 9046517
1604702889, 1, 1546, 1548, 1044, 1, 5.53%, 0, 0, 17, 1346.56, 3626, 9074220
1604703062, 1, 1547, 1548, 1043, 0, 5.53%, 0, 0, 17, 1349.03, 3626, 9200245
1604703160, 2, 6, 1549, 1043, 0, 5.61%, 0, 0, 17, 1331.45, 3674, 9332521
1604703165, 2, 228, 1549, 1041, 1, 5.61%, 0, 0, 17, 1330.56, 3674, 9339231
1604703170, 2, 228, 1551, 1043, 1, 5.61%, 0, 0, 17, 1350.17, 3676, 9346058
1604703175, 2, 443, 1552, 1043, 2, 5.61%, 0, 0, 17, 1377.44, 3676, 9353116
1604703180, 2, 443, 1555, 1046, 2, 5.61%, 0, 0, 17, 1355.81, 3677, 9360031
1604703185, 2, 443, 1556, 1047, 2, 5.61%, 0, 0, 17, 1326.26, 3677, 9366725
1604703195, 2, 443, 1557, 1048, 2, 5.61%, 0, 0, 17, 1377.80, 3677, 9380621
1604703200, 2, 675, 1558, 1048, 3, 5.61%, 0, 0, 17, 1353.16, 3677, 9387587
1604703205, 2, 675, 1559, 1049, 3, 5.61%, 0, 0, 17, 1333.52, 3677, 9394373
1604703210, 2, 784, 1559, 1048, 3, 5.61%, 0, 0, 17, 1359.74, 3677, 9401284
1604703226, 2, 784, 1580, 1069, 3, 5.62%, 0, 0, 17, 1325.75, 3683, 9421961
1604703231, 2, 784, 1592, 1081, 3, 5.62%, 0, 0, 17, 1346.03, 3683, 9428759
1604703236, 2, 784, 1599, 1088, 3, 5.62%, 0, 0, 17, 1335.72, 3683, 9435523
1604703241, 2, 958, 1602, 1090, 5, 5.62%, 0, 0, 17, 1354.20, 3683, 9442419
1604703246, 2, 1156, 1602, 1090, 5, 5.62%, 0, 0, 17, 1300.32, 3683, 9449121
1604703251, 2, 1156, 1605, 1093, 5, 5.62%, 0, 0, 17, 1314.57, 3685, 9455732
1604703256, 2, 1156, 1609, 1097, 5, 5.62%, 0, 0, 17, 1336.68, 3685, 9462550
1604703261, 2, 1156, 1611, 1099, 5, 5.62%, 0, 0, 17, 1341.53, 3685, 9469430
1604703266, 2, 1156, 1616, 1104, 5, 5.62%, 0, 0, 17, 1351.11, 3685, 9476235
1604703271, 2, 1228, 1617, 1104, 7, 5.74%, 0, 0, 17, 1311.96, 3760, 9482846
1604703287, 2, 1528, 1617, 1103, 7, 5.74%, 0, 0, 17, 1350.27, 3760, 9502974
1604703307, 2, 1548, 1617, 1102, 7, 5.74%, 0, 0, 17, 1382.00, 3760, 9531295
1604703312, 2, 1548, 1624, 1109, 7, 5.74%, 0, 0, 17, 1389.85, 3761, 9538382
1604703501, 2, 1548, 1625, 1110, 7, 5.75%, 0, 0, 17, 1354.37, 3769, 9793205
1604703506, 2, 1550, 1625, 1109, 8, 5.75%, 0, 0, 17, 1374.49, 3769, 9800309
1604703598, 2, 1550, 1626, 1110, 8, 5.75%, 0, 0, 17, 1381.30, 3769, 9926188
1604703608, 2, 1562, 1626, 1109, 7, 5.75%, 0, 0, 17, 1285.29, 3769, 9939843
1604703634, 2, 1562, 1628, 1111, 7, 5.75%, 0, 0, 17, 1296.46, 3769, 9972626
1604703650, 2, 1562, 1629, 1112, 7, 5.75%, 0, 0, 17, 1285.68, 3769, 9992334
1604703655, 2, 1570, 1629, 1111, 7, 5.75%, 0, 0, 17, 1214.70, 3769, 9998627
1604704053, 2, 1570, 1630, 1112, 7, 5.75%, 0, 0, 17, 1116.99, 3769, 10448553
1604704058, 2, 1570, 1631, 1113, 7, 5.76%, 0, 0, 17, 1137.74, 3775, 10454347
1604704063, 2, 1570, 1632, 1114, 7, 5.76%, 0, 0, 17, 1135.00, 3775, 10460141
1604704074, 2, 1572, 1632, 1113, 8, 5.76%, 0, 0, 17, 1090.32, 3775, 10471363
1604711746, 2, 1580, 1632, 1112, 7, 5.76%, 0, 0, 17, 1018.94, 3775, 14832438
1604713166, 2, 1580, 1636, 1116, 7, 5.76%, 0, 0, 17, 911.98, 3775, 16160830
1604713171, 2, 1580, 1639, 1119, 7, 5.76%, 0, 0, 17, 918.42, 3778, 16165516
1604713176, 2, 1580, 1640, 1120, 7, 5.76%, 0, 0, 17, 909.01, 3778, 16170150
1604713181, 2, 1580, 1641, 1121, 7, 5.76%, 0, 0, 17, 913.99, 3778, 16174820
1604713186, 2, 1605, 1641, 1120, 7, 5.76%, 0, 0, 17, 1064.23, 3778, 16180101
1604713217, 2, 1605, 1642, 1121, 7, 5.76%, 0, 0, 17, 1218.10, 3778, 16217078
1604713242, 2, 1605, 1643, 1122, 7, 5.76%, 0, 0, 17, 1212.41, 3778, 16247949
1604713288, 2, 1605, 1650, 1129, 7, 5.76%, 0, 0, 17, 1240.37, 3778, 16303649
1604713293, 2, 1605, 1651, 1130, 7, 5.76%, 0, 0, 17, 1199.49, 3778, 16309793
1604713298, 2, 1605, 1653, 1132, 7, 5.77%, 0, 0, 17, 1217.72, 3780, 16316081
1604713303, 2, 1605, 1655, 1134, 7, 5.78%, 0, 0, 17, 1215.45, 3787, 16322337
1604713308, 2, 1615, 1655, 1133, 9, 5.78%, 0, 0, 17, 1253.62, 3787, 16328674
1604713349, 2, 1615, 1656, 1134, 9, 5.78%, 0, 0, 17, 1270.26, 3787, 16380185
1604713354, 2, 1615, 1658, 1136, 9, 5.78%, 0, 0, 17, 1245.39, 3787, 16386370
1604713359, 2, 1615, 1661, 1139, 9, 5.78%, 0, 0, 17, 1266.41, 3788, 16392800
1604713364, 2, 1615, 1662, 1140, 9, 5.78%, 0, 0, 17, 1260.04, 3788, 16399208
1604713369, 2, 1616, 1663, 1140, 9, 5.78%, 0, 0, 17, 1321.85, 3788, 16405894
1604713374, 2, 1616, 1664, 1141, 9, 5.78%, 0, 0, 17, 1362.53, 3788, 16412844
1604713467, 2, 1617, 1664, 1140, 9, 5.78%, 0, 0, 17, 1357.53, 3788, 16539626
1604713579, 2, 1623, 1664, 1139, 8, 5.78%, 0, 0, 17, 1381.77, 3788, 16693864
1604713691, 2, 1625, 1664, 1138, 7, 5.78%, 0, 0, 17, 1368.72, 3788, 16847869
1604713773, 2, 1625, 1665, 1139, 7, 5.79%, 0, 0, 17, 1373.81, 3792, 16959997
1604713788, 2, 1625, 1667, 1141, 7, 5.79%, 0, 0, 17, 1343.33, 3795, 16980392
1604713793, 2, 1625, 1669, 1143, 7, 5.82%, 0, 0, 17, 1349.39, 3817, 16987233
1604713809, 2, 1627, 1670, 1143, 10, 5.82%, 0, 0, 17, 1325.69, 3817, 17007670
1604713876, 2, 1627, 1671, 1144, 10, 5.82%, 0, 0, 17, 1286.59, 3817, 17093190
1604713881, 2, 1627, 1672, 1145, 10, 5.82%, 0, 0, 17, 1272.12, 3817, 17099748
1604713891, 2, 1627, 1673, 1146, 10, 5.82%, 0, 0, 17, 1254.34, 3817, 17112306
1604713896, 2, 1631, 1673, 1145, 10, 5.82%, 0, 0, 17, 942.38, 3817, 17116728
1604715906, 2, 1631, 1674, 1146, 10, 5.83%, 0, 0, 17, 825.30, 3819, 18867898
1604715911, 2, 1631, 1675, 1147, 10, 5.83%, 0, 0, 17, 830.45, 3821, 18872114
1604715916, 2, 1631, 1676, 1148, 10, 5.86%, 0, 0, 17, 857.52, 3838, 18876560
1604715927, 2, 1651, 1676, 1147, 10, 5.86%, 0, 0, 17, 933.38, 3838, 18885708
1604717158, 2, 1651, 1678, 1149, 10, 5.86%, 0, 0, 17, 1005.10, 3839, 20134508
1604717163, 2, 1651, 1679, 1150, 10, 5.86%, 0, 0, 17, 956.27, 3839, 20139428
1604717178, 2, 1652, 1679, 1149, 10, 5.86%, 0, 0, 17, 1157.92, 3839, 20155384
1604717183, 2, 1652, 1682, 1152, 10, 5.86%, 0, 0, 17, 1277.59, 3839, 20162016
1604717290, 2, 1652, 1683, 1153, 10, 5.86%, 0, 0, 17, 1291.27, 3841, 20297745
1604717306, 2, 1653, 1683, 1152, 11, 5.86%, 0, 0, 17, 1254.82, 3841, 20317290
1604717327, 2, 1653, 1684, 1153, 11, 5.86%, 0, 0, 17, 1299.80, 3841, 20344203
1604717429, 2, 1653, 1685, 1154, 11, 5.87%, 0, 0, 17, 1263.44, 3844, 20475715
1604717434, 2, 1653, 1686, 1155, 11, 5.87%, 0, 0, 17, 1293.20, 3847, 20482298
1604717439, 2, 1653, 1687, 1156, 11, 5.87%, 0, 0, 17, 1288.67, 3848, 20488881
1604717445, 2, 1653, 1688, 1157, 11, 5.88%, 0, 0, 17, 1300.26, 3856, 20495503
1604717450, 2, 1658, 1689, 1157, 12, 5.88%, 0, 0, 17, 1109.31, 3856, 20501073
1604718627, 2, 1664, 1689, 1156, 11, 5.88%, 0, 0, 17, 1170.37, 3856, 21755677
1604718725, 2, 1665, 1689, 1155, 10, 5.88%, 0, 0, 17, 1369.18, 3856, 21890470
1604719020, 2, 1666, 1689, 1154, 9, 5.88%, 0, 0, 17, 1382.64, 3856, 22292033
1604719123, 2, 1667, 1689, 1153, 8, 5.88%, 0, 0, 17, 1386.17, 3856, 22434334
1604719205, 2, 1667, 1693, 1157, 8, 5.89%, 0, 0, 17, 1358.70, 3862, 22547770
1604719220, 2, 1675, 1694, 1157, 9, 5.89%, 0, 0, 17, 772.61, 3863, 22565182
1604724479, 2, 1675, 1695, 1158, 9, 5.90%, 0, 0, 17, 606.23, 3866, 25166522
1604726673, 2, 1675, 1696, 1159, 9, 5.90%, 0, 0, 17, 608.63, 3868, 26486477
1604729717, 2, 1675, 1715, 1178, 9, 5.90%, 0, 0, 17, 576.02, 3869, 28323680
1604729722, 2, 1675, 1717, 1180, 9, 5.90%, 0, 0, 17, 577.81, 3869, 28326578
1604729732, 2, 1675, 1718, 1181, 9, 5.90%, 0, 0, 17, 581.68, 3869, 28332504
1604729753, 2, 1675, 1719, 1182, 9, 5.91%, 0, 0, 17, 582.23, 3870, 28344326
1604729758, 2, 1676, 1720, 1182, 13, 5.91%, 0, 0, 17, 775.23, 3870, 28348207
1604731034, 2, 1682, 1720, 1181, 12, 5.91%, 0, 0, 17, 1176.88, 3870, 29606083
1604731162, 2, 1684, 1720, 1180, 11, 5.91%, 0, 0, 17, 1312.71, 3870, 29772056
1604731290, 2, 1685, 1720, 1179, 10, 5.91%, 0, 0, 17, 1315.30, 3870, 29939159
1604731408, 2, 1685, 1721, 1180, 10, 5.91%, 0, 0, 17, 1298.94, 3870, 30091758
1604731418, 2, 1685, 1722, 1181, 10, 5.91%, 0, 0, 17, 1308.30, 3870, 30105205
1604731434, 2, 1686, 1722, 1180, 9, 5.91%, 0, 0, 17, 1295.35, 3870, 30125367
1604731541, 2, 1687, 1722, 1179, 8, 5.91%, 0, 0, 17, 1264.82, 3870, 30263556
1604731546, 2, 1687, 1723, 1180, 8, 5.91%, 0, 0, 17, 1268.45, 3870, 30270080
1604731643, 2, 1687, 1724, 1181, 8, 5.91%, 0, 0, 17, 1304.40, 3870, 30394048
1604731653, 2, 1691, 1724, 1180, 7, 5.91%, 0, 0, 17, 1324.88, 3870, 30407764
1604731735, 2, 1691, 1725, 1181, 7, 5.91%, 0, 0, 17, 1413.59, 3870, 30523230
1604731750, 2, 1691, 1726, 1182, 7, 5.91%, 0, 0, 17, 1404.53, 3870, 30544786
1604731755, 2, 1692, 1726, 1181, 8, 5.91%, 0, 0, 17, 1409.17, 3870, 30551890
1604731852, 2, 1693, 1726, 1180, 7, 5.91%, 0, 0, 17, 1336.17, 3870, 30689023
1604734701, 2, 1694, 1726, 1179, 6, 5.91%, 0, 0, 17, 973.66, 3870, 33975975
1604736881, 2, 1694, 1727, 1180, 6, 5.91%, 0, 0, 17, 608.71, 3870, 35286763
1604744303, 2, 1694, 1728, 1181, 6, 5.91%, 0, 0, 17, 579.28, 3870, 39752927
1604744308, 2, 1694, 1730, 1183, 6, 5.91%, 0, 0, 17, 574.02, 3871, 39755825
1604744313, 2, 1694, 1731, 1184, 6, 5.91%, 0, 0, 17, 585.64, 3871, 39758847
1604744318, 2, 1694, 1733, 1186, 6, 5.91%, 0, 0, 17, 585.08, 3871, 39761866
1604744323, 2, 1694, 1734, 1187, 6, 5.91%, 0, 0, 17, 566.66, 3871, 39764756
1604744328, 2, 1694, 1737, 1190, 6, 5.91%, 0, 0, 17, 571.67, 3871, 39767651
1604744344, 2, 1695, 1737, 1189, 8, 5.91%, 0, 0, 17, 587.86, 3871, 39776480
1604750880, 2, 1695, 1738, 1190, 8, 5.91%, 0, 0, 17, 605.63, 3871, 43712578
1604753394, 2, 1705, 1738, 1189, 8, 5.91%, 0, 0, 17, 925.82, 3871, 45549605
1604762427, 2, 1719, 1738, 1188, 7, 5.91%, 0, 0, 17, 586.62, 3871, 51387340
1604764579, 2, 1719, 1739, 1189, 7, 5.91%, 0, 0, 17, 622.40, 3871, 52694620
1604769182, 2, 1719, 1740, 1190, 7, 5.91%, 0, 0, 17, 584.45, 3871, 55486784
1604769187, 2, 1724, 1740, 1189, 7, 5.91%, 0, 0, 17, 798.78, 3871, 55490574
1604769284, 2, 1724, 1742, 1191, 7, 5.92%, 0, 0, 17, 1399.34, 3878, 55630471
1604769294, 2, 1725, 1742, 1190, 7, 5.92%, 0, 0, 17, 1431.38, 3878, 55645203
1604769392, 2, 1726, 1742, 1189, 6, 5.92%, 0, 0, 17, 1353.79, 3878, 55783564
1604771580, 2, 1726, 1743, 1190, 6, 5.92%, 0, 0, 17, 604.90, 3878, 57097449
1604779361, 2, 1727, 1743, 1189, 6, 5.92%, 0, 0, 17, 564.77, 3878, 61560706
