# unix_time, cycles_done, cur_path, paths_total, pending_total, pending_favs, map_size, unique_crashes, unique_hangs, max_depth, execs_per_sec, edge_coverage, total_execs
1605540653, 0, 0, 1, 1, 1, 0.04%, 0, 0, 1, 4000.00 0 8
1605540658, 0, 0, 12, 12, 1, 0.07%, 0, 0, 2, 5613.86 45 30985
1605540664, 1, 16, 19, 9, 2, 0.07%, 0, 0, 6, 5867.05 48 61155
1605540669, 5, 0, 19, 5, 0, 0.07%, 0, 0, 6, 5929.13 48 91139
1605540674, 6, 20, 23, 7, 3, 0.09%, 0, 0, 7, 5791.39 60 120065
1605540679, 6, 22, 24, 6, 1, 0.09%, 0, 0, 8, 5780.86 61 149628
1605540684, 6, 23, 25, 6, 2, 0.10%, 0, 0, 8, 5819.59 63 179566
1605540689, 6, 24, 28, 8, 1, 0.10%, 0, 0, 9, 5710.10 66 208542
1605540699, 6, 25, 30, 9, 3, 0.10%, 0, 0, 10, 5782.35 67 267852
1605540704, 6, 27, 30, 7, 2, 0.10%, 0, 0, 10, 5604.91 67 296108
1605540709, 6, 29, 32, 8, 1, 0.10%, 0, 0, 11, 5670.52 68 324857
1605540714, 6, 31, 34, 9, 1, 0.11%, 0, 0, 12, 5715.40 69 353988
1605540719, 6, 33, 34, 8, 1, 0.11%, 0, 0, 12, 5765.83 69 383162
1605540725, 7, 33, 34, 6, 0, 0.11%, 0, 0, 12, 5841.89 69 412723
1605540730, 8, 27, 34, 4, 0, 0.11%, 0, 0, 12, 5863.07 69 442274
1605540735, 10, 27, 34, 4, 0, 0.11%, 0, 0, 12, 5870.58 69 472730
1605540740, 11, 28, 34, 4, 0, 0.11%, 0, 0, 12, 5754.01 69 501845
1605540745, 11, 32, 35, 4, 0, 0.11%, 0, 0, 13, 5746.75 71 531206
1605540750, 11, 34, 36, 4, 1, 0.11%, 0, 0, 14, 5689.00 72 560184
1605540755, 11, 35, 39, 6, 1, 0.11%, 0, 0, 15, 5678.65 75 589062
1605540760, 11, 36, 39, 5, 3, 0.11%, 0, 0, 15, 5616.93 75 618091
1605540765, 11, 37, 39, 4, 2, 0.11%, 0, 0, 15, 5634.32 75 647026
1605540770, 11, 38, 42, 6, 1, 0.12%, 0, 0, 16, 5547.70 81 675446
1605540776, 11, 38, 43, 7, 1, 0.13%, 0, 0, 16, 5709.43 82 704700
1605540781, 11, 40, 44, 6, 3, 0.13%, 0, 0, 17, 5522.43 83 732273
1605540786, 11, 41, 45, 6, 3, 0.13%, 0, 0, 17, 5372.27 85 759231
1605540796, 11, 42, 45, 5, 2, 0.13%, 0, 0, 17, 5571.71 85 815249
1605540801, 11, 45, 46, 4, 1, 0.13%, 0, 0, 18, 5557.05 86 842782
1605540806, 11, 46, 47, 4, 1, 0.13%, 0, 0, 19, 5408.78 87 870016
1605540811, 12, 24, 47, 3, 0, 0.13%, 0, 0, 19, 5711.13 87 898968
1605540816, 12, 39, 47, 3, 0, 0.13%, 0, 0, 19, 5785.28 87 928893
1605540821, 12, 46, 47, 3, 0, 0.13%, 0, 0, 19, 5748.82 87 958744
1605540826, 13, 30, 47, 3, 0, 0.13%, 0, 0, 19, 5720.03 87 987506
1605540831, 13, 41, 47, 2, 0, 0.13%, 0, 0, 19, 5786.89 87 1016909
1605540836, 13, 43, 47, 2, 0, 0.13%, 0, 0, 19, 5669.64 87 1045433
1605540841, 14, 34, 47, 1, 0, 0.13%, 0, 0, 19, 5796.96 87 1074697
1605540846, 14, 46, 47, 1, 0, 0.13%, 0, 0, 19, 5779.72 87 1103780
1605540852, 15, 36, 47, 1, 0, 0.13%, 0, 0, 19, 5814.25 87 1134043
1605540857, 15, 46, 47, 1, 0, 0.13%, 0, 0, 19, 5785.52 87 1163340
1605540862, 16, 38, 47, 1, 0, 0.13%, 0, 0, 19, 5819.06 87 1192527
1605540867, 17, 38, 47, 1, 0, 0.13%, 0, 0, 19, 5816.06 87 1221599
1605540872, 18, 27, 47, 1, 0, 0.13%, 0, 0, 19, 5814.10 87 1251754
1605540877, 19, 27, 47, 0, 0, 0.13%, 0, 0, 19, 5832.89 87 1280984
1605540882, 20, 22, 47, 0, 0, 0.13%, 0, 0, 19, 5820.83 87 1310076
1605540887, 21, 21, 47, 0, 0, 0.13%, 0, 0, 19, 5818.94 87 1339484
1605540892, 22, 19, 47, 0, 0, 0.13%, 0, 0, 19, 5820.32 87 1369580
1605540897, 22, 46, 47, 0, 0, 0.13%, 0, 0, 19, 5806.58 87 1399840
1605540902, 23, 42, 47, 0, 0, 0.13%, 0, 0, 19, 5797.84 87 1429875
1605540907, 24, 41, 47, 0, 0, 0.13%, 0, 0, 19, 5809.90 87 1459096
1605540913, 25, 41, 47, 0, 0, 0.13%, 0, 0, 19, 5795.50 87 1489164
1605540918, 26, 41, 47, 0, 0, 0.13%, 0, 0, 19, 5804.63 87 1519372
1605540923, 27, 41, 47, 0, 0, 0.13%, 0, 0, 19, 5811.57 87 1548564
1605540928, 28, 26, 47, 0, 0, 0.13%, 0, 0, 19, 5824.49 87 1578755
1605540933, 29, 26, 47, 0, 0, 0.13%, 0, 0, 19, 5814.61 87 1608811
1605540938, 30, 26, 47, 0, 0, 0.13%, 0, 0, 19, 5816.43 87 1637956
1605540943, 31, 26, 47, 0, 0, 0.13%, 0, 0, 19, 5819.07 87 1667995
1605540948, 32, 19, 47, 0, 0, 0.13%, 0, 0, 19, 5807.20 87 1697035
1605540953, 32, 46, 47, 0, 0, 0.13%, 0, 0, 19, 5794.22 87 1726187
1605540959, 33, 46, 47, 0, 0, 0.13%, 0, 0, 19, 5793.75 87 1755463
1605540964, 34, 46, 47, 0, 0, 0.13%, 0, 0, 19, 5761.24 87 1784535
1605540969, 35, 45, 47, 0, 0, 0.13%, 0, 0, 19, 5775.35 87 1814603
1605540974, 36, 42, 47, 0, 0, 0.13%, 0, 0, 19, 5804.25 87 1844888
1605540979, 37, 41, 47, 0, 0, 0.13%, 0, 0, 19, 5800.74 87 1875087
1605540984, 38, 39, 47, 0, 0, 0.13%, 0, 0, 19, 5808.06 87 1904248
1605540989, 39, 39, 47, 0, 0, 0.13%, 0, 0, 19, 5811.30 87 1933592
1605540994, 40, 39, 47, 0, 0, 0.13%, 0, 0, 19, 5807.05 87 1963568
1605540999, 41, 27, 47, 0, 0, 0.13%, 0, 0, 19, 5795.15 87 1992675
1605541005, 42, 24, 47, 0, 0, 0.13%, 0, 0, 19, 5816.42 87 2022768
1605541010, 43, 24, 47, 0, 0, 0.13%, 0, 0, 19, 5815.84 87 2052979
1605541015, 44, 24, 47, 0, 0, 0.13%, 0, 0, 19, 5823.84 87 2083244
1605541020, 44, 46, 47, 0, 0, 0.13%, 0, 0, 19, 5822.96 87 2112379
1605541025, 45, 46, 47, 0, 0, 0.13%, 0, 0, 19, 5791.18 87 2142383
1605541030, 46, 42, 47, 0, 0, 0.13%, 0, 0, 19, 5791.99 87 2171499
1605541035, 47, 41, 47, 0, 0, 0.13%, 0, 0, 19, 5808.00 87 2201608
1605541041, 48, 38, 47, 0, 0, 0.13%, 0, 0, 19, 5816.94 87 2231724
1605541046, 49, 36, 47, 0, 0, 0.13%, 0, 0, 19, 5825.95 87 2260960
1605541051, 50, 31, 47, 0, 0, 0.13%, 0, 0, 19, 5822.96 87 2291136
1605541056, 51, 22, 47, 0, 0, 0.13%, 0, 0, 19, 5824.73 87 2320376
1605541061, 52, 19, 47, 0, 0, 0.13%, 0, 0, 19, 5829.01 87 2349652
1605541066, 53, 17, 47, 0, 0, 0.13%, 0, 0, 19, 5824.93 87 2379028
1605541071, 54, 17, 47, 0, 0, 0.13%, 0, 0, 19, 5819.77 87 2408316
1605541076, 55, 19, 47, 0, 0, 0.13%, 0, 0, 19, 5811.01 87 2437580
1605541081, 55, 46, 47, 0, 0, 0.13%, 0, 0, 19, 5787.72 87 2466543
1605541086, 56, 41, 47, 0, 0, 0.13%, 0, 0, 19, 5732.90 87 2495142
1605541091, 57, 41, 47, 0, 0, 0.13%, 0, 0, 19, 5789.76 87 2525305
1605541096, 57, 47, 49, 2, 1, 0.14%, 0, 0, 21, 5545.01 89 2553748
1605541101, 57, 48, 51, 3, 1, 0.14%, 0, 0, 22, 5517.43 90 2581088
1605541106, 57, 49, 52, 3, 1, 0.14%, 0, 0, 23, 5384.75 93 2608951
1605541117, 57, 51, 53, 3, 1, 0.14%, 0, 0, 24, 5448.48 94 2664628
1605541122, 57, 52, 55, 4, 1, 0.15%, 0, 0, 25, 5420.62 98 2691366
1605541127, 57, 53, 55, 3, 2, 0.15%, 0, 0, 25, 5199.86 98 2718409
1605541132, 57, 54, 56, 3, 1, 0.15%, 0, 0, 26, 5010.59 99 2744815
1605541137, 57, 54, 58, 5, 1, 0.16%, 0, 0, 26, 5426.70 103 2772817
1605541142, 57, 55, 58, 4, 2, 0.16%, 0, 0, 26, 5258.33 103 2798851
1605541147, 57, 57, 60, 5, 1, 0.16%, 0, 0, 27, 4984.01 106 2823845
1605541152, 57, 58, 62, 6, 2, 0.16%, 0, 0, 28, 4821.17 108 2848554
1605541162, 57, 59, 64, 7, 3, 0.17%, 0, 0, 28, 5187.36 109 2901382
1605541167, 57, 60, 64, 6, 3, 0.17%, 0, 0, 28, 5029.24 109 2925953
1605541172, 57, 61, 64, 5, 2, 0.17%, 0, 0, 28, 4923.20 109 2950515
1605541177, 57, 63, 65, 5, 1, 0.17%, 0, 0, 29, 4979.07 110 2975783
1605541182, 57, 64, 66, 5, 1, 0.17%, 0, 0, 30, 4886.38 111 3001050
1605541187, 57, 65, 66, 4, 1, 0.17%, 0, 0, 30, 4822.13 111 3027237
1605541193, 58, 26, 66, 3, 0, 0.17%, 0, 0, 30, 5510.58 111 3056503
1605541198, 58, 50, 66, 3, 0, 0.17%, 0, 0, 30, 5566.86 111 3084837
1605541203, 58, 51, 66, 2, 0, 0.17%, 0, 0, 30, 5590.00 111 3112500
1605541208, 58, 61, 66, 2, 0, 0.17%, 0, 0, 30, 5624.31 111 3140660
1605541213, 59, 41, 66, 2, 0, 0.17%, 0, 0, 30, 5729.21 111 3170575
1605541218, 59, 57, 66, 2, 0, 0.17%, 0, 0, 30, 5720.71 111 3200229
1605541223, 59, 65, 66, 2, 0, 0.17%, 0, 0, 30, 5594.50 111 3229179
1605541228, 60, 49, 66, 2, 0, 0.17%, 0, 0, 30, 5723.95 111 3258109
1605541233, 60, 56, 66, 2, 0, 0.17%, 0, 0, 30, 5134.26 111 3284626
1605541239, 60, 58, 66, 1, 0, 0.17%, 0, 0, 30, 5537.16 111 3313756
1605541244, 60, 61, 66, 1, 0, 0.17%, 0, 0, 30, 5590.67 111 3342062
1605541249, 61, 36, 66, 1, 0, 0.17%, 0, 0, 30, 5710.23 111 3371692
1605541254, 61, 51, 66, 1, 0, 0.17%, 0, 0, 30, 5720.17 111 3401364
1605541259, 61, 60, 66, 1, 0, 0.17%, 0, 0, 30, 5637.30 111 3430422
1605541264, 62, 27, 66, 1, 0, 0.17%, 0, 0, 30, 5693.49 111 3459691
1605541270, 62, 51, 66, 1, 0, 0.17%, 0, 0, 30, 5704.42 111 3489141
1605541275, 62, 57, 66, 1, 0, 0.17%, 0, 0, 30, 5655.97 111 3518438
1605541280, 62, 65, 66, 1, 0, 0.17%, 0, 0, 30, 5642.70 111 3546598
1605541285, 63, 49, 66, 1, 0, 0.17%, 0, 0, 30, 5698.82 111 3575386
1605541290, 63, 57, 66, 1, 0, 0.17%, 0, 0, 30, 5644.87 111 3604337
1605541295, 63, 62, 66, 1, 0, 0.17%, 0, 0, 30, 5019.73 111 3629960
1605541300, 63, 65, 66, 0, 0, 0.17%, 0, 0, 30, 5313.46 111 3657264
1605541305, 64, 49, 66, 0, 0, 0.17%, 0, 0, 30, 5637.01 111 3686965
1605541310, 64, 57, 66, 0, 0, 0.17%, 0, 0, 30, 5661.00 111 3715536
1605541315, 64, 61, 66, 0, 0, 0.17%, 0, 0, 30, 5627.66 111 3744740
1605541321, 65, 38, 66, 0, 0, 0.17%, 0, 0, 30, 5694.07 111 3774133
1605541326, 65, 56, 66, 0, 0, 0.17%, 0, 0, 30, 5665.50 111 3802542
1605541331, 65, 60, 66, 0, 0, 0.17%, 0, 0, 30, 5631.47 111 3831565
1605541336, 66, 34, 66, 0, 0, 0.17%, 0, 0, 30, 5703.63 111 3860929
1605541341, 66, 51, 66, 0, 0, 0.17%, 0, 0, 30, 5684.87 111 3889463
1605541346, 66, 61, 66, 0, 0, 0.17%, 0, 0, 30, 5608.63 111 3918581
1605541351, 67, 35, 66, 0, 0, 0.17%, 0, 0, 30, 5688.37 111 3947785
1605541356, 67, 51, 66, 0, 0, 0.17%, 0, 0, 30, 5685.26 111 3977232
1605541362, 67, 60, 66, 0, 0, 0.17%, 0, 0, 30, 5629.01 111 4006365
1605541367, 68, 24, 66, 0, 0, 0.17%, 0, 0, 30, 5658.97 111 4035531
1605541372, 68, 47, 66, 0, 0, 0.17%, 0, 0, 30, 5676.64 111 4065127
1605541377, 68, 56, 66, 0, 0, 0.17%, 0, 0, 30, 5645.08 111 4093397
1605541382, 68, 61, 66, 0, 0, 0.17%, 0, 0, 30, 5620.59 111 4122469
1605541387, 68, 66, 68, 2, 1, 0.17%, 0, 0, 32, 4852.36 113 4147598
1605541392, 68, 67, 69, 2, 1, 0.17%, 0, 0, 33, 4908.24 114 4173456
1605541397, 68, 68, 70, 2, 1, 0.18%, 0, 0, 34, 5082.03 115 4199935
1605541402, 68, 69, 70, 1, 1, 0.18%, 0, 0, 34, 5248.25 115 4225314
1605541412, 69, 41, 70, 0, 0, 0.18%, 0, 0, 34, 5588.31 115 4278477
1605541418, 69, 56, 70, 0, 0, 0.18%, 0, 0, 34, 5620.44 115 4307918
1605541423, 69, 65, 70, 0, 0, 0.18%, 0, 0, 34, 5608.84 115 4335934
1605541428, 70, 34, 70, 0, 0, 0.18%, 0, 0, 34, 5693.64 115 4365311
1605541433, 70, 56, 70, 0, 0, 0.18%, 0, 0, 34, 5691.18 115 4394608
1605541438, 70, 61, 70, 0, 0, 0.18%, 0, 0, 34, 5612.66 115 4423677
1605541443, 71, 26, 70, 0, 0, 0.18%, 0, 0, 34, 5697.50 115 4452877
1605541449, 71, 56, 70, 0, 0, 0.18%, 0, 0, 34, 5678.83 115 4482349
1605541454, 71, 69, 70, 0, 0, 0.18%, 0, 0, 34, 5630.70 115 4510438
1605541459, 72, 41, 70, 0, 0, 0.18%, 0, 0, 34, 5705.91 115 4539992
1605541464, 72, 68, 70, 0, 0, 0.18%, 0, 0, 34, 5631.75 115 4568319
1605541469, 73, 36, 70, 0, 0, 0.18%, 0, 0, 34, 5694.86 115 4597695
1605541474, 73, 56, 70, 0, 0, 0.18%, 0, 0, 34, 5655.18 115 4626314
1605541479, 74, 25, 70, 0, 0, 0.18%, 0, 0, 34, 5680.82 115 4655420
1605541484, 74, 56, 70, 0, 0, 0.18%, 0, 0, 34, 5671.36 115 4684830
1605541489, 74, 69, 70, 0, 0, 0.18%, 0, 0, 34, 5634.21 115 4713096
1605541494, 75, 49, 70, 0, 0, 0.18%, 0, 0, 34, 5689.26 115 4742569
1605541500, 75, 69, 70, 0, 0, 0.18%, 0, 0, 34, 5601.13 115 4771528
1605541505, 76, 49, 70, 0, 0, 0.18%, 0, 0, 34, 5707.26 115 4800504
1605541510, 77, 24, 70, 0, 0, 0.18%, 0, 0, 34, 5695.09 115 4829745
1605541515, 77, 56, 70, 0, 0, 0.18%, 0, 0, 34, 5684.44 115 4859124
1605541520, 78, 27, 70, 0, 0, 0.18%, 0, 0, 34, 5691.22 115 4888402
1605541525, 78, 57, 70, 0, 0, 0.18%, 0, 0, 34, 5674.94 115 4917864
1605541531, 79, 19, 70, 0, 0, 0.18%, 0, 0, 34, 5693.23 115 4947176
1605541536, 79, 56, 70, 0, 0, 0.18%, 0, 0, 34, 5689.31 115 4976810
1605541541, 79, 66, 70, 0, 0, 0.18%, 0, 0, 34, 5649.13 115 5006119
1605541546, 80, 38, 70, 0, 0, 0.18%, 0, 0, 34, 5720.11 115 5035969
1605541551, 80, 57, 70, 0, 0, 0.18%, 0, 0, 34, 5644.00 115 5064159
1605541556, 81, 34, 70, 0, 0, 0.18%, 0, 0, 34, 5689.64 115 5092568
1605541561, 81, 61, 70, 0, 0, 0.18%, 0, 0, 34, 5627.02 115 5121834
1605541566, 82, 39, 70, 0, 0, 0.18%, 0, 0, 34, 5694.49 115 5150347
1605541571, 82, 69, 70, 0, 0, 0.18%, 0, 0, 34, 5623.09 115 5178639
1605541577, 83, 42, 70, 0, 0, 0.18%, 0, 0, 34, 5697.63 115 5208433
1605541582, 83, 69, 70, 0, 0, 0.18%, 0, 0, 34, 5600.52 115 5237557
1605541587, 84, 41, 70, 0, 0, 0.18%, 0, 0, 34, 5683.83 115 5266254
1605541592, 84, 66, 70, 0, 0, 0.18%, 0, 0, 34, 5625.70 115 5295535
1605541597, 85, 34, 70, 0, 0, 0.18%, 0, 0, 34, 5666.02 115 5323883
1605541602, 85, 69, 70, 0, 0, 0.18%, 0, 0, 34, 5630.94 115 5353081
1605541607, 86, 42, 70, 0, 0, 0.18%, 0, 0, 34, 5670.58 115 5382611
1605541613, 86, 69, 70, 0, 0, 0.18%, 0, 0, 34, 5553.79 115 5411583
1605541618, 87, 49, 70, 0, 0, 0.18%, 0, 0, 34, 5635.08 115 5440614
1605541623, 88, 19, 70, 0, 0, 0.18%, 0, 0, 34, 5655.60 115 5469913
1605541628, 88, 45, 70, 0, 0, 0.18%, 0, 0, 34, 5691.68 115 5498546
1605541633, 88, 70, 72, 2, 1, 0.18%, 0, 0, 36, 5278.86 121 5525718
1605541638, 88, 70, 73, 3, 1, 0.19%, 0, 0, 36, 5172.52 122 5550222
1605541643, 88, 71, 73, 2, 2, 0.19%, 0, 0, 36, 5015.96 122 5574095
1605541648, 88, 72, 74, 2, 1, 0.19%, 0, 0, 37, 4773.73 123 5598122
1605541653, 88, 73, 74, 1, 1, 0.19%, 0, 0, 37, 4555.35 123 5621241
1605541659, 89, 34, 74, 0, 0, 0.19%, 0, 0, 37, 5420.50 123 5650182
1605541664, 89, 56, 74, 0, 0, 0.19%, 0, 0, 37, 5626.77 123 5678791
1605541669, 89, 71, 74, 0, 0, 0.19%, 0, 0, 37, 5582.83 123 5706906
1605541674, 90, 21, 74, 0, 0, 0.19%, 0, 0, 37, 5635.08 123 5736166
1605541679, 90, 49, 74, 0, 0, 0.19%, 0, 0, 37, 5670.53 123 5765630
1605541684, 90, 72, 74, 0, 0, 0.19%, 0, 0, 37, 5565.44 123 5794522
1605541689, 91, 39, 74, 0, 0, 0.19%, 0, 0, 37, 5675.53 123 5823995
1605541695, 91, 71, 74, 0, 0, 0.19%, 0, 0, 37, 5567.59 123 5852882
1605541700, 92, 26, 74, 0, 0, 0.19%, 0, 0, 37, 5649.67 123 5882122
1605541705, 92, 57, 74, 0, 0, 0.19%, 0, 0, 37, 5645.86 123 5910666
1605541710, 92, 71, 74, 0, 0, 0.19%, 0, 0, 37, 5615.96 123 5938883
1605541715, 93, 26, 74, 0, 0, 0.19%, 0, 0, 37, 5672.93 123 5968106
1605541720, 93, 56, 74, 0, 0, 0.19%, 0, 0, 37, 5671.11 123 5997628
1605541725, 93, 72, 74, 0, 0, 0.19%, 0, 0, 37, 5579.06 123 6026520
1605541731, 94, 39, 74, 0, 0, 0.19%, 0, 0, 37, 5663.68 123 6055606
1605541736, 94, 69, 74, 0, 0, 0.19%, 0, 0, 37, 5599.72 123 6083736
1605541741, 94, 74, 75, 1, 1, 0.20%, 0, 0, 37, 4884.62 129 6108856
1605541746, 94, 74, 77, 3, 1, 0.20%, 0, 0, 38, 4952.04 131 6132431
1605541751, 94, 75, 77, 2, 2, 0.20%, 0, 0, 38, 4521.84 131 6156224
1605541761, 94, 76, 78, 2, 1, 0.20%, 0, 0, 39, 4523.91 132 6201267
1605541766, 94, 77, 79, 2, 1, 0.20%, 0, 0, 40, 3962.78 133 6222173
1605541771, 94, 78, 80, 2, 1, 0.20%, 0, 0, 41, 4645.92 134 6248061
