# unix_time, cycles_done, cur_path, paths_total, pending_total, pending_favs, map_size, unique_crashes, unique_hangs, max_depth, execs_per_sec, edge_coverage, total_execs
1606821855, 0, 0, 2, 2, 2, 7.53%, 0, 0, 1, 27.92, 4936, 16
1606821860, 0, 0, 9, 9, 2, 7.73%, 0, 0, 2, 14.49, 5064, 294
1606821865, 0, 0, 15, 15, 2, 7.79%, 0, 0, 2, 12.51, 5104, 421
1606821870, 0, 0, 25, 25, 2, 8.49%, 0, 0, 2, 10.66, 5566, 586
1606821875, 0, 0, 31, 31, 2, 8.57%, 0, 0, 2, 11.21, 5619, 643
1606821880, 0, 0, 38, 38, 2, 8.59%, 0, 0, 2, 11.97, 5630, 706
1606821885, 0, 0, 45, 45, 2, 8.74%, 0, 0, 2, 11.90, 5726, 766
1606821890, 0, 0, 51, 51, 2, 8.75%, 0, 0, 2, 11.31, 5732, 823
1606821895, 0, 0, 58, 58, 2, 8.75%, 0, 0, 2, 11.74, 5736, 883
1606821901, 0, 0, 65, 65, 2, 8.76%, 0, 0, 2, 12.21, 5743, 946
1606821906, 0, 0, 71, 71, 2, 8.76%, 0, 0, 2, 11.56, 5744, 1003
1606821911, 0, 0, 78, 78, 2, 8.76%, 0, 0, 2, 11.81, 5744, 1063
1606821916, 0, 0, 84, 84, 2, 8.76%, 0, 0, 2, 11.70, 5744, 1123
1606821921, 0, 0, 90, 90, 2, 8.77%, 0, 0, 2, 11.75, 5745, 1183
1606821926, 0, 0, 97, 97, 2, 8.77%, 0, 0, 2, 11.54, 5745, 1243
1606821931, 0, 0, 103, 103, 2, 8.77%, 0, 0, 2, 11.77, 5745, 1303
1606821936, 0, 0, 109, 109, 2, 8.77%, 0, 0, 2, 11.28, 5748, 1360
1606821941, 0, 0, 115, 115, 2, 8.77%, 0, 0, 2, 11.37, 5748, 1417
1606821947, 0, 0, 122, 122, 2, 8.77%, 0, 0, 2, 11.20, 5748, 1474
1606821952, 0, 0, 128, 128, 2, 8.77%, 0, 0, 2, 11.59, 5748, 1534
1606821957, 0, 0, 134, 134, 2, 8.77%, 0, 0, 2, 11.11, 5748, 1591
1606821962, 0, 0, 139, 139, 2, 8.77%, 0, 0, 2, 11.26, 5748, 1648
1606821967, 0, 0, 146, 146, 2, 8.77%, 0, 0, 2, 11.24, 5748, 1708
1606821972, 0, 0, 151, 151, 2, 8.78%, 0, 0, 2, 10.87, 5752, 1765
1606821977, 0, 0, 157, 157, 2, 8.78%, 0, 0, 2, 10.88, 5755, 1820
1606821983, 0, 0, 161, 161, 2, 8.78%, 0, 0, 2, 11.67, 5755, 1881
1606821988, 0, 0, 166, 166, 2, 8.78%, 0, 0, 2, 11.00, 5755, 1937
1606821993, 0, 0, 169, 169, 2, 8.78%, 0, 0, 2, 11.39, 5755, 1997
1606821998, 0, 0, 173, 173, 2, 8.78%, 0, 0, 2, 11.02, 5755, 2054
1606822003, 0, 0, 175, 175, 2, 8.78%, 0, 0, 2, 11.44, 5755, 2114
1606822024, 0, 0, 187, 187, 2, 8.81%, 0, 0, 2, 10.70, 5772, 2444
1606822029, 0, 0, 193, 193, 2, 8.81%, 0, 0, 2, 11.05, 5774, 2501
1606822034, 0, 0, 199, 199, 2, 8.81%, 0, 0, 2, 10.97, 5774, 2558
1606822039, 0, 0, 204, 204, 2, 8.81%, 0, 0, 2, 11.34, 5774, 2615
1606822045, 0, 0, 206, 206, 2, 8.81%, 0, 0, 2, 11.56, 5774, 2675
1606822080, 0, 0, 212, 212, 2, 8.87%, 0, 0, 2, 213.48, 5814, 3158
1606822086, 0, 0, 260, 260, 2, 9.09%, 0, 0, 2, 9.38, 5957, 3883
1606822091, 0, 0, 294, 294, 2, 9.20%, 0, 0, 2, 10.95, 6029, 4371
1606822096, 0, 0, 306, 306, 2, 9.22%, 0, 0, 2, 9.94, 6040, 4493
1606822101, 0, 0, 314, 314, 2, 9.22%, 0, 0, 2, 14.68, 6040, 4570
1606822106, 0, 0, 320, 320, 2, 9.22%, 0, 0, 2, 12.70, 6040, 4631
1606822111, 0, 0, 326, 326, 2, 9.22%, 0, 0, 2, 12.11, 6044, 4694
1606822116, 0, 0, 332, 332, 2, 9.22%, 0, 0, 2, 12.85, 6044, 4760
1606822122, 0, 0, 348, 348, 2, 9.24%, 0, 0, 2, 14.08, 6053, 5267
1606822127, 0, 0, 356, 356, 2, 9.25%, 0, 0, 2, 11.50, 6059, 5355
1606822132, 0, 0, 369, 369, 2, 9.34%, 0, 0, 2, 13.69, 6122, 5575
1606822137, 0, 0, 376, 376, 2, 9.34%, 0, 0, 2, 12.92, 6122, 5641
1606822142, 0, 0, 380, 380, 2, 9.34%, 0, 0, 2, 11.29, 6122, 5693
1606822147, 0, 0, 386, 386, 2, 9.34%, 0, 0, 2, 12.25, 6122, 5758
1606822153, 0, 0, 390, 390, 2, 9.34%, 0, 0, 2, 11.05, 6122, 5813
1606822158, 0, 0, 396, 396, 2, 9.34%, 0, 0, 2, 11.63, 6122, 5873
1606822163, 0, 0, 402, 402, 2, 9.34%, 0, 0, 2, 11.51, 6122, 5930
1606822168, 0, 0, 407, 407, 2, 9.34%, 0, 0, 2, 10.08, 6122, 5981
1606822173, 0, 0, 412, 412, 2, 9.34%, 0, 0, 2, 10.17, 6122, 6031
1606822178, 0, 0, 418, 418, 2, 9.35%, 0, 0, 2, 12.24, 6126, 6093
1606822183, 0, 0, 423, 423, 2, 9.35%, 0, 0, 2, 11.19, 6126, 6148
1606822188, 0, 0, 428, 428, 2, 9.35%, 0, 0, 2, 10.84, 6126, 6203
1606822193, 0, 0, 434, 434, 2, 9.35%, 0, 0, 2, 11.11, 6126, 6261
1606822199, 0, 0, 440, 440, 2, 9.35%, 0, 0, 2, 13.54, 6129, 6335
1606822204, 0, 0, 445, 445, 2, 9.35%, 0, 0, 2, 13.00, 6129, 6404
1606822209, 0, 0, 451, 451, 2, 9.35%, 0, 0, 2, 11.86, 6129, 6462
1606822214, 0, 0, 457, 457, 2, 9.38%, 0, 0, 2, 11.50, 6150, 6521
1606822219, 0, 0, 464, 464, 2, 9.39%, 0, 0, 2, 15.00, 6152, 6604
1606822224, 0, 0, 469, 469, 2, 9.39%, 0, 0, 2, 14.23, 6152, 6677
1606822229, 0, 0, 474, 474, 2, 9.39%, 0, 0, 2, 13.15, 6153, 6742
1606822234, 0, 0, 479, 479, 2, 9.39%, 0, 0, 2, 14.17, 6155, 6816
1606822239, 0, 0, 484, 484, 2, 9.39%, 0, 0, 2, 12.80, 6155, 6879
1606822245, 0, 0, 490, 490, 2, 9.39%, 0, 0, 2, 12.14, 6155, 6942
1606822250, 0, 0, 494, 494, 2, 9.39%, 0, 0, 2, 14.49, 6155, 7023
1606822255, 0, 0, 499, 499, 2, 9.39%, 0, 0, 2, 16.26, 6155, 7115
1606822260, 0, 0, 502, 502, 2, 9.39%, 0, 0, 2, 14.20, 6155, 7186
1606822265, 0, 0, 507, 507, 2, 9.39%, 0, 0, 2, 12.79, 6155, 7247
1606822270, 0, 0, 512, 512, 2, 9.39%, 0, 0, 2, 12.95, 6155, 7316
1606822275, 0, 0, 516, 516, 2, 9.39%, 0, 0, 2, 12.71, 6155, 7380
1606822280, 0, 0, 522, 522, 2, 9.39%, 0, 0, 2, 12.37, 6155, 7442
1606822286, 0, 0, 526, 526, 2, 9.42%, 0, 0, 2, 13.92, 6172, 7516
1606822291, 0, 0, 531, 531, 2, 9.43%, 0, 0, 2, 14.29, 6178, 7592
1606822296, 0, 0, 538, 538, 2, 9.43%, 0, 0, 2, 11.61, 6178, 7665
1606822301, 0, 0, 542, 542, 2, 9.43%, 0, 0, 2, 12.26, 6178, 7729
1606822306, 0, 0, 547, 547, 2, 9.43%, 0, 0, 2, 11.84, 6178, 7787
1606822311, 0, 0, 552, 552, 2, 9.43%, 0, 0, 2, 11.11, 6178, 7844
1606822316, 0, 0, 557, 557, 2, 9.43%, 0, 0, 2, 11.44, 6178, 7903
1606822321, 0, 0, 562, 562, 2, 9.43%, 0, 0, 2, 11.90, 6182, 7967
1606822326, 0, 0, 568, 568, 2, 9.50%, 0, 0, 2, 12.63, 6223, 8118
1606822337, 0, 0, 574, 574, 2, 9.50%, 0, 0, 2, 10.56, 6226, 8292
1606822342, 0, 0, 580, 580, 2, 9.50%, 0, 0, 2, 10.99, 6226, 8350
1606822347, 0, 0, 584, 584, 2, 9.50%, 0, 0, 2, 10.65, 6226, 8404
1606822352, 0, 0, 589, 589, 2, 9.50%, 0, 0, 2, 11.29, 6226, 8466
1606822357, 0, 0, 592, 592, 2, 9.50%, 0, 0, 2, 11.17, 6226, 8523
1606822363, 0, 0, 595, 595, 2, 9.50%, 0, 0, 2, 11.29, 6226, 8581
1606822368, 0, 0, 598, 598, 2, 9.50%, 0, 0, 2, 11.05, 6226, 8638
1606822373, 0, 0, 599, 599, 2, 9.50%, 0, 0, 2, 11.36, 6226, 8697
1606822383, 0, 0, 600, 600, 2, 9.50%, 0, 0, 2, 11.12, 6226, 8809
1606822403, 0, 0, 601, 601, 2, 9.50%, 0, 0, 2, 10.29, 6226, 9085
1606822450, 0, 0, 617, 617, 2, 9.56%, 0, 0, 2, 13.66, 6267, 10258
1606822455, 0, 0, 623, 623, 2, 9.56%, 0, 0, 2, 15.35, 6267, 10370
1606822460, 0, 0, 629, 629, 2, 9.57%, 0, 0, 2, 9.71, 6272, 10818
1606822465, 0, 0, 635, 635, 2, 9.60%, 0, 0, 2, 18.18, 6292, 10996
1606822470, 0, 0, 637, 637, 2, 9.60%, 0, 0, 2, 15.47, 6292, 11066
1606822476, 0, 0, 640, 640, 2, 9.61%, 0, 0, 2, 14.39, 6298, 11144
1606822481, 0, 0, 645, 645, 2, 9.61%, 0, 0, 2, 11.37, 6301, 11198
1606822486, 0, 0, 649, 649, 2, 9.61%, 0, 0, 2, 12.30, 6301, 11263
1606822491, 0, 0, 653, 653, 2, 9.61%, 0, 0, 2, 11.94, 6301, 11324
1606822496, 0, 0, 657, 657, 2, 9.61%, 0, 0, 2, 13.52, 6301, 11404
1606822501, 0, 0, 662, 662, 2, 9.61%, 0, 0, 2, 14.15, 6301, 11474
1606822506, 0, 0, 665, 665, 2, 9.61%, 0, 0, 2, 15.83, 6301, 11560
1606822512, 0, 0, 667, 667, 2, 9.61%, 0, 0, 2, 17.03, 6301, 11646
1606822517, 0, 0, 671, 671, 2, 9.61%, 0, 0, 2, 21.61, 6301, 11763
1606822522, 0, 0, 673, 673, 2, 9.61%, 0, 0, 2, 19.68, 6301, 11866
1606822527, 0, 0, 676, 676, 2, 9.61%, 0, 0, 2, 16.47, 6301, 11935
1606822532, 0, 0, 679, 679, 2, 9.61%, 0, 0, 2, 14.18, 6301, 12000
1606822537, 0, 0, 683, 683, 2, 9.62%, 0, 0, 2, 13.44, 6304, 12071
1606822542, 0, 0, 687, 687, 2, 9.62%, 0, 0, 2, 13.96, 6304, 12149
1606822547, 0, 0, 690, 690, 2, 9.62%, 0, 0, 2, 13.59, 6304, 12221
1606822553, 0, 0, 694, 694, 2, 9.62%, 0, 0, 2, 13.78, 6304, 12296
1606822558, 0, 0, 700, 700, 2, 9.73%, 0, 0, 2, 12.18, 6379, 12420
1606822573, 0, 0, 705, 705, 2, 9.73%, 0, 0, 2, 11.40, 6379, 12663
1606822578, 0, 0, 708, 708, 2, 9.73%, 0, 0, 2, 11.92, 6379, 12731
1606822584, 0, 0, 710, 710, 2, 9.73%, 0, 0, 2, 13.19, 6379, 12797
1606822589, 0, 0, 715, 715, 2, 9.73%, 0, 0, 2, 13.56, 6379, 12862
1606822594, 0, 0, 716, 716, 2, 9.73%, 0, 0, 2, 11.92, 6379, 12920
1606822599, 0, 0, 717, 717, 2, 9.73%, 0, 0, 2, 11.33, 6379, 12977
1606822604, 0, 0, 720, 720, 2, 9.73%, 0, 0, 2, 11.03, 6379, 13033
1606822624, 0, 0, 721, 721, 2, 9.73%, 0, 0, 2, 160.28, 6379, 13313
1606822630, 0, 0, 723, 723, 2, 9.73%, 0, 0, 2, 10.51, 6379, 13367
1606822671, 0, 0, 730, 730, 2, 9.76%, 0, 0, 2, 113.86, 6397, 14449
1606822676, 0, 0, 736, 736, 2, 9.76%, 0, 0, 2, 16.31, 6398, 14590
1606822681, 0, 0, 741, 741, 2, 9.76%, 0, 0, 2, 33.29, 6398, 15155
1606822686, 0, 0, 745, 745, 2, 9.77%, 0, 0, 2, 18.27, 6401, 15222
1606822692, 0, 0, 747, 747, 2, 9.77%, 0, 0, 2, 16.91, 6401, 15304
1606822697, 0, 0, 750, 750, 2, 9.77%, 0, 0, 2, 14.44, 6401, 15368
1606822702, 0, 0, 752, 752, 2, 9.77%, 0, 0, 2, 14.17, 6401, 15435
1606822707, 0, 0, 756, 756, 2, 9.77%, 0, 0, 2, 14.67, 6401, 15516
1606822712, 0, 0, 760, 760, 2, 9.77%, 0, 0, 2, 16.24, 6401, 15606
1606822717, 0, 0, 762, 762, 2, 9.77%, 0, 0, 2, 17.93, 6401, 15699
1606822722, 0, 0, 765, 765, 2, 9.77%, 0, 0, 2, 19.60, 6401, 15811
1606822727, 0, 0, 767, 767, 2, 9.77%, 0, 0, 2, 20.12, 6401, 15919
1606822732, 0, 0, 770, 770, 2, 9.77%, 0, 0, 2, 17.72, 6401, 16004
1606822738, 0, 0, 773, 773, 2, 9.77%, 0, 0, 2, 14.48, 6401, 16077
1606822743, 0, 0, 778, 778, 2, 9.77%, 0, 0, 2, 14.00, 6401, 16147
1606822748, 0, 0, 783, 783, 2, 9.77%, 0, 0, 2, 13.01, 6401, 16216
1606822753, 0, 0, 786, 786, 2, 9.77%, 0, 0, 2, 13.47, 6401, 16288
1606822758, 0, 0, 789, 789, 2, 9.77%, 0, 0, 2, 13.02, 6401, 16352
1606822763, 0, 0, 794, 794, 2, 9.77%, 0, 0, 2, 12.82, 6404, 16477
1606822768, 0, 0, 796, 796, 2, 9.77%, 0, 0, 2, 44.94, 6404, 16788
1606822774, 0, 0, 798, 798, 2, 9.77%, 0, 0, 2, 26.39, 6404, 16886
1606822779, 0, 0, 801, 801, 2, 9.77%, 0, 0, 2, 16.73, 6404, 16959
1606822784, 0, 0, 805, 805, 2, 9.77%, 0, 0, 2, 13.42, 6404, 17278
1606822789, 0, 0, 810, 810, 2, 9.77%, 0, 0, 2, 15.01, 6405, 17359
1606822794, 0, 0, 814, 814, 2, 9.77%, 0, 0, 2, 17.77, 6405, 17460
1606822800, 0, 0, 817, 817, 2, 9.77%, 0, 0, 2, 47.29, 6405, 17778
1606822805, 0, 0, 822, 822, 2, 9.77%, 0, 0, 2, 26.66, 6405, 17874
1606822810, 0, 0, 828, 828, 2, 9.77%, 0, 0, 2, 17.44, 6405, 17954
1606822820, 0, 0, 831, 831, 2, 9.79%, 0, 0, 2, 11.93, 6418, 18264
1606822892, 0, 0, 834, 834, 2, 9.79%, 0, 0, 2, 10.45, 6418, 19429
1606822897, 0, 0, 839, 839, 2, 9.79%, 0, 0, 2, 11.45, 6418, 19487
1606822912, 0, 0, 840, 840, 2, 9.79%, 0, 0, 2, 10.56, 6418, 19651
1606822923, 0, 0, 841, 841, 2, 9.79%, 0, 0, 2, 10.68, 6418, 19764
1606822928, 0, 0, 843, 843, 2, 9.79%, 0, 0, 2, 10.60, 6418, 19817
1606822948, 0, 0, 844, 844, 2, 9.79%, 0, 0, 2, 11.01, 6418, 20048
1606822954, 0, 0, 845, 845, 2, 9.79%, 0, 0, 2, 11.05, 6418, 20105
1606822979, 0, 0, 846, 846, 2, 9.79%, 0, 0, 2, 11.09, 6418, 20390
1606823005, 0, 0, 849, 849, 2, 9.79%, 0, 0, 2, 10.78, 6418, 20675
1606823010, 0, 0, 850, 850, 2, 9.79%, 0, 0, 2, 11.12, 6418, 20733
1606823041, 0, 0, 852, 852, 2, 9.79%, 0, 0, 2, 10.06, 6418, 21080
1606823082, 0, 0, 854, 854, 2, 9.79%, 0, 0, 2, 10.65, 6418, 21544
1606823220, 0, 0, 855, 855, 2, 9.79%, 0, 0, 2, 11.31, 6418, 23458
1606823527, 0, 0, 885, 885, 2, 9.82%, 0, 0, 2, 245.10, 6436, 29536
1606823532, 0, 0, 890, 890, 2, 9.82%, 0, 0, 2, 10.97, 6436, 29697
1606823537, 0, 0, 901, 901, 2, 9.82%, 0, 0, 2, 11.85, 6436, 31242
1606823542, 0, 0, 908, 908, 2, 9.82%, 0, 0, 2, 14.18, 6438, 31323
1606823548, 0, 0, 912, 912, 2, 9.82%, 0, 0, 2, 12.58, 6438, 31385
1606823553, 0, 0, 918, 918, 2, 9.82%, 0, 0, 2, 15.59, 6438, 31470
1606823558, 0, 0, 922, 922, 2, 9.82%, 0, 0, 2, 50.58, 6438, 31797
1606823563, 0, 0, 926, 926, 2, 9.82%, 0, 0, 2, 24.67, 6438, 31882
1606823568, 0, 0, 928, 928, 2, 9.83%, 0, 0, 2, 20.73, 6441, 31981
1606823573, 0, 0, 933, 933, 2, 9.83%, 0, 0, 2, 20.68, 6442, 32081
1606823578, 0, 0, 936, 936, 2, 9.83%, 0, 0, 2, 16.63, 6442, 32162
1606823583, 0, 0, 937, 937, 2, 9.83%, 0, 0, 2, 24.15, 6442, 32387
1606823588, 0, 0, 944, 944, 2, 9.83%, 0, 0, 2, 14.25, 6445, 34886
1606823594, 0, 0, 950, 950, 2, 9.83%, 0, 0, 2, 11.65, 6445, 35085
1606823599, 0, 0, 951, 951, 2, 9.83%, 0, 0, 2, 20.47, 6445, 35227
1606823614, 0, 0, 955, 955, 2, 9.84%, 0, 0, 2, 20.15, 6448, 36032
1606823619, 0, 0, 956, 956, 2, 9.84%, 0, 0, 2, 19.05, 6448, 36122
1606823624, 0, 0, 959, 959, 2, 9.84%, 0, 0, 2, 16.46, 6448, 36200
1606823629, 0, 0, 960, 960, 2, 9.84%, 0, 0, 2, 16.37, 6448, 36279
1606823634, 0, 0, 961, 961, 2, 9.84%, 0, 0, 2, 14.98, 6448, 36351
1606823645, 0, 0, 962, 962, 2, 9.84%, 0, 0, 2, 14.58, 6448, 36521
1606823650, 0, 0, 963, 963, 2, 9.84%, 0, 0, 2, 16.45, 6448, 36605
1606823655, 0, 0, 964, 964, 2, 9.84%, 0, 0, 2, 16.00, 6448, 36691
1606823660, 0, 0, 966, 966, 2, 9.84%, 0, 0, 2, 11.33, 6448, 36741
1606823665, 0, 0, 967, 967, 2, 9.84%, 0, 0, 2, 11.09, 6448, 36796
1606823676, 0, 0, 968, 968, 2, 9.84%, 0, 0, 2, 11.92, 6448, 36918
1606823681, 0, 0, 969, 969, 2, 9.84%, 0, 0, 2, 16.09, 6448, 37000
1606823686, 0, 0, 972, 972, 2, 9.84%, 0, 0, 2, 12.19, 6448, 37062
1606823691, 0, 0, 973, 973, 2, 9.84%, 0, 0, 2, 10.83, 6448, 37114
1606823701, 0, 0, 974, 974, 2, 9.84%, 0, 0, 2, 12.27, 6448, 37240
1606823706, 0, 0, 975, 975, 2, 9.84%, 0, 0, 2, 13.77, 6448, 37308
1606823711, 0, 0, 976, 976, 2, 9.84%, 0, 0, 2, 15.06, 6448, 37394
1606823722, 0, 0, 982, 982, 2, 9.84%, 0, 0, 2, 20.40, 6448, 37625
1606823732, 0, 0, 985, 985, 2, 9.84%, 0, 0, 2, 17.31, 6448, 37805
1606823737, 0, 0, 986, 986, 2, 9.84%, 0, 0, 2, 16.32, 6448, 37885
1606823742, 0, 0, 987, 987, 2, 9.84%, 0, 0, 2, 18.27, 6448, 37979
1606823753, 0, 0, 988, 988, 2, 9.84%, 0, 0, 2, 20.73, 6448, 38214
1606823793, 0, 0, 989, 989, 2, 9.84%, 0, 0, 2, 11.14, 6448, 39308
1606823799, 0, 0, 992, 992, 2, 9.84%, 0, 0, 2, 11.25, 6448, 39368
1606823809, 0, 0, 994, 994, 2, 9.84%, 0, 0, 2, 19.17, 6448, 39701
1606823814, 0, 0, 995, 995, 2, 9.84%, 0, 0, 2, 29.39, 6448, 39855
1606823834, 0, 0, 996, 996, 2, 9.84%, 0, 0, 2, 16.73, 6448, 40207
1606823844, 0, 0, 998, 998, 2, 9.84%, 0, 0, 2, 12.51, 6448, 40451
1606823865, 0, 0, 1000, 1000, 2, 9.84%, 0, 0, 2, 14.13, 6448, 40763
1606823870, 0, 0, 1001, 1001, 2, 9.84%, 0, 0, 2, 16.07, 6448, 40852
1606823880, 0, 0, 1002, 1002, 2, 9.84%, 0, 0, 2, 13.54, 6448, 40980
1606823885, 0, 0, 1003, 1003, 2, 9.84%, 0, 0, 2, 21.37, 6448, 41095
1606823890, 0, 0, 1004, 1004, 2, 9.84%, 0, 0, 2, 83.68, 6448, 41231
1606823895, 0, 0, 1006, 1006, 2, 9.84%, 0, 0, 2, 24.68, 6448, 41395
1606823901, 0, 0, 1009, 1009, 2, 9.84%, 0, 0, 2, 14.15, 6448, 41450
1606823916, 0, 0, 1011, 1011, 2, 9.84%, 0, 0, 2, 15.88, 6448, 41777
1606823926, 0, 0, 1013, 1013, 2, 9.84%, 0, 0, 2, 15.27, 6448, 41928
1606823931, 0, 0, 1014, 1014, 2, 9.84%, 0, 0, 2, 16.16, 6448, 42015
1606823947, 0, 0, 1015, 1015, 2, 9.84%, 0, 0, 2, 99.50, 6448, 42293
1606823952, 0, 0, 1016, 1016, 2, 9.84%, 0, 0, 2, 17.61, 6448, 42388
1606823957, 0, 0, 1017, 1017, 2, 9.84%, 0, 0, 2, 11.99, 6449, 42651
1606824024, 0, 0, 1022, 1022, 2, 9.84%, 0, 0, 2, 11.66, 6449, 54129
1606824029, 0, 0, 1023, 1023, 2, 9.84%, 0, 0, 2, 24.69, 6449, 57209
1606824055, 0, 0, 1024, 1024, 2, 9.84%, 0, 0, 2, 21.20, 6449, 58219
1606824075, 0, 0, 1026, 1026, 2, 9.84%, 0, 0, 2, 15.09, 6449, 58618
1606824080, 0, 0, 1029, 1029, 2, 9.84%, 0, 0, 2, 13.66, 6451, 58946
1606824096, 0, 0, 1031, 1031, 2, 9.84%, 0, 0, 2, 18.09, 6452, 69311
1606824101, 0, 0, 1033, 1033, 2, 9.85%, 0, 0, 2, 13.82, 6453, 69411
1606824106, 0, 0, 1035, 1035, 2, 9.85%, 0, 0, 2, 13.01, 6453, 69480
1606824111, 0, 0, 1036, 1036, 2, 9.85%, 0, 0, 2, 12.75, 6453, 69547
1606824127, 0, 0, 1038, 1038, 2, 9.85%, 0, 0, 2, 13.31, 6453, 69750
1606824132, 0, 0, 1040, 1040, 2, 9.85%, 0, 0, 2, 12.63, 6453, 69812
1606824152, 0, 0, 1052, 1052, 2, 9.87%, 0, 0, 2, 39.41, 6471, 70653
1606824157, 0, 0, 1053, 1053, 2, 9.87%, 0, 0, 2, 21.02, 6471, 70724
1606824163, 0, 0, 1058, 1058, 2, 9.87%, 0, 0, 2, 22.11, 6471, 70837
1606824168, 0, 0, 1060, 1060, 2, 9.87%, 0, 0, 2, 24.56, 6471, 70971
1606824178, 0, 0, 1061, 1061, 2, 9.87%, 0, 0, 2, 17.80, 6471, 71201
1606824183, 0, 0, 1062, 1062, 2, 9.87%, 0, 0, 2, 17.42, 6471, 71298
1606824214, 0, 0, 1066, 1066, 2, 9.88%, 0, 0, 2, 43.09, 6473, 71925
1606824219, 0, 0, 1069, 1069, 2, 9.88%, 0, 0, 2, 31.55, 6473, 72067
1606824224, 0, 0, 1071, 1071, 2, 9.88%, 0, 0, 2, 33.09, 6473, 72252
1606824229, 0, 0, 1073, 1073, 2, 9.88%, 0, 0, 2, 31.73, 6473, 72433
1606824245, 0, 0, 1074, 1074, 2, 9.88%, 0, 0, 2, 46.33, 6473, 73314
1606824260, 0, 0, 1077, 1077, 2, 9.89%, 0, 0, 2, 869.92, 6484, 76460
1606824265, 0, 0, 1080, 1080, 2, 9.90%, 0, 0, 2, 29.28, 6490, 76605
1606824271, 0, 0, 1085, 1085, 2, 9.92%, 0, 0, 2, 31.33, 6499, 76800
1606824276, 0, 0, 1086, 1086, 2, 9.92%, 0, 0, 2, 27.45, 6499, 76932
1606824281, 0, 0, 1088, 1088, 2, 9.92%, 0, 0, 2, 18.54, 6499, 77009
1606824296, 0, 0, 1090, 1090, 2, 9.92%, 0, 0, 2, 24.03, 6499, 77367
1606824301, 0, 0, 1092, 1092, 2, 9.92%, 0, 0, 2, 30.01, 6499, 77524
1606824312, 0, 0, 1093, 1093, 2, 9.92%, 0, 0, 2, 22.57, 6499, 77949
1606824317, 0, 0, 1096, 1096, 2, 9.92%, 0, 0, 2, 11.98, 6499, 78120
1606824322, 0, 0, 1098, 1098, 2, 9.92%, 0, 0, 2, 25.53, 6499, 78437
1606824338, 0, 0, 1101, 1101, 2, 9.92%, 0, 0, 2, 13.46, 6499, 78826
1606824343, 0, 0, 1102, 1102, 2, 9.92%, 0, 0, 2, 26.82, 6499, 78961
1606824348, 0, 0, 1103, 1103, 2, 9.92%, 0, 0, 2, 26.03, 6499, 79067
1606824353, 0, 0, 1106, 1106, 2, 9.92%, 0, 0, 2, 12.36, 6499, 79246
1606824368, 0, 0, 1108, 1108, 2, 9.92%, 0, 0, 2, 10.38, 6502, 79655
1606824420, 0, 0, 1111, 1111, 2, 9.92%, 0, 0, 2, 154.93, 6504, 80871
1606824425, 0, 0, 1114, 1114, 2, 9.92%, 0, 0, 2, 11.86, 6504, 81072
1606824430, 0, 0, 1118, 1118, 2, 9.92%, 0, 0, 2, 79.07, 6504, 81254
1606824440, 0, 0, 1119, 1119, 2, 9.92%, 0, 0, 2, 110.86, 6504, 81781
1606824450, 0, 0, 1123, 1123, 2, 9.92%, 0, 0, 2, 11.58, 6504, 83425
1606824462, 0, 0, 1130, 1130, 2, 9.93%, 0, 0, 2, 46.72, 6505, 89363
1606824472, 0, 0, 1131, 1131, 2, 9.93%, 0, 0, 2, 12.88, 6505, 90037
1606824482, 0, 0, 1134, 1134, 2, 9.93%, 0, 0, 2, 14.84, 6505, 90395
1606824487, 0, 0, 1136, 1136, 2, 9.93%, 0, 0, 2, 12.95, 6505, 90465
1606824493, 0, 0, 1138, 1138, 2, 9.93%, 0, 0, 2, 17.48, 6505, 90562
1606824498, 0, 0, 1140, 1140, 2, 9.93%, 0, 0, 2, 9.58, 6505, 90669
1606824503, 0, 0, 1141, 1141, 2, 9.93%, 0, 0, 2, 18.21, 6505, 90780
1606824518, 0, 0, 1143, 1143, 2, 9.93%, 0, 0, 2, 23.02, 6505, 91299
1606824524, 0, 0, 1144, 1144, 2, 9.93%, 0, 0, 2, 19.29, 6505, 91510
1606824544, 0, 0, 1147, 1147, 2, 9.93%, 0, 0, 2, 13.06, 6505, 92322
1606824554, 0, 0, 1148, 1148, 2, 9.93%, 0, 0, 2, 31.08, 6505, 92936
1606824560, 0, 0, 1149, 1149, 2, 9.93%, 0, 0, 2, 27.77, 6505, 93071
1606824570, 0, 0, 1150, 1150, 2, 9.93%, 0, 0, 2, 22.29, 6505, 93654
1606824580, 0, 0, 1151, 1151, 2, 9.93%, 0, 0, 2, 31.34, 6505, 94034
1606824585, 0, 0, 1154, 1154, 2, 9.93%, 0, 0, 2, 21.21, 6505, 94124
1606824590, 0, 0, 1156, 1156, 2, 9.93%, 0, 0, 2, 24.47, 6505, 94230
1606824601, 0, 0, 1157, 1157, 2, 9.93%, 0, 0, 2, 19.92, 6505, 94526
1606824606, 0, 0, 1160, 1160, 2, 9.93%, 0, 0, 2, 11.59, 6509, 94959
1606824622, 0, 0, 1162, 1162, 2, 9.93%, 0, 0, 2, 10.36, 6509, 95237
1606824688, 0, 0, 1163, 1163, 2, 9.93%, 0, 0, 2, 9.46, 6509, 96205
1606824693, 0, 0, 1164, 1164, 2, 9.93%, 0, 0, 2, 11.73, 6509, 96266
1606824755, 0, 0, 1171, 1171, 2, 9.94%, 0, 0, 2, 43.48, 6513, 97803
1606824760, 0, 0, 1175, 1175, 2, 9.97%, 0, 0, 2, 341.35, 6535, 99384
1606824765, 0, 0, 1180, 1180, 2, 9.97%, 0, 0, 2, 35.35, 6535, 99995
1606824770, 0, 0, 1183, 1183, 2, 9.97%, 0, 0, 2, 184.62, 6535, 100610
1606824775, 0, 0, 1185, 1185, 2, 9.97%, 0, 0, 2, 11.90, 6536, 100936
1606824795, 0, 0, 1188, 1188, 2, 9.97%, 0, 0, 2, 11.04, 6536, 101237
1606824801, 0, 0, 1189, 1189, 2, 9.97%, 0, 0, 2, 12.31, 6536, 101305
1606824806, 0, 0, 1190, 1190, 2, 9.97%, 0, 0, 2, 12.48, 6536, 101370
1606824811, 0, 0, 1192, 1192, 2, 9.97%, 0, 0, 2, 13.26, 6536, 101441
1606824867, 0, 0, 1193, 1193, 2, 9.97%, 0, 0, 2, 12.52, 6536, 102268
1606824935, 0, 0, 1196, 1196, 2, 9.97%, 0, 0, 2, 9.92, 6536, 105551
1606824940, 0, 0, 1202, 1202, 2, 9.97%, 0, 0, 2, 40.04, 6536, 106314
1606824945, 0, 0, 1207, 1207, 2, 9.99%, 0, 0, 2, 60.91, 6548, 106774
1606824950, 0, 0, 1208, 1208, 2, 9.99%, 0, 0, 2, 27.95, 6548, 107134
1606824955, 0, 0, 1222, 1222, 2, 9.99%, 0, 0, 2, 555.37, 6549, 108378
1606824960, 0, 0, 1231, 1231, 2, 10.01%, 0, 0, 2, 854.56, 6562, 110074
1606824965, 0, 1, 1260, 1259, 155, 10.07%, 0, 0, 2, 1687.97, 6597, 117818
1606824970, 0, 1, 1261, 1260, 155, 10.08%, 0, 0, 2, 2585.05, 6607, 127454
1606824975, 0, 1, 1263, 1262, 155, 10.08%, 0, 0, 2, 2631.06, 6609, 138415
1606824980, 0, 8, 1274, 1271, 160, 10.11%, 0, 0, 2, 11.82, 6627, 147296
1606825247, 0, 8, 1275, 1272, 160, 10.12%, 0, 0, 3, 15.07, 6633, 153014
1606826206, 0, 8, 1276, 1273, 160, 10.12%, 0, 0, 3, 22.50, 6635, 174762
1606826211, 0, 8, 1277, 1274, 160, 10.13%, 0, 0, 3, 28.26, 6637, 175399
1606827447, 0, 8, 1280, 1277, 160, 10.13%, 0, 0, 3, 580.48, 6639, 245322
1606827452, 0, 8, 1284, 1281, 160, 10.13%, 0, 0, 3, 481.53, 6639, 246853
1606827457, 0, 8, 1288, 1285, 160, 10.13%, 0, 0, 3, 487.38, 6641, 248532
1606827462, 0, 8, 1291, 1288, 160, 10.13%, 0, 0, 3, 269.47, 6641, 250543
1606827468, 0, 11, 1293, 1289, 164, 10.13%, 0, 0, 3, 182.87, 6641, 254910
1606827474, 0, 11, 1294, 1290, 164, 10.13%, 0, 0, 3, 236.38, 6641, 262583
1606827526, 0, 12, 1295, 1290, 162, 10.13%, 0, 0, 3, 95.85, 6641, 320536
1606827594, 0, 17, 1295, 1289, 161, 10.13%, 0, 0, 3, 2522.05, 6641, 412763
1606827604, 0, 18, 1295, 1288, 160, 10.13%, 0, 0, 3, 2865.65, 6641, 441468
1606827615, 0, 20, 1297, 1289, 159, 10.13%, 0, 0, 3, 3033.43, 6641, 472804
1606827620, 0, 22, 1297, 1288, 158, 10.13%, 0, 0, 3, 2456.55, 6641, 484318
1606827661, 0, 178, 1297, 1287, 157, 10.13%, 0, 0, 3, 2639.67, 6641, 584835
1606827671, 0, 207, 1298, 1287, 156, 10.14%, 0, 0, 3, 2932.91, 6644, 613727
1606827696, 0, 213, 1298, 1286, 156, 10.14%, 0, 0, 3, 3162.91, 6644, 692360
1606827706, 0, 215, 1299, 1286, 155, 10.14%, 0, 0, 3, 3133.06, 6646, 724125
1606827717, 0, 217, 1299, 1285, 155, 10.14%, 0, 0, 3, 3129.33, 6646, 756261
1606827732, 0, 219, 1299, 1284, 154, 10.14%, 0, 0, 3, 3053.99, 6646, 804219
1606827742, 0, 223, 1299, 1283, 153, 10.14%, 0, 0, 3, 3089.90, 6646, 836350
1606827757, 0, 226, 1299, 1282, 152, 10.14%, 0, 0, 3, 3093.24, 6646, 883906
1606827768, 0, 229, 1299, 1281, 151, 10.14%, 0, 0, 3, 3088.88, 6646, 915829
1606827783, 0, 234, 1299, 1280, 150, 10.14%, 0, 0, 3, 2813.98, 6646, 961780
1606827798, 0, 236, 1299, 1279, 149, 10.14%, 0, 0, 3, 2607.40, 6646, 1004552
1606827818, 0, 236, 1300, 1280, 149, 10.14%, 0, 0, 3, 2680.50, 6646, 1051802
1606827829, 0, 246, 1300, 1279, 148, 10.14%, 0, 0, 3, 2560.85, 6646, 1076339
1606827844, 0, 250, 1300, 1278, 147, 10.14%, 0, 0, 3, 2664.29, 6646, 1118351
1606827859, 0, 261, 1302, 1279, 146, 10.14%, 0, 0, 3, 2660.87, 6646, 1160640
1606827879, 0, 263, 1303, 1279, 145, 10.14%, 0, 0, 3, 2472.33, 6646, 1214277
1606827900, 0, 265, 1303, 1278, 144, 10.14%, 0, 0, 3, 2441.86, 6646, 1267368
1606827920, 0, 265, 1305, 1280, 144, 10.14%, 0, 0, 3, 1964.16, 6648, 1314024
1606827925, 0, 270, 1305, 1279, 143, 10.14%, 0, 0, 3, 1675.83, 6648, 1322081
1606827956, 0, 272, 1305, 1278, 142, 10.14%, 0, 0, 3, 1620.19, 6648, 1375045
1606827991, 0, 277, 1306, 1278, 141, 10.14%, 0, 0, 3, 1702.97, 6648, 1436565
1606828022, 0, 282, 1306, 1277, 140, 10.14%, 0, 0, 3, 1563.13, 6648, 1489481
1606828073, 0, 284, 1306, 1276, 139, 10.14%, 0, 0, 3, 15.31, 6648, 1560025
1606828129, 0, 286, 1306, 1275, 138, 10.14%, 0, 0, 3, 1152.10, 6648, 1561982
1606828181, 0, 337, 1306, 1274, 137, 10.14%, 0, 0, 3, 1536.36, 6648, 1638575
1606828191, 0, 337, 1307, 1275, 137, 10.14%, 0, 0, 3, 1958.36, 6648, 1655358
1606828212, 0, 344, 1307, 1274, 136, 10.14%, 0, 0, 3, 1587.45, 6648, 1691057
1606828252, 0, 360, 1308, 1274, 135, 10.15%, 0, 0, 3, 1501.45, 6650, 1759208
1606828299, 0, 362, 1308, 1273, 135, 10.15%, 0, 0, 3, 1491.43, 6650, 1828325
1606828346, 0, 363, 1308, 1272, 134, 10.15%, 0, 0, 3, 1514.97, 6650, 1898050
1606828393, 0, 364, 1308, 1271, 133, 10.15%, 0, 0, 3, 1499.00, 6650, 1967843
1606828439, 0, 365, 1308, 1270, 132, 10.15%, 0, 0, 3, 1537.62, 6650, 2037240
1606828486, 0, 366, 1308, 1269, 131, 10.15%, 0, 0, 3, 1555.04, 6650, 2108531
1606828532, 0, 453, 1308, 1268, 130, 10.15%, 0, 0, 3, 8.30, 6650, 2173808
1606828583, 0, 456, 1308, 1267, 129, 10.15%, 0, 0, 3, 49.50, 6650, 2174282
1606828588, 0, 456, 1309, 1268, 129, 10.15%, 0, 0, 3, 9.20, 6650, 2174504
1606828608, 0, 456, 1311, 1270, 129, 10.15%, 0, 0, 3, 8.42, 6650, 2174736
1606828614, 0, 456, 1312, 1271, 129, 10.15%, 0, 0, 3, 8.45, 6650, 2174781
1606828624, 0, 456, 1313, 1272, 129, 10.15%, 0, 0, 3, 8.36, 6650, 2174865
1606828731, 0, 456, 1314, 1273, 129, 10.15%, 0, 0, 3, 11.58, 6650, 2176417
1606828896, 0, 456, 1315, 1274, 129, 10.15%, 0, 0, 3, 8.62, 6650, 2178680
1606828947, 0, 456, 1316, 1275, 129, 10.15%, 0, 0, 3, 53.60, 6650, 2179497
1606828957, 0, 456, 1317, 1276, 129, 10.15%, 0, 0, 3, 9.79, 6650, 2180313
1606828988, 0, 456, 1318, 1277, 129, 10.15%, 0, 0, 3, 14.40, 6650, 2180699
1606829029, 0, 456, 1319, 1278, 129, 10.15%, 0, 0, 3, 8.64, 6650, 2181291
1606829059, 0, 456, 1321, 1280, 129, 10.15%, 0, 0, 3, 10.89, 6650, 2181611
1606829120, 0, 456, 1323, 1282, 129, 10.15%, 0, 0, 3, 23.15, 6650, 2183673
1606829125, 0, 456, 1324, 1283, 129, 10.15%, 0, 0, 3, 15.87, 6650, 2183743
1606829130, 0, 456, 1325, 1284, 129, 10.15%, 0, 0, 3, 12.62, 6650, 2183805
1606829140, 0, 456, 1326, 1285, 129, 10.15%, 0, 0, 3, 19.61, 6650, 2183984
1606829176, 0, 456, 1327, 1286, 129, 10.15%, 0, 0, 3, 9.06, 6650, 2184680
1606829191, 0, 456, 1328, 1287, 129, 10.15%, 0, 0, 3, 20.15, 6650, 2185381
1606829196, 0, 456, 1330, 1289, 129, 10.15%, 0, 0, 3, 17.01, 6650, 2185473
1606829263, 0, 456, 1331, 1290, 129, 10.15%, 0, 0, 3, 9.80, 6650, 2187280
1606829268, 0, 456, 1332, 1291, 129, 10.15%, 0, 0, 3, 10.56, 6650, 2187334
1606829294, 0, 456, 1333, 1292, 129, 10.15%, 0, 0, 3, 10.22, 6650, 2187609
1606829309, 0, 456, 1334, 1293, 129, 10.15%, 0, 0, 3, 11.01, 6650, 2187781
1606829432, 0, 456, 1335, 1294, 129, 10.15%, 0, 0, 3, 13.40, 6650, 2189270
1606829774, 0, 456, 1338, 1297, 129, 10.15%, 0, 0, 3, 16.88, 6650, 2196974
1606829779, 0, 456, 1342, 1301, 129, 10.15%, 0, 0, 3, 23.90, 6650, 2198628
1606829784, 0, 456, 1346, 1305, 129, 10.15%, 0, 0, 3, 17.40, 6652, 2198715
1606829789, 0, 456, 1349, 1308, 129, 10.15%, 0, 0, 3, 321.10, 6652, 2199061
1606829810, 0, 456, 1350, 1309, 129, 10.15%, 0, 0, 3, 1904.46, 6652, 2201991
1606829815, 0, 456, 1352, 1311, 129, 10.15%, 0, 0, 3, 32.49, 6652, 2202241
1606829841, 0, 456, 1354, 1313, 129, 10.15%, 0, 0, 3, 15.47, 6652, 2203255
1606829877, 0, 456, 1355, 1314, 129, 10.15%, 0, 0, 3, 10.88, 6652, 2203749
1606829928, 0, 456, 1356, 1315, 129, 10.15%, 0, 0, 3, 22.90, 6652, 2204483
1606829984, 0, 456, 1357, 1316, 129, 10.15%, 0, 0, 3, 15.62, 6652, 2205702
1606830004, 0, 456, 1358, 1317, 129, 10.15%, 0, 0, 3, 180.62, 6652, 2206306
1606830076, 0, 456, 1359, 1318, 129, 10.15%, 0, 0, 3, 18.33, 6652, 2207559
1606830086, 0, 456, 1360, 1319, 129, 10.15%, 0, 0, 3, 12.12, 6652, 2207680
1606830107, 0, 456, 1361, 1320, 129, 10.15%, 0, 0, 3, 15.55, 6652, 2208111
1606830219, 0, 456, 1362, 1321, 129, 10.15%, 0, 0, 3, 8.41, 6652, 2220713
1606830296, 0, 456, 1365, 1324, 129, 10.15%, 0, 0, 3, 16.41, 6652, 2235919
1606830306, 0, 456, 1368, 1327, 129, 10.15%, 0, 0, 3, 10.62, 6652, 2236028
1606830311, 0, 456, 1369, 1328, 129, 10.15%, 0, 0, 3, 12.27, 6652, 2236091
1606830322, 0, 456, 1370, 1329, 129, 10.15%, 0, 0, 3, 9.85, 6652, 2236257
1606830347, 0, 456, 1371, 1330, 129, 10.15%, 0, 0, 3, 15.15, 6652, 2237128
1606830393, 0, 456, 1372, 1331, 129, 10.15%, 0, 0, 3, 29.29, 6652, 2238244
1606830399, 0, 456, 1374, 1333, 129, 10.15%, 0, 0, 3, 28.30, 6652, 2238403
1606830419, 0, 456, 1375, 1334, 129, 10.15%, 0, 0, 3, 9.42, 6652, 2239472
1606830516, 0, 456, 1376, 1335, 129, 10.15%, 0, 0, 3, 16.14, 6652, 2245053
1606830521, 0, 456, 1377, 1336, 129, 10.15%, 0, 0, 3, 132.78, 6652, 2245237
1606830527, 0, 456, 1378, 1337, 129, 10.15%, 0, 0, 3, 10.56, 6652, 2245317
1606830588, 0, 456, 1379, 1338, 129, 10.15%, 0, 0, 3, 43.94, 6652, 2247224
1606830598, 0, 456, 1380, 1339, 129, 10.15%, 0, 0, 3, 48.55, 6652, 2247750
1606830639, 0, 456, 1382, 1341, 129, 10.15%, 0, 0, 3, 23.92, 6652, 2256230
1606830726, 0, 456, 1384, 1343, 129, 10.15%, 0, 0, 3, 22.76, 6652, 2259392
1606830751, 0, 456, 1385, 1344, 129, 10.15%, 0, 0, 3, 22.66, 6652, 2260136
1606830890, 0, 456, 1386, 1345, 129, 10.15%, 0, 0, 3, 109.51, 6652, 2266081
1606830910, 0, 456, 1388, 1347, 129, 10.15%, 0, 0, 3, 10.96, 6652, 2266689
1606830921, 0, 456, 1389, 1348, 129, 10.15%, 0, 0, 3, 11.10, 6652, 2266804
1606831033, 0, 456, 1391, 1350, 129, 10.15%, 0, 0, 3, 418.83, 6652, 2271679
1606831069, 0, 456, 1395, 1354, 129, 10.15%, 0, 0, 3, 17.23, 6653, 2273732
1606831074, 0, 456, 1397, 1356, 129, 10.15%, 0, 0, 3, 19.62, 6653, 2273828
1606831084, 0, 456, 1399, 1358, 129, 10.15%, 0, 0, 3, 20.84, 6653, 2274157
1606831089, 0, 456, 1401, 1360, 129, 10.15%, 0, 0, 3, 48.78, 6653, 2274354
1606831095, 0, 463, 1401, 1359, 128, 10.15%, 0, 0, 3, 15.40, 6653, 2274912
1606831177, 0, 463, 1403, 1361, 128, 10.15%, 0, 0, 3, 52.72, 6653, 2276716
1606831182, 0, 463, 1405, 1363, 128, 10.15%, 0, 0, 3, 37.21, 6653, 2276987
1606831238, 0, 463, 1406, 1364, 128, 10.15%, 0, 0, 3, 13.95, 6653, 2278110
1606831244, 0, 463, 1407, 1365, 128, 10.15%, 0, 0, 3, 13.38, 6653, 2278173
1606831325, 0, 463, 1408, 1366, 128, 10.15%, 0, 0, 3, 1448.89, 6653, 2280037
1606831331, 0, 463, 1409, 1367, 128, 10.15%, 0, 0, 3, 625.45, 6653, 2280504
1606831469, 0, 463, 1410, 1368, 128, 10.15%, 0, 0, 3, 25.86, 6653, 2283950
1606831474, 0, 463, 1412, 1370, 128, 10.15%, 0, 0, 3, 15.35, 6653, 2284013
1606831479, 0, 463, 1413, 1371, 128, 10.15%, 0, 0, 3, 12.98, 6653, 2284082
1606831510, 0, 463, 1414, 1372, 128, 10.15%, 0, 0, 3, 15.87, 6653, 2284665
1606831546, 0, 463, 1415, 1373, 128, 10.15%, 0, 0, 3, 43.30, 6653, 2286036
1606832120, 0, 463, 1418, 1376, 128, 10.15%, 0, 0, 3, 34.17, 6653, 2298822
1606832125, 0, 463, 1420, 1378, 128, 10.15%, 0, 0, 3, 22.90, 6653, 2298920
1606832130, 0, 463, 1421, 1379, 128, 10.15%, 0, 0, 3, 25.64, 6653, 2299279
1606832146, 0, 463, 1422, 1380, 128, 10.15%, 0, 0, 3, 15.77, 6653, 2299551
1606832724, 0, 463, 1423, 1381, 128, 10.15%, 0, 0, 3, 13.99, 6653, 2324895
1606832847, 0, 463, 1424, 1382, 128, 10.15%, 0, 0, 3, 16.18, 6653, 2337181
1606833078, 0, 463, 1425, 1383, 128, 10.15%, 0, 0, 3, 147.32, 6653, 2346844
1606833130, 0, 463, 1426, 1384, 128, 10.15%, 0, 0, 3, 44.72, 6653, 2355977
1606833135, 0, 463, 1428, 1386, 128, 10.15%, 0, 0, 3, 10.97, 6653, 2356095
1606833140, 0, 463, 1429, 1387, 128, 10.15%, 0, 0, 3, 12.38, 6653, 2356203
1606833156, 0, 463, 1430, 1388, 128, 10.15%, 0, 0, 3, 18.53, 6653, 2356518
1606833176, 0, 463, 1431, 1389, 128, 10.15%, 0, 0, 3, 15.40, 6653, 2357082
1606833232, 0, 463, 1432, 1390, 128, 10.15%, 0, 0, 3, 19.19, 6653, 2359568
1606833412, 0, 463, 1433, 1391, 128, 10.15%, 0, 0, 3, 10.96, 6653, 2366642
1606833530, 0, 463, 1434, 1392, 128, 10.15%, 0, 0, 3, 476.25, 6653, 2371604
1606833566, 0, 463, 1436, 1394, 128, 10.15%, 0, 0, 3, 19.66, 6653, 2373670
1606833576, 0, 463, 1438, 1396, 128, 10.15%, 0, 0, 3, 36.34, 6653, 2374030
1606833582, 0, 502, 1439, 1396, 127, 10.15%, 0, 0, 3, 11.78, 6653, 2374697
1606833587, 0, 502, 1440, 1397, 127, 10.15%, 0, 0, 3, 16.15, 6655, 2374799
1606833700, 0, 502, 1441, 1398, 127, 10.15%, 0, 0, 3, 46.80, 6655, 2376619
1606833725, 0, 502, 1442, 1399, 127, 10.15%, 0, 0, 3, 13.27, 6655, 2377424
1606833741, 0, 502, 1443, 1400, 127, 10.15%, 0, 0, 3, 20.14, 6655, 2377674
1606833771, 0, 502, 1444, 1401, 127, 10.16%, 0, 0, 3, 12.00, 6657, 2378141
1606833833, 0, 502, 1445, 1402, 127, 10.16%, 0, 0, 3, 9.56, 6657, 2378848
1606833885, 0, 502, 1446, 1403, 127, 10.16%, 0, 0, 3, 37.07, 6657, 2379985
1606833900, 0, 502, 1447, 1404, 127, 10.16%, 0, 0, 3, 12.91, 6657, 2380665
1606833946, 0, 502, 1448, 1405, 127, 10.17%, 0, 0, 3, 10.41, 6664, 2381463
1606833982, 0, 502, 1449, 1406, 127, 10.17%, 0, 0, 3, 10.03, 6664, 2381877
1606834106, 0, 502, 1450, 1407, 127, 10.17%, 0, 0, 3, 13.33, 6664, 2384654
1606834121, 0, 502, 1451, 1408, 127, 10.17%, 0, 0, 3, 17.21, 6664, 2385165
1606834131, 0, 502, 1452, 1409, 127, 10.17%, 0, 0, 3, 20.77, 6664, 2385590
1606834270, 0, 502, 1454, 1411, 127, 10.17%, 0, 0, 3, 10.25, 6664, 2387839
1606834341, 0, 502, 1455, 1412, 127, 10.17%, 0, 0, 3, 9.66, 6664, 2388564
1606834397, 0, 563, 1455, 1411, 128, 10.17%, 0, 0, 3, 1453.59, 6664, 2395888
1606834464, 0, 564, 1455, 1410, 127, 10.17%, 0, 0, 3, 1238.68, 6664, 2491492
1606834536, 0, 565, 1455, 1409, 126, 10.17%, 0, 0, 3, 1307.97, 6664, 2594179
1606834602, 0, 569, 1455, 1408, 125, 10.17%, 0, 0, 3, 1754.72, 6664, 2691390
1606834607, 0, 585, 1455, 1407, 124, 10.17%, 0, 0, 3, 71.71, 6664, 2693482
1606834780, 0, 585, 1456, 1408, 124, 10.17%, 0, 0, 3, 11.19, 6664, 2696119
1606834877, 0, 589, 1456, 1407, 123, 10.17%, 0, 0, 3, 9.95, 6664, 2697372
1606834928, 0, 607, 1457, 1407, 123, 10.17%, 0, 0, 3, 1501.34, 6664, 2703923
1606834939, 0, 607, 1458, 1408, 123, 10.17%, 0, 0, 3, 1565.08, 6664, 2719857
1606834944, 0, 607, 1459, 1409, 123, 10.17%, 0, 0, 3, 1514.56, 6664, 2727702
1606834964, 0, 607, 1463, 1413, 123, 10.17%, 0, 0, 3, 1578.28, 6664, 2762643
1606834985, 0, 614, 1464, 1413, 122, 10.17%, 0, 0, 3, 8.27, 6664, 2790012
1606835030, 0, 626, 1464, 1412, 121, 10.17%, 0, 0, 3, 1637.49, 6664, 2791775
1606835082, 0, 627, 1464, 1411, 120, 10.17%, 0, 0, 3, 8.81, 6664, 2864223
1606835133, 0, 654, 1464, 1410, 119, 10.17%, 0, 0, 3, 25.70, 6664, 2864938
1606835178, 0, 680, 1464, 1409, 118, 10.17%, 0, 0, 3, 10.99, 6664, 2865519
1606835229, 0, 697, 1464, 1408, 117, 10.17%, 0, 0, 3, 1226.23, 6664, 2872856
1606835295, 0, 698, 1464, 1407, 116, 10.17%, 0, 0, 3, 1461.03, 6664, 2968531
1606835368, 0, 699, 1464, 1406, 115, 10.17%, 0, 0, 3, 8.21, 6664, 3067361
1606835414, 0, 724, 1464, 1405, 114, 10.17%, 0, 0, 3, 759.99, 6664, 3069249
1606835419, 0, 724, 1491, 1432, 114, 10.17%, 0, 0, 3, 1042.65, 6664, 3075037
1606835424, 0, 724, 1496, 1437, 114, 10.17%, 0, 0, 3, 1113.71, 6664, 3080671
1606835434, 0, 724, 1509, 1450, 114, 10.19%, 0, 0, 3, 1222.43, 6676, 3091299
1606835439, 0, 724, 1511, 1452, 114, 10.19%, 0, 0, 3, 1209.68, 6676, 3097709
1606835454, 0, 724, 1512, 1453, 114, 10.19%, 0, 0, 3, 1439.40, 6676, 3119651
1606835470, 0, 724, 1513, 1454, 114, 10.19%, 0, 0, 3, 1439.14, 6676, 3142573
1606835490, 0, 725, 1513, 1453, 116, 10.19%, 0, 0, 3, 1375.50, 6676, 3169418
1606835500, 0, 725, 1514, 1454, 116, 10.19%, 0, 0, 3, 2047.40, 6676, 3190523
1606835510, 0, 727, 1514, 1453, 116, 10.19%, 0, 0, 3, 1940.85, 6676, 3211327
1606835541, 0, 728, 1514, 1452, 115, 10.19%, 0, 0, 3, 1561.82, 6676, 3263725
1606835598, 0, 735, 1514, 1451, 114, 10.19%, 0, 0, 3, 21.28, 6676, 3337805
1606835644, 0, 746, 1514, 1450, 113, 10.19%, 0, 0, 3, 8.23, 6676, 3338412
1606835690, 0, 774, 1514, 1449, 112, 10.19%, 0, 0, 3, 29.89, 6676, 3338930
1606835725, 0, 774, 1515, 1450, 112, 10.19%, 0, 0, 3, 8.33, 6676, 3339385
1606835771, 0, 795, 1516, 1450, 111, 10.19%, 0, 0, 3, 662.51, 6678, 3342506
1606835776, 0, 795, 1517, 1451, 111, 10.19%, 0, 0, 3, 722.01, 6678, 3345862
1606835806, 0, 795, 1519, 1453, 111, 10.19%, 0, 0, 3, 1138.57, 6678, 3367929
1606835878, 0, 795, 1520, 1454, 111, 10.19%, 0, 0, 3, 789.82, 6678, 3437682
1606835888, 0, 828, 1520, 1453, 112, 10.19%, 0, 0, 3, 1488.61, 6678, 3450536
1606835903, 0, 828, 1521, 1454, 112, 10.19%, 0, 0, 3, 1928.97, 6678, 3479374
1606835908, 0, 829, 1521, 1453, 112, 10.19%, 0, 0, 3, 9.54, 6678, 3485063
1606835959, 0, 864, 1537, 1468, 111, 10.20%, 0, 0, 3, 1073.99, 6684, 3491034
1606835964, 0, 864, 1541, 1472, 111, 10.20%, 0, 0, 3, 1239.80, 6684, 3497410
1606835974, 0, 864, 1561, 1492, 111, 10.24%, 0, 0, 3, 1348.00, 6713, 3510029
1606835979, 0, 864, 1564, 1495, 111, 10.24%, 0, 0, 3, 1275.98, 6713, 3516694
1606836020, 0, 864, 1565, 1496, 111, 10.24%, 0, 0, 3, 1371.96, 6713, 3578721
1606836031, 0, 875, 1566, 1496, 120, 10.24%, 0, 0, 3, 1463.93, 6713, 3593675
1606836091, 0, 877, 1566, 1495, 119, 10.24%, 0, 0, 3, 1523.16, 6713, 3690265
1606836157, 0, 878, 1566, 1494, 118, 10.24%, 0, 0, 3, 1577.73, 6713, 3795497
1606836182, 0, 879, 1566, 1493, 117, 10.24%, 0, 0, 3, 1756.34, 6713, 3841923
1606836208, 0, 880, 1566, 1492, 116, 10.24%, 0, 0, 3, 1705.09, 6713, 3889186
1606836229, 0, 899, 1566, 1491, 115, 10.24%, 0, 0, 3, 9.54, 6713, 3923772
1606836280, 0, 906, 1566, 1490, 114, 10.24%, 0, 0, 3, 7.89, 6713, 3924482
1606836326, 0, 926, 1566, 1489, 113, 10.24%, 0, 0, 3, 31.61, 6713, 3925094
1606836371, 0, 942, 1566, 1488, 112, 10.24%, 0, 0, 3, 49.02, 6713, 3925538
1606836427, 0, 943, 1566, 1487, 111, 10.24%, 0, 0, 3, 29.23, 6713, 3926435
1606836448, 0, 943, 1567, 1488, 111, 10.24%, 0, 0, 3, 8.32, 6713, 3926662
1606836478, 0, 961, 1567, 1487, 110, 10.24%, 0, 0, 3, 8.54, 6713, 3927103
1606836590, 0, 977, 1567, 1486, 109, 10.24%, 0, 0, 3, 25.80, 6713, 3928315
1606836645, 0, 1029, 1568, 1485, 107, 10.24%, 0, 0, 3, 2061.08, 6713, 3935947
1606836666, 0, 1031, 1568, 1484, 106, 10.24%, 0, 0, 3, 2005.60, 6713, 3976534
1606836671, 0, 1041, 1568, 1483, 105, 10.24%, 0, 0, 3, 1839.40, 6713, 3986185
1606836719, 0, 1042, 1569, 1483, 104, 10.24%, 0, 0, 3, 1567.50, 6713, 4059016
1606836749, 0, 1042, 1570, 1484, 104, 10.24%, 0, 0, 3, 1672.79, 6713, 4106865
1606836769, 0, 1043, 1570, 1483, 103, 10.24%, 0, 0, 3, 1580.90, 6713, 4137030
1606836822, 0, 1044, 1570, 1482, 102, 10.24%, 0, 0, 3, 1416.26, 6713, 4216784
1606836878, 0, 1045, 1570, 1481, 101, 10.24%, 0, 0, 3, 1537.12, 6713, 4297477
1606836930, 0, 1046, 1570, 1480, 100, 10.24%, 0, 0, 3, 1372.13, 6713, 4376607
1606836940, 0, 1046, 1571, 1481, 100, 10.24%, 0, 0, 3, 1370.00, 6713, 4390443
1606836981, 0, 1053, 1571, 1480, 99, 10.24%, 0, 0, 3, 1471.15, 6713, 4450128
1606837037, 0, 1074, 1571, 1478, 97, 10.24%, 0, 0, 3, 1969.69, 6713, 4539012
1606837067, 0, 1076, 1573, 1479, 96, 10.24%, 0, 0, 3, 1769.80, 6713, 4596513
1606837093, 0, 1076, 1574, 1480, 96, 10.24%, 0, 0, 3, 1848.66, 6713, 4643755
1606837103, 0, 1077, 1574, 1479, 95, 10.24%, 0, 0, 3, 1644.15, 6713, 4660237
1606837149, 0, 1078, 1574, 1478, 94, 10.24%, 0, 0, 3, 1589.57, 6713, 4730953
1606837201, 0, 1079, 1574, 1477, 93, 10.24%, 0, 0, 3, 1598.79, 6713, 4812213
1606837248, 0, 1080, 1574, 1476, 92, 10.24%, 0, 0, 3, 1554.62, 6713, 4884473
1606837300, 0, 1081, 1574, 1475, 91, 10.24%, 0, 0, 3, 1626.05, 6713, 4966648
1606837351, 0, 1082, 1574, 1474, 90, 10.24%, 0, 0, 3, 8.30, 6713, 5040914
1606837397, 0, 1083, 1574, 1473, 89, 10.24%, 0, 0, 3, 1719.47, 6713, 5042717
1606837448, 0, 1084, 1574, 1472, 88, 10.24%, 0, 0, 3, 9.73, 6713, 5120458
1606837499, 0, 1109, 1574, 1471, 87, 10.24%, 0, 0, 3, 8.30, 6713, 5121165
1606837545, 0, 1121, 1574, 1470, 86, 10.24%, 0, 0, 3, 12.36, 6713, 5121752
1606837565, 0, 1121, 1576, 1472, 86, 10.24%, 0, 0, 3, 8.41, 6713, 5121998
1606837656, 0, 1124, 1576, 1471, 85, 10.24%, 0, 0, 3, 1249.15, 6713, 5126492
1606837677, 0, 1125, 1576, 1470, 84, 10.24%, 0, 0, 3, 1888.21, 6713, 5167196
1606837707, 0, 1147, 1576, 1469, 83, 10.24%, 0, 0, 3, 8.55, 6713, 5218008
1606837753, 0, 1167, 1576, 1468, 82, 10.24%, 0, 0, 3, 1124.10, 6713, 5220784
1606837779, 0, 1170, 1576, 1467, 81, 10.24%, 0, 0, 3, 12.20, 6713, 5262352
1606837871, 0, 1170, 1580, 1471, 81, 10.25%, 0, 0, 3, 12.17, 6718, 5263619
1606837876, 0, 1170, 1585, 1476, 81, 10.34%, 0, 0, 3, 14.31, 6779, 5263691
1606837984, 0, 1170, 1586, 1477, 81, 10.34%, 0, 0, 3, 10.00, 6779, 5265458
1606837989, 0, 1170, 1591, 1482, 81, 10.35%, 0, 0, 3, 10.78, 6781, 5265517
1606838010, 0, 1170, 1592, 1483, 81, 10.35%, 0, 0, 3, 12.53, 6781, 5266078
1606838097, 0, 1170, 1593, 1484, 81, 10.35%, 0, 0, 3, 8.24, 6781, 5267307
1606838133, 0, 1170, 1594, 1485, 81, 10.35%, 0, 0, 3, 12.50, 6781, 5268677
1606838633, 0, 1170, 1599, 1490, 81, 10.35%, 0, 0, 3, 10.24, 6781, 5275840
1606838638, 0, 1170, 1602, 1493, 81, 10.35%, 0, 0, 3, 11.05, 6781, 5275967
1606838644, 0, 1170, 1605, 1496, 81, 10.35%, 0, 0, 3, 12.27, 6781, 5276027
1606838654, 0, 1170, 1606, 1497, 81, 10.38%, 0, 0, 3, 12.40, 6802, 5276318
1606839020, 0, 1170, 1607, 1498, 81, 10.38%, 0, 0, 3, 12.15, 6802, 5306886
1606839297, 0, 1170, 1609, 1500, 81, 10.38%, 0, 0, 3, 23.78, 6802, 5316650
1606839307, 0, 1172, 1609, 1499, 85, 10.38%, 0, 0, 3, 36.75, 6802, 5317234
1606839364, 0, 1172, 1610, 1500, 85, 10.38%, 0, 0, 3, 36.70, 6803, 5319113
1606839389, 0, 1172, 1611, 1501, 85, 10.38%, 0, 0, 3, 25.13, 6803, 5320108
1606839435, 0, 1172, 1613, 1503, 85, 10.38%, 0, 0, 3, 99.54, 6803, 5321387
1606839461, 0, 1172, 1614, 1504, 85, 10.39%, 0, 0, 3, 29.01, 6811, 5322756
1606839512, 0, 1172, 1618, 1508, 85, 10.39%, 0, 0, 3, 69.77, 6811, 5324160
1606839568, 0, 1172, 1619, 1509, 85, 10.39%, 0, 0, 3, 24.39, 6811, 5327375
1606839809, 0, 1172, 1620, 1510, 85, 10.39%, 0, 0, 3, 180.23, 6811, 5333759
1606839814, 0, 1172, 1626, 1516, 85, 10.39%, 0, 0, 3, 15.20, 6811, 5333837
1606839819, 0, 1172, 1632, 1522, 85, 10.39%, 0, 0, 3, 27.21, 6811, 5333988
1606839824, 0, 1172, 1633, 1523, 85, 10.39%, 0, 0, 3, 24.06, 6811, 5334257
1606839963, 0, 1172, 1634, 1524, 85, 10.40%, 0, 0, 3, 23.89, 6815, 5355490
1606840193, 0, 1172, 1635, 1525, 85, 10.40%, 0, 0, 3, 34.27, 6816, 5382485
1606840382, 0, 1183, 1635, 1524, 85, 10.40%, 0, 0, 3, 2465.29, 6816, 5396035
1606840428, 0, 1188, 1635, 1523, 84, 10.40%, 0, 0, 3, 221.12, 6816, 5501069
1606840537, 0, 1188, 1636, 1524, 84, 10.40%, 0, 0, 3, 17.99, 6816, 5503417
1606840583, 0, 1188, 1638, 1526, 84, 10.40%, 0, 0, 3, 14.82, 6816, 5504241
1606840594, 0, 1188, 1639, 1527, 84, 10.40%, 0, 0, 3, 13.32, 6817, 5504392
1606840702, 0, 1188, 1640, 1528, 84, 10.40%, 0, 0, 3, 37.55, 6817, 5506364
1606840861, 0, 1188, 1641, 1529, 84, 10.40%, 0, 0, 3, 19.29, 6817, 5510240
1606840908, 0, 1188, 1642, 1530, 84, 10.40%, 0, 0, 3, 16.54, 6817, 5511140
1606840933, 0, 1188, 1643, 1531, 84, 10.40%, 0, 0, 3, 11.67, 6817, 5512473
1606841637, 0, 1188, 1646, 1534, 84, 10.40%, 0, 0, 3, 951.15, 6817, 5525165
1606841642, 0, 1188, 1648, 1536, 84, 10.40%, 0, 0, 3, 210.00, 6817, 5525315
1606841652, 0, 1188, 1649, 1537, 84, 10.40%, 0, 0, 3, 21.20, 6817, 5525751
1606841683, 0, 1188, 1650, 1538, 84, 10.40%, 0, 0, 3, 19.18, 6817, 5529581
1606841694, 0, 1188, 1651, 1539, 84, 10.40%, 0, 0, 3, 16.68, 6817, 5529752
1606841724, 0, 1188, 1653, 1541, 84, 10.40%, 0, 0, 3, 10.59, 6817, 5530224
1606841916, 0, 1188, 1654, 1542, 84, 10.40%, 0, 0, 3, 12.50, 6817, 5534125
1606841921, 0, 1188, 1655, 1543, 84, 10.40%, 0, 0, 3, 13.48, 6817, 5534192
1606842301, 0, 1188, 1656, 1544, 84, 10.40%, 0, 0, 3, 19.69, 6817, 5569689
1606842423, 0, 1188, 1657, 1545, 84, 10.40%, 0, 0, 3, 155.66, 6817, 5573337
1606842433, 0, 1188, 1658, 1546, 84, 10.40%, 0, 0, 3, 31.91, 6817, 5573883
1606842454, 0, 1188, 1659, 1547, 84, 10.40%, 0, 0, 3, 119.80, 6817, 5576149
1606842485, 0, 1188, 1660, 1548, 84, 10.40%, 0, 0, 3, 18.75, 6817, 5582844
1606842495, 0, 1188, 1661, 1549, 84, 10.40%, 0, 0, 3, 21.47, 6817, 5583072
1606842510, 0, 1188, 1662, 1550, 84, 10.40%, 0, 0, 3, 26.24, 6817, 5583457
1606842515, 0, 1188, 1663, 1551, 84, 10.40%, 0, 0, 3, 38.99, 6817, 5583750
1606842572, 0, 1188, 1664, 1552, 84, 10.40%, 0, 0, 3, 27.05, 6817, 5586347
1606842593, 0, 1188, 1666, 1554, 84, 10.40%, 0, 0, 3, 11.59, 6817, 5587199
1606842843, 0, 1188, 1667, 1555, 84, 10.40%, 0, 0, 3, 10.64, 6817, 5594266
1606842916, 0, 1188, 1668, 1556, 84, 10.40%, 0, 0, 3, 146.85, 6817, 5597749
1606843055, 0, 1188, 1669, 1557, 84, 10.40%, 0, 0, 3, 44.17, 6817, 5605501
1606843106, 0, 1188, 1670, 1558, 84, 10.40%, 0, 0, 3, 27.58, 6817, 5607246
1606843117, 0, 1188, 1671, 1559, 84, 10.40%, 0, 0, 3, 21.58, 6817, 5607481
1606843122, 0, 1188, 1672, 1560, 84, 10.40%, 0, 0, 3, 20.04, 6817, 5607578
1606843137, 0, 1191, 1673, 1560, 86, 10.40%, 0, 0, 3, 28.07, 6818, 5608261
1606843147, 0, 1191, 1674, 1561, 86, 10.40%, 0, 0, 3, 10.73, 6818, 5608427
1606843158, 0, 1191, 1675, 1562, 86, 10.40%, 0, 0, 3, 11.41, 6818, 5608543
1606843163, 0, 1191, 1676, 1563, 86, 10.40%, 0, 0, 3, 12.03, 6818, 5608603
1606843188, 0, 1191, 1677, 1564, 86, 10.40%, 0, 0, 3, 10.10, 6818, 5608991
1606843229, 0, 1191, 1678, 1565, 86, 10.40%, 0, 0, 3, 34.53, 6818, 5610124
1606843235, 0, 1191, 1682, 1569, 86, 10.40%, 0, 0, 3, 12.36, 6818, 5610556
1606843250, 0, 1191, 1683, 1570, 86, 10.40%, 0, 0, 3, 13.57, 6818, 5610877
1606843260, 0, 1191, 1684, 1571, 86, 10.40%, 0, 0, 3, 16.64, 6818, 5611048
1606843286, 0, 1191, 1685, 1572, 86, 10.40%, 0, 0, 3, 13.78, 6818, 5611467
1606843306, 0, 1191, 1686, 1573, 86, 10.40%, 0, 0, 3, 9.94, 6818, 5611830
1606843311, 0, 1191, 1687, 1574, 86, 10.40%, 0, 0, 3, 10.70, 6818, 5611886
1606843388, 0, 1191, 1688, 1575, 86, 10.40%, 0, 0, 3, 42.18, 6818, 5613551
1606843460, 0, 1191, 1689, 1576, 86, 10.40%, 0, 0, 3, 10.49, 6818, 5615260
1606843532, 0, 1191, 1690, 1577, 86, 10.40%, 0, 0, 3, 51.78, 6818, 5617307
1606843537, 0, 1191, 1691, 1578, 86, 10.40%, 0, 0, 3, 23.27, 6818, 5617468
1606843573, 0, 1191, 1692, 1579, 86, 10.40%, 0, 0, 3, 16.41, 6818, 5618135
1606843609, 0, 1191, 1693, 1580, 86, 10.40%, 0, 0, 3, 33.83, 6818, 5619512
1606844222, 0, 1191, 1694, 1581, 86, 10.40%, 0, 0, 3, 228.75, 6818, 5630834
1606844227, 0, 1191, 1696, 1583, 86, 10.40%, 0, 0, 3, 11.98, 6818, 5632398
1606844232, 0, 1191, 1697, 1584, 86, 10.40%, 0, 0, 3, 56.84, 6818, 5632776
1606844242, 0, 1191, 1698, 1585, 86, 10.40%, 0, 0, 3, 27.39, 6818, 5633020
1606844268, 0, 1191, 1699, 1586, 86, 10.40%, 0, 0, 3, 18.97, 6818, 5636744
1606844303, 0, 1191, 1700, 1587, 86, 10.40%, 0, 0, 3, 11.88, 6818, 5637392
1606844319, 0, 1191, 1701, 1588, 86, 10.40%, 0, 0, 3, 11.56, 6818, 5637566
1606844324, 0, 1191, 1702, 1589, 86, 10.40%, 0, 0, 3, 15.32, 6818, 5637655
1606844365, 0, 1191, 1704, 1591, 86, 10.40%, 0, 0, 3, 16.03, 6818, 5638249
1606844739, 0, 1191, 1705, 1592, 86, 10.40%, 0, 0, 3, 11.80, 6818, 5669758
1606844754, 0, 1191, 1706, 1593, 86, 10.40%, 0, 0, 3, 14.06, 6818, 5669994
1606844795, 0, 1191, 1707, 1594, 86, 10.40%, 0, 0, 3, 16.58, 6818, 5671255
1606844898, 0, 1191, 1708, 1595, 86, 10.40%, 0, 0, 3, 24.00, 6818, 5677302
1606845012, 0, 1191, 1709, 1596, 86, 10.40%, 0, 0, 3, 44.14, 6818, 5681042
1606845073, 0, 1191, 1710, 1597, 86, 10.40%, 0, 0, 3, 18.47, 6818, 5690327
1606845180, 0, 1191, 1711, 1598, 86, 10.40%, 0, 0, 3, 10.10, 6818, 5694612
1606845185, 0, 1191, 1712, 1599, 86, 10.40%, 0, 0, 3, 12.08, 6818, 5694676
1606845503, 0, 1191, 1713, 1600, 86, 10.40%, 0, 0, 3, 18.86, 6818, 5708095
1606845508, 0, 1191, 1714, 1601, 86, 10.40%, 0, 0, 3, 30.76, 6818, 5708265
1606845564, 0, 1191, 1716, 1603, 86, 10.40%, 0, 0, 3, 21.76, 6818, 5713234
1606845584, 0, 1191, 1717, 1604, 86, 10.40%, 0, 0, 3, 57.64, 6818, 5714228
1606845620, 0, 1198, 1717, 1603, 88, 10.40%, 0, 0, 3, 26.89, 6818, 5715553
1606845630, 0, 1198, 1718, 1604, 88, 10.40%, 0, 0, 3, 12.76, 6818, 5715753
1606845688, 0, 1198, 1721, 1607, 88, 10.40%, 0, 0, 3, 11.73, 6818, 5717320
1606845693, 0, 1198, 1726, 1612, 88, 10.40%, 0, 0, 3, 20.93, 6818, 5717450
1606845698, 0, 1198, 1727, 1613, 88, 10.40%, 0, 0, 3, 19.47, 6818, 5718010
1606845724, 0, 1198, 1728, 1614, 88, 10.40%, 0, 0, 3, 24.94, 6818, 5718575
1606845729, 0, 1198, 1730, 1616, 88, 10.40%, 0, 0, 3, 21.10, 6818, 5718681
1606845780, 0, 1198, 1731, 1617, 88, 10.40%, 0, 0, 3, 13.25, 6818, 5719684
