# unix_time, cycles_done, cur_path, paths_total, pending_total, pending_favs, map_size, unique_crashes, unique_hangs, max_depth, execs_per_sec, edge_coverage, total_execs
1606777956, 0, 0, 2, 2, 2, 9.39%, 0, 0, 1, 43.36, 6156, 16
1606777962, 0, 0, 15, 15, 2, 9.52%, 0, 0, 2, 22.77, 6237, 407
1606777967, 0, 0, 27, 27, 2, 10.15%, 0, 0, 2, 19.63, 6650, 608
1606777972, 0, 0, 39, 39, 2, 10.15%, 0, 0, 2, 21.18, 6651, 720
1606777977, 0, 0, 51, 51, 2, 10.24%, 0, 0, 2, 20.62, 6712, 824
1606777982, 0, 0, 64, 64, 2, 10.25%, 0, 0, 2, 21.94, 6720, 938
1606777987, 0, 0, 75, 75, 2, 10.25%, 0, 0, 2, 21.07, 6720, 1045
1606777992, 0, 0, 86, 86, 2, 10.25%, 0, 0, 2, 21.55, 6720, 1154
1606777997, 0, 0, 97, 97, 2, 10.25%, 0, 0, 2, 20.81, 6720, 1258
1606778002, 0, 0, 108, 108, 2, 10.25%, 0, 0, 2, 20.49, 6720, 1361
1606778007, 0, 0, 118, 118, 2, 10.25%, 0, 0, 2, 20.93, 6720, 1467
1606778012, 0, 0, 128, 128, 2, 10.25%, 0, 0, 2, 20.33, 6720, 1573
1606778017, 0, 0, 135, 135, 2, 10.26%, 0, 0, 2, 21.11, 6724, 1679
1606778023, 0, 0, 142, 142, 2, 10.26%, 0, 0, 2, 21.09, 6724, 1786
1606778028, 0, 0, 144, 144, 2, 10.26%, 0, 0, 2, 21.58, 6724, 1895
1606778038, 0, 0, 157, 157, 2, 10.28%, 0, 0, 2, 19.83, 6734, 2202
1606778043, 0, 0, 165, 165, 2, 10.28%, 0, 0, 2, 20.27, 6735, 2308
1606778069, 0, 0, 244, 244, 2, 10.50%, 0, 0, 2, 124.38, 6882, 3966
1606778074, 0, 0, 257, 257, 2, 10.50%, 0, 0, 2, 26.58, 6882, 4127
1606778079, 0, 0, 268, 268, 2, 10.50%, 0, 0, 2, 27.48, 6882, 4258
1606778084, 0, 0, 293, 293, 2, 10.51%, 0, 0, 2, 125.35, 6885, 4847
1606778089, 0, 0, 311, 311, 2, 10.57%, 0, 0, 2, 25.46, 6928, 5130
1606778094, 0, 0, 319, 319, 2, 10.57%, 0, 0, 2, 23.68, 6928, 5246
1606778099, 0, 0, 330, 330, 2, 10.57%, 0, 0, 2, 22.03, 6928, 5360
1606778105, 0, 0, 340, 340, 2, 10.57%, 0, 0, 2, 22.25, 6930, 5472
1606778110, 0, 0, 349, 349, 2, 10.57%, 0, 0, 2, 20.81, 6930, 5579
1606778115, 0, 0, 359, 359, 2, 10.58%, 0, 0, 2, 24.53, 6934, 5710
1606778120, 0, 0, 369, 369, 2, 10.58%, 0, 0, 2, 21.54, 6934, 5816
1606778125, 0, 0, 380, 380, 2, 10.58%, 0, 0, 2, 25.90, 6935, 5961
1606778130, 0, 0, 387, 387, 2, 10.59%, 0, 0, 2, 25.25, 6937, 6087
1606778135, 0, 0, 395, 395, 2, 10.59%, 0, 0, 2, 28.06, 6937, 6226
1606778141, 0, 0, 400, 400, 2, 10.59%, 0, 0, 2, 28.38, 6937, 6382
1606778146, 0, 0, 408, 408, 2, 10.59%, 0, 0, 2, 23.94, 6937, 6501
1606778151, 0, 0, 417, 417, 2, 10.59%, 0, 0, 2, 25.50, 6938, 6628
1606778156, 0, 0, 423, 423, 2, 10.59%, 0, 0, 2, 26.66, 6938, 6767
1606778161, 0, 0, 432, 432, 2, 10.59%, 0, 0, 2, 22.99, 6938, 6877
1606778166, 0, 0, 442, 442, 2, 10.59%, 0, 0, 2, 23.61, 6938, 6993
1606778171, 0, 0, 448, 448, 2, 10.61%, 0, 0, 2, 20.95, 6952, 7191
1606778176, 0, 0, 456, 456, 2, 10.62%, 0, 0, 2, 20.18, 6957, 7357
1606778181, 0, 0, 462, 462, 2, 10.62%, 0, 0, 2, 21.05, 6957, 7463
1606778186, 0, 0, 466, 466, 2, 10.62%, 0, 0, 2, 21.28, 6957, 7569
1606778192, 0, 0, 471, 471, 2, 10.62%, 0, 0, 2, 20.37, 6957, 7674
1606778197, 0, 0, 473, 473, 2, 10.62%, 0, 0, 2, 20.59, 6957, 7780
1606778207, 0, 0, 474, 474, 2, 10.62%, 0, 0, 2, 20.23, 6957, 8042
1606778212, 0, 0, 475, 475, 2, 10.62%, 0, 0, 2, 20.95, 6957, 8148
1606778233, 0, 0, 491, 491, 2, 10.67%, 0, 0, 2, 20.62, 6992, 9243
1606778238, 0, 0, 501, 501, 2, 10.67%, 0, 0, 2, 27.41, 6994, 9790
1606778243, 0, 0, 505, 505, 2, 10.68%, 0, 0, 2, 28.01, 6996, 10034
1606778248, 0, 0, 512, 512, 2, 10.68%, 0, 0, 2, 24.06, 6997, 10153
1606778253, 0, 0, 518, 518, 2, 10.68%, 0, 0, 2, 27.14, 6997, 10300
1606778258, 0, 0, 522, 522, 2, 10.68%, 0, 0, 2, 31.82, 6997, 10468
1606778263, 0, 0, 528, 528, 2, 10.68%, 0, 0, 2, 38.88, 6997, 10662
1606778268, 0, 0, 532, 532, 2, 10.68%, 0, 0, 2, 28.96, 6997, 10804
1606778273, 0, 0, 537, 537, 2, 10.68%, 0, 0, 2, 27.95, 6997, 10947
1606778279, 0, 0, 543, 543, 2, 10.68%, 0, 0, 2, 27.03, 6997, 11086
1606778284, 0, 0, 550, 550, 2, 10.70%, 0, 0, 2, 24.63, 7014, 11288
1606778289, 0, 0, 552, 552, 2, 10.70%, 0, 0, 2, 21.47, 7014, 11446
1606778294, 0, 0, 557, 557, 2, 10.70%, 0, 0, 2, 23.48, 7014, 11569
1606778299, 0, 0, 562, 562, 2, 10.70%, 0, 0, 2, 21.94, 7014, 11681
1606778304, 0, 0, 563, 563, 2, 10.70%, 0, 0, 2, 20.92, 7014, 11787
1606778319, 0, 0, 565, 565, 2, 10.70%, 0, 0, 2, 25.35, 7014, 12156
1606778340, 0, 0, 575, 575, 2, 10.72%, 0, 0, 2, 19.84, 7023, 13253
1606778345, 0, 0, 585, 585, 2, 10.72%, 0, 0, 2, 22.85, 7024, 13931
1606778350, 0, 0, 590, 590, 2, 10.72%, 0, 0, 2, 23.67, 7024, 14055
1606778356, 0, 0, 594, 594, 2, 10.72%, 0, 0, 2, 27.73, 7024, 14193
1606778361, 0, 0, 597, 597, 2, 10.72%, 0, 0, 2, 34.47, 7024, 14371
1606778371, 0, 0, 605, 605, 2, 10.72%, 0, 0, 2, 28.70, 7024, 14730
1606778376, 0, 0, 613, 613, 2, 10.72%, 0, 0, 2, 27.62, 7024, 14873
1606778381, 0, 0, 618, 618, 2, 10.72%, 0, 0, 2, 25.27, 7024, 14999
1606778386, 0, 0, 623, 623, 2, 10.72%, 0, 0, 2, 31.80, 7024, 15429
1606778391, 0, 0, 628, 628, 2, 10.72%, 0, 0, 2, 28.25, 7024, 15582
1606778396, 0, 0, 637, 637, 2, 10.72%, 0, 0, 2, 36.82, 7024, 15968
1606778402, 0, 0, 642, 642, 2, 10.72%, 0, 0, 2, 86.22, 7024, 16371
1606778407, 0, 0, 653, 653, 2, 10.72%, 0, 0, 2, 44.33, 7024, 16537
1606778412, 0, 0, 658, 658, 2, 10.73%, 0, 0, 2, 24.17, 7030, 16780
1606778417, 0, 0, 659, 659, 2, 10.73%, 0, 0, 2, 21.71, 7030, 17001
1606778453, 0, 0, 662, 662, 2, 10.73%, 0, 0, 2, 19.75, 7030, 18063
1606778458, 0, 0, 663, 663, 2, 10.73%, 0, 0, 2, 20.14, 7030, 18169
1606778463, 0, 0, 665, 665, 2, 10.73%, 0, 0, 2, 19.25, 7030, 18266
1606778468, 0, 0, 666, 666, 2, 10.73%, 0, 0, 2, 19.89, 7030, 18370
1606778473, 0, 0, 668, 668, 2, 10.73%, 0, 0, 2, 20.51, 7030, 18473
1606778509, 0, 0, 669, 669, 2, 10.73%, 0, 0, 2, 20.08, 7030, 19211
1606778514, 0, 0, 670, 670, 2, 10.73%, 0, 0, 2, 20.09, 7030, 19313
1606778530, 0, 0, 672, 672, 2, 10.73%, 0, 0, 2, 19.75, 7030, 19631
1606778555, 0, 0, 674, 674, 2, 10.73%, 0, 0, 2, 19.88, 7030, 20164
1606778626, 0, 0, 675, 675, 2, 10.73%, 0, 0, 2, 864.18, 7030, 21988
1606778632, 0, 0, 677, 677, 2, 10.73%, 0, 0, 2, 20.56, 7030, 22096
1606778795, 0, 0, 696, 696, 2, 10.75%, 0, 0, 2, 33.64, 7045, 27989
1606778800, 0, 0, 709, 709, 2, 10.75%, 0, 0, 2, 28.53, 7045, 29702
1606778806, 0, 0, 719, 719, 2, 10.75%, 0, 0, 2, 25.42, 7045, 29829
1606778811, 0, 0, 726, 726, 2, 10.75%, 0, 0, 2, 51.37, 7045, 30238
1606778816, 0, 0, 732, 732, 2, 10.75%, 0, 0, 2, 36.20, 7045, 30407
1606778821, 0, 0, 737, 737, 2, 10.75%, 0, 0, 2, 34.93, 7045, 30593
1606778826, 0, 0, 744, 744, 2, 10.75%, 0, 0, 2, 20.83, 7045, 33280
1606778831, 0, 0, 751, 751, 2, 10.75%, 0, 0, 2, 56.04, 7045, 33615
1606778836, 0, 0, 752, 752, 2, 10.75%, 0, 0, 2, 36.34, 7045, 34323
1606778842, 0, 0, 757, 757, 2, 10.75%, 0, 0, 2, 31.22, 7045, 34477
1606778847, 0, 0, 761, 761, 2, 10.75%, 0, 0, 2, 29.83, 7045, 34632
1606778852, 0, 0, 762, 762, 2, 10.75%, 0, 0, 2, 34.27, 7045, 34803
1606778857, 0, 0, 763, 763, 2, 10.75%, 0, 0, 2, 27.63, 7045, 34936
1606778862, 0, 0, 765, 765, 2, 10.75%, 0, 0, 2, 28.39, 7045, 35087
1606778867, 0, 0, 767, 767, 2, 10.75%, 0, 0, 2, 23.87, 7045, 35203
1606778877, 0, 0, 768, 768, 2, 10.75%, 0, 0, 2, 23.43, 7045, 35452
1606778887, 0, 0, 769, 769, 2, 10.75%, 0, 0, 2, 27.27, 7045, 35701
1606778893, 0, 0, 770, 770, 2, 10.75%, 0, 0, 2, 43.59, 7045, 35920
1606778898, 0, 0, 773, 773, 2, 10.75%, 0, 0, 2, 37.00, 7045, 36084
1606778903, 0, 0, 777, 777, 2, 10.75%, 0, 0, 2, 29.19, 7045, 36219
1606778913, 0, 0, 779, 779, 2, 10.75%, 0, 0, 2, 37.39, 7045, 36627
1606778928, 0, 0, 780, 780, 2, 10.75%, 0, 0, 2, 51.64, 7045, 37349
1606778933, 0, 0, 783, 783, 2, 10.75%, 0, 0, 2, 31.92, 7045, 37586
1606778938, 0, 0, 787, 787, 2, 10.75%, 0, 0, 2, 26.11, 7045, 37770
1606778969, 0, 0, 788, 788, 2, 10.75%, 0, 0, 2, 21.24, 7045, 39029
1606778974, 0, 0, 790, 790, 2, 10.75%, 0, 0, 2, 26.81, 7045, 39175
1606778979, 0, 0, 794, 794, 2, 10.75%, 0, 0, 2, 23.95, 7045, 39294
1606778984, 0, 0, 796, 796, 2, 10.75%, 0, 0, 2, 31.36, 7045, 39472
1606778989, 0, 0, 800, 800, 2, 10.75%, 0, 0, 2, 40.90, 7045, 39744
1606778994, 0, 0, 801, 801, 2, 10.75%, 0, 0, 2, 26.34, 7045, 39938
1606779000, 0, 0, 802, 802, 2, 10.75%, 0, 0, 2, 29.63, 7045, 40113
1606779005, 0, 0, 803, 803, 2, 10.75%, 0, 0, 2, 29.01, 7045, 40253
1606779015, 0, 0, 804, 804, 2, 10.75%, 0, 0, 2, 33.10, 7045, 40545
1606779020, 0, 0, 806, 806, 2, 10.75%, 0, 0, 2, 21.88, 7047, 40943
1606779062, 0, 0, 808, 808, 2, 10.75%, 0, 0, 2, 78.33, 7047, 56108
1606779067, 0, 0, 809, 809, 2, 10.75%, 0, 0, 2, 42.61, 7047, 56267
1606779072, 0, 0, 812, 812, 2, 10.75%, 0, 0, 2, 31.10, 7047, 56405
1606779077, 0, 0, 813, 813, 2, 10.75%, 0, 0, 2, 38.76, 7047, 56631
1606779083, 0, 0, 815, 815, 2, 10.75%, 0, 0, 2, 38.71, 7047, 56826
1606779088, 0, 0, 819, 819, 2, 10.75%, 0, 0, 2, 29.07, 7047, 56965
1606779093, 0, 0, 822, 822, 2, 10.75%, 0, 0, 2, 23.73, 7048, 57338
1606779098, 0, 0, 824, 824, 2, 10.76%, 0, 0, 2, 2648.15, 7050, 66022
1606779108, 0, 0, 825, 825, 2, 10.76%, 0, 0, 2, 32.88, 7050, 67860
1606779118, 0, 0, 828, 828, 2, 10.76%, 0, 0, 2, 25.48, 7050, 68112
1606779129, 0, 0, 833, 833, 2, 10.76%, 0, 0, 2, 40.29, 7051, 68876
1606779134, 0, 0, 836, 836, 2, 10.76%, 0, 0, 2, 29.84, 7051, 69017
1606779139, 0, 0, 837, 837, 2, 10.76%, 0, 0, 2, 52.42, 7051, 69300
1606779144, 0, 0, 839, 839, 2, 10.76%, 0, 0, 2, 39.95, 7051, 69475
1606779165, 0, 0, 842, 842, 2, 10.76%, 0, 0, 2, 78.41, 7053, 70415
1606779170, 0, 0, 845, 845, 2, 10.76%, 0, 0, 2, 70.46, 7053, 70748
1606779175, 0, 0, 846, 846, 2, 10.76%, 0, 0, 2, 52.25, 7053, 71382
1606779180, 0, 0, 847, 847, 2, 10.76%, 0, 0, 2, 86.39, 7053, 71848
1606779185, 0, 0, 850, 850, 2, 10.78%, 0, 0, 2, 420.00, 7062, 74503
1606779191, 0, 0, 851, 851, 2, 10.78%, 0, 0, 2, 51.93, 7062, 74906
1606779196, 0, 0, 854, 854, 2, 10.78%, 0, 0, 2, 38.91, 7062, 75103
1606779201, 0, 0, 856, 856, 2, 10.78%, 0, 0, 2, 38.19, 7062, 75298
1606779206, 0, 0, 858, 858, 2, 10.78%, 0, 0, 2, 41.46, 7062, 75505
1606779211, 0, 0, 860, 860, 2, 10.78%, 0, 0, 2, 53.73, 7062, 75782
1606779216, 0, 0, 862, 862, 2, 10.78%, 0, 0, 2, 47.88, 7062, 76157
1606779221, 0, 0, 865, 865, 2, 10.78%, 0, 0, 2, 64.42, 7062, 76676
1606779226, 0, 0, 867, 867, 2, 10.78%, 0, 0, 2, 50.01, 7062, 76913
1606779231, 0, 0, 871, 871, 2, 10.78%, 0, 0, 2, 34.37, 7062, 77113
1606779236, 0, 0, 873, 873, 2, 10.78%, 0, 0, 2, 49.52, 7062, 77370
1606779247, 0, 0, 876, 876, 2, 10.78%, 0, 0, 2, 22.28, 7064, 77966
1606779272, 0, 0, 877, 877, 2, 10.78%, 0, 0, 2, 28.17, 7064, 78960
1606779277, 0, 0, 883, 883, 2, 10.78%, 0, 0, 2, 187.46, 7064, 79314
1606779283, 0, 0, 884, 884, 2, 10.78%, 0, 0, 2, 139.82, 7064, 79842
1606779288, 0, 0, 888, 888, 2, 10.78%, 0, 0, 2, 152.84, 7064, 81437
1606779293, 0, 0, 890, 890, 2, 10.78%, 0, 0, 2, 423.60, 7064, 82410
1606779298, 0, 0, 895, 895, 2, 10.78%, 0, 0, 2, 121.74, 7064, 87544
1606779303, 0, 0, 897, 897, 2, 10.78%, 0, 0, 2, 58.45, 7064, 88211
1606779308, 0, 0, 900, 900, 2, 10.78%, 0, 0, 2, 28.66, 7064, 88528
1606779313, 0, 0, 906, 906, 2, 10.78%, 0, 0, 2, 27.01, 7064, 88665
1606779318, 0, 0, 909, 909, 2, 10.78%, 0, 0, 2, 36.29, 7064, 88897
1606779329, 0, 0, 913, 913, 2, 10.78%, 0, 0, 2, 42.27, 7064, 89441
1606779334, 0, 0, 914, 914, 2, 10.78%, 0, 0, 2, 73.08, 7064, 89864
1606779339, 0, 0, 915, 915, 2, 10.78%, 0, 0, 2, 66.52, 7064, 90201
1606779344, 0, 0, 918, 918, 2, 10.78%, 0, 0, 2, 72.43, 7064, 90576
1606779349, 0, 0, 919, 919, 2, 10.78%, 0, 0, 2, 35.28, 7064, 91123
1606779364, 0, 0, 926, 926, 2, 10.78%, 0, 0, 2, 38.40, 7064, 92252
1606779369, 0, 0, 930, 930, 2, 10.78%, 0, 0, 2, 50.38, 7064, 92475
1606779375, 0, 0, 931, 931, 2, 10.78%, 0, 0, 2, 41.27, 7064, 92717
1606779380, 0, 0, 933, 933, 2, 10.78%, 0, 0, 2, 22.08, 7064, 93200
1606779385, 0, 0, 934, 934, 2, 10.78%, 0, 0, 2, 19.46, 7064, 93416
1606779457, 0, 0, 941, 941, 2, 10.78%, 0, 0, 2, 16.09, 7064, 97506
1606779462, 0, 0, 946, 946, 2, 10.78%, 0, 0, 2, 246.03, 7064, 98847
1606779467, 0, 0, 950, 950, 2, 10.78%, 0, 0, 2, 22.13, 7065, 99119
1606779472, 0, 0, 952, 952, 2, 10.78%, 0, 0, 2, 26.32, 7065, 99310
1606779478, 0, 0, 956, 956, 2, 10.78%, 0, 0, 2, 23.55, 7065, 99423
1606779483, 0, 0, 957, 957, 2, 10.78%, 0, 0, 2, 24.79, 7065, 99550
1606779513, 0, 0, 958, 958, 2, 10.78%, 0, 0, 2, 20.96, 7065, 100383
1606779549, 0, 0, 961, 961, 2, 10.78%, 0, 0, 2, 1303.49, 7065, 103299
1606779555, 0, 0, 969, 969, 2, 10.78%, 0, 0, 2, 123.90, 7067, 104807
1606779560, 0, 0, 974, 974, 2, 10.79%, 0, 0, 2, 71.21, 7070, 105470
1606779565, 0, 1, 1000, 999, 90, 10.80%, 0, 0, 2, 1137.01, 7081, 110161
1606779570, 0, 1, 1013, 1012, 90, 10.86%, 0, 0, 2, 390.80, 7114, 123625
1606779575, 0, 1, 1024, 1023, 90, 10.86%, 0, 0, 2, 2918.08, 7118, 136997
1606779580, 0, 8, 1024, 1019, 95, 10.86%, 0, 0, 2, 36.16, 7118, 141871
1606779642, 0, 8, 1025, 1020, 95, 10.86%, 0, 0, 3, 25.28, 7118, 144358
1606779718, 0, 8, 1027, 1022, 95, 10.86%, 0, 0, 3, 1615.03, 7118, 146914
1606779723, 0, 8, 1028, 1023, 95, 10.86%, 0, 0, 3, 61.10, 7118, 147577
1606780220, 0, 8, 1029, 1024, 95, 10.86%, 0, 0, 3, 44.97, 7118, 165708
1606780235, 0, 8, 1030, 1025, 95, 10.86%, 0, 0, 3, 49.25, 7119, 169820
1606780896, 0, 11, 1030, 1023, 95, 10.86%, 0, 0, 3, 2127.12, 7119, 242252
1606780902, 0, 11, 1031, 1024, 95, 10.86%, 0, 0, 3, 310.85, 7119, 252242
1606780939, 0, 18, 1031, 1022, 93, 10.86%, 0, 0, 3, 2918.72, 7119, 316709
1606780949, 0, 98, 1031, 1020, 91, 10.86%, 0, 0, 3, 76.60, 7119, 346027
1606781010, 0, 98, 1032, 1021, 91, 10.86%, 0, 0, 3, 25.63, 7119, 348436
1606781112, 0, 98, 1033, 1022, 91, 10.86%, 0, 0, 3, 27.10, 7119, 351863
1606781219, 0, 98, 1034, 1023, 91, 10.86%, 0, 0, 3, 31.05, 7119, 355975
1606781230, 0, 98, 1036, 1025, 91, 10.86%, 0, 0, 3, 45.49, 7119, 356807
1606781639, 0, 98, 1037, 1026, 91, 10.86%, 0, 0, 3, 43.72, 7119, 369948
1606781644, 0, 98, 1038, 1027, 91, 10.86%, 0, 0, 3, 27.39, 7119, 370427
1606781655, 0, 98, 1040, 1029, 91, 10.86%, 0, 0, 3, 65.91, 7119, 373497
1606781670, 0, 98, 1041, 1030, 91, 10.86%, 0, 0, 3, 31.37, 7119, 374497
1606781706, 0, 98, 1042, 1031, 91, 10.86%, 0, 0, 3, 25.33, 7119, 375405
1606781747, 0, 98, 1043, 1032, 91, 10.86%, 0, 0, 3, 46.37, 7119, 377049
1606781752, 0, 98, 1044, 1033, 91, 10.86%, 0, 0, 3, 21.10, 7119, 377341
1606781757, 0, 98, 1045, 1034, 91, 10.86%, 0, 0, 3, 46.10, 7119, 377674
1606781793, 0, 98, 1046, 1035, 91, 10.86%, 0, 0, 3, 23.80, 7119, 378867
1606781895, 0, 98, 1047, 1036, 91, 10.86%, 0, 0, 3, 36.82, 7119, 396313
1606781916, 0, 98, 1048, 1037, 91, 10.86%, 0, 0, 3, 21.50, 7119, 407156
1606782034, 0, 98, 1050, 1039, 91, 10.86%, 0, 0, 3, 39.70, 7119, 416136
1606782075, 0, 98, 1051, 1040, 91, 10.86%, 0, 0, 3, 77.17, 7119, 418012
1606782080, 0, 98, 1052, 1041, 91, 10.86%, 0, 0, 3, 175.00, 7119, 418522
1606782085, 0, 98, 1053, 1042, 91, 10.86%, 0, 0, 3, 198.40, 7119, 419375
1606782116, 0, 98, 1054, 1043, 91, 10.86%, 0, 0, 3, 41.69, 7119, 427710
1606782126, 0, 98, 1055, 1044, 91, 10.86%, 0, 0, 3, 74.50, 7119, 428467
1606782137, 0, 98, 1057, 1046, 91, 10.86%, 0, 0, 3, 63.89, 7119, 429166
1606782157, 0, 98, 1058, 1047, 91, 10.86%, 0, 0, 3, 44.63, 7119, 430926
1606782162, 0, 98, 1059, 1048, 91, 10.86%, 0, 0, 3, 51.01, 7119, 431234
1606782167, 0, 98, 1060, 1049, 91, 10.86%, 0, 0, 3, 41.19, 7119, 431721
1606782254, 0, 98, 1061, 1050, 91, 10.86%, 0, 0, 3, 773.75, 7119, 436712
1606782280, 0, 98, 1062, 1051, 91, 10.86%, 0, 0, 3, 24.70, 7119, 438042
1606782357, 0, 168, 1063, 1051, 91, 10.86%, 0, 0, 3, 3307.85, 7119, 451360
1606782367, 0, 169, 1063, 1050, 90, 10.86%, 0, 0, 3, 3314.33, 7119, 485705
1606782382, 0, 171, 1064, 1050, 89, 10.87%, 0, 0, 3, 3347.42, 7121, 538175
1606782393, 0, 173, 1064, 1049, 89, 10.87%, 0, 0, 3, 3334.85, 7121, 572894
1606782403, 0, 174, 1065, 1049, 88, 10.88%, 0, 0, 3, 30.64, 7131, 603130
1606782408, 0, 174, 1066, 1050, 88, 10.88%, 0, 0, 3, 1849.04, 7133, 612720
1606782413, 0, 174, 1069, 1053, 88, 10.88%, 0, 0, 3, 2492.32, 7133, 626380
1606782454, 0, 175, 1069, 1052, 90, 10.88%, 0, 0, 3, 2998.13, 7133, 704496
1606782465, 0, 178, 1069, 1051, 89, 10.88%, 0, 0, 3, 3157.64, 7133, 737886
1606782490, 0, 184, 1069, 1050, 88, 10.88%, 0, 0, 3, 2896.90, 7133, 809369
1606782506, 0, 197, 1069, 1049, 87, 10.88%, 0, 0, 3, 3119.72, 7133, 859533
1606782516, 0, 220, 1069, 1048, 86, 10.88%, 0, 0, 3, 3086.17, 7133, 891979
1606782536, 0, 221, 1071, 1049, 85, 10.88%, 0, 0, 3, 2884.40, 7133, 952857
1606782546, 0, 221, 1072, 1050, 85, 10.88%, 0, 0, 3, 3059.42, 7133, 983720
1606782551, 0, 230, 1073, 1050, 83, 10.88%, 0, 0, 3, 2882.14, 7133, 998498
1606782582, 0, 233, 1074, 1050, 82, 10.88%, 0, 0, 3, 2706.21, 7133, 1081543
1606782608, 0, 242, 1074, 1049, 81, 10.88%, 0, 0, 3, 2694.52, 7133, 1153334
1606782638, 0, 249, 1074, 1048, 80, 10.88%, 0, 0, 3, 20.48, 7133, 1224743
1606782643, 0, 249, 1076, 1050, 80, 10.88%, 0, 0, 3, 19.22, 7133, 1224877
1606782648, 0, 249, 1081, 1055, 80, 10.88%, 0, 0, 3, 18.04, 7133, 1224971
1606782654, 0, 249, 1082, 1056, 80, 10.88%, 0, 0, 3, 18.43, 7133, 1225067
1606782674, 0, 249, 1084, 1058, 80, 10.88%, 0, 0, 3, 18.71, 7133, 1225490
1606782679, 0, 249, 1085, 1059, 80, 10.88%, 0, 0, 3, 18.07, 7133, 1225580
1606782705, 0, 249, 1088, 1062, 80, 10.88%, 0, 0, 3, 30.28, 7133, 1226631
1606782710, 0, 249, 1092, 1066, 80, 10.88%, 0, 0, 3, 22.68, 7133, 1227207
1606782715, 0, 249, 1097, 1071, 80, 10.88%, 0, 0, 3, 20.55, 7133, 1227310
1606782720, 0, 249, 1102, 1076, 80, 10.88%, 0, 0, 3, 20.55, 7133, 1227416
1606782725, 0, 249, 1106, 1080, 80, 10.88%, 0, 0, 3, 20.79, 7133, 1227520
1606782731, 0, 249, 1109, 1083, 80, 10.88%, 0, 0, 3, 22.86, 7133, 1227642
1606782741, 0, 249, 1111, 1085, 80, 10.88%, 0, 0, 3, 26.90, 7133, 1227937
1606782746, 0, 249, 1113, 1087, 80, 10.88%, 0, 0, 3, 21.77, 7133, 1228043
1606782762, 0, 249, 1114, 1088, 80, 10.88%, 0, 0, 3, 19.70, 7133, 1228476
1606782792, 0, 249, 1116, 1090, 80, 10.88%, 0, 0, 3, 17.98, 7133, 1229080
1606782828, 0, 249, 1119, 1093, 80, 10.88%, 0, 0, 3, 23.21, 7133, 1230843
1606782833, 0, 249, 1121, 1095, 80, 10.88%, 0, 0, 3, 25.57, 7133, 1230979
1606782838, 0, 249, 1122, 1096, 80, 10.88%, 0, 0, 3, 27.75, 7133, 1231118
1606782849, 0, 249, 1125, 1099, 80, 10.88%, 0, 0, 3, 23.78, 7133, 1231421
1606782854, 0, 249, 1126, 1100, 80, 10.88%, 0, 0, 3, 26.80, 7133, 1231560
1606782895, 0, 249, 1127, 1101, 80, 10.88%, 0, 0, 3, 19.13, 7133, 1232472
1606782925, 0, 249, 1128, 1102, 80, 10.88%, 0, 0, 3, 22.74, 7133, 1234171
1606782930, 0, 249, 1132, 1106, 80, 10.88%, 0, 0, 3, 20.69, 7133, 1234281
1606782935, 0, 249, 1133, 1107, 80, 10.88%, 0, 0, 3, 28.39, 7133, 1234429
1606782940, 0, 249, 1134, 1108, 80, 10.88%, 0, 0, 3, 36.46, 7133, 1234605
1606782946, 0, 249, 1136, 1110, 80, 10.88%, 0, 0, 3, 32.66, 7133, 1234781
1606782951, 0, 249, 1138, 1112, 80, 10.88%, 0, 0, 3, 28.20, 7133, 1234911
1606782966, 0, 249, 1139, 1113, 80, 10.88%, 0, 0, 3, 65.41, 7133, 1235881
1606783022, 0, 249, 1140, 1114, 80, 10.88%, 0, 0, 3, 18.10, 7133, 1237723
1606783027, 0, 249, 1142, 1116, 80, 10.88%, 0, 0, 3, 17.68, 7133, 1237811
1606783053, 0, 249, 1143, 1117, 80, 10.88%, 0, 0, 3, 17.79, 7133, 1238270
1606783221, 0, 249, 1144, 1118, 80, 10.88%, 0, 0, 3, 18.78, 7133, 1241636
1606783226, 0, 249, 1147, 1121, 80, 10.88%, 0, 0, 3, 18.35, 7133, 1241730
1606783231, 0, 249, 1149, 1123, 80, 10.88%, 0, 0, 3, 19.42, 7133, 1241829
1606783237, 0, 249, 1150, 1124, 80, 10.88%, 0, 0, 3, 19.31, 7133, 1241926
1606783411, 0, 249, 1152, 1126, 80, 10.88%, 0, 0, 3, 23.60, 7133, 1249138
1606783417, 0, 249, 1156, 1130, 80, 10.88%, 0, 0, 3, 44.81, 7133, 1249601
1606783422, 0, 249, 1157, 1131, 80, 10.88%, 0, 0, 3, 42.23, 7133, 1249816
1606783427, 0, 249, 1160, 1134, 80, 10.88%, 0, 0, 3, 608.91, 7133, 1252629
1606783442, 0, 249, 1161, 1135, 80, 10.88%, 0, 0, 3, 28.19, 7133, 1253659
1606783452, 0, 249, 1163, 1137, 80, 10.88%, 0, 0, 3, 24.75, 7133, 1253948
1606783457, 0, 249, 1164, 1138, 80, 10.88%, 0, 0, 3, 31.73, 7133, 1254121
1606783462, 0, 249, 1167, 1141, 80, 10.88%, 0, 0, 3, 26.63, 7133, 1254254
1606783468, 0, 249, 1169, 1143, 80, 10.88%, 0, 0, 3, 24.12, 7133, 1254376
1606783478, 0, 249, 1170, 1144, 80, 10.88%, 0, 0, 3, 23.01, 7133, 1254625
1606783483, 0, 249, 1171, 1145, 80, 10.88%, 0, 0, 3, 29.40, 7133, 1254771
1606783514, 0, 249, 1172, 1146, 80, 10.88%, 0, 0, 3, 36.15, 7133, 1255839
1606783570, 0, 249, 1177, 1151, 80, 10.88%, 0, 0, 3, 24.62, 7133, 1258071
1606783590, 0, 249, 1178, 1152, 80, 10.88%, 0, 0, 3, 24.77, 7133, 1258798
1606783595, 0, 249, 1179, 1153, 80, 10.88%, 0, 0, 3, 31.93, 7133, 1258972
1606783656, 0, 249, 1181, 1155, 80, 10.88%, 0, 0, 3, 18.60, 7133, 1271239
1606783667, 0, 249, 1183, 1157, 80, 10.88%, 0, 0, 3, 32.55, 7133, 1275094
1606783683, 0, 249, 1184, 1158, 80, 10.88%, 0, 0, 3, 37.03, 7133, 1275654
1606783688, 0, 249, 1185, 1159, 80, 10.88%, 0, 0, 3, 225.66, 7133, 1275950
1606783704, 0, 249, 1186, 1160, 80, 10.88%, 0, 0, 3, 36.09, 7133, 1286532
1606783715, 0, 249, 1187, 1161, 80, 10.88%, 0, 0, 3, 20.30, 7133, 1286742
1606783720, 0, 249, 1188, 1162, 80, 10.88%, 0, 0, 3, 21.29, 7133, 1286869
1606783730, 0, 249, 1189, 1163, 80, 10.88%, 0, 0, 3, 14.77, 7133, 1287571
1606783745, 0, 249, 1190, 1164, 80, 10.88%, 0, 0, 3, 35.23, 7133, 1288175
1606783751, 0, 249, 1191, 1165, 80, 10.88%, 0, 0, 3, 27.90, 7133, 1288407
1606783796, 0, 249, 1192, 1166, 80, 10.88%, 0, 0, 3, 42.28, 7133, 1293635
1606783807, 0, 249, 1193, 1167, 80, 10.88%, 0, 0, 3, 42.44, 7133, 1294051
1606783817, 0, 249, 1194, 1168, 80, 10.88%, 0, 0, 3, 65.04, 7133, 1294750
1606783827, 0, 249, 1195, 1169, 80, 10.88%, 0, 0, 3, 41.00, 7133, 1295421
1606783832, 0, 249, 1196, 1170, 80, 10.88%, 0, 0, 3, 27.91, 7133, 1295611
1606783837, 0, 249, 1197, 1171, 80, 10.88%, 0, 0, 3, 43.28, 7133, 1295889
1606783842, 0, 249, 1198, 1172, 80, 10.88%, 0, 0, 3, 38.03, 7133, 1296094
1606783883, 0, 249, 1200, 1174, 80, 10.88%, 0, 0, 3, 105.67, 7133, 1298213
1606783888, 0, 249, 1201, 1175, 80, 10.88%, 0, 0, 3, 307.02, 7133, 1299762
1606783893, 0, 249, 1202, 1176, 80, 10.88%, 0, 0, 3, 175.65, 7133, 1300629
1606783919, 0, 249, 1204, 1178, 80, 10.88%, 0, 0, 3, 36.00, 7133, 1307267
1606783924, 0, 249, 1206, 1180, 80, 10.88%, 0, 0, 3, 87.54, 7133, 1307635
1606783929, 0, 249, 1207, 1181, 80, 10.88%, 0, 0, 3, 78.15, 7133, 1308023
1606783934, 0, 249, 1208, 1182, 80, 10.88%, 0, 0, 3, 200.99, 7133, 1308345
1606783939, 0, 249, 1211, 1185, 80, 10.88%, 0, 0, 3, 75.25, 7133, 1308674
1606783955, 0, 249, 1214, 1188, 80, 10.88%, 0, 0, 3, 36.70, 7133, 1309997
1606783960, 0, 249, 1215, 1189, 80, 10.88%, 0, 0, 3, 52.75, 7133, 1310335
1606783975, 0, 249, 1216, 1190, 80, 10.88%, 0, 0, 3, 19.12, 7133, 1311298
1606783990, 0, 249, 1217, 1191, 80, 10.88%, 0, 0, 3, 20.45, 7133, 1311695
1606784027, 0, 249, 1218, 1192, 80, 10.88%, 0, 0, 3, 20.56, 7133, 1312580
1606784068, 0, 249, 1221, 1195, 80, 10.88%, 0, 0, 3, 127.26, 7133, 1316642
1606784083, 0, 249, 1223, 1197, 80, 10.88%, 0, 0, 3, 20.59, 7133, 1317385
1606784169, 0, 249, 1225, 1199, 80, 10.88%, 0, 0, 3, 104.66, 7133, 1322791
1606784175, 0, 249, 1229, 1203, 80, 10.88%, 0, 0, 3, 28.66, 7133, 1322944
1606784180, 0, 249, 1230, 1204, 80, 10.88%, 0, 0, 3, 36.98, 7133, 1323144
1606784185, 0, 249, 1231, 1205, 80, 10.88%, 0, 0, 3, 49.96, 7133, 1323644
1606784190, 0, 279, 1231, 1204, 78, 10.88%, 0, 0, 3, 38.44, 7133, 1324194
1606784195, 0, 279, 1232, 1205, 78, 10.88%, 0, 0, 3, 19.86, 7133, 1324336
1606784200, 0, 279, 1233, 1206, 78, 10.88%, 0, 0, 3, 20.31, 7133, 1324444
1606784221, 0, 279, 1234, 1207, 78, 10.88%, 0, 0, 3, 20.10, 7133, 1324902
1606784246, 0, 279, 1236, 1209, 78, 10.88%, 0, 0, 3, 73.24, 7133, 1325973
1606784256, 0, 279, 1237, 1210, 78, 10.88%, 0, 0, 3, 24.47, 7133, 1326716
1606784262, 0, 279, 1238, 1211, 78, 10.88%, 0, 0, 3, 27.13, 7133, 1326857
1606784339, 0, 279, 1239, 1212, 78, 10.88%, 0, 0, 3, 93.83, 7133, 1329330
1606784364, 0, 279, 1240, 1213, 78, 10.88%, 0, 0, 3, 35.18, 7133, 1330662
1606784375, 0, 279, 1241, 1214, 78, 10.88%, 0, 0, 3, 24.91, 7133, 1330994
1606784431, 0, 279, 1242, 1215, 78, 10.88%, 0, 0, 3, 24.82, 7133, 1333339
1606784467, 0, 279, 1243, 1216, 78, 10.88%, 0, 0, 3, 20.08, 7133, 1335476
1606784513, 0, 279, 1244, 1217, 78, 10.88%, 0, 0, 3, 19.81, 7133, 1336785
1606784594, 0, 279, 1245, 1218, 78, 10.88%, 0, 0, 3, 17.99, 7133, 1338359
1606784890, 0, 279, 1249, 1222, 78, 10.88%, 0, 0, 3, 164.98, 7133, 1348091
1606785193, 0, 279, 1250, 1223, 78, 10.88%, 0, 0, 3, 20.19, 7133, 1385525
1606785305, 0, 279, 1251, 1224, 78, 10.88%, 0, 0, 3, 37.82, 7133, 1394248
1606785311, 0, 279, 1252, 1225, 78, 10.88%, 0, 0, 3, 45.26, 7133, 1394531
1606785351, 0, 279, 1253, 1226, 78, 10.88%, 0, 0, 3, 96.28, 7133, 1396452
1606785438, 0, 279, 1254, 1227, 78, 10.88%, 0, 0, 3, 35.03, 7133, 1409702
1606785545, 0, 279, 1255, 1228, 78, 10.88%, 0, 0, 3, 14.37, 7133, 1415781
1606785631, 0, 279, 1257, 1230, 78, 10.88%, 0, 0, 3, 157.07, 7133, 1420197
1606785652, 0, 298, 1257, 1229, 79, 10.88%, 0, 0, 3, 1837.93, 7133, 1429930
1606785678, 0, 299, 1257, 1228, 78, 10.88%, 0, 0, 3, 2804.50, 7133, 1502574
1606785703, 0, 300, 1257, 1227, 77, 10.88%, 0, 0, 3, 2807.31, 7133, 1573549
1606785723, 0, 301, 1257, 1226, 76, 10.88%, 0, 0, 3, 2757.47, 7133, 1630563
1606785748, 0, 302, 1257, 1225, 75, 10.88%, 0, 0, 3, 2739.59, 7133, 1701709
1606785774, 0, 445, 1257, 1224, 74, 10.88%, 0, 0, 3, 2697.55, 7133, 1772324
1606785809, 0, 446, 1257, 1223, 73, 10.88%, 0, 0, 3, 2625.22, 7133, 1870201
1606785846, 0, 460, 1258, 1222, 71, 10.89%, 0, 0, 3, 2864.97, 7135, 1969827
1606785896, 0, 460, 1259, 1223, 71, 10.89%, 0, 0, 3, 35.02, 7135, 1972444
1606785962, 0, 460, 1260, 1224, 71, 10.89%, 0, 0, 3, 88.60, 7135, 1975108
1606786366, 0, 460, 1262, 1226, 71, 10.89%, 0, 0, 3, 41.58, 7135, 1993855
1606786371, 0, 460, 1263, 1227, 71, 10.89%, 0, 0, 3, 26.53, 7135, 1994326
1606786376, 0, 460, 1264, 1228, 71, 10.89%, 0, 0, 3, 2597.01, 7135, 1996465
1606786769, 0, 460, 1265, 1229, 71, 10.89%, 0, 0, 3, 50.46, 7135, 2051367
1606786795, 0, 460, 1266, 1230, 71, 10.89%, 0, 0, 3, 73.85, 7135, 2053382
1606786887, 0, 460, 1267, 1231, 71, 10.89%, 0, 0, 3, 688.70, 7135, 2060712
1606786974, 0, 477, 1268, 1231, 72, 10.89%, 0, 0, 3, 1651.94, 7135, 2071352
1606786989, 0, 482, 1269, 1231, 71, 10.89%, 0, 0, 3, 2956.31, 7135, 2120416
1606787009, 0, 482, 1270, 1232, 71, 10.89%, 0, 0, 3, 3022.76, 7135, 2180272
1606787014, 0, 482, 1274, 1236, 71, 10.89%, 0, 0, 3, 2831.39, 7135, 2194404
1606787019, 0, 490, 1275, 1236, 70, 10.89%, 0, 0, 3, 20.97, 7135, 2200561
1606787024, 0, 490, 1276, 1237, 70, 10.89%, 0, 0, 3, 20.30, 7135, 2200708
1606787086, 0, 490, 1277, 1238, 70, 10.89%, 0, 0, 3, 21.74, 7135, 2203070
1606787122, 0, 490, 1278, 1239, 70, 10.89%, 0, 0, 3, 19.78, 7135, 2204114
1606787147, 0, 490, 1279, 1240, 70, 10.89%, 0, 0, 3, 19.24, 7135, 2204676
1606787168, 0, 490, 1280, 1241, 70, 10.89%, 0, 0, 3, 1521.46, 7135, 2205649
1606787183, 0, 490, 1281, 1242, 70, 10.89%, 0, 0, 3, 29.64, 7135, 2206562
1606787188, 0, 490, 1283, 1244, 70, 10.89%, 0, 0, 3, 28.33, 7135, 2206698
1606787203, 0, 490, 1284, 1245, 70, 10.89%, 0, 0, 3, 34.38, 7135, 2207250
1606787275, 0, 490, 1285, 1246, 70, 10.89%, 0, 0, 3, 41.37, 7135, 2210084
1606787306, 0, 490, 1286, 1247, 70, 10.89%, 0, 0, 3, 21.76, 7135, 2211904
1606787700, 0, 490, 1289, 1250, 70, 10.89%, 0, 0, 3, 488.04, 7135, 2224623
1606787731, 0, 490, 1290, 1251, 70, 10.89%, 0, 0, 3, 31.50, 7135, 2228985
1606787792, 0, 490, 1291, 1252, 70, 10.89%, 0, 0, 3, 40.74, 7135, 2230693
1606787802, 0, 490, 1292, 1253, 70, 10.89%, 0, 0, 3, 44.43, 7135, 2231071
1606787822, 0, 490, 1293, 1254, 70, 10.89%, 0, 0, 3, 54.02, 7135, 2232074
1606787848, 0, 490, 1294, 1255, 70, 10.89%, 0, 0, 3, 27.13, 7135, 2233038
1606787878, 0, 490, 1295, 1256, 70, 10.89%, 0, 0, 3, 38.72, 7135, 2234136
1606787889, 0, 490, 1296, 1257, 70, 10.89%, 0, 0, 3, 24.86, 7135, 2234394
1606788042, 0, 490, 1297, 1258, 70, 10.89%, 0, 0, 3, 101.26, 7135, 2263925
1606788114, 0, 490, 1298, 1259, 70, 10.89%, 0, 0, 3, 48.30, 7135, 2271003
1606788201, 0, 490, 1300, 1261, 70, 10.89%, 0, 0, 3, 27.08, 7135, 2283053
1606788227, 0, 490, 1301, 1262, 70, 10.89%, 0, 0, 3, 335.00, 7135, 2285156
1606788431, 0, 490, 1302, 1263, 70, 10.89%, 0, 0, 3, 28.66, 7135, 2297878
1606788451, 0, 547, 1302, 1262, 67, 10.89%, 0, 0, 3, 2736.19, 7135, 2312233
1606788487, 0, 548, 1302, 1261, 66, 10.89%, 0, 0, 3, 2620.83, 7135, 2408538
1606788492, 0, 548, 1303, 1262, 66, 10.89%, 0, 0, 3, 2710.31, 7135, 2422504
1606788523, 0, 569, 1303, 1261, 65, 10.89%, 0, 0, 3, 2880.23, 7135, 2506329
1606788533, 0, 579, 1303, 1260, 64, 10.89%, 0, 0, 3, 3145.26, 7135, 2539700
1606788553, 0, 581, 1303, 1259, 63, 10.89%, 0, 0, 3, 2716.05, 7135, 2596856
1606788584, 0, 596, 1303, 1258, 62, 10.89%, 0, 0, 3, 26.76, 7135, 2672583
1606789223, 0, 596, 1304, 1259, 62, 10.89%, 0, 0, 3, 242.25, 7135, 2696627
1606789228, 0, 596, 1305, 1260, 62, 10.89%, 0, 0, 3, 51.10, 7135, 2696965
1606789325, 0, 596, 1306, 1261, 62, 10.89%, 0, 0, 3, 62.22, 7135, 2703597
1606789514, 0, 596, 1307, 1262, 62, 10.89%, 0, 0, 3, 51.41, 7135, 2734969
1606789816, 0, 596, 1308, 1263, 62, 10.89%, 0, 0, 3, 22.82, 7135, 2764151
1606789888, 0, 596, 1309, 1264, 62, 10.89%, 0, 0, 3, 136.05, 7135, 2769463
1606789893, 0, 596, 1310, 1265, 62, 10.89%, 0, 0, 3, 30.08, 7135, 2769638
1606789914, 0, 682, 1324, 1277, 61, 10.89%, 0, 0, 3, 2895.08, 7135, 2782580
1606789924, 0, 682, 1336, 1289, 61, 10.89%, 0, 0, 3, 2360.36, 7135, 2806454
1606789939, 0, 682, 1337, 1290, 61, 10.89%, 0, 0, 3, 2778.09, 7135, 2849173
1606789944, 0, 682, 1338, 1291, 61, 10.89%, 0, 0, 3, 2584.76, 7135, 2862609
1606789949, 0, 686, 1339, 1291, 63, 10.89%, 0, 0, 3, 2657.74, 7135, 2875810
1606789985, 0, 690, 1339, 1290, 62, 10.89%, 0, 0, 3, 2894.02, 7135, 2979448
1606789995, 0, 692, 1339, 1289, 61, 10.89%, 0, 0, 3, 3256.45, 7135, 3013017
1606790010, 0, 732, 1340, 1289, 61, 10.89%, 0, 0, 3, 29.68, 7138, 3053723
1606790026, 0, 732, 1341, 1290, 61, 10.89%, 0, 0, 3, 23.09, 7138, 3054131
1606790061, 0, 732, 1343, 1292, 61, 10.89%, 0, 0, 3, 29.74, 7138, 3056120
1606790133, 0, 732, 1344, 1293, 61, 10.89%, 0, 0, 3, 70.73, 7138, 3059280
1606790143, 0, 732, 1345, 1294, 61, 10.89%, 0, 0, 3, 41.23, 7138, 3059787
1606790174, 0, 732, 1346, 1295, 61, 10.89%, 0, 0, 3, 23.68, 7138, 3060838
1606790419, 0, 732, 1349, 1298, 61, 10.89%, 0, 0, 3, 24.09, 7138, 3070137
1606791147, 0, 805, 1349, 1297, 59, 10.89%, 0, 0, 3, 2258.75, 7138, 3164003
1606791183, 0, 809, 1349, 1296, 58, 10.89%, 0, 0, 3, 29.41, 7138, 3250924
1606791756, 0, 809, 1350, 1297, 58, 10.89%, 0, 0, 3, 34.12, 7138, 3274684
1606791771, 0, 809, 1351, 1298, 58, 10.89%, 0, 0, 3, 57.14, 7138, 3278824
1606792062, 0, 809, 1352, 1299, 58, 10.89%, 0, 0, 3, 86.70, 7138, 3314831
1606792429, 0, 822, 1353, 1299, 57, 10.89%, 0, 0, 3, 2203.43, 7138, 3359976
1606792440, 0, 823, 1353, 1298, 56, 10.89%, 0, 0, 3, 3027.44, 7138, 3393057
1606792445, 0, 823, 1354, 1299, 56, 10.89%, 0, 0, 3, 2740.75, 7138, 3406391
1606792470, 0, 847, 1358, 1301, 54, 10.89%, 0, 0, 3, 3037.32, 7138, 3480143
1606792486, 0, 894, 1358, 1300, 53, 10.89%, 0, 0, 3, 3004.72, 7138, 3528011
1606792511, 0, 895, 1359, 1300, 52, 10.89%, 0, 0, 3, 2838.36, 7138, 3603296
1606792531, 0, 898, 1359, 1299, 51, 10.89%, 0, 0, 3, 134.09, 7138, 3658652
1606792669, 0, 898, 1361, 1301, 51, 10.89%, 0, 0, 3, 81.74, 7138, 3663837
1606792757, 0, 898, 1362, 1302, 51, 10.89%, 0, 0, 3, 42.42, 7138, 3667837
1606793145, 0, 898, 1363, 1303, 51, 10.89%, 0, 0, 3, 1194.13, 7138, 3682523
1606793530, 0, 898, 1365, 1305, 51, 10.89%, 0, 0, 3, 41.59, 7138, 3729278
1606793596, 0, 898, 1366, 1306, 51, 10.89%, 0, 0, 3, 44.38, 7138, 3740444
1606793617, 0, 898, 1367, 1307, 51, 10.89%, 0, 0, 3, 72.97, 7138, 3741900
1606793637, 0, 898, 1369, 1309, 51, 10.89%, 0, 0, 3, 38.55, 7138, 3743611
1606793826, 0, 918, 1369, 1308, 50, 10.89%, 0, 0, 3, 821.74, 7138, 3757535
1606793888, 0, 918, 1370, 1309, 50, 10.89%, 0, 0, 3, 29.25, 7138, 3760222
1606793960, 0, 918, 1371, 1310, 50, 10.89%, 0, 0, 3, 33.95, 7138, 3763323
1606794404, 0, 918, 1372, 1311, 50, 10.89%, 0, 0, 3, 3086.67, 7138, 3781350
1606794409, 0, 918, 1373, 1312, 50, 10.89%, 0, 0, 3, 51.50, 7138, 3781898
1606794828, 0, 918, 1374, 1313, 50, 10.89%, 0, 0, 3, 36.66, 7138, 3839203
1606794874, 0, 918, 1375, 1314, 50, 10.89%, 0, 0, 3, 54.06, 7138, 3842730
1606795067, 0, 934, 1375, 1313, 49, 10.89%, 0, 0, 3, 1354.35, 7138, 3859269
1606795093, 0, 939, 1375, 1312, 48, 10.89%, 0, 0, 3, 3022.16, 7138, 3941828
1606795108, 0, 939, 1376, 1313, 48, 10.90%, 0, 0, 3, 2860.28, 7141, 3987215
1606795113, 0, 947, 1376, 1312, 48, 10.90%, 0, 0, 3, 2798.29, 7141, 4001730
1606795149, 0, 958, 1376, 1311, 47, 10.90%, 0, 0, 3, 3011.26, 7141, 4101291
1606795160, 0, 960, 1376, 1310, 46, 10.90%, 0, 0, 3, 3268.99, 7141, 4135148
1606795170, 0, 961, 1376, 1309, 45, 10.90%, 0, 0, 3, 60.45, 7141, 4168012
1606795252, 0, 961, 1377, 1310, 45, 10.90%, 0, 0, 3, 34.63, 7141, 4171087
1606795257, 0, 961, 1378, 1311, 45, 10.90%, 0, 0, 3, 26.58, 7141, 4171215
1606795324, 0, 961, 1379, 1312, 45, 10.90%, 0, 0, 3, 1465.00, 7141, 4172964
1606795344, 0, 961, 1380, 1313, 45, 10.90%, 0, 0, 3, 40.02, 7141, 4174417
1606795436, 0, 961, 1381, 1314, 45, 10.90%, 0, 0, 3, 28.48, 7141, 4177858
1606795452, 0, 961, 1382, 1315, 45, 10.90%, 0, 0, 3, 42.88, 7141, 4178769
1606795462, 0, 961, 1383, 1316, 45, 10.90%, 0, 0, 3, 19.70, 7141, 4179401
1606795866, 0, 961, 1385, 1318, 45, 10.90%, 0, 0, 3, 1896.07, 7141, 4191924
1606795974, 0, 961, 1386, 1319, 45, 10.90%, 0, 0, 3, 49.34, 7141, 4199842
1606796543, 0, 961, 1387, 1320, 45, 10.90%, 0, 0, 3, 230.00, 7141, 4258462
1606796686, 0, 968, 1387, 1319, 47, 10.90%, 0, 0, 3, 35.48, 7141, 4266574
1606797760, 0, 968, 1388, 1320, 47, 10.90%, 0, 0, 3, 24.97, 7141, 4328265
1606797883, 0, 968, 1389, 1321, 47, 10.90%, 0, 0, 3, 26.13, 7141, 4337394
1606798293, 0, 970, 1389, 1320, 46, 10.90%, 0, 0, 3, 2753.17, 7141, 4375415
1606798323, 0, 970, 1390, 1321, 46, 10.90%, 0, 0, 3, 2450.42, 7141, 4434821
1606798344, 0, 977, 1390, 1320, 45, 10.90%, 0, 0, 3, 3417.88, 7141, 4483023
1606798349, 0, 979, 1391, 1320, 44, 10.90%, 0, 0, 3, 3306.81, 7141, 4499620
1606798369, 0, 980, 1391, 1319, 44, 10.90%, 0, 0, 3, 3240.94, 7141, 4565880
1606798384, 0, 981, 1391, 1318, 43, 10.90%, 0, 0, 3, 3278.32, 7141, 4616365
1606798399, 0, 983, 1391, 1317, 42, 10.90%, 0, 0, 3, 3266.91, 7141, 4667238
1606798420, 0, 996, 1391, 1316, 41, 10.90%, 0, 0, 3, 3102.42, 7141, 4733609
1606798430, 0, 998, 1394, 1318, 40, 10.90%, 0, 0, 3, 2773.10, 7146, 4761608
1606798440, 0, 1001, 1397, 1320, 39, 10.90%, 0, 0, 3, 2914.00, 7146, 4788840
1606798450, 0, 1007, 1403, 1325, 40, 10.90%, 0, 0, 3, 2995.04, 7146, 4816111
1606798461, 0, 1008, 1405, 1326, 39, 10.90%, 0, 0, 3, 2999.25, 7146, 4847390
1606798471, 0, 1009, 1407, 1327, 38, 10.90%, 0, 0, 3, 180.21, 7146, 4866468
1606798481, 0, 1009, 1414, 1334, 38, 10.98%, 0, 0, 3, 22.96, 7195, 4866961
1606798486, 0, 1009, 1415, 1335, 38, 10.98%, 0, 0, 3, 61.20, 7195, 4867507
1606798496, 0, 1009, 1420, 1340, 38, 10.98%, 0, 0, 3, 52.63, 7195, 4868251
1606798512, 0, 1009, 1425, 1345, 38, 10.98%, 0, 0, 3, 61.97, 7195, 4869373
1606798589, 0, 1009, 1431, 1351, 38, 10.98%, 0, 0, 3, 44.88, 7195, 4874022
1606798594, 0, 1009, 1445, 1365, 38, 10.98%, 0, 0, 3, 37.61, 7195, 4874235
1606798599, 0, 1009, 1452, 1372, 38, 11.02%, 0, 0, 3, 49.38, 7223, 4874603
1606798630, 0, 1009, 1453, 1373, 38, 11.02%, 0, 0, 3, 56.03, 7223, 4884520
1606798635, 0, 1009, 1454, 1374, 38, 11.02%, 0, 0, 3, 279.25, 7223, 4885399
1606798691, 0, 1010, 1457, 1376, 39, 11.02%, 0, 0, 3, 1715.90, 7223, 4900416
1606798697, 0, 1010, 1458, 1377, 39, 11.02%, 0, 0, 3, 2729.12, 7223, 4912806
1606798702, 0, 1012, 1459, 1377, 40, 11.02%, 0, 0, 3, 2899.41, 7223, 4927029
1606798707, 0, 1012, 1461, 1379, 40, 11.02%, 0, 0, 3, 2313.22, 7224, 4940490
1606798712, 0, 1013, 1461, 1378, 40, 11.02%, 0, 0, 3, 2914.73, 7224, 4954704
1606798722, 0, 1014, 1461, 1377, 39, 11.02%, 0, 0, 3, 2917.46, 7224, 4985201
1606798727, 0, 1014, 1462, 1378, 39, 11.02%, 0, 0, 3, 2776.63, 7224, 4997045
1606798732, 0, 1015, 1464, 1379, 38, 11.02%, 0, 0, 3, 2862.77, 7224, 5011619
1606798742, 0, 1018, 1467, 1381, 37, 11.02%, 0, 0, 3, 2613.85, 7224, 5039248
1606798748, 0, 1018, 1468, 1382, 37, 11.02%, 0, 0, 3, 2780.26, 7224, 5051620
1606798753, 0, 1023, 1469, 1382, 37, 11.02%, 0, 0, 3, 3174.04, 7224, 5067796
1606798758, 0, 1026, 1470, 1382, 36, 11.02%, 0, 0, 4, 2999.08, 7224, 5083876
1606798768, 0, 1026, 1471, 1383, 36, 11.02%, 0, 0, 4, 2815.19, 7224, 5111828
1606798788, 0, 1034, 1471, 1382, 35, 11.02%, 0, 0, 4, 162.93, 7224, 5168317
1606798906, 0, 1034, 1472, 1383, 35, 11.02%, 0, 0, 4, 92.34, 7224, 5173463
1606798927, 0, 1034, 1473, 1384, 35, 11.02%, 0, 0, 4, 35.31, 7224, 5174726
1606799336, 0, 1034, 1474, 1385, 35, 11.02%, 0, 0, 4, 109.11, 7224, 5196336
1606799418, 0, 1034, 1475, 1386, 35, 11.02%, 0, 0, 4, 40.55, 7224, 5200262
1606799914, 0, 1036, 1475, 1385, 34, 11.02%, 0, 0, 4, 31.80, 7224, 5267391
1606799924, 0, 1036, 1479, 1389, 34, 11.02%, 0, 0, 4, 16.77, 7224, 5267596
1606799929, 0, 1036, 1482, 1392, 34, 11.02%, 0, 0, 4, 17.23, 7224, 5267681
1606799934, 0, 1036, 1484, 1394, 34, 11.02%, 0, 0, 4, 16.66, 7224, 5267764
1606799939, 0, 1036, 1485, 1395, 34, 11.02%, 0, 0, 4, 16.73, 7224, 5267850
1606799959, 0, 1036, 1489, 1399, 34, 11.02%, 0, 0, 4, 16.28, 7224, 5268229
1606799990, 0, 1036, 1490, 1400, 34, 11.02%, 0, 0, 4, 64.81, 7224, 5269352
1606799995, 0, 1036, 1491, 1401, 34, 11.02%, 0, 0, 4, 20.50, 7224, 5269914
1606800016, 0, 1036, 1494, 1404, 34, 11.02%, 0, 0, 4, 25.54, 7224, 5270446
1606800031, 0, 1036, 1496, 1406, 34, 11.02%, 0, 0, 4, 20.30, 7224, 5270855
1606800042, 0, 1036, 1497, 1407, 34, 11.02%, 0, 0, 4, 17.94, 7224, 5271068
1606800098, 0, 1036, 1498, 1408, 34, 11.02%, 0, 0, 4, 239.47, 7224, 5272628
1606800103, 0, 1036, 1499, 1409, 34, 11.02%, 0, 0, 4, 17.26, 7224, 5273258
1606800119, 0, 1036, 1500, 1410, 34, 11.02%, 0, 0, 4, 36.14, 7224, 5273703
1606800124, 0, 1036, 1501, 1411, 34, 11.02%, 0, 0, 4, 32.37, 7224, 5273876
1606800129, 0, 1036, 1502, 1412, 34, 11.02%, 0, 0, 4, 32.36, 7224, 5274038
1606800134, 0, 1036, 1503, 1413, 34, 11.02%, 0, 0, 4, 143.43, 7224, 5274175
1606800144, 0, 1036, 1504, 1414, 34, 11.02%, 0, 0, 4, 18.88, 7224, 5274411
1606800149, 0, 1036, 1505, 1415, 34, 11.02%, 0, 0, 4, 18.84, 7224, 5274506
1606800155, 0, 1036, 1506, 1416, 34, 11.02%, 0, 0, 4, 17.37, 7224, 5274596
1606800206, 0, 1036, 1507, 1417, 34, 11.02%, 0, 0, 4, 18.74, 7224, 5276641
1606800222, 0, 1036, 1508, 1418, 34, 11.02%, 0, 0, 4, 41.43, 7224, 5277155
1606800232, 0, 1036, 1509, 1419, 34, 11.02%, 0, 0, 4, 27.88, 7224, 5277453
1606800324, 0, 1036, 1510, 1420, 34, 11.02%, 0, 0, 4, 19.05, 7224, 5280546
1606800329, 0, 1036, 1511, 1421, 34, 11.02%, 0, 0, 4, 17.11, 7224, 5280631
1606800350, 0, 1036, 1512, 1422, 34, 11.02%, 0, 0, 4, 20.06, 7224, 5280995
1606800360, 0, 1036, 1513, 1423, 34, 11.02%, 0, 0, 4, 16.90, 7224, 5281177
1606800375, 0, 1036, 1514, 1424, 34, 11.02%, 0, 0, 4, 16.70, 7224, 5281444
1606800519, 0, 1036, 1515, 1425, 34, 11.02%, 0, 0, 4, 16.95, 7224, 5284154
1606800524, 0, 1036, 1517, 1427, 34, 11.02%, 0, 0, 4, 15.89, 7224, 5284235
1606800529, 0, 1036, 1518, 1428, 34, 11.02%, 0, 0, 4, 16.63, 7224, 5284320
1606800740, 0, 1036, 1519, 1429, 34, 11.02%, 0, 0, 4, 54.21, 7224, 5294872
1606800756, 0, 1036, 1520, 1430, 34, 11.02%, 0, 0, 4, 25.79, 7224, 5295980
1606800761, 0, 1036, 1521, 1431, 34, 11.02%, 0, 0, 4, 24.55, 7224, 5296102
1606800807, 0, 1036, 1522, 1432, 34, 11.02%, 0, 0, 4, 37.06, 7224, 5297310
1606800827, 0, 1036, 1523, 1433, 34, 11.02%, 0, 0, 4, 25.89, 7224, 5297961
1606800863, 0, 1036, 1524, 1434, 34, 11.02%, 0, 0, 4, 37.17, 7224, 5299498
1606801049, 0, 1036, 1525, 1435, 34, 11.02%, 0, 0, 4, 21.63, 7224, 5329020
1606801075, 0, 1036, 1526, 1436, 34, 11.02%, 0, 0, 4, 40.07, 7224, 5330194
1606801111, 0, 1036, 1527, 1437, 34, 11.02%, 0, 0, 4, 72.17, 7224, 5331777
1606801152, 0, 1036, 1529, 1439, 34, 11.02%, 0, 0, 4, 37.20, 7224, 5336522
1606801157, 0, 1036, 1530, 1440, 34, 11.02%, 0, 0, 4, 58.48, 7224, 5336812
1606801172, 0, 1036, 1531, 1441, 34, 11.02%, 0, 0, 4, 21.49, 7224, 5337759
1606801182, 0, 1036, 1532, 1442, 34, 11.02%, 0, 0, 4, 41.31, 7224, 5338234
1606801223, 0, 1036, 1534, 1444, 34, 11.02%, 0, 0, 4, 134.71, 7224, 5339984
1606801234, 0, 1036, 1535, 1445, 34, 11.02%, 0, 0, 4, 25.10, 7224, 5342005
1606801249, 0, 1036, 1536, 1446, 34, 11.02%, 0, 0, 4, 51.47, 7224, 5348699
1606801280, 0, 1036, 1537, 1447, 34, 11.02%, 0, 0, 4, 41.26, 7224, 5350711
1606801448, 0, 1036, 1538, 1448, 34, 11.02%, 0, 0, 4, 19.86, 7224, 5359855
1606801531, 0, 1036, 1539, 1449, 34, 11.02%, 0, 0, 4, 23.99, 7224, 5365059
1606801557, 0, 1036, 1540, 1450, 34, 11.02%, 0, 0, 4, 44.11, 7224, 5366413
1606801562, 0, 1048, 1540, 1449, 35, 11.02%, 0, 0, 4, 22.29, 7224, 5366920
1606801572, 0, 1048, 1541, 1450, 35, 11.02%, 0, 0, 4, 20.07, 7224, 5367163
1606802552, 0, 1048, 1542, 1451, 35, 11.02%, 0, 0, 4, 23.54, 7224, 5428278
1606803024, 0, 1053, 1542, 1450, 35, 11.02%, 0, 0, 4, 22.57, 7224, 5465955
1606803193, 0, 1053, 1543, 1451, 35, 11.02%, 0, 0, 4, 39.40, 7224, 5471749
1606803561, 0, 1053, 1544, 1452, 35, 11.02%, 0, 0, 4, 18.51, 7224, 5482018
1606804114, 0, 1053, 1545, 1453, 35, 11.02%, 0, 0, 4, 74.96, 7224, 5530834
1606804246, 0, 1053, 1546, 1454, 35, 11.02%, 0, 0, 4, 53.13, 7224, 5547491
1606804532, 0, 1063, 1546, 1453, 35, 11.02%, 0, 0, 4, 3619.66, 7224, 5571797
1606804542, 0, 1072, 1547, 1453, 34, 11.02%, 0, 0, 4, 3355.67, 7224, 5607902
1606804563, 0, 1085, 1547, 1452, 34, 11.02%, 0, 0, 4, 61.94, 7224, 5659241
1606804604, 0, 1085, 1548, 1453, 34, 11.02%, 0, 0, 4, 886.79, 7224, 5661219
1606804609, 0, 1085, 1549, 1454, 34, 11.02%, 0, 0, 4, 33.06, 7224, 5661654
1606804640, 0, 1085, 1550, 1455, 34, 11.02%, 0, 0, 4, 26.84, 7224, 5662829
1606804676, 0, 1085, 1553, 1458, 34, 11.02%, 0, 0, 4, 35.82, 7224, 5664972
1606804742, 0, 1085, 1554, 1459, 34, 11.02%, 0, 0, 4, 43.12, 7224, 5668450
1606805080, 0, 1085, 1555, 1460, 34, 11.02%, 0, 0, 4, 43.22, 7224, 5687526
1606805317, 0, 1085, 1556, 1461, 34, 11.02%, 0, 0, 4, 40.02, 7224, 5726940
1606805378, 0, 1085, 1557, 1462, 34, 11.02%, 0, 0, 4, 155.71, 7224, 5731280
1606805399, 0, 1085, 1558, 1463, 34, 11.02%, 0, 0, 4, 344.34, 7224, 5740109
1606805599, 0, 1085, 1560, 1465, 34, 11.02%, 0, 0, 4, 30.35, 7224, 5757745
1606805604, 0, 1085, 1561, 1466, 34, 11.02%, 0, 0, 4, 816.59, 7224, 5758357
1606805609, 0, 1220, 1561, 1465, 33, 11.02%, 0, 0, 4, 28.55, 7224, 5758740
1606806874, 0, 1268, 1562, 1464, 32, 11.03%, 0, 0, 4, 2781.75, 7226, 5872209
1606806905, 0, 1271, 1562, 1463, 31, 11.03%, 0, 0, 4, 2934.29, 7226, 5965226
1606806935, 0, 1289, 1562, 1462, 30, 11.03%, 0, 0, 4, 47.83, 7226, 6054502
1606808100, 0, 1306, 1562, 1461, 29, 11.03%, 0, 0, 4, 43.51, 7226, 6154034
1606809268, 0, 1318, 1564, 1462, 28, 11.03%, 0, 0, 4, 2465.20, 7226, 6265034
1606809279, 0, 1318, 1565, 1463, 28, 11.03%, 0, 0, 4, 2990.41, 7226, 6292389
1606809299, 0, 1321, 1565, 1462, 28, 11.03%, 0, 0, 4, 2761.18, 7226, 6350854
1606809330, 0, 1334, 1566, 1462, 27, 11.03%, 0, 0, 4, 2675.48, 7226, 6443457
1606809335, 0, 1334, 1567, 1463, 27, 11.03%, 0, 0, 4, 2577.68, 7226, 6455908
1606809360, 0, 1339, 1567, 1462, 27, 11.03%, 0, 0, 4, 3023.11, 7226, 6531143
1606809370, 0, 1354, 1569, 1463, 26, 11.03%, 0, 0, 4, 3470.67, 7226, 6566018
1606809380, 0, 1356, 1570, 1463, 26, 11.03%, 0, 0, 4, 3359.34, 7226, 6601850
1606809395, 0, 1375, 1570, 1462, 25, 11.03%, 0, 0, 4, 3101.62, 7226, 6651073
1606809411, 0, 1384, 1570, 1461, 24, 11.03%, 0, 0, 4, 2739.32, 7226, 6697940
1606809416, 0, 1384, 1571, 1462, 24, 11.03%, 0, 0, 4, 46.32, 7226, 6698255
1606809447, 0, 1384, 1572, 1463, 24, 11.03%, 0, 0, 4, 76.80, 7226, 6700370
1606809462, 0, 1384, 1573, 1464, 24, 11.03%, 0, 0, 4, 45.62, 7226, 6701166
