# unix_time, cycles_done, cur_path, paths_total, pending_total, pending_favs, map_size, unique_crashes, unique_hangs, max_depth, execs_per_sec, edge_coverage, total_execs
1601583255, 0, 0, 2, 2, 2, 6.09%, 0, 0, 1, 25.28 0 16
1601583260, 0, 0, 9, 9, 2, 6.25%, 0, 0, 2, 14.06 4094 291
1601583265, 0, 0, 15, 15, 2, 6.30%, 0, 0, 2, 11.82 4127 414
1601583276, 0, 0, 29, 29, 2, 7.01%, 0, 0, 2, 9.99 4594 623
1601583281, 0, 0, 35, 35, 2, 7.04%, 0, 0, 2, 10.51 4613 679
1601583286, 0, 0, 41, 41, 2, 7.06%, 0, 0, 2, 10.56 4626 735
1601583291, 0, 0, 47, 47, 2, 7.19%, 0, 0, 2, 10.23 4711 787
1601583296, 0, 0, 53, 53, 2, 7.21%, 0, 0, 2, 9.81 4723 837
1601583301, 0, 0, 58, 58, 2, 7.21%, 0, 0, 2, 10.21 4725 888
1601583307, 0, 0, 65, 65, 2, 7.22%, 0, 0, 2, 10.77 4734 945
1601583312, 0, 0, 70, 70, 2, 7.23%, 0, 0, 2, 10.23 4735 998
1601583317, 0, 0, 76, 76, 2, 7.23%, 0, 0, 2, 10.44 4735 1051
1601583322, 0, 0, 82, 82, 2, 7.23%, 0, 0, 2, 10.43 4735 1105
1601583327, 0, 0, 88, 88, 2, 7.23%, 0, 0, 2, 10.68 4735 1160
1601583332, 0, 0, 94, 94, 2, 7.23%, 0, 0, 2, 10.36 4736 1212
1601583338, 0, 0, 100, 100, 2, 7.23%, 0, 0, 2, 10.45 4736 1267
1601583343, 0, 0, 106, 106, 2, 7.23%, 0, 0, 2, 10.30 4736 1321
1601583348, 0, 0, 112, 112, 2, 7.23%, 0, 0, 2, 10.57 4736 1375
1601583353, 0, 0, 118, 118, 2, 7.23%, 0, 0, 2, 10.52 4738 1428
1601583358, 0, 0, 123, 123, 2, 7.23%, 0, 0, 2, 10.51 4738 1481
1601583363, 0, 0, 129, 129, 2, 7.23%, 0, 0, 2, 9.78 4738 1530
1601583368, 0, 0, 134, 134, 2, 7.23%, 0, 0, 2, 10.23 4739 1585
1601583374, 0, 0, 140, 140, 2, 7.23%, 0, 0, 2, 10.30 4739 1638
1601583379, 0, 0, 145, 145, 2, 7.23%, 0, 0, 2, 10.34 4739 1692
1601583384, 0, 0, 151, 151, 2, 7.23%, 0, 0, 2, 10.33 4739 1746
1601583389, 0, 0, 156, 156, 2, 7.24%, 0, 0, 2, 9.92 4743 1797
1601583394, 0, 0, 161, 161, 2, 7.24%, 0, 0, 2, 10.13 4743 1850
1601583399, 0, 0, 167, 167, 2, 7.24%, 0, 0, 2, 10.21 4746 1902
1601583404, 0, 0, 169, 169, 2, 7.24%, 0, 0, 2, 10.76 4746 1959
1601583410, 0, 0, 175, 175, 2, 7.24%, 0, 0, 2, 10.02 4746 2010
1601583415, 0, 0, 178, 178, 2, 7.24%, 0, 0, 2, 10.64 4746 2065
1601583420, 0, 0, 181, 181, 2, 7.24%, 0, 0, 2, 10.29 4746 2119
1601583425, 0, 0, 184, 184, 2, 7.24%, 0, 0, 2, 10.48 4746 2173
1601583446, 0, 0, 193, 193, 2, 7.26%, 0, 0, 2, 9.82 4761 2484
1601583451, 0, 0, 198, 198, 2, 7.27%, 0, 0, 2, 9.97 4762 2536
1601583456, 0, 0, 203, 203, 2, 7.27%, 0, 0, 2, 9.98 4762 2588
1601583461, 0, 0, 209, 209, 2, 7.27%, 0, 0, 2, 10.06 4762 2640
1601583466, 0, 0, 214, 214, 2, 7.27%, 0, 0, 2, 10.23 4762 2694
1601583512, 0, 0, 246, 246, 2, 7.38%, 0, 0, 2, 10.31 4835 3571
1601583518, 0, 0, 293, 293, 2, 7.57%, 0, 0, 2, 65.52 4958 4348
1601583523, 0, 0, 306, 306, 2, 7.59%, 0, 0, 2, 11.03 4974 4476
1601583528, 0, 0, 314, 314, 2, 7.60%, 0, 0, 2, 9.94 4984 4555
1601583533, 0, 0, 321, 321, 2, 7.60%, 0, 0, 2, 10.46 4984 4629
1601583538, 0, 0, 326, 326, 2, 7.61%, 0, 0, 2, 11.29 4988 4689
1601583543, 0, 0, 333, 333, 2, 7.61%, 0, 0, 2, 11.50 4988 4749
1601583548, 0, 0, 338, 338, 2, 7.61%, 0, 0, 2, 11.81 4989 4813
1601583554, 0, 0, 350, 350, 2, 7.64%, 0, 0, 2, 10.88 5005 5105
1601583559, 0, 0, 361, 361, 2, 7.65%, 0, 0, 2, 10.60 5012 5386
1601583564, 0, 0, 375, 375, 2, 7.73%, 0, 0, 2, 13.98 5068 5619
1601583569, 0, 0, 381, 381, 2, 7.73%, 0, 0, 2, 12.55 5068 5683
1601583574, 0, 0, 387, 387, 2, 7.73%, 0, 0, 2, 11.57 5068 5742
1601583580, 0, 0, 392, 392, 2, 7.73%, 0, 0, 2, 11.57 5068 5802
1601583585, 0, 0, 397, 397, 2, 7.73%, 0, 0, 2, 11.35 5068 5860
1601583590, 0, 0, 402, 402, 2, 7.73%, 0, 0, 2, 11.31 5068 5918
1601583595, 0, 0, 408, 408, 2, 7.73%, 0, 0, 2, 10.94 5068 5974
1601583600, 0, 0, 412, 412, 2, 7.73%, 0, 0, 2, 9.96 5068 6023
1601583605, 0, 0, 417, 417, 2, 7.73%, 0, 0, 2, 9.98 5068 6075
1601583610, 0, 0, 423, 423, 2, 7.74%, 0, 0, 2, 11.40 5073 6134
1601583616, 0, 0, 428, 428, 2, 7.74%, 0, 0, 2, 10.47 5073 6188
1601583621, 0, 0, 433, 433, 2, 7.74%, 0, 0, 2, 10.24 5073 6240
1601583626, 0, 0, 438, 438, 2, 7.74%, 0, 0, 2, 10.53 5073 6292
1601583631, 0, 0, 443, 443, 2, 7.75%, 0, 0, 2, 12.44 5076 6360
1601583636, 0, 0, 448, 448, 2, 7.75%, 0, 0, 2, 11.81 5076 6426
1601583641, 0, 0, 454, 454, 2, 7.75%, 0, 0, 2, 10.97 5076 6481
1601583647, 0, 0, 459, 459, 2, 7.77%, 0, 0, 2, 10.67 5092 6537
1601583652, 0, 0, 466, 466, 2, 7.77%, 0, 0, 2, 13.41 5092 6613
1601583657, 0, 0, 471, 471, 2, 7.77%, 0, 0, 2, 13.32 5092 6685
1601583662, 0, 0, 476, 476, 2, 7.77%, 0, 0, 2, 11.99 5094 6746
1601583667, 0, 0, 478, 478, 2, 7.78%, 0, 0, 2, 13.73 5097 6819
1601583672, 0, 0, 483, 483, 2, 7.78%, 0, 0, 2, 11.27 5098 6874
1601583677, 0, 0, 488, 488, 2, 7.78%, 0, 0, 2, 11.99 5098 6937
1601583683, 0, 0, 492, 492, 2, 7.78%, 0, 0, 2, 15.95 5098 7029
1601583688, 0, 0, 495, 495, 2, 7.78%, 0, 0, 2, 15.17 5098 7110
1601583693, 0, 0, 499, 499, 2, 7.78%, 0, 0, 2, 12.31 5098 7169
1601583698, 0, 0, 504, 504, 2, 7.78%, 0, 0, 2, 11.61 5098 7228
1601583703, 0, 0, 509, 509, 2, 7.78%, 0, 0, 2, 11.89 5098 7292
1601583709, 0, 0, 512, 512, 2, 7.78%, 0, 0, 2, 11.82 5098 7352
1601583714, 0, 0, 517, 517, 2, 7.80%, 0, 0, 2, 11.71 5113 7410
1601583719, 0, 0, 520, 520, 2, 7.80%, 0, 0, 2, 13.10 5113 7478
1601583724, 0, 0, 525, 525, 2, 7.81%, 0, 0, 2, 12.50 5120 7547
1601583729, 0, 0, 530, 530, 2, 7.81%, 0, 0, 2, 13.55 5120 7619
1601583734, 0, 0, 535, 535, 2, 7.81%, 0, 0, 2, 11.41 5120 7678
1601583740, 0, 0, 540, 540, 2, 7.81%, 0, 0, 2, 10.80 5120 7732
1601583745, 0, 0, 545, 545, 2, 7.81%, 0, 0, 2, 10.30 5120 7786
1601583750, 0, 0, 550, 550, 2, 7.81%, 0, 0, 2, 10.61 5120 7843
1601583755, 0, 0, 555, 555, 2, 7.82%, 0, 0, 2, 11.20 5124 7906
1601583760, 0, 0, 563, 563, 2, 7.87%, 0, 0, 2, 11.50 5157 8068
1601583771, 0, 0, 567, 567, 2, 7.87%, 0, 0, 2, 10.35 5159 8238
1601583776, 0, 0, 573, 573, 2, 7.87%, 0, 0, 2, 10.71 5159 8293
1601583781, 0, 0, 577, 577, 2, 7.87%, 0, 0, 2, 10.02 5159 8345
1601583786, 0, 0, 581, 581, 2, 7.87%, 0, 0, 2, 10.71 5159 8401
1601583791, 0, 0, 585, 585, 2, 7.87%, 0, 0, 2, 10.35 5159 8452
1601583796, 0, 0, 588, 588, 2, 7.87%, 0, 0, 2, 10.36 5159 8506
1601583802, 0, 0, 591, 591, 2, 7.87%, 0, 0, 2, 10.66 5159 8562
1601583807, 0, 0, 594, 594, 2, 7.87%, 0, 0, 2, 10.25 5159 8614
1601583812, 0, 0, 595, 595, 2, 7.87%, 0, 0, 2, 10.32 5159 8667
1601583817, 0, 0, 596, 596, 2, 7.87%, 0, 0, 2, 10.55 5159 8720
1601583822, 0, 0, 597, 597, 2, 7.87%, 0, 0, 2, 10.50 5159 8773
1601583843, 0, 0, 598, 598, 2, 7.87%, 0, 0, 2, 9.52 5159 9040
1601583894, 0, 0, 613, 613, 2, 7.91%, 0, 0, 2, 19.19 5187 10225
1601583899, 0, 0, 619, 619, 2, 7.92%, 0, 0, 2, 12.37 5189 10326
1601583904, 0, 0, 624, 624, 2, 7.92%, 0, 0, 2, 13.98 5189 10395
1601583910, 0, 0, 630, 630, 2, 7.92%, 0, 0, 2, 18.29 5189 10852
1601583915, 0, 0, 635, 635, 2, 7.95%, 0, 0, 2, 15.14 5212 11011
1601583920, 0, 0, 637, 637, 2, 7.95%, 0, 0, 2, 14.47 5212 11086
1601583925, 0, 0, 641, 641, 2, 7.96%, 0, 0, 2, 12.17 5217 11151
1601583930, 0, 0, 645, 645, 2, 7.96%, 0, 0, 2, 10.06 5219 11199
1601583935, 0, 0, 648, 648, 2, 7.96%, 0, 0, 2, 11.77 5219 11258
1601583940, 0, 0, 652, 652, 2, 7.96%, 0, 0, 2, 10.88 5219 11312
1601583946, 0, 0, 655, 655, 2, 7.96%, 0, 0, 2, 14.64 5219 11396
1601583951, 0, 0, 659, 659, 2, 7.96%, 0, 0, 2, 14.12 5219 11465
1601583956, 0, 0, 662, 662, 2, 7.96%, 0, 0, 2, 14.01 5219 11541
1601583961, 0, 0, 664, 664, 2, 7.96%, 0, 0, 2, 13.71 5219 11612
1601583966, 0, 0, 668, 668, 2, 7.96%, 0, 0, 2, 13.55 5219 11682
1601583971, 0, 0, 670, 670, 2, 7.96%, 0, 0, 2, 19.83 5219 11805
1601583976, 0, 0, 671, 671, 2, 7.96%, 0, 0, 2, 14.96 5219 11875
1601583981, 0, 0, 674, 674, 2, 7.96%, 0, 0, 2, 13.84 5219 11947
1601583986, 0, 0, 677, 677, 2, 7.97%, 0, 0, 2, 13.01 5222 12011
1601583992, 0, 0, 680, 680, 2, 7.97%, 0, 0, 2, 13.45 5222 12079
1601583997, 0, 0, 682, 682, 2, 7.97%, 0, 0, 2, 15.50 5222 12159
1601584002, 0, 0, 686, 686, 2, 7.97%, 0, 0, 2, 12.96 5222 12221
1601584007, 0, 0, 689, 689, 2, 7.97%, 0, 0, 2, 13.17 5222 12286
1601584012, 0, 0, 692, 692, 2, 8.07%, 0, 0, 2, 11.13 5287 12412
1601584022, 0, 0, 694, 694, 2, 8.07%, 0, 0, 2, 10.59 5287 12572
1601584028, 0, 0, 698, 698, 2, 8.07%, 0, 0, 2, 11.00 5287 12634
1601584033, 0, 0, 699, 699, 2, 8.07%, 0, 0, 2, 10.28 5287 12687
1601584038, 0, 0, 702, 702, 2, 8.07%, 0, 0, 2, 10.90 5287 12746
1601584043, 0, 0, 705, 705, 2, 8.07%, 0, 0, 2, 11.31 5287 12808
1601584048, 0, 0, 706, 706, 2, 8.07%, 0, 0, 2, 10.79 5287 12863
1601584054, 0, 0, 707, 707, 2, 8.07%, 0, 0, 2, 10.42 5287 12915
1601584059, 0, 0, 709, 709, 2, 8.07%, 0, 0, 2, 10.05 5287 12967
1601584079, 0, 0, 710, 710, 2, 8.07%, 0, 0, 2, 9.22 5287 13234
1601584084, 0, 0, 711, 711, 2, 8.07%, 0, 0, 2, 10.12 5287 13285
1601584131, 0, 0, 720, 720, 2, 8.09%, 0, 0, 2, 9.74 5305 14419
1601584136, 0, 0, 725, 725, 2, 8.10%, 0, 0, 2, 14.64 5306 14517
1601584141, 0, 0, 728, 728, 2, 8.10%, 0, 0, 2, 15.36 5306 15068
1601584146, 0, 0, 731, 731, 2, 8.10%, 0, 0, 2, 13.64 5309 15135
1601584152, 0, 0, 732, 732, 2, 8.10%, 0, 0, 2, 12.26 5309 15204
1601584157, 0, 0, 735, 735, 2, 8.10%, 0, 0, 2, 11.27 5309 15265
1601584162, 0, 0, 737, 737, 2, 8.10%, 0, 0, 2, 15.50 5309 15354
1601584167, 0, 0, 739, 739, 2, 8.10%, 0, 0, 2, 15.90 5309 15440
1601584172, 0, 0, 742, 742, 2, 8.10%, 0, 0, 2, 13.81 5309 15508
1601584177, 0, 0, 743, 743, 2, 8.10%, 0, 0, 2, 17.64 5309 15624
1601584182, 0, 0, 747, 747, 2, 8.10%, 0, 0, 2, 17.70 5309 15715
1601584187, 0, 0, 749, 749, 2, 8.10%, 0, 0, 2, 15.70 5309 15797
1601584193, 0, 0, 752, 752, 2, 8.10%, 0, 0, 2, 16.54 5309 15883
1601584198, 0, 0, 756, 756, 2, 8.10%, 0, 0, 2, 12.80 5309 15943
1601584203, 0, 0, 758, 758, 2, 8.10%, 0, 0, 2, 15.07 5309 16024
1601584208, 0, 0, 762, 762, 2, 8.10%, 0, 0, 2, 14.67 5309 16094
1601584213, 0, 0, 764, 764, 2, 8.11%, 0, 0, 2, 13.04 5312 16159
1601584218, 0, 0, 768, 768, 2, 8.11%, 0, 0, 2, 11.66 5312 16277
1601584223, 0, 0, 769, 769, 2, 8.11%, 0, 0, 2, 14.06 5312 16579
1601584229, 0, 0, 771, 771, 2, 8.11%, 0, 0, 2, 15.94 5312 16667
1601584234, 0, 0, 774, 774, 2, 8.11%, 0, 0, 2, 13.57 5312 16742
1601584239, 0, 0, 777, 777, 2, 8.11%, 0, 0, 2, 27.87 5312 17052
1601584244, 0, 0, 781, 781, 2, 8.11%, 0, 0, 2, 20.12 5313 17138
1601584249, 0, 0, 784, 784, 2, 8.11%, 0, 0, 2, 19.11 5313 17229
1601584254, 0, 0, 787, 787, 2, 8.11%, 0, 0, 2, 32.06 5313 17556
1601584259, 0, 0, 793, 793, 2, 8.11%, 0, 0, 2, 22.80 5313 17654
1601584264, 0, 0, 796, 796, 2, 8.11%, 0, 0, 2, 11.16 5313 17836
1601584270, 0, 0, 798, 798, 2, 8.12%, 0, 0, 2, 13.16 5322 17905
1601584275, 0, 0, 799, 799, 2, 8.12%, 0, 0, 2, 11.89 5322 18022
1601584346, 0, 0, 800, 800, 2, 8.12%, 0, 0, 2, 1105.00 5322 19092
1601584351, 0, 0, 802, 802, 2, 8.12%, 0, 0, 2, 22.70 5322 19186
1601584357, 0, 0, 804, 804, 2, 8.12%, 0, 0, 2, 13.67 5322 19237
1601584367, 0, 0, 805, 805, 2, 8.12%, 0, 0, 2, 10.31 5322 19342
1601584382, 0, 0, 807, 807, 2, 8.12%, 0, 0, 2, 9.91 5322 19499
1601584403, 0, 0, 808, 808, 2, 8.12%, 0, 0, 2, 10.12 5322 19710
1601584408, 0, 0, 809, 809, 2, 8.12%, 0, 0, 2, 10.00 5322 19762
1601584434, 0, 0, 810, 810, 2, 8.12%, 0, 0, 2, 10.89 5322 20034
1601584439, 0, 0, 811, 811, 2, 8.12%, 0, 0, 2, 10.35 5322 20086
1601584465, 0, 0, 812, 812, 2, 8.12%, 0, 0, 2, 9.94 5322 20354
1601584470, 0, 0, 813, 813, 2, 8.12%, 0, 0, 2, 9.71 5322 20404
1601584475, 0, 0, 814, 814, 2, 8.12%, 0, 0, 2, 10.18 5322 20458
1601584506, 0, 0, 816, 816, 2, 8.12%, 0, 0, 2, 9.61 5322 20780
1601584511, 0, 0, 817, 817, 2, 8.12%, 0, 0, 2, 9.34 5322 20827
1601584516, 0, 0, 819, 819, 2, 8.12%, 0, 0, 2, 9.63 5322 20876
1601584527, 0, 0, 820, 820, 2, 8.12%, 0, 0, 2, 10.63 5322 20986
1601584552, 0, 0, 821, 821, 2, 8.12%, 0, 0, 2, 10.09 5322 21264
1601584558, 0, 0, 822, 822, 2, 8.12%, 0, 0, 2, 9.69 5322 21313
1601584707, 0, 0, 825, 825, 2, 8.12%, 0, 0, 2, 11.35 5322 23223
1601585036, 0, 0, 854, 854, 2, 8.15%, 0, 0, 2, 11.46 5341 29246
1601585041, 0, 0, 859, 859, 2, 8.15%, 0, 0, 2, 9.84 5341 29449
1601585046, 0, 0, 869, 869, 2, 8.15%, 0, 0, 2, 13.60 5341 30982
1601585052, 0, 0, 875, 875, 2, 8.15%, 0, 0, 2, 13.95 5341 31056
1601585057, 0, 0, 879, 879, 2, 8.15%, 0, 0, 2, 11.80 5343 31115
1601585062, 0, 0, 884, 884, 2, 8.15%, 0, 0, 2, 14.25 5344 31191
1601585067, 0, 0, 887, 887, 2, 8.15%, 0, 0, 2, 57.41 5344 31520
1601585072, 0, 0, 891, 891, 2, 8.15%, 0, 0, 2, 15.24 5344 31606
1601585077, 0, 0, 893, 893, 2, 8.16%, 0, 0, 2, 18.00 5346 31700
1601585082, 0, 0, 897, 897, 2, 8.16%, 0, 0, 2, 85.84 5347 31798
1601585087, 0, 0, 900, 900, 2, 8.16%, 0, 0, 2, 11.29 5347 31869
1601585092, 0, 0, 902, 902, 2, 8.16%, 0, 0, 2, 14.82 5347 31953
1601585097, 0, 0, 905, 905, 2, 8.16%, 0, 0, 2, 10.21 5347 33291
1601585103, 0, 0, 912, 912, 2, 8.16%, 0, 0, 2, 80.85 5351 34655
1601585108, 0, 0, 915, 915, 2, 8.16%, 0, 0, 2, 11.27 5351 34864
1601585129, 0, 0, 919, 919, 2, 8.17%, 0, 0, 2, 17.99 5353 35758
1601585134, 0, 0, 920, 920, 2, 8.17%, 0, 0, 2, 16.84 5353 35841
1601585139, 0, 0, 922, 922, 2, 8.17%, 0, 0, 2, 15.52 5353 35918
1601585144, 0, 0, 923, 923, 2, 8.17%, 0, 0, 2, 15.58 5353 35998
1601585149, 0, 0, 925, 925, 2, 8.17%, 0, 0, 2, 12.98 5353 36058
1601585164, 0, 0, 926, 926, 2, 8.17%, 0, 0, 2, 13.51 5353 36287
1601585175, 0, 0, 927, 927, 2, 8.17%, 0, 0, 2, 11.60 5353 36437
1601585180, 0, 0, 929, 929, 2, 8.17%, 0, 0, 2, 10.60 5353 36488
1601585190, 0, 0, 930, 930, 2, 8.17%, 0, 0, 2, 10.81 5353 36601
1601585196, 0, 0, 931, 931, 2, 8.17%, 0, 0, 2, 12.14 5353 36661
1601585201, 0, 0, 932, 932, 2, 8.17%, 0, 0, 2, 13.55 5353 36740
1601585206, 0, 0, 935, 935, 2, 8.17%, 0, 0, 2, 10.36 5353 36789
1601585216, 0, 0, 936, 936, 2, 8.17%, 0, 0, 2, 10.83 5353 36898
1601585226, 0, 0, 937, 937, 2, 8.17%, 0, 0, 2, 12.85 5353 37024
1601585231, 0, 0, 938, 938, 2, 8.17%, 0, 0, 2, 14.72 5353 37107
1601585237, 0, 0, 939, 939, 2, 8.17%, 0, 0, 2, 24.61 5353 37240
1601585242, 0, 0, 942, 942, 2, 8.17%, 0, 0, 2, 18.19 5353 37331
1601585252, 0, 0, 946, 946, 2, 8.17%, 0, 0, 2, 15.77 5353 37501
1601585257, 0, 0, 947, 947, 2, 8.17%, 0, 0, 2, 14.76 5353 37573
1601585268, 0, 0, 948, 948, 2, 8.17%, 0, 0, 2, 20.06 5353 37781
1601585288, 0, 0, 949, 949, 2, 8.17%, 0, 0, 2, 16.31 5353 38151
1601585319, 0, 0, 950, 950, 2, 8.17%, 0, 0, 2, 11.03 5353 39018
1601585324, 0, 0, 951, 951, 2, 8.17%, 0, 0, 2, 14.50 5353 39088
1601585329, 0, 0, 952, 952, 2, 8.17%, 0, 0, 2, 18.84 5353 39306
1601585334, 0, 0, 954, 954, 2, 8.17%, 0, 0, 2, 22.41 5353 39416
1601585360, 0, 0, 955, 955, 2, 8.17%, 0, 0, 2, 17.93 5353 39899
1601585370, 0, 0, 956, 956, 2, 8.17%, 0, 0, 2, 12.17 5353 40127
1601585391, 0, 0, 957, 957, 2, 8.17%, 0, 0, 2, 14.99 5353 40421
1601585396, 0, 0, 958, 958, 2, 8.17%, 0, 0, 2, 16.58 5353 40512
1601585401, 0, 0, 959, 959, 2, 8.17%, 0, 0, 2, 12.74 5353 40569
1601585406, 0, 0, 960, 960, 2, 8.17%, 0, 0, 2, 11.95 5353 40626
1601585412, 0, 0, 961, 961, 2, 8.17%, 0, 0, 2, 14.92 5353 40708
1601585417, 0, 0, 962, 962, 2, 8.17%, 0, 0, 2, 12.89 5353 40808
1601585422, 0, 0, 963, 963, 2, 8.17%, 0, 0, 2, 49.64 5353 41006
1601585453, 0, 0, 964, 964, 2, 8.17%, 0, 0, 2, 14.30 5353 41558
1601585458, 0, 0, 965, 965, 2, 8.17%, 0, 0, 2, 14.77 5353 41640
1601585468, 0, 0, 966, 966, 2, 8.17%, 0, 0, 2, 12.44 5353 41758
1601585474, 0, 0, 967, 967, 2, 8.17%, 0, 0, 2, 17.63 5353 41849
1601585484, 0, 0, 968, 968, 2, 8.17%, 0, 0, 2, 11.15 5354 42255
1601585556, 0, 0, 970, 970, 2, 8.17%, 0, 0, 2, 72.03 5354 53707
1601585561, 0, 0, 973, 973, 2, 8.17%, 0, 0, 2, 963.85 5354 55670
1601585592, 0, 0, 974, 974, 2, 8.17%, 0, 0, 2, 20.13 5354 57832
1601585607, 0, 0, 975, 975, 2, 8.17%, 0, 0, 2, 11.43 5354 58140
1601585612, 0, 0, 976, 976, 2, 8.17%, 0, 0, 2, 12.90 5354 58215
1601585617, 0, 0, 978, 978, 2, 8.17%, 0, 0, 2, 262.24 5354 58529
1601585622, 0, 0, 979, 979, 2, 8.17%, 0, 0, 2, 12.24 5356 58597
1601585633, 0, 0, 980, 980, 2, 8.17%, 0, 0, 2, 1707.33 5357 65655
1601585638, 0, 0, 981, 981, 2, 8.17%, 0, 0, 2, 12.15 5357 68923
1601585643, 0, 0, 983, 983, 2, 8.18%, 0, 0, 2, 15.79 5358 69011
1601585648, 0, 0, 985, 985, 2, 8.18%, 0, 0, 2, 13.88 5358 69087
1601585654, 0, 0, 987, 987, 2, 8.18%, 0, 0, 2, 12.27 5358 69148
1601585664, 0, 0, 988, 988, 2, 8.18%, 0, 0, 2, 10.85 5358 69260
1601585674, 0, 0, 991, 991, 2, 8.18%, 0, 0, 2, 11.64 5358 69396
1601585679, 0, 0, 992, 992, 2, 8.18%, 0, 0, 2, 11.29 5358 69453
1601585700, 0, 0, 1003, 1003, 2, 8.19%, 0, 0, 2, 11.00 5369 70274
1601585705, 0, 0, 1004, 1004, 2, 8.19%, 0, 0, 2, 12.27 5369 70340
1601585710, 0, 0, 1008, 1008, 2, 8.19%, 0, 0, 2, 18.08 5369 70437
1601585721, 0, 0, 1009, 1009, 2, 8.19%, 0, 0, 2, 19.52 5369 70720
1601585762, 0, 0, 1012, 1012, 2, 8.20%, 0, 0, 2, 11.15 5371 71479
1601585767, 0, 0, 1014, 1014, 2, 8.20%, 0, 0, 2, 68.83 5371 71633
1601585772, 0, 0, 1017, 1017, 2, 8.20%, 0, 0, 2, 16.05 5371 71774
1601585777, 0, 0, 1018, 1018, 2, 8.20%, 0, 0, 2, 30.55 5371 71952
1601585783, 0, 0, 1019, 1019, 2, 8.20%, 0, 0, 2, 37.27 5371 72154
1601585793, 0, 0, 1020, 1020, 2, 8.20%, 0, 0, 2, 10.27 5371 72789
1601585814, 0, 0, 1023, 1023, 2, 8.21%, 0, 0, 2, 14.54 5379 76058
1601585819, 0, 0, 1026, 1026, 2, 8.22%, 0, 0, 2, 28.73 5384 76196
1601585824, 0, 0, 1031, 1031, 2, 8.23%, 0, 0, 2, 30.55 5394 76375
1601585829, 0, 0, 1032, 1032, 2, 8.23%, 0, 0, 2, 27.97 5394 76500
1601585834, 0, 0, 1036, 1036, 2, 8.23%, 0, 0, 2, 15.63 5394 76564
1601585850, 0, 0, 1037, 1037, 2, 8.23%, 0, 0, 2, 18.48 5394 76849
1601585855, 0, 0, 1038, 1038, 2, 8.23%, 0, 0, 2, 23.03 5394 76972
1601585860, 0, 0, 1040, 1040, 2, 8.23%, 0, 0, 2, 28.96 5394 77127
1601585870, 0, 0, 1041, 1041, 2, 8.23%, 0, 0, 2, 22.97 5394 77537
1601585875, 0, 0, 1042, 1042, 2, 8.23%, 0, 0, 2, 9.27 5394 77774
1601585880, 0, 0, 1043, 1043, 2, 8.23%, 0, 0, 2, 87.10 5394 78058
1601585896, 0, 0, 1046, 1046, 2, 8.23%, 0, 0, 2, 15.40 5394 78385
1601585901, 0, 0, 1047, 1047, 2, 8.23%, 0, 0, 2, 17.10 5394 78523
1601585911, 0, 0, 1048, 1048, 2, 8.23%, 0, 0, 2, 11.45 5394 78802
1601585916, 0, 0, 1049, 1049, 2, 8.23%, 0, 0, 2, 21.83 5395 78932
1601585926, 0, 0, 1050, 1050, 2, 8.24%, 0, 0, 2, 26.58 5398 79197
1601585983, 0, 0, 1054, 1054, 2, 8.24%, 0, 0, 2, 6.49 5400 80420
1601585988, 0, 0, 1056, 1056, 2, 8.24%, 0, 0, 2, 10.96 5400 80617
1601585993, 0, 0, 1059, 1059, 2, 8.24%, 0, 0, 2, 28.36 5400 80793
1601586014, 0, 0, 1063, 1063, 2, 8.24%, 0, 0, 2, 80.31 5400 82904
1601586019, 0, 0, 1064, 1064, 2, 8.24%, 0, 0, 2, 30.52 5400 83099
1601586029, 0, 0, 1068, 1068, 2, 8.24%, 0, 0, 2, 86.52 5402 88843
1601586049, 0, 0, 1070, 1070, 2, 8.24%, 0, 0, 2, 28.84 5402 89861
1601586055, 0, 0, 1072, 1072, 2, 8.24%, 0, 0, 2, 19.78 5402 89947
1601586060, 0, 0, 1074, 1074, 2, 8.24%, 0, 0, 2, 15.84 5402 90021
1601586070, 0, 0, 1075, 1075, 2, 8.24%, 0, 0, 2, 80.19 5402 90246
1601586085, 0, 0, 1077, 1077, 2, 8.24%, 0, 0, 2, 23.99 5402 90591
1601586090, 0, 0, 1079, 1079, 2, 8.24%, 0, 0, 2, 18.81 5402 90812
1601586095, 0, 0, 1080, 1080, 2, 8.24%, 0, 0, 2, 35.56 5402 91017
1601586116, 0, 0, 1081, 1081, 2, 8.24%, 0, 0, 2, 12.15 5402 91800
1601586121, 0, 0, 1083, 1083, 2, 8.24%, 0, 0, 2, 38.93 5402 92136
1601586126, 0, 0, 1084, 1084, 2, 8.24%, 0, 0, 2, 31.73 5402 92275
1601586141, 0, 0, 1085, 1085, 2, 8.24%, 0, 0, 2, 25.94 5402 92901
1601586147, 0, 0, 1086, 1086, 2, 8.24%, 0, 0, 2, 22.41 5402 93197
1601586162, 0, 0, 1087, 1087, 2, 8.24%, 0, 0, 2, 13.74 5402 93624
1601586177, 0, 0, 1088, 1088, 2, 8.24%, 0, 0, 2, 20.50 5402 94038
1601586182, 0, 0, 1090, 1090, 2, 8.25%, 0, 0, 2, 10.96 5407 94440
1601586198, 0, 0, 1092, 1092, 2, 8.25%, 0, 0, 2, 10.26 5407 94705
1601586270, 0, 0, 1093, 1093, 2, 8.25%, 0, 0, 2, 9.87 5407 95680
1601586342, 0, 0, 1103, 1103, 2, 8.28%, 0, 0, 2, 565.00 5428 98619
1601586347, 0, 0, 1106, 1106, 2, 8.28%, 0, 0, 2, 1383.08 5428 99378
1601586352, 0, 0, 1108, 1108, 2, 8.28%, 0, 0, 2, 99.11 5428 100047
1601586357, 0, 0, 1110, 1110, 2, 8.28%, 0, 0, 2, 20.70 5429 100349
1601586378, 0, 0, 1113, 1113, 2, 8.28%, 0, 0, 2, 9.19 5429 100631
1601586388, 0, 0, 1115, 1115, 2, 8.28%, 0, 0, 2, 11.87 5429 100757
1601586398, 0, 0, 1117, 1117, 2, 8.28%, 0, 0, 2, 12.05 5429 100882
1601586455, 0, 0, 1118, 1118, 2, 8.28%, 0, 0, 2, 10.48 5429 101651
1601586527, 0, 0, 1119, 1119, 2, 8.28%, 0, 0, 2, 91.63 5429 104408
1601586533, 0, 0, 1124, 1124, 2, 8.29%, 0, 0, 2, 15.00 5430 105173
1601586538, 0, 0, 1127, 1127, 2, 8.29%, 0, 0, 2, 160.57 5432 106038
1601586543, 0, 0, 1131, 1131, 2, 8.30%, 0, 0, 2, 12.76 5440 106218
1601586548, 0, 0, 1132, 1132, 2, 8.30%, 0, 0, 2, 23.31 5440 106602
1601586553, 0, 0, 1143, 1143, 2, 8.31%, 0, 0, 2, 343.64 5449 107749
1601586558, 0, 0, 1151, 1151, 2, 8.32%, 0, 0, 2, 428.19 5450 109221
1601586563, 0, 1, 1177, 1176, 166, 8.35%, 0, 0, 2, 920.32 5473 112080
1601586568, 0, 1, 1187, 1186, 166, 8.39%, 0, 0, 2, 1497.89 5496 119262
1601586584, 0, 3, 1195, 1193, 170, 8.40%, 0, 0, 2, 1568.49 5505 138764
1601586589, 0, 8, 1195, 1191, 168, 8.40%, 0, 0, 2, 11.69 5505 145880
1601586871, 0, 8, 1196, 1192, 168, 8.40%, 0, 0, 3, 57.73 5506 151079
1601586876, 0, 8, 1197, 1193, 168, 8.41%, 0, 0, 3, 13.62 5513 151636
1601587898, 0, 8, 1199, 1195, 168, 8.42%, 0, 0, 3, 193.99 5515 173917
1601589217, 0, 11, 1199, 1194, 170, 8.42%, 0, 0, 3, 264.48 5515 243633
1601589227, 0, 11, 1200, 1195, 170, 8.42%, 0, 0, 3, 1385.32 5515 253652
1601589298, 0, 13, 1200, 1194, 169, 8.42%, 0, 0, 3, 1373.48 5515 312611
1601589304, 0, 13, 1201, 1195, 169, 8.42%, 0, 0, 3, 1219.22 5515 317419
1601589359, 0, 14, 1201, 1194, 168, 8.42%, 0, 0, 3, 1463.79 5515 399029
1601589364, 0, 17, 1201, 1193, 167, 8.42%, 0, 0, 3, 1549.47 5515 406868
1601589384, 0, 18, 1203, 1194, 165, 8.42%, 0, 0, 3, 1710.22 5515 440321
1601589400, 0, 19, 1204, 1194, 164, 8.42%, 0, 0, 3, 1832.77 5516 468091
1601589410, 0, 20, 1204, 1193, 163, 8.42%, 0, 0, 3, 1770.94 5516 486269
1601589415, 0, 20, 1207, 1196, 163, 8.42%, 0, 0, 3, 1788.17 5516 494865
1601589420, 0, 22, 1208, 1195, 163, 8.42%, 0, 0, 3, 1650.28 5517 503662
1601589488, 0, 70, 1209, 1195, 162, 8.42%, 0, 0, 3, 78.76 5517 600144
1601589493, 0, 70, 1210, 1196, 162, 8.42%, 0, 0, 3, 10.24 5517 600229
1601589508, 0, 70, 1211, 1197, 162, 8.42%, 0, 0, 3, 10.22 5517 600416
1601589615, 0, 70, 1212, 1198, 162, 8.42%, 0, 0, 3, 13.69 5517 602594
1601589650, 0, 70, 1213, 1199, 162, 8.42%, 0, 0, 3, 23.59 5517 603121
1601589681, 0, 70, 1214, 1200, 162, 8.42%, 0, 0, 3, 10.77 5517 603572
1601589692, 0, 70, 1215, 1201, 162, 8.42%, 0, 0, 3, 10.79 5517 603718
1601589707, 0, 70, 1216, 1202, 162, 8.42%, 0, 0, 3, 9.59 5517 603870
1601589810, 0, 70, 1217, 1203, 162, 8.42%, 0, 0, 3, 14.01 5517 606058
1601589856, 0, 70, 1218, 1204, 162, 8.42%, 0, 0, 3, 9.93 5517 606855
1601589923, 0, 70, 1219, 1205, 162, 8.42%, 0, 0, 3, 10.26 5517 607635
1601590000, 0, 70, 1220, 1206, 162, 8.42%, 0, 0, 3, 24.08 5517 609717
1601590005, 0, 70, 1221, 1207, 162, 8.42%, 0, 0, 3, 20.53 5517 609825
1601590010, 0, 70, 1222, 1208, 162, 8.42%, 0, 0, 3, 18.50 5517 609918
1601590015, 0, 70, 1223, 1209, 162, 8.42%, 0, 0, 3, 16.73 5517 609998
1601590041, 0, 70, 1224, 1210, 162, 8.42%, 0, 0, 3, 10.34 5517 610690
1601590149, 0, 70, 1225, 1211, 162, 8.42%, 0, 0, 3, 10.30 5517 612861
1601590154, 0, 70, 1226, 1212, 162, 8.42%, 0, 0, 3, 10.38 5517 612913
1601590862, 0, 70, 1227, 1213, 162, 8.42%, 0, 0, 3, 355.63 5517 622673
1601590867, 0, 70, 1229, 1215, 162, 8.42%, 0, 0, 3, 20.80 5517 624194
1601590872, 0, 70, 1231, 1217, 162, 8.42%, 0, 0, 3, 13.56 5517 624556
1601590882, 0, 70, 1232, 1218, 162, 8.42%, 0, 0, 3, 23.29 5517 624792
1601590888, 0, 70, 1234, 1220, 162, 8.42%, 0, 0, 3, 16.28 5517 624860
1601590893, 0, 70, 1235, 1221, 162, 8.42%, 0, 0, 3, 9.75 5517 626210
1601590899, 0, 70, 1236, 1222, 162, 8.42%, 0, 0, 3, 49.43 5517 627713
1601590930, 0, 70, 1237, 1223, 162, 8.42%, 0, 0, 3, 15.10 5517 628740
1601591042, 0, 70, 1238, 1224, 162, 8.42%, 0, 0, 3, 22.97 5517 630465
1601591325, 0, 70, 1239, 1225, 162, 8.42%, 0, 0, 3, 8.33 5517 646142
1601591330, 0, 70, 1240, 1226, 162, 8.42%, 0, 0, 3, 23.50 5517 649204
1601591377, 0, 70, 1241, 1227, 162, 8.42%, 0, 0, 3, 18.13 5517 650592
1601591414, 0, 70, 1242, 1228, 162, 8.42%, 0, 0, 3, 14.94 5517 661397
1601591419, 0, 70, 1243, 1229, 162, 8.42%, 0, 0, 3, 12.35 5517 661456
1601591527, 0, 70, 1244, 1230, 162, 8.42%, 0, 0, 3, 19.23 5517 663634
1601591609, 0, 70, 1245, 1231, 162, 8.42%, 0, 0, 3, 22.95 5517 668898
1601591665, 0, 70, 1246, 1232, 162, 8.42%, 0, 0, 3, 17.21 5517 670755
1601591671, 0, 70, 1247, 1233, 162, 8.42%, 0, 0, 3, 20.00 5517 670879
1601591742, 0, 70, 1248, 1234, 162, 8.42%, 0, 0, 3, 72.65 5517 672595
1601591753, 0, 70, 1249, 1235, 162, 8.42%, 0, 0, 3, 37.20 5517 673113
1601591788, 0, 70, 1250, 1236, 162, 8.42%, 0, 0, 3, 146.67 5517 681269
1601591799, 0, 70, 1251, 1237, 162, 8.42%, 0, 0, 3, 32.02 5517 681611
1601591814, 0, 70, 1252, 1238, 162, 8.42%, 0, 0, 3, 20.85 5517 681911
1601591937, 0, 70, 1253, 1239, 162, 8.42%, 0, 0, 3, 11.90 5517 686309
1601592091, 0, 70, 1254, 1240, 162, 8.42%, 0, 0, 3, 88.17 5517 691306
1601592096, 0, 70, 1256, 1242, 162, 8.42%, 0, 0, 3, 114.47 5517 691699
1601592142, 0, 70, 1257, 1243, 162, 8.42%, 0, 0, 3, 10.43 5517 692349
1601592291, 0, 72, 1257, 1242, 162, 8.42%, 0, 0, 3, 52.26 5517 698155
1601592296, 0, 72, 1258, 1243, 162, 8.42%, 0, 0, 3, 10.70 5518 698324
1601592317, 0, 72, 1259, 1244, 162, 8.42%, 0, 0, 3, 10.54 5518 698580
1601592358, 0, 72, 1260, 1245, 162, 8.42%, 0, 0, 3, 9.91 5518 699052
1601592363, 0, 72, 1261, 1246, 162, 8.42%, 0, 0, 3, 10.11 5518 699104
1601592409, 0, 72, 1263, 1248, 162, 8.42%, 0, 0, 3, 9.22 5518 700154
1601592414, 0, 72, 1264, 1249, 162, 8.42%, 0, 0, 3, 54.59 5518 700442
1601592430, 0, 72, 1265, 1250, 162, 8.42%, 0, 0, 3, 13.18 5518 700895
1601592435, 0, 72, 1266, 1251, 162, 8.42%, 0, 0, 3, 14.58 5518 700970
1601592450, 0, 72, 1267, 1252, 162, 8.42%, 0, 0, 3, 13.39 5520 701181
1601592471, 0, 72, 1268, 1253, 162, 8.42%, 0, 0, 3, 15.86 5520 701523
1601592481, 0, 72, 1269, 1254, 162, 8.43%, 0, 0, 3, 13.74 5522 701705
1601592594, 0, 72, 1272, 1257, 162, 8.43%, 0, 0, 3, 8.51 5522 703557
1601592610, 0, 72, 1273, 1258, 162, 8.43%, 0, 0, 3, 14.52 5522 704260
1601592645, 0, 72, 1274, 1259, 162, 8.43%, 0, 0, 3, 16.65 5522 704884
1601592650, 0, 72, 1275, 1260, 162, 8.43%, 0, 0, 3, 13.69 5522 704954
1601592655, 0, 72, 1276, 1261, 162, 8.44%, 0, 0, 3, 10.51 5529 705073
1601592666, 0, 72, 1277, 1262, 162, 8.44%, 0, 0, 3, 9.61 5529 705222
1601592696, 0, 72, 1278, 1263, 162, 8.44%, 0, 0, 3, 10.59 5529 705548
1601592768, 0, 72, 1279, 1264, 162, 8.44%, 0, 0, 3, 343.35 5529 707450
1601592773, 0, 72, 1280, 1265, 162, 8.44%, 0, 0, 3, 17.94 5529 707523
1601592789, 0, 72, 1281, 1266, 162, 8.44%, 0, 0, 3, 15.95 5529 707765
1601592815, 0, 72, 1283, 1268, 162, 8.44%, 0, 0, 3, 17.17 5529 708265
1601593622, 0, 72, 1286, 1271, 162, 8.44%, 0, 0, 3, 389.96 5529 720868
1601593627, 0, 72, 1289, 1274, 162, 8.44%, 0, 0, 3, 19.32 5529 722377
1601593632, 0, 72, 1294, 1279, 162, 8.44%, 0, 0, 3, 17.13 5530 722457
1601593637, 0, 72, 1296, 1281, 162, 8.44%, 0, 0, 3, 71.55 5530 722807
1601593648, 0, 72, 1298, 1283, 162, 8.44%, 0, 0, 3, 12.66 5530 722979
1601593653, 0, 72, 1299, 1284, 162, 8.44%, 0, 0, 3, 14.01 5530 723099
1601593658, 0, 72, 1300, 1285, 162, 8.44%, 0, 0, 3, 1151.79 5530 724445
1601593663, 0, 72, 1301, 1286, 162, 8.44%, 0, 0, 3, 66.98 5530 725933
1601593755, 0, 72, 1302, 1287, 162, 8.44%, 0, 0, 3, 11.23 5530 727824
1601593781, 0, 72, 1303, 1288, 162, 8.44%, 0, 0, 3, 16.07 5530 728237
1601593786, 0, 72, 1304, 1289, 162, 8.44%, 0, 0, 3, 19.57 5530 728328
1601593940, 0, 72, 1305, 1290, 162, 8.44%, 0, 0, 3, 12.64 5530 731441
1601594002, 0, 72, 1306, 1291, 162, 8.44%, 0, 0, 3, 11.94 5530 732653
1601594118, 0, 72, 1307, 1292, 162, 8.44%, 0, 0, 3, 15.67 5530 748448
1601594175, 0, 72, 1308, 1293, 162, 8.44%, 0, 0, 3, 12.75 5530 759678
1601594205, 0, 72, 1309, 1294, 162, 8.44%, 0, 0, 3, 11.81 5530 760041
1601594231, 0, 72, 1310, 1295, 162, 8.44%, 0, 0, 3, 14.07 5530 760834
1601594303, 0, 72, 1311, 1296, 162, 8.44%, 0, 0, 3, 36.46 5530 762573
1601594370, 0, 72, 1312, 1297, 162, 8.44%, 0, 0, 3, 20.92 5530 767237
1601594391, 0, 72, 1313, 1298, 162, 8.44%, 0, 0, 3, 325.68 5530 768121
1601594437, 0, 72, 1314, 1299, 162, 8.44%, 0, 0, 3, 15.39 5530 769335
1601594519, 0, 72, 1315, 1300, 162, 8.44%, 0, 0, 3, 75.56 5530 772964
1601594560, 0, 72, 1316, 1301, 162, 8.44%, 0, 0, 3, 16.28 5530 780014
1601594570, 0, 72, 1318, 1303, 162, 8.44%, 0, 0, 3, 18.17 5530 780232
1601594596, 0, 72, 1319, 1304, 162, 8.44%, 0, 0, 3, 20.43 5530 781103
1601594616, 0, 72, 1320, 1305, 162, 8.44%, 0, 0, 3, 11.46 5530 781791
1601594673, 0, 72, 1321, 1306, 162, 8.44%, 0, 0, 3, 12.96 5531 784278
1601594714, 0, 72, 1322, 1307, 162, 8.44%, 0, 0, 3, 12.20 5531 784864
1601594846, 0, 72, 1323, 1308, 162, 8.44%, 0, 0, 3, 281.19 5531 789711
1601595025, 0, 72, 1324, 1309, 162, 8.44%, 0, 0, 3, 207.86 5531 795034
1601595041, 0, 220, 1324, 1308, 161, 8.44%, 0, 0, 3, 1352.42 5531 802375
1601595061, 0, 222, 1325, 1308, 161, 8.44%, 0, 0, 3, 1778.13 5533 839399
1601595081, 0, 224, 1325, 1307, 160, 8.44%, 0, 0, 3, 1806.19 5533 876344
1601595101, 0, 226, 1325, 1306, 159, 8.44%, 0, 0, 3, 1809.40 5533 913147
1601595122, 0, 230, 1325, 1305, 158, 8.44%, 0, 0, 3, 1752.36 5533 949785
1601595147, 0, 233, 1326, 1305, 158, 8.44%, 0, 0, 3, 1822.93 5534 995776
1601595167, 0, 237, 1326, 1304, 157, 8.44%, 0, 0, 3, 1827.46 5534 1032500
1601595193, 0, 241, 1326, 1303, 156, 8.44%, 0, 0, 3, 1680.19 5534 1077352
1601595219, 0, 242, 1326, 1302, 155, 8.44%, 0, 0, 3, 1600.60 5534 1120288
1601595239, 0, 248, 1326, 1301, 154, 8.44%, 0, 0, 3, 1600.73 5534 1155316
1601595275, 0, 248, 1327, 1302, 154, 8.44%, 0, 0, 3, 1326.03 5534 1206930
1601595285, 0, 248, 1328, 1303, 154, 8.45%, 0, 0, 3, 1415.04 5537 1221683
1601595290, 0, 249, 1328, 1302, 152, 8.45%, 0, 0, 3, 1573.80 5537 1229839
1601595310, 0, 254, 1330, 1303, 151, 8.45%, 0, 0, 3, 1657.79 5539 1264583
1601595341, 0, 258, 1330, 1302, 150, 8.45%, 0, 0, 3, 1628.64 5539 1315178
1601595366, 0, 261, 1330, 1301, 149, 8.45%, 0, 0, 3, 1563.04 5539 1356824
1601595396, 0, 268, 1332, 1302, 148, 8.45%, 0, 0, 3, 1541.71 5539 1406367
1601595422, 0, 268, 1333, 1303, 148, 8.45%, 0, 0, 3, 1616.90 5539 1447898
1601595427, 0, 270, 1333, 1302, 146, 8.45%, 0, 0, 3, 1409.07 5539 1454968
1601595472, 0, 273, 1334, 1302, 146, 8.45%, 0, 0, 3, 1537.63 5539 1509142
1601595498, 0, 273, 1337, 1305, 146, 8.46%, 0, 0, 3, 1658.16 5542 1549388
1601595508, 0, 276, 1337, 1304, 146, 8.46%, 0, 0, 3, 1543.69 5542 1565390
1601595539, 0, 276, 1338, 1305, 146, 8.46%, 0, 0, 3, 1561.01 5542 1615246
1601595544, 0, 277, 1338, 1304, 146, 8.46%, 0, 0, 3, 1510.25 5542 1622308
1601595574, 0, 278, 1338, 1303, 145, 8.46%, 0, 0, 3, 1546.04 5542 1671377
1601595610, 0, 279, 1338, 1302, 144, 8.46%, 0, 0, 3, 1538.27 5542 1728089
1601595645, 0, 281, 1338, 1301, 143, 8.46%, 0, 0, 3, 1544.66 5542 1785112
1601595681, 0, 289, 1339, 1301, 143, 8.46%, 0, 0, 3, 9.48 5542 1835282
1601595696, 0, 289, 1341, 1303, 143, 8.46%, 0, 0, 3, 10.06 5542 1835466
1601595809, 0, 289, 1344, 1306, 143, 8.46%, 0, 0, 3, 27.94 5542 1837138
1601595814, 0, 289, 1346, 1308, 143, 8.46%, 0, 0, 3, 12.90 5542 1837575
1601595830, 0, 289, 1348, 1310, 143, 8.46%, 0, 0, 3, 10.74 5542 1837845
1601595835, 0, 289, 1349, 1311, 143, 8.46%, 0, 0, 3, 12.48 5542 1837916
1601595860, 0, 289, 1350, 1312, 143, 8.46%, 0, 0, 3, 14.84 5542 1838296
1601595891, 0, 289, 1351, 1313, 143, 8.46%, 0, 0, 3, 9.88 5542 1838714
1601596014, 0, 289, 1355, 1317, 143, 8.46%, 0, 0, 3, 19.56 5542 1840545
1601596081, 0, 289, 1356, 1318, 143, 8.46%, 0, 0, 3, 9.41 5542 1842069
1601596122, 0, 289, 1357, 1319, 143, 8.46%, 0, 0, 3, 9.25 5542 1842505
1601596198, 0, 289, 1359, 1321, 143, 8.46%, 0, 0, 3, 8.86 5542 1843825
1601596203, 0, 289, 1360, 1322, 143, 8.46%, 0, 0, 3, 17.02 5542 1844441
1601596208, 0, 289, 1362, 1324, 143, 8.46%, 0, 0, 3, 13.14 5542 1844503
1601596214, 0, 289, 1364, 1326, 143, 8.46%, 0, 0, 3, 13.38 5542 1844572
1601596219, 0, 289, 1365, 1327, 143, 8.46%, 0, 0, 3, 12.50 5542 1844634
1601596249, 0, 289, 1366, 1328, 143, 8.46%, 0, 0, 3, 14.84 5542 1845173
1601597156, 0, 289, 1367, 1329, 143, 8.46%, 0, 0, 3, 47.81 5542 1857745
1601597161, 0, 289, 1371, 1333, 143, 8.46%, 0, 0, 3, 8.97 5544 1859339
1601597166, 0, 289, 1374, 1336, 143, 8.46%, 0, 0, 3, 13.72 5544 1859421
1601597171, 0, 289, 1376, 1338, 143, 8.46%, 0, 0, 3, 64.53 5545 1859734
1601597176, 0, 289, 1377, 1339, 143, 8.46%, 0, 0, 3, 77.49 5545 1859871
1601597187, 0, 289, 1378, 1340, 143, 8.46%, 0, 0, 3, 14.54 5545 1860088
1601597192, 0, 289, 1379, 1341, 143, 8.46%, 0, 0, 3, 9.27 5545 1861424
1601597274, 0, 289, 1380, 1342, 143, 8.46%, 0, 0, 3, 17.75 5545 1864628
1601597376, 0, 289, 1381, 1343, 143, 8.46%, 0, 0, 3, 14.27 5545 1866321
1601597402, 0, 289, 1382, 1344, 143, 8.46%, 0, 0, 3, 23.18 5545 1866954
1601597458, 0, 289, 1383, 1345, 143, 8.46%, 0, 0, 3, 11.59 5545 1867984
1601597693, 0, 289, 1384, 1346, 143, 8.46%, 0, 0, 3, 18.93 5545 1885557
1601597739, 0, 289, 1385, 1347, 143, 8.46%, 0, 0, 3, 11.80 5545 1896485
1601597755, 0, 289, 1386, 1348, 143, 8.46%, 0, 0, 3, 10.54 5545 1896653
1601597867, 0, 289, 1387, 1349, 143, 8.46%, 0, 0, 3, 34.22 5545 1898913
1601597964, 0, 289, 1388, 1350, 143, 8.46%, 0, 0, 3, 24.04 5545 1904481
1601598092, 0, 289, 1389, 1351, 143, 8.46%, 0, 0, 3, 32.40 5546 1907627
1601598107, 0, 289, 1391, 1353, 143, 8.46%, 0, 0, 3, 8.01 5546 1908370
1601598159, 0, 289, 1392, 1354, 143, 8.46%, 0, 0, 3, 20.83 5546 1916864
1601598184, 0, 289, 1394, 1356, 143, 8.46%, 0, 0, 3, 26.09 5546 1917584
1601598189, 0, 289, 1395, 1357, 143, 8.46%, 0, 0, 3, 34.37 5546 1917767
1601598235, 0, 289, 1396, 1358, 143, 8.46%, 0, 0, 3, 42.11 5546 1919576
1601598241, 0, 289, 1397, 1359, 143, 8.46%, 0, 0, 3, 21.67 5546 1919679
1601598281, 0, 289, 1398, 1360, 143, 8.46%, 0, 0, 3, 9.25 5546 1921178
1601598465, 0, 289, 1399, 1361, 143, 8.46%, 0, 0, 3, 666.75 5546 1926366
1601598681, 0, 289, 1401, 1363, 143, 8.46%, 0, 0, 3, 9.49 5547 1934458
1601598686, 0, 289, 1404, 1366, 143, 8.46%, 0, 0, 3, 10.48 5547 1934515
1601598691, 0, 289, 1408, 1370, 143, 8.46%, 0, 0, 3, 10.27 5547 1934571
1601598696, 0, 289, 1410, 1372, 143, 8.46%, 0, 0, 3, 9.72 5547 1934630
1601598701, 0, 289, 1411, 1373, 143, 8.46%, 0, 0, 3, 9.34 5547 1934755
1601598706, 0, 289, 1413, 1375, 143, 8.46%, 0, 0, 3, 15.41 5547 1935057
1601598712, 0, 289, 1414, 1376, 143, 8.46%, 0, 0, 3, 11.91 5547 1935118
1601598717, 0, 291, 1414, 1375, 143, 8.46%, 0, 0, 3, 1485.67 5547 1939780
1601598722, 0, 291, 1415, 1376, 143, 8.46%, 0, 0, 3, 1467.10 5547 1947066
1601598768, 0, 352, 1415, 1375, 141, 8.46%, 0, 0, 3, 1473.27 5547 2014105
1601598813, 0, 355, 1415, 1374, 140, 8.46%, 0, 0, 3, 13.58 5547 2078065
1601598829, 0, 355, 1416, 1375, 140, 8.46%, 0, 0, 3, 11.77 5547 2078290
1601598834, 0, 355, 1417, 1376, 140, 8.46%, 0, 0, 3, 11.40 5547 2078347
1601598870, 0, 355, 1418, 1377, 140, 8.46%, 0, 0, 3, 12.49 5547 2078849
1601598962, 0, 355, 1419, 1378, 140, 8.46%, 0, 0, 3, 16.38 5547 2081265
1601599060, 0, 355, 1420, 1379, 140, 8.46%, 0, 0, 3, 36.82 5547 2083261
1601599070, 0, 355, 1422, 1381, 140, 8.46%, 0, 0, 3, 15.51 5547 2083888
1601599116, 0, 355, 1423, 1382, 140, 8.46%, 0, 0, 3, 13.42 5547 2084754
1601599203, 0, 355, 1424, 1383, 140, 8.46%, 0, 0, 3, 184.63 5547 2086517
1601599275, 0, 355, 1425, 1384, 140, 8.46%, 0, 0, 3, 11.49 5547 2088919
1601599281, 0, 355, 1426, 1385, 140, 8.47%, 0, 0, 3, 13.73 5548 2089357
1601599383, 0, 355, 1427, 1386, 140, 8.47%, 0, 0, 3, 10.08 5548 2091012
1601599912, 0, 355, 1431, 1390, 140, 8.47%, 0, 0, 3, 10.49 5548 2100402
1601599917, 0, 355, 1432, 1391, 140, 8.47%, 0, 0, 3, 31.20 5548 2102025
1601600004, 0, 355, 1433, 1392, 140, 8.47%, 0, 0, 3, 11.12 5548 2107097
1601600040, 0, 355, 1434, 1393, 140, 8.47%, 0, 0, 3, 13.46 5548 2107562
1601600379, 0, 355, 1435, 1394, 140, 8.47%, 0, 0, 3, 58.49 5548 2128531
1601600410, 0, 355, 1436, 1395, 140, 8.47%, 0, 0, 3, 13.37 5548 2139097
1601600426, 0, 355, 1437, 1396, 140, 8.47%, 0, 0, 3, 14.23 5548 2139326
1601600548, 0, 355, 1438, 1397, 140, 8.47%, 0, 0, 3, 31.07 5548 2146000
1601600635, 0, 355, 1440, 1399, 140, 8.47%, 0, 0, 3, 18.55 5548 2148556
1601600645, 0, 355, 1441, 1400, 140, 8.47%, 0, 0, 3, 13.58 5548 2148897
1601600712, 0, 355, 1442, 1401, 140, 8.47%, 0, 0, 3, 154.59 5548 2152381
1601600738, 0, 355, 1443, 1402, 140, 8.47%, 0, 0, 3, 35.68 5548 2159074
1601600743, 0, 355, 1444, 1403, 140, 8.47%, 0, 0, 3, 28.21 5548 2159219
1601600748, 0, 355, 1445, 1404, 140, 8.47%, 0, 0, 3, 17.63 5548 2159302
1601600829, 0, 355, 1446, 1405, 140, 8.47%, 0, 0, 3, 207.09 5548 2162271
1601600835, 0, 355, 1447, 1406, 140, 8.47%, 0, 0, 3, 18.01 5548 2162429
1601600860, 0, 355, 1448, 1407, 140, 8.47%, 0, 0, 3, 22.61 5548 2163232
1601600871, 0, 355, 1449, 1408, 140, 8.47%, 0, 0, 3, 13.16 5548 2163662
1601601015, 0, 355, 1450, 1409, 140, 8.47%, 0, 0, 3, 180.04 5548 2169020
1601601041, 0, 355, 1451, 1410, 140, 8.47%, 0, 0, 3, 10.84 5548 2169744
1601601170, 0, 355, 1453, 1412, 140, 8.47%, 0, 0, 3, 713.86 5548 2174649
1601601175, 0, 355, 1454, 1413, 140, 8.47%, 0, 0, 3, 15.21 5548 2175142
1601601185, 0, 355, 1455, 1414, 140, 8.47%, 0, 0, 3, 13.11 5548 2176992
1601601190, 0, 355, 1457, 1416, 140, 8.47%, 0, 0, 3, 12.94 5548 2177060
1601601206, 0, 355, 1458, 1417, 140, 8.47%, 0, 0, 3, 11.46 5548 2177550
1601601211, 0, 370, 1460, 1418, 139, 8.47%, 0, 0, 3, 868.61 5548 2179856
1601601262, 0, 371, 1460, 1417, 138, 8.47%, 0, 0, 3, 1442.34 5548 2255410
1601601309, 0, 372, 1460, 1416, 137, 8.47%, 0, 0, 3, 1466.26 5548 2323323
1601601355, 0, 373, 1460, 1415, 136, 8.47%, 0, 0, 3, 1455.76 5548 2390920
1601601400, 0, 376, 1460, 1414, 135, 8.47%, 0, 0, 3, 1440.16 5548 2459220
1601601451, 0, 418, 1460, 1413, 134, 8.47%, 0, 0, 3, 9.62 5548 2531086
1601601574, 0, 418, 1461, 1414, 134, 8.47%, 0, 0, 3, 45.27 5548 2532686
1601601604, 0, 418, 1462, 1415, 134, 8.47%, 0, 0, 3, 13.77 5548 2533774
1601601772, 0, 418, 1465, 1418, 134, 8.47%, 0, 0, 3, 69.69 5549 2536278
1601601955, 0, 418, 1466, 1419, 134, 8.47%, 0, 0, 3, 115.33 5549 2539606
1601601971, 0, 418, 1467, 1420, 134, 8.47%, 0, 0, 3, 10.79 5549 2540274
1601601976, 0, 418, 1468, 1421, 134, 8.47%, 0, 0, 3, 11.64 5549 2540337
1601602012, 0, 418, 1469, 1422, 134, 8.47%, 0, 0, 3, 13.40 5549 2540960
1601602027, 0, 418, 1470, 1423, 134, 8.47%, 0, 0, 3, 19.87 5549 2541429
1601602906, 0, 418, 1473, 1426, 134, 8.47%, 0, 0, 3, 11.27 5549 2553547
1601602911, 0, 418, 1474, 1427, 134, 8.47%, 0, 0, 3, 21.59 5549 2555066
1601602937, 0, 418, 1476, 1429, 134, 8.47%, 0, 0, 3, 14.91 5549 2558522
1601603075, 0, 418, 1477, 1430, 134, 8.47%, 0, 0, 3, 28.99 5549 2561002
1601603111, 0, 418, 1478, 1431, 134, 8.47%, 0, 0, 3, 19.09 5549 2561613
1601603491, 0, 418, 1479, 1432, 134, 8.47%, 0, 0, 3, 11.04 5551 2592195
1601603613, 0, 418, 1480, 1433, 134, 8.47%, 0, 0, 3, 69.73 5551 2594463
1601603644, 0, 418, 1481, 1434, 134, 8.47%, 0, 0, 3, 29.76 5551 2595782
1601603726, 0, 418, 1482, 1435, 134, 8.47%, 0, 0, 3, 24.17 5551 2600316
1601603848, 0, 418, 1483, 1436, 134, 8.47%, 0, 0, 3, 72.34 5551 2603380
1601603853, 0, 418, 1484, 1437, 134, 8.47%, 0, 0, 3, 27.73 5551 2603629
1601603868, 0, 418, 1485, 1438, 134, 8.47%, 0, 0, 3, 15.56 5551 2605389
1601603935, 0, 418, 1486, 1439, 134, 8.47%, 0, 0, 3, 16.29 5551 2612744
1601603950, 0, 418, 1487, 1440, 134, 8.47%, 0, 0, 3, 9.90 5551 2613350
1601603981, 0, 418, 1488, 1441, 134, 8.47%, 0, 0, 3, 28.80 5551 2614594
1601604012, 0, 418, 1489, 1442, 134, 8.47%, 0, 0, 3, 18.25 5551 2615847
1601604256, 0, 418, 1490, 1443, 134, 8.47%, 0, 0, 3, 10.51 5551 2622872
1601604461, 0, 466, 1490, 1442, 136, 8.47%, 0, 0, 3, 388.00 5551 2630910
1601604549, 0, 466, 1491, 1443, 136, 8.47%, 0, 0, 3, 18.45 5551 2632645
1601604554, 0, 466, 1492, 1444, 136, 8.47%, 0, 0, 3, 26.91 5551 2632951
1601604559, 0, 466, 1493, 1445, 136, 8.47%, 0, 0, 3, 20.02 5551 2633473
1601604615, 0, 466, 1494, 1446, 136, 8.47%, 0, 0, 3, 12.47 5551 2634298
1601604708, 0, 466, 1496, 1448, 136, 8.47%, 0, 0, 3, 28.23 5551 2636288
1601604851, 0, 466, 1498, 1450, 136, 8.47%, 0, 0, 3, 1357.32 5551 2639992
1601604856, 0, 466, 1499, 1451, 136, 8.47%, 0, 0, 3, 17.59 5551 2640167
1601604892, 0, 466, 1500, 1452, 136, 8.47%, 0, 0, 3, 14.59 5551 2640797
1601605529, 0, 466, 1503, 1455, 136, 8.47%, 0, 0, 3, 194.73 5551 2653398
1601605534, 0, 466, 1504, 1456, 136, 8.47%, 0, 0, 3, 12.47 5551 2654999
1601605539, 0, 466, 1505, 1457, 136, 8.47%, 0, 0, 3, 84.31 5551 2655286
1601605585, 0, 466, 1506, 1458, 136, 8.47%, 0, 0, 3, 15.08 5551 2659434
1601605692, 0, 466, 1507, 1459, 136, 8.47%, 0, 0, 3, 17.21 5551 2660959
1601606056, 0, 466, 1508, 1460, 136, 8.47%, 0, 0, 3, 16.56 5551 2692083
1601606343, 0, 466, 1510, 1462, 136, 8.47%, 0, 0, 3, 33.14 5551 2703105
1601606799, 0, 466, 1511, 1463, 136, 8.47%, 0, 0, 3, 62.53 5551 2727884
1601606824, 0, 466, 1512, 1464, 136, 8.47%, 0, 0, 3, 14.44 5551 2730413
1601606835, 0, 505, 1512, 1463, 136, 8.47%, 0, 0, 3, 10.83 5551 2730960
1601606969, 0, 505, 1513, 1464, 136, 8.47%, 0, 0, 3, 14.83 5551 2733625
1601607277, 0, 505, 1515, 1466, 136, 8.47%, 0, 0, 3, 850.03 5551 2739348
1601607494, 0, 505, 1516, 1467, 136, 8.47%, 0, 0, 3, 10.02 5551 2744025
1601608107, 0, 505, 1517, 1468, 136, 8.47%, 0, 0, 3, 1241.32 5551 2754476
1601608112, 0, 505, 1518, 1469, 136, 8.47%, 0, 0, 3, 27.43 5551 2754879
1601608220, 0, 505, 1519, 1470, 136, 8.47%, 0, 0, 3, 10.63 5551 2760091
1601608769, 0, 505, 1520, 1471, 136, 8.47%, 0, 0, 3, 24.16 5551 2795448
1601609072, 0, 505, 1521, 1472, 136, 8.47%, 0, 0, 3, 20.37 5551 2814573
1601609284, 0, 505, 1522, 1473, 136, 8.47%, 0, 0, 3, 60.71 5551 2821748
1601609289, 0, 505, 1523, 1474, 136, 8.47%, 0, 0, 3, 9.99 5551 2822249
1601609496, 0, 556, 1524, 1474, 138, 8.47%, 0, 0, 3, 1052.61 5551 2833090
1601609506, 0, 556, 1525, 1475, 138, 8.47%, 0, 0, 3, 957.74 5551 2842710
1601609577, 0, 557, 1525, 1474, 137, 8.47%, 0, 0, 3, 1451.96 5551 2935521
1601609643, 0, 558, 1525, 1473, 136, 8.47%, 0, 0, 3, 1391.38 5551 3030263
1601609714, 0, 559, 1525, 1472, 135, 8.47%, 0, 0, 3, 1395.57 5551 3132288
1601609802, 0, 603, 1527, 1472, 134, 8.47%, 0, 0, 3, 1687.60 5552 3236238
1601609807, 0, 603, 1533, 1478, 134, 8.47%, 0, 0, 3, 1314.79 5554 3242339
1601609822, 0, 603, 1535, 1480, 134, 8.48%, 0, 0, 3, 1330.89 5556 3261478
1601609827, 0, 603, 1536, 1481, 134, 8.48%, 0, 0, 3, 1251.90 5556 3267970
1601609853, 0, 603, 1541, 1486, 134, 8.48%, 0, 0, 3, 1420.83 5556 3305097
1601609878, 0, 604, 1541, 1485, 135, 8.48%, 0, 0, 3, 1418.71 5556 3339871
1601609888, 0, 604, 1542, 1486, 135, 8.48%, 0, 0, 3, 1465.33 5557 3354838
1601609893, 0, 604, 1543, 1487, 135, 8.48%, 0, 0, 3, 1221.27 5557 3361142
1601609934, 0, 604, 1546, 1490, 135, 8.48%, 0, 0, 3, 1468.00 5557 3421526
1601609939, 0, 605, 1547, 1490, 135, 8.48%, 0, 0, 3, 1490.16 5557 3429056
1601609970, 0, 612, 1547, 1489, 133, 8.48%, 0, 0, 3, 12.41 5557 3477579
1601609990, 0, 612, 1548, 1490, 133, 8.48%, 0, 0, 3, 9.77 5557 3477878
1601610037, 0, 612, 1549, 1491, 133, 8.48%, 0, 0, 3, 9.05 5557 3478395
1601610088, 0, 612, 1550, 1492, 133, 8.48%, 0, 0, 3, 27.13 5557 3479507
1601610114, 0, 612, 1552, 1494, 133, 8.48%, 0, 0, 3, 13.76 5557 3480295
1601610267, 0, 612, 1553, 1495, 133, 8.48%, 0, 0, 3, 22.22 5557 3482816
1601610436, 0, 612, 1554, 1496, 133, 8.48%, 0, 0, 3, 526.88 5557 3486089
1601610461, 0, 612, 1555, 1497, 133, 8.48%, 0, 0, 3, 15.92 5557 3486980
1601610502, 0, 612, 1556, 1498, 133, 8.48%, 0, 0, 3, 18.26 5557 3487958
1601610523, 0, 612, 1557, 1499, 133, 8.48%, 0, 0, 3, 16.84 5557 3488813
1601610651, 0, 612, 1558, 1500, 133, 8.48%, 0, 0, 3, 10.20 5557 3490646
1601611301, 0, 612, 1559, 1501, 133, 8.48%, 0, 0, 3, 83.95 5557 3501800
1601611332, 0, 612, 1560, 1502, 133, 8.48%, 0, 0, 3, 44.27 5557 3505047
1601611439, 0, 612, 1561, 1503, 133, 8.48%, 0, 0, 3, 12.94 5557 3507073
1601611450, 0, 612, 1562, 1504, 133, 8.48%, 0, 0, 3, 17.37 5557 3507235
1601611465, 0, 612, 1563, 1505, 133, 8.48%, 0, 0, 3, 15.38 5557 3507499
1601611619, 0, 612, 1564, 1506, 133, 8.48%, 0, 0, 3, 11.34 5557 3510497
1601611645, 0, 612, 1565, 1507, 133, 8.48%, 0, 0, 3, 12.17 5557 3511052
1601612061, 0, 612, 1566, 1508, 133, 8.48%, 0, 0, 3, 20.56 5557 3546286
1601612076, 0, 612, 1567, 1509, 133, 8.48%, 0, 0, 3, 17.19 5557 3546771
1601612184, 0, 612, 1569, 1511, 133, 8.48%, 0, 0, 3, 10.68 5557 3549567
1601612767, 0, 612, 1570, 1512, 133, 8.48%, 0, 0, 3, 10.28 5557 3577454
1601612777, 0, 632, 1570, 1511, 133, 8.48%, 0, 0, 3, 1147.95 5557 3584334
1601612823, 0, 654, 1571, 1511, 132, 8.48%, 0, 0, 3, 12.97 5557 3648465
1601612926, 0, 654, 1572, 1512, 132, 8.48%, 0, 0, 3, 42.35 5557 3650756
1601612987, 0, 654, 1573, 1513, 132, 8.48%, 0, 0, 3, 15.99 5557 3651822
1601613085, 0, 654, 1574, 1514, 132, 8.48%, 0, 0, 3, 818.97 5557 3653885
1601613141, 0, 654, 1575, 1515, 132, 8.48%, 0, 0, 3, 12.84 5557 3655170
1601613403, 0, 654, 1576, 1516, 132, 8.48%, 0, 0, 3, 10.35 5557 3661240
1601613980, 0, 654, 1577, 1517, 132, 8.48%, 0, 0, 3, 19.58 5557 3672377
1601613985, 0, 654, 1578, 1518, 132, 8.48%, 0, 0, 3, 76.07 5557 3672725
1601614005, 0, 654, 1579, 1519, 132, 8.48%, 0, 0, 3, 31.25 5557 3675874
1601614546, 0, 654, 1580, 1520, 132, 8.48%, 0, 0, 3, 17.94 5557 3711079
1601614925, 0, 654, 1581, 1521, 132, 8.48%, 0, 0, 3, 152.00 5557 3734002
1601615279, 0, 654, 1583, 1523, 132, 8.48%, 0, 0, 3, 400.00 5557 3748597
1601615284, 0, 676, 1583, 1522, 129, 8.48%, 0, 0, 3, 10.45 5557 3749375
1601615643, 0, 676, 1584, 1523, 129, 8.48%, 0, 0, 3, 10.97 5557 3756227
1601615736, 0, 676, 1585, 1524, 129, 8.48%, 0, 0, 3, 101.89 5557 3757877
1601615782, 0, 676, 1586, 1525, 129, 8.48%, 0, 0, 3, 12.03 5557 3759188
1601616595, 0, 676, 1587, 1526, 129, 8.48%, 0, 0, 3, 20.91 5557 3773863
1601616862, 0, 676, 1588, 1527, 129, 8.48%, 0, 0, 3, 13.90 5557 3781974
1601617023, 0, 676, 1589, 1528, 129, 8.48%, 0, 0, 3, 59.86 5557 3795141
1601617347, 0, 676, 1590, 1529, 129, 8.48%, 0, 0, 3, 13.73 5557 3819606
1601617992, 0, 689, 1590, 1528, 128, 8.48%, 0, 0, 3, 1015.65 5557 3853725
1601618064, 0, 690, 1590, 1527, 127, 8.48%, 0, 0, 3, 1403.02 5557 3956180
1601618130, 0, 711, 1590, 1526, 126, 8.48%, 0, 0, 3, 1388.59 5557 4049965
1601618135, 0, 711, 1605, 1541, 126, 8.48%, 0, 0, 3, 1229.74 5557 4055759
1601618140, 0, 711, 1613, 1549, 126, 8.48%, 0, 0, 3, 1220.10 5557 4061742
1601618150, 0, 711, 1620, 1556, 126, 8.50%, 0, 0, 3, 1207.97 5573 4072702
1601618156, 0, 711, 1622, 1558, 126, 8.50%, 0, 0, 3, 1258.46 5573 4079610
1601618161, 0, 711, 1623, 1559, 126, 8.50%, 0, 0, 3, 1172.25 5573 4085385
1601618171, 0, 711, 1624, 1560, 126, 8.50%, 0, 0, 3, 1394.15 5573 4101045
1601618207, 0, 713, 1624, 1559, 126, 8.50%, 0, 0, 3, 1443.23 5573 4151464
1601618217, 0, 713, 1625, 1560, 126, 8.50%, 0, 0, 3, 1801.86 5573 4169720
1601618232, 0, 790, 1625, 1559, 126, 8.50%, 0, 0, 3, 15.26 5573 4190701
1601618350, 0, 790, 1626, 1560, 126, 8.50%, 0, 0, 3, 17.43 5573 4193512
1601619242, 0, 790, 1628, 1562, 126, 8.50%, 0, 0, 3, 242.44 5573 4213035
1601619247, 0, 790, 1629, 1563, 126, 8.50%, 0, 0, 3, 45.03 5573 4214550
1601619252, 0, 790, 1630, 1564, 126, 8.50%, 0, 0, 3, 64.82 5573 4214906
1601619698, 0, 790, 1631, 1565, 126, 8.50%, 0, 0, 3, 15.38 5573 4240872
1601619750, 0, 790, 1632, 1566, 126, 8.50%, 0, 0, 3, 13.04 5573 4251991
1601620473, 0, 796, 1632, 1565, 125, 8.50%, 0, 0, 3, 1268.52 5573 4297151
1601620499, 0, 797, 1632, 1564, 123, 8.50%, 0, 0, 3, 11.16 5573 4332546
1601620782, 0, 797, 1633, 1565, 123, 8.51%, 0, 0, 3, 11.62 5577 4338217
1601621794, 0, 797, 1634, 1566, 123, 8.51%, 0, 0, 3, 24.10 5579 4360544
1601622271, 0, 797, 1635, 1567, 123, 8.51%, 0, 0, 3, 14.10 5580 4393462
1601623123, 0, 825, 1635, 1566, 124, 8.51%, 0, 0, 3, 1502.20 5580 4441457
1601623158, 0, 825, 1636, 1567, 124, 8.52%, 0, 0, 3, 1758.29 5583 4504067
1601623163, 0, 832, 1636, 1566, 124, 8.52%, 0, 0, 3, 1538.94 5583 4512031
1601623168, 0, 832, 1649, 1579, 124, 8.52%, 0, 0, 3, 1259.07 5585 4518060
1601623173, 0, 832, 1652, 1582, 124, 8.52%, 0, 0, 3, 1194.28 5585 4524156
1601623183, 0, 832, 1670, 1600, 124, 8.56%, 0, 0, 3, 1335.29 5608 4536694
1601623188, 0, 832, 1672, 1602, 124, 8.56%, 0, 0, 3, 1187.57 5608 4542741
1601623229, 0, 832, 1674, 1604, 124, 8.56%, 0, 0, 3, 1253.98 5608 4600948
1601623234, 0, 844, 1674, 1603, 126, 8.56%, 0, 0, 3, 1376.42 5608 4608161
1601623305, 0, 848, 1674, 1602, 125, 8.56%, 0, 0, 3, 1557.03 5608 4714533
1601623330, 0, 849, 1674, 1601, 124, 8.56%, 0, 0, 3, 1601.82 5608 4756633
1601623356, 0, 850, 1676, 1602, 124, 8.56%, 0, 0, 3, 1601.26 5611 4798725
1601623381, 0, 862, 1676, 1601, 123, 8.56%, 0, 0, 3, 1464.16 5611 4839642
1601623448, 0, 868, 1676, 1600, 122, 8.56%, 0, 0, 3, 1308.70 5611 4910094
1601623453, 0, 868, 1677, 1601, 122, 8.56%, 0, 0, 3, 13.64 5611 4910353
1601623698, 0, 868, 1679, 1603, 122, 8.56%, 0, 0, 3, 13.44 5611 4915492
1601623714, 0, 868, 1680, 1604, 122, 8.56%, 0, 0, 3, 13.23 5611 4916191
1601623847, 0, 868, 1681, 1605, 122, 8.56%, 0, 0, 3, 7.75 5611 4918822
1601624042, 0, 868, 1682, 1606, 122, 8.56%, 0, 0, 3, 10.62 5611 4923363
1601624561, 0, 868, 1684, 1608, 122, 8.56%, 0, 0, 3, 51.12 5611 4932630
1601624566, 0, 868, 1685, 1609, 122, 8.56%, 0, 0, 3, 21.87 5611 4934254
1601625000, 0, 868, 1686, 1610, 122, 8.56%, 0, 0, 3, 16.71 5611 4956106
1601625005, 0, 868, 1687, 1611, 122, 8.56%, 0, 0, 3, 24.37 5611 4959149
1601625189, 0, 868, 1688, 1612, 122, 8.56%, 0, 0, 3, 32.49 5611 4973674
1601625281, 0, 868, 1689, 1613, 122, 8.56%, 0, 0, 3, 9.71 5611 4979167
1601625286, 0, 868, 1690, 1614, 122, 8.56%, 0, 0, 3, 14.28 5612 4979318
1601625450, 0, 868, 1691, 1615, 122, 8.56%, 0, 0, 3, 21.87 5612 4991539
1601625460, 0, 868, 1692, 1616, 122, 8.56%, 0, 0, 3, 16.67 5612 4991702
1601625532, 0, 868, 1693, 1617, 122, 8.56%, 0, 0, 3, 28.94 5612 4994360
1601625558, 0, 868, 1694, 1618, 122, 8.56%, 0, 0, 3, 21.58 5612 4995198
1601625752, 0, 868, 1695, 1619, 122, 8.56%, 0, 0, 3, 10.98 5612 5002071
1601625875, 0, 868, 1696, 1620, 122, 8.56%, 0, 0, 3, 118.28 5612 5007197
1601625926, 0, 875, 1698, 1621, 122, 8.58%, 0, 0, 3, 36.07 5622 5011551
1601625941, 0, 875, 1699, 1622, 122, 8.58%, 0, 0, 3, 10.20 5622 5011909
1601626049, 0, 875, 1700, 1623, 122, 8.58%, 0, 0, 3, 13.77 5622 5014429
1601626101, 0, 875, 1701, 1624, 122, 8.58%, 0, 0, 3, 10.17 5622 5015276
1601626178, 0, 875, 1702, 1625, 122, 8.58%, 0, 0, 3, 30.71 5622 5016882
1601626188, 0, 875, 1703, 1626, 122, 8.58%, 0, 0, 3, 18.67 5622 5017526
1601626326, 0, 875, 1704, 1627, 122, 8.58%, 0, 0, 3, 38.76 5622 5020644
1601626388, 0, 875, 1705, 1628, 122, 8.58%, 0, 0, 3, 18.79 5625 5022083
1601626502, 0, 875, 1706, 1629, 122, 8.58%, 0, 0, 3, 10.47 5625 5024599
1601626517, 0, 875, 1707, 1630, 122, 8.58%, 0, 0, 3, 10.71 5625 5024768
1601626553, 0, 875, 1707, 1630, 122, 8.58%, 1, 0, 3, 10.62 5625 5025182
1601626620, 0, 875, 1708, 1631, 122, 8.58%, 1, 0, 3, 12.48 5625 5026003
1601627040, 0, 875, 1709, 1632, 122, 8.58%, 1, 0, 3, 39.70 5625 5033970
1601627071, 0, 875, 1711, 1634, 122, 8.58%, 1, 0, 3, 37.04 5625 5039086
1601627265, 0, 875, 1712, 1635, 122, 8.59%, 1, 0, 3, 24.94 5628 5043312
1601627291, 0, 875, 1713, 1636, 122, 8.59%, 1, 0, 3, 20.02 5628 5043869
1601628193, 0, 875, 1714, 1637, 122, 8.59%, 1, 0, 3, 10.21 5628 5103537
1601628198, 0, 875, 1715, 1638, 122, 8.59%, 1, 0, 3, 11.58 5628 5103596
1601628362, 0, 891, 1715, 1637, 122, 8.59%, 1, 0, 3, 9.71 5628 5112187
1601629394, 0, 891, 1717, 1639, 122, 8.59%, 1, 0, 3, 9.78 5628 5128229
1601629778, 0, 891, 1718, 1640, 122, 8.59%, 1, 0, 3, 77.37 5628 5136377
1601629783, 0, 891, 1719, 1641, 122, 8.59%, 1, 0, 3, 18.80 5628 5136495
1601629900, 0, 891, 1720, 1642, 122, 8.59%, 1, 0, 3, 16.27 5631 5141362
1601629987, 0, 891, 1721, 1643, 122, 8.59%, 1, 0, 3, 16.65 5631 5142988
1601630346, 0, 891, 1722, 1644, 122, 8.59%, 1, 0, 3, 12.28 5631 5173175
1601630463, 0, 891, 1723, 1645, 122, 8.59%, 1, 0, 3, 26.21 5631 5175441
1601630796, 0, 891, 1724, 1646, 122, 8.59%, 1, 0, 3, 36.71 5631 5194273
1601631306, 0, 908, 1724, 1645, 122, 8.59%, 1, 0, 3, 38.61 5631 5212450
1601631321, 0, 908, 1725, 1646, 122, 8.59%, 1, 0, 3, 10.43 5631 5212688
1601631378, 0, 908, 1726, 1647, 122, 8.59%, 1, 0, 3, 11.40 5631 5213372
1601631409, 0, 908, 1727, 1648, 122, 8.59%, 1, 0, 3, 43.52 5631 5214305
1601631567, 0, 908, 1728, 1649, 122, 8.59%, 1, 0, 3, 40.59 5631 5217635
1601632475, 0, 908, 1729, 1650, 122, 8.59%, 1, 0, 3, 28.14 5631 5236335
1601632481, 0, 908, 1730, 1651, 122, 8.60%, 1, 0, 3, 68.94 5634 5236663
1601632491, 0, 908, 1731, 1652, 122, 8.60%, 1, 0, 3, 19.04 5634 5237006
1601632548, 0, 908, 1732, 1653, 122, 8.60%, 1, 0, 3, 15.92 5634 5241200
1601633112, 0, 908, 1733, 1654, 122, 8.60%, 1, 0, 3, 102.24 5634 5281810
1601633220, 0, 908, 1734, 1655, 122, 8.60%, 1, 0, 3, 27.21 5634 5286604
1601633513, 0, 908, 1735, 1656, 122, 8.60%, 1, 0, 3, 9.75 5634 5303983
1601633692, 0, 968, 1735, 1655, 123, 8.60%, 1, 0, 3, 360.60 5634 5312611
1601633753, 0, 979, 1735, 1654, 122, 8.60%, 1, 0, 3, 895.88 5634 5390608
1601633758, 0, 979, 1736, 1655, 122, 8.60%, 1, 0, 3, 890.06 5634 5395116
1601633784, 0, 981, 1736, 1654, 121, 8.60%, 1, 0, 3, 1649.53 5634 5429368
1601633789, 0, 993, 1736, 1653, 120, 8.60%, 1, 0, 3, 1615.32 5634 5437796
1601633840, 0, 994, 1736, 1652, 119, 8.60%, 1, 0, 3, 1438.11 5634 5510194
1601633875, 0, 994, 1737, 1653, 119, 8.60%, 1, 0, 3, 1518.84 5634 5560474
1601633890, 0, 995, 1737, 1652, 118, 8.60%, 1, 0, 3, 1426.54 5634 5583015
1601633946, 0, 996, 1737, 1651, 117, 8.60%, 1, 0, 3, 1345.79 5634 5662814
1601633997, 0, 997, 1737, 1650, 116, 8.60%, 1, 0, 3, 1408.50 5634 5734563
1601634048, 0, 998, 1737, 1649, 115, 8.60%, 1, 0, 3, 1373.66 5634 5806645
1601634105, 0, 1009, 1737, 1648, 114, 8.60%, 1, 0, 3, 1541.75 5634 5885495
1601634110, 0, 1020, 1737, 1647, 113, 8.60%, 1, 0, 3, 1580.10 5634 5893574
1601634141, 0, 1023, 1737, 1646, 112, 8.60%, 1, 0, 3, 1485.07 5634 5941105
1601634207, 0, 1024, 1737, 1645, 111, 8.60%, 1, 0, 3, 653.44 5634 6009930
1601634258, 0, 1025, 1737, 1644, 110, 8.60%, 1, 0, 3, 1410.08 5634 6082014
1601634314, 0, 1026, 1737, 1643, 109, 8.60%, 1, 0, 3, 239.84 5634 6162558
1601634396, 0, 1027, 1737, 1642, 108, 8.60%, 1, 0, 3, 1417.78 5634 6235464
1601634447, 0, 1028, 1737, 1641, 107, 8.60%, 1, 0, 3, 11.04 5634 6306034
1601634951, 0, 1028, 1738, 1642, 107, 8.60%, 1, 0, 3, 21.61 5634 6316694
1601634961, 0, 1028, 1739, 1643, 107, 8.60%, 1, 0, 3, 20.46 5634 6317163
1601635709, 0, 1028, 1740, 1644, 107, 8.60%, 1, 0, 3, 9.45 5634 6328256
1601635714, 0, 1028, 1741, 1645, 107, 8.60%, 1, 0, 3, 16.32 5634 6329928
1601635719, 0, 1028, 1743, 1647, 107, 8.60%, 1, 0, 3, 68.27 5634 6330295
1601637069, 0, 1029, 1743, 1646, 107, 8.60%, 1, 0, 3, 400.80 5634 6406249
1601637125, 0, 1030, 1743, 1645, 106, 8.60%, 1, 0, 3, 10.40 5634 6481907
1601637135, 0, 1030, 1744, 1646, 106, 8.60%, 1, 0, 3, 172.13 5634 6482051
1601638469, 0, 1030, 1745, 1647, 106, 8.60%, 1, 0, 3, 9.81 5634 6505751
1601638623, 0, 1030, 1746, 1648, 106, 8.60%, 1, 0, 3, 17.05 5634 6511749
1601639070, 0, 1030, 1747, 1649, 106, 8.60%, 1, 0, 3, 18.06 5634 6544195
1601639912, 0, 1048, 1748, 1649, 106, 8.60%, 1, 0, 3, 12.35 5634 6582245
1601640070, 0, 1048, 1749, 1650, 106, 8.60%, 1, 0, 3, 12.56 5634 6585450
1601640176, 0, 1048, 1749, 1650, 106, 8.60%, 2, 0, 3, 31.44 5634 6587434
1601641099, 0, 1048, 1751, 1652, 106, 8.60%, 2, 0, 3, 53.53 5634 6606053
1601641972, 0, 1048, 1752, 1653, 106, 8.60%, 2, 0, 3, 32.47 5634 6656436
1601642141, 0, 1048, 1753, 1654, 106, 8.60%, 2, 0, 3, 12.00 5634 6667782
1601642504, 0, 1048, 1754, 1655, 106, 8.60%, 2, 0, 3, 113.86 5634 6681959
1601642514, 0, 1051, 1754, 1654, 105, 8.60%, 2, 0, 3, 35.09 5634 6682374
1601642519, 0, 1051, 1755, 1655, 105, 8.60%, 2, 0, 3, 9.64 5634 6682548
1601642636, 0, 1051, 1756, 1656, 105, 8.60%, 2, 0, 3, 51.31 5634 6684085
1601642642, 0, 1051, 1757, 1657, 105, 8.60%, 2, 0, 3, 31.31 5634 6684416
1601642647, 0, 1051, 1758, 1658, 105, 8.60%, 2, 0, 3, 12.41 5634 6684934
1601642662, 0, 1051, 1759, 1659, 105, 8.60%, 2, 0, 3, 11.69 5634 6685119
1601643015, 0, 1051, 1760, 1660, 105, 8.60%, 2, 0, 3, 12.13 5634 6691595
1601643025, 0, 1051, 1761, 1661, 105, 8.60%, 2, 0, 3, 11.40 5634 6691725
1601643056, 0, 1051, 1762, 1662, 105, 8.60%, 2, 0, 3, 15.84 5634 6692283
1601643096, 0, 1051, 1763, 1663, 105, 8.60%, 2, 0, 3, 9.88 5634 6693823
1601643924, 0, 1051, 1765, 1665, 105, 8.60%, 2, 0, 3, 11.83 5634 6704951
1601643929, 0, 1051, 1766, 1666, 105, 8.60%, 2, 0, 3, 24.26 5634 6706472
1601643950, 0, 1051, 1767, 1667, 105, 8.60%, 2, 0, 3, 9.17 5634 6708481
1601643955, 0, 1051, 1768, 1668, 105, 8.60%, 2, 0, 3, 32.28 5634 6709927
1601644047, 0, 1051, 1769, 1669, 105, 8.60%, 2, 0, 3, 9.91 5634 6711745
1601644088, 0, 1051, 1770, 1670, 105, 8.60%, 2, 0, 3, 15.43 5634 6712370
1601644519, 0, 1051, 1771, 1671, 105, 8.60%, 2, 0, 3, 12.71 5634 6744191
1601644887, 0, 1051, 1772, 1672, 105, 8.60%, 2, 0, 3, 21.36 5634 6764021
1601644907, 0, 1051, 1773, 1673, 105, 8.60%, 2, 0, 3, 18.14 5634 6764430
1601645044, 0, 1051, 1774, 1674, 105, 8.60%, 2, 0, 3, 11.06 5634 6768865
1601645376, 0, 1051, 1775, 1675, 105, 8.60%, 2, 0, 3, 17.33 5634 6778683
1601645432, 0, 1065, 1775, 1674, 103, 8.60%, 2, 0, 3, 1063.78 5634 6786756
1601645458, 0, 1067, 1775, 1673, 102, 8.60%, 2, 0, 3, 1577.15 5634 6828265
1601645493, 0, 1067, 1776, 1674, 102, 8.60%, 2, 0, 3, 1588.21 5634 6882943
1601645503, 0, 1070, 1776, 1673, 101, 8.60%, 2, 0, 3, 12.16 5634 6894993
1601646750, 0, 1070, 1777, 1674, 101, 8.60%, 2, 0, 3, 263.45 5634 6917499
1601647442, 0, 1070, 1778, 1675, 101, 8.60%, 2, 0, 3, 12.74 5634 6959878
1601647627, 0, 1070, 1780, 1677, 101, 8.60%, 2, 0, 3, 74.73 5634 6967214
1601647996, 0, 1070, 1781, 1678, 101, 8.60%, 2, 0, 3, 9.65 5634 6986814
1601648174, 0, 1070, 1782, 1679, 101, 8.60%, 2, 0, 3, 9.26 5634 6994461
1601648180, 0, 1070, 1783, 1680, 101, 8.60%, 2, 0, 3, 10.21 5634 6994607
1601648190, 0, 1070, 1786, 1683, 101, 8.60%, 2, 0, 3, 9.67 5634 6995018
1601648200, 0, 1071, 1786, 1682, 100, 8.60%, 2, 0, 3, 12.25 5634 6995580
1601648488, 0, 1071, 1787, 1683, 100, 8.60%, 2, 0, 3, 14.96 5634 7001500
1601648627, 0, 1071, 1788, 1684, 100, 8.60%, 2, 0, 3, 15.15 5634 7004451
1601648699, 0, 1071, 1789, 1685, 100, 8.60%, 2, 0, 3, 29.50 5634 7006239
1601650241, 0, 1071, 1790, 1686, 100, 8.60%, 2, 0, 3, 157.14 5634 7067969
1601650594, 0, 1071, 1791, 1687, 100, 8.60%, 2, 0, 3, 9.76 5634 7087380
1601650777, 0, 1071, 1792, 1688, 100, 8.60%, 2, 0, 3, 9.87 5634 7095539
1601650782, 0, 1097, 1792, 1687, 99, 8.60%, 2, 0, 3, 523.68 5634 7096601
1601650822, 0, 1100, 1792, 1686, 98, 8.60%, 2, 0, 3, 1311.89 5634 7141804
1601650858, 0, 1101, 1792, 1685, 97, 8.60%, 2, 0, 3, 28.84 5634 7194517
1601650909, 0, 1101, 1797, 1690, 97, 8.64%, 2, 0, 3, 23.63 5661 7195859
1601650915, 0, 1101, 1802, 1695, 97, 8.70%, 2, 0, 3, 75.07 5700 7196199
1601650925, 0, 1101, 1803, 1696, 97, 8.70%, 2, 0, 3, 28.87 5700 7196967
1601650940, 0, 1101, 1804, 1697, 97, 8.70%, 2, 0, 3, 27.75 5700 7197382
1601650991, 0, 1101, 1812, 1705, 97, 8.70%, 2, 0, 3, 25.56 5702 7198746
1601651022, 0, 1101, 1813, 1706, 97, 8.71%, 2, 0, 3, 207.79 5710 7200318
1601651069, 0, 1101, 1818, 1711, 97, 8.71%, 2, 0, 3, 12.49 5710 7201487
1601651371, 0, 1101, 1823, 1716, 97, 8.71%, 2, 0, 3, 27.78 5710 7211214
1601651376, 0, 1101, 1830, 1723, 97, 8.71%, 2, 0, 3, 281.25 5710 7211352
1601651381, 0, 1101, 1838, 1731, 97, 8.71%, 2, 0, 3, 20.25 5710 7211459
1601651386, 0, 1101, 1839, 1732, 97, 8.75%, 2, 0, 3, 22.64 5732 7211713
1601651525, 0, 1101, 1840, 1733, 97, 8.75%, 2, 0, 3, 24.72 5735 7232869
1601651894, 0, 1108, 1840, 1732, 103, 8.75%, 2, 0, 3, 876.19 5735 7270907
1601651966, 0, 1116, 1841, 1732, 102, 8.75%, 2, 0, 3, 13.50 5736 7368400
1601652063, 0, 1116, 1842, 1733, 102, 8.75%, 2, 0, 3, 20.65 5736 7370674
1601652150, 0, 1116, 1843, 1734, 102, 8.75%, 2, 0, 3, 11.81 5736 7372086
1601652217, 0, 1116, 1844, 1735, 102, 8.75%, 2, 0, 3, 65.97 5736 7373555
1601652376, 0, 1116, 1845, 1736, 102, 8.75%, 2, 0, 3, 17.56 5736 7377533
1601652423, 0, 1116, 1846, 1737, 102, 8.75%, 2, 0, 3, 14.13 5736 7378368
1601653239, 0, 1116, 1847, 1738, 102, 8.75%, 2, 0, 3, 18.75 5736 7398242
1601653806, 0, 1116, 1848, 1739, 102, 8.75%, 2, 0, 3, 19.97 5736 7437150
1601653996, 0, 1116, 1849, 1740, 102, 8.75%, 2, 0, 3, 22.02 5736 7450249
1601654104, 0, 1116, 1850, 1741, 102, 8.75%, 2, 0, 3, 22.90 5736 7454309
1601654340, 0, 1116, 1851, 1742, 102, 8.75%, 2, 0, 3, 10.30 5736 7461373
1601654458, 0, 1126, 1852, 1742, 101, 8.75%, 2, 0, 3, 9.47 5736 7469210
1601655921, 0, 1126, 1853, 1743, 101, 8.75%, 2, 0, 3, 8.36 5736 7493170
1601656126, 0, 1126, 1854, 1744, 101, 8.75%, 2, 0, 3, 13.43 5736 7500056
1601656507, 0, 1126, 1855, 1745, 101, 8.76%, 2, 0, 3, 9.41 5738 7519810
1601656599, 0, 1126, 1856, 1746, 101, 8.76%, 2, 0, 3, 10.93 5738 7530990
1601656841, 0, 1126, 1857, 1747, 101, 8.76%, 2, 0, 3, 11.30 5738 7540106
1601657368, 0, 1126, 1859, 1749, 101, 8.76%, 2, 0, 3, 17.66 5741 7561138
1601657578, 0, 1126, 1860, 1750, 101, 8.76%, 2, 0, 3, 22.75 5741 7567159
1601657634, 0, 1129, 1860, 1749, 104, 8.76%, 2, 0, 3, 623.36 5741 7570790
1601657732, 0, 1136, 1861, 1749, 103, 8.76%, 2, 0, 3, 1224.46 5741 7672168
1601657752, 0, 1140, 1862, 1749, 102, 8.76%, 2, 0, 3, 46.49 5741 7700921
1601657763, 0, 1140, 1865, 1752, 102, 8.76%, 2, 0, 3, 12.78 5741 7701114
1601657768, 0, 1140, 1870, 1757, 102, 8.76%, 2, 0, 3, 12.79 5741 7701181
1601657773, 0, 1140, 1872, 1759, 102, 8.76%, 2, 0, 3, 14.40 5741 7701254
1601657839, 0, 1140, 1873, 1760, 102, 8.76%, 2, 0, 3, 390.33 5741 7702448
1601657844, 0, 1140, 1879, 1766, 102, 8.76%, 2, 0, 3, 14.22 5741 7702944
1601657849, 0, 1140, 1882, 1769, 102, 8.76%, 2, 0, 3, 18.82 5741 7703055
1601657854, 0, 1140, 1884, 1771, 102, 8.76%, 2, 0, 3, 57.73 5741 7703600
1601657859, 0, 1140, 1887, 1774, 102, 8.76%, 2, 0, 3, 25.45 5741 7703675
1601657864, 0, 1140, 1888, 1775, 102, 8.76%, 2, 0, 3, 18.42 5741 7703757
1601657905, 0, 1140, 1889, 1776, 102, 8.76%, 2, 0, 3, 12.89 5741 7704497
1601657977, 0, 1140, 1890, 1777, 102, 8.76%, 2, 0, 3, 534.03 5741 7706213
1601657982, 0, 1140, 1891, 1778, 102, 8.76%, 2, 0, 3, 845.00 5741 7706503
1601657987, 0, 1140, 1892, 1779, 102, 8.76%, 2, 0, 3, 18.80 5741 7706875
1601657992, 0, 1140, 1893, 1780, 102, 8.76%, 2, 0, 3, 18.13 5741 7706962
1601658104, 0, 1140, 1895, 1782, 102, 8.76%, 2, 0, 3, 43.26 5741 7709514
1601658115, 0, 1140, 1896, 1783, 102, 8.76%, 2, 0, 3, 17.37 5741 7710159
1601658160, 0, 1140, 1897, 1784, 102, 8.76%, 2, 0, 3, 23.61 5741 7711397
1601658201, 0, 1140, 1898, 1785, 102, 8.76%, 2, 0, 3, 14.63 5741 7712780
1601658629, 0, 1140, 1901, 1788, 102, 8.76%, 2, 0, 3, 405.00 5741 7722246
1601658635, 0, 1140, 1903, 1790, 102, 8.76%, 2, 0, 3, 19.15 5741 7723643
1601658640, 0, 1140, 1904, 1791, 102, 8.76%, 2, 0, 3, 22.81 5741 7723779
1601658655, 0, 1140, 1905, 1792, 102, 8.76%, 2, 0, 3, 16.89 5741 7724080
1601658701, 0, 1140, 1906, 1793, 102, 8.76%, 2, 0, 3, 17.51 5741 7728126
1601659012, 0, 1140, 1907, 1794, 102, 8.76%, 2, 0, 3, 13.43 5741 7745818
1601659084, 0, 1140, 1911, 1798, 102, 8.76%, 2, 0, 3, 835.06 5741 7755159
1601659385, 0, 1140, 1912, 1799, 102, 8.76%, 2, 0, 3, 24.47 5741 7773878
1601659574, 0, 1140, 1913, 1800, 102, 8.76%, 2, 0, 3, 73.08 5741 7780801
1601659713, 0, 1140, 1914, 1801, 102, 8.76%, 2, 0, 3, 77.01 5741 7786046
1601659718, 0, 1140, 1915, 1802, 102, 8.76%, 2, 0, 3, 129.90 5741 7786570
1601659769, 0, 1146, 1915, 1801, 102, 8.76%, 2, 0, 3, 935.16 5741 7792584
1601659805, 0, 1156, 1919, 1804, 102, 8.76%, 2, 0, 3, 1426.01 5741 7849530
1601659810, 0, 1156, 1920, 1805, 102, 8.76%, 2, 0, 3, 1414.32 5741 7856534
1601659832, 0, 1160, 1921, 1805, 102, 8.76%, 2, 0, 3, 1433.17 5743 7878022
1601659852, 0, 1162, 1921, 1804, 102, 8.76%, 2, 0, 3, 1525.37 5743 7906608
1601659873, 0, 1164, 1921, 1803, 101, 8.76%, 2, 0, 3, 1589.80 5743 7939650
1601659888, 0, 1166, 1923, 1804, 100, 8.77%, 2, 0, 3, 1524.96 5749 7963902
1601659893, 0, 1166, 1925, 1806, 100, 8.77%, 2, 0, 3, 1603.99 5749 7972187
1601659908, 0, 1168, 1926, 1806, 100, 8.77%, 2, 0, 3, 1494.82 5750 7992199
1601659929, 0, 1170, 1931, 1810, 100, 8.77%, 2, 0, 3, 1188.42 5750 8018581
1601659965, 0, 1171, 1932, 1810, 100, 8.77%, 2, 0, 3, 1444.41 5750 8049264
1601659981, 0, 1176, 1932, 1809, 99, 8.77%, 2, 0, 3, 1540.71 5750 8071349
1601660002, 0, 1180, 1932, 1808, 98, 8.77%, 2, 0, 3, 24.69 5750 8098593
1601660022, 0, 1180, 1933, 1809, 98, 8.77%, 2, 0, 3, 29.20 5750 8099127
1601660053, 0, 1180, 1934, 1810, 98, 8.77%, 2, 0, 3, 24.38 5750 8100515
1601660243, 0, 1180, 1935, 1811, 98, 8.78%, 2, 0, 3, 24.41 5751 8106667
1601660418, 0, 1182, 1938, 1813, 99, 8.78%, 2, 0, 3, 1497.39 5751 8133207
1601660428, 0, 1182, 1939, 1814, 99, 8.78%, 2, 0, 3, 1323.07 5751 8145972
1601660438, 0, 1186, 1941, 1815, 99, 8.78%, 2, 0, 3, 1486.65 5751 8161512
1601660443, 0, 1186, 1943, 1817, 99, 8.78%, 2, 0, 3, 1589.39 5753 8169583
1601660458, 0, 1189, 1949, 1822, 99, 8.78%, 2, 0, 3, 1497.05 5753 8189770
1601660463, 0, 1189, 1950, 1823, 99, 8.78%, 2, 0, 3, 1556.82 5753 8198056
1601660473, 0, 1189, 1951, 1824, 99, 8.78%, 2, 0, 3, 1485.79 5753 8210764
1601660478, 0, 1191, 1951, 1823, 99, 8.78%, 2, 0, 3, 1475.77 5753 8218146
1601660483, 0, 1191, 1952, 1824, 99, 8.78%, 2, 0, 3, 1587.58 5753 8226244
1601660493, 0, 1191, 1954, 1826, 99, 8.78%, 2, 0, 3, 1582.51 5753 8238904
1601660499, 0, 1195, 1954, 1823, 97, 8.78%, 2, 0, 3, 1513.93 5753 8246538
1601660514, 0, 1195, 1955, 1824, 97, 8.78%, 2, 0, 4, 64.73 5754 8268807
1601660560, 0, 1197, 1955, 1823, 97, 8.78%, 2, 0, 4, 29.27 5754 8334125
1601660565, 0, 1197, 1956, 1824, 97, 8.78%, 2, 0, 4, 24.00 5754 8334296
1601660611, 0, 1197, 1957, 1825, 97, 8.78%, 2, 0, 4, 38.31 5754 8335862
1601660637, 0, 1197, 1958, 1826, 97, 8.78%, 2, 0, 4, 25.85 5757 8336881
1601660642, 0, 1197, 1959, 1827, 97, 8.78%, 2, 0, 4, 24.15 5757 8337050
1601661443, 0, 1197, 1960, 1828, 97, 8.78%, 2, 0, 4, 30.91 5757 8399898
1601661571, 0, 1198, 1960, 1827, 97, 8.78%, 2, 0, 4, 29.58 5757 8407256
1601661622, 0, 1198, 1961, 1828, 97, 8.78%, 2, 0, 4, 41.82 5757 8408698
1601662450, 0, 1198, 1962, 1829, 97, 8.79%, 2, 0, 4, 41.58 5759 8473214
1601662573, 0, 1202, 1963, 1829, 97, 8.79%, 2, 0, 4, 1777.14 5759 8482559
1601662583, 0, 1203, 1965, 1830, 96, 8.79%, 2, 0, 4, 1828.25 5759 8501107
1601662593, 0, 1205, 1965, 1829, 95, 8.79%, 2, 0, 4, 1813.29 5759 8519492
1601662603, 0, 1264, 1966, 1828, 93, 8.79%, 2, 0, 4, 27.69 5759 8532990
1601663930, 0, 1264, 1968, 1830, 93, 8.79%, 2, 0, 4, 29.95 5759 8556866
1601664601, 0, 1264, 1969, 1831, 93, 8.79%, 2, 0, 4, 31.74 5759 8596587
1601665394, 0, 1291, 1969, 1830, 92, 8.79%, 2, 0, 4, 206.49 5759 8633099
1601665409, 0, 1291, 1970, 1831, 92, 8.79%, 2, 0, 4, 10.00 5759 8633420
1601665414, 0, 1291, 1971, 1832, 92, 8.79%, 2, 0, 4, 9.89 5759 8633470
1601665420, 0, 1291, 1972, 1833, 92, 8.79%, 2, 0, 4, 9.56 5759 8633517
1601665542, 0, 1291, 1973, 1834, 92, 8.79%, 2, 0, 4, 13.66 5759 8635856
1601665614, 0, 1291, 1974, 1835, 92, 8.79%, 2, 0, 4, 9.56 5759 8636842
1601665757, 0, 1291, 1975, 1836, 92, 8.79%, 2, 0, 4, 14.59 5759 8639608
1601666873, 0, 1291, 1976, 1837, 92, 8.79%, 2, 0, 4, 15.58 5759 8661619
1601666924, 0, 1291, 1977, 1838, 92, 8.79%, 2, 0, 4, 10.43 5759 8662422
1601667027, 0, 1291, 1978, 1839, 92, 8.79%, 2, 0, 4, 115.01 5759 8664198
1601667334, 0, 1291, 1979, 1840, 92, 8.79%, 2, 0, 4, 13.56 5759 8683262
1601667727, 0, 1291, 1980, 1841, 92, 8.79%, 2, 0, 4, 128.91 5759 8705486
1601667742, 0, 1291, 1981, 1842, 92, 8.79%, 2, 0, 4, 148.68 5759 8706376
1601667840, 0, 1291, 1982, 1843, 92, 8.79%, 2, 0, 4, 24.06 5759 8716087
1601668348, 0, 1294, 1982, 1842, 90, 8.79%, 2, 0, 4, 10.81 5759 8733640
1601668456, 0, 1294, 1983, 1843, 90, 8.79%, 2, 0, 4, 44.74 5759 8735416
1601668543, 0, 1294, 1984, 1844, 90, 8.79%, 2, 0, 4, 10.24 5759 8737202
1601668636, 0, 1294, 1985, 1845, 90, 8.79%, 2, 0, 4, 2.73 5759 8738827
1601668713, 0, 1294, 1986, 1846, 90, 8.79%, 2, 0, 4, 10.40 5759 8740529
1601668810, 0, 1294, 1988, 1848, 90, 8.79%, 2, 0, 4, 19.58 5759 8742715
1601669639, 0, 1294, 1989, 1849, 90, 8.79%, 2, 0, 4, 8.52 5759 8757462
1601669977, 0, 1294, 1989, 1849, 90, 8.79%, 3, 0, 4, 14.73 5759 8767170
1601670075, 0, 1294, 1990, 1850, 90, 8.79%, 3, 0, 4, 10.99 5759 8768915
1601670185, 0, 1294, 1991, 1851, 90, 8.79%, 3, 0, 4, 11.28 5759 8794785
1601670345, 0, 1294, 1992, 1852, 90, 8.79%, 3, 0, 4, 25.29 5759 8801727
