# unix_time, cycles_done, cur_path, paths_total, pending_total, pending_favs, map_size, unique_crashes, unique_hangs, max_depth, execs_per_sec, edge_coverage, total_execs
1605459029, 0, 0, 1, 1, 1, 0.03%, 0, 0, 1, 2000.00 0 8
1605459034, 0, 10, 13, 8, 1, 0.05%, 0, 0, 5, 5353.72 30 32349
1605459040, 4, 14, 16, 4, 0, 0.05%, 0, 0, 8, 5923.26 30 63760
1605459045, 8, 10, 16, 1, 0, 0.05%, 0, 0, 8, 6049.02 30 94359
1605459050, 18, 4, 16, 0, 0, 0.05%, 0, 0, 8, 6093.35 30 125901
1605459055, 28, 4, 16, 0, 0, 0.05%, 0, 0, 8, 6102.76 30 157682
1605459060, 38, 0, 16, 0, 0, 0.05%, 0, 0, 8, 6104.79 30 189405
1605459065, 49, 3, 16, 0, 0, 0.05%, 0, 0, 8, 6117.56 30 220858
1605459070, 59, 3, 16, 0, 0, 0.05%, 0, 0, 8, 6121.20 30 252528
1605459076, 69, 3, 16, 0, 0, 0.05%, 0, 0, 8, 6135.15 30 284176
1605459081, 81, 0, 16, 0, 0, 0.05%, 0, 0, 8, 6129.64 30 315814
1605459086, 91, 10, 16, 0, 0, 0.05%, 0, 0, 8, 6108.15 30 347030
1605459091, 102, 10, 16, 0, 0, 0.05%, 0, 0, 8, 6109.05 30 378333
1605459096, 113, 4, 16, 0, 0, 0.05%, 0, 0, 8, 6104.21 30 409549
1605459101, 122, 10, 16, 0, 0, 0.05%, 0, 0, 8, 6113.51 30 441197
1605459106, 132, 10, 16, 0, 0, 0.05%, 0, 0, 8, 6117.39 30 472686
1605459112, 142, 12, 16, 0, 0, 0.05%, 0, 0, 8, 6123.82 30 503989
1605459117, 153, 10, 16, 0, 0, 0.05%, 0, 0, 8, 6121.96 30 535850
1605459122, 163, 10, 16, 0, 0, 0.05%, 0, 0, 8, 6121.03 30 567237
1605459127, 174, 3, 16, 0, 0, 0.05%, 0, 0, 8, 6137.42 30 598981
1605459132, 184, 3, 16, 0, 0, 0.05%, 0, 0, 8, 6097.42 30 630277
1605459137, 195, 3, 16, 0, 0, 0.05%, 0, 0, 8, 6096.42 30 661637
1605459143, 204, 0, 16, 0, 0, 0.05%, 0, 0, 8, 6097.40 30 693031
1605459148, 215, 4, 16, 0, 0, 0.05%, 0, 0, 8, 6091.99 30 724221
1605459153, 225, 10, 16, 0, 0, 0.05%, 0, 0, 8, 6073.57 30 755629
1605459158, 236, 4, 16, 0, 0, 0.05%, 0, 0, 8, 6072.47 30 786983
1605459163, 246, 10, 16, 0, 0, 0.05%, 0, 0, 8, 6052.64 30 818009
1605459168, 257, 2, 16, 0, 0, 0.05%, 0, 0, 8, 6069.60 30 849245
1605459173, 268, 3, 16, 0, 0, 0.05%, 0, 0, 8, 6072.79 30 880352
1605459178, 278, 10, 16, 0, 0, 0.05%, 0, 0, 8, 6080.77 30 911568
1605459184, 289, 10, 16, 0, 0, 0.05%, 0, 0, 8, 6090.28 30 942825
1605459189, 300, 3, 16, 0, 0, 0.05%, 0, 0, 8, 6078.84 30 974101
1605459194, 310, 10, 16, 0, 0, 0.05%, 0, 0, 8, 6063.66 30 1005183
1605459199, 319, 3, 16, 0, 0, 0.05%, 0, 0, 8, 6046.95 30 1036501
1605459204, 329, 9, 16, 0, 0, 0.05%, 0, 0, 8, 6062.95 30 1067991
1605459209, 339, 4, 16, 0, 0, 0.05%, 0, 0, 8, 6041.40 30 1098853
1605459214, 350, 3, 16, 0, 0, 0.05%, 0, 0, 8, 6046.97 30 1129813
1605459220, 361, 7, 16, 0, 0, 0.05%, 0, 0, 8, 6047.91 30 1160821
1605459225, 371, 15, 16, 0, 0, 0.05%, 0, 0, 8, 6056.79 30 1191765
1605459230, 382, 8, 16, 0, 0, 0.05%, 0, 0, 8, 6060.73 30 1223158
1605459235, 392, 10, 16, 0, 0, 0.05%, 0, 0, 8, 6062.50 30 1254565
1605459240, 402, 10, 16, 0, 0, 0.05%, 0, 0, 8, 6076.42 30 1285770
1605459245, 412, 10, 16, 0, 0, 0.05%, 0, 0, 8, 6091.96 30 1317301
1605459250, 422, 15, 16, 0, 0, 0.05%, 0, 0, 8, 6093.30 30 1347797
1605459256, 433, 3, 16, 0, 0, 0.05%, 0, 0, 8, 6073.39 30 1379014
1605459261, 442, 4, 16, 0, 0, 0.05%, 0, 0, 8, 6095.00 30 1410701
1605459266, 452, 10, 16, 0, 0, 0.05%, 0, 0, 8, 6099.31 30 1442194
1605459271, 463, 3, 16, 0, 0, 0.05%, 0, 0, 8, 6080.38 30 1473280
1605459276, 473, 10, 16, 0, 0, 0.05%, 0, 0, 8, 6092.16 30 1504557
1605459281, 483, 15, 16, 0, 0, 0.05%, 0, 0, 8, 6089.74 30 1536016
1605459287, 495, 0, 16, 0, 0, 0.05%, 0, 0, 8, 6086.88 30 1567493
1605459292, 505, 0, 16, 0, 0, 0.05%, 0, 0, 8, 6083.88 30 1598687
1605459297, 514, 10, 16, 0, 0, 0.05%, 0, 0, 8, 6086.75 30 1630229
1605459302, 524, 3, 16, 0, 0, 0.05%, 0, 0, 8, 6072.22 30 1661392
1605459307, 533, 10, 16, 0, 0, 0.05%, 0, 0, 8, 6066.16 30 1692624
1605459312, 544, 3, 16, 0, 0, 0.05%, 0, 0, 8, 6067.09 30 1723072
1605459317, 555, 0, 16, 0, 0, 0.05%, 0, 0, 8, 6053.09 30 1753989
1605459322, 564, 10, 16, 0, 0, 0.05%, 0, 0, 8, 6041.88 30 1784982
1605459328, 574, 4, 16, 0, 0, 0.05%, 0, 0, 8, 6055.08 30 1816277
1605459333, 585, 4, 16, 0, 0, 0.05%, 0, 0, 8, 6087.42 30 1847445
1605459338, 596, 3, 16, 0, 0, 0.05%, 0, 0, 8, 6104.35 30 1878837
1605459343, 605, 13, 16, 0, 0, 0.05%, 0, 0, 8, 6096.42 30 1910477
1605459348, 615, 11, 16, 0, 0, 0.05%, 0, 0, 8, 6064.73 30 1941741
1605459353, 624, 10, 16, 0, 0, 0.05%, 0, 0, 8, 6065.64 30 1973002
1605459358, 635, 8, 16, 0, 0, 0.05%, 0, 0, 8, 6064.80 30 2004335
1605459364, 645, 14, 16, 0, 0, 0.05%, 0, 0, 8, 6044.60 30 2035174
1605459369, 656, 4, 16, 0, 0, 0.05%, 0, 0, 8, 6039.79 30 2066389
1605459374, 667, 10, 16, 0, 0, 0.05%, 0, 0, 8, 6035.46 30 2097717
1605459379, 677, 5, 16, 0, 0, 0.05%, 0, 0, 8, 6032.63 30 2128814
1605459384, 687, 8, 16, 0, 0, 0.05%, 0, 0, 8, 6037.38 30 2159982
1605459389, 697, 4, 16, 0, 0, 0.05%, 0, 0, 8, 6036.82 30 2191221
1605459394, 707, 3, 16, 0, 0, 0.05%, 0, 0, 8, 6040.89 30 2221477
1605459400, 718, 4, 16, 0, 0, 0.05%, 0, 0, 8, 6038.37 30 2252854
1605459405, 729, 12, 16, 0, 0, 0.05%, 0, 0, 8, 6044.93 30 2284054
1605459410, 739, 5, 16, 0, 0, 0.05%, 0, 0, 8, 6039.23 30 2315198
1605459415, 749, 4, 16, 0, 0, 0.05%, 0, 0, 8, 6047.34 30 2346573
1605459420, 758, 14, 16, 0, 0, 0.05%, 0, 0, 8, 6040.51 30 2377414
1605459425, 769, 0, 16, 0, 0, 0.05%, 0, 0, 8, 6027.44 30 2408413
1605459431, 778, 3, 16, 0, 0, 0.05%, 0, 0, 8, 6043.08 30 2439581
1605459436, 789, 0, 16, 0, 0, 0.05%, 0, 0, 8, 6061.46 30 2470997
1605459441, 799, 4, 16, 0, 0, 0.05%, 0, 0, 8, 6063.13 30 2501909
1605459446, 808, 4, 16, 0, 0, 0.05%, 0, 0, 8, 6099.05 30 2533503
1605459451, 819, 4, 16, 0, 0, 0.05%, 0, 0, 8, 6080.54 30 2564549
1605459456, 830, 13, 16, 0, 0, 0.05%, 0, 0, 8, 6080.96 30 2595637
1605459461, 840, 11, 16, 0, 0, 0.05%, 0, 0, 8, 6069.04 30 2626933
1605459467, 850, 10, 16, 0, 0, 0.05%, 0, 0, 8, 6070.26 30 2658247
1605459472, 861, 3, 16, 0, 0, 0.05%, 0, 0, 8, 6072.39 30 2689799
1605459477, 871, 3, 16, 0, 0, 0.05%, 0, 0, 8, 6061.04 30 2720981
1605459482, 882, 10, 16, 0, 0, 0.05%, 0, 0, 8, 6054.72 30 2751880
1605459487, 893, 5, 16, 0, 0, 0.05%, 0, 0, 8, 6066.65 30 2783269
1605459492, 904, 10, 16, 0, 0, 0.05%, 0, 0, 8, 6059.21 30 2814584
1605459497, 914, 5, 16, 0, 0, 0.05%, 0, 0, 8, 6051.88 30 2845815
1605459503, 925, 3, 16, 0, 0, 0.05%, 0, 0, 8, 6051.59 30 2876861
1605459508, 936, 10, 16, 0, 0, 0.05%, 0, 0, 8, 6056.81 30 2908215
1605459513, 947, 10, 16, 0, 0, 0.05%, 0, 0, 8, 6052.69 30 2939401
1605459518, 957, 12, 16, 0, 0, 0.05%, 0, 0, 8, 6049.32 30 2970432
1605459523, 966, 10, 16, 0, 0, 0.05%, 0, 0, 8, 6058.25 30 3001549
1605459528, 977, 10, 16, 0, 0, 0.05%, 0, 0, 8, 6046.97 30 3032678
1605459533, 988, 3, 16, 0, 0, 0.05%, 0, 0, 8, 6055.69 30 3063677
1605459539, 999, 4, 16, 0, 0, 0.05%, 0, 0, 8, 6054.05 30 3094797
1605459544, 1009, 4, 16, 0, 0, 0.05%, 0, 0, 8, 6094.51 30 3125837
1605459549, 1020, 4, 16, 0, 0, 0.05%, 0, 0, 8, 6087.31 30 3157416
1605459554, 1029, 3, 16, 0, 0, 0.05%, 0, 0, 8, 6093.14 30 3188717
1605459559, 1040, 10, 16, 0, 0, 0.05%, 0, 0, 8, 6080.13 30 3220221
1605459564, 1051, 5, 16, 0, 0, 0.05%, 0, 0, 8, 6076.66 30 3251831
1605459570, 1063, 3, 16, 0, 0, 0.05%, 0, 0, 8, 6077.27 30 3283358
1605459575, 1073, 4, 16, 0, 0, 0.05%, 0, 0, 8, 6063.12 30 3314711
1605459580, 1082, 10, 16, 0, 0, 0.05%, 0, 0, 8, 6059.42 30 3346013
1605459585, 1093, 15, 16, 0, 0, 0.05%, 0, 0, 8, 6057.59 30 3376830
1605459590, 1104, 3, 16, 0, 0, 0.05%, 0, 0, 8, 6050.49 30 3408237
1605459595, 1115, 4, 16, 0, 0, 0.05%, 0, 0, 8, 6062.37 30 3439509
1605459600, 1125, 4, 16, 0, 0, 0.05%, 0, 0, 8, 6057.82 30 3470717
1605459606, 1134, 10, 16, 0, 0, 0.05%, 0, 0, 8, 6070.74 30 3501629
1605459611, 1146, 3, 16, 0, 0, 0.05%, 0, 0, 8, 6058.34 30 3532653
1605459616, 1155, 10, 16, 0, 0, 0.05%, 0, 0, 8, 6047.92 30 3563573
1605459621, 1167, 1, 16, 0, 0, 0.05%, 0, 0, 8, 6045.13 30 3594885
1605459626, 1176, 4, 16, 0, 0, 0.05%, 0, 0, 8, 6038.25 30 3625941
1605459631, 1188, 3, 16, 0, 0, 0.05%, 0, 0, 8, 6030.18 30 3657182
1605459636, 1199, 0, 16, 0, 0, 0.05%, 0, 0, 8, 6067.55 30 3688405
1605459642, 1210, 3, 16, 0, 0, 0.05%, 0, 0, 8, 6062.68 30 3719568
1605459647, 1220, 13, 16, 0, 0, 0.05%, 0, 0, 8, 6082.79 30 3750889
1605459652, 1231, 4, 16, 0, 0, 0.05%, 0, 0, 8, 6076.41 30 3782592
1605459657, 1241, 11, 16, 0, 0, 0.05%, 0, 0, 8, 6084.92 30 3813929
1605459662, 1251, 0, 16, 0, 0, 0.05%, 0, 0, 8, 6070.88 30 3845335
1605459667, 1260, 10, 16, 0, 0, 0.05%, 0, 0, 8, 6076.81 30 3876341
1605459673, 1272, 0, 16, 0, 0, 0.05%, 0, 0, 8, 6062.41 30 3907797
1605459678, 1282, 5, 16, 0, 0, 0.05%, 0, 0, 8, 6086.27 30 3939119
1605459683, 1293, 3, 16, 0, 0, 0.05%, 0, 0, 8, 6091.65 30 3970645
1605459688, 1302, 10, 16, 0, 0, 0.05%, 0, 0, 8, 6082.70 30 4002009
1605459693, 1313, 4, 16, 0, 0, 0.05%, 0, 0, 8, 6053.41 30 4033240
1605459698, 1323, 0, 16, 0, 0, 0.05%, 0, 0, 8, 6056.34 30 4064359
1605459703, 1332, 3, 16, 0, 0, 0.05%, 0, 0, 8, 6076.20 30 4095447
1605459709, 1343, 0, 16, 0, 0, 0.05%, 0, 0, 8, 6074.44 30 4126669
1605459714, 1354, 4, 16, 0, 0, 0.05%, 0, 0, 8, 6084.49 30 4157992
1605459719, 1365, 10, 16, 0, 0, 0.05%, 0, 0, 8, 6093.78 30 4189185
1605459724, 1375, 11, 16, 0, 0, 0.05%, 0, 0, 8, 6087.98 30 4220325
1605459729, 1385, 8, 16, 0, 0, 0.05%, 0, 0, 8, 6079.96 30 4251759
1605459734, 1396, 10, 16, 0, 0, 0.05%, 0, 0, 8, 6079.21 30 4283013
1605459739, 1406, 4, 16, 0, 0, 0.05%, 0, 0, 8, 6067.84 30 4314063
1605459745, 1418, 0, 16, 0, 0, 0.05%, 0, 0, 8, 6084.83 30 4345327
1605459750, 1429, 3, 16, 0, 0, 0.05%, 0, 0, 8, 6079.17 30 4376696
1605459755, 1439, 5, 16, 0, 0, 0.05%, 0, 0, 8, 6069.71 30 4408088
1605459760, 1448, 10, 16, 0, 0, 0.05%, 0, 0, 8, 6060.83 30 4439045
1605459765, 1459, 3, 16, 0, 0, 0.05%, 0, 0, 8, 6065.45 30 4470102
1605459770, 1467, 14, 16, 0, 0, 0.05%, 0, 0, 8, 6090.76 30 4501285
1605459775, 1478, 10, 16, 0, 0, 0.05%, 0, 0, 8, 6066.72 30 4532757
1605459781, 1488, 0, 16, 0, 0, 0.05%, 0, 0, 8, 6048.04 30 4563726
1605459786, 1500, 3, 16, 0, 0, 0.05%, 0, 0, 8, 6043.33 30 4594821
1605459791, 1510, 0, 16, 0, 0, 0.05%, 0, 0, 8, 6009.57 30 4625902
1605459796, 1521, 3, 16, 0, 0, 0.05%, 0, 0, 8, 6029.52 30 4657125
1605459801, 1531, 4, 16, 0, 0, 0.05%, 0, 0, 8, 6026.08 30 4688190
1605459806, 1541, 5, 16, 0, 0, 0.05%, 0, 0, 8, 6048.07 30 4719350
1605459812, 1552, 6, 16, 0, 0, 0.05%, 0, 0, 8, 6042.30 30 4750421
1605459817, 1562, 3, 16, 0, 0, 0.05%, 0, 0, 8, 6067.83 30 4781935
1605459822, 1572, 10, 16, 0, 0, 0.05%, 0, 0, 8, 6056.00 30 4813119
1605459827, 1583, 4, 16, 0, 0, 0.05%, 0, 0, 8, 6066.39 30 4844527
1605459832, 1594, 4, 16, 0, 0, 0.05%, 0, 0, 8, 6088.07 30 4876183
1605459837, 1605, 4, 16, 0, 0, 0.05%, 0, 0, 8, 6133.50 30 4907850
1605459843, 1615, 3, 16, 0, 0, 0.05%, 0, 0, 8, 6094.55 30 4939253
1605459848, 1626, 4, 16, 0, 0, 0.05%, 0, 0, 8, 6047.44 30 4970613
1605459853, 1636, 3, 16, 0, 0, 0.05%, 0, 0, 8, 5945.72 30 5001354
1605459858, 1647, 5, 16, 0, 0, 0.05%, 0, 0, 8, 6009.87 30 5032246
1605459863, 1658, 10, 16, 0, 0, 0.05%, 0, 0, 8, 6003.00 30 5063230
1605459868, 1668, 10, 16, 0, 0, 0.05%, 0, 0, 8, 6017.16 30 5094213
1605459873, 1678, 6, 16, 0, 0, 0.05%, 0, 0, 8, 6016.52 30 5125286
1605459879, 1688, 10, 16, 0, 0, 0.05%, 0, 0, 8, 6019.58 30 5156221
1605459884, 1699, 3, 16, 0, 0, 0.05%, 0, 0, 8, 6016.64 30 5187085
1605459889, 1710, 3, 16, 0, 0, 0.05%, 0, 0, 8, 6010.42 30 5218278
1605459894, 1721, 2, 16, 0, 0, 0.05%, 0, 0, 8, 6027.84 30 5249301
1605459899, 1730, 10, 16, 0, 0, 0.05%, 0, 0, 8, 6025.47 30 5280310
1605459904, 1741, 5, 16, 0, 0, 0.05%, 0, 0, 8, 6013.74 30 5311254
1605459910, 1751, 0, 16, 0, 0, 0.05%, 0, 0, 8, 6023.39 30 5342430
1605459915, 1759, 10, 16, 0, 0, 0.05%, 0, 0, 8, 4811.36 30 5367685
1605459920, 1766, 4, 16, 0, 0, 0.05%, 0, 0, 8, 4206.88 30 5388453
1605459925, 1773, 3, 16, 0, 0, 0.05%, 0, 0, 8, 4115.88 30 5409606
1605459930, 1780, 4, 16, 0, 0, 0.05%, 0, 0, 8, 4098.17 30 5430837
1605459935, 1787, 4, 16, 0, 0, 0.05%, 0, 0, 8, 4115.34 30 5452021
1605459941, 1795, 3, 16, 0, 0, 0.05%, 0, 0, 8, 4142.23 30 5473304
1605459946, 1802, 3, 16, 0, 0, 0.05%, 0, 0, 8, 4150.05 30 5494885
1605459951, 1808, 10, 16, 0, 0, 0.05%, 0, 0, 8, 4177.90 30 5516485
1605459956, 1816, 10, 16, 0, 0, 0.05%, 0, 0, 8, 4196.18 30 5537940
1605459961, 1824, 3, 16, 0, 0, 0.05%, 0, 0, 8, 4226.21 30 5559810
1605459966, 1831, 4, 16, 0, 0, 0.05%, 0, 0, 8, 4199.10 30 5581597
1605459972, 1838, 10, 16, 0, 0, 0.05%, 0, 0, 8, 4207.49 30 5603301
1605459977, 1846, 0, 16, 0, 0, 0.05%, 0, 0, 8, 4265.21 30 5625477
1605459982, 1854, 0, 16, 0, 0, 0.05%, 0, 0, 8, 4310.12 30 5647669
1605459987, 1864, 0, 16, 0, 0, 0.05%, 0, 0, 8, 5644.99 30 5677973
1605459992, 1873, 4, 16, 0, 0, 0.05%, 0, 0, 8, 5930.03 30 5708917
1605459997, 1884, 3, 16, 0, 0, 0.05%, 0, 0, 8, 5985.08 30 5740100
1605460003, 1894, 5, 16, 0, 0, 0.05%, 0, 0, 8, 5389.32 30 5768816
1605460008, 1901, 10, 16, 0, 0, 0.05%, 0, 0, 8, 4464.86 30 5790805
1605460013, 1909, 3, 16, 0, 0, 0.05%, 0, 0, 8, 4296.03 30 5812997
1605460018, 1916, 10, 16, 0, 0, 0.05%, 0, 0, 8, 4290.67 30 5835135
1605460023, 1923, 15, 16, 0, 0, 0.05%, 0, 0, 8, 4327.84 30 5857333
1605460028, 1931, 3, 16, 0, 0, 0.05%, 0, 0, 8, 4254.64 30 5879253
1605460034, 1938, 4, 16, 0, 0, 0.05%, 0, 0, 8, 4271.00 30 5901269
1605460039, 1945, 3, 16, 0, 0, 0.05%, 0, 0, 8, 4317.62 30 5923733
1605460044, 1952, 4, 16, 0, 0, 0.05%, 0, 0, 8, 4241.06 30 5945573
1605460049, 1960, 3, 16, 0, 0, 0.05%, 0, 0, 8, 4283.51 30 5967931
1605460054, 1966, 10, 16, 0, 0, 0.05%, 0, 0, 8, 4340.21 30 5990354
1605460059, 1973, 3, 16, 0, 0, 0.05%, 0, 0, 8, 4257.41 30 6011453
1605460064, 1980, 4, 16, 0, 0, 0.05%, 0, 0, 8, 4280.50 30 6033485
1605460070, 1987, 5, 16, 0, 0, 0.05%, 0, 0, 8, 4331.11 30 6055781
1605460075, 1994, 4, 16, 0, 0, 0.05%, 0, 0, 8, 4267.11 30 6077856
1605460080, 2001, 10, 16, 0, 0, 0.05%, 0, 0, 8, 4277.88 30 6100157
1605460085, 2009, 4, 16, 0, 0, 0.05%, 0, 0, 8, 4311.78 30 6122573
1605460090, 2016, 0, 16, 0, 0, 0.05%, 0, 0, 8, 4273.43 30 6144589
1605460096, 2024, 0, 16, 0, 0, 0.05%, 0, 0, 8, 4280.90 30 6166835
1605460101, 2031, 3, 16, 0, 0, 0.05%, 0, 0, 8, 4353.56 30 6189438
1605460106, 2039, 4, 16, 0, 0, 0.05%, 0, 0, 8, 4270.35 30 6211469
1605460111, 2046, 10, 16, 0, 0, 0.05%, 0, 0, 8, 4290.24 30 6233613
1605460116, 2054, 3, 16, 0, 0, 0.05%, 0, 0, 8, 4346.53 30 6256154
1605460121, 2061, 10, 16, 0, 0, 0.05%, 0, 0, 8, 4267.86 30 6278226
1605460127, 2069, 3, 16, 0, 0, 0.05%, 0, 0, 8, 4302.14 30 6300413
1605460132, 2076, 10, 16, 0, 0, 0.05%, 0, 0, 8, 4341.41 30 6322938
1605460137, 2083, 10, 16, 0, 0, 0.05%, 0, 0, 8, 4246.42 30 6344957
1605460142, 2090, 10, 16, 0, 0, 0.05%, 0, 0, 8, 4293.88 30 6367005
1605460147, 2097, 10, 16, 0, 0, 0.05%, 0, 0, 8, 4284.64 30 6389043
1605460152, 2104, 4, 16, 0, 0, 0.05%, 0, 0, 8, 4347.34 30 6410892
1605460157, 2114, 10, 16, 0, 0, 0.05%, 0, 0, 8, 5540.44 30 6440076
1605460163, 2121, 4, 16, 0, 0, 0.05%, 0, 0, 8, 4375.73 30 6461173
1605460168, 2128, 10, 16, 0, 0, 0.05%, 0, 0, 8, 4155.13 30 6482261
1605460173, 2136, 4, 16, 0, 0, 0.05%, 0, 0, 8, 4102.32 30 6503288
1605460178, 2143, 10, 16, 0, 0, 0.05%, 0, 0, 8, 4099.93 30 6524421
1605460183, 2151, 4, 16, 0, 0, 0.05%, 0, 0, 8, 4163.73 30 6546053
1605460188, 2157, 12, 16, 0, 0, 0.05%, 0, 0, 8, 4128.34 30 6567376
1605460193, 2164, 10, 16, 0, 0, 0.05%, 0, 0, 8, 4167.36 30 6588909
1605460198, 2172, 4, 16, 0, 0, 0.05%, 0, 0, 8, 4185.37 30 6609869
1605460204, 2179, 10, 16, 0, 0, 0.05%, 0, 0, 8, 4188.35 30 6631245
1605460209, 2186, 0, 16, 0, 0, 0.05%, 0, 0, 8, 4169.15 30 6652917
1605460214, 2193, 3, 16, 0, 0, 0.05%, 0, 0, 8, 4151.69 30 6674448
1605460219, 2200, 3, 16, 0, 0, 0.05%, 0, 0, 8, 4175.95 30 6696169
1605460224, 2206, 4, 16, 0, 0, 0.05%, 0, 0, 8, 4207.20 30 6717986
1605460230, 2213, 10, 16, 0, 0, 0.05%, 0, 0, 8, 4203.19 30 6739701
1605460235, 2220, 5, 16, 0, 0, 0.05%, 0, 0, 8, 4195.06 30 6761391
1605460240, 2227, 10, 16, 0, 0, 0.05%, 0, 0, 8, 4143.52 30 6782837
1605460245, 2234, 4, 16, 0, 0, 0.05%, 0, 0, 8, 4154.06 30 6804316
1605460250, 2241, 4, 16, 0, 0, 0.05%, 0, 0, 8, 4156.64 30 6825781
1605460255, 2248, 0, 16, 0, 0, 0.05%, 0, 0, 8, 4240.15 30 6847733
1605460261, 2256, 3, 16, 0, 0, 0.05%, 0, 0, 8, 4161.42 30 6869157
1605460266, 2263, 3, 16, 0, 0, 0.05%, 0, 0, 8, 4242.19 30 6891170
1605460271, 2270, 4, 16, 0, 0, 0.05%, 0, 0, 8, 4252.29 30 6913163
1605460276, 2277, 0, 16, 0, 0, 0.05%, 0, 0, 8, 4179.61 30 6934605
1605460281, 2284, 4, 16, 0, 0, 0.05%, 0, 0, 8, 4253.35 30 6956730
1605460286, 2291, 15, 16, 0, 0, 0.05%, 0, 0, 8, 4241.41 30 6978794
1605460292, 2298, 10, 16, 0, 0, 0.05%, 0, 0, 8, 4262.01 30 7000879
1605460297, 2306, 4, 16, 0, 0, 0.05%, 0, 0, 8, 4241.27 30 7022949
1605460302, 2313, 5, 16, 0, 0, 0.05%, 0, 0, 8, 4259.70 30 7044997
1605460307, 2320, 10, 16, 0, 0, 0.05%, 0, 0, 8, 4239.78 30 7067082
1605460312, 2328, 10, 16, 0, 0, 0.05%, 0, 0, 8, 4283.46 30 7089194
1605460318, 2336, 4, 16, 0, 0, 0.05%, 0, 0, 8, 4283.70 30 7111493
1605460323, 2343, 13, 16, 0, 0, 0.05%, 0, 0, 8, 4278.31 30 7133717
1605460328, 2351, 3, 16, 0, 0, 0.05%, 0, 0, 8, 4270.24 30 7155781
1605460333, 2358, 4, 16, 0, 0, 0.05%, 0, 0, 8, 4245.80 30 7177941
1605460338, 2366, 3, 16, 0, 0, 0.05%, 0, 0, 8, 4257.83 30 7199867
1605460343, 2373, 10, 16, 0, 0, 0.05%, 0, 0, 8, 4254.04 30 7221909
1605460348, 2379, 13, 16, 0, 0, 0.05%, 0, 0, 8, 4257.47 30 7243162
1605460354, 2387, 4, 16, 0, 0, 0.05%, 0, 0, 8, 4275.19 30 7265333
1605460359, 2394, 4, 16, 0, 0, 0.05%, 0, 0, 8, 4143.10 30 7286698
1605460364, 2400, 15, 16, 0, 0, 0.05%, 0, 0, 8, 4158.88 30 7308188
1605460369, 2406, 10, 16, 0, 0, 0.05%, 0, 0, 8, 4154.38 30 7329669
1605460374, 2413, 12, 16, 0, 0, 0.05%, 0, 0, 8, 4193.67 30 7351365
1605460379, 2421, 0, 16, 0, 0, 0.05%, 0, 0, 8, 4220.05 30 7373029
1605460385, 2428, 5, 16, 0, 0, 0.05%, 0, 0, 8, 4228.46 30 7394990
1605460390, 2435, 10, 16, 0, 0, 0.05%, 0, 0, 8, 4284.32 30 7417098
1605460395, 2443, 4, 16, 0, 0, 0.05%, 0, 0, 8, 4309.19 30 7439413
1605460400, 2450, 5, 16, 0, 0, 0.05%, 0, 0, 8, 4259.97 30 7461595
1605460405, 2458, 3, 16, 0, 0, 0.05%, 0, 0, 8, 4258.65 30 7483589
1605460410, 2466, 3, 16, 0, 0, 0.05%, 0, 0, 8, 4229.17 30 7505566
1605460416, 2473, 10, 16, 0, 0, 0.05%, 0, 0, 8, 4249.95 30 7527602
1605460421, 2481, 1, 16, 0, 0, 0.05%, 0, 0, 8, 4309.24 30 7549804
1605460426, 2487, 3, 16, 0, 0, 0.05%, 0, 0, 8, 4242.89 30 7571581
1605460431, 2494, 6, 16, 0, 0, 0.05%, 0, 0, 8, 4269.46 30 7592984
1605460436, 2501, 0, 16, 0, 0, 0.05%, 0, 0, 8, 4242.93 30 7614981
1605460441, 2508, 15, 16, 0, 0, 0.05%, 0, 0, 8, 4205.82 30 7635930
1605460446, 2516, 4, 16, 0, 0, 0.05%, 0, 0, 8, 4128.26 30 7657312
1605460451, 2523, 4, 16, 0, 0, 0.05%, 0, 0, 8, 4202.80 30 7679212
1605460457, 2530, 4, 16, 0, 0, 0.05%, 0, 0, 8, 4187.00 30 7701037
1605460462, 2537, 3, 16, 0, 0, 0.05%, 0, 0, 8, 4255.19 30 7723133
1605460467, 2544, 10, 16, 0, 0, 0.05%, 0, 0, 8, 4308.65 30 7745370
1605460472, 2552, 3, 16, 0, 0, 0.05%, 0, 0, 8, 4191.56 30 7766919
1605460477, 2559, 10, 16, 0, 0, 0.05%, 0, 0, 8, 4248.73 30 7788782
1605460482, 2567, 13, 16, 0, 0, 0.05%, 0, 0, 8, 4301.40 30 7810965
1605460488, 2575, 4, 16, 0, 0, 0.05%, 0, 0, 8, 4145.01 30 7832207
1605460493, 2582, 6, 16, 0, 0, 0.05%, 0, 0, 8, 4138.29 30 7853413
1605460498, 2589, 10, 16, 0, 0, 0.05%, 0, 0, 8, 4144.20 30 7874912
1605460503, 2598, 3, 16, 0, 0, 0.05%, 0, 0, 8, 4758.33 30 7898531
1605460508, 2606, 4, 16, 0, 0, 0.05%, 0, 0, 8, 4386.88 30 7921550
1605460513, 2614, 3, 16, 0, 0, 0.05%, 0, 0, 8, 4921.74 30 7948012
1605460519, 2621, 10, 16, 0, 0, 0.05%, 0, 0, 8, 4272.64 30 7969200
1605460524, 2629, 4, 16, 0, 0, 0.05%, 0, 0, 8, 4161.50 30 7990623
1605460529, 2637, 5, 16, 0, 0, 0.05%, 0, 0, 8, 4141.13 30 8011797
1605460534, 2644, 10, 16, 0, 0, 0.05%, 0, 0, 8, 4234.39 30 8033678
1605460539, 2652, 10, 16, 0, 0, 0.05%, 0, 0, 8, 4299.51 30 8055775
1605460544, 2660, 3, 16, 0, 0, 0.05%, 0, 0, 8, 4190.00 30 8077404
1605460549, 2667, 3, 16, 0, 0, 0.05%, 0, 0, 8, 4127.35 30 8098517
1605460555, 2674, 6, 16, 0, 0, 0.05%, 0, 0, 8, 4119.55 30 8119832
1605460560, 2680, 10, 16, 0, 0, 0.05%, 0, 0, 8, 4105.74 30 8141109
1605460565, 2688, 3, 16, 0, 0, 0.05%, 0, 0, 8, 4163.32 30 8162447
1605460570, 2695, 3, 16, 0, 0, 0.05%, 0, 0, 8, 4238.72 30 8184638
1605460575, 2702, 4, 16, 0, 0, 0.05%, 0, 0, 8, 4235.61 30 8206850
1605460580, 2709, 10, 16, 0, 0, 0.05%, 0, 0, 8, 4139.74 30 8228210
1605460586, 2717, 4, 16, 0, 0, 0.05%, 0, 0, 8, 4116.84 30 8249322
1605460591, 2724, 5, 16, 0, 0, 0.05%, 0, 0, 8, 4114.90 30 8269960
1605460596, 2731, 10, 16, 0, 0, 0.05%, 0, 0, 8, 4125.84 30 8291266
1605460601, 2738, 4, 16, 0, 0, 0.05%, 0, 0, 8, 4117.00 30 8312284
1605460606, 2745, 4, 16, 0, 0, 0.05%, 0, 0, 8, 4119.13 30 8333605
1605460611, 2752, 4, 16, 0, 0, 0.05%, 0, 0, 8, 4135.18 30 8354954
1605460616, 2759, 3, 16, 0, 0, 0.05%, 0, 0, 8, 4149.75 30 8376495
1605460622, 2765, 5, 16, 0, 0, 0.05%, 0, 0, 8, 4127.07 30 8397768
1605460627, 2771, 15, 16, 0, 0, 0.05%, 0, 0, 8, 4119.22 30 8419158
1605460632, 2779, 4, 16, 0, 0, 0.05%, 0, 0, 8, 4247.11 30 8441037
1605460637, 2785, 10, 16, 0, 0, 0.05%, 0, 0, 8, 4297.39 30 8462565
1605460642, 2792, 4, 16, 0, 0, 0.05%, 0, 0, 8, 4179.74 30 8484165
1605460647, 2799, 10, 16, 0, 0, 0.05%, 0, 0, 8, 4186.59 30 8505535
1605460652, 2806, 10, 16, 0, 0, 0.05%, 0, 0, 8, 4291.06 30 8527542
1605460658, 2814, 4, 16, 0, 0, 0.05%, 0, 0, 8, 4267.10 30 8549413
1605460663, 2822, 0, 16, 0, 0, 0.05%, 0, 0, 8, 4345.32 30 8571989
1605460668, 2829, 6, 16, 0, 0, 0.05%, 0, 0, 8, 4216.83 30 8593790
1605460673, 2836, 4, 16, 0, 0, 0.05%, 0, 0, 8, 4185.98 30 8615541
1605460678, 2844, 4, 16, 0, 0, 0.05%, 0, 0, 8, 4214.56 30 8637269
1605460683, 2851, 6, 16, 0, 0, 0.05%, 0, 0, 8, 4286.84 30 8659397
1605460688, 2858, 10, 16, 0, 0, 0.05%, 0, 0, 8, 4331.96 30 8681045
1605460694, 2866, 10, 16, 0, 0, 0.05%, 0, 0, 8, 4293.63 30 8703276
1605460699, 2873, 12, 16, 0, 0, 0.05%, 0, 0, 8, 4210.14 30 8724285
1605460704, 2881, 10, 16, 0, 0, 0.05%, 0, 0, 8, 4174.72 30 8745981
1605460709, 2889, 3, 16, 0, 0, 0.05%, 0, 0, 8, 4248.83 30 8768013
1605460714, 2898, 3, 16, 0, 0, 0.05%, 0, 0, 8, 5187.34 30 8794405
1605460719, 2907, 3, 16, 0, 0, 0.05%, 0, 0, 8, 4571.15 30 8818846
1605460724, 2914, 4, 16, 0, 0, 0.05%, 0, 0, 8, 4174.85 30 8839967
1605460730, 2922, 4, 16, 0, 0, 0.05%, 0, 0, 8, 4102.25 30 8860933
1605460735, 2928, 5, 16, 0, 0, 0.05%, 0, 0, 8, 4066.31 30 8881224
1605460740, 2935, 10, 16, 0, 0, 0.05%, 0, 0, 8, 4066.91 30 8902258
1605460745, 2942, 14, 16, 0, 0, 0.05%, 0, 0, 8, 4109.97 30 8923344
1605460750, 2949, 4, 16, 0, 0, 0.05%, 0, 0, 8, 4119.65 30 8944485
1605460755, 2956, 10, 16, 0, 0, 0.05%, 0, 0, 8, 4109.10 30 8965754
1605460760, 2964, 3, 16, 0, 0, 0.05%, 0, 0, 8, 4115.55 30 8987048
1605460766, 2971, 10, 16, 0, 0, 0.05%, 0, 0, 8, 4104.25 30 9008254
1605460771, 2978, 10, 16, 0, 0, 0.05%, 0, 0, 8, 4128.25 30 9029632
1605460776, 2987, 3, 16, 0, 0, 0.05%, 0, 0, 8, 4230.42 30 9051573
1605460781, 2994, 10, 16, 0, 0, 0.05%, 0, 0, 8, 4153.82 30 9072869
1605460786, 3002, 3, 16, 0, 0, 0.05%, 0, 0, 8, 4187.51 30 9094485
1605460791, 3010, 4, 16, 0, 0, 0.05%, 0, 0, 8, 4218.61 30 9116378
1605460797, 3017, 5, 16, 0, 0, 0.05%, 0, 0, 8, 4268.13 30 9138392
1605460802, 3024, 10, 16, 0, 0, 0.05%, 0, 0, 8, 4294.34 30 9160323
1605460807, 3032, 10, 16, 0, 0, 0.05%, 0, 0, 8, 4257.32 30 9182141
1605460812, 3038, 10, 16, 0, 0, 0.05%, 0, 0, 8, 4268.38 30 9203532
1605460817, 3046, 10, 16, 0, 0, 0.05%, 0, 0, 8, 4198.95 30 9225293
1605460822, 3054, 3, 16, 0, 0, 0.05%, 0, 0, 8, 4204.66 30 9246893
1605460827, 3061, 6, 16, 0, 0, 0.05%, 0, 0, 8, 4243.74 30 9268989
1605460832, 3069, 0, 16, 0, 0, 0.05%, 0, 0, 8, 4231.47 30 9290717
1605460838, 3076, 10, 16, 0, 0, 0.05%, 0, 0, 8, 4261.52 30 9312676
1605460843, 3083, 15, 16, 0, 0, 0.05%, 0, 0, 8, 4275.15 30 9334821
1605460848, 3090, 15, 16, 0, 0, 0.05%, 0, 0, 8, 4253.05 30 9356611
1605460853, 3097, 10, 16, 0, 0, 0.05%, 0, 0, 8, 4263.61 30 9378736
1605460858, 3105, 5, 16, 0, 0, 0.05%, 0, 0, 8, 4247.04 30 9400704
1605460863, 3112, 5, 16, 0, 0, 0.05%, 0, 0, 8, 4274.05 30 9422832
1605460868, 3119, 0, 16, 0, 0, 0.05%, 0, 0, 8, 4293.38 30 9444245
1605460874, 3125, 5, 16, 0, 0, 0.05%, 0, 0, 8, 4151.53 30 9465535
1605460879, 3132, 10, 16, 0, 0, 0.05%, 0, 0, 8, 4181.60 30 9487045
1605460884, 3139, 5, 16, 0, 0, 0.05%, 0, 0, 8, 4152.24 30 9508464
1605460889, 3146, 10, 16, 0, 0, 0.05%, 0, 0, 8, 4169.25 30 9530080
1605460894, 3153, 4, 16, 0, 0, 0.05%, 0, 0, 8, 4254.84 30 9552040
1605460899, 3161, 4, 16, 0, 0, 0.05%, 0, 0, 8, 4309.17 30 9574252
1605460905, 3168, 10, 16, 0, 0, 0.05%, 0, 0, 8, 4165.34 30 9595669
1605460910, 3176, 10, 16, 0, 0, 0.05%, 0, 0, 8, 4125.47 30 9617068
1605460915, 3183, 3, 16, 0, 0, 0.05%, 0, 0, 8, 4159.40 30 9638453
1605460920, 3191, 0, 16, 0, 0, 0.05%, 0, 0, 8, 4190.29 30 9659993
1605460925, 3197, 14, 16, 0, 0, 0.05%, 0, 0, 8, 4264.10 30 9682234
1605460930, 3205, 3, 16, 0, 0, 0.05%, 0, 0, 8, 4323.73 30 9704628
1605460936, 3211, 10, 16, 0, 0, 0.05%, 0, 0, 8, 4220.36 30 9726498
1605460941, 3219, 2, 16, 0, 0, 0.05%, 0, 0, 8, 4284.21 30 9748653
1605460946, 3226, 10, 16, 0, 0, 0.05%, 0, 0, 8, 4309.20 30 9770948
1605460951, 3234, 3, 16, 0, 0, 0.05%, 0, 0, 8, 4230.60 30 9792938
1605460956, 3240, 11, 16, 0, 0, 0.05%, 0, 0, 8, 4153.20 30 9814269
1605460961, 3248, 4, 16, 0, 0, 0.05%, 0, 0, 8, 4208.95 30 9835578
1605460967, 3254, 10, 16, 0, 0, 0.05%, 0, 0, 8, 4131.51 30 9856909
1605460972, 3261, 5, 16, 0, 0, 0.05%, 0, 0, 8, 4253.72 30 9878934
1605460977, 3268, 10, 16, 0, 0, 0.05%, 0, 0, 8, 4300.06 30 9901117
1605460982, 3275, 4, 16, 0, 0, 0.05%, 0, 0, 8, 4240.96 30 9923250
1605460987, 3281, 10, 16, 0, 0, 0.05%, 0, 0, 8, 4135.40 30 9944340
1605460992, 3288, 15, 16, 0, 0, 0.05%, 0, 0, 8, 4135.27 30 9965936
1605460998, 3295, 8, 16, 0, 0, 0.05%, 0, 0, 8, 4153.25 30 9987407
1605461003, 3302, 10, 16, 0, 0, 0.05%, 0, 0, 8, 4129.45 30 10008780
1605461008, 3309, 4, 16, 0, 0, 0.05%, 0, 0, 8, 4133.40 30 10029509
1605461013, 3317, 4, 16, 0, 0, 0.05%, 0, 0, 8, 4134.58 30 10050762
1605461018, 3324, 4, 16, 0, 0, 0.05%, 0, 0, 8, 4132.78 30 10072245
1605461023, 3331, 10, 16, 0, 0, 0.05%, 0, 0, 8, 4262.00 30 10094277
1605461028, 3339, 10, 16, 0, 0, 0.05%, 0, 0, 8, 4303.79 30 10116336
1605461033, 3347, 10, 16, 0, 0, 0.05%, 0, 0, 8, 4262.29 30 10138363
1605461039, 3355, 3, 16, 0, 0, 0.05%, 0, 0, 8, 4141.24 30 10159445
1605461044, 3362, 3, 16, 0, 0, 0.05%, 0, 0, 8, 4136.81 30 10180796
1605461049, 3368, 4, 16, 0, 0, 0.05%, 0, 0, 8, 4128.09 30 10201893
1605461054, 3375, 11, 16, 0, 0, 0.05%, 0, 0, 8, 4128.80 30 10223212
1605461059, 3382, 10, 16, 0, 0, 0.05%, 0, 0, 8, 4110.08 30 10243708
1605461064, 3390, 5, 16, 0, 0, 0.05%, 0, 0, 8, 4183.56 30 10265372
1605461069, 3397, 10, 16, 0, 0, 0.05%, 0, 0, 8, 4261.74 30 10287317
1605461075, 3405, 4, 16, 0, 0, 0.05%, 0, 0, 8, 4337.30 30 10309708
1605461080, 3412, 10, 16, 0, 0, 0.05%, 0, 0, 8, 4249.01 30 10331637
1605461085, 3420, 3, 16, 0, 0, 0.05%, 0, 0, 8, 4268.35 30 10353867
1605461090, 3427, 11, 16, 0, 0, 0.05%, 0, 0, 8, 4344.57 30 10376392
1605461095, 3435, 10, 16, 0, 0, 0.05%, 0, 0, 8, 4207.50 30 10398101
1605461100, 3443, 5, 16, 0, 0, 0.05%, 0, 0, 8, 4207.93 30 10419706
1605461106, 3451, 3, 16, 0, 0, 0.05%, 0, 0, 8, 4258.20 30 10441861
1605461111, 3458, 10, 16, 0, 0, 0.05%, 0, 0, 8, 4334.62 30 10464342
1605461116, 3465, 10, 16, 0, 0, 0.05%, 0, 0, 8, 4193.07 30 10485853
1605461121, 3472, 0, 16, 0, 0, 0.05%, 0, 0, 8, 4120.77 30 10507200
1605461126, 3479, 10, 16, 0, 0, 0.05%, 0, 0, 8, 4136.26 30 10528613
1605461131, 3487, 3, 16, 0, 0, 0.05%, 0, 0, 8, 4140.34 30 10549733
1605461137, 3494, 5, 16, 0, 0, 0.05%, 0, 0, 8, 4230.79 30 10571458
1605461142, 3501, 3, 16, 0, 0, 0.05%, 0, 0, 8, 4301.09 30 10593781
1605461147, 3508, 10, 16, 0, 0, 0.05%, 0, 0, 8, 4338.20 30 10615554
1605461152, 3516, 5, 16, 0, 0, 0.05%, 0, 0, 8, 4366.48 30 10638341
1605461157, 3522, 10, 16, 0, 0, 0.05%, 0, 0, 8, 4214.36 30 10659250
1605461162, 3528, 11, 16, 0, 0, 0.05%, 0, 0, 8, 4223.64 30 10680902
1605461167, 3536, 15, 16, 0, 0, 0.05%, 0, 0, 8, 4293.25 30 10703063
1605461172, 3543, 10, 16, 0, 0, 0.05%, 0, 0, 8, 4334.59 30 10725341
1605461178, 3552, 10, 16, 0, 0, 0.05%, 0, 0, 8, 4379.21 30 10748229
1605461183, 3560, 5, 16, 0, 0, 0.05%, 0, 0, 8, 4231.63 30 10769930
1605461188, 3567, 10, 16, 0, 0, 0.05%, 0, 0, 8, 4193.39 30 10791461
1605461193, 3575, 3, 16, 0, 0, 0.05%, 0, 0, 8, 4233.72 30 10813093
1605461198, 3581, 4, 16, 0, 0, 0.05%, 0, 0, 8, 4307.32 30 10835186
1605461203, 3588, 10, 16, 0, 0, 0.05%, 0, 0, 8, 4343.48 30 10857621
1605461208, 3593, 15, 16, 0, 0, 0.05%, 0, 0, 8, 4351.30 30 10879292
1605461213, 3602, 3, 16, 0, 0, 0.05%, 0, 0, 8, 4988.79 30 10904469
1605461219, 3609, 4, 16, 0, 0, 0.05%, 0, 0, 8, 4452.23 30 10927029
1605461224, 3616, 4, 16, 0, 0, 0.05%, 0, 0, 8, 4230.13 30 10948786
1605461229, 3623, 10, 16, 0, 0, 0.05%, 0, 0, 8, 4262.56 30 10970667
1605461234, 3631, 3, 16, 0, 0, 0.05%, 0, 0, 8, 4353.22 30 10992965
1605461239, 3637, 10, 16, 0, 0, 0.05%, 0, 0, 8, 4312.32 30 11015157
1605461244, 3645, 3, 16, 0, 0, 0.05%, 0, 0, 8, 4384.77 30 11037941
1605461250, 3651, 10, 16, 0, 0, 0.05%, 0, 0, 8, 4405.61 30 11060805
1605461255, 3658, 4, 16, 0, 0, 0.05%, 0, 0, 8, 4235.36 30 11082565
1605461260, 3665, 4, 16, 0, 0, 0.05%, 0, 0, 8, 4234.21 30 11104181
1605461265, 3672, 10, 16, 0, 0, 0.05%, 0, 0, 8, 4312.62 30 11126366
1605461270, 3680, 4, 16, 0, 0, 0.05%, 0, 0, 8, 4297.01 30 11147893
1605461275, 3688, 10, 16, 0, 0, 0.05%, 0, 0, 8, 4377.01 30 11170700
1605461280, 3695, 10, 16, 0, 0, 0.05%, 0, 0, 8, 4268.86 30 11192733
1605461286, 3703, 3, 16, 0, 0, 0.05%, 0, 0, 8, 4154.03 30 11214132
1605461291, 3710, 3, 16, 0, 0, 0.05%, 0, 0, 8, 4134.20 30 11235389
1605461296, 3718, 0, 16, 0, 0, 0.05%, 0, 0, 8, 4226.73 30 11257374
1605461301, 3725, 7, 16, 0, 0, 0.05%, 0, 0, 8, 4289.21 30 11279773
1605461306, 3733, 5, 16, 0, 0, 0.05%, 0, 0, 8, 4356.21 30 11302221
1605461311, 3741, 4, 16, 0, 0, 0.05%, 0, 0, 8, 4275.74 30 11324461
1605461317, 3748, 10, 16, 0, 0, 0.05%, 0, 0, 8, 4190.52 30 11345816
1605461322, 3758, 13, 16, 0, 0, 0.05%, 0, 0, 8, 5567.44 30 11375586
1605461327, 3770, 0, 16, 0, 0, 0.05%, 0, 0, 8, 5913.69 30 11406693
1605461332, 3779, 4, 16, 0, 0, 0.05%, 0, 0, 8, 5981.21 30 11437812
1605461337, 3790, 15, 16, 0, 0, 0.05%, 0, 0, 8, 6005.29 30 11468806
1605461342, 3800, 4, 16, 0, 0, 0.05%, 0, 0, 8, 6012.81 30 11499781
1605461347, 3810, 5, 16, 0, 0, 0.05%, 0, 0, 8, 6004.23 30 11529814
1605461352, 3820, 4, 16, 0, 0, 0.05%, 0, 0, 8, 6005.40 30 11559878
1605461358, 3830, 4, 16, 0, 0, 0.05%, 0, 0, 8, 6005.53 30 11590805
1605461363, 3839, 10, 16, 0, 0, 0.05%, 0, 0, 8, 6006.61 30 11621709
1605461368, 3850, 3, 16, 0, 0, 0.05%, 0, 0, 8, 6001.51 30 11652525
1605461373, 3861, 3, 16, 0, 0, 0.05%, 0, 0, 8, 5996.88 30 11683340
1605461378, 3871, 3, 16, 0, 0, 0.05%, 0, 0, 8, 5997.40 30 11714549
1605461383, 3881, 3, 16, 0, 0, 0.05%, 0, 0, 8, 5990.03 30 11745500
1605461389, 3891, 10, 16, 0, 0, 0.05%, 0, 0, 8, 5977.04 30 11776269
1605461394, 3901, 10, 16, 0, 0, 0.05%, 0, 0, 8, 6002.88 30 11807054
1605461399, 3911, 10, 16, 0, 0, 0.05%, 0, 0, 8, 6011.64 30 11837933
1605461404, 3922, 3, 16, 0, 0, 0.05%, 0, 0, 8, 6006.29 30 11868845
1605461409, 3931, 10, 16, 0, 0, 0.05%, 0, 0, 8, 6009.90 30 11899741
1605461414, 3941, 10, 16, 0, 0, 0.05%, 0, 0, 8, 6010.06 30 11930902
1605461419, 3951, 4, 16, 0, 0, 0.05%, 0, 0, 8, 5995.03 30 11961853
1605461425, 3961, 4, 16, 0, 0, 0.05%, 0, 0, 8, 6007.94 30 11992677
1605461430, 3972, 3, 16, 0, 0, 0.05%, 0, 0, 8, 6025.54 30 12023557
1605461435, 3981, 15, 16, 0, 0, 0.05%, 0, 0, 8, 6014.64 30 12054558
1605461440, 3991, 4, 16, 0, 0, 0.05%, 0, 0, 8, 6003.15 30 12085621
1605461445, 4001, 3, 16, 0, 0, 0.05%, 0, 0, 8, 5997.30 30 12116709
1605461450, 4011, 3, 16, 0, 0, 0.05%, 0, 0, 8, 5530.29 30 12145621
1605461455, 4018, 3, 16, 0, 0, 0.05%, 0, 0, 8, 4349.68 30 12166661
1605461461, 4025, 1, 16, 0, 0, 0.05%, 0, 0, 8, 4118.80 30 12187485
1605461466, 4031, 10, 16, 0, 0, 0.05%, 0, 0, 8, 4124.57 30 12208132
1605461471, 4038, 5, 16, 0, 0, 0.05%, 0, 0, 8, 4078.77 30 12229247
1605461476, 4046, 3, 16, 0, 0, 0.05%, 0, 0, 8, 4071.21 30 12250240
1605461481, 4052, 4, 16, 0, 0, 0.05%, 0, 0, 8, 4107.36 30 12271618
1605461486, 4059, 10, 16, 0, 0, 0.05%, 0, 0, 8, 4120.36 30 12292925
1605461492, 4065, 10, 16, 0, 0, 0.05%, 0, 0, 8, 4118.60 30 12314370
1605461497, 4073, 7, 16, 0, 0, 0.05%, 0, 0, 8, 4122.92 30 12335728
1605461502, 4080, 4, 16, 0, 0, 0.05%, 0, 0, 8, 4122.85 30 12356978
1605461507, 4088, 3, 16, 0, 0, 0.05%, 0, 0, 8, 4121.59 30 12378404
1605461512, 4094, 10, 16, 0, 0, 0.05%, 0, 0, 8, 4107.56 30 12399666
1605461517, 4101, 10, 16, 0, 0, 0.05%, 0, 0, 8, 4129.46 30 12420968
1605461523, 4109, 10, 16, 0, 0, 0.05%, 0, 0, 8, 4120.70 30 12442176
1605461528, 4117, 4, 16, 0, 0, 0.05%, 0, 0, 8, 4140.70 30 12463692
1605461533, 4124, 5, 16, 0, 0, 0.05%, 0, 0, 8, 4141.98 30 12485064
1605461538, 4131, 10, 16, 0, 0, 0.05%, 0, 0, 8, 4152.80 30 12506653
1605461543, 4139, 0, 16, 0, 0, 0.05%, 0, 0, 8, 4123.00 30 12527285
1605461548, 4146, 13, 16, 0, 0, 0.05%, 0, 0, 8, 4227.17 30 12549325
1605461553, 4153, 10, 16, 0, 0, 0.05%, 0, 0, 8, 4235.79 30 12571333
1605461558, 4160, 11, 16, 0, 0, 0.05%, 0, 0, 8, 4210.62 30 12592266
1605461564, 4168, 3, 16, 0, 0, 0.05%, 0, 0, 8, 4257.16 30 12614336
1605461569, 4175, 10, 16, 0, 0, 0.05%, 0, 0, 8, 4233.23 30 12635590
1605461574, 4181, 3, 16, 0, 0, 0.05%, 0, 0, 8, 4245.69 30 12657350
1605461579, 4188, 15, 16, 0, 0, 0.05%, 0, 0, 8, 4271.38 30 12679539
1605461584, 4195, 10, 16, 0, 0, 0.05%, 0, 0, 8, 4227.11 30 12701285
1605461589, 4202, 4, 16, 0, 0, 0.05%, 0, 0, 8, 4258.48 30 12723445
1605461594, 4209, 10, 16, 0, 0, 0.05%, 0, 0, 8, 4228.01 30 12745382
1605461600, 4216, 11, 16, 0, 0, 0.05%, 0, 0, 8, 4278.21 30 12767605
1605461605, 4223, 15, 16, 0, 0, 0.05%, 0, 0, 8, 4289.65 30 12789675
1605461610, 4231, 4, 16, 0, 0, 0.05%, 0, 0, 8, 4240.57 30 12811346
1605461615, 4237, 5, 16, 0, 0, 0.05%, 0, 0, 8, 4270.66 30 12833547
1605461620, 4244, 10, 16, 0, 0, 0.05%, 0, 0, 8, 4217.67 30 12855442
1605461625, 4251, 10, 16, 0, 0, 0.05%, 0, 0, 8, 4220.18 30 12877141
1605461631, 4260, 3, 16, 0, 0, 0.05%, 0, 0, 8, 4260.16 30 12899317
1605461636, 4268, 3, 16, 0, 0, 0.05%, 0, 0, 8, 4223.93 30 12921214
1605461641, 4275, 3, 16, 0, 0, 0.05%, 0, 0, 8, 4240.50 30 12943189
1605461646, 4281, 10, 16, 0, 0, 0.05%, 0, 0, 8, 4274.70 30 12965421
1605461651, 4289, 2, 16, 0, 0, 0.05%, 0, 0, 8, 4235.88 30 12986653
1605461656, 4296, 9, 16, 0, 0, 0.05%, 0, 0, 8, 4300.26 30 13008723
1605461661, 4303, 10, 16, 0, 0, 0.05%, 0, 0, 8, 4301.09 30 13030883
1605461667, 4311, 10, 16, 0, 0, 0.05%, 0, 0, 8, 4250.47 30 13053053
1605461672, 4318, 4, 16, 0, 0, 0.05%, 0, 0, 8, 4275.70 30 13075198
1605461677, 4325, 10, 16, 0, 0, 0.05%, 0, 0, 8, 4284.86 30 13097484
1605461682, 4334, 0, 16, 0, 0, 0.05%, 0, 0, 8, 4277.53 30 13119789
1605461687, 4340, 10, 16, 0, 0, 0.05%, 0, 0, 8, 4223.02 30 13141565
1605461693, 4349, 4, 16, 0, 0, 0.05%, 0, 0, 8, 4296.84 30 13163709
1605461698, 4357, 0, 16, 0, 0, 0.05%, 0, 0, 8, 4291.21 30 13185805
1605461703, 4364, 0, 16, 0, 0, 0.05%, 0, 0, 8, 4260.16 30 13208069
1605461708, 4371, 10, 16, 0, 0, 0.05%, 0, 0, 8, 4188.93 30 13229701
1605461713, 4377, 2, 16, 0, 0, 0.05%, 0, 0, 8, 4240.37 30 13250974
1605461718, 4383, 10, 16, 0, 0, 0.05%, 0, 0, 8, 4282.39 30 13272549
1605461723, 4390, 3, 16, 0, 0, 0.05%, 0, 0, 8, 4341.88 30 13294981
1605461728, 4397, 10, 16, 0, 0, 0.05%, 0, 0, 8, 4231.48 30 13316586
1605461733, 4404, 10, 16, 0, 0, 0.05%, 0, 0, 8, 4290.59 30 13338092
1605461739, 4412, 4, 16, 0, 0, 0.05%, 0, 0, 8, 4293.57 30 13360264
1605461744, 4420, 3, 16, 0, 0, 0.05%, 0, 0, 8, 4261.14 30 13382445
1605461749, 4428, 3, 16, 0, 0, 0.05%, 0, 0, 8, 4189.81 30 13403940
1605461754, 4435, 10, 16, 0, 0, 0.05%, 0, 0, 8, 4246.23 30 13425917
1605461759, 4443, 0, 16, 0, 0, 0.05%, 0, 0, 8, 4277.10 30 13448077
1605461764, 4450, 3, 16, 0, 0, 0.05%, 0, 0, 8, 4334.61 30 13470570
1605461770, 4457, 6, 16, 0, 0, 0.05%, 0, 0, 8, 4247.22 30 13492237
1605461775, 4464, 10, 16, 0, 0, 0.05%, 0, 0, 8, 4301.71 30 13514432
1605461780, 4472, 0, 16, 0, 0, 0.05%, 0, 0, 8, 4306.09 30 13536686
1605461785, 4479, 5, 16, 0, 0, 0.05%, 0, 0, 8, 4260.73 30 13558792
1605461790, 4486, 11, 16, 0, 0, 0.05%, 0, 0, 8, 4148.32 30 13580191
1605461795, 4494, 4, 16, 0, 0, 0.05%, 0, 0, 8, 4166.29 30 13601839
1605461801, 4501, 0, 16, 0, 0, 0.05%, 0, 0, 8, 4151.61 30 13623269
1605461806, 4508, 5, 16, 0, 0, 0.05%, 0, 0, 8, 4256.08 30 13645445
1605461811, 4516, 10, 16, 0, 0, 0.05%, 0, 0, 8, 4324.30 30 13667804
1605461816, 4523, 7, 16, 0, 0, 0.05%, 0, 0, 8, 4244.78 30 13689501
1605461821, 4531, 8, 16, 0, 0, 0.05%, 0, 0, 8, 4277.69 30 13711629
1605461827, 4539, 4, 16, 0, 0, 0.05%, 0, 0, 8, 4289.26 30 13733955
1605461832, 4547, 10, 16, 0, 0, 0.05%, 0, 0, 8, 4259.04 30 13755811
1605461837, 4555, 4, 16, 0, 0, 0.05%, 0, 0, 8, 4302.52 30 13778100
1605461842, 4563, 10, 16, 0, 0, 0.05%, 0, 0, 8, 4350.48 30 13800522
1605461847, 4570, 10, 16, 0, 0, 0.05%, 0, 0, 8, 4228.66 30 13822301
1605461852, 4578, 3, 16, 0, 0, 0.05%, 0, 0, 8, 4169.18 30 13843652
1605461857, 4585, 0, 16, 0, 0, 0.05%, 0, 0, 8, 4130.49 30 13864944
1605461863, 4592, 4, 16, 0, 0, 0.05%, 0, 0, 8, 4192.91 30 13886593
1605461868, 4599, 12, 16, 0, 0, 0.05%, 0, 0, 8, 4169.09 30 13908352
1605461873, 4607, 3, 16, 0, 0, 0.05%, 0, 0, 8, 4143.67 30 13929844
1605461878, 4615, 3, 16, 0, 0, 0.05%, 0, 0, 8, 4293.26 30 13952104
1605461883, 4621, 15, 16, 0, 0, 0.05%, 0, 0, 8, 4324.83 30 13974482
1605461889, 4629, 4, 16, 0, 0, 0.05%, 0, 0, 8, 4398.44 30 13997293
1605461894, 4636, 10, 16, 0, 0, 0.05%, 0, 0, 8, 4364.13 30 14019868
1605461899, 4644, 0, 16, 0, 0, 0.05%, 0, 0, 8, 4340.17 30 14042212
1605461904, 4651, 5, 16, 0, 0, 0.05%, 0, 0, 8, 4401.35 30 14065068
1605461909, 4659, 10, 16, 0, 0, 0.05%, 0, 0, 8, 4443.63 30 14087406
1605461914, 4667, 4, 16, 0, 0, 0.05%, 0, 0, 8, 4453.13 30 14110381
1605461919, 4675, 10, 16, 0, 0, 0.05%, 0, 0, 8, 4422.61 30 14133230
1605461925, 4683, 3, 16, 0, 0, 0.05%, 0, 0, 8, 4220.78 30 14154821
1605461930, 4690, 4, 16, 0, 0, 0.05%, 0, 0, 8, 4170.35 30 14176372
1605461935, 4697, 9, 16, 0, 0, 0.05%, 0, 0, 8, 4144.83 30 14197773
1605461940, 4704, 3, 16, 0, 0, 0.05%, 0, 0, 8, 4233.29 30 14219885
1605461945, 4711, 10, 16, 0, 0, 0.05%, 0, 0, 8, 4303.09 30 14241517
1605461950, 4719, 4, 16, 0, 0, 0.05%, 0, 0, 8, 4186.10 30 14263181
1605461955, 4728, 10, 16, 0, 0, 0.05%, 0, 0, 8, 5293.15 30 14289909
1605461961, 4738, 3, 16, 0, 0, 0.05%, 0, 0, 8, 5871.27 30 14320885
1605461966, 4749, 3, 16, 0, 0, 0.05%, 0, 0, 8, 5986.28 30 14351877
1605461971, 4759, 6, 16, 0, 0, 0.05%, 0, 0, 8, 6021.55 30 14382637
1605461976, 4768, 10, 16, 0, 0, 0.05%, 0, 0, 8, 6022.95 30 14413598
1605461981, 4778, 2, 16, 0, 0, 0.05%, 0, 0, 8, 6025.43 30 14444494
1605461986, 4787, 10, 16, 0, 0, 0.05%, 0, 0, 8, 6016.57 30 14475669
1605461991, 4798, 8, 16, 0, 0, 0.05%, 0, 0, 8, 6012.82 30 14506734
1605461997, 4807, 0, 16, 0, 0, 0.05%, 0, 0, 8, 6009.93 30 14537549
1605462002, 4818, 0, 16, 0, 0, 0.05%, 0, 0, 8, 6016.55 30 14568358
1605462007, 4828, 0, 16, 0, 0, 0.05%, 0, 0, 8, 6031.80 30 14599325
1605462012, 4838, 10, 16, 0, 0, 0.05%, 0, 0, 8, 6022.69 30 14630350
1605462017, 4850, 2, 16, 0, 0, 0.05%, 0, 0, 8, 6018.76 30 14661398
1605462022, 4859, 3, 16, 0, 0, 0.05%, 0, 0, 8, 6021.58 30 14692317
1605462027, 4868, 10, 16, 0, 0, 0.05%, 0, 0, 8, 6021.54 30 14723021
1605462032, 4878, 10, 16, 0, 0, 0.05%, 0, 0, 8, 6027.55 30 14754157
1605462038, 4889, 4, 16, 0, 0, 0.05%, 0, 0, 8, 6029.42 30 14785437
1605462043, 4899, 4, 16, 0, 0, 0.05%, 0, 0, 8, 6020.35 30 14816589
1605462048, 4910, 4, 16, 0, 0, 0.05%, 0, 0, 8, 6037.74 30 14847541
1605462053, 4921, 3, 16, 0, 0, 0.05%, 0, 0, 8, 6036.58 30 14878933
1605462058, 4932, 5, 16, 0, 0, 0.05%, 0, 0, 8, 6061.11 30 14910568
1605462064, 4942, 2, 16, 0, 0, 0.05%, 0, 0, 8, 6046.39 30 14941925
1605462069, 4952, 5, 16, 0, 0, 0.05%, 0, 0, 8, 6038.02 30 14973014
1605462074, 4962, 3, 16, 0, 0, 0.05%, 0, 0, 8, 6042.35 30 15004029
1605462079, 4972, 5, 16, 0, 0, 0.05%, 0, 0, 8, 6020.48 30 15035214
1605462084, 4983, 0, 16, 0, 0, 0.05%, 0, 0, 8, 6016.88 30 15066102
1605462089, 4992, 10, 16, 0, 0, 0.05%, 0, 0, 8, 6009.06 30 15097053
1605462094, 5001, 12, 16, 0, 0, 0.05%, 0, 0, 8, 6012.75 30 15127878
1605462100, 5011, 10, 16, 0, 0, 0.05%, 0, 0, 8, 6010.27 30 15158693
1605462105, 5022, 0, 16, 0, 0, 0.05%, 0, 0, 8, 6019.90 30 15189798
1605462110, 5032, 10, 16, 0, 0, 0.05%, 0, 0, 8, 6018.03 30 15220718
1605462115, 5043, 10, 16, 0, 0, 0.05%, 0, 0, 8, 6018.59 30 15251590
1605462120, 5053, 10, 16, 0, 0, 0.05%, 0, 0, 8, 6009.70 30 15282566
1605462125, 5063, 11, 16, 0, 0, 0.05%, 0, 0, 8, 6008.87 30 15313541
1605462130, 5074, 5, 16, 0, 0, 0.05%, 0, 0, 8, 5951.57 30 15343994
1605462136, 5084, 4, 16, 0, 0, 0.05%, 0, 0, 8, 6001.30 30 15374909
1605462141, 5093, 11, 16, 0, 0, 0.05%, 0, 0, 8, 6014.62 30 15405853
1605462146, 5104, 4, 16, 0, 0, 0.05%, 0, 0, 8, 6027.42 30 15436741
1605462151, 5114, 15, 16, 0, 0, 0.05%, 0, 0, 8, 6018.22 30 15467853
1605462156, 5124, 13, 16, 0, 0, 0.05%, 0, 0, 8, 6031.16 30 15498694
1605462161, 5135, 4, 16, 0, 0, 0.05%, 0, 0, 8, 6024.12 30 15529845
1605462166, 5145, 8, 16, 0, 0, 0.05%, 0, 0, 8, 6025.18 30 15561062
1605462172, 5156, 4, 16, 0, 0, 0.05%, 0, 0, 8, 6020.45 30 15591965
1605462177, 5166, 10, 16, 0, 0, 0.05%, 0, 0, 8, 6023.92 30 15623133
1605462182, 5176, 10, 16, 0, 0, 0.05%, 0, 0, 8, 6019.15 30 15654253
1605462187, 5187, 3, 16, 0, 0, 0.05%, 0, 0, 8, 6026.88 30 15685069
1605462192, 5197, 3, 16, 0, 0, 0.05%, 0, 0, 8, 6023.22 30 15715853
1605462197, 5207, 10, 16, 0, 0, 0.05%, 0, 0, 8, 6014.53 30 15746798
1605462202, 5218, 10, 16, 0, 0, 0.05%, 0, 0, 8, 6017.03 30 15777837
1605462208, 5227, 10, 16, 0, 0, 0.05%, 0, 0, 8, 6016.11 30 15808541
1605462213, 5237, 10, 16, 0, 0, 0.05%, 0, 0, 8, 6017.93 30 15839445
1605462218, 5248, 3, 16, 0, 0, 0.05%, 0, 0, 8, 6015.65 30 15869590
1605462223, 5259, 0, 16, 0, 0, 0.05%, 0, 0, 8, 6019.55 30 15900510
1605462228, 5270, 10, 16, 0, 0, 0.05%, 0, 0, 8, 6016.30 30 15931573
1605462233, 5281, 5, 16, 0, 0, 0.05%, 0, 0, 8, 6026.76 30 15962918
1605462238, 5290, 10, 16, 0, 0, 0.05%, 0, 0, 8, 6013.49 30 15993741
1605462244, 5301, 10, 16, 0, 0, 0.05%, 0, 0, 8, 6017.85 30 16024654
1605462249, 5311, 0, 16, 0, 0, 0.05%, 0, 0, 8, 6009.44 30 16055534
1605462254, 5321, 0, 16, 0, 0, 0.05%, 0, 0, 8, 6008.57 30 16086549
1605462259, 5332, 5, 16, 0, 0, 0.05%, 0, 0, 8, 6017.79 30 16117445
1605462264, 5341, 15, 16, 0, 0, 0.05%, 0, 0, 8, 6020.63 30 16148421
1605462269, 5352, 4, 16, 0, 0, 0.05%, 0, 0, 8, 6013.83 30 16179445
1605462274, 5362, 4, 16, 0, 0, 0.05%, 0, 0, 8, 6016.16 30 16210414
1605462280, 5372, 10, 16, 0, 0, 0.05%, 0, 0, 8, 6011.79 30 16241414
1605462285, 5382, 4, 16, 0, 0, 0.05%, 0, 0, 8, 6017.93 30 16272437
1605462290, 5391, 5, 16, 0, 0, 0.05%, 0, 0, 8, 6010.01 30 16303373
1605462295, 5401, 10, 16, 0, 0, 0.05%, 0, 0, 8, 6005.36 30 16334029
1605462300, 5411, 14, 16, 0, 0, 0.05%, 0, 0, 8, 6007.41 30 16364157
1605462305, 5422, 3, 16, 0, 0, 0.05%, 0, 0, 8, 6015.88 30 16394910
1605462310, 5432, 6, 16, 0, 0, 0.05%, 0, 0, 8, 6011.24 30 16425694
1605462315, 5442, 10, 16, 0, 0, 0.05%, 0, 0, 8, 6014.06 30 16456469
1605462320, 5452, 3, 16, 0, 0, 0.05%, 0, 0, 8, 6012.59 30 16487229
1605462326, 5462, 10, 16, 0, 0, 0.05%, 0, 0, 8, 6018.88 30 16517917
1605462331, 5474, 3, 16, 0, 0, 0.05%, 0, 0, 8, 6019.97 30 16549085
1605462336, 5484, 2, 16, 0, 0, 0.05%, 0, 0, 8, 6023.37 30 16580150
1605462341, 5494, 10, 16, 0, 0, 0.05%, 0, 0, 8, 6020.63 30 16611238
1605462346, 5505, 4, 16, 0, 0, 0.05%, 0, 0, 8, 6008.83 30 16642413
1605462351, 5516, 0, 16, 0, 0, 0.05%, 0, 0, 8, 6021.32 30 16673277
1605462356, 5526, 10, 16, 0, 0, 0.05%, 0, 0, 8, 6019.28 30 16703381
1605462361, 5537, 10, 16, 0, 0, 0.05%, 0, 0, 8, 6015.55 30 16734277
1605462367, 5549, 0, 16, 0, 0, 0.05%, 0, 0, 8, 6020.29 30 16765390
1605462372, 5559, 3, 16, 0, 0, 0.05%, 0, 0, 8, 6020.67 30 16796213
1605462377, 5569, 10, 16, 0, 0, 0.05%, 0, 0, 8, 6024.12 30 16827029
1605462382, 5581, 3, 16, 0, 0, 0.05%, 0, 0, 8, 6024.79 30 16858109
1605462387, 5591, 4, 16, 0, 0, 0.05%, 0, 0, 8, 6022.32 30 16888942
1605462392, 5601, 3, 16, 0, 0, 0.05%, 0, 0, 8, 6018.40 30 16920094
1605462397, 5612, 0, 16, 0, 0, 0.05%, 0, 0, 8, 6018.90 30 16951078
1605462403, 5622, 12, 16, 0, 0, 0.05%, 0, 0, 8, 6027.49 30 16982286
1605462408, 5633, 4, 16, 0, 0, 0.05%, 0, 0, 8, 6024.50 30 17013654
1605462413, 5643, 6, 16, 0, 0, 0.05%, 0, 0, 8, 6033.51 30 17044653
1605462418, 5653, 10, 16, 0, 0, 0.05%, 0, 0, 8, 6039.41 30 17075910
1605462423, 5664, 10, 16, 0, 0, 0.05%, 0, 0, 8, 6051.43 30 17107069
1605462428, 5674, 8, 16, 0, 0, 0.05%, 0, 0, 8, 6047.56 30 17138205
1605462434, 5683, 10, 16, 0, 0, 0.05%, 0, 0, 8, 6031.41 30 17169165
1605462439, 5692, 10, 16, 0, 0, 0.05%, 0, 0, 8, 6025.80 30 17200333
1605462444, 5702, 3, 16, 0, 0, 0.05%, 0, 0, 8, 6016.71 30 17231358
1605462449, 5712, 15, 16, 0, 0, 0.05%, 0, 0, 8, 6016.65 30 17262382
1605462454, 5723, 3, 16, 0, 0, 0.05%, 0, 0, 8, 6009.44 30 17293293
1605462459, 5732, 6, 16, 0, 0, 0.05%, 0, 0, 8, 6009.77 30 17324102
1605462464, 5741, 10, 16, 0, 0, 0.05%, 0, 0, 8, 6016.06 30 17354718
1605462470, 5751, 5, 16, 0, 0, 0.05%, 0, 0, 8, 6011.23 30 17385750
1605462475, 5761, 10, 16, 0, 0, 0.05%, 0, 0, 8, 6015.66 30 17416893
1605462480, 5772, 10, 16, 0, 0, 0.05%, 0, 0, 8, 6022.49 30 17448125
1605462485, 5784, 4, 16, 0, 0, 0.05%, 0, 0, 8, 6022.64 30 17479118
1605462490, 5794, 10, 16, 0, 0, 0.05%, 0, 0, 8, 6014.77 30 17510125
1605462495, 5804, 4, 16, 0, 0, 0.05%, 0, 0, 8, 6012.12 30 17540861
1605462500, 5813, 10, 16, 0, 0, 0.05%, 0, 0, 8, 6020.01 30 17571565
1605462506, 5824, 3, 16, 0, 0, 0.05%, 0, 0, 8, 6012.02 30 17602470
1605462511, 5833, 10, 16, 0, 0, 0.05%, 0, 0, 8, 6010.21 30 17633405
1605462516, 5844, 10, 16, 0, 0, 0.05%, 0, 0, 8, 6017.93 30 17664454
1605462521, 5855, 0, 16, 0, 0, 0.05%, 0, 0, 8, 6025.42 30 17695518
1605462526, 5865, 10, 16, 0, 0, 0.05%, 0, 0, 8, 6005.66 30 17726150
1605462531, 5875, 10, 16, 0, 0, 0.05%, 0, 0, 8, 5977.70 30 17756867
1605462537, 5886, 10, 16, 0, 0, 0.05%, 0, 0, 8, 6014.81 30 17787981
1605462542, 5896, 4, 16, 0, 0, 0.05%, 0, 0, 8, 6008.87 30 17818877
1605462547, 5908, 3, 16, 0, 0, 0.05%, 0, 0, 8, 6017.88 30 17849949
1605462552, 5918, 10, 16, 0, 0, 0.05%, 0, 0, 8, 6015.77 30 17880806
1605462557, 5929, 10, 16, 0, 0, 0.05%, 0, 0, 8, 6021.69 30 17911902
1605462562, 5940, 3, 16, 0, 0, 0.05%, 0, 0, 8, 6007.07 30 17942853
1605462567, 5951, 2, 16, 0, 0, 0.05%, 0, 0, 8, 6012.42 30 17973813
1605462573, 5959, 4, 16, 0, 0, 0.05%, 0, 0, 8, 6024.70 30 18004693
1605462578, 5970, 4, 16, 0, 0, 0.05%, 0, 0, 8, 6028.39 30 18035750
1605462583, 5979, 10, 16, 0, 0, 0.05%, 0, 0, 8, 6026.26 30 18066837
1605462588, 5990, 4, 16, 0, 0, 0.05%, 0, 0, 8, 6014.22 30 18097998
1605462593, 6000, 15, 16, 0, 0, 0.05%, 0, 0, 8, 6029.74 30 18129045
1605462598, 6012, 5, 16, 0, 0, 0.05%, 0, 0, 8, 6030.40 30 18160190
1605462603, 6022, 8, 16, 0, 0, 0.05%, 0, 0, 8, 6030.47 30 18191253
1605462609, 6032, 12, 16, 0, 0, 0.05%, 0, 0, 8, 6027.51 30 18222101
1605462614, 6042, 17, 18, 2, 0, 0.05%, 0, 0, 9, 6021.54 30 18253113
1605462619, 6048, 4, 18, 1, 0, 0.05%, 0, 0, 9, 6004.53 30 18283881
1605462624, 6054, 17, 18, 1, 0, 0.05%, 0, 0, 9, 6016.48 30 18314913
1605462629, 6058, 0, 19, 1, 0, 0.05%, 0, 0, 10, 6000.01 30 18344971
1605462634, 6061, 18, 20, 2, 0, 0.05%, 0, 0, 11, 5971.91 30 18376030
1605462639, 6065, 17, 20, 1, 0, 0.05%, 0, 0, 11, 6010.73 30 18407299
1605462645, 6067, 19, 22, 3, 0, 0.05%, 0, 0, 12, 5971.37 30 18438274
1605462650, 6069, 0, 23, 2, 0, 0.05%, 0, 0, 12, 5959.10 30 18469274
1605462655, 6069, 22, 25, 4, 0, 0.05%, 0, 0, 13, 5933.54 30 18499499
1605462660, 6069, 24, 25, 2, 0, 0.05%, 0, 0, 13, 5886.84 30 18529789
1605462665, 6070, 22, 25, 0, 0, 0.05%, 0, 0, 13, 5940.85 30 18560125
1605462670, 6074, 20, 25, 0, 0, 0.05%, 0, 0, 13, 5985.22 30 18590431
1605462675, 6081, 0, 25, 0, 0, 0.05%, 0, 0, 13, 5988.73 30 18621512
1605462681, 6087, 20, 25, 0, 0, 0.05%, 0, 0, 13, 5995.38 30 18652479
1605462686, 6093, 5, 25, 0, 0, 0.05%, 0, 0, 13, 5991.99 30 18683231
1605462691, 6097, 19, 25, 0, 0, 0.05%, 0, 0, 13, 5984.05 30 18714047
1605462696, 6103, 6, 25, 0, 0, 0.05%, 0, 0, 13, 5995.62 30 18744143
1605462701, 6105, 18, 25, 0, 0, 0.05%, 0, 0, 13, 5982.45 30 18774040
1605462706, 6111, 21, 25, 0, 0, 0.05%, 0, 0, 13, 5982.36 30 18804040
1605462711, 6115, 19, 25, 0, 0, 0.05%, 0, 0, 13, 5978.29 30 18835190
1605462716, 6121, 3, 25, 0, 0, 0.05%, 0, 0, 13, 6001.35 30 18865449
1605462721, 6125, 16, 25, 0, 0, 0.05%, 0, 0, 13, 5988.03 30 18896598
1605462727, 6130, 4, 25, 0, 0, 0.05%, 0, 0, 13, 5985.71 30 18927440
1605462732, 6135, 21, 25, 0, 0, 0.05%, 0, 0, 13, 5994.26 30 18958466
1605462737, 6144, 10, 25, 0, 0, 0.05%, 0, 0, 13, 6006.12 30 18989297
1605462742, 6148, 4, 25, 0, 0, 0.05%, 0, 0, 13, 5982.79 30 19020391
1605462747, 6154, 4, 25, 0, 0, 0.05%, 0, 0, 13, 5996.44 30 19051144
1605462752, 6158, 0, 25, 0, 0, 0.05%, 0, 0, 13, 6003.60 30 19081441
1605462757, 6164, 10, 25, 0, 0, 0.05%, 0, 0, 13, 6009.80 30 19112257
1605462763, 6168, 23, 25, 0, 0, 0.05%, 0, 0, 13, 5990.29 30 19143216
1605462768, 6177, 4, 25, 0, 0, 0.05%, 0, 0, 13, 6006.56 30 19174104
1605462773, 6180, 22, 25, 0, 0, 0.05%, 0, 0, 13, 5984.63 30 19205175
1605462778, 6185, 10, 25, 0, 0, 0.05%, 0, 0, 13, 5986.23 30 19236176
1605462783, 6191, 10, 25, 0, 0, 0.05%, 0, 0, 13, 6005.33 30 19267041
1605462788, 6194, 10, 25, 0, 0, 0.05%, 0, 0, 13, 5992.83 30 19297232
1605462793, 6201, 3, 25, 0, 0, 0.05%, 0, 0, 13, 5991.16 30 19328248
1605462798, 6210, 18, 25, 0, 0, 0.05%, 0, 0, 13, 5998.61 30 19358985
1605462804, 6215, 16, 25, 0, 0, 0.05%, 0, 0, 13, 5994.19 30 19389134
1605462809, 6219, 18, 25, 0, 0, 0.05%, 0, 0, 13, 5986.69 30 19420190
1605462814, 6228, 3, 25, 0, 0, 0.05%, 0, 0, 13, 5997.60 30 19451047
1605462819, 6234, 21, 25, 0, 0, 0.05%, 0, 0, 13, 6011.14 30 19482153
1605462824, 6240, 10, 25, 0, 0, 0.05%, 0, 0, 13, 6013.20 30 19513304
1605462829, 6245, 3, 25, 0, 0, 0.05%, 0, 0, 13, 6005.77 30 19544440
1605462835, 6249, 4, 25, 0, 0, 0.05%, 0, 0, 13, 6006.72 30 19575432
1605462840, 6254, 3, 25, 0, 0, 0.05%, 0, 0, 13, 6004.99 30 19606600
1605462845, 6262, 4, 25, 0, 0, 0.05%, 0, 0, 13, 6009.68 30 19637624
1605462850, 6266, 15, 25, 0, 0, 0.05%, 0, 0, 13, 6006.63 30 19668536
1605462855, 6271, 3, 25, 0, 0, 0.05%, 0, 0, 13, 5983.60 30 19699495
1605462860, 6277, 10, 25, 0, 0, 0.05%, 0, 0, 13, 5990.88 30 19730240
1605462865, 6283, 3, 25, 0, 0, 0.05%, 0, 0, 13, 5996.28 30 19760312
1605462871, 6287, 20, 25, 0, 0, 0.05%, 0, 0, 13, 5992.41 30 19791512
1605462876, 6292, 0, 25, 0, 0, 0.05%, 0, 0, 13, 5995.27 30 19821848
1605462881, 6299, 4, 25, 0, 0, 0.05%, 0, 0, 13, 5986.76 30 19852816
1605462886, 6307, 5, 25, 0, 0, 0.05%, 0, 0, 13, 5976.18 30 19883896
1605462891, 6313, 19, 25, 0, 0, 0.05%, 0, 0, 13, 5988.72 30 19915035
1605462896, 6317, 22, 25, 0, 0, 0.05%, 0, 0, 13, 5990.19 30 19946182
1605462901, 6324, 3, 25, 0, 0, 0.05%, 0, 0, 13, 5992.57 30 19976272
1605462906, 6327, 17, 25, 0, 0, 0.05%, 0, 0, 13, 5981.68 30 20006464
1605462912, 6333, 18, 25, 0, 0, 0.05%, 0, 0, 13, 5971.16 30 20037286
1605462917, 6338, 21, 25, 0, 0, 0.05%, 0, 0, 13, 5858.78 30 20067197
1605462922, 6342, 21, 25, 0, 0, 0.05%, 0, 0, 13, 5961.57 30 20097190
1605462927, 6349, 21, 25, 0, 0, 0.05%, 0, 0, 13, 5992.92 30 20128399
1605462932, 6353, 20, 25, 0, 0, 0.05%, 0, 0, 13, 5984.41 30 20159529
1605462937, 6355, 0, 25, 0, 0, 0.05%, 0, 0, 13, 5981.80 30 20189456
1605462942, 6360, 10, 25, 0, 0, 0.05%, 0, 0, 13, 5988.79 30 20219600
1605462947, 6365, 23, 25, 0, 0, 0.05%, 0, 0, 13, 5976.20 30 20249540
1605462952, 6371, 24, 25, 0, 0, 0.05%, 0, 0, 13, 5985.84 30 20280395
1605462957, 6375, 10, 25, 0, 0, 0.05%, 0, 0, 13, 5990.82 30 20310336
1605462963, 6379, 21, 25, 0, 0, 0.05%, 0, 0, 13, 5987.96 30 20341510
1605462968, 6384, 15, 25, 0, 0, 0.05%, 0, 0, 13, 5987.27 30 20372708
1605462973, 6389, 3, 25, 0, 0, 0.05%, 0, 0, 13, 5986.02 30 20403784
1605462978, 6392, 21, 25, 0, 0, 0.05%, 0, 0, 13, 5988.41 30 20434743
1605462983, 6397, 23, 25, 0, 0, 0.05%, 0, 0, 13, 5977.90 30 20465344
1605462988, 6402, 4, 25, 0, 0, 0.05%, 0, 0, 13, 5991.11 30 20495383
1605462993, 6408, 4, 25, 0, 0, 0.05%, 0, 0, 13, 5995.35 30 20525384
1605462999, 6414, 10, 25, 0, 0, 0.05%, 0, 0, 13, 5990.69 30 20556256
1605463004, 6421, 5, 25, 0, 0, 0.05%, 0, 0, 13, 5996.33 30 20587223
1605463009, 6427, 19, 25, 0, 0, 0.05%, 0, 0, 13, 5990.01 30 20618336
1605463014, 6431, 23, 25, 0, 0, 0.05%, 0, 0, 13, 5984.24 30 20649438
1605463019, 6438, 17, 25, 0, 0, 0.05%, 0, 0, 13, 5995.53 30 20680580
1605463024, 6444, 3, 25, 0, 0, 0.05%, 0, 0, 13, 6000.80 30 20710633
1605463029, 6450, 16, 25, 0, 0, 0.05%, 0, 0, 13, 5989.62 30 20741512
1605463034, 6454, 11, 25, 0, 0, 0.05%, 0, 0, 13, 5999.64 30 20771568
