# unix_time, cycles_done, cur_path, paths_total, pending_total, pending_favs, map_size, unique_crashes, unique_hangs, max_depth, execs_per_sec, edge_coverage, total_execs
1603668190, 0, 0, 1, 1, 1, 5.47%, 0, 0, 1, 320.00, 3582, 8
1603668195, 0, 0, 44, 44, 1, 5.79%, 0, 0, 2, 318.96, 3796, 1649
1603668201, 0, 0, 52, 52, 1, 5.83%, 0, 0, 2, 321.45, 3818, 3313
1603668206, 0, 0, 56, 56, 1, 5.83%, 0, 0, 2, 316.01, 3821, 4902
1603668211, 0, 0, 58, 58, 1, 5.86%, 0, 0, 2, 317.45, 3841, 6552
1603668216, 0, 0, 60, 60, 1, 5.87%, 0, 0, 2, 317.81, 3844, 8206
1603668221, 0, 0, 65, 65, 1, 5.90%, 0, 0, 2, 318.33, 3868, 9859
1603668231, 0, 0, 68, 68, 1, 5.91%, 0, 0, 2, 317.36, 3874, 13094
1603668237, 0, 0, 73, 73, 1, 5.91%, 0, 0, 2, 316.96, 3876, 14743
1603668242, 0, 0, 76, 76, 1, 5.91%, 0, 0, 2, 316.43, 3876, 16393
1603668247, 0, 0, 82, 82, 1, 5.92%, 0, 0, 2, 308.91, 3882, 17959
1603668252, 0, 0, 84, 84, 1, 5.93%, 0, 0, 2, 310.63, 3889, 19535
1603668257, 0, 0, 85, 85, 1, 5.94%, 0, 0, 2, 315.20, 3891, 21121
1603668262, 0, 0, 86, 86, 1, 5.94%, 0, 0, 2, 315.79, 3894, 22707
1603668267, 0, 0, 89, 89, 1, 5.94%, 0, 0, 2, 309.05, 3894, 24279
1603668272, 0, 0, 91, 91, 1, 5.95%, 0, 0, 2, 308.37, 3898, 25855
1603668277, 0, 0, 93, 93, 1, 5.95%, 0, 0, 2, 308.25, 3898, 27431
1603668282, 0, 0, 94, 94, 1, 5.95%, 0, 0, 2, 312.15, 3898, 29017
1603668293, 0, 0, 95, 95, 1, 5.95%, 0, 0, 2, 312.15, 3898, 32187
1603668303, 0, 0, 96, 96, 1, 5.95%, 0, 0, 2, 311.36, 3898, 35351
1603668323, 0, 0, 97, 97, 1, 5.95%, 0, 0, 2, 310.12, 3898, 41665
1603668328, 0, 0, 98, 98, 1, 6.03%, 0, 0, 2, 303.35, 3955, 43227
1603668339, 0, 0, 99, 99, 1, 6.04%, 0, 0, 2, 312.39, 3959, 46397
1603668344, 0, 2, 100, 99, 47, 6.04%, 0, 0, 3, 308.82, 3959, 47960
1603668426, 0, 2, 101, 100, 47, 6.04%, 0, 0, 3, 307.84, 3959, 73157
1603668436, 0, 3, 102, 100, 46, 6.05%, 0, 0, 3, 310.97, 3964, 76313
1603668441, 0, 3, 103, 101, 46, 6.05%, 0, 0, 3, 312.47, 3965, 77896
1603668446, 0, 4, 103, 100, 47, 6.05%, 0, 0, 3, 304.99, 3965, 79477
1603668451, 0, 6, 103, 99, 46, 6.05%, 0, 0, 3, 305.00, 3965, 81019
1603668461, 0, 8, 103, 98, 45, 6.05%, 0, 0, 3, 311.19, 3965, 84172
1603668482, 0, 8, 104, 99, 45, 6.05%, 0, 0, 3, 311.93, 3967, 90464
1603668492, 0, 10, 104, 98, 45, 6.05%, 0, 0, 3, 306.29, 3967, 93579
1603668502, 0, 10, 105, 99, 45, 6.09%, 0, 0, 3, 310.57, 3990, 96741
1603668579, 0, 13, 106, 99, 44, 6.09%, 0, 0, 3, 306.28, 3992, 120330
1603668620, 0, 15, 106, 98, 44, 6.09%, 0, 0, 3, 309.85, 3992, 132955
1603668656, 0, 16, 106, 97, 43, 6.09%, 0, 0, 3, 307.45, 3992, 143947
1603668692, 0, 16, 107, 98, 43, 6.09%, 0, 0, 3, 304.78, 3992, 154993
1603668702, 0, 17, 107, 97, 42, 6.09%, 0, 0, 3, 307.22, 3992, 158156
1603668738, 0, 17, 108, 98, 42, 6.09%, 0, 0, 3, 306.57, 3992, 169228
1603668748, 0, 21, 108, 97, 41, 6.09%, 0, 0, 3, 306.32, 3992, 172391
1603668789, 0, 22, 108, 96, 40, 6.09%, 0, 0, 3, 303.70, 3992, 185024
1603668794, 0, 22, 112, 100, 40, 7.07%, 0, 0, 3, 306.13, 4635, 186596
1603668805, 0, 22, 113, 101, 40, 7.07%, 0, 0, 3, 309.94, 4635, 189757
1603668815, 0, 22, 114, 102, 40, 7.07%, 0, 0, 3, 302.00, 4635, 192893
1603668835, 0, 22, 116, 104, 40, 7.08%, 0, 0, 3, 304.54, 4637, 199205
1603668840, 0, 22, 117, 105, 40, 7.08%, 0, 0, 3, 307.54, 4638, 200785
1603668861, 0, 23, 117, 104, 43, 7.08%, 0, 0, 3, 303.64, 4638, 206949
1603668907, 0, 23, 118, 105, 43, 7.08%, 0, 0, 3, 307.53, 4638, 220970
1603668912, 0, 23, 119, 106, 43, 7.11%, 0, 0, 3, 305.19, 4660, 222540
1603668917, 0, 24, 119, 105, 42, 7.11%, 0, 0, 3, 296.69, 4660, 224039
1603668958, 0, 26, 119, 104, 41, 7.11%, 0, 0, 3, 310.38, 4660, 236668
1603668979, 0, 26, 120, 105, 41, 7.11%, 0, 0, 3, 296.50, 4662, 242862
1603668999, 0, 28, 120, 104, 41, 7.11%, 0, 0, 3, 306.65, 4662, 249088
1603669051, 0, 28, 121, 105, 41, 7.11%, 0, 0, 3, 298.34, 4662, 264704
1603669056, 0, 34, 121, 104, 40, 7.11%, 0, 0, 3, 299.20, 4662, 266229
1603669102, 0, 34, 122, 105, 40, 7.12%, 0, 0, 3, 307.08, 4664, 280169
1603669107, 0, 35, 122, 104, 40, 7.12%, 0, 0, 3, 299.44, 4664, 281691
1603669148, 0, 35, 124, 106, 40, 7.13%, 0, 0, 3, 307.14, 4672, 294099
1603669158, 0, 36, 126, 107, 40, 7.14%, 0, 0, 3, 305.77, 4676, 297259
1603669209, 0, 37, 126, 106, 41, 7.14%, 0, 0, 3, 303.91, 4676, 312753
1603669255, 0, 43, 126, 105, 40, 7.14%, 0, 0, 3, 300.81, 4676, 326726
1603669307, 0, 44, 128, 106, 39, 7.29%, 0, 0, 3, 306.56, 4776, 342447
1603669312, 0, 44, 129, 107, 39, 7.29%, 0, 0, 3, 296.71, 4777, 343978
1603669317, 0, 46, 131, 108, 40, 7.29%, 0, 0, 3, 299.95, 4777, 345514
1603669409, 0, 50, 131, 107, 39, 7.29%, 0, 0, 3, 296.68, 4777, 373424
1603669445, 0, 50, 132, 108, 39, 7.29%, 0, 0, 3, 306.38, 4778, 384409
1603669450, 0, 50, 133, 109, 39, 7.30%, 0, 0, 3, 298.83, 4784, 385914
1603669455, 0, 51, 133, 108, 40, 7.30%, 0, 0, 3, 297.72, 4784, 387431
1603669460, 0, 51, 135, 110, 40, 7.30%, 0, 0, 3, 302.11, 4786, 388967
1603669481, 0, 51, 136, 111, 40, 7.32%, 0, 0, 3, 296.26, 4799, 395222
1603669507, 0, 54, 136, 110, 41, 7.32%, 0, 0, 3, 307.74, 4799, 403112
1603669553, 0, 55, 136, 109, 40, 7.32%, 0, 0, 3, 301.28, 4799, 417005
1603669594, 0, 58, 136, 108, 39, 7.32%, 0, 0, 3, 297.10, 4799, 429382
1603669599, 0, 58, 137, 109, 39, 7.33%, 0, 0, 3, 302.40, 4801, 430902
1603669604, 0, 58, 138, 110, 39, 7.33%, 0, 0, 3, 308.47, 4802, 432478
1603669686, 0, 60, 138, 109, 40, 7.33%, 0, 0, 3, 302.10, 4802, 457604
1603669727, 0, 60, 139, 110, 40, 7.34%, 0, 0, 3, 309.38, 4809, 470206
1603669737, 0, 61, 139, 109, 40, 7.34%, 0, 0, 3, 303.32, 4809, 473314
1603669788, 0, 63, 140, 109, 39, 7.35%, 0, 0, 3, 300.15, 4815, 488856
1603669794, 0, 63, 141, 110, 39, 7.35%, 0, 0, 3, 303.87, 4816, 490428
1603669835, 0, 66, 141, 109, 40, 7.35%, 0, 0, 3, 305.40, 4816, 503023
1603669870, 0, 67, 141, 108, 39, 7.35%, 0, 0, 3, 304.08, 4816, 513948
1603669916, 0, 67, 142, 109, 39, 7.35%, 0, 0, 3, 307.75, 4816, 527982
1603669921, 0, 70, 142, 108, 38, 7.35%, 0, 0, 3, 306.57, 4816, 529562
1603669947, 0, 70, 143, 109, 38, 7.36%, 0, 0, 3, 297.69, 4824, 537400
1603669967, 0, 70, 148, 114, 38, 7.38%, 0, 0, 3, 307.71, 4834, 543621
1603669973, 0, 70, 149, 115, 38, 7.38%, 0, 0, 3, 305.79, 4834, 545201
1603669978, 0, 71, 151, 116, 42, 7.38%, 0, 0, 3, 307.43, 4834, 546778
1603669983, 0, 71, 152, 117, 42, 7.38%, 0, 0, 3, 306.96, 4834, 548356
1603670029, 0, 71, 153, 118, 42, 7.38%, 0, 0, 3, 307.64, 4834, 562373
1603670034, 0, 72, 153, 117, 41, 7.38%, 0, 0, 3, 306.34, 4834, 563954
1603670086, 0, 74, 153, 116, 41, 7.38%, 0, 0, 3, 309.88, 4834, 579731
1603670122, 0, 83, 153, 115, 40, 7.38%, 0, 0, 3, 306.60, 4834, 590777
1603670199, 0, 84, 153, 114, 39, 7.38%, 0, 0, 3, 302.70, 4834, 614484
1603670245, 0, 84, 155, 116, 39, 7.38%, 0, 0, 3, 310.31, 4834, 628582
1603670250, 0, 85, 155, 115, 38, 7.38%, 0, 0, 3, 310.90, 4834, 630159
1603670255, 0, 85, 156, 116, 38, 7.38%, 0, 0, 3, 309.97, 4834, 631745
1603670271, 0, 85, 159, 119, 38, 7.38%, 0, 0, 3, 305.98, 4834, 636436
1603670327, 0, 85, 160, 120, 38, 7.38%, 0, 0, 3, 304.92, 4834, 653569
1603670343, 0, 85, 161, 121, 38, 7.41%, 0, 0, 3, 298.49, 4854, 658200
1603670348, 0, 85, 163, 123, 38, 7.41%, 0, 0, 3, 300.21, 4854, 659765
1603670353, 0, 85, 165, 125, 38, 7.41%, 0, 0, 3, 303.03, 4854, 661311
1603670358, 0, 85, 166, 126, 38, 7.41%, 0, 0, 3, 301.16, 4854, 662867
1603670363, 0, 85, 168, 128, 38, 7.41%, 0, 0, 3, 306.34, 4854, 664443
1603670368, 0, 85, 170, 130, 38, 7.42%, 0, 0, 3, 305.70, 4862, 666019
1603670374, 0, 85, 171, 131, 38, 7.42%, 0, 0, 3, 296.07, 4862, 667537
1603670384, 0, 85, 173, 133, 38, 7.42%, 0, 0, 3, 300.01, 4862, 670657
1603670405, 0, 85, 175, 135, 38, 7.42%, 0, 0, 3, 305.23, 4862, 676907
1603670430, 0, 85, 176, 136, 38, 7.42%, 0, 0, 3, 301.23, 4862, 684607
1603670435, 0, 85, 178, 138, 38, 7.42%, 0, 0, 3, 306.16, 4862, 686183
1603670451, 0, 85, 179, 139, 38, 7.42%, 0, 0, 3, 300.23, 4862, 690826
1603670456, 0, 89, 179, 138, 39, 7.42%, 0, 0, 3, 299.29, 4862, 692389
1603670574, 0, 90, 179, 137, 39, 7.42%, 0, 0, 3, 308.13, 4862, 728157
1603670584, 0, 90, 180, 138, 39, 7.42%, 0, 0, 3, 307.31, 4862, 731272
1603670589, 0, 93, 180, 137, 39, 7.42%, 0, 0, 3, 311.88, 4862, 732859
1603670660, 0, 98, 180, 136, 39, 7.42%, 0, 0, 3, 301.82, 4862, 754725
1603670686, 0, 98, 181, 137, 39, 7.42%, 0, 0, 3, 296.94, 4862, 762564
1603670727, 0, 99, 181, 136, 38, 7.42%, 0, 0, 3, 310.70, 4862, 775165
1603670818, 0, 100, 182, 136, 37, 7.42%, 0, 0, 4, 301.48, 4862, 803189
1603670823, 0, 100, 183, 137, 37, 7.42%, 0, 0, 4, 308.33, 4862, 804767
1603670839, 0, 101, 183, 136, 37, 7.42%, 0, 0, 4, 307.82, 4862, 809497
1603670849, 0, 102, 183, 135, 36, 7.42%, 0, 0, 4, 308.74, 4862, 812631
1603670859, 0, 104, 186, 137, 35, 7.42%, 0, 0, 4, 307.63, 4862, 815775
1603670864, 0, 108, 186, 136, 34, 7.42%, 0, 0, 4, 308.39, 4862, 817351
1603670869, 0, 108, 188, 138, 34, 7.42%, 0, 0, 4, 304.62, 4862, 818925
1603670875, 0, 108, 189, 139, 34, 7.42%, 0, 0, 4, 295.51, 4864, 820427
1603670916, 0, 109, 190, 139, 33, 7.42%, 0, 0, 4, 309.08, 4864, 832959
1603670962, 0, 115, 190, 138, 33, 7.42%, 0, 0, 4, 309.15, 4864, 847071
1603670967, 0, 115, 193, 141, 33, 7.43%, 0, 0, 4, 304.35, 4867, 848637
1603670972, 0, 115, 194, 142, 33, 7.43%, 0, 0, 4, 305.07, 4867, 850209
1603670977, 0, 115, 196, 144, 33, 7.43%, 0, 0, 4, 303.83, 4868, 851776
1603670987, 0, 115, 205, 153, 33, 7.45%, 0, 0, 4, 300.95, 4883, 854823
1603671003, 0, 115, 206, 154, 33, 7.45%, 0, 0, 4, 301.29, 4883, 859495
1603671008, 0, 115, 207, 155, 33, 7.46%, 0, 0, 4, 303.51, 4886, 861017
1603671018, 0, 117, 209, 156, 37, 7.46%, 0, 0, 4, 307.80, 4886, 864160
1603671023, 0, 117, 210, 157, 37, 7.46%, 0, 0, 4, 303.32, 4888, 865726
1603671064, 0, 119, 210, 156, 37, 7.46%, 0, 0, 4, 313.02, 4888, 878520
1603671105, 0, 119, 211, 157, 37, 7.46%, 0, 0, 4, 318.38, 4888, 891461
1603671110, 0, 121, 211, 156, 37, 7.46%, 0, 0, 4, 315.77, 4888, 893042
1603671161, 0, 122, 211, 155, 36, 7.46%, 0, 0, 4, 318.37, 4888, 909157
1603671212, 0, 122, 212, 156, 36, 7.46%, 0, 0, 4, 318.65, 4888, 925235
1603671217, 0, 123, 212, 155, 35, 7.46%, 0, 0, 4, 309.10, 4888, 926810
1603671222, 0, 123, 213, 156, 35, 7.46%, 0, 0, 4, 312.97, 4888, 928394
1603671268, 0, 124, 213, 155, 35, 7.46%, 0, 0, 4, 311.89, 4888, 942539
1603671319, 0, 125, 213, 154, 34, 7.46%, 0, 0, 4, 315.83, 4888, 958492
1603671364, 0, 127, 213, 153, 33, 7.46%, 0, 0, 4, 317.07, 4888, 972711
1603671375, 0, 128, 213, 152, 32, 7.46%, 0, 0, 4, 309.16, 4888, 975928
1603671385, 0, 131, 213, 151, 31, 7.46%, 0, 0, 4, 319.96, 4888, 979161
1603671436, 0, 132, 213, 150, 30, 7.46%, 0, 0, 4, 315.38, 4888, 995169
1603671461, 0, 132, 214, 151, 30, 7.46%, 0, 0, 4, 315.87, 4888, 1003152
1603671492, 0, 134, 215, 151, 30, 7.46%, 0, 0, 4, 316.39, 4888, 1012739
1603671543, 0, 135, 215, 150, 30, 7.46%, 0, 0, 4, 316.39, 4888, 1028677
1603671599, 0, 136, 215, 149, 29, 7.46%, 0, 0, 4, 317.43, 4888, 1046379
1603671686, 0, 138, 215, 148, 28, 7.46%, 0, 0, 4, 311.68, 4888, 1074044
1603671737, 0, 139, 215, 147, 27, 7.46%, 0, 0, 4, 320.92, 4888, 1090134
1603671768, 0, 139, 216, 148, 27, 7.46%, 0, 0, 4, 312.24, 4888, 1099777
1603671798, 0, 140, 216, 147, 27, 7.46%, 0, 0, 4, 309.84, 4888, 1109404
1603671845, 0, 141, 217, 147, 26, 7.46%, 0, 0, 4, 318.10, 4890, 1124118
1603671896, 0, 142, 217, 146, 26, 7.46%, 0, 0, 4, 317.05, 4890, 1140228
1603671947, 0, 144, 217, 145, 25, 7.46%, 0, 0, 4, 318.43, 4890, 1156188
1603671993, 0, 145, 217, 144, 24, 7.46%, 0, 0, 4, 315.67, 4890, 1170712
1603672044, 0, 146, 217, 143, 23, 7.46%, 0, 0, 4, 308.28, 4890, 1186658
1603672059, 0, 146, 218, 144, 23, 7.46%, 0, 0, 4, 304.48, 4890, 1191395
1603672094, 0, 147, 219, 144, 22, 7.46%, 0, 0, 4, 316.46, 4890, 1202551
1603672140, 0, 147, 220, 145, 22, 7.46%, 0, 0, 4, 315.97, 4890, 1216904
1603672145, 0, 160, 220, 144, 22, 7.46%, 0, 0, 4, 316.95, 4890, 1218549
1603672151, 0, 160, 223, 147, 22, 7.50%, 0, 0, 4, 309.15, 4918, 1220127
1603672186, 0, 160, 224, 148, 22, 8.07%, 0, 0, 4, 308.95, 5292, 1231030
1603672243, 0, 172, 224, 147, 24, 8.07%, 0, 0, 4, 318.50, 5292, 1248467
1603672370, 0, 179, 225, 147, 23, 8.07%, 0, 0, 4, 319.18, 5292, 1287945
1603672385, 0, 183, 225, 146, 23, 8.07%, 0, 0, 4, 313.87, 5292, 1292685
1603672395, 0, 188, 225, 145, 22, 8.07%, 0, 0, 4, 314.88, 5292, 1295918
1603672446, 0, 189, 226, 145, 21, 8.07%, 0, 0, 5, 312.20, 5292, 1311977
1603672497, 0, 192, 226, 144, 21, 8.07%, 0, 0, 5, 308.01, 5292, 1328127
1603672553, 0, 195, 226, 143, 20, 8.07%, 0, 0, 5, 314.71, 5292, 1345390
1603672599, 0, 195, 227, 144, 20, 8.07%, 0, 0, 5, 313.55, 5292, 1359603
1603672609, 0, 195, 228, 145, 20, 8.08%, 0, 0, 5, 315.37, 5296, 1362773
1603672624, 0, 201, 228, 144, 19, 8.08%, 0, 0, 5, 310.78, 5296, 1367526
1603672645, 0, 201, 229, 145, 19, 8.08%, 0, 0, 5, 302.79, 5296, 1373782
1603672650, 0, 201, 230, 146, 19, 8.09%, 0, 0, 5, 305.76, 5302, 1375348
1603672665, 0, 201, 231, 147, 19, 8.09%, 0, 0, 5, 313.02, 5302, 1380105
1603672680, 0, 202, 231, 146, 20, 8.09%, 0, 0, 5, 300.61, 5302, 1384790
1603672706, 0, 202, 232, 147, 20, 8.09%, 0, 0, 5, 305.25, 5304, 1392600
1603672736, 0, 207, 233, 147, 20, 8.09%, 0, 0, 5, 318.86, 5304, 1402131
1603672747, 0, 207, 234, 148, 20, 8.10%, 0, 0, 5, 306.45, 5306, 1405245
1603672767, 0, 207, 235, 149, 20, 8.10%, 0, 0, 5, 301.82, 5307, 1411501
1603672782, 0, 207, 236, 150, 20, 8.10%, 0, 0, 5, 310.48, 5307, 1416227
1603672792, 0, 207, 237, 151, 20, 8.10%, 0, 0, 5, 319.94, 5307, 1419462
1603672803, 0, 210, 237, 150, 19, 8.10%, 0, 0, 5, 319.30, 5307, 1422759
1603672849, 0, 212, 237, 149, 18, 8.10%, 0, 0, 5, 320.34, 5307, 1437282
1603672854, 0, 212, 239, 151, 18, 8.10%, 0, 0, 5, 320.81, 5308, 1438934
1603672905, 0, 213, 239, 150, 18, 8.10%, 0, 0, 5, 320.86, 5308, 1455299
1603672910, 0, 213, 240, 151, 18, 8.10%, 0, 0, 5, 322.42, 5309, 1456955
1603672962, 0, 214, 240, 150, 18, 8.10%, 0, 0, 5, 316.90, 5309, 1473203
1603672967, 0, 214, 241, 151, 18, 8.10%, 0, 0, 5, 315.19, 5309, 1474787
1603673018, 0, 215, 241, 150, 17, 8.10%, 0, 0, 5, 317.17, 5309, 1490996
1603673049, 0, 215, 242, 151, 17, 8.10%, 0, 0, 5, 316.13, 5309, 1500710
1603673079, 0, 216, 242, 150, 17, 8.10%, 0, 0, 5, 311.70, 5309, 1510418
1603673135, 0, 218, 242, 149, 16, 8.10%, 0, 0, 5, 316.42, 5309, 1527931
1603673191, 0, 220, 242, 148, 15, 8.10%, 0, 0, 5, 306.48, 5309, 1545457
1603673196, 0, 220, 243, 149, 15, 9.83%, 0, 0, 5, 308.37, 6440, 1547031
1603673283, 0, 220, 246, 152, 15, 9.83%, 0, 0, 5, 310.62, 6443, 1573650
1603673293, 0, 220, 248, 154, 15, 9.84%, 0, 0, 5, 315.17, 6446, 1576876
1603673313, 0, 220, 249, 155, 15, 9.84%, 0, 0, 5, 312.07, 6446, 1583340
1603673319, 0, 220, 250, 156, 15, 9.84%, 0, 0, 5, 308.98, 6446, 1584926
1603673329, 0, 220, 251, 157, 15, 9.92%, 0, 0, 5, 313.21, 6502, 1588086
1603673349, 0, 220, 253, 159, 15, 9.92%, 0, 0, 5, 307.70, 6502, 1594450
1603673390, 0, 221, 253, 158, 18, 9.92%, 0, 0, 5, 309.87, 6503, 1607081
1603673400, 0, 221, 254, 159, 18, 9.92%, 0, 0, 5, 310.04, 6503, 1610240
1603673487, 0, 223, 254, 158, 18, 9.92%, 0, 0, 5, 314.74, 6503, 1636938
1603673589, 0, 224, 256, 159, 17, 9.92%, 0, 0, 5, 319.39, 6503, 1668455
1603673594, 0, 224, 257, 160, 17, 9.92%, 0, 0, 5, 321.27, 6503, 1670115
1603673604, 0, 225, 257, 159, 16, 9.92%, 0, 0, 5, 315.33, 6503, 1673279
1603673610, 0, 225, 259, 161, 16, 9.92%, 0, 0, 6, 316.07, 6503, 1674927
1603673655, 0, 227, 259, 160, 16, 9.92%, 0, 0, 6, 317.83, 6503, 1689518
1603673661, 0, 227, 260, 161, 16, 9.92%, 0, 0, 6, 305.95, 6504, 1691054
1603673706, 0, 227, 261, 162, 16, 9.93%, 0, 0, 6, 313.92, 6506, 1705230
1603673716, 0, 230, 262, 162, 16, 9.93%, 0, 0, 6, 312.27, 6506, 1708455
1603673721, 0, 230, 263, 163, 16, 9.93%, 0, 0, 6, 305.32, 6506, 1709973
1603673726, 0, 230, 264, 164, 16, 9.93%, 0, 0, 6, 310.19, 6506, 1711556
1603673772, 0, 231, 264, 163, 15, 9.93%, 0, 0, 6, 309.56, 6506, 1725752
1603673828, 0, 233, 264, 162, 14, 9.93%, 0, 0, 6, 309.36, 6506, 1743001
1603673838, 0, 233, 265, 163, 14, 9.93%, 0, 0, 6, 314.09, 6506, 1746166
1603673879, 0, 234, 265, 162, 14, 9.93%, 0, 0, 6, 310.83, 6506, 1759151
1603673940, 0, 235, 265, 161, 13, 9.93%, 0, 0, 6, 311.79, 6506, 1778120
1603673986, 0, 235, 266, 162, 13, 9.93%, 0, 0, 6, 318.37, 6506, 1792425
1603673991, 0, 238, 266, 161, 12, 9.93%, 0, 0, 6, 318.78, 6506, 1794076
1603674052, 0, 239, 266, 160, 11, 9.93%, 0, 0, 6, 315.16, 6506, 1813264
1603674108, 0, 241, 266, 159, 10, 9.93%, 0, 0, 6, 313.88, 6506, 1830753
1603674159, 0, 241, 267, 160, 10, 9.93%, 0, 0, 6, 322.89, 6506, 1847065
1603674170, 0, 243, 287, 179, 10, 9.93%, 0, 0, 6, 278.38, 6506, 1850104
1603674175, 0, 243, 302, 194, 10, 9.93%, 0, 0, 6, 266.37, 6507, 1851416
1603674185, 0, 243, 307, 199, 10, 9.93%, 0, 0, 6, 267.87, 6507, 1854163
1603674190, 0, 243, 313, 205, 10, 9.93%, 0, 0, 6, 267.33, 6510, 1855549
1603674195, 0, 243, 316, 208, 10, 9.93%, 0, 0, 6, 285.39, 6510, 1857048
1603674200, 0, 243, 319, 211, 10, 9.93%, 0, 0, 6, 267.41, 6510, 1858367
1603674210, 0, 243, 325, 217, 10, 9.93%, 0, 0, 6, 261.47, 6510, 1861012
1603674221, 0, 243, 326, 218, 10, 9.93%, 0, 0, 6, 262.57, 6510, 1863705
1603674226, 0, 243, 327, 219, 10, 9.93%, 0, 0, 6, 257.09, 6510, 1865018
1603674231, 0, 243, 329, 221, 10, 9.93%, 0, 0, 6, 266.93, 6510, 1866359
1603674236, 0, 243, 332, 224, 10, 9.94%, 0, 0, 6, 265.63, 6514, 1867720
1603674241, 0, 243, 333, 225, 10, 9.94%, 0, 0, 6, 262.96, 6514, 1869038
1603674256, 0, 243, 335, 227, 10, 9.94%, 0, 0, 6, 264.02, 6514, 1873184
1603674261, 0, 243, 336, 228, 10, 9.94%, 0, 0, 6, 264.88, 6514, 1874557
1603674272, 0, 243, 337, 229, 10, 9.94%, 0, 0, 6, 257.18, 6514, 1877195
1603674277, 0, 243, 339, 231, 10, 9.94%, 0, 0, 6, 267.57, 6514, 1878541
1603674282, 0, 243, 340, 232, 10, 9.94%, 0, 0, 6, 268.56, 6514, 1879929
1603674287, 0, 243, 342, 234, 10, 9.94%, 0, 0, 6, 261.39, 6514, 1881245
1603674297, 0, 243, 343, 235, 10, 9.94%, 0, 0, 6, 262.41, 6514, 1883950
1603674333, 0, 243, 344, 236, 10, 9.94%, 0, 0, 6, 284.89, 6514, 1893511
1603674343, 0, 243, 345, 237, 10, 9.94%, 0, 0, 6, 260.93, 6514, 1896166
1603674373, 0, 244, 345, 236, 14, 9.94%, 0, 0, 6, 290.52, 6514, 1904680
1603674378, 0, 244, 350, 241, 14, 9.94%, 0, 0, 6, 269.33, 6514, 1906007
1603674388, 0, 244, 351, 242, 14, 9.94%, 0, 0, 6, 266.66, 6514, 1908697
1603674393, 0, 244, 352, 243, 14, 9.94%, 0, 0, 6, 265.05, 6514, 1910026
1603674409, 0, 244, 353, 244, 14, 9.94%, 0, 0, 6, 260.75, 6514, 1914244
1603674429, 0, 244, 354, 245, 14, 9.94%, 0, 0, 6, 261.18, 6514, 1919522
1603674434, 0, 244, 355, 246, 14, 9.94%, 0, 0, 6, 270.13, 6514, 1920920
1603674439, 0, 244, 358, 249, 14, 9.94%, 0, 0, 6, 271.91, 6516, 1922349
1603674445, 0, 244, 359, 250, 14, 9.94%, 0, 0, 6, 262.46, 6516, 1923671
1603674460, 0, 244, 360, 251, 14, 9.94%, 0, 0, 6, 252.80, 6516, 1927729
1603674485, 0, 244, 362, 253, 14, 9.94%, 0, 0, 6, 266.03, 6516, 1934495
1603674511, 0, 244, 363, 254, 14, 9.94%, 0, 0, 6, 264.92, 6516, 1941228
1603674536, 0, 244, 364, 255, 14, 9.94%, 0, 0, 6, 273.49, 6516, 1948069
1603674541, 0, 244, 365, 256, 14, 9.94%, 0, 0, 6, 269.83, 6516, 1949470
1603674546, 0, 244, 366, 257, 14, 9.94%, 0, 0, 6, 259.85, 6516, 1950790
1603674577, 0, 245, 366, 256, 15, 9.94%, 0, 0, 6, 308.42, 6516, 1959502
1603674669, 0, 245, 368, 258, 15, 9.94%, 0, 0, 6, 310.29, 6516, 1987762
1603674684, 0, 253, 368, 257, 14, 9.94%, 0, 0, 6, 313.52, 6516, 1992514
1603674725, 0, 253, 369, 258, 14, 9.94%, 0, 0, 6, 311.63, 6516, 2005157
1603674786, 0, 257, 369, 257, 13, 9.94%, 0, 0, 6, 313.28, 6516, 2023935
1603674832, 0, 260, 369, 256, 12, 9.94%, 0, 0, 6, 317.86, 6516, 2038602
1603674843, 0, 260, 370, 257, 12, 9.94%, 0, 0, 7, 308.66, 6516, 2041698
1603674888, 0, 260, 371, 258, 12, 9.94%, 0, 0, 7, 316.22, 6516, 2055923
1603674898, 0, 264, 372, 258, 11, 9.94%, 0, 0, 7, 316.11, 6516, 2059156
1603674949, 0, 266, 372, 257, 10, 9.94%, 0, 0, 7, 304.45, 6516, 2075016
1603675010, 0, 275, 372, 256, 9, 9.94%, 0, 0, 7, 314.49, 6516, 2094187
1603675040, 0, 275, 373, 257, 9, 9.94%, 0, 0, 7, 259.55, 6516, 2102239
1603675056, 0, 275, 374, 258, 9, 9.94%, 0, 0, 7, 256.46, 6516, 2106197
1603675213, 0, 298, 374, 257, 9, 9.94%, 0, 0, 7, 301.99, 6516, 2148051
1603675300, 0, 298, 375, 258, 9, 9.94%, 0, 0, 7, 259.54, 6516, 2171153
1603675356, 0, 298, 376, 259, 9, 9.94%, 0, 0, 7, 264.85, 6516, 2185998
1603675397, 0, 298, 377, 260, 9, 9.94%, 0, 0, 7, 261.14, 6516, 2196831
1603675417, 0, 303, 377, 259, 9, 9.94%, 0, 0, 7, 288.19, 6516, 2202710
1603675529, 0, 303, 378, 260, 9, 9.94%, 0, 0, 7, 267.52, 6516, 2232281
1603675539, 0, 303, 379, 261, 9, 9.94%, 0, 0, 7, 271.23, 6516, 2235046
1603675620, 0, 311, 379, 260, 9, 9.94%, 0, 0, 7, 277.91, 6516, 2257118
1603675645, 0, 311, 380, 261, 9, 9.94%, 0, 0, 7, 269.14, 6516, 2263989
1603675819, 0, 312, 380, 260, 8, 9.94%, 0, 0, 7, 301.02, 6516, 2310413
1603675920, 0, 312, 381, 261, 8, 9.94%, 0, 0, 7, 259.84, 6516, 2337296
1603675991, 0, 312, 383, 263, 8, 9.94%, 0, 0, 7, 257.83, 6516, 2356161
1603676022, 0, 345, 383, 262, 7, 9.94%, 0, 0, 7, 290.64, 6516, 2364730
1603676047, 0, 345, 384, 263, 7, 9.94%, 0, 0, 7, 276.00, 6516, 2371746
1603676073, 0, 345, 385, 264, 7, 9.94%, 0, 0, 7, 264.51, 6516, 2378549
1603676083, 0, 345, 386, 265, 7, 9.94%, 0, 0, 7, 280.33, 6516, 2381387
1603676150, 0, 345, 387, 266, 7, 9.94%, 0, 0, 7, 278.28, 6516, 2399538
1603676165, 0, 345, 388, 267, 7, 9.94%, 0, 0, 7, 269.26, 6516, 2403679
1603676186, 0, 345, 389, 268, 7, 9.94%, 0, 0, 7, 268.37, 6516, 2409281
1603676221, 0, 355, 389, 267, 5, 9.94%, 0, 0, 7, 276.31, 6516, 2419398
1603676263, 0, 355, 390, 268, 5, 9.94%, 0, 0, 7, 266.66, 6516, 2430629
1603676273, 0, 355, 391, 269, 5, 9.94%, 0, 0, 7, 267.34, 6516, 2433377
1603676416, 0, 357, 391, 268, 5, 9.94%, 0, 0, 7, 301.91, 6516, 2471981
1603676421, 0, 357, 392, 269, 5, 9.94%, 0, 0, 7, 267.77, 6516, 2473306
1603676426, 0, 357, 393, 270, 5, 9.94%, 0, 0, 7, 261.40, 6516, 2474653
1603676431, 0, 357, 394, 271, 5, 9.94%, 0, 0, 7, 264.65, 6516, 2475996
1603676457, 0, 357, 395, 272, 5, 9.94%, 0, 0, 7, 257.38, 6516, 2482725
1603676467, 0, 357, 396, 273, 5, 9.94%, 0, 0, 7, 255.35, 6516, 2485358
1603676533, 0, 357, 397, 274, 5, 9.94%, 0, 0, 7, 263.09, 6516, 2502765
1603676620, 0, 375, 397, 273, 6, 9.94%, 0, 0, 7, 298.65, 6516, 2526006
1603676661, 0, 375, 398, 274, 6, 9.94%, 0, 0, 8, 263.13, 6516, 2536832
1603676706, 0, 375, 399, 275, 6, 9.94%, 0, 0, 8, 267.28, 6516, 2549025
1603676818, 0, 377, 399, 274, 5, 9.94%, 0, 0, 8, 305.36, 6516, 2579024
1603677005, 0, 377, 400, 275, 5, 9.94%, 0, 0, 8, 269.89, 6516, 2628707
1603677021, 0, 384, 400, 274, 5, 9.94%, 0, 0, 8, 272.24, 6516, 2632981
1603677143, 0, 384, 401, 275, 5, 9.94%, 0, 0, 8, 264.73, 6516, 2666129
1603677215, 0, 389, 401, 274, 4, 9.94%, 0, 0, 8, 281.51, 6516, 2685674
1603677282, 0, 389, 402, 275, 4, 9.94%, 0, 0, 8, 266.81, 6516, 2703515
1603677338, 0, 389, 403, 276, 4, 9.94%, 0, 0, 8, 269.33, 6516, 2718832
1603677410, 0, 393, 403, 275, 3, 9.94%, 0, 0, 8, 282.24, 6516, 2738308
1603677420, 0, 393, 404, 276, 3, 9.94%, 0, 0, 8, 268.20, 6516, 2741100
1603677451, 0, 393, 405, 277, 3, 9.94%, 0, 0, 8, 259.23, 6516, 2749307
1603677604, 0, 399, 405, 276, 3, 9.94%, 0, 0, 8, 295.90, 6516, 2790552
1603677807, 0, 403, 405, 275, 2, 9.94%, 0, 0, 8, 283.06, 6516, 2844820
1603677864, 0, 403, 406, 276, 2, 9.94%, 0, 0, 9, 265.92, 6516, 2860106
1603677905, 0, 403, 407, 277, 2, 9.94%, 0, 0, 9, 258.51, 6516, 2870973
1603678007, 0, 405, 407, 276, 2, 9.94%, 0, 0, 9, 275.06, 6516, 2899120
1603678201, 1, 49, 407, 275, 1, 9.94%, 0, 0, 9, 310.90, 6516, 2951837
1603678252, 1, 73, 407, 274, 1, 9.94%, 0, 0, 9, 316.59, 6516, 2967792
1603678308, 1, 73, 408, 275, 1, 9.94%, 0, 0, 9, 303.49, 6516, 2985268
1603678313, 1, 103, 408, 274, 1, 9.94%, 0, 0, 9, 308.74, 6516, 2986845
1603678344, 1, 354, 408, 273, 1, 9.94%, 0, 0, 9, 285.63, 6516, 2996407
1603678517, 1, 354, 409, 274, 1, 9.94%, 0, 0, 9, 263.33, 6516, 3041913
1603678542, 1, 375, 409, 273, 1, 9.94%, 0, 0, 9, 302.74, 6516, 3048927
1603678547, 1, 390, 409, 273, 1, 9.94%, 0, 0, 9, 284.15, 6516, 3050422
1603678735, 1, 390, 410, 274, 1, 9.94%, 0, 0, 9, 279.76, 6516, 3100869
1603678741, 1, 390, 411, 275, 1, 9.94%, 0, 0, 9, 301.12, 6516, 3102422
1603678766, 1, 408, 411, 274, 1, 9.94%, 0, 0, 9, 272.77, 6516, 3109925
1603678970, 1, 409, 411, 273, 0, 9.94%, 0, 0, 9, 311.64, 6516, 3164422
1603678975, 1, 409, 412, 274, 0, 9.94%, 0, 0, 9, 313.93, 6516, 3166000
1603678995, 1, 409, 413, 275, 0, 9.94%, 0, 0, 9, 316.43, 6516, 3172472
1603679067, 1, 409, 414, 276, 0, 9.94%, 0, 0, 9, 306.65, 6516, 3194887
1603679072, 1, 409, 415, 277, 0, 9.94%, 0, 0, 9, 301.75, 6516, 3196395
1603679133, 1, 409, 416, 278, 0, 9.94%, 0, 0, 9, 318.76, 6516, 3215567
1603679138, 1, 414, 418, 279, 0, 9.94%, 0, 0, 10, 317.19, 6516, 3217210
1603679169, 1, 414, 419, 280, 0, 9.94%, 0, 0, 10, 319.07, 6516, 3226986
1603679174, 1, 414, 420, 281, 0, 9.94%, 0, 0, 10, 317.64, 6516, 3228572
1603679184, 1, 414, 421, 282, 0, 9.94%, 0, 0, 10, 307.53, 6516, 3231784
1603679235, 1, 417, 421, 281, 1, 9.94%, 0, 0, 10, 306.76, 6516, 3247709
1603679260, 1, 417, 422, 282, 1, 9.94%, 0, 0, 11, 314.08, 6516, 3255752
1603679286, 1, 417, 423, 283, 1, 9.94%, 0, 0, 11, 317.14, 6516, 3263752
1603679327, 1, 417, 424, 284, 1, 9.94%, 0, 0, 11, 316.36, 6516, 3276534
1603679337, 1, 421, 425, 284, 1, 9.94%, 0, 0, 12, 317.41, 6516, 3279766
1603679378, 2, 1, 425, 283, 0, 9.94%, 0, 0, 12, 317.47, 6516, 3292708
1603679469, 2, 1, 426, 284, 0, 9.94%, 0, 0, 12, 317.16, 6516, 3321353
1603679474, 2, 10, 426, 283, 0, 9.94%, 0, 0, 12, 316.17, 6516, 3322931
1603679479, 2, 11, 426, 283, 0, 9.94%, 0, 0, 12, 317.36, 6516, 3324584
1603679510, 2, 12, 426, 282, 0, 9.94%, 0, 0, 12, 316.44, 6516, 3334253
1603679592, 2, 14, 426, 281, 0, 9.94%, 0, 0, 12, 313.16, 6516, 3359337
1603679632, 2, 14, 428, 283, 0, 9.94%, 0, 0, 12, 312.12, 6516, 3372048
1603679637, 2, 14, 429, 284, 0, 9.94%, 0, 0, 12, 314.56, 6516, 3373634
1603679658, 2, 19, 429, 283, 0, 9.94%, 0, 0, 12, 304.86, 6516, 3379917
1603679785, 2, 20, 429, 282, 0, 9.94%, 0, 0, 12, 314.62, 6516, 3419284
1603679851, 2, 36, 429, 281, 0, 9.94%, 0, 0, 12, 315.38, 6516, 3439925
1603679856, 2, 38, 429, 281, 0, 9.94%, 0, 0, 12, 316.95, 6516, 3441570
1603679881, 2, 38, 430, 282, 0, 9.94%, 0, 0, 12, 305.98, 6516, 3449415
1603679901, 2, 44, 430, 281, 0, 9.94%, 0, 0, 12, 315.57, 6516, 3455812
1603679906, 2, 57, 430, 281, 0, 9.94%, 0, 0, 12, 316.70, 6516, 3457396
1603679917, 2, 59, 431, 281, 0, 9.94%, 0, 0, 12, 316.29, 6516, 3460629
1603679973, 2, 64, 431, 280, 0, 9.94%, 0, 0, 12, 316.36, 6516, 3478139
1603680023, 2, 65, 431, 279, 0, 9.94%, 0, 0, 12, 311.17, 6516, 3494101
1603680065, 2, 69, 431, 278, 0, 9.94%, 0, 0, 12, 317.07, 6516, 3507167
1603680191, 2, 72, 431, 277, 0, 9.94%, 0, 0, 12, 316.86, 6516, 3546717
1603680196, 2, 88, 431, 277, 0, 9.94%, 0, 0, 12, 314.48, 6516, 3548296
1603680257, 2, 168, 432, 277, 1, 9.95%, 0, 0, 12, 316.04, 6518, 3567313
1603680385, 2, 348, 432, 276, 1, 9.95%, 0, 0, 12, 297.39, 6518, 3606426
1603680584, 2, 431, 432, 275, 1, 9.95%, 0, 0, 12, 311.64, 6518, 3660339
1603681944, 2, 431, 433, 276, 1, 9.95%, 0, 0, 12, 313.53, 6521, 4086436
1603681954, 2, 432, 433, 275, 1, 9.95%, 0, 0, 12, 318.78, 6521, 4089687
1603681975, 3, 15, 433, 274, 0, 9.95%, 0, 0, 12, 319.87, 6521, 4096101
1603681980, 3, 27, 433, 274, 0, 9.95%, 0, 0, 12, 320.61, 6521, 4097752
1603681985, 3, 27, 434, 275, 0, 9.95%, 0, 0, 12, 317.93, 6521, 4099402
1603682032, 3, 31, 434, 274, 0, 9.95%, 0, 0, 12, 316.89, 6521, 4114280
1603682072, 3, 32, 434, 273, 0, 9.95%, 0, 0, 12, 314.41, 6521, 4127158
1603682128, 3, 33, 434, 272, 0, 9.95%, 0, 0, 12, 308.39, 6521, 4144746
1603682179, 3, 35, 434, 271, 0, 9.95%, 0, 0, 12, 321.85, 6521, 4160826
1603682185, 3, 42, 434, 271, 0, 9.95%, 0, 0, 12, 321.66, 6521, 4162493
1603682231, 3, 43, 434, 270, 0, 9.95%, 0, 0, 12, 317.94, 6521, 4177082
1603682236, 3, 56, 434, 270, 0, 9.95%, 0, 0, 12, 322.47, 6521, 4178747
1603682282, 3, 58, 434, 269, 0, 9.95%, 0, 0, 12, 319.95, 6521, 4193266
1603682287, 3, 62, 434, 269, 0, 9.95%, 0, 0, 12, 318.18, 6521, 4194909
1603682333, 3, 63, 434, 268, 0, 9.95%, 0, 0, 12, 315.15, 6521, 4209461
1603682338, 3, 68, 434, 268, 0, 9.95%, 0, 0, 12, 320.45, 6521, 4211125
1603682354, 3, 72, 434, 267, 0, 9.95%, 0, 0, 12, 307.48, 6521, 4216000
1603682359, 3, 86, 434, 267, 0, 9.95%, 0, 0, 12, 309.93, 6521, 4217571
1603682389, 3, 95, 434, 266, 0, 9.95%, 0, 0, 12, 318.57, 6521, 4227403
1603682446, 3, 96, 434, 265, 0, 9.95%, 0, 0, 12, 320.11, 6521, 4245362
1603682564, 3, 97, 434, 264, 0, 9.95%, 0, 0, 12, 318.94, 6521, 4282456
1603682625, 3, 102, 434, 263, 0, 9.95%, 0, 0, 12, 317.07, 6521, 4301578
1603682630, 3, 105, 434, 263, 0, 9.95%, 0, 0, 12, 306.59, 6521, 4303121
1603682666, 3, 106, 434, 262, 0, 9.95%, 0, 0, 12, 317.28, 6521, 4314388
1603682773, 3, 114, 434, 261, 0, 9.95%, 0, 0, 12, 304.07, 6521, 4348056
1603682799, 3, 114, 435, 262, 0, 9.96%, 0, 0, 12, 307.66, 6527, 4355929
1603682835, 3, 231, 436, 262, 1, 9.96%, 0, 0, 12, 311.42, 6527, 4366964
1603682840, 3, 262, 436, 262, 1, 9.96%, 0, 0, 12, 307.30, 6527, 4368533
1603682896, 3, 370, 436, 261, 1, 9.96%, 0, 0, 12, 315.64, 6527, 4385830
1603682957, 3, 370, 437, 262, 1, 9.96%, 0, 0, 12, 321.28, 6527, 4405033
1603682967, 3, 434, 438, 262, 1, 9.96%, 0, 0, 12, 310.27, 6527, 4408194
1603682992, 3, 434, 439, 263, 1, 9.96%, 0, 0, 12, 312.55, 6527, 4416103
1603683033, 4, 5, 439, 262, 0, 9.96%, 0, 0, 12, 320.37, 6527, 4428984
1603683043, 4, 16, 439, 261, 0, 9.96%, 0, 0, 12, 320.82, 6527, 4432304
1603683048, 4, 36, 439, 261, 0, 9.96%, 0, 0, 12, 318.89, 6527, 4433952
1603683053, 4, 39, 439, 261, 0, 9.96%, 0, 0, 12, 317.23, 6527, 4435543
1603683100, 4, 40, 439, 260, 0, 9.96%, 0, 0, 12, 319.78, 6527, 4450391
1603683146, 4, 42, 439, 259, 0, 9.96%, 0, 0, 12, 318.08, 6527, 4465041
1603683151, 4, 45, 439, 259, 0, 9.96%, 0, 0, 12, 308.48, 6527, 4466611
1603683162, 4, 52, 439, 258, 0, 9.96%, 0, 0, 12, 318.59, 6527, 4469843
1603683218, 4, 63, 439, 257, 0, 9.96%, 0, 0, 12, 316.70, 6527, 4487589
1603683223, 4, 77, 439, 257, 0, 9.96%, 0, 0, 12, 305.40, 6527, 4489113
1603683274, 4, 80, 439, 256, 0, 9.96%, 0, 0, 12, 310.54, 6527, 4504863
1603683284, 4, 82, 439, 255, 0, 9.96%, 0, 0, 12, 311.51, 6527, 4508034
1603683325, 4, 92, 439, 254, 0, 9.96%, 0, 0, 12, 308.53, 6527, 4520746
1603683447, 4, 113, 439, 253, 0, 9.96%, 0, 0, 12, 310.71, 6527, 4558925
1603683498, 4, 118, 439, 252, 0, 9.96%, 0, 0, 12, 316.32, 6527, 4574828
1603683508, 4, 118, 440, 253, 0, 9.96%, 0, 0, 12, 321.39, 6528, 4578129
1603683559, 4, 173, 440, 252, 1, 9.96%, 0, 0, 12, 318.14, 6528, 4594314
1603683564, 4, 173, 441, 253, 1, 9.96%, 0, 0, 12, 315.65, 6528, 4595898
1603683666, 4, 247, 441, 252, 1, 9.96%, 0, 0, 12, 317.19, 6528, 4627922
1603684065, 4, 305, 441, 251, 1, 9.96%, 0, 0, 12, 292.38, 6528, 4668162
1603684222, 4, 305, 442, 252, 1, 9.96%, 0, 0, 12, 259.32, 6528, 4709774
1603684268, 4, 439, 443, 252, 1, 9.96%, 0, 0, 12, 311.83, 6528, 4722492
1603684349, 5, 0, 443, 251, 0, 9.96%, 0, 0, 12, 315.59, 6528, 4748035
1603684354, 5, 7, 443, 251, 0, 9.96%, 0, 0, 12, 316.15, 6528, 4749670
1603684365, 5, 9, 443, 250, 0, 9.96%, 0, 0, 12, 316.12, 6528, 4752957
1603684390, 5, 21, 443, 249, 0, 9.96%, 0, 0, 12, 320.09, 6528, 4761146
1603684395, 5, 36, 443, 249, 0, 9.96%, 0, 0, 12, 311.26, 6528, 4762718
1603684401, 5, 47, 443, 249, 0, 9.96%, 0, 0, 12, 313.59, 6528, 4764289
1603684462, 5, 60, 443, 248, 0, 9.96%, 0, 0, 12, 315.79, 6528, 4783616
1603684467, 5, 71, 443, 248, 0, 9.96%, 0, 0, 12, 316.85, 6528, 4785254
1603684472, 5, 78, 443, 248, 0, 9.96%, 0, 0, 12, 314.34, 6528, 4786831
1603684543, 5, 84, 443, 247, 0, 9.96%, 0, 0, 12, 315.12, 6528, 4809210
1603684548, 5, 91, 443, 247, 0, 9.96%, 0, 0, 12, 316.65, 6528, 4810859
1603684584, 5, 104, 443, 246, 0, 9.96%, 0, 0, 12, 306.05, 6528, 4821995
1603684589, 5, 112, 443, 246, 0, 9.96%, 0, 0, 12, 306.99, 6528, 4823576
1603684645, 5, 126, 444, 246, 0, 9.96%, 0, 0, 12, 316.47, 6528, 4841010
1603684655, 5, 136, 445, 246, 0, 9.96%, 0, 0, 12, 316.12, 6528, 4844243
1603684661, 5, 143, 445, 246, 0, 9.96%, 0, 0, 12, 317.33, 6528, 4845884
1603684716, 5, 151, 445, 245, 0, 9.96%, 0, 0, 12, 322.82, 6528, 4863483
1603684722, 5, 151, 447, 247, 0, 9.96%, 0, 0, 12, 315.77, 6528, 4865129
1603684778, 5, 395, 447, 246, 1, 9.96%, 0, 0, 12, 278.81, 6528, 4882700
1603685854, 5, 445, 447, 245, 1, 9.96%, 0, 0, 12, 309.24, 6528, 4937149
1603685920, 5, 445, 448, 246, 1, 9.96%, 0, 0, 12, 316.72, 6528, 4957727
1603685955, 5, 445, 449, 247, 1, 9.96%, 0, 0, 12, 314.40, 6528, 4968805
1603686011, 5, 447, 449, 246, 0, 9.96%, 0, 0, 12, 315.29, 6528, 4986231
1603686107, 6, 2, 449, 245, 0, 9.96%, 0, 0, 12, 314.20, 6528, 5016282
1603686113, 6, 15, 449, 245, 0, 9.96%, 0, 0, 12, 314.77, 6528, 5017926
1603686118, 6, 28, 449, 245, 0, 9.96%, 0, 0, 12, 306.27, 6528, 5019492
1603686123, 6, 44, 449, 245, 0, 9.96%, 0, 0, 12, 309.60, 6528, 5021064
1603686128, 6, 48, 449, 245, 0, 9.96%, 0, 0, 12, 309.19, 6528, 5022645
1603686184, 6, 54, 449, 244, 0, 9.96%, 0, 0, 12, 311.10, 6528, 5039966
1603686189, 6, 66, 449, 244, 0, 9.96%, 0, 0, 12, 310.64, 6528, 5041538
1603686194, 6, 75, 449, 244, 0, 9.96%, 0, 0, 12, 312.98, 6528, 5043109
1603686209, 6, 81, 449, 243, 0, 9.96%, 0, 0, 12, 315.69, 6528, 5047922
1603686255, 6, 84, 449, 242, 0, 9.96%, 0, 0, 12, 311.40, 6528, 5062130
1603686260, 6, 119, 449, 242, 0, 9.96%, 0, 0, 12, 310.66, 6528, 5063702
1603686265, 6, 128, 449, 242, 0, 9.96%, 0, 0, 12, 312.53, 6528, 5065274
1603686270, 6, 130, 449, 242, 0, 9.96%, 0, 0, 12, 310.63, 6528, 5066857
1603686357, 6, 133, 449, 241, 0, 9.96%, 0, 0, 12, 309.93, 6528, 5093818
1603686408, 6, 138, 449, 240, 0, 9.96%, 0, 0, 12, 311.04, 6528, 5109641
1603686413, 6, 148, 449, 240, 0, 9.96%, 0, 0, 12, 316.58, 6528, 5111280
1603686464, 6, 156, 449, 239, 0, 9.96%, 0, 0, 12, 310.48, 6528, 5127093
1603686591, 6, 169, 449, 238, 0, 9.96%, 0, 0, 12, 304.46, 6528, 5166487
1603686688, 6, 184, 449, 237, 0, 9.96%, 0, 0, 12, 315.67, 6528, 5196403
1603686703, 6, 186, 449, 236, 0, 9.96%, 0, 0, 12, 304.93, 6528, 5201116
1603686754, 6, 193, 449, 235, 0, 9.96%, 0, 0, 12, 313.32, 6528, 5216896
1603686805, 6, 196, 449, 234, 0, 9.96%, 0, 0, 12, 305.63, 6528, 5232535
1603686867, 6, 198, 449, 233, 0, 9.96%, 0, 0, 12, 301.27, 6528, 5251242
1603686922, 6, 200, 449, 232, 0, 9.96%, 0, 0, 12, 313.19, 6528, 5268325
1603686973, 6, 203, 449, 231, 0, 9.96%, 0, 0, 12, 304.53, 6528, 5283777
1603687030, 6, 214, 449, 230, 0, 9.96%, 0, 0, 12, 309.29, 6528, 5300974
1603687035, 6, 217, 449, 230, 0, 9.96%, 0, 0, 12, 312.02, 6528, 5302555
1603687086, 6, 218, 449, 229, 0, 9.96%, 0, 0, 12, 306.92, 6528, 5318356
1603687091, 6, 224, 450, 230, 0, 9.96%, 0, 0, 12, 308.70, 6528, 5319916
1603687096, 6, 234, 450, 230, 0, 9.96%, 0, 0, 12, 311.11, 6528, 5321498
1603687101, 6, 239, 450, 230, 0, 9.96%, 0, 0, 12, 313.03, 6528, 5323082
1603687106, 6, 242, 450, 230, 0, 9.96%, 0, 0, 12, 295.19, 6528, 5324593
1603687111, 6, 242, 451, 231, 0, 9.96%, 0, 0, 12, 268.89, 6528, 5325916
1603687306, 6, 242, 452, 232, 0, 9.96%, 0, 0, 12, 291.09, 6528, 5376488
1603687326, 6, 251, 452, 231, 0, 9.96%, 0, 0, 12, 302.76, 6528, 5382625
1603687423, 6, 251, 453, 232, 0, 9.96%, 0, 0, 12, 314.34, 6528, 5412143
1603687434, 6, 253, 453, 231, 0, 9.96%, 0, 0, 12, 307.58, 6528, 5415303
1603687439, 6, 262, 453, 231, 0, 9.96%, 0, 0, 12, 304.62, 6528, 5416869
1603687444, 6, 263, 453, 231, 0, 9.96%, 0, 0, 12, 304.57, 6528, 5418448
1603687500, 6, 265, 453, 230, 0, 9.96%, 0, 0, 12, 307.09, 6528, 5435473
1603687531, 6, 265, 454, 231, 0, 9.96%, 0, 0, 12, 308.24, 6528, 5444689
1603687561, 6, 267, 454, 230, 0, 9.96%, 0, 0, 12, 293.22, 6528, 5453990
1603687664, 6, 267, 456, 232, 0, 9.96%, 0, 0, 12, 255.69, 6528, 5480689
1603687767, 6, 271, 456, 231, 0, 9.96%, 0, 0, 12, 276.51, 6528, 5507676
1603687971, 6, 278, 456, 230, 0, 9.96%, 0, 0, 12, 260.62, 6528, 5561235
1603688171, 6, 280, 456, 229, 0, 9.96%, 0, 0, 12, 298.32, 6528, 5613298
1603688376, 6, 281, 456, 228, 0, 9.96%, 0, 0, 12, 296.89, 6528, 5666488
1603688585, 6, 287, 456, 227, 0, 9.96%, 0, 0, 12, 259.60, 6528, 5720964
1603688789, 6, 293, 456, 226, 0, 9.96%, 0, 0, 12, 271.88, 6528, 5773954
1603688989, 6, 300, 456, 225, 0, 9.96%, 0, 0, 12, 289.87, 6528, 5826457
1603689192, 6, 314, 456, 224, 0, 9.96%, 0, 0, 12, 303.83, 6528, 5880333
1603689397, 6, 317, 456, 223, 0, 9.96%, 0, 0, 12, 282.43, 6528, 5933982
1603689458, 6, 317, 457, 224, 0, 9.97%, 0, 0, 12, 259.97, 6532, 5949750
1603689601, 6, 321, 457, 223, 0, 9.97%, 0, 0, 12, 283.61, 6532, 5987271
1603689805, 6, 322, 457, 222, 0, 9.97%, 0, 0, 12, 272.66, 6532, 6040967
1603690009, 6, 323, 457, 221, 0, 9.97%, 0, 0, 12, 269.11, 6532, 6094526
1603690208, 6, 324, 457, 220, 0, 9.97%, 0, 0, 12, 300.41, 6532, 6146424
1603690413, 6, 326, 457, 219, 0, 9.97%, 0, 0, 12, 295.78, 6532, 6199675
1603690618, 6, 332, 457, 218, 0, 9.97%, 0, 0, 12, 300.33, 6532, 6252924
1603690823, 6, 333, 457, 217, 0, 9.97%, 0, 0, 12, 300.78, 6532, 6306127
1603691033, 6, 336, 457, 216, 0, 9.97%, 0, 0, 12, 267.04, 6532, 6360469
1603691053, 6, 336, 458, 217, 0, 9.97%, 0, 0, 12, 263.44, 6532, 6365695
1603691238, 6, 338, 458, 216, 0, 9.97%, 0, 0, 12, 274.54, 6532, 6413211
1603691344, 6, 338, 459, 217, 0, 9.97%, 0, 0, 12, 249.80, 6532, 6440355
1603691441, 6, 344, 459, 216, 0, 9.97%, 0, 0, 12, 290.69, 6532, 6465658
1603691646, 6, 351, 459, 215, 0, 9.97%, 0, 0, 12, 296.25, 6532, 6518813
1603691850, 6, 352, 459, 214, 0, 9.97%, 0, 0, 12, 282.29, 6532, 6572368
1603692056, 6, 353, 459, 213, 0, 9.97%, 0, 0, 12, 269.72, 6532, 6625599
1603692260, 6, 356, 459, 212, 0, 9.97%, 0, 0, 12, 291.18, 6532, 6678249
1603692464, 6, 359, 459, 211, 0, 9.97%, 0, 0, 12, 276.41, 6532, 6731840
1603692669, 6, 360, 459, 210, 0, 9.97%, 0, 0, 12, 277.75, 6532, 6785074
1603692684, 6, 360, 460, 211, 0, 9.97%, 0, 0, 12, 260.56, 6532, 6789004
1603692832, 6, 360, 461, 212, 0, 9.97%, 0, 0, 12, 260.18, 6532, 6827772
1603692867, 6, 362, 461, 211, 0, 9.97%, 0, 0, 12, 289.60, 6532, 6837377
1603693071, 6, 364, 461, 210, 0, 9.97%, 0, 0, 12, 275.41, 6532, 6891192
1603693275, 6, 373, 461, 209, 0, 9.97%, 0, 0, 12, 283.18, 6532, 6944142
1603693480, 6, 374, 461, 208, 0, 9.97%, 0, 0, 12, 286.91, 6532, 6997198
1603693685, 6, 375, 461, 207, 0, 9.97%, 0, 0, 12, 295.58, 6532, 7050298
1603693691, 6, 376, 461, 207, 0, 9.97%, 0, 0, 12, 267.60, 6532, 7051661
1603693895, 6, 380, 461, 206, 0, 9.97%, 0, 0, 12, 268.12, 6532, 7104437
1603694069, 6, 380, 462, 207, 0, 9.97%, 0, 0, 12, 250.02, 6532, 7149114
1603694100, 6, 381, 462, 206, 0, 9.97%, 0, 0, 12, 281.19, 6532, 7157328
1603694305, 6, 384, 462, 205, 0, 9.97%, 0, 0, 12, 294.80, 6532, 7210086
1603694310, 6, 386, 462, 205, 0, 9.97%, 0, 0, 12, 267.15, 6532, 7211474
1603694509, 6, 387, 462, 204, 0, 9.97%, 0, 0, 12, 298.96, 6532, 7263697
1603694667, 6, 387, 463, 205, 0, 9.97%, 0, 0, 12, 256.92, 6532, 7304973
1603694712, 6, 388, 463, 204, 0, 9.97%, 0, 0, 12, 276.21, 6532, 7317267
1603694917, 6, 396, 463, 203, 0, 9.97%, 0, 0, 12, 278.92, 6532, 7370817
1603695121, 6, 397, 463, 202, 0, 9.97%, 0, 0, 12, 297.60, 6532, 7424544
1603695331, 6, 398, 463, 201, 0, 9.97%, 0, 0, 12, 292.46, 6532, 7478762
1603695541, 6, 400, 463, 200, 0, 9.97%, 0, 0, 12, 289.88, 6532, 7533734
1603695745, 6, 402, 463, 199, 0, 9.97%, 0, 0, 12, 301.25, 6532, 7587396
1603695948, 6, 405, 463, 198, 0, 9.97%, 0, 0, 12, 302.08, 6532, 7641551
1603695953, 6, 406, 463, 198, 0, 9.97%, 0, 0, 12, 292.10, 6532, 7643052
1603696158, 6, 415, 463, 197, 0, 9.97%, 0, 0, 12, 313.80, 6532, 7698775
1603696230, 6, 418, 463, 196, 0, 9.97%, 0, 0, 12, 314.08, 6532, 7721321
1603696281, 6, 421, 463, 195, 0, 9.97%, 0, 0, 12, 312.78, 6532, 7737623
1603696286, 6, 422, 463, 195, 0, 9.97%, 0, 0, 12, 318.41, 6532, 7739275
1603696343, 6, 430, 463, 194, 0, 9.97%, 0, 0, 12, 316.66, 6532, 7757042
1603697365, 6, 432, 463, 193, 0, 9.97%, 0, 0, 12, 307.43, 6532, 8077012
1603697370, 6, 434, 463, 193, 0, 9.97%, 0, 0, 12, 303.92, 6532, 8078522
1603697375, 6, 435, 463, 193, 0, 9.97%, 0, 0, 12, 311.15, 6532, 8080104
1603697918, 6, 436, 463, 192, 0, 9.97%, 0, 0, 12, 317.14, 6532, 8251624
1603700107, 6, 436, 464, 193, 0, 9.97%, 0, 0, 12, 307.91, 6532, 8933671
1603700148, 6, 440, 464, 192, 0, 9.97%, 0, 0, 12, 306.30, 6532, 8946153
1603700153, 6, 440, 465, 193, 0, 9.97%, 0, 0, 12, 303.91, 6532, 8947678
1603700300, 6, 441, 465, 192, 0, 9.97%, 0, 0, 12, 286.45, 6532, 8994021
1603700520, 6, 443, 465, 191, 0, 9.97%, 0, 0, 12, 315.97, 6532, 9053708
1603700601, 6, 445, 465, 190, 0, 9.97%, 0, 0, 12, 305.83, 6532, 9079221
1603700606, 6, 449, 474, 199, 0, 9.97%, 0, 0, 12, 312.04, 6532, 9080795
1603700708, 6, 454, 474, 198, 0, 9.97%, 0, 0, 12, 295.05, 6532, 9112972
1603700927, 6, 459, 474, 197, 0, 9.97%, 0, 0, 12, 296.90, 6532, 9172493
1603701157, 6, 462, 474, 196, 0, 9.97%, 0, 0, 12, 279.45, 6532, 9236566
1603701402, 6, 464, 474, 195, 0, 9.97%, 0, 0, 12, 317.38, 6532, 9304233
1603701549, 6, 467, 474, 194, 0, 9.97%, 0, 0, 12, 317.61, 6532, 9350602
1603701616, 7, 3, 474, 193, 0, 9.97%, 0, 0, 12, 305.43, 6532, 9371757
1603701621, 7, 16, 474, 193, 0, 9.97%, 0, 0, 12, 309.85, 6532, 9373329
1603701627, 7, 34, 474, 193, 0, 9.97%, 0, 0, 12, 316.45, 6532, 9374967
1603701632, 7, 50, 474, 193, 0, 9.97%, 0, 0, 12, 315.30, 6532, 9376603
1603701637, 7, 61, 475, 194, 0, 9.97%, 0, 0, 12, 317.42, 6532, 9378245
1603701642, 7, 76, 475, 194, 0, 9.97%, 0, 0, 12, 317.77, 6532, 9379893
1603701719, 7, 79, 475, 193, 0, 9.97%, 0, 0, 12, 316.63, 6532, 9404242
1603701765, 7, 83, 475, 192, 0, 9.97%, 0, 0, 12, 321.78, 6532, 9418829
1603701770, 7, 115, 475, 192, 0, 9.97%, 0, 0, 12, 314.68, 6532, 9420467
1603701775, 7, 120, 475, 192, 0, 9.97%, 0, 0, 12, 312.83, 6532, 9422048
1603701821, 7, 125, 475, 191, 0, 9.97%, 0, 0, 12, 316.62, 6532, 9436573
1603701826, 7, 138, 475, 191, 0, 9.97%, 0, 0, 12, 316.87, 6532, 9438211
1603701832, 7, 150, 475, 191, 0, 9.97%, 0, 0, 12, 318.47, 6532, 9439848
1603701893, 7, 153, 475, 190, 0, 9.97%, 0, 0, 12, 304.06, 6532, 9458959
1603701969, 7, 159, 475, 189, 0, 9.97%, 0, 0, 12, 317.59, 6532, 9482980
1603702091, 7, 172, 475, 188, 0, 9.97%, 0, 0, 12, 321.08, 6532, 9521229
1603702096, 7, 174, 475, 188, 0, 9.97%, 0, 0, 12, 319.28, 6532, 9522882
1603702218, 7, 178, 475, 187, 0, 9.97%, 0, 0, 12, 314.45, 6532, 9561027
1603702335, 7, 182, 475, 186, 0, 9.97%, 0, 0, 12, 304.98, 6532, 9597767
1603702361, 7, 188, 475, 185, 0, 9.97%, 0, 0, 12, 317.99, 6532, 9605942
1603702366, 7, 202, 475, 185, 0, 9.97%, 0, 0, 12, 308.84, 6532, 9607496
1603702371, 7, 211, 475, 185, 0, 9.97%, 0, 0, 12, 304.73, 6532, 9609009
1603702427, 7, 214, 475, 184, 0, 9.97%, 0, 0, 12, 305.98, 6532, 9626651
1603702432, 7, 223, 475, 184, 0, 9.97%, 0, 0, 12, 311.82, 6532, 9628241
1603702437, 7, 230, 475, 184, 0, 9.97%, 0, 0, 12, 316.25, 6532, 9629831
1603702443, 7, 235, 475, 184, 0, 9.97%, 0, 0, 12, 315.20, 6532, 9631421
1603702448, 7, 237, 475, 184, 0, 9.97%, 0, 0, 12, 315.13, 6532, 9633006
1603702504, 7, 239, 475, 183, 0, 9.97%, 0, 0, 12, 310.72, 6532, 9650576
1603702509, 7, 248, 475, 183, 0, 9.97%, 0, 0, 12, 314.67, 6532, 9652165
1603702514, 7, 248, 476, 184, 0, 9.97%, 0, 0, 12, 314.34, 6532, 9653749
1603702611, 7, 449, 476, 183, 1, 9.97%, 0, 0, 12, 313.84, 6532, 9683660
1603702616, 7, 475, 477, 184, 1, 9.97%, 0, 0, 12, 308.67, 6532, 9685237
1603702626, 7, 475, 478, 185, 1, 9.97%, 0, 0, 12, 309.25, 6532, 9688396
1603702718, 7, 475, 479, 186, 1, 9.97%, 0, 0, 12, 304.06, 6532, 9716575
1603702764, 8, 6, 479, 185, 0, 9.97%, 0, 0, 12, 316.43, 6532, 9731017
1603702769, 8, 18, 479, 185, 0, 9.97%, 0, 0, 12, 318.62, 6532, 9732662
1603702820, 8, 30, 479, 184, 0, 9.97%, 0, 0, 12, 312.79, 6532, 9748898
1603702871, 8, 41, 479, 183, 0, 9.97%, 0, 0, 12, 317.27, 6532, 9764894
1603702922, 8, 50, 479, 182, 0, 9.97%, 0, 0, 12, 313.52, 6532, 9780800
1603702927, 8, 66, 479, 182, 0, 9.97%, 0, 0, 12, 305.55, 6532, 9782318
1603702932, 8, 86, 479, 182, 0, 9.97%, 0, 0, 12, 311.10, 6532, 9783890
1603702937, 8, 116, 479, 182, 0, 9.97%, 0, 0, 12, 317.33, 6532, 9785539
1603702988, 8, 136, 479, 181, 0, 9.97%, 0, 0, 12, 315.94, 6532, 9801559
1603702993, 8, 137, 479, 181, 0, 9.97%, 0, 0, 12, 309.28, 6532, 9803142
1603703085, 8, 146, 479, 180, 0, 9.97%, 0, 0, 12, 321.57, 6532, 9831473
1603703090, 8, 149, 479, 180, 0, 9.97%, 0, 0, 12, 320.21, 6532, 9833126
1603703142, 8, 154, 479, 179, 0, 9.97%, 0, 0, 12, 316.12, 6532, 9849422
1603703193, 8, 155, 479, 178, 0, 9.97%, 0, 0, 12, 308.39, 6532, 9865354
1603703290, 8, 163, 479, 177, 0, 9.97%, 0, 0, 12, 316.72, 6532, 9895780
1603703407, 8, 164, 479, 176, 0, 9.97%, 0, 0, 12, 317.26, 6532, 9932547
1603703534, 8, 165, 479, 175, 0, 9.97%, 0, 0, 12, 307.73, 6532, 9972726
1603703662, 8, 167, 479, 174, 0, 9.97%, 0, 0, 12, 315.34, 6532, 10013014
1603703784, 8, 171, 479, 173, 0, 9.97%, 0, 0, 12, 313.34, 6532, 10051379
1603703901, 8, 175, 479, 172, 0, 9.97%, 0, 0, 12, 304.06, 6532, 10087873
1603703937, 8, 183, 479, 171, 0, 9.97%, 0, 0, 12, 309.36, 6532, 10098925
1603703942, 8, 187, 479, 171, 0, 9.97%, 0, 0, 12, 311.10, 6532, 10100510
1603703998, 8, 188, 479, 170, 0, 9.97%, 0, 0, 12, 312.64, 6532, 10117652
1603704003, 8, 191, 479, 170, 0, 9.97%, 0, 0, 12, 308.49, 6532, 10119237
1603704054, 8, 206, 479, 169, 0, 9.97%, 0, 0, 12, 304.25, 6532, 10134760
1603704115, 8, 212, 479, 168, 0, 9.97%, 0, 0, 12, 313.61, 6532, 10153488
1603704120, 8, 216, 479, 168, 0, 9.97%, 0, 0, 12, 307.56, 6532, 10155030
1603704125, 8, 224, 479, 168, 0, 9.97%, 0, 0, 12, 305.24, 6532, 10156554
1603704130, 8, 226, 479, 168, 0, 9.97%, 0, 0, 12, 304.33, 6532, 10158116
1603704186, 8, 230, 479, 167, 0, 9.97%, 0, 0, 12, 317.88, 6532, 10175536
1603704191, 8, 232, 479, 167, 0, 9.97%, 0, 0, 12, 314.04, 6532, 10177123
1603704252, 8, 238, 479, 166, 0, 9.97%, 0, 0, 12, 317.42, 6532, 10196084
1603704258, 8, 243, 479, 166, 0, 9.97%, 0, 0, 12, 317.45, 6532, 10197740
1603704263, 8, 255, 479, 166, 0, 9.97%, 0, 0, 12, 317.42, 6532, 10199333
1603704283, 8, 259, 479, 165, 0, 9.97%, 0, 0, 12, 313.29, 6532, 10205728
1603704339, 8, 260, 479, 164, 0, 9.97%, 0, 0, 12, 312.88, 6532, 10223010
1603704344, 8, 270, 479, 164, 0, 9.97%, 0, 0, 12, 310.44, 6532, 10224587
1603704426, 8, 270, 480, 165, 0, 9.97%, 0, 0, 12, 266.59, 6532, 10246144
1603704548, 8, 273, 480, 164, 0, 9.97%, 0, 0, 12, 276.65, 6532, 10278225
1603704752, 8, 286, 480, 163, 0, 9.97%, 0, 0, 12, 275.39, 6532, 10331295
1603704956, 8, 290, 480, 162, 0, 9.97%, 0, 0, 12, 290.71, 6532, 10384008
1603705165, 8, 297, 480, 161, 0, 9.97%, 0, 0, 12, 290.60, 6532, 10437442
1603705216, 8, 297, 481, 162, 0, 9.97%, 0, 0, 12, 251.47, 6532, 10450498
1603705375, 8, 304, 481, 161, 0, 9.97%, 0, 0, 12, 265.00, 6532, 10491541
1603705580, 8, 309, 481, 160, 0, 9.97%, 0, 0, 12, 284.32, 6532, 10544150
1603705784, 8, 310, 481, 159, 0, 9.97%, 0, 0, 12, 280.64, 6532, 10597098
1603705990, 8, 311, 481, 158, 0, 9.97%, 0, 0, 12, 288.49, 6532, 10650124
1603705995, 8, 313, 481, 158, 0, 9.97%, 0, 0, 12, 281.49, 6532, 10651549
1603706199, 8, 328, 481, 157, 0, 9.97%, 0, 0, 12, 290.40, 6532, 10704571
1603706287, 8, 328, 482, 158, 0, 9.97%, 0, 0, 12, 250.85, 6532, 10726763
1603706410, 8, 347, 482, 157, 0, 9.97%, 0, 0, 12, 278.20, 6532, 10758798
1603706613, 8, 361, 482, 156, 0, 9.97%, 0, 0, 12, 281.10, 6532, 10812376
1603706812, 8, 363, 482, 155, 0, 9.97%, 0, 0, 12, 298.60, 6532, 10864703
1603707022, 8, 365, 482, 154, 0, 9.97%, 0, 0, 12, 268.37, 6532, 10919130
1603707226, 8, 367, 482, 153, 0, 9.97%, 0, 0, 12, 298.57, 6532, 10972493
1603707339, 8, 375, 482, 152, 0, 9.97%, 0, 0, 12, 304.00, 6532, 11006109
1603707344, 8, 378, 482, 152, 0, 9.97%, 0, 0, 12, 271.30, 6532, 11007474
1603707549, 8, 382, 482, 151, 0, 9.97%, 0, 0, 12, 285.16, 6532, 11060168
1603707636, 8, 382, 483, 152, 0, 9.97%, 0, 0, 12, 256.16, 6532, 11082349
1603707754, 8, 384, 483, 151, 0, 9.97%, 0, 0, 12, 295.74, 6532, 11113066
1603707759, 8, 385, 483, 151, 0, 9.97%, 0, 0, 12, 274.23, 6532, 11114459
1603707896, 8, 385, 484, 152, 0, 9.97%, 0, 0, 12, 262.55, 6532, 11150578
1603707957, 8, 387, 484, 151, 0, 9.97%, 0, 0, 12, 305.89, 6532, 11167128
1603707962, 8, 391, 484, 151, 0, 9.97%, 0, 0, 12, 285.13, 6532, 11168601
1603708171, 8, 392, 484, 150, 0, 9.97%, 0, 0, 12, 281.30, 6532, 11222651
1603708380, 8, 394, 484, 149, 0, 9.97%, 0, 0, 12, 267.88, 6532, 11276158
1603708590, 8, 401, 484, 148, 0, 9.97%, 0, 0, 12, 298.67, 6532, 11330079
1603708794, 8, 402, 484, 147, 0, 9.97%, 0, 0, 12, 300.41, 6532, 11384058
1603708799, 8, 405, 484, 147, 0, 9.97%, 0, 0, 12, 300.42, 6532, 11385627
1603708804, 8, 410, 484, 147, 0, 9.97%, 0, 0, 12, 305.89, 6532, 11387215
1603708938, 8, 412, 484, 146, 0, 9.97%, 0, 0, 12, 304.51, 6532, 11427934
1603708943, 8, 412, 485, 147, 0, 9.97%, 0, 0, 12, 304.89, 6532, 11429512
1603709056, 8, 420, 485, 146, 0, 9.97%, 0, 0, 12, 303.38, 6532, 11463989
1603709097, 8, 422, 485, 145, 0, 9.97%, 0, 0, 12, 308.59, 6532, 11476587
1603709102, 8, 428, 485, 145, 0, 9.97%, 0, 0, 12, 299.29, 6532, 11478091
1603709240, 8, 432, 485, 144, 0, 9.97%, 0, 0, 12, 309.10, 6532, 11520306
1603709245, 8, 433, 485, 144, 0, 9.97%, 0, 0, 12, 306.40, 6532, 11521891
1603709337, 8, 434, 485, 143, 0, 9.97%, 0, 0, 12, 308.09, 6532, 11549921
1603709342, 8, 443, 485, 143, 0, 9.97%, 0, 0, 12, 306.52, 6532, 11551499
1603709347, 8, 458, 485, 143, 0, 9.97%, 0, 0, 12, 293.19, 6532, 11553016
1603709577, 8, 460, 485, 142, 0, 9.97%, 0, 0, 12, 274.37, 6532, 11613055
1603709679, 8, 460, 486, 143, 0, 9.97%, 0, 0, 12, 254.24, 6532, 11639673
1603709796, 8, 466, 486, 142, 0, 9.97%, 0, 0, 12, 297.53, 6532, 11671400
1603709863, 8, 468, 486, 141, 0, 9.97%, 0, 0, 12, 303.72, 6532, 11691759
1603709934, 8, 469, 486, 140, 0, 9.97%, 0, 0, 12, 297.90, 6532, 11713483
1603710006, 8, 476, 486, 139, 0, 9.97%, 0, 0, 12, 298.12, 6532, 11735079
1603710113, 8, 476, 488, 141, 0, 9.97%, 0, 0, 12, 306.91, 6532, 11767153
1603710129, 8, 476, 489, 142, 0, 9.97%, 0, 0, 12, 299.53, 6532, 11771829
1603710210, 8, 478, 489, 141, 0, 9.97%, 0, 0, 12, 307.69, 6532, 11796814
1603710262, 8, 478, 490, 142, 0, 9.97%, 0, 0, 12, 293.49, 6534, 11811902
1603710354, 8, 489, 490, 141, 1, 9.97%, 0, 0, 12, 292.88, 6534, 11839623
1603710593, 9, 4, 490, 140, 0, 9.97%, 0, 0, 12, 307.24, 6534, 11904438
1603710599, 9, 16, 490, 140, 0, 9.97%, 0, 0, 12, 297.96, 6534, 11905974
1603710604, 9, 35, 490, 140, 0, 9.97%, 0, 0, 12, 303.85, 6534, 11907528
1603710609, 9, 54, 490, 140, 0, 9.97%, 0, 0, 12, 309.41, 6534, 11909100
1603710614, 9, 65, 490, 140, 0, 9.97%, 0, 0, 12, 308.38, 6534, 11910672
1603710619, 9, 83, 490, 140, 0, 9.97%, 0, 0, 12, 298.61, 6534, 11912208
1603710624, 9, 111, 490, 140, 0, 9.97%, 0, 0, 12, 303.59, 6534, 11913761
1603710686, 9, 128, 490, 139, 0, 9.97%, 0, 0, 12, 303.05, 6534, 11932286
1603710691, 9, 144, 490, 139, 0, 9.97%, 0, 0, 12, 306.52, 6534, 11933858
1603710696, 9, 152, 490, 139, 0, 9.97%, 0, 0, 12, 309.30, 6534, 11935435
1603710757, 9, 170, 490, 138, 0, 9.97%, 0, 0, 12, 309.62, 6534, 11954172
1603710870, 9, 174, 490, 137, 0, 9.97%, 0, 0, 12, 300.10, 6534, 11988596
1603710875, 9, 181, 490, 137, 0, 9.97%, 0, 0, 12, 306.12, 6534, 11990170
1603710911, 9, 185, 490, 136, 0, 9.97%, 0, 0, 12, 298.45, 6534, 12001199
1603710916, 9, 185, 491, 137, 0, 9.97%, 0, 0, 12, 304.06, 6537, 12002768
1603710921, 9, 212, 491, 136, 1, 9.97%, 0, 0, 12, 310.04, 6537, 12004348
1603710926, 9, 451, 491, 136, 1, 9.97%, 0, 0, 12, 268.70, 6537, 12005704
1603711152, 9, 487, 491, 135, 1, 9.97%, 0, 0, 12, 295.49, 6537, 12064909
1603711162, 9, 487, 492, 136, 1, 9.97%, 0, 0, 12, 298.04, 6537, 12067969
1603711264, 9, 487, 493, 137, 1, 9.97%, 0, 0, 12, 295.46, 6537, 12098481
1603711274, 9, 487, 494, 138, 1, 9.97%, 0, 0, 12, 304.71, 6537, 12101632
1603711310, 9, 487, 495, 139, 1, 9.97%, 0, 0, 12, 296.03, 6537, 12112467
1603711346, 9, 490, 495, 138, 1, 9.97%, 0, 0, 12, 297.81, 6537, 12123345
1603711377, 9, 491, 495, 137, 0, 9.97%, 0, 0, 12, 304.90, 6537, 12132640
1603711530, 9, 492, 495, 136, 0, 9.97%, 0, 0, 12, 281.25, 6537, 12178888
1603711765, 9, 494, 495, 135, 0, 9.97%, 0, 0, 12, 303.50, 6537, 12241580
1603711770, 9, 494, 498, 138, 0, 9.97%, 0, 0, 12, 292.49, 6537, 12243083
1603711898, 9, 494, 499, 139, 0, 9.97%, 0, 0, 12, 310.87, 6537, 12281828
1603711919, 9, 494, 500, 140, 0, 9.97%, 0, 0, 12, 311.04, 6537, 12288160
1603711970, 9, 497, 500, 139, 0, 9.97%, 0, 0, 12, 305.27, 6537, 12304083
1603712134, 9, 499, 501, 139, 0, 9.97%, 0, 0, 12, 304.55, 6537, 12353758
1603712262, 9, 499, 502, 140, 0, 9.97%, 0, 0, 12, 297.08, 6537, 12392086
1603712339, 10, 2, 502, 139, 0, 9.97%, 0, 0, 12, 311.19, 6537, 12415571
1603712344, 10, 14, 502, 139, 0, 9.97%, 0, 0, 12, 302.89, 6537, 12417095
1603712349, 10, 28, 502, 139, 0, 9.97%, 0, 0, 12, 302.02, 6537, 12418613
1603712354, 10, 29, 502, 139, 0, 9.97%, 0, 0, 12, 305.82, 6537, 12420194
1603712400, 10, 35, 502, 138, 0, 9.97%, 0, 0, 12, 311.72, 6537, 12434288
1603712405, 10, 48, 502, 138, 0, 9.97%, 0, 0, 12, 318.42, 6537, 12435944
1603712410, 10, 61, 502, 138, 0, 9.97%, 0, 0, 12, 312.74, 6537, 12437522
1603712415, 10, 72, 502, 138, 0, 9.97%, 0, 0, 12, 316.80, 6537, 12439158
1603712421, 10, 87, 502, 138, 0, 9.97%, 0, 0, 12, 317.38, 6537, 12440808
1603712462, 10, 98, 502, 137, 0, 9.97%, 0, 0, 12, 307.68, 6537, 12453377
1603712467, 10, 110, 502, 137, 0, 9.97%, 0, 0, 12, 307.09, 6537, 12454934
1603712523, 10, 118, 502, 136, 0, 9.97%, 0, 0, 12, 301.82, 6537, 12471704
1603712528, 10, 136, 502, 136, 0, 9.97%, 0, 0, 12, 305.04, 6537, 12473264
1603712533, 10, 146, 502, 136, 0, 9.97%, 0, 0, 12, 309.80, 6537, 12474830
1603712538, 10, 161, 502, 136, 0, 9.97%, 0, 0, 12, 305.52, 6537, 12476391
1603712661, 10, 183, 502, 135, 0, 9.97%, 0, 0, 12, 308.92, 6537, 12514125
1603712666, 10, 199, 502, 135, 0, 9.97%, 0, 0, 12, 298.29, 6537, 12515660
1603712697, 10, 199, 503, 136, 0, 9.97%, 0, 0, 12, 307.05, 6537, 12524896
1603712727, 10, 209, 503, 135, 0, 9.97%, 0, 0, 12, 310.01, 6537, 12534141
1603712783, 10, 214, 503, 134, 0, 9.97%, 0, 0, 12, 310.01, 6537, 12551469
1603712788, 10, 223, 503, 134, 0, 9.97%, 0, 0, 12, 311.79, 6537, 12553053
1603712794, 10, 230, 503, 134, 0, 9.97%, 0, 0, 12, 314.57, 6537, 12554643
1603712799, 10, 234, 503, 134, 0, 9.97%, 0, 0, 12, 311.33, 6537, 12556233
1603712804, 10, 239, 503, 134, 0, 9.97%, 0, 0, 12, 307.68, 6537, 12557799
1603712809, 10, 246, 503, 134, 0, 9.97%, 0, 0, 12, 283.95, 6537, 12559259
1603713018, 10, 254, 503, 133, 0, 9.97%, 0, 0, 12, 305.44, 6537, 12613878
1603713038, 10, 260, 503, 132, 0, 9.97%, 0, 0, 12, 303.53, 6537, 12620037
1603713043, 10, 277, 503, 132, 0, 9.97%, 0, 0, 12, 289.55, 6537, 12621525
1603713253, 10, 279, 503, 131, 0, 9.97%, 0, 0, 12, 257.68, 6537, 12675742
1603713453, 10, 283, 503, 130, 0, 9.97%, 0, 0, 12, 311.14, 6537, 12728561
1603713642, 10, 291, 503, 129, 0, 9.97%, 0, 0, 12, 303.66, 6537, 12782378
1603713708, 10, 291, 504, 130, 0, 9.97%, 0, 0, 12, 297.05, 6537, 12801194
1603713825, 10, 355, 504, 129, 1, 9.97%, 0, 0, 12, 325.76, 6537, 12835377
1603713830, 10, 496, 504, 129, 1, 9.97%, 0, 0, 12, 327.52, 6537, 12837046
1603713973, 10, 503, 504, 128, 1, 9.97%, 0, 0, 12, 305.89, 6537, 12885358
1603714034, 10, 503, 505, 129, 1, 9.97%, 0, 0, 12, 287.70, 6537, 12903084
1603714171, 11, 3, 505, 128, 0, 9.97%, 0, 0, 12, 338.15, 6537, 12944244
1603714176, 11, 17, 505, 128, 0, 9.97%, 0, 0, 12, 349.73, 6537, 12946054
1603714181, 11, 36, 505, 128, 0, 9.97%, 0, 0, 12, 351.99, 6537, 12947857
1603714186, 11, 58, 505, 128, 0, 9.97%, 0, 0, 12, 343.48, 6537, 12949590
1603714191, 11, 72, 505, 128, 0, 9.97%, 0, 0, 12, 345.66, 6537, 12951376
1603714197, 11, 106, 505, 128, 0, 9.97%, 0, 0, 12, 352.44, 6537, 12953219
1603714202, 11, 107, 505, 128, 0, 9.97%, 0, 0, 12, 350.87, 6537, 12954990
1603714247, 11, 122, 505, 127, 0, 9.97%, 0, 0, 12, 348.94, 6537, 12970972
1603714253, 11, 140, 505, 127, 0, 9.97%, 0, 0, 12, 351.91, 6537, 12972772
1603714258, 11, 166, 505, 127, 0, 9.97%, 0, 0, 12, 343.86, 6537, 12974492
1603714365, 11, 180, 505, 126, 0, 9.97%, 0, 0, 12, 347.95, 6537, 13011691
1603714391, 11, 180, 506, 127, 0, 9.97%, 0, 0, 12, 340.36, 6537, 13020565
1603714426, 11, 261, 506, 126, 1, 9.97%, 0, 0, 12, 340.07, 6537, 13032966
1603714483, 11, 453, 506, 125, 1, 9.97%, 0, 0, 12, 349.44, 6537, 13052216
1603714508, 11, 453, 507, 126, 1, 9.97%, 0, 0, 12, 336.43, 6537, 13060904
1603714554, 11, 462, 507, 125, 2, 9.97%, 0, 0, 12, 334.16, 6537, 13076357
1603714559, 11, 505, 507, 125, 2, 9.97%, 0, 0, 12, 333.95, 6537, 13078030
1603714594, 11, 505, 508, 126, 2, 9.97%, 0, 0, 12, 338.04, 6537, 13089962
1603714640, 11, 506, 508, 125, 1, 9.97%, 0, 0, 12, 337.57, 6537, 13105423
1603714726, 12, 2, 508, 124, 0, 9.97%, 0, 0, 12, 338.00, 6537, 13134206
1603714732, 12, 16, 508, 124, 0, 9.97%, 0, 0, 12, 342.71, 6537, 13135992
1603714737, 12, 25, 508, 124, 0, 9.97%, 0, 0, 12, 340.64, 6537, 13137711
1603714788, 12, 34, 508, 123, 0, 9.97%, 0, 0, 12, 345.84, 6537, 13155005
1603714793, 12, 50, 508, 123, 0, 9.97%, 0, 0, 12, 340.25, 6537, 13156715
1603714798, 12, 53, 508, 123, 0, 9.97%, 0, 0, 12, 335.64, 6537, 13158420
1603714849, 12, 54, 508, 122, 0, 9.97%, 0, 0, 12, 340.71, 6537, 13175659
1603714854, 12, 70, 508, 122, 0, 9.97%, 0, 0, 12, 340.51, 6537, 13177373
1603714859, 12, 101, 508, 122, 0, 9.97%, 0, 0, 12, 341.42, 6537, 13179089
1603714864, 12, 128, 508, 122, 0, 9.97%, 0, 0, 12, 338.62, 6537, 13180797
1603714869, 12, 129, 508, 122, 0, 9.97%, 0, 0, 12, 330.26, 6537, 13182476
1603714950, 12, 135, 508, 121, 0, 9.97%, 0, 0, 12, 340.73, 6537, 13209980
1603714955, 12, 145, 508, 121, 0, 9.97%, 0, 0, 12, 339.73, 6537, 13211696
1603714960, 12, 176, 508, 121, 0, 9.97%, 0, 0, 12, 330.45, 6537, 13213397
1603714996, 12, 183, 508, 120, 0, 9.97%, 0, 0, 12, 340.26, 6537, 13225509
1603715001, 12, 193, 508, 120, 0, 9.97%, 0, 0, 12, 342.52, 6537, 13227237
1603715006, 12, 197, 508, 120, 0, 9.97%, 0, 0, 12, 337.32, 6537, 13228948
1603715027, 12, 197, 509, 121, 0, 9.97%, 0, 0, 12, 341.17, 6537, 13235804
1603715032, 12, 197, 510, 122, 0, 9.97%, 0, 0, 12, 343.84, 6537, 13237532
1603715057, 12, 508, 510, 121, 1, 9.97%, 0, 0, 12, 349.36, 6537, 13246137
1603715134, 12, 509, 510, 120, 0, 9.97%, 0, 0, 12, 312.14, 6537, 13270131
1603715210, 13, 5, 510, 119, 0, 9.97%, 0, 0, 12, 344.31, 6537, 13295236
1603715215, 13, 21, 510, 119, 0, 9.97%, 0, 0, 12, 343.27, 6537, 13296958
1603715220, 13, 43, 510, 119, 0, 9.97%, 0, 0, 12, 331.54, 6537, 13298654
1603715225, 13, 61, 510, 119, 0, 9.97%, 0, 0, 12, 332.06, 6537, 13300344
1603715230, 13, 83, 510, 119, 0, 9.97%, 0, 0, 12, 331.00, 6537, 13302000
1603715235, 13, 127, 510, 119, 0, 9.97%, 0, 0, 12, 337.51, 6537, 13303714
1603715240, 13, 142, 510, 119, 0, 9.97%, 0, 0, 12, 343.82, 6537, 13305500
1603715245, 13, 158, 510, 119, 0, 9.97%, 0, 0, 12, 343.18, 6537, 13307219
1603715362, 13, 177, 510, 118, 0, 9.97%, 0, 0, 12, 343.01, 6537, 13347371
1603715468, 13, 188, 510, 117, 0, 9.97%, 0, 0, 12, 339.77, 6537, 13383498
1603715474, 13, 213, 510, 117, 0, 9.97%, 0, 0, 12, 343.65, 6537, 13385232
1603715479, 13, 222, 510, 117, 0, 9.97%, 0, 0, 12, 345.15, 6537, 13386968
1603715576, 13, 227, 510, 116, 0, 9.97%, 0, 0, 12, 341.17, 6537, 13419285
1603715581, 13, 234, 510, 116, 0, 9.97%, 0, 0, 12, 343.90, 6537, 13421019
1603715586, 13, 241, 510, 116, 0, 9.97%, 0, 0, 12, 344.83, 6537, 13422755
1603715591, 13, 250, 510, 116, 0, 9.97%, 0, 0, 12, 321.88, 6537, 13424390
1603715775, 13, 257, 510, 115, 0, 9.97%, 0, 0, 12, 301.05, 6537, 13477604
1603715780, 13, 276, 510, 115, 0, 9.97%, 0, 0, 12, 308.78, 6537, 13479187
1603715974, 13, 284, 510, 114, 0, 9.97%, 0, 0, 12, 322.09, 6537, 13533066
1603716162, 13, 285, 510, 113, 0, 9.97%, 0, 0, 12, 311.25, 6537, 13587234
1603716223, 13, 285, 511, 114, 0, 9.97%, 0, 0, 12, 286.11, 6537, 13604699
1603716350, 13, 510, 511, 113, 1, 9.97%, 0, 0, 12, 296.82, 6537, 13641361
1603716570, 14, 6, 511, 112, 0, 9.97%, 0, 0, 12, 339.37, 6537, 13701436
1603716575, 14, 21, 511, 112, 0, 9.97%, 0, 0, 12, 333.65, 6537, 13703114
1603716580, 14, 36, 511, 112, 0, 9.97%, 0, 0, 12, 333.11, 6537, 13704776
1603716585, 14, 58, 511, 112, 0, 9.97%, 0, 0, 12, 337.92, 6537, 13706490
1603716590, 14, 68, 511, 112, 0, 9.97%, 0, 0, 12, 342.37, 6537, 13708276
1603716595, 14, 94, 511, 112, 0, 9.97%, 0, 0, 12, 343.12, 6537, 13709991
1603716671, 14, 121, 511, 111, 0, 9.97%, 0, 0, 12, 334.16, 6537, 13735746
1603716677, 14, 140, 511, 111, 0, 9.97%, 0, 0, 12, 338.96, 6537, 13737460
1603716682, 14, 176, 511, 111, 0, 9.97%, 0, 0, 12, 345.03, 6537, 13739246
1603716687, 14, 212, 511, 111, 0, 9.97%, 0, 0, 12, 347.61, 6537, 13741056
1603716692, 14, 216, 511, 111, 0, 9.97%, 0, 0, 12, 339.09, 6537, 13742766
1603716697, 14, 223, 511, 111, 0, 9.97%, 0, 0, 12, 339.18, 6537, 13744488
1603716702, 14, 231, 512, 112, 0, 9.97%, 0, 0, 12, 344.64, 6537, 13746226
1603716707, 14, 234, 512, 112, 0, 9.97%, 0, 0, 12, 346.40, 6537, 13748026
1603716712, 14, 236, 512, 112, 0, 9.97%, 0, 0, 12, 333.63, 6537, 13749747
1603716763, 14, 249, 512, 111, 0, 9.97%, 0, 0, 12, 342.38, 6537, 13766863
1603716865, 14, 253, 512, 110, 0, 9.97%, 0, 0, 12, 331.72, 6537, 13800666
1603716870, 14, 260, 512, 110, 0, 9.97%, 0, 0, 12, 341.36, 6537, 13802400
1603716875, 14, 269, 512, 110, 0, 9.97%, 0, 0, 12, 328.45, 6537, 13804079
1603717063, 14, 282, 512, 109, 0, 9.97%, 0, 0, 12, 301.86, 6537, 13858639
1603717251, 14, 290, 512, 108, 0, 9.97%, 0, 0, 12, 299.80, 6537, 13911701
1603717256, 14, 315, 512, 108, 0, 9.97%, 0, 0, 12, 279.04, 6537, 13913116
1603717466, 14, 316, 512, 107, 0, 9.97%, 0, 0, 12, 266.39, 6537, 13967483
1603717670, 14, 320, 512, 106, 0, 9.97%, 0, 0, 12, 276.53, 6537, 14020743
1603717880, 14, 327, 512, 105, 0, 9.97%, 0, 0, 12, 262.94, 6537, 14074681
1603718085, 14, 329, 512, 104, 0, 9.97%, 0, 0, 12, 289.48, 6537, 14127569
1603718090, 14, 329, 514, 106, 0, 9.97%, 0, 0, 12, 258.35, 6537, 14128865
1603718299, 14, 335, 514, 105, 0, 9.97%, 0, 0, 12, 265.85, 6537, 14182246
1603718503, 14, 341, 514, 104, 0, 9.97%, 0, 0, 12, 297.00, 6537, 14235176
1603718713, 14, 375, 514, 103, 0, 9.97%, 0, 0, 12, 297.17, 6537, 14289198
1603718718, 14, 379, 514, 103, 0, 9.97%, 0, 0, 12, 297.78, 6537, 14290733
1603718820, 14, 379, 515, 104, 0, 9.97%, 0, 0, 12, 294.49, 6537, 14320842
1603718831, 14, 379, 516, 105, 0, 9.98%, 0, 0, 12, 303.03, 6538, 14323973
1603718851, 14, 474, 516, 104, 1, 9.98%, 0, 0, 12, 295.69, 6538, 14330249
1603718923, 14, 515, 516, 103, 1, 9.98%, 0, 0, 12, 268.18, 6538, 14351759
1603718990, 14, 515, 517, 104, 1, 9.98%, 0, 0, 12, 255.93, 6538, 14368787
1603719169, 14, 516, 517, 103, 1, 9.98%, 0, 0, 12, 285.55, 6538, 14416581
1603719419, 15, 6, 517, 102, 0, 9.98%, 0, 0, 12, 314.13, 6538, 14483018
1603719424, 15, 21, 517, 102, 0, 9.98%, 0, 0, 12, 317.21, 6538, 14484654
1603719429, 15, 37, 517, 102, 0, 9.98%, 0, 0, 12, 316.47, 6538, 14486292
1603719434, 15, 58, 517, 102, 0, 9.98%, 0, 0, 12, 320.86, 6538, 14487946
1603719439, 15, 72, 517, 102, 0, 9.98%, 0, 0, 12, 317.33, 6538, 14489578
1603719445, 15, 108, 517, 102, 0, 9.98%, 0, 0, 12, 311.13, 6538, 14491150
1603719450, 15, 138, 517, 102, 0, 9.98%, 0, 0, 12, 315.97, 6538, 14492786
1603719455, 15, 167, 517, 102, 0, 9.98%, 0, 0, 12, 321.06, 6538, 14494454
1603719460, 15, 188, 517, 102, 0, 9.98%, 0, 0, 12, 320.41, 6538, 14496114
1603719465, 15, 194, 517, 102, 0, 9.98%, 0, 0, 12, 318.07, 6538, 14497767
1603719516, 15, 212, 517, 101, 0, 9.98%, 0, 0, 12, 303.60, 6538, 14513498
1603719521, 15, 218, 517, 101, 0, 9.98%, 0, 0, 12, 309.33, 6538, 14515072
1603719526, 15, 227, 517, 101, 0, 9.98%, 0, 0, 12, 315.57, 6538, 14516662
1603719532, 15, 232, 517, 101, 0, 9.98%, 0, 0, 12, 314.00, 6538, 14518252
1603719537, 15, 238, 517, 101, 0, 9.98%, 0, 0, 12, 303.57, 6538, 14519794
1603719542, 15, 253, 517, 101, 0, 9.98%, 0, 0, 12, 309.56, 6538, 14521372
1603719547, 15, 264, 517, 101, 0, 9.98%, 0, 0, 12, 308.65, 6538, 14522950
1603719552, 15, 295, 517, 101, 0, 9.98%, 0, 0, 12, 288.31, 6538, 14524437
1603719755, 15, 311, 517, 100, 0, 9.98%, 0, 0, 12, 307.65, 6538, 14578625
1603719760, 15, 334, 517, 100, 0, 9.98%, 0, 0, 12, 293.07, 6538, 14580125
1603719963, 15, 337, 517, 99, 0, 9.98%, 0, 0, 12, 267.18, 6538, 14634455
1603720162, 15, 338, 517, 98, 0, 9.98%, 0, 0, 12, 304.11, 6538, 14686885
1603720167, 15, 339, 517, 98, 0, 9.98%, 0, 0, 12, 281.01, 6538, 14688328
1603720370, 15, 358, 517, 97, 0, 9.98%, 0, 0, 12, 267.62, 6538, 14742059
1603720416, 15, 358, 518, 98, 0, 9.98%, 0, 0, 12, 255.15, 6538, 14754030
1603720574, 15, 366, 518, 97, 0, 9.98%, 0, 0, 12, 305.22, 6538, 14795702
1603720687, 15, 375, 518, 96, 0, 9.98%, 0, 0, 12, 308.23, 6538, 14829803
1603720692, 15, 389, 518, 96, 0, 9.98%, 0, 0, 12, 311.12, 6538, 14831381
1603720697, 15, 405, 518, 96, 0, 9.98%, 0, 0, 12, 308.47, 6538, 14832963
1603720702, 15, 411, 518, 96, 0, 9.98%, 0, 0, 12, 311.34, 6538, 14834548
1603720830, 15, 413, 518, 95, 0, 9.98%, 0, 0, 12, 315.12, 6538, 14873967
1603720966, 15, 424, 518, 94, 0, 9.98%, 0, 0, 12, 316.43, 6538, 14916669
1603721012, 15, 427, 518, 93, 0, 9.98%, 0, 0, 12, 305.62, 6538, 14931169
1603721140, 15, 429, 518, 92, 0, 9.98%, 0, 0, 12, 314.84, 6538, 14970797
1603721190, 15, 429, 519, 93, 0, 9.98%, 0, 0, 12, 313.79, 6538, 14986583
1603721195, 15, 429, 520, 94, 0, 9.98%, 0, 0, 12, 313.69, 6538, 14988164
1603721211, 15, 434, 520, 93, 0, 9.98%, 0, 0, 12, 315.43, 6538, 14993040
1603721216, 15, 445, 520, 93, 0, 9.98%, 0, 0, 12, 311.93, 6538, 14994618
1603721221, 15, 450, 520, 93, 0, 9.98%, 0, 0, 12, 279.90, 6538, 14996026
1603721439, 15, 452, 520, 92, 0, 9.98%, 0, 0, 12, 310.91, 6538, 15054938
1603721573, 15, 457, 520, 91, 0, 9.98%, 0, 0, 12, 317.46, 6538, 15096189
1603721796, 15, 461, 520, 90, 0, 9.98%, 0, 0, 12, 283.31, 6538, 15156682
1603722020, 15, 463, 520, 89, 0, 9.98%, 0, 0, 12, 304.28, 6538, 15220747
1603726262, 15, 463, 521, 90, 0, 9.98%, 0, 0, 12, 302.46, 6538, 16587086
1603726267, 15, 463, 522, 91, 0, 9.98%, 0, 0, 12, 301.49, 6538, 16588618
1603726272, 15, 463, 523, 92, 0, 9.98%, 0, 0, 12, 301.36, 6538, 16590144
1603726298, 15, 463, 524, 93, 0, 9.98%, 0, 0, 12, 300.24, 6538, 16597886
1603726318, 15, 463, 525, 94, 0, 9.98%, 0, 0, 12, 303.36, 6538, 16604068
1603726344, 15, 465, 525, 93, 0, 9.98%, 0, 0, 12, 313.52, 6538, 16611788
1603726425, 15, 474, 525, 92, 0, 9.98%, 0, 0, 12, 309.32, 6538, 16637213
1603726431, 15, 479, 525, 92, 0, 9.98%, 0, 0, 12, 295.42, 6538, 16638735
1603726654, 15, 480, 525, 91, 0, 9.98%, 0, 0, 12, 280.02, 6538, 16698913
1603726873, 15, 485, 525, 90, 0, 9.98%, 0, 0, 12, 305.72, 6538, 16757945
1603727108, 15, 488, 525, 89, 0, 9.98%, 0, 0, 12, 297.90, 6538, 16822770
1603727267, 15, 489, 525, 88, 0, 9.98%, 0, 0, 12, 316.19, 6538, 16871440
1603727277, 15, 490, 525, 88, 0, 9.98%, 0, 0, 12, 313.87, 6538, 16874590
1603727283, 15, 494, 525, 88, 0, 9.98%, 0, 0, 12, 318.72, 6538, 16876242
1603727293, 15, 495, 525, 88, 0, 9.98%, 0, 0, 12, 304.65, 6538, 16879367
1603727462, 15, 505, 525, 87, 0, 9.98%, 0, 0, 12, 310.94, 6538, 16930079
1603727467, 15, 506, 525, 87, 0, 9.98%, 0, 0, 12, 311.77, 6538, 16931659
1603727477, 15, 508, 525, 87, 0, 9.98%, 0, 0, 12, 310.23, 6538, 16934827
1603727482, 15, 510, 525, 87, 0, 9.98%, 0, 0, 12, 302.07, 6538, 16936341
1603727492, 15, 513, 525, 87, 0, 9.98%, 0, 0, 12, 271.14, 6538, 16939265
1603727717, 15, 516, 525, 86, 0, 9.98%, 0, 0, 12, 294.78, 6538, 16997911
1603727727, 15, 519, 525, 86, 0, 9.98%, 0, 0, 12, 300.43, 6538, 17000983
1603727887, 15, 521, 525, 85, 0, 9.98%, 0, 0, 12, 290.20, 6538, 17049211
1603730183, 15, 521, 527, 87, 0, 9.98%, 0, 0, 12, 271.00, 6538, 17672183
1603738155, 15, 524, 527, 86, 0, 9.98%, 0, 0, 12, 286.08, 6538, 19862167
1603746859, 16, 6, 527, 85, 0, 9.98%, 0, 0, 12, 298.90, 6538, 22354266
1603746864, 16, 19, 527, 85, 0, 9.98%, 0, 0, 12, 304.50, 6538, 22355807
1603746869, 16, 37, 527, 85, 0, 9.98%, 0, 0, 12, 312.52, 6538, 22357386
1603746875, 16, 60, 527, 85, 0, 9.98%, 0, 0, 12, 314.29, 6538, 22359024
1603746880, 16, 83, 527, 85, 0, 9.98%, 0, 0, 12, 303.53, 6538, 22360596
1603746885, 16, 121, 527, 85, 0, 9.98%, 0, 0, 12, 305.99, 6538, 22362150
1603746890, 16, 138, 527, 85, 0, 9.98%, 0, 0, 12, 313.05, 6538, 22363722
1603746895, 16, 167, 527, 85, 0, 9.98%, 0, 0, 12, 313.65, 6538, 22365358
1603746900, 16, 188, 528, 86, 0, 9.98%, 0, 0, 12, 316.70, 6538, 22366944
1603746905, 16, 190, 528, 86, 0, 9.98%, 0, 0, 12, 305.93, 6538, 22368501
1603746956, 16, 201, 528, 85, 0, 9.98%, 0, 0, 12, 312.15, 6538, 22384214
1603746961, 16, 204, 528, 85, 0, 9.98%, 0, 0, 12, 298.39, 6538, 22385740
1603747002, 16, 204, 529, 86, 0, 9.98%, 0, 0, 12, 306.05, 6541, 22398074
1603747017, 16, 330, 529, 85, 1, 9.98%, 0, 0, 12, 311.13, 6541, 22402816
1603747221, 16, 408, 529, 84, 1, 9.98%, 0, 0, 12, 304.31, 6541, 22456745
1603747226, 16, 528, 529, 84, 1, 9.98%, 0, 0, 12, 296.62, 6541, 22458257
1603747231, 16, 528, 531, 86, 1, 9.99%, 0, 0, 12, 301.17, 6545, 22459826
1603747236, 16, 528, 532, 87, 1, 9.99%, 0, 0, 12, 301.01, 6545, 22461337
1603747241, 16, 528, 533, 88, 1, 9.99%, 0, 0, 12, 304.84, 6545, 22462902
1603747308, 16, 532, 533, 87, 1, 9.99%, 0, 0, 12, 311.25, 6545, 22483605
1603747389, 17, 2, 533, 86, 0, 9.99%, 0, 0, 12, 315.37, 6545, 22508918
1603747394, 17, 15, 533, 86, 0, 9.99%, 0, 0, 12, 308.54, 6545, 22510526
1603747399, 17, 28, 533, 86, 0, 9.99%, 0, 0, 12, 303.98, 6545, 22512044
1603747404, 17, 44, 533, 86, 0, 9.99%, 0, 0, 12, 309.36, 6545, 22513614
1603747410, 17, 64, 533, 86, 0, 9.99%, 0, 0, 12, 315.65, 6545, 22515264
1603747415, 17, 84, 533, 86, 0, 9.99%, 0, 0, 12, 314.20, 6545, 22516836
1603747420, 17, 104, 533, 86, 0, 9.99%, 0, 0, 12, 313.12, 6545, 22518408
1603747425, 17, 135, 533, 86, 0, 9.99%, 0, 0, 12, 301.75, 6545, 22519962
1603747430, 17, 145, 533, 86, 0, 9.99%, 0, 0, 12, 305.64, 6545, 22521534
1603747435, 17, 188, 533, 86, 0, 9.99%, 0, 0, 12, 307.54, 6545, 22523104
1603747440, 17, 213, 533, 86, 0, 9.99%, 0, 0, 12, 309.68, 6545, 22524688
1603747445, 17, 218, 533, 86, 0, 9.99%, 0, 0, 12, 315.09, 6545, 22526278
1603747450, 17, 227, 533, 86, 0, 9.99%, 0, 0, 12, 314.09, 6545, 22527862
1603747455, 17, 234, 533, 86, 0, 9.99%, 0, 0, 12, 312.66, 6545, 22529452
1603747460, 17, 239, 533, 86, 0, 9.99%, 0, 0, 12, 314.06, 6545, 22531036
1603747465, 17, 253, 533, 86, 0, 9.99%, 0, 0, 12, 310.63, 6545, 22532608
1603747470, 17, 258, 533, 86, 0, 9.99%, 0, 0, 12, 313.76, 6545, 22534195
1603747521, 17, 264, 533, 85, 0, 9.99%, 0, 0, 12, 312.88, 6545, 22550090
1603747526, 17, 268, 533, 85, 0, 9.99%, 0, 0, 12, 270.41, 6545, 22551432
1603747730, 17, 288, 533, 84, 0, 9.99%, 0, 0, 12, 291.15, 6545, 22605472
1603747934, 17, 292, 533, 83, 0, 9.99%, 0, 0, 12, 303.70, 6545, 22658949
1603748139, 17, 299, 533, 82, 0, 9.99%, 0, 0, 12, 297.65, 6545, 22712740
1603748343, 17, 306, 533, 81, 0, 9.99%, 0, 0, 12, 298.40, 6545, 22766572
1603748546, 17, 346, 533, 80, 0, 9.99%, 0, 0, 12, 313.14, 6545, 22820940
1603748745, 17, 353, 533, 79, 0, 9.99%, 0, 0, 12, 307.61, 6545, 22874496
1603748750, 17, 369, 533, 79, 0, 9.99%, 0, 0, 12, 311.82, 6545, 22876080
1603748811, 17, 377, 533, 78, 0, 9.99%, 0, 0, 12, 309.75, 6545, 22894842
1603748816, 17, 383, 533, 78, 0, 9.99%, 0, 0, 12, 288.50, 6545, 22896313
1603749016, 17, 399, 533, 77, 0, 9.99%, 0, 0, 12, 311.39, 6545, 22950398
1603749021, 17, 405, 533, 77, 0, 9.99%, 0, 0, 12, 311.30, 6545, 22951982
1603749026, 17, 416, 533, 77, 0, 9.99%, 0, 0, 12, 306.32, 6545, 22953548
1603749143, 17, 421, 533, 76, 0, 9.99%, 0, 0, 12, 316.04, 6545, 22990109
1603749148, 17, 439, 533, 76, 0, 9.99%, 0, 0, 12, 309.15, 6545, 22991683
1603749153, 17, 442, 533, 76, 0, 9.99%, 0, 0, 12, 312.71, 6545, 22993268
1603749321, 17, 446, 533, 75, 0, 9.99%, 0, 0, 12, 313.90, 6545, 23045652
1603749413, 17, 458, 533, 74, 0, 9.99%, 0, 0, 12, 312.78, 6545, 23074149
1603749418, 17, 475, 533, 74, 0, 9.99%, 0, 0, 12, 317.74, 6545, 23075739
1603749423, 17, 483, 533, 74, 0, 9.99%, 0, 0, 12, 293.78, 6545, 23077269
1603749653, 17, 489, 533, 73, 0, 9.99%, 0, 0, 12, 304.50, 6545, 23140258
1603749658, 17, 490, 533, 73, 0, 9.99%, 0, 0, 12, 306.82, 6545, 23141842
1603749663, 17, 495, 533, 73, 0, 9.99%, 0, 0, 12, 310.88, 6545, 23143424
1603749673, 17, 500, 533, 73, 0, 9.99%, 0, 0, 12, 309.33, 6545, 23146591
1603749796, 17, 500, 534, 74, 0, 9.99%, 0, 0, 12, 305.33, 6545, 23183718
1603749826, 17, 500, 535, 75, 0, 9.99%, 0, 0, 12, 313.08, 6545, 23193224
1603749877, 17, 506, 535, 74, 0, 9.99%, 0, 0, 12, 314.41, 6545, 23209014
1603749882, 17, 508, 535, 74, 0, 9.99%, 0, 0, 12, 303.63, 6545, 23210586
1603749892, 17, 510, 535, 74, 0, 9.99%, 0, 0, 12, 307.60, 6545, 23213714
1603749897, 17, 516, 535, 74, 0, 9.99%, 0, 0, 12, 307.81, 6545, 23215288
1603749908, 17, 522, 535, 74, 0, 9.99%, 0, 0, 12, 293.91, 6545, 23218372
