# unix_time, cycles_done, cur_path, paths_total, pending_total, pending_favs, map_size, unique_crashes, unique_hangs, max_depth, execs_per_sec, edge_coverage, total_execs
1605536340, 0, 0, 1, 1, 1, 0.04%, 0, 0, 1, 2666.67 0 8
1605536345, 1, 7, 12, 6, 0, 0.07%, 0, 0, 3, 5298.49 46 30853
1605536351, 8, 12, 16, 5, 0, 0.07%, 0, 0, 5, 5780.55 48 61374
1605536356, 8, 14, 20, 8, 1, 0.09%, 0, 0, 6, 5855.00 59 91398
1605536361, 8, 17, 20, 6, 3, 0.09%, 0, 0, 6, 5854.20 59 121199
1605536366, 8, 19, 23, 7, 1, 0.10%, 0, 0, 7, 5697.30 63 150299
1605536371, 8, 20, 23, 6, 3, 0.10%, 0, 0, 7, 5703.60 63 179666
1605536376, 8, 22, 25, 6, 1, 0.10%, 0, 0, 8, 5632.39 65 208221
1605536381, 8, 23, 28, 8, 3, 0.10%, 0, 0, 9, 5617.27 67 237133
1605536386, 8, 24, 28, 7, 3, 0.10%, 0, 0, 9, 5648.06 67 266275
1605536391, 8, 25, 28, 6, 2, 0.10%, 0, 0, 9, 5604.28 67 294650
1605536396, 8, 27, 30, 7, 1, 0.10%, 0, 0, 10, 5694.72 68 323380
1605536402, 8, 31, 32, 7, 1, 0.11%, 0, 0, 11, 5611.96 69 351969
1605536407, 8, 31, 34, 9, 1, 0.11%, 0, 0, 12, 5711.87 72 381581
1605536412, 8, 32, 36, 10, 2, 0.11%, 0, 0, 13, 5627.41 74 409958
1605536417, 8, 33, 37, 10, 2, 0.11%, 0, 0, 13, 5629.98 75 438518
1605536422, 8, 35, 39, 11, 2, 0.12%, 0, 0, 14, 5553.85 80 466843
1605536427, 8, 35, 40, 12, 2, 0.13%, 0, 0, 14, 5689.84 85 496135
1605536432, 8, 38, 42, 13, 2, 0.13%, 0, 0, 15, 5581.32 87 523969
1605536437, 8, 39, 42, 12, 3, 0.13%, 0, 0, 15, 5399.03 87 551538
1605536442, 8, 40, 43, 12, 2, 0.14%, 0, 0, 16, 5423.82 89 579196
1605536453, 8, 41, 43, 11, 2, 0.14%, 0, 0, 16, 5525.84 89 635277
1605536458, 8, 42, 45, 12, 1, 0.14%, 0, 0, 17, 5488.46 93 662488
1605536463, 8, 43, 45, 11, 2, 0.14%, 0, 0, 17, 5340.36 93 689933
1605536468, 8, 44, 47, 12, 1, 0.15%, 0, 0, 18, 5245.99 101 716552
1605536478, 8, 45, 47, 11, 2, 0.15%, 0, 0, 18, 5345.54 101 770790
1605536483, 8, 46, 50, 13, 1, 0.16%, 0, 0, 19, 5166.04 107 795994
1605536488, 8, 47, 52, 14, 4, 0.16%, 0, 0, 20, 5232.33 108 822955
1605536493, 8, 47, 53, 15, 4, 0.17%, 0, 0, 20, 5326.71 109 848797
1605536498, 8, 48, 53, 14, 4, 0.17%, 0, 0, 20, 5222.58 109 874907
1605536503, 8, 49, 53, 13, 3, 0.17%, 0, 0, 20, 5056.89 109 899504
1605536508, 8, 50, 53, 12, 2, 0.17%, 0, 0, 20, 4789.79 109 923448
1605536513, 8, 52, 54, 12, 1, 0.17%, 0, 0, 21, 4808.17 110 948516
1605536518, 8, 52, 56, 14, 1, 0.17%, 0, 0, 21, 5307.49 112 975757
1605536523, 8, 55, 57, 14, 1, 0.17%, 0, 0, 22, 4980.96 113 1000276
1605536529, 8, 56, 58, 14, 1, 0.17%, 0, 0, 23, 4845.78 114 1025356
1605536534, 8, 57, 59, 14, 1, 0.18%, 0, 0, 24, 4761.80 115 1050769
1605536539, 8, 58, 59, 13, 1, 0.18%, 0, 0, 24, 4712.97 115 1075700
1605536544, 9, 17, 59, 12, 0, 0.18%, 0, 0, 24, 5432.30 115 1104236
1605536549, 9, 24, 59, 12, 0, 0.18%, 0, 0, 24, 5658.49 115 1133921
1605536554, 9, 33, 59, 12, 0, 0.18%, 0, 0, 24, 5652.70 115 1163104
1605536559, 9, 35, 59, 11, 0, 0.18%, 0, 0, 24, 5591.81 115 1191077
1605536565, 9, 41, 59, 11, 0, 0.18%, 0, 0, 24, 5680.65 115 1220634
1605536570, 9, 49, 59, 11, 0, 0.18%, 0, 0, 24, 5547.98 115 1248337
1605536575, 9, 51, 59, 11, 0, 0.18%, 0, 0, 24, 4975.67 115 1273695
1605536580, 9, 58, 59, 10, 0, 0.18%, 0, 0, 24, 5441.81 115 1302432
1605536585, 10, 28, 59, 9, 0, 0.18%, 0, 0, 24, 5605.02 115 1330722
1605536590, 10, 36, 59, 8, 0, 0.18%, 0, 0, 24, 5463.49 115 1359317
1605536595, 10, 37, 59, 7, 0, 0.18%, 0, 0, 24, 5547.11 115 1387234
1605536600, 11, 1, 59, 6, 0, 0.18%, 0, 0, 24, 5614.19 115 1416556
1605536605, 11, 36, 59, 5, 0, 0.18%, 0, 0, 24, 5680.54 115 1446072
1605536611, 12, 19, 59, 5, 0, 0.18%, 0, 0, 24, 5694.00 115 1475545
1605536616, 12, 26, 59, 5, 0, 0.18%, 0, 0, 24, 5659.05 115 1503746
1605536621, 12, 58, 59, 4, 0, 0.18%, 0, 0, 24, 5605.73 115 1532753
1605536626, 13, 48, 59, 4, 0, 0.18%, 0, 0, 24, 5648.87 115 1562238
1605536631, 14, 36, 59, 4, 0, 0.18%, 0, 0, 24, 5623.69 115 1590813
1605536636, 15, 21, 59, 4, 0, 0.18%, 0, 0, 24, 5655.53 115 1619306
1605536641, 15, 50, 59, 4, 0, 0.18%, 0, 0, 24, 5623.92 115 1647561
1605536646, 16, 40, 59, 4, 0, 0.18%, 0, 0, 24, 5654.82 115 1676808
1605536652, 17, 32, 59, 4, 0, 0.18%, 0, 0, 24, 5650.97 115 1705917
1605536657, 18, 16, 59, 4, 0, 0.18%, 0, 0, 24, 5616.61 115 1735127
1605536662, 18, 41, 59, 4, 0, 0.18%, 0, 0, 24, 5674.64 115 1764664
1605536667, 18, 58, 59, 4, 0, 0.18%, 0, 0, 24, 5621.45 115 1793752
1605536672, 19, 30, 59, 3, 0, 0.18%, 0, 0, 24, 5590.97 115 1822390
1605536677, 19, 43, 59, 2, 0, 0.18%, 0, 0, 24, 5675.51 115 1851210
1605536682, 19, 54, 59, 2, 0, 0.18%, 0, 0, 24, 5026.36 115 1876154
1605536688, 20, 32, 59, 1, 0, 0.18%, 0, 0, 24, 5516.61 115 1905141
1605536693, 20, 53, 59, 1, 0, 0.18%, 0, 0, 24, 5223.12 115 1933064
1605536698, 21, 16, 59, 0, 0, 0.18%, 0, 0, 24, 5385.54 115 1960486
1605536703, 21, 43, 59, 0, 0, 0.18%, 0, 0, 24, 5619.04 115 1989990
1605536708, 22, 35, 59, 0, 0, 0.18%, 0, 0, 24, 5666.70 115 2019023
1605536713, 22, 50, 59, 0, 0, 0.18%, 0, 0, 24, 5599.13 115 2047216
1605536718, 23, 40, 59, 0, 0, 0.18%, 0, 0, 24, 5661.56 115 2076493
1605536724, 24, 22, 59, 0, 0, 0.18%, 0, 0, 24, 5700.28 115 2106078
1605536729, 24, 50, 59, 0, 0, 0.18%, 0, 0, 24, 5636.00 115 2134354
1605536734, 25, 41, 59, 0, 0, 0.18%, 0, 0, 24, 5669.99 115 2163723
1605536739, 26, 19, 59, 0, 0, 0.18%, 0, 0, 24, 5648.76 115 2192638
1605536744, 26, 48, 59, 0, 0, 0.18%, 0, 0, 24, 5630.74 115 2221918
1605536749, 27, 36, 59, 0, 0, 0.18%, 0, 0, 24, 5663.92 115 2251435
1605536754, 28, 24, 59, 0, 0, 0.18%, 0, 0, 24, 5621.12 115 2279770
1605536759, 28, 43, 59, 0, 0, 0.18%, 0, 0, 24, 5680.93 115 2308257
1605536764, 29, 24, 59, 0, 0, 0.18%, 0, 0, 24, 5670.78 115 2336525
1605536770, 29, 39, 59, 0, 0, 0.18%, 0, 0, 24, 5675.29 115 2366043
1605536775, 30, 24, 59, 0, 0, 0.18%, 0, 0, 24, 5690.51 115 2395532
1605536780, 30, 58, 59, 0, 0, 0.18%, 0, 0, 24, 5666.85 115 2425117
1605536785, 31, 36, 59, 0, 0, 0.18%, 0, 0, 24, 5674.37 115 2454517
1605536790, 32, 24, 59, 0, 0, 0.18%, 0, 0, 24, 5612.50 115 2483379
1605536796, 32, 49, 59, 0, 0, 0.18%, 0, 0, 24, 5630.05 115 2512529
1605536801, 33, 33, 59, 0, 0, 0.18%, 0, 0, 24, 5664.78 115 2541678
1605536806, 33, 58, 59, 0, 0, 0.18%, 0, 0, 24, 5615.47 115 2570621
1605536811, 34, 37, 59, 0, 0, 0.18%, 0, 0, 24, 5674.15 115 2599312
1605536816, 35, 21, 59, 0, 0, 0.18%, 0, 0, 24, 5652.75 115 2628605
1605536821, 35, 49, 59, 0, 0, 0.18%, 0, 0, 24, 5642.45 115 2658081
1605536826, 36, 39, 59, 0, 0, 0.18%, 0, 0, 24, 5678.16 115 2687321
1605536832, 37, 25, 59, 0, 0, 0.18%, 0, 0, 24, 5681.08 115 2716461
1605536837, 37, 48, 59, 0, 0, 0.18%, 0, 0, 24, 5668.66 115 2744969
1605536842, 38, 24, 59, 0, 0, 0.18%, 0, 0, 24, 5654.89 115 2774066
1605536847, 38, 50, 59, 0, 0, 0.18%, 0, 0, 24, 5611.85 115 2802242
1605536852, 39, 40, 59, 0, 0, 0.18%, 0, 0, 24, 5650.06 115 2831586
1605536857, 40, 25, 59, 0, 0, 0.18%, 0, 0, 24, 5668.55 115 2860848
1605536862, 40, 50, 59, 0, 0, 0.18%, 0, 0, 24, 5646.98 115 2890432
1605536868, 41, 41, 59, 0, 0, 0.18%, 0, 0, 24, 5683.04 115 2919875
1605536873, 42, 27, 59, 0, 0, 0.18%, 0, 0, 24, 5674.17 115 2949142
1605536878, 43, 5, 59, 0, 0, 0.18%, 0, 0, 24, 5644.91 115 2977459
1605536883, 43, 42, 59, 0, 0, 0.18%, 0, 0, 24, 5661.92 115 3006010
1605536888, 44, 20, 59, 0, 0, 0.18%, 0, 0, 24, 5653.02 115 3035180
1605536893, 44, 44, 59, 0, 0, 0.18%, 0, 0, 24, 5647.59 115 3064460
1605536898, 45, 25, 59, 0, 0, 0.18%, 0, 0, 24, 5671.57 115 3093642
1605536904, 46, 16, 59, 0, 0, 0.18%, 0, 0, 24, 5633.42 115 3122858
1605536909, 46, 41, 59, 0, 0, 0.18%, 0, 0, 24, 5684.09 115 3152361
1605536914, 47, 25, 59, 0, 0, 0.18%, 0, 0, 24, 5673.20 115 3181540
1605536919, 47, 51, 59, 0, 0, 0.18%, 0, 0, 24, 5628.23 115 3209732
1605536924, 48, 39, 59, 0, 0, 0.18%, 0, 0, 24, 5666.14 115 3238886
1605536929, 49, 25, 59, 0, 0, 0.18%, 0, 0, 24, 5671.12 115 3268133
1605536934, 50, 16, 59, 0, 0, 0.18%, 0, 0, 24, 5626.39 115 3296517
1605536939, 50, 48, 59, 0, 0, 0.18%, 0, 0, 24, 5664.76 115 3326070
1605536944, 51, 36, 59, 0, 0, 0.18%, 0, 0, 24, 5663.31 115 3354413
1605536950, 52, 24, 59, 0, 0, 0.18%, 0, 0, 24, 5659.89 115 3383635
1605536955, 52, 50, 59, 0, 0, 0.18%, 0, 0, 24, 5633.26 115 3411939
1605536960, 53, 39, 59, 0, 0, 0.18%, 0, 0, 24, 5650.84 115 3441170
1605536965, 54, 24, 59, 0, 0, 0.18%, 0, 0, 24, 5645.85 115 3470427
1605536970, 54, 58, 59, 0, 0, 0.18%, 0, 0, 24, 5592.18 115 3499344
1605536975, 55, 43, 59, 0, 0, 0.18%, 0, 0, 24, 5646.36 115 3528760
1605536980, 56, 35, 59, 0, 0, 0.18%, 0, 0, 24, 5659.70 115 3557984
1605536986, 57, 20, 59, 0, 0, 0.18%, 0, 0, 24, 5642.00 115 3587019
1605536991, 57, 48, 59, 0, 0, 0.18%, 0, 0, 24, 5641.79 115 3616396
1605536996, 58, 33, 59, 0, 0, 0.18%, 0, 0, 24, 5643.03 115 3645386
1605537001, 59, 19, 59, 0, 0, 0.18%, 0, 0, 24, 5639.47 115 3674586
1605537006, 59, 49, 59, 0, 0, 0.18%, 0, 0, 24, 5617.79 115 3702795
1605537011, 60, 36, 59, 0, 0, 0.18%, 0, 0, 24, 5641.48 115 3732019
1605537016, 61, 19, 59, 0, 0, 0.18%, 0, 0, 24, 5634.46 115 3760276
1605537022, 61, 48, 59, 0, 0, 0.18%, 0, 0, 24, 5598.02 115 3789477
1605537027, 62, 36, 59, 0, 0, 0.18%, 0, 0, 24, 5636.56 115 3818578
1605537032, 62, 54, 59, 0, 0, 0.18%, 0, 0, 24, 5594.60 115 3847597
1605537037, 63, 39, 59, 0, 0, 0.18%, 0, 0, 24, 5642.92 115 3876867
1605537042, 64, 24, 59, 0, 0, 0.18%, 0, 0, 24, 5661.78 115 3905186
1605537047, 64, 54, 59, 0, 0, 0.18%, 0, 0, 24, 5591.12 115 3934214
1605537052, 65, 41, 59, 0, 0, 0.18%, 0, 0, 24, 5621.24 115 3963501
1605537058, 66, 24, 59, 0, 0, 0.18%, 0, 0, 24, 5629.61 115 3992592
1605537063, 66, 50, 59, 0, 0, 0.18%, 0, 0, 24, 5607.99 115 4020741
1605537068, 67, 41, 59, 0, 0, 0.18%, 0, 0, 24, 5648.99 115 4049073
1605537073, 68, 33, 59, 0, 0, 0.18%, 0, 0, 24, 5654.40 115 4078256
1605537078, 68, 56, 59, 0, 0, 0.18%, 0, 0, 24, 5620.09 115 4106449
1605537083, 69, 40, 59, 0, 0, 0.18%, 0, 0, 24, 5639.44 115 4134783
1605537088, 70, 25, 59, 0, 0, 0.18%, 0, 0, 24, 5655.29 115 4163033
1605537093, 70, 50, 59, 0, 0, 0.18%, 0, 0, 24, 5614.72 115 4191368
1605537098, 71, 39, 59, 0, 0, 0.18%, 0, 0, 24, 5655.28 115 4220264
1605537103, 72, 24, 59, 0, 0, 0.18%, 0, 0, 24, 5662.21 115 4248693
1605537108, 72, 50, 59, 0, 0, 0.18%, 0, 0, 24, 5608.73 115 4277892
1605537113, 73, 38, 59, 0, 0, 0.18%, 0, 0, 24, 5667.49 115 4307394
1605537118, 74, 20, 59, 0, 0, 0.18%, 0, 0, 24, 5648.34 115 4335669
1605537124, 74, 49, 59, 0, 0, 0.18%, 0, 0, 24, 5628.28 115 4363885
1605537129, 75, 39, 59, 0, 0, 0.18%, 0, 0, 24, 5648.91 115 4393173
1605537134, 76, 25, 59, 0, 0, 0.18%, 0, 0, 24, 5654.48 115 4422500
1605537139, 76, 58, 59, 0, 0, 0.18%, 0, 0, 24, 5614.31 115 4450913
1605537144, 77, 41, 59, 0, 0, 0.18%, 0, 0, 24, 5646.10 115 4480351
1605537149, 78, 25, 59, 0, 0, 0.18%, 0, 0, 24, 5647.97 115 4509541
1605537155, 78, 52, 59, 0, 0, 0.18%, 0, 0, 24, 5593.14 115 4538640
1605537160, 79, 39, 59, 0, 0, 0.18%, 0, 0, 24, 5659.98 115 4567890
1605537165, 80, 24, 59, 0, 0, 0.18%, 0, 0, 24, 5653.05 115 4596074
1605537170, 80, 51, 59, 0, 0, 0.18%, 0, 0, 24, 5608.09 115 4625269
1605537175, 81, 40, 59, 0, 0, 0.18%, 0, 0, 24, 5652.23 115 4654566
1605537180, 82, 23, 59, 0, 0, 0.18%, 0, 0, 24, 5654.35 115 4683904
1605537185, 82, 50, 59, 0, 0, 0.18%, 0, 0, 24, 5614.39 115 4713089
1605537191, 83, 40, 59, 0, 0, 0.18%, 0, 0, 24, 5635.71 115 4742518
1605537196, 84, 25, 59, 0, 0, 0.18%, 0, 0, 24, 5645.72 115 4771810
1605537201, 84, 50, 59, 0, 0, 0.18%, 0, 0, 24, 5596.54 115 4799880
1605537206, 85, 41, 59, 0, 0, 0.18%, 0, 0, 24, 5631.73 115 4829266
1605537211, 86, 20, 59, 0, 0, 0.18%, 0, 0, 24, 5646.17 115 4857405
1605537216, 86, 48, 59, 0, 0, 0.18%, 0, 0, 24, 5638.38 115 4886669
1605537221, 87, 35, 59, 0, 0, 0.18%, 0, 0, 24, 5651.73 115 4915746
1605537227, 88, 18, 59, 0, 0, 0.18%, 0, 0, 24, 5654.60 115 4945030
1605537232, 88, 48, 59, 0, 0, 0.18%, 0, 0, 24, 5647.24 115 4974295
1605537237, 89, 38, 59, 0, 0, 0.18%, 0, 0, 24, 5644.46 115 5003336
1605537242, 90, 19, 59, 0, 0, 0.18%, 0, 0, 24, 5659.13 115 5032629
1605537247, 90, 49, 59, 0, 0, 0.18%, 0, 0, 24, 5614.08 115 5061926
1605537253, 91, 39, 59, 0, 0, 0.18%, 0, 0, 24, 5635.33 115 5091158
1605537258, 92, 25, 59, 0, 0, 0.18%, 0, 0, 24, 5644.28 115 5120356
1605537263, 92, 58, 59, 0, 0, 0.18%, 0, 0, 24, 5606.17 115 5148506
1605537268, 93, 43, 59, 0, 0, 0.18%, 0, 0, 24, 5646.27 115 5176901
1605537273, 94, 33, 59, 0, 0, 0.18%, 0, 0, 24, 5641.60 115 5206039
1605537278, 95, 18, 59, 0, 0, 0.18%, 0, 0, 24, 5616.05 115 5234173
1605537283, 95, 48, 59, 0, 0, 0.18%, 0, 0, 24, 5607.20 115 5263389
1605537288, 96, 39, 59, 0, 0, 0.18%, 0, 0, 24, 5647.36 115 5292591
1605537293, 97, 24, 59, 0, 0, 0.18%, 0, 0, 24, 5668.44 115 5320961
1605537298, 97, 50, 59, 0, 0, 0.18%, 0, 0, 24, 5623.60 115 5349193
1605537304, 98, 40, 59, 0, 0, 0.18%, 0, 0, 24, 5647.11 115 5378687
1605537309, 99, 24, 59, 0, 0, 0.18%, 0, 0, 24, 5652.68 115 5407879
1605537314, 99, 50, 59, 0, 0, 0.18%, 0, 0, 24, 5624.46 115 5437062
1605537319, 100, 41, 59, 0, 0, 0.18%, 0, 0, 24, 5658.22 115 5466330
1605537324, 101, 25, 59, 0, 0, 0.18%, 0, 0, 24, 5666.60 115 5495427
1605537329, 101, 51, 59, 0, 0, 0.18%, 0, 0, 24, 5613.31 115 5523538
1605537334, 102, 41, 59, 0, 0, 0.18%, 0, 0, 24, 5644.45 115 5552997
1605537339, 103, 24, 59, 0, 0, 0.18%, 0, 0, 24, 5651.21 115 5581244
1605537344, 103, 50, 59, 0, 0, 0.18%, 0, 0, 24, 5642.95 115 5609514
1605537350, 104, 40, 59, 0, 0, 0.18%, 0, 0, 24, 5635.38 115 5638688
1605537355, 105, 24, 59, 0, 0, 0.18%, 0, 0, 24, 5646.19 115 5667920
1605537360, 105, 50, 59, 0, 0, 0.18%, 0, 0, 24, 5604.81 115 5696901
1605537365, 106, 39, 59, 0, 0, 0.18%, 0, 0, 24, 5642.99 115 5726105
1605537370, 107, 20, 59, 0, 0, 0.18%, 0, 0, 24, 5647.81 115 5755414
1605537376, 107, 49, 59, 0, 0, 0.18%, 0, 0, 24, 5609.56 115 5784607
1605537381, 108, 39, 59, 0, 0, 0.18%, 0, 0, 24, 5649.50 115 5813974
1605537386, 109, 24, 59, 0, 0, 0.18%, 0, 0, 24, 5633.86 115 5843045
1605537391, 109, 50, 59, 0, 0, 0.18%, 0, 0, 24, 5602.35 115 5871290
1605537396, 110, 59, 61, 2, 1, 0.18%, 0, 0, 24, 5119.64 121 5898731
1605537401, 110, 59, 62, 3, 1, 0.19%, 0, 0, 24, 5148.61 122 5923453
1605537406, 110, 60, 62, 2, 2, 0.19%, 0, 0, 24, 4960.50 122 5947089
1605537411, 110, 61, 63, 2, 1, 0.19%, 0, 0, 24, 4720.15 123 5970094
1605537416, 110, 62, 63, 1, 1, 0.19%, 0, 0, 24, 4414.30 123 5993314
1605537422, 111, 22, 63, 0, 0, 0.19%, 0, 0, 24, 5330.61 123 6021869
1605537427, 111, 50, 63, 0, 0, 0.19%, 0, 0, 24, 5528.94 123 6050991
1605537432, 111, 61, 63, 0, 0, 0.19%, 0, 0, 24, 5539.58 123 6078678
1605537437, 112, 36, 63, 0, 0, 0.19%, 0, 0, 24, 5612.65 123 6106850
1605537442, 112, 60, 63, 0, 0, 0.19%, 0, 0, 24, 5551.91 123 6135712
1605537447, 113, 24, 63, 0, 0, 0.19%, 0, 0, 24, 5582.69 123 6164415
1605537452, 113, 50, 63, 0, 0, 0.19%, 0, 0, 24, 5583.66 123 6193509
1605537457, 113, 62, 63, 0, 0, 0.19%, 0, 0, 24, 5509.56 123 6221880
1605537462, 114, 40, 63, 0, 0, 0.19%, 0, 0, 24, 5598.39 123 6250091
1605537467, 114, 61, 63, 0, 0, 0.19%, 0, 0, 24, 5549.32 123 6277819
1605537472, 115, 25, 63, 0, 0, 0.19%, 0, 0, 24, 5604.92 123 6305890
1605537478, 115, 58, 63, 0, 0, 0.19%, 0, 0, 24, 5583.95 123 6335063
1605537483, 116, 5, 63, 0, 0, 0.19%, 0, 0, 24, 5552.23 123 6363794
1605537488, 116, 48, 63, 0, 0, 0.19%, 0, 0, 24, 5613.65 123 6393188
1605537493, 116, 61, 63, 0, 0, 0.19%, 0, 0, 24, 5552.96 123 6421809
1605537498, 117, 35, 63, 0, 0, 0.19%, 0, 0, 24, 5618.86 123 6450836
1605537504, 117, 60, 63, 0, 0, 0.19%, 0, 0, 24, 5555.79 123 6479721
1605537509, 117, 63, 65, 2, 1, 0.19%, 0, 0, 24, 4774.63 127 6504375
1605537519, 117, 64, 65, 1, 1, 0.19%, 0, 0, 24, 4785.94 127 6551707
1605537524, 118, 39, 65, 0, 0, 0.19%, 0, 0, 24, 5442.20 127 6579829
1605537529, 118, 60, 65, 0, 0, 0.19%, 0, 0, 24, 5534.60 127 6608583
1605537534, 119, 24, 65, 0, 0, 0.19%, 0, 0, 24, 5595.90 127 6637206
1605537539, 119, 48, 65, 0, 0, 0.19%, 0, 0, 24, 5551.67 127 6666138
1605537544, 119, 61, 65, 0, 0, 0.19%, 0, 0, 24, 5518.60 127 6694636
1605537549, 120, 25, 65, 0, 0, 0.19%, 0, 0, 24, 5564.64 127 6722513
1605537554, 120, 50, 65, 0, 0, 0.19%, 0, 0, 24, 5560.51 127 6750424
1605537560, 120, 64, 65, 0, 0, 0.19%, 0, 0, 24, 5486.35 127 6777859
1605537565, 121, 40, 65, 0, 0, 0.19%, 0, 0, 24, 5596.64 127 6807194
1605537570, 121, 61, 65, 0, 0, 0.19%, 0, 0, 24, 5488.39 127 6834808
1605537575, 122, 35, 65, 0, 0, 0.19%, 0, 0, 24, 5590.54 127 6863931
1605537580, 122, 60, 65, 0, 0, 0.19%, 0, 0, 24, 5526.44 127 6892567
1605537585, 123, 21, 65, 0, 0, 0.19%, 0, 0, 24, 5480.84 127 6920847
1605537590, 123, 49, 65, 0, 0, 0.19%, 0, 0, 24, 5569.64 127 6949931
1605537596, 123, 64, 65, 0, 0, 0.19%, 0, 0, 24, 5462.44 127 6978131
1605537601, 124, 39, 65, 0, 0, 0.19%, 0, 0, 24, 5595.44 127 7007435
1605537606, 124, 61, 65, 0, 0, 0.19%, 0, 0, 24, 5528.45 127 7036055
1605537611, 125, 25, 65, 0, 0, 0.19%, 0, 0, 24, 5382.64 127 7063882
1605537616, 125, 58, 65, 0, 0, 0.19%, 0, 0, 24, 5476.69 127 7092401
1605537622, 125, 64, 66, 1, 0, 0.20%, 0, 0, 24, 5462.93 129 7120813
1605537627, 125, 65, 67, 2, 1, 0.20%, 0, 0, 24, 4455.09 130 7142937
1605537632, 125, 66, 68, 2, 1, 0.20%, 0, 0, 24, 4344.59 131 7166963
1605537637, 125, 67, 68, 1, 1, 0.20%, 0, 0, 24, 4980.28 131 7191582
1605537647, 126, 36, 68, 0, 0, 0.20%, 0, 0, 24, 5390.88 131 7241383
1605537652, 126, 60, 68, 0, 0, 0.20%, 0, 0, 24, 5489.36 131 7269954
1605537658, 126, 66, 68, 0, 0, 0.20%, 0, 0, 24, 5451.67 131 7298137
1605537663, 127, 32, 68, 0, 0, 0.20%, 0, 0, 24, 5588.02 131 7327189
1605537668, 127, 58, 68, 0, 0, 0.20%, 0, 0, 24, 5552.65 131 7355971
1605537673, 127, 62, 68, 0, 0, 0.20%, 0, 0, 24, 5506.83 131 7384426
1605537678, 127, 67, 68, 0, 0, 0.20%, 0, 0, 24, 5479.06 131 7412074
1605537683, 128, 41, 68, 0, 0, 0.20%, 0, 0, 24, 5591.98 131 7441381
1605537688, 128, 61, 68, 0, 0, 0.20%, 0, 0, 24, 5487.18 131 7469877
1605537694, 128, 67, 68, 0, 0, 0.20%, 0, 0, 24, 5447.12 131 7498146
1605537699, 129, 40, 68, 0, 0, 0.20%, 0, 0, 24, 5557.71 131 7526373
1605537704, 129, 59, 68, 0, 0, 0.20%, 0, 0, 24, 5329.26 131 7552160
1605537709, 129, 64, 68, 0, 0, 0.20%, 0, 0, 24, 5140.33 131 7578268
1605537714, 130, 23, 68, 0, 0, 0.20%, 0, 0, 24, 5494.39 131 7606133
1605537719, 130, 50, 68, 0, 0, 0.20%, 0, 0, 24, 5563.31 131 7635295
1605537724, 130, 64, 68, 0, 0, 0.20%, 0, 0, 24, 5539.75 131 7664027
1605537729, 131, 19, 68, 0, 0, 0.20%, 0, 0, 24, 5540.10 131 7692533
1605537735, 131, 48, 68, 0, 0, 0.20%, 0, 0, 24, 5569.32 131 7721669
1605537740, 131, 61, 68, 0, 0, 0.20%, 0, 0, 24, 5515.75 131 7750130
1605537745, 131, 67, 68, 0, 0, 0.20%, 0, 0, 24, 5461.26 131 7778506
1605537750, 132, 40, 68, 0, 0, 0.20%, 0, 0, 24, 5583.36 131 7807669
1605537755, 132, 60, 68, 0, 0, 0.20%, 0, 0, 24, 5513.37 131 7836206
1605537761, 132, 64, 68, 0, 0, 0.20%, 0, 0, 24, 5518.03 131 7864768
1605537766, 133, 24, 68, 0, 0, 0.20%, 0, 0, 24, 5579.11 131 7893341
1605537771, 133, 50, 68, 0, 0, 0.20%, 0, 0, 24, 5561.34 131 7921389
1605537776, 133, 64, 68, 0, 0, 0.20%, 0, 0, 24, 5516.04 131 7949000
1605537781, 134, 20, 68, 0, 0, 0.20%, 0, 0, 24, 5546.96 131 7977773
1605537786, 134, 49, 68, 0, 0, 0.20%, 0, 0, 24, 5579.36 131 8006892
1605537791, 134, 64, 68, 0, 0, 0.20%, 0, 0, 24, 5526.28 131 8035308
1605537796, 135, 18, 68, 0, 0, 0.20%, 0, 0, 24, 5531.77 131 8062861
1605537801, 135, 48, 68, 0, 0, 0.20%, 0, 0, 24, 5578.61 131 8091880
1605537807, 135, 61, 68, 0, 0, 0.20%, 0, 0, 24, 5491.61 131 8120280
1605537812, 135, 67, 68, 0, 0, 0.20%, 0, 0, 24, 5440.11 131 8147006
1605537817, 136, 41, 68, 0, 0, 0.20%, 0, 0, 24, 5583.16 131 8176365
1605537822, 136, 60, 68, 0, 0, 0.20%, 0, 0, 24, 5556.92 131 8205128
1605537827, 136, 66, 68, 0, 0, 0.20%, 0, 0, 24, 5525.20 131 8232886
1605537832, 137, 36, 68, 0, 0, 0.20%, 0, 0, 24, 5589.83 131 8261610
1605537837, 137, 60, 68, 0, 0, 0.20%, 0, 0, 24, 5554.75 131 8289631
1605537843, 137, 64, 68, 0, 0, 0.20%, 0, 0, 24, 5514.86 131 8318169
1605537848, 138, 22, 68, 0, 0, 0.20%, 0, 0, 24, 5560.07 131 8346763
1605537853, 138, 48, 68, 0, 0, 0.20%, 0, 0, 24, 5581.96 131 8371381
1605537858, 138, 61, 68, 0, 0, 0.20%, 0, 0, 24, 5487.58 131 8399806
1605537863, 138, 67, 68, 0, 0, 0.20%, 0, 0, 24, 5503.14 131 8428194
1605537868, 139, 43, 68, 0, 0, 0.20%, 0, 0, 24, 5577.17 131 8457368
1605537873, 139, 64, 68, 0, 0, 0.20%, 0, 0, 24, 5526.84 131 8484989
1605537879, 140, 25, 68, 0, 0, 0.20%, 0, 0, 24, 5583.98 131 8513902
1605537884, 140, 53, 68, 0, 0, 0.20%, 0, 0, 24, 5558.20 131 8542906
1605537889, 140, 67, 68, 0, 0, 0.20%, 0, 0, 24, 5495.12 131 8570391
1605537894, 141, 39, 68, 0, 0, 0.20%, 0, 0, 24, 5568.09 131 8599313
1605537899, 141, 61, 68, 0, 0, 0.20%, 0, 0, 24, 5529.49 131 8628022
1605537904, 141, 67, 68, 0, 0, 0.20%, 0, 0, 24, 5493.93 131 8656418
1605537910, 142, 48, 68, 0, 0, 0.20%, 0, 0, 24, 5584.71 131 8685602
1605537915, 142, 64, 68, 0, 0, 0.20%, 0, 0, 24, 5514.77 131 8714172
1605537920, 143, 19, 68, 0, 0, 0.20%, 0, 0, 24, 5544.68 131 8741861
1605537925, 143, 48, 68, 0, 0, 0.20%, 0, 0, 24, 5602.09 131 8770114
1605537930, 143, 66, 68, 0, 0, 0.20%, 0, 0, 24, 5524.73 131 8797748
1605537935, 144, 24, 68, 0, 0, 0.20%, 0, 0, 24, 5585.62 131 8825577
1605537940, 144, 50, 68, 0, 0, 0.20%, 0, 0, 24, 5545.40 131 8853657
1605537945, 144, 66, 68, 0, 0, 0.20%, 0, 0, 24, 5469.08 131 8882038
1605537950, 145, 33, 68, 0, 0, 0.20%, 0, 0, 24, 5585.22 131 8911105
1605537955, 145, 61, 68, 0, 0, 0.20%, 0, 0, 24, 5542.23 131 8939001
1605537960, 146, 17, 68, 0, 0, 0.20%, 0, 0, 24, 5506.42 131 8967457
1605537966, 146, 48, 68, 0, 0, 0.20%, 0, 0, 24, 5590.35 131 8996595
1605537971, 146, 66, 68, 0, 0, 0.20%, 0, 0, 24, 5496.75 131 9024121
1605537976, 147, 32, 68, 0, 0, 0.20%, 0, 0, 24, 5582.55 131 9053001
1605537981, 147, 60, 68, 0, 0, 0.20%, 0, 0, 24, 5548.85 131 9081917
1605537986, 148, 18, 68, 0, 0, 0.20%, 0, 0, 24, 5524.16 131 9110561
1605537991, 148, 43, 68, 0, 0, 0.20%, 0, 0, 24, 5604.43 131 9139459
1605537997, 148, 61, 68, 0, 0, 0.20%, 0, 0, 24, 5506.26 131 9167946
1605538002, 149, 24, 68, 0, 0, 0.20%, 0, 0, 24, 5560.10 131 9196551
1605538007, 149, 49, 68, 0, 0, 0.20%, 0, 0, 24, 5572.90 131 9225687
1605538012, 149, 67, 68, 0, 0, 0.20%, 0, 0, 24, 5474.36 131 9253180
1605538017, 150, 40, 68, 0, 0, 0.20%, 0, 0, 24, 5584.28 131 9282230
1605538022, 150, 66, 68, 0, 0, 0.20%, 0, 0, 24, 5484.04 131 9310867
1605538028, 151, 28, 68, 0, 0, 0.20%, 0, 0, 24, 5587.66 131 9339772
1605538033, 151, 50, 68, 0, 0, 0.20%, 0, 0, 24, 5568.18 131 9367756
1605538038, 152, 5, 68, 0, 0, 0.20%, 0, 0, 24, 5501.48 131 9396169
1605538043, 152, 48, 68, 0, 0, 0.20%, 0, 0, 24, 5600.44 131 9425540
1605538048, 152, 66, 68, 0, 0, 0.20%, 0, 0, 24, 5503.37 131 9453359
1605538053, 153, 25, 68, 0, 0, 0.20%, 0, 0, 24, 5630.43 131 9482679
1605538058, 153, 50, 68, 0, 0, 0.20%, 0, 0, 24, 5578.12 131 9510631
1605538063, 153, 67, 68, 0, 0, 0.20%, 0, 0, 24, 5507.81 131 9539164
1605538069, 154, 41, 68, 0, 0, 0.20%, 0, 0, 24, 5606.65 131 9568557
1605538074, 154, 66, 68, 0, 0, 0.20%, 0, 0, 24, 5512.68 131 9597253
1605538079, 155, 32, 68, 0, 0, 0.20%, 0, 0, 24, 5600.02 131 9626247
1605538084, 155, 58, 68, 0, 0, 0.20%, 0, 0, 24, 5567.64 131 9655020
1605538089, 156, 18, 68, 0, 0, 0.20%, 0, 0, 24, 5558.66 131 9683729
1605538094, 156, 48, 68, 0, 0, 0.20%, 0, 0, 24, 5612.60 131 9711955
1605538099, 156, 67, 68, 0, 0, 0.20%, 0, 0, 24, 5507.44 131 9739505
1605538105, 157, 40, 68, 0, 0, 0.20%, 0, 0, 24, 5600.44 131 9768681
1605538110, 157, 66, 68, 0, 0, 0.20%, 0, 0, 24, 5554.98 131 9796446
1605538115, 158, 41, 68, 0, 0, 0.20%, 0, 0, 24, 5626.08 131 9825751
1605538120, 159, 17, 68, 0, 0, 0.20%, 0, 0, 24, 5551.56 131 9854490
1605538125, 159, 48, 68, 0, 0, 0.20%, 0, 0, 24, 5608.27 131 9883627
1605538130, 160, 19, 68, 0, 0, 0.20%, 0, 0, 24, 5591.16 131 9911485
1605538135, 160, 46, 68, 0, 0, 0.20%, 0, 0, 24, 5604.44 131 9940590
1605538141, 161, 18, 68, 0, 0, 0.20%, 0, 0, 24, 5565.78 131 9969313
1605538146, 161, 48, 68, 0, 0, 0.20%, 0, 0, 24, 5603.33 131 9997490
1605538151, 162, 18, 68, 0, 0, 0.20%, 0, 0, 24, 5567.10 131 10026301
1605538156, 162, 45, 68, 0, 0, 0.20%, 0, 0, 24, 5613.79 131 10054645
1605538161, 162, 64, 68, 0, 0, 0.20%, 0, 0, 24, 5511.42 131 10082072
1605538166, 163, 40, 68, 0, 0, 0.20%, 0, 0, 24, 5591.23 131 10111211
1605538171, 163, 67, 68, 0, 0, 0.20%, 0, 0, 24, 5518.88 131 10139709
1605538176, 164, 41, 68, 0, 0, 0.20%, 0, 0, 24, 5606.04 131 10168937
1605538182, 165, 18, 68, 0, 0, 0.20%, 0, 0, 24, 5548.57 131 10197708
1605538187, 165, 48, 68, 0, 0, 0.20%, 0, 0, 24, 5606.90 131 10225970
1605538192, 166, 20, 68, 0, 0, 0.20%, 0, 0, 24, 5573.97 131 10254809
1605538197, 166, 48, 68, 0, 0, 0.20%, 0, 0, 24, 5614.43 131 10283786
1605538202, 167, 19, 68, 0, 0, 0.20%, 0, 0, 24, 5578.95 131 10311571
1605538207, 167, 49, 68, 0, 0, 0.20%, 0, 0, 24, 5598.89 131 10340675
1605538212, 168, 22, 68, 0, 0, 0.20%, 0, 0, 24, 5578.88 131 10368436
1605538217, 168, 50, 68, 0, 0, 0.20%, 0, 0, 24, 5565.54 131 10396557
1605538222, 169, 21, 68, 0, 0, 0.20%, 0, 0, 24, 5600.70 131 10424513
1605538227, 169, 48, 68, 0, 0, 0.20%, 0, 0, 24, 5615.36 131 10452645
1605538232, 170, 18, 68, 0, 0, 0.20%, 0, 0, 24, 5555.90 131 10480371
1605538237, 170, 48, 68, 0, 0, 0.20%, 0, 0, 24, 5610.25 131 10508697
1605538242, 171, 19, 68, 0, 0, 0.20%, 0, 0, 24, 5575.31 131 10537396
1605538248, 171, 43, 68, 0, 0, 0.20%, 0, 0, 24, 5585.64 131 10566543
1605538253, 171, 67, 68, 0, 0, 0.20%, 0, 0, 24, 5521.21 131 10594350
1605538258, 172, 43, 68, 0, 0, 0.20%, 0, 0, 24, 5606.43 131 10623626
1605538263, 173, 16, 68, 0, 0, 0.20%, 0, 0, 24, 5548.75 131 10652426
1605538268, 173, 48, 68, 0, 0, 0.20%, 0, 0, 24, 5492.41 131 10680187
1605538273, 174, 19, 68, 0, 0, 0.20%, 0, 0, 24, 5555.39 131 10708732
1605538278, 174, 48, 68, 0, 0, 0.20%, 0, 0, 24, 5598.43 131 10736828
1605538283, 175, 19, 68, 0, 0, 0.20%, 0, 0, 24, 5552.29 131 10764668
1605538288, 175, 49, 68, 0, 0, 0.20%, 0, 0, 24, 5583.96 131 10793898
1605538294, 176, 20, 68, 0, 0, 0.20%, 0, 0, 24, 5579.58 131 10822562
1605538299, 176, 49, 68, 0, 0, 0.20%, 0, 0, 24, 5589.81 131 10851530
1605538304, 177, 20, 68, 0, 0, 0.20%, 0, 0, 24, 5572.78 131 10880314
1605538309, 177, 50, 68, 0, 0, 0.20%, 0, 0, 24, 5591.65 131 10909371
1605538314, 177, 64, 68, 0, 0, 0.20%, 0, 0, 24, 5511.69 131 10936900
1605538319, 178, 39, 68, 0, 0, 0.20%, 0, 0, 24, 5607.49 131 10966080
1605538325, 178, 66, 68, 0, 0, 0.20%, 0, 0, 24, 5542.03 131 10994618
1605538330, 179, 41, 68, 0, 0, 0.20%, 0, 0, 24, 5586.35 131 11023793
1605538335, 179, 66, 68, 0, 0, 0.20%, 0, 0, 24, 5540.32 131 11052573
1605538340, 180, 41, 68, 0, 0, 0.20%, 0, 0, 24, 5607.73 131 11081621
1605538345, 180, 67, 68, 0, 0, 0.20%, 0, 0, 24, 5508.23 131 11110106
1605538350, 181, 42, 68, 0, 0, 0.20%, 0, 0, 24, 5600.19 131 11139276
1605538356, 181, 62, 68, 0, 0, 0.20%, 0, 0, 24, 5518.04 131 11167902
1605538361, 182, 39, 68, 0, 0, 0.20%, 0, 0, 24, 5594.45 131 11196886
1605538366, 182, 64, 68, 0, 0, 0.20%, 0, 0, 24, 5533.26 131 11225641
1605538371, 183, 38, 68, 0, 0, 0.20%, 0, 0, 24, 5607.86 131 11253841
1605538376, 183, 64, 68, 0, 0, 0.20%, 0, 0, 24, 5543.58 131 11281853
1605538381, 184, 39, 68, 0, 0, 0.20%, 0, 0, 24, 5604.27 131 11310784
1605538386, 184, 64, 68, 0, 0, 0.20%, 0, 0, 24, 5542.68 131 11338589
1605538391, 185, 39, 68, 0, 0, 0.20%, 0, 0, 24, 5594.84 131 11367633
1605538397, 185, 66, 68, 0, 0, 0.20%, 0, 0, 24, 5549.28 131 11396549
1605538402, 186, 40, 68, 0, 0, 0.20%, 0, 0, 24, 5588.29 131 11425506
1605538407, 186, 66, 68, 0, 0, 0.20%, 0, 0, 24, 5530.68 131 11453183
1605538412, 187, 41, 68, 0, 0, 0.20%, 0, 0, 24, 5597.98 131 11481425
1605538417, 188, 16, 68, 0, 0, 0.20%, 0, 0, 24, 5543.39 131 11510232
1605538422, 188, 48, 68, 0, 0, 0.20%, 0, 0, 24, 5601.63 131 11538457
1605538427, 189, 18, 68, 0, 0, 0.20%, 0, 0, 24, 5582.64 131 11567260
1605538432, 189, 48, 68, 0, 0, 0.20%, 0, 0, 24, 5602.54 131 11596446
1605538437, 190, 19, 68, 0, 0, 0.20%, 0, 0, 24, 5558.98 131 11624142
1605538443, 190, 49, 68, 0, 0, 0.20%, 0, 0, 24, 5595.56 131 11653136
1605538448, 191, 22, 68, 0, 0, 0.20%, 0, 0, 24, 5584.87 131 11681922
1605538453, 191, 49, 68, 0, 0, 0.20%, 0, 0, 24, 5613.69 131 11710132
1605538458, 192, 24, 68, 0, 0, 0.20%, 0, 0, 24, 5599.20 131 11738907
1605538463, 192, 50, 68, 0, 0, 0.20%, 0, 0, 24, 5582.10 131 11766887
1605538468, 192, 67, 68, 0, 0, 0.20%, 0, 0, 24, 5524.29 131 11795439
1605538473, 193, 43, 68, 0, 0, 0.20%, 0, 0, 24, 5586.08 131 11824688
1605538478, 194, 18, 68, 0, 0, 0.20%, 0, 0, 24, 5551.11 131 11852546
1605538484, 194, 49, 68, 0, 0, 0.20%, 0, 0, 24, 5582.46 131 11881695
1605538489, 195, 20, 68, 0, 0, 0.20%, 0, 0, 24, 5591.72 131 11910228
1605538494, 195, 49, 68, 0, 0, 0.20%, 0, 0, 24, 5582.36 131 11939160
1605538499, 196, 21, 68, 0, 0, 0.20%, 0, 0, 24, 5586.28 131 11967891
1605538504, 196, 49, 68, 0, 0, 0.20%, 0, 0, 24, 5595.50 131 11995908
1605538509, 197, 19, 68, 0, 0, 0.20%, 0, 0, 24, 5572.80 131 12023614
1605538514, 197, 48, 68, 0, 0, 0.20%, 0, 0, 24, 5588.11 131 12052622
1605538519, 198, 20, 68, 0, 0, 0.20%, 0, 0, 24, 5562.09 131 12081232
1605538525, 198, 50, 68, 0, 0, 0.20%, 0, 0, 24, 5562.91 131 12110287
1605538530, 199, 24, 68, 0, 0, 0.20%, 0, 0, 24, 5584.32 131 12138893
1605538535, 199, 58, 68, 0, 0, 0.20%, 0, 0, 24, 5569.56 131 12167993
1605538540, 200, 16, 68, 0, 0, 0.20%, 0, 0, 24, 5556.68 131 12196701
1605538545, 200, 43, 68, 0, 0, 0.20%, 0, 0, 24, 5609.85 131 12224974
1605538550, 200, 63, 68, 0, 0, 0.20%, 0, 0, 24, 5511.99 131 12253382
1605538555, 201, 18, 68, 0, 0, 0.20%, 0, 0, 24, 5536.96 131 12281034
1605538561, 201, 46, 68, 0, 0, 0.20%, 0, 0, 24, 5603.50 131 12310282
1605538566, 201, 61, 68, 0, 0, 0.20%, 0, 0, 24, 5520.95 131 12338715
1605538571, 202, 36, 68, 0, 0, 0.20%, 0, 0, 24, 5597.72 131 12366888
1605538576, 202, 66, 68, 0, 0, 0.20%, 0, 0, 24, 5515.36 131 12395569
1605538581, 203, 41, 68, 0, 0, 0.20%, 0, 0, 24, 5585.63 131 12424765
1605538586, 203, 67, 68, 0, 0, 0.20%, 0, 0, 24, 5503.63 131 12453323
1605538591, 204, 41, 68, 0, 0, 0.20%, 0, 0, 24, 5593.07 131 12481506
1605538596, 204, 67, 68, 0, 0, 0.20%, 0, 0, 24, 5508.33 131 12509069
1605538602, 205, 40, 68, 0, 0, 0.20%, 0, 0, 24, 5597.86 131 12538194
1605538607, 205, 59, 68, 0, 0, 0.20%, 0, 0, 24, 5551.61 131 12565917
1605538612, 206, 21, 68, 0, 0, 0.20%, 0, 0, 24, 5575.15 131 12594516
1605538617, 206, 49, 68, 0, 0, 0.20%, 0, 0, 24, 5569.38 131 12622542
1605538622, 207, 16, 68, 0, 0, 0.20%, 0, 0, 24, 5519.81 131 12650086
1605538627, 207, 43, 68, 0, 0, 0.20%, 0, 0, 24, 5484.16 131 12678152
1605538632, 207, 63, 68, 0, 0, 0.20%, 0, 0, 24, 5409.71 131 12706464
1605538637, 208, 35, 68, 0, 0, 0.20%, 0, 0, 24, 5573.74 131 12735504
1605538642, 208, 58, 68, 0, 0, 0.20%, 0, 0, 24, 5548.89 131 12763359
1605538648, 209, 33, 68, 0, 0, 0.20%, 0, 0, 24, 5574.22 131 12792154
1605538653, 209, 55, 68, 0, 0, 0.20%, 0, 0, 24, 5559.53 131 12820042
1605538658, 210, 32, 68, 0, 0, 0.20%, 0, 0, 24, 5599.75 131 12848874
1605538663, 210, 58, 68, 0, 0, 0.20%, 0, 0, 24, 5530.83 131 12876666
1605538668, 211, 25, 68, 0, 0, 0.20%, 0, 0, 24, 5564.73 131 12904511
1605538673, 211, 50, 68, 0, 0, 0.20%, 0, 0, 24, 5552.28 131 12932430
1605538678, 211, 68, 70, 2, 1, 0.20%, 0, 0, 24, 4584.08 134 12956124
