# unix_time, cycles_done, cur_path, paths_total, pending_total, pending_favs, map_size, unique_crashes, unique_hangs, max_depth, execs_per_sec, edge_coverage, total_execs
1605496912, 0, 0, 1, 1, 1, 0.04%, 0, 0, 1, 2666.67 0 8
1605496917, 0, 0, 11, 11, 1, 0.07%, 0, 0, 2, 5347.77 43 31197
1605496922, 2, 12, 14, 3, 0, 0.07%, 0, 0, 5, 5870.05 47 61370
1605496927, 5, 14, 16, 4, 1, 0.07%, 0, 0, 7, 5969.13 49 92431
1605496932, 6, 15, 16, 1, 0, 0.07%, 0, 0, 7, 5996.43 49 123324
1605496937, 13, 8, 16, 0, 0, 0.07%, 0, 0, 7, 6006.76 49 154446
1605496942, 21, 0, 16, 0, 0, 0.07%, 0, 0, 7, 5995.98 49 185237
1605496947, 28, 13, 16, 0, 0, 0.07%, 0, 0, 7, 5999.93 49 215294
1605496953, 35, 15, 16, 0, 0, 0.07%, 0, 0, 7, 5997.89 49 246149
1605496958, 43, 8, 16, 0, 0, 0.07%, 0, 0, 7, 5999.62 49 277117
1605496963, 51, 0, 16, 0, 0, 0.07%, 0, 0, 7, 6005.21 49 308069
1605496968, 58, 15, 16, 0, 0, 0.07%, 0, 0, 7, 6001.11 49 339118
1605496973, 66, 0, 16, 0, 0, 0.07%, 0, 0, 7, 6000.04 49 369925
1605496978, 67, 16, 18, 2, 1, 0.08%, 0, 0, 9, 5983.16 50 400634
1605496983, 69, 16, 18, 1, 0, 0.08%, 0, 0, 9, 5994.32 50 431060
1605496988, 69, 18, 20, 2, 1, 0.08%, 0, 0, 11, 5979.40 51 461572
1605496993, 69, 20, 21, 2, 1, 0.08%, 0, 0, 11, 5963.00 52 491577
1605496999, 70, 20, 22, 2, 0, 0.08%, 0, 0, 12, 5973.44 52 522036
1605497004, 71, 21, 24, 4, 0, 0.08%, 0, 0, 13, 5954.68 54 552008
1605497009, 71, 23, 25, 4, 1, 0.08%, 0, 0, 14, 5941.01 55 582642
1605497014, 71, 24, 27, 5, 1, 0.09%, 0, 0, 15, 5941.67 58 613399
1605497019, 71, 25, 27, 4, 2, 0.09%, 0, 0, 15, 5940.59 58 644085
1605497024, 71, 26, 28, 4, 1, 0.09%, 0, 0, 16, 5920.21 59 674494
1605497029, 71, 27, 30, 5, 1, 0.10%, 0, 0, 17, 5914.69 64 704634
1605497034, 71, 28, 30, 4, 2, 0.10%, 0, 0, 17, 5909.27 64 735014
1605497040, 71, 29, 32, 5, 1, 0.10%, 0, 0, 18, 5866.01 66 765179
