# unix_time, cycles_done, cur_path, paths_total, pending_total, pending_favs, map_size, unique_crashes, unique_hangs, max_depth, execs_per_sec, edge_coverage, total_execs
1601778712, 0, 0, 1, 1, 1, 0.37%, 0, 0, 1, 380.95 0 8
1601778717, 0, 0, 95, 95, 1, 0.97%, 0, 0, 2, 651.06 633 3692
1601778722, 0, 0, 119, 119, 1, 1.14%, 0, 0, 2, 705.43 749 7298
1601778727, 0, 0, 130, 130, 1, 1.31%, 0, 0, 2, 705.13 857 10872
1601778732, 0, 0, 137, 137, 1, 1.34%, 0, 0, 2, 703.15 876 14431
1601778737, 0, 0, 142, 142, 1, 1.37%, 0, 0, 2, 693.87 897 17657
1601778742, 0, 0, 147, 147, 1, 1.40%, 0, 0, 2, 696.44 919 21233
1601778748, 0, 0, 151, 151, 1, 1.41%, 0, 0, 2, 696.24 921 24788
1601778753, 0, 0, 152, 152, 1, 1.41%, 0, 0, 2, 701.61 921 28394
1601778758, 0, 0, 155, 155, 1, 1.41%, 0, 0, 2, 702.80 926 31946
1601778763, 0, 0, 160, 160, 1, 1.42%, 0, 0, 2, 701.80 932 35486
1601778768, 0, 3, 161, 159, 65, 1.43%, 0, 0, 2, 731.84 936 39217
1601778773, 0, 24, 162, 158, 63, 1.43%, 0, 0, 3, 712.95 937 42811
1601778778, 0, 25, 163, 158, 62, 1.43%, 0, 0, 3, 715.57 937 46387
1601778783, 0, 27, 164, 157, 60, 1.44%, 0, 0, 3, 719.81 941 50062
1601778788, 0, 33, 164, 156, 60, 1.44%, 0, 0, 3, 711.38 941 53638
1601778793, 0, 33, 166, 158, 60, 1.45%, 0, 0, 3, 719.15 948 57302
1601778798, 0, 34, 166, 157, 59, 1.45%, 0, 0, 3, 712.89 948 60781
1601778803, 0, 35, 166, 156, 58, 1.45%, 0, 0, 3, 712.49 948 64379
1601778808, 0, 37, 167, 156, 57, 1.45%, 0, 0, 3, 709.02 949 67953
1601778813, 0, 38, 167, 155, 56, 1.45%, 0, 0, 3, 708.48 949 71556
1601778818, 0, 48, 168, 155, 55, 1.45%, 0, 0, 3, 710.84 952 75153
1601778824, 0, 51, 177, 163, 55, 1.50%, 0, 0, 3, 726.58 981 78860
1601778829, 0, 51, 181, 167, 55, 1.50%, 0, 0, 3, 722.38 981 82448
1601778834, 0, 51, 182, 168, 55, 1.50%, 0, 0, 3, 731.64 982 86138
1601778839, 0, 51, 186, 172, 55, 1.51%, 0, 0, 3, 728.89 987 89796
1601778844, 0, 51, 188, 174, 55, 1.52%, 0, 0, 3, 732.15 996 93480
1601778854, 0, 51, 190, 176, 55, 1.55%, 0, 0, 3, 729.74 1015 100846
1601778859, 0, 64, 191, 176, 65, 1.57%, 0, 0, 3, 719.72 1028 104503
1601778864, 0, 67, 191, 175, 64, 1.57%, 0, 0, 3, 715.49 1028 108142
1601778869, 0, 70, 192, 175, 63, 1.58%, 0, 0, 3, 716.86 1033 111793
1601778874, 0, 73, 192, 174, 63, 1.58%, 0, 0, 3, 713.72 1033 115425
1601778879, 0, 75, 193, 174, 62, 1.59%, 0, 0, 3, 712.33 1043 119024
1601778884, 0, 84, 194, 172, 60, 1.59%, 0, 0, 3, 698.78 1044 122583
1601778889, 0, 87, 195, 172, 60, 1.59%, 0, 0, 3, 713.76 1044 126241
1601778894, 0, 87, 196, 173, 60, 1.60%, 0, 0, 3, 697.40 1046 129845
1601778900, 0, 91, 197, 172, 59, 1.60%, 0, 0, 3, 718.84 1046 133491
1601778905, 0, 91, 199, 174, 59, 1.61%, 0, 0, 3, 724.01 1053 137147
1601778910, 0, 91, 200, 175, 59, 1.61%, 0, 0, 3, 724.75 1053 140809
1601778920, 0, 93, 202, 176, 60, 1.61%, 0, 0, 3, 735.95 1058 148068
1601778925, 0, 102, 203, 175, 59, 1.62%, 0, 0, 3, 717.15 1059 151666
1601778930, 0, 103, 203, 174, 58, 1.62%, 0, 0, 3, 713.21 1059 155232
1601778935, 0, 107, 204, 173, 56, 1.62%, 0, 0, 3, 721.42 1060 158881
1601778940, 0, 110, 206, 173, 56, 1.62%, 0, 0, 3, 706.52 1062 162447
1601778945, 0, 110, 208, 175, 56, 1.62%, 0, 0, 3, 698.74 1062 166035
1601778950, 0, 110, 209, 176, 56, 1.62%, 0, 0, 3, 696.49 1062 169629
1601778955, 0, 112, 209, 174, 54, 1.62%, 0, 0, 3, 713.34 1062 173226
1601778960, 0, 122, 212, 175, 52, 1.65%, 0, 0, 3, 713.54 1081 176842
1601778965, 0, 123, 213, 175, 51, 1.65%, 0, 0, 3, 722.70 1084 180515
1601778970, 0, 123, 218, 180, 51, 1.67%, 0, 0, 3, 723.56 1094 184167
1601778976, 0, 123, 222, 184, 51, 1.69%, 0, 0, 3, 710.69 1109 187601
1601778981, 0, 123, 225, 187, 51, 1.70%, 0, 0, 3, 721.47 1112 191279
1601778986, 0, 123, 228, 190, 51, 1.74%, 0, 0, 3, 722.22 1142 194943
1601778996, 0, 123, 229, 191, 51, 1.74%, 0, 0, 3, 722.69 1143 202315
1601779001, 0, 123, 232, 194, 51, 1.77%, 0, 0, 3, 722.70 1158 205993
1601779006, 0, 123, 235, 197, 51, 1.77%, 0, 0, 3, 723.84 1159 209657
1601779011, 0, 127, 236, 197, 61, 1.77%, 0, 0, 3, 718.54 1159 213287
1601779021, 0, 128, 241, 201, 60, 1.80%, 0, 0, 3, 719.59 1179 220560
1601779026, 0, 128, 242, 202, 60, 1.80%, 0, 0, 3, 722.14 1179 224236
1601779031, 0, 128, 244, 204, 60, 1.81%, 0, 0, 3, 725.14 1183 227920
1601779037, 0, 128, 245, 205, 60, 1.81%, 0, 0, 3, 702.97 1183 231260
1601779052, 0, 128, 247, 207, 60, 1.81%, 0, 0, 3, 722.65 1186 242336
1601779057, 0, 128, 248, 208, 60, 1.81%, 0, 0, 3, 723.14 1186 246026
1601779067, 0, 129, 254, 213, 66, 1.85%, 0, 0, 3, 714.53 1210 253347
1601779072, 0, 129, 255, 214, 66, 1.85%, 0, 0, 3, 720.37 1210 257037
1601779077, 0, 140, 255, 213, 68, 1.85%, 0, 0, 3, 721.99 1210 260709
1601779082, 0, 143, 255, 212, 67, 1.85%, 0, 0, 3, 710.25 1210 264275
1601779088, 0, 144, 255, 211, 66, 1.85%, 0, 0, 3, 729.28 1210 267958
1601779093, 0, 144, 256, 212, 66, 1.85%, 0, 0, 3, 733.15 1210 271648
1601779098, 0, 151, 258, 212, 64, 1.86%, 0, 0, 3, 713.64 1220 275119
1601779103, 0, 154, 259, 211, 63, 1.86%, 0, 0, 3, 715.92 1220 278702
1601779108, 0, 154, 260, 212, 63, 1.86%, 0, 0, 3, 728.22 1220 282386
1601779113, 0, 156, 260, 210, 61, 1.86%, 0, 0, 3, 720.94 1220 286030
1601779118, 0, 158, 260, 209, 60, 1.86%, 0, 0, 3, 706.28 1220 289544
1601779123, 0, 163, 260, 207, 58, 1.86%, 0, 0, 3, 719.52 1220 293214
1601779128, 0, 164, 261, 207, 57, 1.86%, 0, 0, 4, 723.88 1220 296890
1601779133, 0, 167, 261, 205, 55, 1.86%, 0, 0, 4, 710.88 1220 300452
1601779138, 0, 169, 263, 206, 54, 1.86%, 0, 0, 4, 709.97 1222 304051
1601779143, 0, 172, 264, 206, 53, 1.87%, 0, 0, 4, 721.46 1223 307653
1601779148, 0, 175, 264, 204, 52, 1.87%, 0, 0, 4, 724.23 1223 311325
1601779153, 0, 176, 266, 205, 51, 1.87%, 0, 0, 4, 723.04 1223 315016
1601779158, 0, 179, 266, 204, 50, 1.87%, 0, 0, 4, 714.67 1223 318514
1601779163, 0, 181, 267, 204, 49, 1.87%, 0, 0, 4, 711.26 1223 322104
1601779169, 0, 182, 267, 203, 48, 1.87%, 0, 0, 4, 712.69 1223 325687
1601779174, 0, 185, 268, 203, 47, 1.87%, 0, 0, 4, 713.31 1223 329329
1601779179, 0, 187, 269, 203, 46, 1.87%, 0, 0, 4, 706.55 1223 332888
1601779184, 0, 188, 270, 203, 45, 1.87%, 0, 0, 4, 713.49 1223 336489
1601779189, 0, 190, 273, 205, 44, 1.90%, 0, 0, 4, 705.09 1244 340019
1601779194, 0, 191, 273, 204, 43, 1.90%, 0, 0, 4, 708.48 1244 343633
1601779199, 0, 195, 273, 202, 41, 1.90%, 0, 0, 4, 714.15 1244 347270
1601779209, 0, 198, 276, 203, 42, 1.91%, 0, 0, 4, 703.21 1253 354510
1601779214, 0, 200, 276, 201, 40, 1.91%, 0, 0, 4, 719.89 1253 358194
1601779219, 0, 202, 278, 201, 40, 1.92%, 0, 0, 4, 719.16 1257 361821
1601779225, 0, 204, 279, 200, 39, 1.92%, 0, 0, 4, 713.19 1258 365417
1601779230, 0, 209, 279, 199, 38, 1.92%, 0, 0, 4, 714.68 1258 368990
1601779235, 0, 209, 282, 202, 38, 1.93%, 0, 0, 4, 719.21 1263 372660
1601779240, 0, 209, 283, 203, 38, 1.93%, 0, 0, 4, 722.18 1268 376350
1601779255, 0, 214, 284, 203, 39, 1.95%, 0, 0, 4, 711.16 1280 387167
1601779260, 0, 216, 287, 204, 38, 1.97%, 0, 0, 4, 719.40 1292 390804
1601779265, 0, 223, 287, 202, 39, 1.97%, 0, 0, 4, 720.06 1292 394457
1601779270, 0, 224, 289, 203, 39, 2.00%, 0, 0, 4, 708.88 1311 397992
1601779275, 0, 224, 291, 205, 39, 2.00%, 0, 0, 4, 718.29 1313 401624
1601779280, 0, 225, 293, 206, 40, 2.02%, 0, 0, 4, 715.60 1327 405278
1601779285, 0, 227, 293, 205, 41, 2.02%, 0, 0, 4, 721.98 1327 408934
1601779291, 0, 228, 294, 205, 40, 2.02%, 0, 0, 4, 719.49 1327 412601
1601779296, 0, 230, 295, 205, 40, 2.03%, 0, 0, 4, 719.29 1328 416252
1601779301, 0, 231, 307, 216, 40, 2.05%, 0, 0, 4, 716.11 1346 419853
1601779306, 0, 231, 314, 223, 40, 2.06%, 0, 0, 4, 721.29 1348 423493
1601779311, 0, 231, 317, 226, 40, 2.06%, 0, 0, 4, 721.93 1352 427171
1601779316, 0, 231, 320, 229, 40, 2.07%, 0, 0, 4, 717.30 1354 430835
1601779321, 0, 231, 322, 231, 40, 2.07%, 0, 0, 4, 720.10 1354 434519
1601779326, 0, 231, 325, 234, 40, 2.07%, 0, 0, 4, 719.70 1358 438197
1601779331, 0, 231, 328, 237, 40, 2.07%, 0, 0, 4, 716.95 1358 441861
1601779336, 0, 231, 329, 238, 40, 2.07%, 0, 0, 4, 722.89 1358 445537
1601779342, 0, 231, 331, 240, 40, 2.07%, 0, 0, 4, 719.81 1358 449221
1601779347, 0, 234, 331, 239, 45, 2.07%, 0, 0, 4, 722.58 1358 452889
1601779352, 0, 243, 331, 237, 43, 2.07%, 0, 0, 4, 706.58 1358 456460
1601779357, 0, 246, 332, 236, 41, 2.08%, 0, 0, 4, 708.44 1361 460063
1601779362, 0, 248, 332, 235, 40, 2.08%, 0, 0, 4, 717.33 1361 463705
1601779367, 0, 250, 332, 233, 38, 2.08%, 0, 0, 4, 694.51 1361 467218
1601779372, 0, 256, 334, 234, 37, 2.08%, 0, 0, 4, 700.91 1361 470882
1601779377, 0, 261, 335, 233, 35, 2.10%, 0, 0, 4, 711.09 1374 474519
1601779382, 0, 262, 335, 232, 34, 2.10%, 0, 0, 4, 707.15 1374 478108
1601779392, 0, 271, 335, 230, 32, 2.10%, 0, 0, 4, 719.69 1374 485424
1601779397, 0, 271, 339, 234, 32, 2.10%, 0, 0, 5, 710.79 1376 488906
1601779408, 0, 271, 340, 235, 32, 2.10%, 0, 0, 5, 718.35 1376 496278
1601779423, 0, 271, 341, 236, 32, 2.10%, 0, 0, 5, 717.28 1376 507332
1601779428, 0, 272, 342, 236, 32, 2.11%, 0, 0, 5, 720.66 1384 511015
1601779433, 0, 272, 343, 237, 32, 2.11%, 0, 0, 5, 723.99 1384 514690
1601779438, 0, 273, 343, 236, 31, 2.11%, 0, 0, 5, 716.88 1384 518317
1601779443, 0, 275, 343, 234, 29, 2.11%, 0, 0, 5, 712.42 1384 521914
1601779448, 0, 276, 343, 233, 28, 2.11%, 0, 0, 5, 716.71 1384 525533
1601779453, 0, 277, 343, 232, 27, 2.11%, 0, 0, 5, 725.31 1384 529204
1601779459, 0, 277, 345, 234, 27, 2.11%, 0, 0, 5, 729.60 1384 532888
1601779464, 0, 277, 346, 235, 27, 2.11%, 0, 0, 5, 726.82 1384 536578
1601779489, 0, 278, 347, 235, 26, 2.11%, 0, 0, 5, 724.79 1384 554892
1601779494, 0, 279, 347, 234, 26, 2.11%, 0, 0, 5, 721.64 1384 558575
1601779499, 0, 282, 347, 233, 25, 2.11%, 0, 0, 5, 723.26 1384 562237
1601779509, 0, 283, 347, 232, 24, 2.11%, 0, 0, 5, 719.58 1384 569574
1601779514, 0, 284, 348, 232, 23, 2.12%, 0, 0, 5, 725.05 1389 573254
1601779520, 0, 288, 349, 232, 23, 2.12%, 0, 0, 5, 721.37 1391 576947
1601779525, 0, 289, 349, 231, 22, 2.12%, 0, 0, 5, 717.76 1391 580611
1601779530, 0, 289, 354, 236, 22, 2.17%, 0, 0, 5, 709.17 1423 584160
1601779535, 0, 289, 359, 241, 22, 2.17%, 0, 0, 5, 721.29 1425 587830
1601779540, 0, 289, 362, 244, 22, 2.17%, 0, 0, 5, 725.22 1425 591513
1601779545, 0, 289, 366, 248, 22, 2.17%, 0, 0, 5, 726.04 1425 595152
1601779550, 0, 289, 367, 249, 22, 2.17%, 0, 0, 5, 729.56 1425 598856
1601779565, 0, 289, 368, 250, 22, 2.17%, 0, 0, 5, 723.22 1425 609896
1601779575, 0, 289, 369, 251, 22, 2.18%, 0, 0, 5, 723.60 1428 617171
1601779581, 0, 291, 372, 253, 27, 2.26%, 0, 0, 5, 711.55 1480 620778
1601779586, 0, 291, 375, 256, 27, 2.26%, 0, 0, 5, 717.72 1481 624442
1601779591, 0, 291, 377, 258, 27, 2.26%, 0, 0, 5, 715.94 1482 628098
1601779601, 0, 291, 378, 259, 27, 2.26%, 0, 0, 5, 715.49 1482 635456
1601779611, 0, 291, 379, 260, 27, 2.26%, 0, 0, 5, 713.72 1482 642632
1601779627, 0, 292, 379, 259, 31, 2.26%, 0, 0, 5, 718.50 1482 653602
1601779632, 0, 293, 381, 260, 30, 2.26%, 0, 0, 5, 711.66 1482 657219
1601779637, 0, 293, 382, 261, 30, 2.26%, 0, 0, 5, 736.32 1482 660493
1601779642, 0, 293, 384, 263, 30, 2.26%, 0, 0, 5, 724.43 1482 664169
1601779652, 0, 293, 386, 265, 30, 2.26%, 0, 0, 5, 713.79 1482 671452
1601779657, 0, 293, 387, 266, 30, 2.26%, 0, 0, 5, 714.66 1482 675086
1601779683, 0, 294, 387, 265, 30, 2.26%, 0, 0, 5, 711.37 1482 693099
1601779688, 0, 295, 392, 269, 29, 2.27%, 0, 0, 5, 711.93 1488 696685
1601779693, 0, 295, 393, 270, 29, 2.27%, 0, 0, 5, 713.44 1488 700333
1601779698, 0, 295, 394, 271, 29, 2.27%, 0, 0, 5, 724.30 1488 704051
1601779719, 0, 295, 396, 273, 29, 2.28%, 0, 0, 5, 719.88 1491 718795
1601779734, 0, 298, 398, 274, 29, 2.28%, 0, 0, 5, 714.02 1491 729627
1601779739, 0, 306, 400, 275, 29, 2.28%, 0, 0, 5, 708.97 1495 733249
1601779744, 0, 314, 400, 274, 29, 2.28%, 0, 0, 5, 715.51 1495 736905
1601779749, 0, 315, 401, 274, 28, 2.28%, 0, 0, 5, 713.51 1497 740557
1601779754, 0, 318, 402, 274, 28, 2.28%, 0, 0, 5, 712.79 1497 744204
1601779760, 0, 318, 403, 275, 28, 2.28%, 0, 0, 5, 710.18 1497 747847
1601779765, 0, 320, 403, 274, 28, 2.28%, 0, 0, 5, 718.90 1497 751510
1601779770, 0, 322, 404, 274, 27, 2.29%, 0, 0, 5, 721.46 1499 755169
1601779775, 0, 322, 407, 277, 27, 2.29%, 0, 0, 5, 724.62 1504 758849
1601779780, 0, 325, 409, 278, 29, 2.29%, 0, 0, 5, 723.34 1504 762502
1601779785, 0, 325, 411, 280, 29, 2.29%, 0, 0, 5, 721.66 1504 766186
1601779800, 0, 325, 412, 281, 29, 2.29%, 0, 0, 5, 725.10 1504 777128
1601779815, 0, 328, 412, 280, 29, 2.29%, 0, 0, 5, 725.20 1504 788195
1601779820, 0, 330, 412, 279, 28, 2.29%, 0, 0, 5, 726.11 1504 791716
1601779826, 0, 331, 412, 278, 28, 2.29%, 0, 0, 5, 716.83 1504 795361
1601779831, 0, 334, 412, 277, 27, 2.29%, 0, 0, 5, 720.89 1504 799029
1601779836, 0, 341, 417, 281, 26, 2.29%, 0, 0, 6, 703.67 1504 802535
1601779841, 0, 341, 420, 284, 26, 2.29%, 0, 0, 6, 713.05 1504 806199
1601779846, 0, 341, 422, 286, 26, 2.29%, 0, 0, 6, 713.72 1504 809841
1601779861, 0, 341, 423, 287, 26, 2.30%, 0, 0, 6, 702.09 1509 820587
1601779871, 0, 346, 425, 288, 28, 2.30%, 0, 0, 6, 713.29 1509 827773
1601779876, 0, 347, 425, 287, 29, 2.30%, 0, 0, 6, 713.64 1509 831422
1601779881, 0, 348, 425, 286, 28, 2.30%, 0, 0, 6, 710.26 1509 835047
1601779887, 0, 348, 426, 287, 28, 2.30%, 0, 0, 6, 701.51 1509 838633
1601779892, 0, 348, 427, 288, 28, 2.30%, 0, 0, 6, 704.68 1509 842225
1601779897, 0, 348, 429, 290, 28, 2.30%, 0, 0, 6, 710.16 1509 845853
1601779917, 0, 348, 430, 291, 28, 2.30%, 0, 0, 6, 709.48 1509 860435
1601779922, 0, 351, 439, 299, 27, 2.32%, 0, 0, 6, 694.63 1523 863931
1601779927, 0, 351, 441, 301, 27, 2.34%, 0, 0, 6, 698.99 1532 867412
1601779932, 0, 351, 444, 304, 27, 2.34%, 0, 0, 6, 706.28 1535 871018
1601779943, 0, 351, 445, 305, 27, 2.34%, 0, 0, 6, 712.00 1535 878306
1601779948, 0, 351, 447, 307, 27, 2.35%, 0, 0, 6, 706.88 1538 881878
1601779978, 0, 367, 447, 306, 37, 2.35%, 0, 0, 6, 699.76 1538 903547
1601779989, 0, 368, 447, 305, 36, 2.35%, 0, 0, 6, 708.99 1538 910822
1601779994, 0, 369, 448, 305, 35, 2.35%, 0, 0, 6, 703.98 1541 914438
1601779999, 0, 369, 449, 306, 35, 2.36%, 0, 0, 6, 712.11 1546 918121
1601780004, 0, 370, 449, 305, 36, 2.36%, 0, 0, 6, 698.10 1546 921652
1601780009, 0, 371, 449, 304, 35, 2.36%, 0, 0, 6, 668.73 1546 925127
1601780014, 0, 372, 450, 304, 34, 2.36%, 0, 0, 6, 691.29 1547 928696
1601780025, 0, 375, 450, 303, 34, 2.36%, 0, 0, 6, 690.52 1547 935714
1601780040, 0, 387, 450, 301, 32, 2.36%, 0, 0, 6, 704.00 1547 946341
1601780045, 0, 388, 450, 300, 31, 2.36%, 0, 0, 6, 705.48 1547 949929
1601780050, 0, 395, 450, 299, 30, 2.36%, 0, 0, 6, 714.10 1547 953566
1601780055, 0, 395, 451, 300, 30, 2.36%, 0, 0, 6, 716.20 1547 957233
1601780060, 0, 395, 452, 301, 30, 2.36%, 0, 0, 6, 733.60 1547 961035
1601780070, 0, 396, 452, 300, 29, 2.36%, 0, 0, 6, 717.35 1547 968368
1601780075, 0, 396, 454, 302, 29, 2.36%, 0, 0, 6, 714.76 1547 972024
1601780086, 0, 399, 454, 300, 27, 2.36%, 0, 0, 6, 714.17 1547 979332
1601780091, 0, 399, 455, 301, 27, 2.36%, 0, 0, 6, 731.82 1547 983112
1601780096, 0, 400, 455, 300, 26, 2.36%, 0, 0, 6, 716.98 1547 986757
1601780101, 0, 402, 455, 299, 25, 2.36%, 0, 0, 6, 690.44 1547 990250
1601780111, 0, 402, 457, 301, 25, 2.36%, 0, 0, 6, 708.77 1547 997443
1601780116, 0, 402, 458, 302, 25, 2.36%, 0, 0, 6, 708.46 1547 1001077
1601780126, 0, 402, 459, 303, 25, 2.36%, 0, 0, 6, 707.69 1547 1008309
1601780142, 0, 403, 459, 302, 24, 2.36%, 0, 0, 6, 716.36 1547 1019200
1601780147, 0, 404, 460, 302, 24, 2.36%, 0, 0, 6, 717.74 1549 1022835
1601780152, 0, 406, 460, 301, 23, 2.36%, 0, 0, 6, 716.84 1549 1026464
1601780157, 0, 410, 460, 300, 22, 2.36%, 0, 0, 6, 714.60 1549 1030124
1601780162, 0, 410, 461, 301, 22, 2.36%, 0, 0, 6, 717.64 1549 1033809
1601780172, 0, 412, 462, 301, 21, 2.36%, 0, 0, 7, 698.41 1549 1041035
1601780182, 0, 413, 462, 300, 20, 2.36%, 0, 0, 7, 696.19 1549 1048101
1601780187, 0, 424, 463, 300, 19, 2.37%, 0, 0, 7, 719.30 1551 1051735
1601780193, 0, 427, 463, 299, 19, 2.37%, 0, 0, 7, 710.89 1551 1055344
1601780198, 0, 430, 463, 298, 18, 2.37%, 0, 0, 7, 707.53 1551 1058955
1601780208, 0, 430, 464, 299, 18, 2.37%, 0, 0, 7, 728.43 1551 1066088
1601780213, 0, 430, 465, 300, 18, 2.37%, 0, 0, 7, 714.84 1554 1069764
1601780218, 0, 431, 465, 299, 18, 2.37%, 0, 0, 7, 710.23 1554 1073414
1601780228, 0, 433, 465, 298, 17, 2.37%, 0, 0, 7, 699.54 1554 1080603
1601780238, 0, 433, 466, 299, 17, 2.37%, 0, 0, 7, 711.96 1554 1087684
1601780243, 0, 435, 466, 298, 16, 2.37%, 0, 0, 7, 695.26 1554 1091172
1601780253, 0, 435, 468, 300, 16, 2.37%, 0, 0, 7, 706.97 1554 1098242
1601780264, 0, 436, 468, 299, 15, 2.37%, 0, 0, 7, 698.42 1554 1105401
1601780274, 0, 436, 469, 300, 15, 2.37%, 0, 0, 7, 707.36 1554 1112499
1601780279, 0, 437, 469, 299, 14, 2.37%, 0, 0, 7, 695.46 1554 1116119
1601780289, 0, 437, 470, 300, 14, 2.37%, 0, 0, 7, 707.56 1554 1123262
1601780294, 0, 438, 470, 299, 13, 2.37%, 0, 0, 7, 696.31 1554 1126802
1601780304, 0, 438, 472, 301, 13, 2.37%, 0, 0, 7, 709.13 1554 1133851
1601780315, 0, 439, 472, 300, 12, 2.37%, 0, 0, 7, 697.34 1554 1141078
1601780325, 0, 439, 473, 301, 12, 2.37%, 0, 0, 7, 713.81 1556 1148279
1601780330, 0, 443, 473, 300, 12, 2.37%, 0, 0, 7, 775.82 1556 1152183
1601780335, 0, 445, 473, 299, 11, 2.37%, 0, 0, 7, 733.83 1556 1155826
1601780340, 0, 447, 474, 299, 10, 2.38%, 0, 0, 7, 715.13 1557 1159427
1601780345, 0, 447, 475, 300, 10, 2.39%, 0, 0, 7, 714.47 1564 1163103
1601780355, 0, 448, 475, 299, 11, 2.39%, 0, 0, 7, 699.13 1564 1170399
1601780365, 0, 448, 476, 300, 11, 2.39%, 0, 0, 7, 707.13 1564 1177516
1601780371, 0, 449, 476, 299, 10, 2.39%, 0, 0, 7, 686.10 1564 1181007
1601780376, 0, 449, 477, 300, 10, 2.39%, 0, 0, 7, 689.28 1564 1184496
1601780381, 0, 459, 477, 299, 10, 2.39%, 0, 0, 7, 705.08 1564 1188120
1601780391, 0, 461, 477, 298, 9, 2.39%, 0, 0, 7, 712.85 1564 1195460
1601780396, 0, 461, 478, 299, 9, 2.39%, 0, 0, 8, 705.98 1564 1199052
1601780401, 0, 461, 479, 300, 9, 2.39%, 0, 0, 8, 705.23 1564 1202630
1601780411, 0, 462, 479, 299, 8, 2.39%, 0, 0, 8, 715.79 1564 1209860
1601780416, 0, 464, 479, 298, 7, 2.39%, 0, 0, 8, 712.72 1564 1213467
1601780421, 0, 471, 479, 297, 6, 2.39%, 0, 0, 8, 699.26 1564 1217028
1601780432, 0, 471, 480, 298, 6, 2.39%, 0, 0, 8, 709.80 1564 1224099
1601780437, 0, 471, 481, 299, 6, 2.39%, 0, 0, 8, 704.07 1564 1227649
1601780442, 0, 471, 484, 302, 6, 2.39%, 0, 0, 8, 707.36 1564 1231257
1601780462, 0, 471, 485, 303, 6, 2.39%, 0, 0, 8, 705.95 1564 1245825
1601780467, 0, 472, 485, 302, 5, 2.39%, 0, 0, 8, 709.07 1564 1249378
1601780472, 0, 473, 485, 301, 4, 2.39%, 0, 0, 8, 683.68 1564 1252893
1601780483, 0, 474, 486, 301, 3, 2.40%, 0, 0, 8, 700.19 1571 1259998
1601780493, 0, 476, 487, 301, 4, 2.41%, 0, 0, 8, 695.40 1578 1267225
1601780508, 0, 485, 487, 300, 3, 2.41%, 0, 0, 8, 693.79 1578 1277873
1601780513, 0, 486, 487, 299, 2, 2.41%, 0, 0, 8, 712.53 1578 1281576
1601780524, 1, 65, 487, 298, 1, 2.41%, 0, 0, 8, 715.05 1578 1288884
1601780529, 1, 88, 487, 297, 1, 2.41%, 0, 0, 8, 702.09 1578 1292401
1601780534, 1, 96, 488, 297, 0, 2.41%, 0, 0, 8, 720.95 1578 1296071
1601780539, 1, 98, 488, 295, 0, 2.41%, 0, 0, 8, 687.66 1578 1299516
1601780544, 1, 106, 488, 294, 0, 2.41%, 0, 0, 8, 716.80 1578 1303241
1601780554, 1, 116, 488, 293, 0, 2.41%, 0, 0, 8, 709.54 1578 1310439
1601780559, 1, 119, 488, 292, 0, 2.41%, 0, 0, 8, 711.23 1578 1313997
1601780564, 1, 124, 488, 290, 0, 2.41%, 0, 0, 8, 723.26 1578 1317648
1601780569, 1, 128, 488, 289, 0, 2.41%, 0, 0, 8, 721.43 1578 1321350
1601780574, 1, 143, 488, 288, 0, 2.41%, 0, 0, 8, 729.77 1578 1325037
1601780579, 1, 149, 488, 288, 0, 2.41%, 0, 0, 8, 711.92 1578 1328617
1601780584, 1, 158, 488, 287, 0, 2.41%, 0, 0, 8, 715.36 1578 1332198
1601780589, 1, 161, 489, 288, 0, 2.41%, 0, 0, 8, 716.85 1578 1335826
1601780595, 1, 162, 489, 287, 0, 2.41%, 0, 0, 8, 718.04 1578 1339490
1601780600, 1, 186, 489, 286, 0, 2.41%, 0, 0, 8, 715.82 1578 1343074
1601780605, 1, 189, 489, 285, 0, 2.41%, 0, 0, 8, 714.70 1578 1346660
1601780610, 1, 195, 490, 285, 0, 2.41%, 0, 0, 8, 716.71 1578 1350281
1601780615, 1, 198, 490, 284, 0, 2.41%, 0, 0, 8, 722.65 1578 1353899
1601780620, 1, 205, 490, 284, 0, 2.41%, 0, 0, 8, 727.12 1578 1357560
1601780630, 1, 212, 490, 282, 0, 2.41%, 0, 0, 8, 691.33 1578 1364657
1601780635, 1, 215, 490, 280, 0, 2.41%, 0, 0, 8, 719.98 1578 1368310
1601780640, 1, 219, 490, 279, 0, 2.41%, 0, 0, 8, 719.63 1578 1371924
1601780645, 1, 221, 490, 278, 0, 2.41%, 0, 0, 8, 710.36 1578 1375515
1601780650, 1, 230, 490, 277, 0, 2.41%, 0, 0, 8, 724.95 1578 1379184
1601780655, 1, 258, 491, 278, 0, 2.41%, 0, 0, 8, 721.19 1578 1382859
1601780660, 1, 260, 491, 277, 0, 2.41%, 0, 0, 8, 723.52 1578 1386493
1601780670, 1, 263, 492, 277, 0, 2.41%, 0, 0, 8, 726.20 1578 1393833
1601780675, 1, 267, 492, 277, 0, 2.41%, 0, 0, 8, 719.33 1578 1397487
1601780680, 1, 275, 492, 276, 0, 2.41%, 0, 0, 8, 724.75 1578 1401147
1601780685, 1, 281, 492, 276, 0, 2.41%, 0, 0, 8, 730.32 1578 1404829
1601780696, 1, 287, 492, 275, 0, 2.41%, 0, 0, 8, 736.38 1578 1412414
1601780706, 1, 290, 492, 274, 0, 2.41%, 0, 0, 8, 707.03 1578 1419921
1601780716, 1, 304, 492, 273, 0, 2.41%, 0, 0, 8, 720.98 1578 1427199
1601780721, 1, 306, 492, 272, 0, 2.41%, 0, 0, 8, 737.88 1578 1431038
1601780726, 1, 307, 492, 272, 0, 2.41%, 0, 0, 8, 729.91 1578 1434689
1601780731, 1, 319, 492, 271, 0, 2.41%, 0, 0, 8, 727.47 1578 1438347
1601780736, 1, 323, 492, 270, 0, 2.41%, 0, 0, 8, 730.00 1578 1442014
1601780741, 1, 332, 492, 269, 0, 2.41%, 0, 0, 8, 728.77 1578 1445684
1601780746, 1, 334, 492, 268, 0, 2.41%, 0, 0, 8, 723.82 1578 1449325
1601780751, 1, 352, 492, 268, 0, 2.41%, 0, 0, 8, 732.73 1578 1452732
1601780762, 1, 352, 493, 269, 0, 2.41%, 0, 0, 8, 728.89 1578 1460065
1601780767, 1, 354, 493, 268, 0, 2.41%, 0, 0, 8, 712.21 1578 1463654
1601780777, 1, 359, 493, 267, 0, 2.41%, 0, 0, 8, 718.89 1578 1470975
1601780792, 1, 360, 493, 266, 0, 2.41%, 0, 0, 8, 714.72 1578 1482015
1601780812, 1, 364, 493, 265, 0, 2.41%, 0, 0, 8, 726.78 1578 1496595
1601780828, 1, 367, 493, 264, 0, 2.41%, 0, 0, 8, 725.80 1578 1507646
1601780833, 1, 374, 494, 265, 0, 2.41%, 0, 0, 8, 710.14 1578 1511214
1601780838, 1, 374, 495, 266, 0, 2.41%, 0, 0, 8, 717.87 1578 1514852
1601780843, 1, 378, 496, 266, 0, 2.41%, 0, 0, 8, 691.81 1578 1518439
1601780848, 1, 378, 497, 267, 0, 2.41%, 0, 0, 8, 710.09 1578 1522128
1601780853, 1, 378, 498, 268, 0, 2.41%, 0, 0, 8, 715.38 1578 1525790
1601780858, 1, 378, 500, 270, 0, 2.41%, 0, 0, 8, 717.48 1578 1529474
1601780868, 1, 378, 501, 271, 0, 2.41%, 0, 0, 8, 722.10 1578 1536832
1601780879, 1, 382, 502, 271, 0, 2.41%, 0, 0, 8, 720.63 1578 1543991
1601780884, 1, 385, 504, 272, 0, 2.41%, 0, 0, 8, 733.20 1578 1547680
1601780889, 1, 388, 504, 271, 0, 2.41%, 0, 0, 8, 746.36 1578 1551522
1601780894, 1, 402, 504, 271, 0, 2.41%, 0, 0, 8, 735.17 1578 1555194
1601780899, 1, 408, 505, 272, 0, 2.41%, 0, 0, 8, 724.01 1578 1558832
1601780904, 1, 410, 505, 271, 0, 2.41%, 0, 0, 8, 721.73 1578 1562438
1601780909, 1, 432, 506, 272, 0, 2.41%, 0, 0, 8, 726.62 1578 1566102
1601780919, 1, 437, 506, 271, 0, 2.41%, 0, 0, 8, 728.22 1578 1573457
1601780924, 1, 440, 506, 271, 0, 2.41%, 0, 0, 8, 698.60 1578 1577063
1601780934, 1, 443, 506, 270, 0, 2.41%, 0, 0, 8, 715.84 1578 1584144
1601780940, 1, 444, 509, 273, 0, 2.41%, 0, 0, 8, 698.17 1578 1587737
1601780945, 1, 444, 510, 274, 0, 2.41%, 0, 0, 8, 707.61 1578 1591275
1601780950, 1, 444, 511, 275, 0, 2.41%, 0, 0, 8, 717.00 1578 1594921
1601780955, 1, 444, 514, 278, 0, 2.41%, 0, 0, 8, 724.45 1578 1598585
1601780965, 1, 444, 515, 279, 0, 2.41%, 0, 0, 8, 716.68 1581 1605761
1601780975, 1, 444, 517, 281, 0, 2.41%, 0, 0, 8, 720.76 1581 1613099
1601780985, 1, 444, 518, 282, 0, 2.41%, 0, 0, 8, 721.40 1581 1620457
1601780996, 1, 514, 519, 282, 1, 2.42%, 0, 0, 8, 710.33 1584 1627719
1601781001, 1, 514, 520, 283, 1, 2.42%, 0, 0, 8, 690.14 1589 1631283
1601781011, 1, 518, 520, 282, 2, 2.42%, 0, 0, 8, 708.90 1589 1638542
1601781021, 1, 518, 521, 283, 2, 2.42%, 0, 0, 9, 688.84 1589 1645408
1601781026, 1, 518, 522, 284, 2, 2.42%, 0, 0, 9, 722.30 1589 1649105
1601781036, 1, 518, 524, 286, 2, 2.42%, 0, 0, 9, 721.36 1589 1656429
1601781052, 1, 518, 525, 287, 2, 2.42%, 0, 0, 9, 744.23 1589 1667749
1601781057, 1, 519, 525, 286, 1, 2.42%, 0, 0, 9, 700.46 1589 1671284
1601781067, 1, 519, 526, 287, 1, 2.42%, 0, 0, 9, 712.09 1589 1678326
1601781082, 1, 519, 527, 288, 1, 2.42%, 0, 0, 9, 705.40 1589 1689156
1601781092, 1, 521, 527, 287, 0, 2.42%, 0, 0, 9, 717.80 1589 1696472
1601781118, 1, 525, 528, 287, 0, 2.42%, 0, 0, 10, 679.30 1589 1714704
1601781138, 1, 525, 529, 288, 0, 2.42%, 0, 0, 10, 714.35 1589 1729075
1601781148, 1, 525, 531, 290, 0, 2.42%, 0, 0, 10, 738.19 1589 1736553
1601781159, 2, 5, 531, 288, 0, 2.42%, 0, 0, 10, 716.54 1589 1743827
1601781164, 2, 13, 531, 286, 0, 2.42%, 0, 0, 10, 716.37 1589 1747470
1601781169, 2, 16, 531, 285, 0, 2.42%, 0, 0, 10, 712.10 1589 1751084
1601781174, 2, 17, 532, 285, 0, 2.42%, 0, 0, 10, 721.58 1589 1754780
1601781179, 2, 21, 532, 284, 0, 2.42%, 0, 0, 10, 704.68 1589 1758314
1601781184, 2, 22, 532, 283, 0, 2.42%, 0, 0, 10, 703.71 1589 1761868
1601781189, 2, 29, 532, 282, 0, 2.42%, 0, 0, 10, 708.71 1589 1765537
1601781194, 2, 30, 532, 281, 0, 2.42%, 0, 0, 10, 704.63 1589 1769106
1601781199, 2, 54, 532, 280, 0, 2.42%, 0, 0, 10, 699.89 1589 1772629
1601781204, 2, 55, 532, 279, 0, 2.42%, 0, 0, 10, 703.47 1589 1776194
1601781209, 2, 56, 532, 278, 0, 2.42%, 0, 0, 10, 691.50 1589 1779781
1601781214, 2, 60, 533, 278, 0, 2.42%, 0, 0, 10, 696.52 1589 1783378
1601781220, 2, 61, 533, 277, 0, 2.42%, 0, 0, 10, 697.72 1589 1786965
1601781225, 2, 74, 533, 276, 0, 2.42%, 0, 0, 10, 704.50 1589 1790517
1601781230, 2, 81, 533, 275, 0, 2.42%, 0, 0, 10, 707.34 1589 1794101
1601781235, 2, 94, 533, 274, 0, 2.42%, 0, 0, 10, 720.15 1589 1797796
1601781240, 2, 105, 533, 273, 0, 2.42%, 1, 0, 10, 712.02 1589 1801419
1601781245, 2, 113, 533, 272, 0, 2.42%, 1, 0, 10, 708.39 1589 1804984
1601781250, 2, 120, 533, 271, 0, 2.42%, 1, 0, 10, 707.65 1589 1808543
1601781255, 2, 126, 534, 271, 0, 2.42%, 1, 0, 10, 718.56 1589 1812191
1601781260, 2, 130, 534, 270, 0, 2.42%, 1, 0, 10, 730.80 1589 1816007
1601781265, 2, 134, 534, 269, 0, 2.42%, 1, 0, 10, 730.01 1589 1819671
1601781270, 2, 137, 534, 268, 0, 2.42%, 1, 0, 10, 723.86 1589 1823338
1601781276, 2, 145, 535, 268, 0, 2.43%, 1, 0, 10, 697.64 1594 1826965
1601781281, 2, 268, 536, 268, 1, 2.43%, 1, 0, 10, 704.29 1594 1830593
1601781286, 2, 326, 536, 267, 1, 2.43%, 1, 0, 10, 708.78 1594 1834224
1601781291, 2, 326, 537, 268, 1, 2.43%, 1, 0, 10, 724.85 1594 1837920
1601781296, 2, 392, 537, 267, 1, 2.43%, 1, 0, 10, 720.40 1594 1841578
1601781301, 2, 534, 537, 266, 1, 2.43%, 1, 0, 10, 693.66 1594 1845178
1601781306, 3, 7, 537, 265, 0, 2.43%, 1, 0, 10, 700.31 1594 1848765
1601781311, 3, 8, 537, 264, 0, 2.43%, 1, 0, 10, 710.26 1594 1852389
1601781316, 3, 19, 537, 262, 0, 2.43%, 1, 0, 10, 709.75 1594 1855993
1601781322, 3, 35, 537, 261, 0, 2.43%, 1, 0, 10, 714.36 1594 1859679
1601781327, 3, 40, 537, 261, 0, 2.43%, 1, 0, 10, 695.80 1594 1863233
1601781332, 3, 41, 538, 261, 0, 2.44%, 1, 0, 10, 695.54 1596 1866815
1601781337, 3, 53, 538, 260, 1, 2.44%, 1, 0, 10, 719.63 1596 1870587
1601781342, 4, 12, 538, 258, 0, 2.44%, 1, 0, 10, 722.28 1596 1874239
1601781347, 4, 14, 538, 257, 0, 2.44%, 1, 0, 10, 710.76 1596 1877809
1601781352, 4, 31, 538, 256, 0, 2.44%, 1, 0, 10, 716.33 1596 1881435
1601781358, 4, 32, 538, 255, 0, 2.44%, 1, 0, 10, 698.68 1596 1885040
1601781363, 4, 47, 538, 254, 0, 2.44%, 1, 0, 10, 709.87 1596 1888663
1601781368, 4, 57, 538, 252, 0, 2.44%, 1, 0, 10, 715.61 1596 1892293
1601781373, 4, 66, 538, 251, 0, 2.44%, 1, 0, 10, 718.96 1596 1895929
1601781378, 4, 68, 538, 250, 0, 2.44%, 1, 0, 10, 709.79 1596 1899493
1601781383, 4, 69, 538, 249, 0, 2.44%, 1, 0, 10, 708.85 1596 1903039
1601781388, 4, 85, 538, 248, 0, 2.44%, 1, 0, 10, 710.84 1596 1906638
1601781393, 4, 91, 538, 247, 0, 2.44%, 1, 0, 10, 709.84 1596 1910323
1601781398, 4, 101, 538, 247, 0, 2.44%, 1, 0, 10, 729.03 1596 1913994
1601781408, 4, 107, 538, 246, 0, 2.44%, 1, 0, 10, 726.39 1596 1921351
1601781413, 4, 114, 538, 246, 0, 2.44%, 1, 0, 10, 709.31 1596 1924932
1601781418, 4, 140, 538, 244, 0, 2.44%, 1, 0, 10, 713.21 1596 1928520
1601781423, 4, 159, 538, 244, 0, 2.44%, 1, 0, 10, 708.46 1596 1932074
1601781433, 4, 165, 538, 243, 0, 2.44%, 1, 0, 10, 705.58 1596 1939183
1601781438, 4, 176, 539, 243, 0, 2.44%, 1, 0, 10, 713.53 1596 1942807
1601781443, 4, 182, 539, 242, 0, 2.44%, 1, 0, 10, 721.98 1596 1946459
1601781448, 4, 204, 540, 243, 0, 2.44%, 1, 0, 10, 716.87 1596 1950054
1601781454, 4, 218, 540, 242, 0, 2.44%, 1, 0, 10, 715.70 1596 1953626
1601781459, 4, 243, 540, 241, 0, 2.44%, 1, 0, 10, 714.84 1596 1957221
1601781464, 4, 272, 540, 241, 0, 2.44%, 1, 0, 10, 723.41 1596 1960915
1601781469, 4, 279, 541, 242, 0, 2.44%, 1, 0, 10, 718.88 1596 1964551
1601781474, 4, 296, 541, 242, 0, 2.44%, 1, 0, 10, 718.18 1596 1968172
1601781479, 4, 301, 541, 241, 0, 2.44%, 1, 0, 10, 711.32 1596 1971776
1601781484, 4, 303, 541, 240, 0, 2.44%, 1, 0, 10, 714.81 1596 1975409
1601781489, 4, 317, 541, 239, 0, 2.44%, 1, 0, 10, 710.14 1596 1979045
1601781499, 4, 328, 542, 239, 0, 2.44%, 1, 0, 10, 713.45 1596 1986241
1601781504, 4, 329, 542, 239, 0, 2.44%, 1, 0, 10, 716.78 1596 1989869
1601781509, 4, 339, 542, 238, 0, 2.44%, 1, 0, 10, 680.78 1596 1993331
1601781519, 4, 345, 542, 236, 0, 2.44%, 1, 0, 10, 713.90 1596 2000530
1601781525, 4, 347, 542, 235, 0, 2.44%, 1, 0, 10, 718.30 1596 2004175
1601781530, 4, 372, 542, 235, 0, 2.44%, 1, 0, 10, 715.31 1596 2007805
1601781535, 4, 373, 542, 235, 0, 2.44%, 1, 0, 10, 702.60 1596 2011308
1601781540, 4, 376, 542, 234, 0, 2.44%, 1, 0, 10, 700.51 1596 2014903
1601781545, 4, 381, 542, 233, 0, 2.44%, 1, 0, 10, 706.99 1596 2018520
1601781550, 4, 388, 542, 232, 0, 2.44%, 1, 0, 10, 712.76 1596 2022176
1601781555, 4, 390, 544, 234, 0, 2.44%, 1, 0, 10, 709.86 1596 2025751
1601781560, 4, 393, 544, 233, 0, 2.44%, 1, 0, 10, 708.62 1596 2029407
1601781565, 4, 395, 544, 232, 0, 2.44%, 1, 0, 10, 711.13 1596 2033011
1601781570, 4, 402, 544, 232, 0, 2.44%, 1, 0, 10, 713.30 1596 2036671
1601781575, 4, 409, 544, 232, 0, 2.44%, 1, 0, 10, 711.06 1596 2040266
1601781581, 4, 411, 544, 231, 0, 2.44%, 1, 0, 10, 710.69 1596 2043861
1601781591, 4, 420, 545, 231, 0, 2.44%, 1, 0, 10, 658.63 1596 2050771
1601781596, 4, 420, 546, 232, 0, 2.44%, 1, 0, 10, 639.81 1597 2053950
1601781606, 4, 420, 548, 234, 0, 2.44%, 1, 0, 10, 668.68 1597 2060674
1601781621, 4, 463, 548, 233, 1, 2.44%, 1, 0, 10, 684.78 1597 2071000
1601781636, 4, 463, 549, 234, 1, 2.44%, 1, 0, 10, 706.14 1597 2081703
1601781641, 4, 463, 550, 235, 1, 2.44%, 1, 0, 10, 673.69 1597 2085122
1601781646, 4, 545, 550, 234, 1, 2.44%, 1, 0, 10, 693.64 1597 2088691
1601781662, 4, 545, 551, 235, 1, 2.44%, 1, 0, 10, 689.99 1597 2099244
1601781667, 4, 545, 551, 235, 1, 2.44%, 2, 0, 10, 691.01 1597 2102806
1601781683, 5, 12, 551, 233, 0, 2.44%, 2, 0, 10, 724.39 1597 2113627
1601781688, 5, 25, 551, 232, 0, 2.44%, 2, 0, 10, 705.05 1597 2117141
1601781693, 5, 35, 551, 231, 0, 2.44%, 2, 0, 10, 702.45 1597 2120783
1601781698, 5, 49, 551, 231, 0, 2.44%, 2, 0, 10, 697.24 1597 2124383
1601781703, 5, 58, 551, 230, 0, 2.44%, 2, 0, 10, 698.36 1597 2128006
1601781708, 5, 64, 551, 228, 0, 2.44%, 2, 0, 10, 698.82 1597 2131610
1601781713, 5, 71, 551, 228, 0, 2.44%, 2, 0, 10, 680.64 1597 2134997
1601781719, 5, 83, 551, 226, 0, 2.44%, 2, 0, 10, 697.68 1597 2138599
1601781724, 5, 95, 551, 225, 0, 2.44%, 2, 0, 10, 709.52 1597 2142166
1601781734, 5, 111, 551, 223, 0, 2.44%, 2, 0, 10, 707.24 1597 2149373
1601781739, 5, 157, 551, 223, 0, 2.44%, 2, 0, 10, 703.14 1597 2153008
1601781749, 5, 166, 551, 222, 0, 2.44%, 2, 0, 10, 711.90 1597 2160234
1601781754, 5, 177, 552, 223, 0, 2.44%, 2, 0, 10, 706.90 1597 2163791
1601781759, 5, 180, 552, 222, 0, 2.44%, 2, 0, 10, 718.71 1597 2167445
1601781764, 5, 181, 552, 221, 0, 2.44%, 2, 0, 10, 719.69 1597 2171121
1601781769, 5, 204, 552, 221, 0, 2.44%, 2, 0, 10, 710.13 1597 2174663
1601781774, 5, 222, 552, 221, 0, 2.44%, 2, 0, 10, 721.00 1597 2178310
1601781779, 5, 226, 552, 220, 0, 2.44%, 2, 0, 10, 702.03 1597 2181845
1601781789, 5, 248, 552, 218, 0, 2.44%, 2, 0, 10, 704.50 1597 2188951
1601781794, 5, 254, 552, 218, 0, 2.44%, 2, 0, 10, 698.25 1597 2192457
1601781810, 5, 263, 553, 218, 0, 2.44%, 2, 0, 10, 696.16 1597 2202758
1601781815, 5, 264, 553, 218, 0, 2.44%, 2, 0, 10, 695.35 1597 2206332
1601781820, 5, 275, 553, 217, 0, 2.44%, 2, 0, 10, 698.99 1597 2209949
1601781825, 5, 280, 553, 217, 0, 2.44%, 2, 0, 10, 704.71 1597 2213516
1601781830, 5, 280, 554, 218, 0, 2.44%, 2, 0, 10, 708.29 1597 2217133
1601781835, 5, 288, 554, 217, 0, 2.44%, 2, 0, 10, 839.36 1597 2220691
1601781840, 5, 300, 554, 217, 0, 2.44%, 2, 0, 10, 734.96 1597 2224236
1601781845, 5, 309, 554, 216, 0, 2.44%, 2, 0, 10, 711.70 1597 2227821
1601781850, 5, 313, 554, 215, 0, 2.44%, 2, 0, 10, 698.18 1597 2231345
1601781866, 5, 321, 554, 214, 0, 2.44%, 2, 0, 10, 699.62 1597 2241820
1601781871, 5, 333, 554, 213, 0, 2.44%, 2, 0, 10, 701.45 1597 2245402
1601781876, 5, 342, 554, 212, 0, 2.44%, 2, 0, 10, 703.25 1597 2248972
1601781886, 5, 346, 554, 211, 0, 2.44%, 2, 0, 10, 712.27 1597 2256218
1601781891, 5, 362, 554, 211, 0, 2.44%, 2, 0, 10, 696.68 1597 2259734
1601781901, 5, 365, 554, 210, 0, 2.44%, 2, 0, 10, 710.61 1597 2267061
1601781911, 5, 366, 554, 209, 0, 2.44%, 2, 0, 10, 694.47 1597 2274186
1601781922, 5, 366, 555, 210, 0, 2.44%, 2, 0, 10, 704.58 1597 2281309
1601781932, 5, 372, 555, 209, 0, 2.44%, 2, 0, 10, 710.41 1597 2288591
1601781937, 5, 383, 555, 209, 0, 2.44%, 2, 0, 10, 706.22 1597 2292125
1601781942, 5, 383, 557, 211, 0, 2.44%, 2, 0, 10, 707.73 1597 2295753
1601781952, 5, 399, 557, 210, 0, 2.44%, 2, 0, 10, 709.30 1597 2302943
1601781957, 5, 412, 557, 210, 0, 2.44%, 2, 0, 10, 703.20 1597 2306507
1601781962, 5, 414, 557, 210, 0, 2.44%, 2, 0, 10, 686.71 1597 2309999
1601781967, 5, 417, 557, 209, 0, 2.44%, 2, 0, 10, 676.83 1597 2313468
1601781973, 5, 419, 557, 208, 0, 2.44%, 2, 0, 10, 667.03 1597 2316951
1601781978, 5, 419, 559, 210, 0, 2.44%, 2, 0, 10, 673.42 1597 2320392
1601781983, 5, 419, 561, 212, 0, 2.44%, 2, 0, 10, 649.23 1597 2323603
1601782014, 5, 423, 561, 211, 0, 2.44%, 2, 0, 10, 708.24 1597 2345112
1601782019, 5, 428, 561, 210, 0, 2.44%, 2, 0, 10, 694.03 1597 2348626
1601782029, 5, 445, 561, 209, 0, 2.44%, 2, 0, 10, 708.16 1597 2355797
1601782034, 5, 455, 561, 209, 0, 2.44%, 2, 0, 10, 688.46 1597 2359243
1601782049, 5, 455, 562, 210, 0, 2.44%, 2, 0, 10, 709.32 1597 2369887
1601782054, 5, 455, 563, 211, 0, 2.44%, 2, 0, 10, 705.49 1597 2373479
1601782060, 5, 455, 564, 212, 0, 2.44%, 2, 0, 10, 708.11 1597 2377127
1601782085, 5, 456, 564, 211, 0, 2.44%, 2, 0, 10, 686.92 1597 2395009
1601782100, 5, 461, 564, 210, 0, 2.44%, 2, 0, 10, 708.61 1597 2405674
1601782105, 5, 504, 565, 211, 1, 2.44%, 2, 0, 10, 695.16 1602 2409258
1601782151, 5, 564, 567, 212, 1, 2.45%, 2, 0, 10, 633.53 1607 2433837
1601782172, 5, 564, 568, 213, 1, 2.45%, 2, 0, 10, 714.63 1607 2448039
1601782177, 5, 564, 569, 214, 1, 2.45%, 2, 0, 10, 712.50 1607 2451715
1601782192, 5, 565, 569, 213, 2, 2.45%, 2, 0, 10, 701.85 1607 2462586
1601782213, 5, 566, 569, 212, 1, 2.45%, 2, 0, 10, 710.79 1607 2476913
1601782223, 5, 566, 570, 213, 1, 2.45%, 2, 0, 10, 711.56 1607 2484091
1601782233, 5, 566, 571, 214, 1, 2.45%, 2, 0, 10, 712.81 1607 2491393
1601782254, 6, 18, 571, 213, 0, 2.45%, 2, 0, 10, 707.24 1607 2505827
1601782259, 6, 27, 571, 212, 0, 2.45%, 2, 0, 10, 697.38 1607 2509391
1601782264, 6, 36, 571, 212, 0, 2.45%, 2, 0, 10, 689.40 1607 2512964
1601782269, 6, 62, 571, 211, 0, 2.45%, 2, 0, 10, 680.77 1607 2516498
1601782274, 6, 72, 571, 210, 0, 2.45%, 2, 0, 10, 691.62 1607 2520090
1601782279, 6, 82, 571, 209, 0, 2.45%, 2, 0, 10, 696.92 1607 2523699
1601782285, 6, 92, 571, 208, 0, 2.45%, 2, 0, 10, 677.25 1607 2527095
1601782290, 6, 117, 571, 207, 0, 2.45%, 2, 0, 10, 694.56 1607 2530680
1601782295, 6, 118, 571, 206, 0, 2.45%, 2, 0, 10, 703.59 1607 2534328
1601782300, 6, 135, 571, 205, 0, 2.45%, 2, 0, 10, 688.76 1607 2537905
1601782305, 6, 142, 571, 204, 0, 2.45%, 2, 0, 10, 697.14 1607 2541501
1601782310, 6, 168, 571, 203, 0, 2.45%, 2, 0, 10, 701.14 1607 2545151
1601782316, 6, 168, 572, 204, 0, 2.45%, 2, 0, 10, 716.45 1607 2548357
1601782321, 6, 171, 572, 203, 0, 2.45%, 2, 0, 10, 698.09 1607 2551922
1601782326, 6, 182, 572, 201, 0, 2.45%, 2, 0, 10, 708.76 1607 2555529
1601782331, 6, 192, 572, 201, 0, 2.45%, 2, 0, 10, 707.54 1607 2559066
1601782336, 6, 206, 572, 200, 0, 2.45%, 2, 0, 10, 693.33 1607 2562574
1601782351, 6, 236, 572, 199, 0, 2.45%, 2, 0, 10, 695.34 1607 2572836
1601782356, 6, 253, 572, 197, 0, 2.45%, 2, 0, 10, 697.42 1607 2576456
1601782372, 6, 265, 572, 196, 0, 2.45%, 2, 0, 10, 686.24 1607 2586526
1601782377, 6, 273, 572, 195, 0, 2.45%, 2, 0, 10, 717.17 1607 2589958
1601782382, 6, 283, 572, 195, 0, 2.45%, 2, 0, 10, 710.01 1607 2593502
1601782387, 6, 302, 572, 195, 0, 2.45%, 2, 0, 10, 713.26 1607 2597097
1601782392, 6, 308, 572, 194, 0, 2.45%, 2, 0, 10, 715.45 1607 2600717
1601782397, 6, 311, 572, 193, 0, 2.45%, 2, 0, 10, 711.90 1607 2604330
1601782407, 6, 320, 572, 192, 0, 2.45%, 2, 0, 10, 715.83 1607 2611232
1601782412, 6, 324, 572, 192, 0, 2.45%, 2, 0, 10, 712.04 1607 2614831
1601782417, 6, 327, 572, 191, 0, 2.45%, 2, 0, 10, 715.96 1607 2618477
1601782422, 6, 331, 572, 190, 0, 2.45%, 2, 0, 10, 719.15 1607 2622171
1601782427, 6, 336, 573, 191, 0, 2.45%, 2, 0, 10, 695.54 1607 2625686
1601782438, 6, 361, 573, 190, 0, 2.45%, 2, 0, 10, 699.39 1607 2632849
1601782443, 6, 367, 573, 189, 0, 2.45%, 2, 0, 10, 711.06 1607 2636485
1601782448, 6, 380, 573, 189, 0, 2.45%, 2, 0, 10, 710.91 1607 2640108
1601782453, 6, 384, 573, 188, 0, 2.45%, 2, 0, 10, 709.80 1607 2643702
1601782458, 6, 386, 573, 187, 0, 2.45%, 2, 0, 10, 707.60 1607 2647315
1601782463, 6, 387, 573, 186, 0, 2.45%, 2, 0, 10, 714.63 1607 2650905
1601782468, 6, 391, 574, 187, 0, 2.45%, 2, 0, 10, 722.27 1607 2654588
1601782473, 6, 394, 574, 186, 0, 2.45%, 2, 0, 10, 715.63 1607 2658181
1601782478, 6, 398, 574, 185, 0, 2.45%, 2, 0, 10, 720.85 1607 2661852
1601782483, 6, 407, 574, 185, 0, 2.45%, 2, 0, 10, 717.86 1607 2665479
1601782488, 6, 410, 574, 184, 0, 2.45%, 2, 0, 10, 721.23 1607 2669153
1601782493, 6, 418, 574, 184, 0, 2.45%, 2, 0, 10, 679.00 1607 2672554
1601782499, 6, 421, 574, 183, 0, 2.45%, 2, 0, 10, 676.51 1607 2676073
1601782509, 6, 425, 574, 182, 0, 2.45%, 2, 0, 10, 682.79 1607 2683101
1601782519, 6, 429, 574, 181, 0, 2.45%, 2, 0, 10, 685.21 1607 2690261
1601782539, 6, 433, 574, 180, 0, 2.45%, 2, 0, 10, 714.06 1607 2704548
1601782545, 6, 451, 574, 180, 0, 2.45%, 2, 0, 10, 707.92 1607 2708085
1601782555, 6, 453, 574, 179, 0, 2.45%, 2, 0, 10, 676.97 1607 2715262
1601782560, 6, 460, 574, 178, 0, 2.45%, 2, 0, 10, 706.84 1607 2718999
1601782570, 6, 465, 574, 177, 0, 2.45%, 2, 0, 10, 715.72 1607 2726279
1601782575, 6, 465, 575, 178, 0, 2.45%, 2, 0, 10, 690.91 1607 2729718
1601782590, 6, 465, 576, 179, 0, 2.45%, 2, 0, 10, 716.45 1607 2740474
1601782595, 6, 465, 577, 180, 0, 2.45%, 2, 0, 10, 715.56 1607 2744150
1601782601, 6, 469, 577, 179, 0, 2.45%, 2, 0, 10, 705.82 1607 2747757
1601782616, 6, 470, 577, 178, 0, 2.45%, 2, 0, 10, 679.53 1607 2758303
1601782636, 6, 470, 578, 179, 0, 2.45%, 2, 0, 10, 720.59 1607 2772789
1601782641, 6, 476, 578, 178, 0, 2.45%, 2, 0, 10, 713.73 1607 2776421
1601782647, 6, 481, 578, 178, 0, 2.45%, 2, 0, 10, 705.04 1607 2779702
1601782657, 6, 481, 579, 179, 0, 2.45%, 2, 0, 10, 714.38 1607 2786875
1601782672, 6, 483, 579, 178, 0, 2.45%, 2, 0, 10, 686.58 1607 2797640
1601782687, 6, 483, 580, 179, 0, 2.45%, 2, 0, 10, 714.97 1607 2808432
1601782698, 6, 489, 580, 178, 0, 2.45%, 2, 0, 10, 709.64 1607 2815693
1601782703, 6, 489, 581, 179, 0, 2.45%, 2, 0, 10, 716.93 1607 2819383
1601782713, 6, 580, 582, 179, 1, 2.45%, 2, 0, 10, 710.82 1607 2826335
1601782723, 7, 6, 582, 178, 0, 2.45%, 2, 0, 10, 716.03 1607 2833668
1601782728, 7, 35, 582, 177, 0, 2.45%, 2, 0, 10, 715.16 1607 2837280
1601782733, 7, 43, 582, 177, 0, 2.45%, 2, 0, 10, 704.69 1607 2840787
1601782738, 7, 45, 582, 176, 0, 2.45%, 2, 0, 10, 715.95 1607 2844440
1601782743, 7, 59, 582, 175, 0, 2.45%, 2, 0, 10, 713.91 1607 2848078
1601782748, 7, 84, 582, 173, 0, 2.45%, 2, 0, 10, 711.99 1607 2851665
1601782753, 7, 98, 582, 172, 0, 2.45%, 2, 0, 10, 715.92 1607 2855255
1601782758, 7, 125, 582, 172, 0, 2.45%, 2, 0, 10, 714.28 1607 2858888
1601782764, 7, 133, 582, 171, 0, 2.45%, 2, 0, 10, 708.14 1607 2862424
1601782769, 7, 136, 582, 170, 0, 2.45%, 2, 0, 10, 712.76 1607 2865882
1601782774, 7, 150, 582, 169, 0, 2.45%, 2, 0, 10, 714.90 1607 2869520
1601782779, 7, 167, 582, 168, 0, 2.45%, 2, 0, 10, 714.99 1607 2873118
1601782784, 7, 183, 582, 168, 0, 2.45%, 2, 0, 10, 702.03 1607 2876775
1601782789, 7, 198, 582, 167, 0, 2.45%, 2, 0, 10, 710.84 1607 2880351
1601782794, 7, 208, 583, 168, 0, 2.45%, 2, 0, 10, 705.90 1607 2883904
1601782799, 7, 239, 583, 167, 0, 2.45%, 2, 0, 10, 716.73 1607 2887552
1601782804, 7, 248, 583, 166, 0, 2.45%, 2, 0, 10, 712.95 1607 2891170
1601782809, 7, 259, 583, 165, 0, 2.45%, 2, 0, 10, 708.97 1607 2894732
1601782819, 7, 263, 583, 164, 0, 2.45%, 2, 0, 10, 727.46 1607 2902254
1601782824, 7, 277, 583, 164, 0, 2.45%, 2, 0, 10, 718.85 1607 2905880
1601782830, 7, 294, 583, 164, 0, 2.45%, 2, 0, 10, 711.78 1607 2909396
1601782835, 7, 301, 583, 163, 0, 2.45%, 2, 0, 10, 719.81 1607 2913064
1601782840, 7, 310, 583, 163, 0, 2.45%, 2, 0, 10, 718.06 1607 2916722
1601782845, 7, 316, 583, 162, 0, 2.45%, 2, 0, 10, 718.84 1607 2920377
1601782850, 7, 321, 583, 161, 0, 2.45%, 2, 0, 10, 714.60 1607 2924031
1601782855, 7, 338, 583, 161, 0, 2.45%, 2, 0, 10, 722.31 1607 2927659
1601782860, 7, 348, 583, 160, 0, 2.45%, 2, 0, 10, 714.99 1607 2931269
1601782865, 7, 350, 583, 160, 0, 2.45%, 2, 0, 10, 701.59 1607 2934812
1601782875, 7, 353, 583, 159, 0, 2.45%, 2, 0, 10, 706.98 1607 2942033
1601782890, 7, 363, 583, 158, 0, 2.45%, 2, 0, 10, 711.74 1607 2952594
1601782901, 7, 371, 583, 157, 0, 2.45%, 2, 0, 10, 719.52 1607 2959885
1601782906, 7, 377, 584, 158, 0, 2.46%, 2, 0, 10, 712.67 1613 2963475
1601782911, 7, 530, 584, 157, 1, 2.46%, 2, 0, 10, 678.96 1613 2966934
1601782936, 7, 530, 585, 158, 1, 2.46%, 2, 0, 11, 707.48 1613 2984617
1601782941, 7, 530, 586, 159, 1, 2.46%, 2, 0, 11, 705.26 1613 2988195
1601782947, 7, 530, 588, 161, 1, 2.46%, 2, 0, 11, 709.11 1613 2991823
1601782967, 7, 573, 589, 161, 1, 2.46%, 2, 0, 11, 715.93 1613 3006288
1601782987, 7, 583, 589, 160, 2, 2.46%, 2, 0, 11, 717.92 1613 3021076
1601782997, 7, 583, 590, 161, 2, 2.46%, 2, 0, 11, 712.44 1615 3028262
1601783018, 7, 588, 591, 161, 2, 2.46%, 2, 0, 11, 714.97 1615 3042167
1601783054, 7, 589, 592, 161, 1, 2.50%, 2, 0, 11, 711.18 1639 3067599
1601783069, 7, 591, 592, 160, 1, 2.50%, 2, 0, 11, 708.54 1639 3078557
1601783084, 7, 591, 593, 161, 1, 2.51%, 2, 0, 11, 714.32 1647 3089569
1601783089, 7, 591, 594, 162, 1, 2.52%, 2, 0, 11, 716.08 1650 3093245
1601783100, 7, 591, 596, 164, 1, 2.52%, 2, 0, 11, 721.93 1650 3100429
1601783115, 7, 593, 597, 164, 1, 2.52%, 2, 0, 11, 699.02 1650 3111257
1601783120, 7, 593, 598, 165, 1, 2.52%, 2, 0, 11, 675.97 1652 3114687
1601783125, 7, 593, 600, 167, 1, 2.52%, 2, 0, 11, 692.96 1652 3118259
1601783130, 7, 593, 601, 168, 1, 2.52%, 2, 0, 11, 732.80 1652 3121703
1601783171, 7, 597, 602, 168, 1, 2.52%, 2, 0, 11, 685.25 1652 3150364
1601783202, 7, 601, 602, 167, 1, 2.52%, 2, 0, 11, 698.57 1652 3171491
1601783217, 7, 601, 603, 168, 1, 2.52%, 2, 0, 12, 682.48 1652 3181833
1601783248, 7, 601, 604, 169, 1, 2.52%, 2, 0, 12, 715.45 1652 3203511
1601783253, 7, 601, 605, 170, 1, 2.52%, 2, 0, 12, 704.30 1652 3207089
1601783258, 7, 602, 605, 169, 0, 2.52%, 2, 0, 12, 688.75 1652 3210600
1601783294, 8, 39, 605, 168, 0, 2.52%, 2, 0, 12, 706.93 1652 3235302
1601783299, 8, 44, 605, 167, 0, 2.52%, 2, 0, 12, 695.95 1652 3238920
1601783305, 8, 90, 605, 166, 0, 2.52%, 2, 0, 12, 705.01 1652 3242594
1601783310, 8, 107, 605, 165, 0, 2.52%, 2, 0, 12, 821.54 1652 3246046
1601783315, 8, 152, 605, 165, 0, 2.52%, 2, 0, 12, 728.69 1652 3249598
1601783320, 8, 173, 605, 164, 0, 2.52%, 2, 0, 12, 713.04 1652 3253268
1601783325, 8, 204, 605, 164, 0, 2.52%, 2, 0, 12, 712.30 1652 3256968
1601783330, 8, 255, 605, 164, 0, 2.52%, 2, 0, 12, 714.27 1652 3260681
1601783346, 8, 273, 605, 163, 0, 2.52%, 2, 0, 12, 716.52 1652 3271551
1601783351, 8, 283, 605, 163, 0, 2.52%, 2, 0, 12, 718.04 1652 3275193
1601783356, 8, 288, 605, 162, 0, 2.52%, 2, 0, 12, 717.59 1652 3278829
1601783361, 8, 305, 605, 162, 0, 2.52%, 2, 0, 12, 715.97 1652 3282481
1601783366, 8, 331, 605, 161, 0, 2.52%, 2, 0, 12, 715.92 1652 3286099
1601783371, 8, 337, 605, 161, 0, 2.52%, 2, 0, 12, 690.99 1652 3289288
1601783376, 8, 356, 605, 160, 0, 2.52%, 2, 0, 12, 706.65 1652 3292960
1601783386, 8, 372, 605, 159, 0, 2.52%, 2, 0, 12, 712.21 1652 3300237
1601783391, 8, 389, 605, 159, 0, 2.52%, 2, 0, 12, 707.94 1652 3303799
1601783401, 8, 397, 605, 158, 0, 2.52%, 2, 0, 12, 710.24 1652 3310974
1601783407, 8, 402, 605, 157, 0, 2.52%, 2, 0, 12, 711.85 1652 3314622
1601783412, 8, 431, 605, 157, 0, 2.52%, 2, 0, 12, 712.39 1652 3318242
1601783417, 8, 434, 605, 157, 0, 2.52%, 2, 0, 12, 716.17 1652 3321887
1601783427, 8, 459, 605, 156, 0, 2.52%, 2, 0, 12, 745.03 1652 3329291
1601783432, 8, 466, 605, 156, 0, 2.52%, 2, 0, 12, 720.52 1652 3332911
1601783447, 8, 466, 607, 158, 0, 2.52%, 2, 0, 12, 715.74 1652 3343849
1601783457, 8, 467, 608, 158, 0, 2.52%, 2, 0, 12, 680.90 1652 3350903
1601783473, 8, 472, 608, 157, 0, 2.52%, 2, 0, 12, 712.28 1652 3361604
1601783478, 8, 475, 608, 157, 0, 2.52%, 2, 0, 12, 678.12 1652 3365038
1601783493, 8, 475, 609, 158, 0, 2.52%, 2, 0, 12, 693.25 1652 3375577
1601783498, 8, 487, 609, 157, 0, 2.52%, 2, 0, 12, 699.53 1652 3379180
1601783534, 8, 488, 609, 156, 0, 2.52%, 2, 0, 12, 693.62 1652 3403421
1601783560, 8, 491, 609, 155, 0, 2.52%, 2, 0, 12, 728.88 1652 3421792
1601783565, 8, 491, 610, 156, 0, 2.52%, 2, 0, 12, 741.70 1652 3425653
1601783591, 8, 492, 610, 155, 0, 2.52%, 2, 0, 12, 725.61 1652 3444724
1601783626, 8, 496, 610, 154, 0, 2.52%, 2, 0, 12, 701.79 1652 3470272
1601783637, 8, 498, 610, 153, 0, 2.52%, 2, 0, 12, 693.43 1652 3477481
1601783647, 8, 509, 610, 152, 0, 2.52%, 2, 0, 12, 684.61 1652 3484569
1601783662, 8, 509, 611, 153, 0, 2.52%, 2, 0, 12, 705.45 1652 3495010
1601783667, 8, 509, 612, 154, 0, 2.52%, 2, 0, 12, 717.52 1652 3498658
1601783672, 8, 509, 613, 155, 0, 2.52%, 2, 0, 12, 709.69 1652 3502278
1601783698, 8, 511, 613, 154, 0, 2.52%, 2, 0, 12, 678.93 1652 3520208
1601783728, 8, 513, 613, 153, 0, 2.52%, 2, 0, 12, 692.34 1652 3541373
1601783754, 8, 515, 613, 152, 0, 2.52%, 2, 0, 12, 696.11 1652 3559150
1601783779, 8, 515, 614, 153, 0, 2.52%, 2, 0, 12, 708.86 1652 3576699
1601783789, 8, 515, 615, 154, 0, 2.52%, 2, 0, 12, 709.20 1652 3583887
1601783800, 8, 516, 615, 153, 0, 2.52%, 2, 0, 12, 718.22 1652 3591203
1601783835, 8, 519, 615, 152, 0, 2.52%, 2, 0, 12, 709.34 1652 3616700
1601783840, 8, 528, 616, 153, 0, 2.52%, 2, 0, 12, 671.47 1652 3620088
1601783891, 8, 529, 616, 152, 0, 2.52%, 2, 0, 12, 667.89 1652 3654699
1601783932, 8, 531, 616, 151, 0, 2.52%, 2, 0, 12, 691.90 1652 3682747
1601784152, 8, 537, 616, 150, 0, 2.52%, 2, 0, 12, 692.48 1652 3833830
1601784157, 8, 551, 616, 150, 0, 2.52%, 2, 0, 12, 668.04 1652 3837189
1601784177, 8, 551, 618, 152, 0, 2.52%, 2, 0, 12, 669.25 1652 3850843
1601784197, 8, 551, 619, 153, 0, 2.52%, 2, 0, 12, 676.05 1652 3864601
1601784202, 8, 551, 620, 154, 0, 2.52%, 2, 0, 12, 673.60 1652 3868028
1601784335, 8, 553, 620, 153, 0, 2.52%, 2, 0, 12, 687.75 1652 3956775
1601784365, 8, 553, 621, 154, 0, 2.52%, 2, 0, 12, 724.85 1652 3978745
1601784371, 8, 553, 622, 155, 0, 2.52%, 2, 0, 12, 717.08 1652 3982379
1601784411, 8, 559, 622, 154, 0, 2.52%, 2, 0, 12, 682.38 1652 4011495
1601784422, 8, 559, 623, 155, 0, 2.52%, 2, 0, 12, 654.76 1652 4018160
1601784427, 8, 559, 625, 157, 0, 2.52%, 2, 0, 12, 677.99 1652 4021582
1601784432, 8, 559, 626, 158, 0, 2.52%, 2, 0, 12, 682.96 1652 4025009
1601784442, 8, 559, 627, 159, 0, 2.52%, 2, 0, 12, 668.28 1652 4031973
1601784473, 8, 560, 627, 158, 0, 2.52%, 2, 0, 12, 658.58 1652 4052957
1601784478, 8, 560, 628, 159, 0, 2.53%, 2, 0, 12, 641.19 1657 4056254
1601784483, 8, 560, 630, 161, 0, 2.53%, 2, 0, 12, 665.44 1661 4059584
1601784519, 8, 560, 631, 162, 0, 2.53%, 2, 0, 12, 685.68 1661 4084149
1601784524, 8, 560, 632, 163, 0, 2.53%, 2, 0, 12, 686.42 1661 4087719
1601784529, 8, 581, 632, 162, 2, 2.53%, 2, 0, 12, 696.36 1661 4091319
1601784544, 8, 604, 632, 161, 2, 2.53%, 2, 0, 12, 692.46 1661 4102139
1601784580, 8, 604, 633, 162, 2, 2.53%, 2, 0, 13, 691.19 1661 4126252
1601784616, 8, 627, 633, 161, 2, 2.53%, 2, 0, 13, 670.96 1661 4151187
1601784632, 8, 627, 634, 162, 2, 2.53%, 2, 0, 13, 673.26 1661 4161127
1601784637, 8, 627, 636, 164, 2, 2.55%, 2, 0, 13, 685.53 1669 4164679
1601784662, 8, 629, 636, 163, 3, 2.55%, 2, 0, 13, 687.02 1669 4182452
1601784693, 8, 634, 637, 163, 2, 2.55%, 2, 0, 13, 670.51 1669 4203521
1601784698, 8, 634, 638, 164, 2, 2.55%, 2, 0, 13, 655.42 1669 4206879
1601784709, 8, 634, 640, 166, 2, 2.55%, 2, 0, 13, 681.54 1669 4213886
1601784714, 8, 634, 641, 167, 2, 2.55%, 2, 0, 13, 685.59 1669 4217443
1601784719, 8, 634, 642, 168, 2, 2.55%, 2, 0, 13, 679.13 1669 4220962
1601784729, 8, 634, 643, 169, 2, 2.55%, 2, 0, 13, 681.34 1669 4227977
1601784740, 8, 640, 645, 170, 1, 2.55%, 2, 0, 13, 685.69 1669 4234940
1601784765, 8, 641, 645, 169, 0, 2.55%, 2, 0, 13, 649.79 1669 4252662
1601784775, 8, 641, 646, 170, 0, 2.55%, 2, 0, 13, 631.80 1669 4259147
1601784796, 8, 641, 647, 171, 0, 2.55%, 2, 0, 13, 678.67 1669 4272748
1601784826, 8, 642, 647, 170, 0, 2.55%, 2, 0, 13, 658.48 1669 4293291
1601784857, 8, 642, 648, 171, 0, 2.55%, 2, 0, 13, 684.12 1669 4313672
1601784882, 8, 647, 649, 171, 1, 2.55%, 2, 0, 13, 655.09 1669 4330740
1601784887, 8, 647, 651, 173, 1, 2.55%, 2, 0, 13, 677.75 1669 4334233
1601784893, 8, 647, 652, 174, 1, 2.55%, 2, 0, 13, 687.15 1669 4337803
1601784934, 8, 651, 654, 175, 1, 2.55%, 2, 0, 13, 677.71 1669 4366366
1601784959, 8, 652, 655, 175, 1, 2.55%, 2, 0, 14, 678.06 1669 4384061
1601784964, 8, 652, 657, 177, 1, 2.55%, 2, 0, 14, 695.24 1669 4387626
1601785010, 8, 653, 659, 178, 0, 2.55%, 2, 0, 14, 681.14 1669 4419694
1601785020, 8, 653, 661, 180, 0, 2.55%, 2, 0, 14, 707.52 1669 4426860
1601785061, 8, 654, 661, 179, 0, 2.55%, 2, 0, 14, 691.22 1669 4455416
1601785066, 8, 654, 662, 180, 0, 2.55%, 2, 0, 15, 700.78 1669 4458998
1601785091, 8, 654, 662, 180, 0, 2.55%, 3, 0, 15, 695.78 1669 4476796
1601785107, 8, 659, 662, 179, 0, 2.55%, 3, 0, 15, 682.70 1669 4487444
1601785117, 8, 659, 663, 180, 0, 2.55%, 3, 0, 15, 681.19 1669 4494155
1601785127, 8, 659, 663, 180, 0, 2.55%, 4, 0, 15, 687.15 1669 4501292
1601785158, 8, 660, 663, 179, 0, 2.55%, 4, 0, 15, 690.89 1669 4522784
1601785164, 8, 660, 664, 180, 0, 2.55%, 4, 0, 15, 640.53 1669 4525943
1601785169, 8, 660, 666, 182, 0, 2.55%, 4, 0, 15, 648.33 1669 4529181
1601785174, 8, 660, 668, 184, 0, 2.55%, 4, 0, 15, 680.06 1669 4532629
1601785214, 8, 660, 669, 185, 0, 2.55%, 4, 0, 15, 677.45 1669 4560249
1601785219, 8, 667, 669, 184, 0, 2.55%, 4, 0, 15, 628.57 1669 4563411
1601785244, 8, 667, 670, 185, 0, 2.55%, 4, 0, 16, 658.76 1669 4579469
1601785285, 8, 667, 671, 186, 0, 2.55%, 4, 0, 16, 666.04 1669 4606712
1601785290, 8, 668, 671, 185, 0, 2.55%, 4, 0, 16, 634.44 1669 4609936
1601785336, 9, 23, 671, 184, 0, 2.55%, 4, 0, 16, 689.20 1669 4639678
1601785341, 9, 46, 671, 183, 0, 2.55%, 4, 0, 16, 691.44 1669 4643275
1601785347, 9, 83, 671, 182, 0, 2.55%, 4, 0, 16, 701.53 1669 4646916
1601785352, 9, 111, 671, 182, 0, 2.55%, 4, 0, 16, 711.07 1669 4650462
1601785357, 9, 151, 671, 181, 0, 2.55%, 4, 0, 16, 708.24 1669 4654004
1601785362, 9, 184, 671, 181, 0, 2.55%, 4, 0, 16, 706.58 1669 4657658
1601785367, 9, 197, 671, 180, 0, 2.55%, 4, 0, 16, 702.79 1669 4661304
1601785372, 9, 238, 671, 180, 0, 2.55%, 4, 0, 16, 705.78 1669 4664965
1601785377, 9, 241, 671, 179, 0, 2.55%, 4, 0, 16, 692.96 1669 4668548
1601785382, 9, 251, 671, 178, 0, 2.55%, 4, 0, 16, 704.21 1669 4672203
1601785388, 9, 269, 671, 177, 0, 2.55%, 4, 0, 16, 703.79 1669 4675851
1601785398, 9, 275, 671, 176, 0, 2.55%, 4, 0, 16, 704.30 1669 4682893
1601785403, 9, 288, 671, 176, 0, 2.55%, 4, 0, 16, 711.20 1669 4686505
1601785408, 9, 331, 671, 176, 0, 2.55%, 4, 0, 16, 714.18 1669 4690119
1601785413, 9, 355, 671, 176, 0, 2.55%, 4, 0, 16, 713.53 1669 4693693
1601785428, 9, 374, 671, 175, 0, 2.55%, 4, 0, 16, 707.04 1669 4704510
1601785433, 9, 399, 671, 175, 0, 2.55%, 4, 0, 16, 712.88 1669 4708128
1601785438, 9, 416, 671, 175, 0, 2.55%, 4, 0, 16, 702.60 1669 4711687
1601785443, 9, 430, 671, 174, 0, 2.55%, 4, 0, 16, 709.60 1669 4715340
1601785449, 9, 441, 671, 174, 0, 2.55%, 4, 0, 16, 696.05 1669 4718966
1601785459, 9, 443, 671, 173, 0, 2.55%, 4, 0, 16, 706.21 1669 4726138
1601785464, 9, 452, 671, 173, 0, 2.55%, 4, 0, 16, 705.51 1669 4729692
1601785469, 9, 452, 673, 175, 0, 2.55%, 4, 0, 16, 711.83 1669 4733336
1601785479, 9, 468, 673, 174, 0, 2.55%, 4, 0, 16, 708.56 1669 4740692
1601785500, 9, 474, 673, 173, 0, 2.55%, 4, 0, 16, 701.39 1669 4755016
1601785505, 9, 478, 673, 173, 0, 2.55%, 4, 0, 16, 694.24 1669 4758604
1601785510, 9, 489, 673, 172, 0, 2.55%, 4, 0, 16, 698.72 1669 4762189
1601785515, 9, 499, 673, 172, 0, 2.55%, 4, 0, 16, 669.34 1669 4765673
1601785526, 9, 506, 673, 171, 0, 2.55%, 4, 0, 16, 691.11 1669 4772758
1601785541, 9, 507, 673, 170, 0, 2.55%, 4, 0, 16, 707.05 1669 4783724
1601785566, 9, 517, 673, 169, 0, 2.55%, 4, 0, 16, 698.63 1669 4801357
1601785638, 9, 519, 673, 168, 0, 2.55%, 4, 0, 16, 703.00 1669 4851271
1601785643, 9, 533, 673, 168, 0, 2.55%, 4, 0, 16, 709.91 1669 4854920
1601785658, 9, 533, 674, 169, 0, 2.55%, 4, 0, 16, 712.21 1669 4865913
1601785827, 9, 535, 674, 168, 0, 2.55%, 4, 0, 16, 647.05 1669 4986637
1601785939, 9, 536, 674, 167, 0, 2.55%, 4, 0, 16, 690.30 1669 5062068
1601785944, 9, 536, 675, 168, 0, 2.55%, 4, 0, 16, 688.24 1669 5065616
1601786184, 9, 539, 675, 167, 0, 2.55%, 4, 0, 16, 715.00 1669 5231965
1601786271, 9, 540, 675, 166, 0, 2.55%, 4, 0, 16, 700.77 1669 5294564
1601786430, 9, 557, 675, 165, 0, 2.55%, 4, 0, 16, 671.86 1669 5406671
1601786450, 9, 565, 675, 164, 0, 2.55%, 4, 0, 16, 701.07 1669 5420790
1601786456, 9, 568, 675, 164, 0, 2.55%, 4, 0, 16, 710.82 1669 5424429
1601786466, 9, 568, 676, 165, 0, 2.55%, 4, 0, 16, 716.07 1669 5431751
1601786491, 9, 569, 676, 164, 0, 2.55%, 4, 0, 16, 710.77 1669 5449995
1601786496, 9, 569, 677, 165, 0, 2.55%, 4, 0, 16, 720.71 1669 5453604
1601786502, 9, 569, 678, 166, 0, 2.55%, 4, 0, 16, 710.04 1669 5457210
1601786507, 9, 569, 679, 167, 0, 2.55%, 4, 0, 16, 712.50 1669 5460858
1601786537, 9, 578, 679, 166, 0, 2.55%, 4, 0, 16, 688.53 1669 5482738
1601786558, 9, 578, 681, 168, 0, 2.55%, 4, 0, 16, 717.78 1669 5497044
1601786599, 9, 582, 681, 167, 0, 2.55%, 4, 0, 16, 694.30 1669 5525789
1601786614, 9, 584, 681, 166, 0, 2.55%, 4, 0, 16, 665.27 1669 5536408
1601786655, 9, 584, 682, 167, 0, 2.55%, 4, 0, 16, 697.14 1669 5563998
1601786701, 9, 585, 682, 166, 0, 2.55%, 4, 0, 16, 655.38 1669 5596095
1601786778, 9, 587, 682, 165, 0, 2.55%, 4, 0, 16, 669.13 1669 5648082
1601786813, 9, 587, 683, 166, 0, 2.55%, 4, 0, 16, 701.83 1669 5672643
1601786839, 9, 587, 684, 167, 0, 2.55%, 4, 0, 16, 703.87 1669 5690431
1601786854, 9, 593, 684, 166, 0, 2.55%, 4, 0, 16, 705.83 1669 5701171
1601786859, 9, 594, 684, 166, 0, 2.55%, 4, 0, 16, 683.45 1669 5704599
1601786884, 9, 599, 684, 165, 0, 2.55%, 4, 0, 16, 683.64 1669 5722435
1601786915, 9, 601, 684, 164, 0, 2.55%, 4, 0, 16, 698.83 1669 5743754
1601786920, 9, 605, 684, 164, 0, 2.55%, 4, 0, 16, 708.67 1669 5747391
1601786946, 9, 606, 684, 163, 0, 2.55%, 4, 0, 16, 707.50 1669 5765515
1601786992, 9, 608, 684, 162, 0, 2.55%, 4, 0, 16, 657.09 1669 5797629
1601787007, 9, 608, 685, 163, 0, 2.55%, 4, 0, 16, 672.02 1669 5807582
1601787012, 9, 608, 689, 167, 0, 2.55%, 4, 0, 16, 679.78 1669 5811124
1601787038, 9, 608, 690, 168, 0, 2.55%, 4, 0, 16, 700.74 1669 5828853
1601787043, 9, 615, 691, 168, 0, 2.55%, 4, 0, 16, 681.57 1669 5832384
1601787058, 9, 615, 693, 170, 0, 2.55%, 4, 0, 16, 705.90 1669 5842998
1601787105, 9, 618, 694, 170, 0, 2.55%, 4, 0, 16, 685.84 1669 5875598
1601787150, 9, 618, 696, 172, 0, 2.55%, 4, 0, 16, 684.46 1669 5906746
1601787282, 9, 618, 697, 173, 0, 2.55%, 4, 0, 16, 687.60 1669 5996192
1601787298, 9, 623, 697, 172, 0, 2.55%, 4, 0, 16, 651.77 1669 6006518
1601787334, 9, 628, 697, 171, 0, 2.55%, 4, 0, 16, 659.46 1669 6030661
1601787370, 9, 629, 697, 170, 0, 2.55%, 4, 0, 16, 681.78 1669 6054416
1601787375, 9, 629, 698, 171, 0, 2.55%, 4, 0, 16, 697.30 1669 6057999
1601787380, 9, 633, 698, 171, 0, 2.55%, 4, 0, 16, 696.79 1669 6061551
1601787416, 9, 640, 698, 170, 0, 2.55%, 4, 0, 16, 701.01 1669 6085964
1601787421, 9, 643, 698, 170, 0, 2.55%, 4, 0, 16, 698.85 1669 6089564
1601787447, 9, 645, 698, 169, 0, 2.55%, 4, 0, 16, 659.08 1669 6107684
1601787472, 9, 645, 699, 170, 0, 2.55%, 4, 0, 16, 671.50 1669 6124334
1601787478, 9, 645, 700, 171, 0, 2.55%, 4, 0, 16, 687.36 1669 6127904
1601787483, 9, 645, 703, 174, 0, 2.55%, 4, 0, 16, 688.69 1669 6131464
1601787488, 9, 645, 704, 175, 0, 2.55%, 4, 0, 16, 693.15 1669 6135047
1601787493, 9, 645, 705, 176, 0, 2.55%, 4, 0, 16, 684.79 1669 6138604
1601787504, 9, 645, 706, 177, 0, 2.55%, 4, 0, 16, 688.86 1669 6145736
1601787519, 9, 647, 706, 176, 0, 2.55%, 4, 0, 16, 685.11 1669 6156417
1601787524, 9, 652, 706, 176, 0, 2.55%, 4, 0, 16, 704.36 1669 6160046
1601787529, 9, 658, 706, 176, 0, 2.55%, 4, 0, 16, 686.16 1669 6163549
1601787555, 9, 666, 706, 175, 0, 2.55%, 4, 0, 16, 682.81 1669 6181709
1601787570, 9, 666, 708, 177, 0, 2.55%, 4, 0, 16, 696.16 1669 6192201
1601787611, 9, 673, 708, 176, 0, 2.55%, 4, 0, 16, 699.46 1669 6220963
1601787806, 9, 677, 708, 175, 0, 2.55%, 4, 0, 16, 706.43 1669 6358058
1601787811, 9, 677, 709, 176, 0, 2.55%, 4, 0, 16, 703.22 1669 6361569
1601787821, 9, 677, 710, 177, 0, 2.55%, 4, 0, 16, 726.79 1669 6368941
1601787836, 9, 677, 711, 178, 0, 2.55%, 4, 0, 16, 714.98 1669 6379961
1601787852, 9, 680, 711, 177, 0, 2.55%, 4, 0, 16, 698.24 1669 6390911
1601787898, 9, 680, 713, 179, 0, 2.55%, 4, 0, 16, 711.86 1669 6422617
1601787923, 9, 680, 714, 180, 0, 2.55%, 4, 0, 16, 711.70 1669 6440503
1601787943, 9, 691, 714, 179, 0, 2.55%, 4, 0, 16, 680.26 1669 6454670
1601787969, 9, 691, 715, 180, 0, 2.55%, 4, 0, 16, 742.78 1669 6472623
1601788010, 9, 692, 715, 179, 0, 2.55%, 4, 0, 16, 690.45 1669 6501863
1601788041, 9, 692, 716, 180, 0, 2.55%, 4, 0, 16, 709.75 1669 6523206
1601788076, 9, 694, 716, 179, 0, 2.55%, 4, 0, 16, 707.42 1669 6548737
1601788082, 9, 694, 717, 180, 0, 2.55%, 4, 0, 16, 679.65 1669 6552156
1601788244, 9, 695, 717, 179, 0, 2.55%, 4, 0, 16, 687.42 1669 6663413
1601788249, 9, 695, 718, 180, 0, 2.55%, 4, 0, 16, 676.33 1669 6666840
1601788413, 9, 698, 718, 179, 0, 2.55%, 4, 0, 16, 670.05 1669 6778278
1601788423, 9, 698, 719, 180, 0, 2.55%, 4, 0, 16, 638.54 1669 6784935
1601788464, 9, 698, 722, 183, 0, 2.55%, 4, 0, 16, 683.71 1669 6812121
1601788484, 9, 700, 723, 183, 0, 2.55%, 4, 0, 16, 690.51 1669 6826045
1601788525, 9, 700, 724, 184, 0, 2.55%, 4, 0, 16, 675.65 1669 6852532
1601788565, 9, 701, 724, 183, 0, 2.55%, 4, 0, 16, 639.03 1669 6879828
1601788621, 9, 701, 725, 184, 0, 2.55%, 4, 0, 16, 675.55 1669 6916105
1601788652, 9, 703, 725, 183, 0, 2.55%, 4, 0, 16, 651.52 1669 6936587
1601788713, 9, 703, 726, 184, 0, 2.55%, 4, 0, 16, 675.72 1669 6976061
1601788738, 9, 705, 726, 183, 0, 2.55%, 4, 0, 16, 649.98 1669 6993104
1601788784, 9, 705, 727, 184, 0, 2.55%, 4, 0, 16, 688.06 1669 7022651
1601788789, 9, 705, 728, 185, 0, 2.55%, 4, 0, 16, 680.91 1669 7026052
1601788799, 9, 705, 729, 186, 0, 2.55%, 4, 0, 16, 675.20 1669 7032898
1601788819, 9, 715, 729, 185, 0, 2.55%, 4, 0, 16, 660.93 1669 7046531
1601788829, 9, 715, 730, 186, 0, 2.55%, 4, 0, 16, 669.81 1669 7053308
1601788932, 9, 715, 731, 187, 0, 2.55%, 4, 0, 16, 711.67 1669 7124276
1601788937, 9, 715, 732, 188, 0, 2.55%, 4, 0, 16, 710.08 1669 7127924
1601788962, 9, 718, 732, 187, 0, 2.55%, 4, 0, 16, 702.28 1669 7145928
1601788973, 9, 718, 733, 188, 0, 2.55%, 4, 0, 16, 635.74 1669 7152494
1601788978, 9, 718, 734, 189, 0, 2.55%, 4, 0, 16, 637.54 1669 7155669
1601789003, 9, 718, 735, 190, 0, 2.55%, 4, 0, 16, 680.60 1669 7172501
1601789038, 9, 723, 737, 191, 0, 2.55%, 4, 0, 16, 623.12 1669 7196211
1601789094, 9, 723, 738, 192, 0, 2.55%, 4, 0, 16, 651.95 1669 7231142
1601789110, 9, 723, 741, 195, 0, 2.55%, 4, 0, 16, 667.15 1669 7241345
1601789140, 9, 731, 741, 194, 0, 2.55%, 4, 0, 16, 651.90 1669 7261802
1601789171, 9, 731, 742, 195, 0, 2.55%, 4, 0, 16, 646.89 1669 7281300
1601789420, 9, 731, 743, 196, 0, 2.55%, 4, 0, 16, 693.45 1669 7449332
1601789430, 9, 731, 744, 197, 0, 2.55%, 4, 0, 16, 703.80 1669 7456513
1601789435, 9, 731, 745, 198, 0, 2.55%, 4, 0, 16, 699.93 1669 7460047
1601789456, 9, 738, 745, 197, 0, 2.55%, 4, 0, 16, 613.52 1669 7473601
1601789568, 9, 738, 746, 198, 0, 2.55%, 4, 0, 16, 662.96 1669 7542675
1601789578, 9, 738, 747, 199, 0, 2.55%, 4, 0, 16, 659.81 1669 7549430
1601789598, 10, 31, 747, 198, 0, 2.55%, 4, 0, 16, 672.26 1669 7562921
1601789604, 10, 42, 747, 198, 0, 2.55%, 4, 0, 16, 686.84 1669 7566468
1601789609, 10, 79, 747, 197, 0, 2.55%, 4, 0, 16, 706.68 1669 7570031
1601789614, 10, 104, 747, 196, 0, 2.55%, 4, 0, 16, 711.53 1669 7573610
1601789619, 10, 154, 747, 196, 0, 2.55%, 4, 0, 16, 709.11 1669 7577304
1601789624, 10, 187, 747, 196, 0, 2.55%, 4, 0, 16, 716.57 1669 7580894
1601789629, 10, 207, 747, 196, 0, 2.55%, 4, 0, 16, 710.70 1669 7584501
1601789639, 10, 215, 747, 195, 0, 2.55%, 4, 0, 16, 707.43 1669 7591687
1601789644, 10, 235, 747, 195, 0, 2.55%, 4, 0, 16, 715.12 1669 7595332
1601789654, 10, 263, 747, 194, 0, 2.55%, 4, 0, 16, 718.30 1669 7602607
1601789659, 10, 279, 747, 194, 0, 2.55%, 4, 0, 16, 720.32 1669 7606245
1601789664, 10, 312, 747, 194, 0, 2.55%, 4, 0, 16, 721.14 1669 7609890
1601789680, 10, 334, 747, 193, 0, 2.55%, 4, 0, 16, 720.37 1669 7620799
1601789685, 10, 340, 747, 193, 0, 2.55%, 4, 0, 16, 717.17 1669 7624400
1601789690, 10, 357, 747, 192, 0, 2.55%, 4, 0, 16, 712.02 1669 7628007
1601789705, 10, 379, 747, 191, 0, 2.55%, 4, 0, 16, 712.41 1669 7638820
1601789710, 10, 400, 747, 191, 0, 2.55%, 4, 0, 16, 717.27 1669 7642460
1601789715, 10, 406, 747, 190, 0, 2.55%, 4, 0, 16, 705.65 1669 7646059
1601789720, 10, 435, 747, 190, 0, 2.55%, 4, 0, 16, 716.81 1669 7649687
1601789725, 10, 446, 747, 190, 0, 2.55%, 4, 0, 16, 697.84 1669 7653302
1601789740, 10, 464, 747, 189, 0, 2.55%, 4, 0, 16, 710.27 1669 7663876
1601789746, 10, 477, 749, 191, 0, 2.55%, 4, 0, 16, 684.81 1669 7667397
1601789751, 10, 477, 750, 192, 0, 2.55%, 4, 0, 16, 634.19 1669 7670545
1601789761, 10, 477, 754, 196, 0, 2.55%, 4, 0, 16, 669.92 1669 7677103
1601789771, 10, 477, 755, 197, 0, 2.55%, 4, 0, 16, 681.12 1669 7683936
1601789796, 10, 484, 755, 196, 0, 2.55%, 4, 0, 16, 673.61 1669 7701104
1601789816, 10, 493, 756, 196, 0, 2.57%, 4, 0, 16, 695.25 1682 7714911
1601789821, 10, 493, 758, 198, 0, 2.57%, 4, 0, 16, 699.44 1682 7718449
1601789827, 10, 493, 759, 199, 0, 2.59%, 4, 0, 16, 703.08 1698 7722096
1601789842, 10, 493, 760, 200, 0, 2.59%, 4, 0, 16, 704.44 1698 7732828
1601789867, 10, 630, 760, 199, 2, 2.59%, 4, 0, 16, 671.92 1698 7750367
1601789892, 10, 639, 760, 198, 2, 2.59%, 4, 0, 16, 653.83 1698 7767392
1601789933, 10, 654, 760, 197, 2, 2.59%, 4, 0, 16, 680.95 1698 7793639
1601789938, 10, 756, 760, 197, 2, 2.59%, 4, 0, 16, 692.89 1698 7797200
1601789953, 10, 758, 760, 196, 1, 2.59%, 4, 0, 16, 690.34 1698 7807929
1601789964, 10, 758, 762, 198, 1, 2.59%, 4, 0, 16, 689.20 1698 7814544
1601789969, 10, 758, 764, 200, 1, 2.60%, 4, 0, 16, 694.92 1705 7818109
1601789989, 10, 758, 765, 201, 1, 2.62%, 4, 0, 16, 696.37 1715 7832443
1601789994, 10, 762, 768, 203, 2, 2.65%, 4, 0, 16, 668.14 1734 7835927
1601790005, 10, 762, 770, 205, 2, 2.66%, 4, 0, 16, 661.21 1741 7842481
1601790010, 10, 762, 774, 209, 2, 2.66%, 4, 0, 16, 681.47 1743 7846036
1601790015, 10, 762, 776, 211, 2, 2.66%, 4, 0, 16, 685.18 1743 7849601
1601790020, 10, 762, 777, 212, 2, 2.66%, 4, 0, 16, 687.28 1743 7853171
1601790031, 10, 762, 778, 213, 2, 2.66%, 4, 0, 16, 690.00 1744 7860316
1601790046, 10, 762, 779, 214, 2, 2.66%, 4, 0, 16, 707.71 1744 7870737
1601790051, 10, 765, 779, 213, 5, 2.66%, 4, 0, 16, 669.71 1744 7874081
1601790061, 10, 765, 780, 214, 5, 2.67%, 4, 0, 16, 660.25 1748 7880653
1601790102, 10, 765, 781, 215, 5, 2.67%, 4, 0, 16, 687.04 1748 7908780
1601790107, 10, 767, 781, 214, 5, 2.67%, 4, 0, 16, 675.19 1748 7912306
1601790117, 10, 767, 783, 216, 5, 2.67%, 4, 0, 16, 661.96 1748 7918797
1601790127, 10, 767, 784, 217, 5, 2.67%, 4, 0, 16, 692.02 1748 7925955
1601790133, 10, 767, 785, 218, 5, 2.67%, 4, 0, 16, 690.25 1748 7929525
1601790143, 10, 767, 786, 219, 5, 2.67%, 4, 0, 16, 690.49 1748 7936696
1601790148, 10, 767, 787, 220, 5, 2.67%, 4, 0, 16, 686.23 1748 7940253
1601790164, 10, 769, 787, 219, 4, 2.67%, 4, 0, 16, 674.70 1748 7950930
1601790179, 10, 769, 789, 221, 4, 2.67%, 4, 0, 16, 680.93 1748 7961198
1601790189, 10, 769, 790, 222, 4, 2.67%, 4, 0, 16, 686.17 1748 7968200
1601790220, 10, 773, 790, 221, 3, 2.67%, 4, 0, 16, 658.01 1748 7989372
1601790251, 10, 773, 791, 222, 3, 2.67%, 4, 0, 16, 689.82 1749 8010444
1601790256, 10, 773, 792, 223, 3, 2.67%, 4, 0, 16, 699.36 1749 8014082
1601790277, 10, 779, 793, 223, 3, 2.67%, 4, 0, 16, 662.29 1749 8028246
1601790313, 10, 789, 794, 223, 2, 2.67%, 4, 0, 16, 645.62 1749 8052170
1601790328, 10, 789, 795, 224, 2, 2.67%, 4, 0, 16, 693.15 1749 8062383
1601790339, 10, 789, 796, 225, 2, 2.67%, 4, 0, 16, 687.86 1749 8069528
1601790344, 10, 789, 797, 226, 2, 2.67%, 4, 0, 16, 686.11 1749 8073085
1601790364, 10, 789, 798, 227, 2, 2.67%, 4, 0, 16, 686.92 1749 8087016
1601790369, 10, 790, 801, 229, 2, 2.67%, 4, 0, 16, 640.18 1749 8090264
1601790374, 10, 790, 804, 232, 2, 2.67%, 4, 0, 16, 601.43 1749 8093304
1601790390, 10, 790, 805, 233, 2, 2.67%, 4, 0, 16, 584.68 1749 8102569
1601790400, 10, 790, 806, 234, 2, 2.67%, 4, 0, 16, 577.91 1749 8108495
1601790466, 10, 790, 812, 240, 2, 2.67%, 4, 0, 16, 624.36 1749 8148013
1601790471, 10, 790, 814, 242, 2, 2.67%, 4, 0, 16, 637.90 1749 8151305
1601790476, 10, 790, 816, 244, 2, 2.67%, 4, 0, 16, 642.11 1749 8154597
1601790482, 10, 790, 817, 245, 2, 2.67%, 4, 0, 16, 642.64 1749 8157881
1601790487, 10, 790, 819, 247, 2, 2.67%, 4, 0, 16, 647.13 1749 8161197
1601790492, 10, 790, 820, 248, 2, 2.67%, 4, 0, 16, 645.25 1749 8164493
1601790497, 10, 790, 821, 249, 2, 2.67%, 4, 0, 16, 666.05 1749 8167943
1601790502, 10, 790, 824, 252, 2, 2.67%, 4, 0, 16, 650.10 1749 8171317
1601790512, 10, 790, 826, 254, 2, 2.67%, 4, 0, 16, 642.02 1749 8177921
1601790517, 10, 793, 826, 253, 2, 2.67%, 4, 0, 16, 639.32 1749 8181120
1601790553, 10, 808, 827, 253, 1, 2.67%, 4, 0, 16, 607.71 1749 8204578
1601790651, 10, 808, 828, 254, 1, 2.67%, 4, 0, 16, 648.70 1749 8263666
1601790656, 10, 808, 829, 255, 1, 2.67%, 4, 0, 16, 648.62 1749 8266962
1601790676, 10, 808, 830, 256, 1, 2.67%, 4, 0, 16, 701.62 1749 8280538
1601790691, 10, 810, 830, 255, 0, 2.67%, 4, 0, 16, 605.92 1749 8290333
1601790722, 10, 810, 831, 256, 0, 2.67%, 4, 0, 16, 573.34 1749 8308030
1601790849, 10, 810, 833, 258, 0, 2.67%, 4, 0, 16, 571.70 1749 8381950
1601790855, 10, 810, 836, 261, 0, 2.67%, 4, 0, 16, 621.89 1749 8385235
1601790860, 10, 810, 838, 263, 0, 2.67%, 4, 0, 16, 635.72 1749 8388563
1601790865, 10, 810, 839, 264, 0, 2.67%, 4, 0, 16, 636.31 1749 8391859
1601790875, 10, 810, 841, 266, 0, 2.67%, 4, 0, 16, 635.91 1749 8398451
1601790880, 10, 810, 842, 267, 0, 2.67%, 4, 0, 16, 635.45 1749 8401747
1601790896, 10, 811, 842, 266, 0, 2.67%, 4, 0, 16, 600.39 1749 8411236
1601791039, 10, 811, 843, 267, 0, 2.67%, 4, 0, 16, 643.26 1749 8495374
1601791075, 10, 814, 843, 266, 0, 2.67%, 4, 0, 16, 618.72 1749 8518433
1601791274, 10, 814, 844, 267, 0, 2.67%, 4, 0, 16, 620.30 1749 8632979
1601791284, 10, 814, 845, 268, 0, 2.67%, 4, 0, 16, 624.83 1749 8639347
1601791289, 10, 814, 846, 269, 0, 2.67%, 4, 0, 16, 623.23 1749 8642499
1601791314, 10, 814, 847, 270, 0, 2.67%, 4, 0, 16, 635.23 1749 8658107
1601791320, 10, 815, 847, 269, 0, 2.67%, 4, 0, 16, 595.57 1749 8661153
1601791473, 10, 816, 847, 268, 0, 2.67%, 4, 0, 16, 598.63 1749 8753226
1601791606, 10, 816, 848, 269, 0, 2.67%, 4, 0, 16, 634.73 1749 8832007
1601791648, 10, 818, 848, 268, 0, 2.67%, 4, 0, 16, 607.11 1749 8858352
1601791852, 10, 819, 848, 267, 0, 2.67%, 4, 0, 16, 599.34 1749 8977874
1601791975, 10, 821, 848, 266, 0, 2.67%, 4, 0, 16, 616.56 1749 9051498
1601792158, 10, 821, 849, 267, 0, 2.67%, 4, 0, 16, 631.03 1749 9159164
1601792183, 10, 821, 850, 268, 0, 2.67%, 4, 0, 16, 629.99 1749 9175120
1601792198, 10, 822, 850, 267, 0, 2.67%, 4, 0, 16, 626.09 1749 9184608
1601792438, 10, 826, 850, 266, 0, 2.67%, 4, 0, 16, 608.35 1749 9322844
1601792555, 10, 839, 851, 266, 0, 2.67%, 4, 0, 16, 565.05 1749 9393906
1601792968, 10, 839, 854, 269, 0, 2.67%, 4, 0, 16, 562.51 1749 9618462
1601792974, 10, 839, 862, 277, 0, 2.67%, 4, 0, 16, 593.95 1749 9621584
1601792979, 10, 839, 866, 281, 0, 2.67%, 4, 0, 16, 603.00 1749 9624615
1601792989, 10, 839, 868, 283, 0, 2.67%, 4, 0, 16, 615.95 1749 9630895
1601792994, 10, 839, 869, 284, 0, 2.67%, 4, 0, 16, 627.08 1749 9634095
1601793004, 10, 839, 871, 286, 0, 2.67%, 4, 0, 16, 603.91 1749 9640207
1601793024, 10, 841, 871, 285, 0, 2.67%, 4, 0, 16, 593.00 1749 9652499
1601793050, 10, 841, 872, 286, 0, 2.67%, 4, 0, 16, 595.51 1749 9667631
1601793187, 10, 842, 872, 285, 0, 2.67%, 4, 0, 16, 613.52 1749 9748799
1601793406, 10, 854, 872, 284, 0, 2.67%, 4, 0, 16, 574.13 1749 9874697
1601793790, 10, 854, 873, 285, 0, 2.67%, 4, 0, 16, 591.96 1749 10086143
1601793825, 10, 854, 874, 286, 0, 2.67%, 4, 0, 16, 612.46 1749 10108165
1601793841, 10, 856, 874, 285, 0, 2.67%, 4, 0, 16, 554.38 1749 10117348
1601794609, 10, 856, 877, 288, 0, 2.67%, 4, 0, 16, 558.43 1749 10516969
1601794619, 10, 856, 878, 289, 0, 2.67%, 4, 0, 16, 599.84 1749 10523113
1601794624, 10, 856, 879, 290, 0, 2.67%, 4, 0, 16, 591.11 1749 10526148
1601794645, 10, 856, 880, 291, 0, 2.67%, 4, 0, 16, 595.48 1749 10538278
1601794650, 10, 856, 881, 292, 0, 2.67%, 4, 0, 16, 592.78 1749 10541311
1601794665, 10, 863, 881, 291, 0, 2.67%, 4, 0, 16, 544.21 1749 10550100
1601795514, 10, 863, 883, 293, 0, 2.67%, 4, 0, 16, 592.72 1749 10993804
1601795535, 10, 863, 884, 294, 0, 2.67%, 4, 0, 16, 602.12 1749 11006019
1601795540, 10, 863, 885, 295, 0, 2.67%, 4, 0, 16, 596.95 1749 11009099
1601795545, 10, 863, 886, 296, 0, 2.67%, 4, 0, 16, 601.46 1749 11012155
1601795550, 10, 868, 886, 295, 0, 2.67%, 4, 0, 16, 582.70 1749 11014958
1601796915, 10, 868, 888, 297, 0, 2.67%, 4, 0, 16, 544.45 1749 11673498
1601796925, 10, 868, 889, 298, 0, 2.67%, 4, 0, 16, 569.21 1749 11679286
1601796951, 10, 868, 890, 299, 0, 2.67%, 4, 0, 16, 568.13 1749 11693693
1601796961, 10, 871, 890, 298, 0, 2.67%, 4, 0, 16, 589.41 1749 11699555
1601797099, 10, 871, 891, 299, 0, 2.67%, 4, 0, 16, 642.54 1749 11783410
1601797145, 10, 875, 891, 298, 0, 2.67%, 4, 0, 16, 659.38 1749 11813614
1601797916, 10, 875, 892, 299, 0, 2.67%, 4, 0, 16, 579.64 1749 12218674
1601797921, 10, 875, 893, 300, 0, 2.67%, 4, 0, 16, 601.51 1749 12221752
1601797941, 10, 875, 894, 301, 0, 2.67%, 4, 0, 16, 605.66 1749 12234120
1601797966, 10, 882, 894, 300, 0, 2.67%, 4, 0, 16, 545.39 1749 12249170
1601799759, 10, 882, 895, 301, 0, 2.67%, 4, 0, 16, 544.35 1749 13072118
1601799790, 10, 882, 896, 302, 0, 2.67%, 4, 0, 16, 548.78 1749 13088826
1601799810, 10, 884, 896, 301, 0, 2.67%, 4, 0, 16, 458.06 1749 13099657
1601802655, 10, 884, 897, 302, 0, 2.67%, 4, 0, 16, 523.26 1749 14329399
1601802670, 10, 884, 898, 303, 0, 2.67%, 4, 0, 16, 538.99 1749 14337767
1601802701, 10, 884, 899, 304, 0, 2.67%, 4, 0, 16, 541.52 1749 14354595
1601802711, 10, 891, 899, 303, 0, 2.67%, 4, 0, 16, 592.99 1749 14360465
1601802885, 10, 891, 900, 304, 0, 2.67%, 4, 0, 16, 682.48 1749 14469763
1601802926, 10, 893, 900, 303, 0, 2.67%, 4, 0, 16, 614.77 1749 14497507
1601802931, 10, 893, 901, 304, 0, 2.67%, 4, 0, 16, 535.20 1749 14500083
1601804129, 10, 893, 903, 306, 0, 2.67%, 4, 0, 16, 536.40 1749 15114115
1601804149, 10, 893, 904, 307, 0, 2.67%, 4, 0, 16, 607.48 1749 15126499
1601804170, 10, 893, 905, 308, 0, 2.67%, 4, 0, 16, 608.12 1749 15138783
1601804185, 10, 895, 907, 309, 0, 2.67%, 4, 0, 16, 461.77 1749 15147141
1601808364, 10, 895, 909, 311, 0, 2.67%, 4, 0, 16, 441.63 1749 16715810
1601808389, 10, 895, 911, 313, 0, 2.67%, 4, 0, 16, 497.45 1749 16728468
1601808415, 10, 895, 912, 314, 0, 2.67%, 4, 0, 16, 494.53 1749 16741094
1601808430, 10, 896, 912, 313, 0, 2.67%, 4, 0, 16, 427.99 1749 16748362
1601810892, 10, 896, 913, 314, 0, 2.67%, 4, 0, 16, 543.41 1749 17851778
1601810948, 10, 903, 913, 313, 0, 2.67%, 4, 0, 16, 444.22 1749 17881797
1601813803, 10, 903, 914, 314, 0, 2.67%, 4, 0, 17, 421.88 1749 19088901
1601813834, 10, 903, 915, 315, 0, 2.67%, 4, 0, 17, 534.13 1749 19105595
1601813845, 10, 903, 916, 316, 0, 2.67%, 4, 0, 17, 536.89 1749 19111173
1601813865, 10, 905, 916, 315, 0, 2.67%, 4, 0, 17, 465.46 1749 19121817
1601813891, 10, 905, 917, 316, 0, 2.67%, 4, 0, 17, 411.63 1749 19132537
1601816756, 10, 914, 917, 315, 0, 2.67%, 4, 0, 17, 429.32 1749 20344587
1601820588, 10, 915, 917, 314, 0, 2.67%, 4, 0, 17, 353.40 1749 21842053
1601826591, 10, 915, 918, 315, 0, 2.67%, 4, 0, 18, 460.92 1749 23879773
1601826616, 11, 10, 918, 314, 0, 2.67%, 4, 0, 18, 527.68 1749 23891447
1601826621, 11, 61, 918, 313, 0, 2.67%, 4, 0, 18, 680.50 1749 23895091
1601826626, 11, 104, 918, 313, 0, 2.67%, 4, 0, 18, 712.67 1749 23898737
1601826631, 11, 138, 918, 313, 0, 2.67%, 4, 0, 18, 712.03 1749 23902365
1601826637, 11, 156, 918, 312, 0, 2.67%, 4, 0, 18, 715.01 1749 23906066
1601826642, 11, 173, 918, 311, 0, 2.67%, 4, 0, 18, 723.81 1749 23909743
1601826647, 11, 207, 918, 311, 0, 2.67%, 4, 0, 18, 723.99 1749 23913385
1601826652, 11, 220, 918, 311, 0, 2.67%, 4, 0, 18, 709.30 1749 23917015
1601826657, 11, 234, 918, 310, 0, 2.67%, 4, 0, 18, 722.56 1749 23920672
1601826662, 11, 272, 919, 311, 0, 2.67%, 4, 0, 18, 727.19 1749 23924330
1601826667, 11, 283, 919, 311, 0, 2.67%, 4, 0, 18, 730.42 1749 23928138
1601826672, 11, 328, 919, 311, 0, 2.67%, 4, 0, 18, 734.12 1749 23931824
1601826677, 11, 335, 919, 311, 0, 2.67%, 4, 0, 18, 728.09 1749 23935472
1601826682, 11, 414, 920, 310, 1, 2.67%, 4, 0, 18, 714.03 1749 23939062
1601826687, 11, 552, 920, 310, 1, 2.67%, 4, 0, 18, 690.57 1749 23942595
1601826717, 11, 651, 920, 309, 1, 2.67%, 4, 0, 18, 710.32 1749 23963313
1601826723, 11, 708, 920, 309, 1, 2.67%, 4, 0, 18, 712.24 1749 23966975
1601826738, 11, 708, 921, 310, 1, 2.67%, 4, 0, 18, 721.44 1749 23977797
1601826773, 11, 909, 921, 309, 1, 2.67%, 4, 0, 18, 439.67 1749 24002185
1601833876, 11, 909, 922, 310, 1, 2.67%, 4, 0, 18, 299.17 1749 26244046
1601834781, 11, 909, 923, 311, 1, 2.67%, 4, 0, 18, 430.92 1749 26494973
1601834786, 11, 909, 924, 312, 1, 2.67%, 4, 0, 18, 436.24 1749 26497173
1601834827, 11, 919, 924, 311, 1, 2.67%, 4, 0, 18, 470.63 1749 26515522
1601834832, 11, 919, 925, 312, 1, 2.67%, 4, 0, 18, 682.36 1749 26519237
1601834852, 12, 50, 925, 311, 0, 2.67%, 4, 0, 18, 732.69 1749 26534335
1601834857, 12, 67, 925, 310, 0, 2.67%, 4, 0, 18, 721.00 1749 26537954
1601834863, 12, 104, 925, 310, 0, 2.67%, 4, 0, 18, 733.20 1749 26541780
1601834868, 12, 141, 925, 310, 0, 2.67%, 4, 0, 18, 741.57 1749 26545495
1601834873, 12, 176, 925, 309, 0, 2.67%, 4, 0, 18, 737.10 1749 26549325
1601834878, 12, 225, 925, 309, 0, 2.67%, 4, 0, 18, 736.09 1749 26553025
1601834883, 12, 240, 925, 308, 0, 2.67%, 4, 0, 18, 731.74 1749 26556699
1601834888, 12, 266, 925, 307, 0, 2.67%, 4, 0, 18, 733.09 1749 26560394
1601834898, 12, 275, 925, 306, 0, 2.67%, 4, 0, 18, 735.37 1749 26567801
1601834903, 12, 290, 925, 306, 0, 2.67%, 4, 0, 18, 735.91 1749 26571493
1601834908, 12, 319, 925, 306, 0, 2.67%, 4, 0, 18, 738.64 1749 26575221
1601834913, 12, 348, 925, 306, 0, 2.67%, 4, 0, 18, 743.15 1749 26578949
1601834918, 12, 379, 925, 306, 0, 2.67%, 4, 0, 18, 739.87 1749 26582661
1601834923, 12, 400, 925, 306, 0, 2.67%, 4, 0, 18, 741.75 1749 26586519
1601834929, 12, 401, 925, 306, 0, 2.67%, 4, 0, 18, 742.05 1749 26590377
1601834934, 12, 414, 925, 305, 0, 2.67%, 4, 0, 18, 740.28 1749 26594090
1601834939, 12, 443, 925, 305, 0, 2.67%, 4, 0, 18, 739.41 1749 26597810
1601834944, 12, 450, 926, 306, 0, 2.67%, 4, 0, 18, 737.56 1749 26601636
1601834949, 12, 450, 927, 307, 0, 2.67%, 4, 0, 18, 735.07 1749 26605312
1601834954, 12, 451, 927, 306, 0, 2.67%, 4, 0, 18, 738.02 1749 26609150
1601834959, 12, 477, 927, 306, 0, 2.67%, 4, 0, 18, 732.69 1749 26612862
1601834964, 12, 482, 927, 306, 0, 2.67%, 4, 0, 18, 705.70 1749 26616383
1601834984, 12, 485, 927, 305, 0, 2.67%, 4, 0, 18, 728.38 1749 26630852
1601834989, 12, 522, 927, 305, 0, 2.67%, 4, 0, 18, 732.44 1749 26634539
1601835020, 12, 524, 927, 304, 0, 2.67%, 4, 0, 18, 722.06 1749 26656411
1601835050, 12, 527, 927, 303, 0, 2.67%, 4, 0, 18, 715.49 1749 26678379
1601835081, 12, 532, 927, 302, 0, 2.67%, 4, 0, 18, 697.06 1749 26699997
1601835116, 12, 541, 927, 301, 0, 2.67%, 4, 0, 18, 707.08 1749 26724862
1601835412, 12, 543, 927, 300, 0, 2.67%, 4, 0, 18, 686.06 1749 26937724
1601835667, 12, 544, 927, 299, 0, 2.67%, 4, 0, 18, 679.86 1749 27108357
1601835693, 12, 547, 927, 298, 0, 2.67%, 4, 0, 18, 679.95 1749 27125805
1601835728, 12, 549, 927, 297, 0, 2.67%, 4, 0, 18, 713.01 1749 27150186
1601835764, 12, 549, 929, 299, 0, 2.67%, 4, 0, 18, 729.72 1749 27175870
1601835784, 12, 555, 929, 298, 0, 2.67%, 4, 0, 18, 731.04 1749 27190679
1601835794, 12, 562, 929, 297, 0, 2.67%, 4, 0, 18, 709.94 1749 27198050
1601835835, 12, 563, 929, 296, 0, 2.67%, 4, 0, 18, 689.12 1749 27227093
1601835881, 12, 563, 930, 297, 0, 2.67%, 4, 0, 18, 711.10 1749 27259812
1601835901, 12, 570, 930, 296, 0, 2.67%, 4, 0, 18, 731.09 1749 27274566
1601835932, 12, 575, 930, 295, 0, 2.67%, 4, 0, 18, 718.48 1749 27296900
1601835968, 12, 575, 931, 296, 0, 2.67%, 4, 0, 18, 727.32 1749 27322921
1601835998, 12, 587, 931, 295, 0, 2.67%, 4, 0, 18, 727.89 1749 27345089
1601836003, 12, 590, 931, 295, 0, 2.67%, 4, 0, 18, 721.69 1749 27348757
1601836019, 12, 590, 932, 296, 0, 2.67%, 4, 0, 18, 732.33 1749 27359837
1601836039, 12, 593, 932, 295, 0, 2.67%, 4, 0, 18, 737.72 1749 27374625
1601836044, 12, 598, 932, 295, 0, 2.67%, 4, 0, 18, 710.67 1749 27378120
1601836069, 12, 607, 932, 294, 0, 2.67%, 4, 0, 18, 713.40 1749 27396500
1601836095, 12, 607, 933, 295, 0, 2.67%, 4, 0, 18, 729.79 1749 27414875
1601836120, 12, 610, 933, 294, 0, 2.67%, 4, 0, 18, 705.31 1749 27433296
1601836150, 12, 610, 934, 295, 0, 2.67%, 4, 0, 18, 730.86 1749 27454843
1601836175, 12, 610, 935, 296, 0, 2.67%, 4, 0, 18, 733.33 1749 27473317
1601836185, 12, 621, 935, 295, 0, 2.67%, 4, 0, 18, 730.11 1749 27480697
1601836256, 12, 626, 935, 294, 0, 2.67%, 4, 0, 18, 678.65 1749 27532650
1601836297, 12, 632, 935, 293, 0, 2.67%, 4, 0, 18, 714.65 1749 27560837
1601836353, 12, 632, 936, 294, 0, 2.67%, 4, 0, 18, 722.14 1749 27599900
1601836389, 12, 635, 936, 293, 0, 2.67%, 4, 0, 18, 710.04 1749 27625774
1601836409, 12, 636, 936, 292, 0, 2.67%, 4, 0, 18, 707.03 1749 27640432
1601836439, 12, 639, 936, 291, 0, 2.67%, 4, 0, 18, 702.64 1749 27661846
1601836445, 12, 644, 936, 291, 0, 2.67%, 4, 0, 18, 731.89 1749 27665653
1601836460, 12, 645, 936, 290, 0, 2.67%, 4, 0, 18, 728.41 1749 27677031
1601836465, 12, 646, 936, 290, 0, 2.67%, 4, 0, 18, 703.34 1749 27680654
1601836491, 12, 649, 936, 289, 0, 2.67%, 4, 0, 18, 716.64 1749 27698796
1601836516, 12, 650, 936, 288, 0, 2.67%, 4, 0, 18, 717.39 1749 27717093
1601836541, 12, 652, 936, 287, 0, 2.67%, 4, 0, 18, 732.06 1749 27735421
1601836546, 12, 656, 936, 287, 0, 2.67%, 4, 0, 18, 690.86 1749 27738884
1601836572, 12, 661, 936, 286, 0, 2.67%, 4, 0, 18, 706.80 1749 27757174
1601836597, 12, 665, 936, 285, 0, 2.67%, 4, 0, 18, 711.62 1749 27775496
1601836633, 12, 675, 936, 284, 0, 2.67%, 4, 0, 18, 727.13 1749 27800474
1601836638, 12, 675, 937, 285, 0, 2.67%, 4, 0, 18, 740.12 1749 27804339
1601836643, 12, 675, 938, 286, 0, 2.67%, 4, 0, 18, 744.09 1749 27808183
1601836648, 12, 675, 939, 287, 0, 2.67%, 4, 0, 18, 744.76 1749 27812027
1601836664, 12, 676, 939, 286, 0, 2.67%, 4, 0, 18, 726.91 1749 27823475
1601836689, 12, 681, 939, 285, 0, 2.67%, 4, 0, 18, 687.25 1749 27842108
1601836817, 12, 681, 940, 286, 0, 2.67%, 4, 0, 18, 724.33 1749 27930777
1601836843, 12, 682, 940, 285, 0, 2.67%, 4, 0, 18, 705.33 1749 27948982
1601836924, 12, 683, 940, 284, 0, 2.67%, 4, 0, 18, 660.11 1749 28006579
1601837047, 12, 690, 940, 283, 0, 2.67%, 4, 0, 18, 710.31 1749 28091102
1601837077, 12, 690, 941, 284, 0, 2.67%, 4, 0, 18, 709.21 1749 28112260
1601837098, 12, 690, 942, 285, 0, 2.67%, 4, 0, 18, 716.39 1749 28126968
1601837108, 12, 702, 942, 284, 0, 2.67%, 4, 0, 18, 698.49 1749 28134215
1601837175, 12, 711, 942, 283, 0, 2.67%, 4, 0, 18, 697.39 1749 28178813
1601837261, 12, 711, 943, 284, 0, 2.67%, 4, 0, 18, 713.86 1749 28239557
1601837292, 12, 714, 943, 283, 0, 2.67%, 4, 0, 18, 725.36 1749 28261764
1601837378, 12, 721, 943, 282, 0, 2.67%, 4, 0, 18, 711.48 1749 28323143
1601837429, 12, 722, 943, 281, 0, 2.67%, 4, 0, 18, 658.51 1749 28357879
1601837501, 12, 726, 944, 281, 0, 2.67%, 4, 0, 18, 698.26 1749 28405520
1601837506, 12, 726, 945, 282, 0, 2.67%, 4, 0, 18, 714.28 1749 28409078
1601837516, 12, 726, 946, 283, 0, 2.67%, 4, 0, 18, 728.74 1749 28416310
1601837552, 12, 729, 946, 282, 0, 2.67%, 4, 0, 18, 676.11 1749 28441657
1601837699, 12, 737, 946, 281, 0, 2.67%, 4, 0, 18, 666.55 1749 28542506
1601837755, 12, 737, 947, 282, 0, 2.67%, 4, 0, 18, 694.15 1749 28579571
1601837792, 12, 749, 947, 281, 0, 2.67%, 5, 0, 18, 672.48 1749 28604537
1601837822, 12, 750, 947, 280, 0, 2.67%, 5, 0, 18, 680.72 1749 28625499
1601837843, 12, 750, 948, 281, 0, 2.67%, 5, 0, 18, 702.17 1749 28639322
1601837863, 12, 757, 948, 280, 0, 2.67%, 5, 0, 18, 697.62 1749 28653899
1601837879, 12, 765, 948, 279, 0, 2.67%, 5, 0, 18, 721.40 1749 28664962
1601837884, 12, 767, 948, 279, 0, 2.67%, 5, 0, 18, 724.20 1749 28668650
1601837889, 12, 773, 948, 279, 0, 2.67%, 5, 0, 18, 724.50 1749 28672332
1601837899, 12, 776, 948, 279, 0, 2.67%, 5, 0, 18, 678.33 1749 28679408
1601837930, 12, 778, 948, 278, 0, 2.67%, 5, 0, 18, 695.89 1749 28700471
1601837950, 12, 778, 949, 279, 0, 2.67%, 5, 0, 18, 692.14 1749 28714069
1601837965, 12, 778, 950, 280, 0, 2.67%, 5, 0, 18, 708.89 1749 28724888
1601837981, 12, 780, 950, 279, 0, 2.67%, 5, 0, 18, 711.09 1749 28735763
1601838011, 12, 784, 950, 278, 0, 2.67%, 5, 0, 18, 700.13 1749 28757030
1601838047, 12, 787, 950, 277, 0, 2.67%, 5, 0, 18, 685.58 1749 28781409
1601838083, 12, 793, 950, 276, 0, 2.67%, 5, 0, 18, 713.34 1749 28806465
1601838088, 12, 794, 950, 276, 0, 2.67%, 5, 0, 18, 688.86 1749 28809984
1601838109, 12, 794, 951, 277, 0, 2.67%, 5, 0, 18, 711.45 1749 28824027
1601838134, 12, 800, 951, 276, 0, 2.67%, 5, 0, 18, 681.65 1749 28842021
1601838261, 12, 808, 951, 275, 0, 2.67%, 5, 0, 18, 680.77 1749 28922359
1601838267, 12, 809, 951, 275, 0, 2.67%, 5, 0, 18, 651.15 1749 28925685
1601838466, 12, 817, 951, 274, 0, 2.67%, 5, 0, 18, 660.28 1749 29047983
1601838502, 12, 820, 951, 273, 0, 2.67%, 5, 0, 18, 699.51 1749 29072216
1601838666, 12, 824, 951, 272, 0, 2.67%, 5, 0, 18, 669.23 1749 29172881
1601838885, 12, 825, 951, 271, 0, 2.67%, 5, 0, 18, 649.46 1749 29305708
1601839044, 12, 849, 951, 270, 0, 2.67%, 5, 0, 18, 622.46 1749 29403002
1601839136, 12, 849, 952, 271, 0, 2.67%, 5, 0, 18, 567.23 1749 29455863
1601839386, 12, 853, 952, 270, 0, 2.67%, 5, 0, 18, 602.27 1749 29603612
1601839811, 12, 855, 952, 269, 0, 2.67%, 5, 0, 18, 598.75 1749 29845860
1601840262, 12, 859, 952, 268, 0, 2.67%, 5, 0, 18, 584.35 1749 30102077
1601840728, 12, 860, 952, 267, 0, 2.67%, 5, 0, 18, 591.15 1749 30366470
1601841199, 12, 862, 952, 266, 0, 2.67%, 5, 0, 18, 603.34 1749 30633002
1601841815, 12, 864, 952, 265, 0, 2.67%, 5, 0, 18, 559.07 1749 30976587
1601842783, 12, 869, 952, 264, 0, 2.67%, 5, 0, 18, 530.20 1749 31480390
1601844332, 12, 873, 952, 263, 0, 2.67%, 5, 0, 18, 531.23 1749 32220658
1601845578, 12, 876, 952, 262, 0, 2.67%, 5, 0, 18, 533.77 1749 32845952
1601846718, 12, 877, 952, 261, 0, 2.67%, 5, 0, 18, 485.88 1749 33420357
1601848710, 12, 878, 952, 260, 0, 2.67%, 5, 0, 18, 485.45 1749 34332388
1601850865, 12, 883, 952, 259, 0, 2.67%, 5, 0, 18, 481.04 1749 35302277
1601852959, 12, 888, 952, 258, 0, 2.67%, 5, 0, 18, 495.97 1749 36250195
1601854508, 12, 897, 952, 257, 0, 2.67%, 5, 0, 18, 363.89 1749 36987734
1601862262, 12, 912, 952, 256, 0, 2.67%, 5, 0, 18, 420.77 1749 39512540
