# unix_time, cycles_done, cur_path, paths_total, pending_total, pending_favs, map_size, unique_crashes, unique_hangs, max_depth, execs_per_sec, edge_coverage, total_execs
1602786909, 0, 0, 1, 1, 1, 2.11%, 0, 0, 1, 400.00, 1381, 8
1602786914, 0, 0, 124, 124, 1, 2.43%, 0, 0, 2, 835.46, 1592, 4951
1602786919, 0, 0, 167, 167, 1, 2.47%, 0, 0, 2, 1133.47, 1618, 11163
1602786924, 0, 0, 174, 174, 1, 2.47%, 0, 0, 2, 914.77, 1618, 15589
1602786929, 0, 0, 179, 179, 1, 2.47%, 0, 0, 2, 762.63, 1618, 19328
1602786934, 0, 0, 263, 263, 1, 2.66%, 0, 0, 2, 703.85, 1743, 22841
1602786939, 0, 0, 275, 275, 1, 2.71%, 0, 0, 2, 747.98, 1773, 26109
1602786944, 0, 0, 278, 278, 1, 2.71%, 0, 0, 2, 1270.10, 1773, 33539
1602786960, 0, 0, 298, 298, 1, 2.75%, 0, 0, 2, 614.56, 1800, 45635
1602786965, 0, 0, 308, 308, 1, 2.76%, 0, 0, 2, 1369.63, 1806, 52996
1602786975, 0, 0, 309, 309, 1, 2.76%, 0, 0, 2, 866.34, 1806, 62735
1602786980, 0, 0, 315, 315, 1, 2.76%, 0, 0, 2, 646.14, 1806, 65948
1602786985, 0, 0, 320, 320, 1, 2.76%, 0, 0, 2, 955.91, 1807, 70976
1602786990, 0, 0, 323, 323, 1, 2.76%, 0, 0, 2, 891.66, 1808, 75555
1602786995, 0, 0, 337, 337, 1, 2.76%, 0, 0, 2, 530.39, 1808, 77876
1602787000, 0, 0, 343, 343, 1, 2.76%, 0, 0, 2, 608.00, 1809, 81479
1602787006, 0, 0, 348, 348, 1, 2.76%, 0, 0, 2, 1462.50, 1809, 89475
1602787011, 0, 0, 353, 353, 1, 2.76%, 0, 0, 2, 1688.21, 1809, 98056
1602787016, 0, 0, 356, 356, 1, 2.76%, 0, 0, 2, 1439.29, 1809, 105303
1602787021, 0, 0, 357, 357, 1, 2.76%, 0, 0, 2, 1578.01, 1809, 112805
1602787057, 0, 0, 358, 358, 1, 2.76%, 0, 0, 2, 976.62, 1809, 157750
1602787072, 0, 0, 359, 359, 1, 2.76%, 0, 0, 2, 859.31, 1809, 171904
1602787113, 0, 0, 360, 360, 1, 2.76%, 0, 0, 2, 667.13, 1809, 202163
1602787118, 0, 0, 364, 364, 1, 2.76%, 0, 0, 2, 671.65, 1809, 206030
1602787205, 0, 0, 365, 365, 1, 2.76%, 0, 0, 2, 478.32, 1809, 262936
1602787216, 0, 0, 366, 366, 1, 2.76%, 0, 0, 2, 559.11, 1811, 270901
1602787236, 0, 0, 367, 367, 1, 2.76%, 0, 0, 2, 1348.84, 1811, 284504
1602787246, 0, 0, 372, 372, 1, 2.76%, 0, 0, 2, 779.18, 1811, 293260
1602787251, 0, 0, 375, 375, 1, 2.76%, 0, 0, 2, 891.75, 1811, 297976
1602787256, 0, 0, 377, 377, 1, 2.77%, 0, 0, 2, 1503.04, 1813, 306678
1602787302, 0, 0, 385, 385, 1, 2.77%, 0, 0, 2, 737.29, 1813, 356176
1602787318, 0, 0, 386, 386, 1, 2.77%, 0, 0, 2, 1545.41, 1813, 371943
1602787394, 0, 0, 393, 393, 1, 2.77%, 0, 0, 2, 732.74, 1816, 460321
1602787404, 0, 0, 394, 394, 1, 2.77%, 0, 0, 2, 518.42, 1816, 466019
1602787410, 0, 0, 397, 397, 1, 2.78%, 0, 0, 2, 1008.33, 1825, 470623
1602787415, 0, 0, 398, 398, 1, 2.78%, 0, 0, 2, 1588.31, 1825, 478928
1602787476, 0, 0, 403, 403, 1, 2.79%, 0, 0, 2, 1018.22, 1830, 552066
1602787481, 0, 0, 414, 414, 1, 2.82%, 0, 0, 2, 736.90, 1847, 555368
1602787486, 0, 0, 418, 418, 1, 2.82%, 0, 0, 2, 603.34, 1847, 558412
1602787496, 0, 0, 428, 428, 1, 2.83%, 0, 0, 2, 1011.29, 1855, 564965
1602787501, 0, 0, 437, 437, 1, 2.84%, 0, 0, 2, 2034.71, 1860, 576885
1602787506, 0, 0, 441, 441, 1, 2.84%, 0, 0, 2, 2235.29, 1860, 588261
1602787511, 0, 17, 443, 442, 87, 2.84%, 0, 0, 2, 2465.42, 1860, 600689
1602787532, 0, 27, 443, 441, 86, 2.84%, 0, 0, 2, 2751.16, 1860, 656584
1602787557, 0, 28, 444, 441, 85, 2.84%, 0, 0, 3, 2739.54, 1860, 726140
1602787577, 0, 34, 444, 440, 84, 2.84%, 0, 0, 3, 2720.93, 1860, 780585
1602787608, 0, 34, 446, 442, 84, 2.84%, 0, 0, 3, 2667.19, 1863, 860869
1602787613, 0, 40, 446, 441, 83, 2.84%, 0, 0, 3, 2664.76, 1863, 874442
1602787644, 0, 43, 446, 440, 82, 2.84%, 0, 0, 3, 2660.87, 1863, 956615
1602787674, 0, 68, 447, 440, 81, 2.84%, 0, 0, 3, 2606.56, 1863, 1036700
1602787705, 0, 69, 447, 439, 80, 2.84%, 0, 0, 3, 2678.55, 1863, 1118413
1602787710, 0, 69, 448, 440, 80, 2.85%, 0, 0, 3, 2657.79, 1865, 1131724
1602787735, 0, 70, 448, 439, 80, 2.85%, 0, 0, 3, 2702.35, 1865, 1199723
1602787766, 0, 70, 449, 440, 80, 2.86%, 0, 0, 3, 2680.00, 1877, 1280951
1602787771, 0, 76, 450, 440, 80, 2.87%, 0, 0, 3, 2630.39, 1881, 1294253
1602787807, 0, 124, 450, 439, 79, 2.87%, 0, 0, 3, 2590.30, 1881, 1387608
1602787842, 0, 133, 450, 438, 79, 2.87%, 0, 0, 3, 2509.52, 1881, 1478881
1602787848, 0, 133, 451, 439, 79, 2.87%, 0, 0, 3, 2552.33, 1881, 1491972
1602787883, 0, 140, 451, 438, 78, 2.87%, 0, 0, 3, 2503.44, 1881, 1582591
1602787929, 0, 142, 451, 437, 78, 2.87%, 0, 0, 3, 2224.46, 1881, 1696999
1602788052, 0, 142, 452, 438, 78, 2.87%, 0, 0, 3, 2129.82, 1881, 1966967
1602788057, 0, 153, 453, 438, 79, 2.87%, 0, 0, 3, 2411.08, 1882, 1979586
1602788108, 0, 161, 454, 438, 78, 2.87%, 0, 0, 3, 2310.15, 1882, 2100650
1602788205, 0, 167, 454, 437, 77, 2.87%, 0, 0, 3, 1657.78, 1882, 2321229
1602788220, 0, 167, 455, 438, 77, 2.87%, 0, 0, 3, 771.51, 1882, 2335910
1602788787, 0, 181, 455, 437, 77, 2.87%, 0, 0, 3, 883.18, 1882, 2882700
1602788797, 0, 181, 456, 438, 77, 2.87%, 0, 0, 3, 2105.53, 1882, 2904753
1602788807, 0, 181, 457, 439, 77, 2.88%, 0, 0, 3, 2204.24, 1887, 2926732
1602788889, 0, 198, 460, 441, 76, 2.88%, 0, 0, 3, 3569.43, 1887, 3169555
1602788894, 0, 198, 461, 442, 76, 2.88%, 0, 0, 3, 3475.91, 1887, 3187261
1602788940, 0, 198, 462, 443, 76, 2.88%, 0, 0, 3, 3731.58, 1887, 3351677
1602788965, 0, 202, 464, 444, 75, 2.88%, 0, 0, 3, 543.24, 1887, 3440968
1602789016, 0, 202, 465, 445, 75, 2.88%, 0, 0, 3, 983.38, 1887, 3517831
1602789317, 0, 203, 466, 445, 74, 2.88%, 0, 0, 3, 1637.11, 1887, 4009396
1602789755, 0, 215, 466, 444, 73, 2.88%, 0, 0, 3, 784.25, 1887, 4571303
1602789776, 0, 215, 467, 445, 73, 2.88%, 0, 0, 3, 670.73, 1887, 4590711
1602789781, 0, 215, 468, 446, 73, 2.88%, 0, 0, 3, 945.50, 1887, 4594920
1602789801, 0, 215, 469, 447, 73, 2.88%, 0, 0, 3, 599.60, 1887, 4612771
1602789822, 0, 215, 470, 448, 73, 2.88%, 0, 0, 3, 655.75, 1887, 4632759
1602790092, 0, 215, 471, 449, 73, 2.88%, 0, 0, 3, 719.91, 1887, 4862324
1602790148, 0, 215, 472, 450, 73, 2.88%, 0, 0, 3, 662.14, 1887, 4924461
1602790327, 0, 215, 474, 452, 73, 2.88%, 0, 0, 3, 768.87, 1887, 5125581
1602790347, 0, 218, 474, 451, 73, 2.88%, 0, 0, 3, 1709.61, 1887, 5142903
1602790474, 0, 220, 474, 450, 72, 2.88%, 0, 0, 3, 2233.84, 1887, 5420797
1602790602, 0, 234, 474, 449, 71, 2.88%, 0, 0, 3, 2156.04, 1887, 5704291
1602790735, 0, 235, 474, 448, 70, 2.88%, 0, 0, 3, 2179.15, 1887, 5994684
1602790863, 0, 236, 475, 448, 69, 2.89%, 0, 0, 3, 2215.28, 1893, 6273897
1602790990, 0, 238, 475, 447, 69, 2.89%, 0, 0, 3, 2185.47, 1893, 6556920
1602790995, 0, 238, 481, 453, 69, 2.89%, 0, 0, 3, 1063.47, 1897, 6562366
1602791016, 0, 238, 482, 454, 69, 2.89%, 0, 0, 3, 566.55, 1897, 6579024
1602791036, 0, 238, 483, 455, 69, 2.89%, 0, 0, 3, 664.94, 1897, 6598541
1602791041, 0, 238, 484, 456, 69, 2.90%, 0, 0, 3, 1009.56, 1899, 6602942
1602791057, 0, 238, 485, 457, 69, 2.90%, 0, 0, 3, 761.84, 1899, 6618131
1602791077, 0, 238, 487, 459, 69, 2.90%, 0, 0, 3, 769.93, 1899, 6634188
1602791327, 0, 238, 488, 460, 69, 2.90%, 0, 0, 3, 739.30, 1899, 6847520
1602791383, 0, 238, 489, 461, 69, 2.90%, 0, 0, 3, 685.16, 1899, 6909797
1602791566, 0, 238, 491, 463, 69, 2.90%, 0, 0, 3, 723.10, 1899, 7113672
1602791581, 0, 245, 491, 462, 69, 2.90%, 0, 0, 3, 924.27, 1899, 7122604
1602791714, 0, 246, 492, 462, 67, 2.90%, 0, 0, 3, 2254.12, 1899, 7410721
1602791846, 0, 250, 492, 461, 66, 2.90%, 0, 0, 3, 1612.04, 1899, 7695961
1602792432, 0, 251, 492, 460, 65, 2.90%, 0, 0, 3, 1161.08, 1899, 8263768
1602792447, 0, 251, 497, 465, 65, 2.90%, 0, 0, 3, 700.27, 1899, 8277651
1602792473, 0, 251, 498, 466, 65, 2.90%, 0, 0, 3, 629.60, 1899, 8299903
1602793017, 0, 267, 498, 465, 65, 2.90%, 0, 0, 3, 1683.64, 1899, 8828431
1602793043, 0, 269, 498, 464, 64, 2.90%, 0, 0, 3, 2710.19, 1899, 8896129
1602793063, 0, 271, 498, 463, 63, 2.90%, 0, 0, 3, 2475.01, 1899, 8951395
1602793094, 0, 271, 499, 464, 63, 2.90%, 0, 0, 3, 2300.69, 1902, 9017378
1602793190, 0, 272, 499, 463, 63, 2.90%, 0, 0, 3, 2364.35, 1902, 9232922
1602793226, 0, 275, 499, 462, 62, 2.90%, 0, 0, 3, 2506.46, 1902, 9327127
1602793262, 0, 278, 499, 461, 61, 2.90%, 0, 0, 3, 2418.85, 1902, 9418319
1602793349, 0, 278, 500, 462, 61, 2.90%, 0, 0, 3, 2360.88, 1902, 9609073
1602793389, 0, 281, 500, 461, 61, 2.90%, 0, 0, 3, 2185.51, 1902, 9699956
1602793461, 0, 281, 501, 462, 61, 2.90%, 0, 0, 3, 2320.62, 1902, 9856668
1602793477, 0, 281, 502, 463, 61, 2.90%, 0, 0, 3, 2304.41, 1902, 9891212
1602793518, 0, 282, 502, 462, 61, 2.90%, 0, 0, 3, 353.99, 1902, 9979050
1602794109, 0, 285, 503, 462, 60, 2.90%, 0, 0, 3, 1162.36, 1903, 10547719
1602794124, 0, 285, 504, 463, 60, 2.91%, 0, 0, 3, 751.53, 1905, 10562060
1602794129, 0, 285, 505, 464, 60, 2.91%, 0, 0, 3, 582.37, 1905, 10564887
1602794150, 0, 285, 506, 465, 60, 2.91%, 0, 0, 3, 720.53, 1905, 10584353
1602794175, 0, 285, 507, 466, 60, 2.91%, 0, 0, 3, 807.93, 1905, 10607707
1602794436, 0, 285, 508, 467, 60, 2.91%, 0, 0, 3, 826.75, 1905, 10832200
1602794492, 0, 285, 509, 468, 60, 2.91%, 0, 0, 3, 746.00, 1905, 10895240
1602794670, 0, 285, 510, 469, 60, 2.91%, 0, 0, 3, 894.18, 1905, 11096761
1602794675, 0, 285, 511, 470, 60, 2.91%, 0, 0, 3, 726.10, 1905, 11100225
1602794690, 0, 286, 511, 469, 62, 2.91%, 0, 0, 3, 1283.12, 1905, 11111043
1602794818, 0, 287, 512, 469, 61, 2.91%, 0, 0, 3, 2188.22, 1905, 11393259
1602794946, 0, 290, 512, 468, 60, 2.91%, 0, 0, 3, 2227.36, 1905, 11676886
1602795079, 0, 291, 516, 471, 59, 2.91%, 0, 0, 3, 2094.48, 1905, 11967236
1602795084, 0, 291, 517, 472, 59, 2.91%, 0, 0, 3, 2095.10, 1905, 11977759
1602795207, 0, 293, 517, 471, 58, 2.91%, 0, 0, 3, 2175.12, 1905, 12249767
1602795335, 0, 302, 517, 470, 57, 2.91%, 0, 0, 3, 2217.32, 1905, 12534203
1602795365, 0, 302, 518, 471, 57, 2.91%, 0, 0, 3, 2339.24, 1906, 12602325
1602795457, 0, 307, 518, 470, 57, 2.91%, 0, 0, 3, 2418.61, 1906, 12808338
1602795483, 0, 307, 519, 471, 57, 2.91%, 0, 0, 3, 2592.65, 1908, 12873706
1602795498, 0, 315, 522, 473, 57, 2.91%, 0, 0, 3, 468.90, 1908, 12909951
1602795518, 0, 315, 523, 474, 57, 2.91%, 0, 0, 3, 786.75, 1908, 12931018
1602795539, 0, 315, 524, 475, 57, 2.91%, 0, 0, 3, 871.52, 1908, 12952482
1602795768, 0, 315, 525, 476, 57, 2.91%, 0, 0, 3, 642.38, 1908, 13183056
1602795784, 0, 315, 526, 477, 57, 2.91%, 0, 0, 3, 944.85, 1908, 13200730
1602795835, 0, 315, 527, 478, 57, 2.91%, 0, 0, 3, 775.90, 1908, 13262227
1602795931, 0, 315, 528, 479, 57, 2.91%, 0, 0, 3, 961.33, 1908, 13377127
1602795998, 0, 315, 529, 480, 57, 2.91%, 0, 0, 3, 1129.46, 1908, 13463988
1602796003, 0, 315, 530, 481, 57, 2.91%, 0, 0, 3, 791.24, 1908, 13467635
1602796018, 0, 322, 530, 480, 57, 2.91%, 0, 0, 3, 2182.37, 1908, 13486684
1602796203, 0, 324, 530, 479, 56, 2.91%, 0, 0, 3, 2732.55, 1908, 13983330
1602796223, 0, 340, 530, 478, 55, 2.91%, 0, 0, 3, 2636.31, 1908, 14038549
1602796299, 0, 341, 531, 478, 53, 2.91%, 0, 0, 3, 2359.06, 1908, 14220977
1602796431, 0, 343, 531, 477, 52, 2.91%, 0, 0, 3, 2483.41, 1908, 14515580
1602796467, 0, 347, 531, 476, 51, 2.91%, 0, 0, 3, 2349.67, 1908, 14606138
1602796624, 0, 354, 531, 475, 50, 2.91%, 0, 0, 3, 2343.23, 1908, 14928306
1602796675, 0, 356, 531, 474, 49, 2.91%, 0, 0, 3, 1817.34, 1908, 15048867
1602796859, 0, 360, 531, 473, 48, 2.91%, 0, 0, 3, 2093.75, 1908, 15379977
1602796991, 0, 365, 533, 474, 47, 2.91%, 0, 0, 3, 1557.58, 1908, 15668612
1602797011, 0, 365, 534, 475, 47, 2.91%, 0, 0, 3, 584.58, 1910, 15687006
1602797318, 0, 365, 535, 476, 47, 2.91%, 0, 0, 3, 808.23, 1910, 15955074
1602797374, 0, 365, 536, 477, 47, 2.91%, 0, 0, 3, 733.15, 1910, 16018039
1602797562, 0, 365, 538, 479, 47, 2.91%, 0, 0, 3, 828.74, 1910, 16231868
1602797587, 0, 376, 538, 478, 48, 2.91%, 0, 0, 3, 1998.67, 1910, 16255171
1602797638, 0, 385, 538, 477, 47, 2.91%, 0, 0, 3, 2064.78, 1910, 16375746
1602797754, 0, 385, 539, 478, 47, 2.91%, 0, 0, 3, 2195.33, 1910, 16613046
1602797779, 0, 388, 539, 477, 47, 2.91%, 0, 0, 3, 2175.75, 1910, 16667620
1602797790, 0, 388, 541, 479, 47, 2.91%, 0, 0, 3, 2079.49, 1910, 16689224
1602797887, 0, 388, 543, 481, 47, 2.91%, 0, 0, 3, 2233.69, 1910, 16901703
1602797912, 0, 390, 543, 480, 46, 2.91%, 0, 0, 3, 1593.52, 1910, 16953742
1602798239, 0, 390, 544, 481, 46, 2.91%, 0, 0, 3, 772.83, 1910, 17239044
1602798484, 0, 390, 545, 482, 46, 2.91%, 0, 0, 3, 801.80, 1910, 17516097
1602798504, 0, 398, 545, 481, 46, 2.91%, 0, 0, 3, 1276.51, 1910, 17529882
1602798631, 0, 399, 545, 480, 45, 2.91%, 0, 0, 3, 2211.11, 1910, 17815292
1602798758, 0, 402, 545, 479, 44, 2.91%, 0, 0, 3, 2073.25, 1910, 18098343
1602798886, 0, 402, 547, 481, 44, 2.91%, 0, 0, 3, 2208.39, 1910, 18378181
1602798891, 0, 403, 547, 480, 43, 2.91%, 0, 0, 3, 1632.22, 1910, 18385697
1602799329, 0, 404, 550, 482, 43, 2.91%, 0, 0, 3, 1709.77, 1910, 18904575
1602799746, 0, 404, 552, 484, 43, 2.91%, 0, 0, 3, 1154.04, 1910, 19361587
1602799843, 0, 406, 552, 483, 42, 2.91%, 0, 0, 3, 1379.82, 1910, 19479377
1602800042, 0, 406, 553, 484, 42, 2.91%, 0, 0, 3, 884.17, 1910, 19699081
1602800280, 0, 420, 553, 483, 41, 2.91%, 0, 0, 3, 1998.78, 1910, 19999058
1602800306, 0, 421, 553, 482, 40, 2.91%, 0, 0, 3, 2733.39, 1910, 20067581
1602800331, 0, 423, 553, 481, 39, 2.91%, 0, 0, 3, 2784.61, 1910, 20139438
1602800342, 0, 423, 554, 482, 39, 2.91%, 0, 0, 3, 2759.50, 1910, 20167741
1602800357, 0, 426, 554, 481, 39, 2.91%, 0, 0, 3, 2697.54, 1910, 20208668
1602800388, 0, 431, 554, 480, 38, 2.91%, 0, 0, 3, 2695.33, 1910, 20291169
1602800413, 0, 434, 554, 479, 38, 2.91%, 0, 0, 3, 563.87, 1910, 20354978
1602800433, 0, 434, 556, 481, 38, 2.91%, 0, 0, 3, 615.50, 1910, 20374102
1602800438, 0, 434, 557, 482, 38, 2.91%, 0, 0, 3, 1080.04, 1910, 20379429
1602800459, 0, 434, 558, 483, 38, 2.94%, 0, 0, 3, 620.49, 1927, 20396401
1602800887, 0, 434, 571, 496, 38, 3.14%, 0, 0, 3, 617.17, 2058, 20811910
1602800892, 0, 434, 572, 497, 38, 3.14%, 0, 0, 3, 559.24, 2058, 20814490
1602801009, 0, 436, 572, 496, 40, 3.14%, 0, 0, 3, 1330.22, 2058, 20943166
1602801040, 0, 436, 573, 497, 40, 3.14%, 0, 0, 3, 2704.19, 2058, 21025041
1602801045, 0, 443, 574, 497, 40, 3.14%, 0, 0, 3, 2673.43, 2058, 21038771
1602801071, 0, 445, 574, 496, 39, 3.14%, 0, 0, 3, 2680.55, 2058, 21106643
1602801096, 0, 445, 576, 498, 39, 3.14%, 0, 0, 4, 2714.18, 2058, 21174726
1602801102, 0, 447, 577, 498, 39, 3.14%, 0, 0, 4, 2694.74, 2060, 21188686
1602801137, 0, 448, 579, 499, 38, 3.15%, 0, 0, 4, 2598.31, 2062, 21282294
1602801163, 0, 448, 580, 500, 38, 3.15%, 0, 0, 4, 2655.60, 2062, 21349167
1602801168, 0, 449, 580, 499, 38, 3.15%, 0, 0, 4, 2563.05, 2062, 21362287
1602801204, 0, 451, 581, 499, 37, 3.15%, 0, 0, 4, 2561.94, 2062, 21456233
1602801331, 0, 454, 581, 498, 36, 3.15%, 0, 0, 4, 2142.70, 2062, 21739870
1602801336, 0, 454, 582, 499, 36, 3.15%, 0, 0, 4, 1499.73, 2062, 21746122
1602801939, 0, 457, 582, 498, 36, 3.15%, 0, 0, 4, 2311.61, 2062, 22333694
1602801949, 0, 457, 584, 500, 36, 3.15%, 0, 0, 4, 2191.10, 2062, 22355856
1602802071, 0, 458, 588, 503, 35, 3.15%, 0, 0, 4, 2238.57, 2062, 22627348
1602802209, 0, 459, 588, 502, 34, 3.15%, 0, 0, 4, 2196.97, 2062, 22930103
1602802219, 0, 459, 589, 503, 34, 3.15%, 0, 0, 4, 2108.87, 2062, 22952035
1602802342, 0, 460, 589, 502, 33, 3.15%, 0, 0, 4, 2247.70, 2062, 23222271
1602802423, 0, 460, 590, 503, 33, 3.15%, 0, 0, 4, 2295.51, 2062, 23402787
1602802469, 0, 460, 591, 504, 33, 3.15%, 0, 0, 4, 2132.36, 2062, 23506091
1602802474, 0, 462, 591, 503, 32, 3.15%, 0, 0, 4, 2234.61, 2062, 23517738
1602802484, 0, 462, 592, 504, 32, 3.15%, 0, 0, 4, 2156.54, 2062, 23539316
1602802601, 0, 465, 592, 503, 31, 3.15%, 0, 0, 4, 2314.64, 2062, 23802350
1602802652, 0, 471, 593, 503, 30, 3.15%, 0, 0, 4, 1828.22, 2062, 23932981
1602802668, 0, 471, 594, 504, 30, 3.15%, 0, 0, 4, 792.51, 2062, 23947593
1602802673, 0, 471, 595, 505, 30, 3.15%, 0, 0, 4, 1320.94, 2062, 23954559
1602802688, 0, 471, 596, 506, 30, 3.15%, 0, 0, 4, 865.74, 2062, 23968858
1602802718, 0, 471, 599, 509, 30, 3.15%, 0, 0, 4, 1039.46, 2062, 24002603
1602803152, 0, 474, 599, 508, 30, 3.15%, 0, 0, 4, 1627.29, 2062, 24499334
1602803162, 0, 474, 601, 510, 30, 3.15%, 0, 0, 4, 2082.91, 2064, 24520008
1602803173, 0, 474, 602, 511, 30, 3.15%, 0, 0, 4, 2104.67, 2065, 24541373
1602803285, 0, 486, 604, 512, 33, 3.15%, 0, 0, 4, 2184.70, 2066, 24788346
1602803290, 0, 486, 605, 513, 33, 3.15%, 0, 0, 4, 1592.20, 2066, 24795530
1602803835, 0, 487, 605, 512, 32, 3.15%, 0, 0, 4, 1100.76, 2066, 25383660
1602803841, 0, 487, 611, 518, 32, 3.15%, 0, 0, 4, 1372.63, 2066, 25390995
1602803856, 0, 487, 612, 519, 32, 3.15%, 0, 0, 4, 831.26, 2066, 25404464
1602804340, 0, 496, 612, 518, 31, 3.15%, 0, 0, 4, 1046.25, 2066, 25951329
1602804952, 0, 498, 612, 517, 30, 3.15%, 0, 0, 4, 1842.98, 2066, 26553093
1602805079, 0, 500, 612, 516, 29, 3.15%, 0, 0, 4, 2224.53, 2066, 26839014
1602805089, 0, 500, 613, 517, 29, 3.15%, 0, 0, 4, 2128.63, 2066, 26860666
1602805217, 0, 502, 613, 516, 28, 3.15%, 0, 0, 4, 1701.36, 2066, 27138391
1602805258, 0, 502, 614, 517, 28, 3.15%, 0, 0, 4, 674.14, 2066, 27177089
1602805278, 0, 502, 615, 518, 28, 3.15%, 0, 0, 4, 677.21, 2066, 27197645
1602805523, 0, 502, 616, 519, 28, 3.15%, 0, 0, 4, 796.39, 2066, 27426739
1602805574, 0, 502, 617, 520, 28, 3.15%, 0, 0, 4, 755.81, 2066, 27487275
1602805768, 0, 502, 619, 522, 28, 3.15%, 0, 0, 4, 806.63, 2066, 27715835
1602805789, 0, 503, 619, 521, 27, 3.15%, 0, 0, 4, 945.02, 2066, 27729810
1602805834, 0, 503, 620, 522, 27, 3.15%, 0, 0, 4, 602.08, 2066, 27771266
1602805855, 0, 503, 621, 523, 27, 3.15%, 0, 0, 4, 642.87, 2066, 27791332
1602806120, 0, 503, 622, 524, 27, 3.15%, 0, 0, 4, 819.83, 2066, 28020225
1602806176, 0, 503, 623, 525, 27, 3.15%, 0, 0, 4, 683.32, 2066, 28082463
1602806375, 0, 503, 625, 527, 27, 3.15%, 0, 0, 4, 776.48, 2066, 28309652
1602806401, 0, 517, 625, 526, 27, 3.15%, 0, 0, 4, 1743.48, 2066, 28329955
1602806528, 0, 518, 625, 525, 26, 3.15%, 0, 0, 4, 2264.59, 2066, 28612384
1602806574, 0, 525, 625, 524, 25, 3.15%, 0, 0, 4, 1837.95, 2066, 28723441
1602807059, 0, 530, 626, 524, 24, 3.15%, 0, 0, 4, 1962.55, 2066, 29291796
1602807064, 0, 530, 627, 525, 24, 3.15%, 0, 0, 4, 2544.88, 2066, 29305776
1602807084, 0, 530, 629, 527, 24, 3.15%, 0, 0, 4, 2686.45, 2066, 29360537
1602807089, 0, 536, 629, 526, 23, 3.15%, 0, 0, 4, 1014.37, 2066, 29368416
1602807696, 0, 538, 629, 525, 22, 3.15%, 0, 0, 4, 2120.88, 2066, 29962908
1602807849, 0, 543, 629, 524, 21, 3.15%, 0, 0, 4, 1823.72, 2066, 30274382
1602808347, 0, 544, 629, 523, 20, 3.15%, 0, 0, 4, 1030.47, 2066, 30838330
1602808388, 0, 544, 630, 524, 20, 3.20%, 0, 0, 4, 844.77, 2097, 30880766
1602808408, 0, 544, 634, 528, 20, 3.21%, 0, 0, 4, 1020.90, 2101, 30903359
1602808413, 0, 544, 638, 532, 20, 3.21%, 0, 0, 4, 1092.33, 2105, 30909016
1602808530, 0, 544, 640, 534, 20, 3.21%, 0, 0, 4, 813.37, 2105, 31039512
1602808663, 0, 544, 641, 535, 20, 3.21%, 0, 0, 4, 857.88, 2105, 31177317
1602808749, 0, 544, 644, 538, 20, 3.21%, 0, 0, 4, 794.04, 2105, 31281467
1602808851, 0, 544, 659, 553, 20, 3.21%, 0, 0, 4, 781.16, 2105, 31404560
1602808866, 0, 547, 659, 552, 23, 3.21%, 0, 0, 4, 1383.69, 2105, 31420023
1602809315, 0, 548, 660, 552, 22, 3.21%, 0, 0, 4, 1644.56, 2105, 31948897
1602809355, 0, 550, 660, 551, 21, 3.21%, 0, 0, 4, 2545.25, 2105, 32052725
1602809406, 0, 558, 661, 551, 21, 3.22%, 0, 0, 4, 1735.47, 2107, 32181864
1602809422, 0, 558, 667, 557, 21, 3.24%, 0, 0, 4, 772.47, 2121, 32196412
1602809427, 0, 558, 669, 559, 21, 3.24%, 0, 0, 4, 591.48, 2121, 32199191
1602809447, 0, 558, 672, 562, 21, 3.25%, 0, 0, 4, 642.50, 2132, 32218908
1602809452, 0, 558, 675, 565, 21, 3.25%, 0, 0, 4, 1109.46, 2133, 32224171
1602809616, 0, 558, 676, 566, 21, 3.25%, 0, 0, 4, 597.38, 2133, 32386779
1602809688, 0, 558, 677, 567, 21, 3.25%, 0, 0, 4, 817.73, 2133, 32436682
1602809780, 0, 558, 679, 569, 21, 3.25%, 0, 0, 4, 710.73, 2133, 32527171
1602809790, 0, 558, 681, 571, 21, 3.25%, 0, 0, 4, 811.50, 2133, 32534622
1602809872, 0, 558, 685, 575, 21, 3.25%, 0, 0, 4, 781.38, 2133, 32631146
1602809882, 0, 558, 689, 579, 21, 3.25%, 0, 0, 4, 547.59, 2133, 32637102
1602809887, 0, 558, 690, 580, 21, 3.25%, 0, 0, 4, 328.73, 2133, 32640557
1602810005, 0, 558, 691, 581, 21, 3.25%, 0, 0, 4, 450.24, 2133, 32767849
1602810010, 0, 572, 691, 580, 24, 3.25%, 0, 0, 4, 2586.49, 2133, 32779389
1602810015, 0, 572, 692, 581, 24, 3.26%, 0, 0, 4, 2677.30, 2135, 32793115
1602810041, 0, 576, 694, 582, 24, 3.26%, 0, 0, 5, 2706.32, 2135, 32862396
1602810066, 0, 576, 696, 584, 24, 3.26%, 0, 0, 5, 2651.84, 2139, 32930098
1602810071, 0, 576, 697, 585, 24, 3.26%, 0, 0, 5, 2651.44, 2139, 32943471
1602810076, 0, 578, 697, 584, 25, 3.26%, 0, 0, 5, 2662.56, 2139, 32957110
1602810107, 0, 581, 697, 583, 24, 3.26%, 0, 0, 5, 2464.89, 2139, 33036472
1602810117, 0, 581, 698, 584, 24, 3.26%, 0, 0, 5, 1169.56, 2139, 33048389
1602810719, 0, 589, 698, 583, 24, 3.26%, 0, 0, 5, 1727.52, 2139, 33636879
1602810852, 0, 595, 699, 583, 23, 3.26%, 0, 0, 5, 1867.47, 2139, 33928770
1602811341, 0, 599, 700, 583, 22, 3.26%, 0, 0, 5, 1668.78, 2139, 34496965
1602811362, 0, 599, 701, 584, 22, 3.26%, 0, 0, 5, 2139.43, 2139, 34540006
1602811479, 0, 601, 701, 583, 23, 3.26%, 0, 0, 5, 2103.71, 2139, 34798297
1602811611, 0, 602, 701, 582, 22, 3.26%, 0, 0, 5, 2263.73, 2139, 35092368
1602811744, 0, 603, 701, 581, 21, 3.26%, 0, 0, 5, 2256.75, 2139, 35386188
1602811810, 0, 603, 702, 582, 21, 3.26%, 0, 0, 5, 2210.77, 2139, 35530602
1602811877, 0, 609, 702, 581, 20, 3.26%, 0, 0, 5, 1971.23, 2139, 35679548
1602812391, 0, 618, 702, 580, 19, 3.26%, 0, 0, 5, 1424.37, 2139, 36250521
1602812427, 0, 618, 703, 581, 19, 3.32%, 0, 0, 5, 795.98, 2174, 36287161
1602812447, 0, 618, 704, 582, 19, 3.32%, 0, 0, 5, 984.95, 2174, 36309884
1602812452, 0, 618, 705, 583, 19, 3.32%, 0, 0, 5, 1083.88, 2174, 36315516
1602812457, 0, 618, 706, 584, 19, 3.32%, 0, 0, 5, 1230.16, 2174, 36321577
1602812788, 0, 618, 707, 585, 19, 3.32%, 0, 0, 5, 737.09, 2174, 36692387
1602812793, 0, 618, 708, 586, 19, 3.32%, 0, 0, 5, 1148.17, 2174, 36698065
1602812885, 0, 618, 711, 589, 19, 3.32%, 0, 0, 5, 814.63, 2174, 36813655
1602812900, 0, 622, 711, 588, 19, 3.32%, 0, 0, 5, 1446.79, 2174, 36829116
1602813399, 0, 628, 713, 589, 18, 3.32%, 0, 0, 5, 1929.98, 2174, 37397846
1602813405, 0, 628, 715, 591, 18, 3.32%, 0, 0, 5, 2565.33, 2174, 37411991
1602813415, 0, 628, 717, 593, 18, 3.32%, 0, 0, 5, 2601.20, 2174, 37438339
1602813420, 0, 628, 718, 594, 18, 3.32%, 0, 0, 5, 2665.48, 2174, 37452031
1602813425, 0, 628, 724, 600, 18, 3.32%, 0, 0, 5, 2686.64, 2174, 37465784
1602813435, 0, 632, 729, 604, 20, 3.32%, 0, 0, 5, 2095.40, 2174, 37490541
1602813440, 0, 632, 731, 606, 20, 3.32%, 0, 0, 5, 1584.99, 2174, 37498133
1602813455, 0, 632, 740, 615, 20, 3.35%, 0, 0, 5, 924.96, 2196, 37511536
1602813476, 0, 632, 745, 620, 20, 3.35%, 0, 0, 5, 1148.14, 2196, 37533424
1602813481, 0, 632, 746, 621, 20, 3.35%, 0, 0, 5, 1292.83, 2196, 37540920
1602813491, 0, 632, 747, 622, 20, 3.35%, 0, 0, 5, 802.26, 2196, 37549860
1602813537, 0, 632, 748, 623, 20, 3.35%, 0, 0, 5, 1501.40, 2196, 37617692
1602813614, 0, 632, 752, 627, 20, 3.35%, 0, 0, 5, 972.46, 2196, 37688066
1602813619, 0, 632, 755, 630, 20, 3.35%, 0, 0, 5, 729.04, 2196, 37691465
1602813654, 0, 632, 756, 631, 20, 3.35%, 0, 0, 5, 764.67, 2196, 37726291
1602813833, 0, 632, 758, 633, 20, 3.35%, 0, 0, 5, 994.81, 2196, 37929619
1602813838, 0, 632, 759, 634, 20, 3.35%, 0, 0, 5, 737.41, 2196, 37932987
1602813935, 0, 632, 761, 636, 20, 3.35%, 0, 0, 5, 863.75, 2196, 38053697
1602813940, 0, 632, 763, 638, 20, 3.35%, 0, 0, 5, 709.03, 2196, 38057150
1602813951, 0, 652, 767, 641, 20, 3.35%, 0, 0, 5, 1349.68, 2196, 38068296
1602813966, 0, 652, 768, 642, 20, 3.35%, 0, 0, 5, 828.15, 2196, 38084066
1602814007, 0, 652, 770, 644, 20, 3.35%, 0, 0, 5, 780.85, 2196, 38126600
1602814017, 0, 652, 771, 645, 20, 3.35%, 0, 0, 5, 1842.78, 2196, 38137834
1602814129, 0, 652, 772, 646, 20, 3.35%, 0, 0, 5, 907.50, 2196, 38264690
1602814261, 0, 652, 773, 647, 20, 3.35%, 0, 0, 5, 885.67, 2196, 38401521
1602814348, 0, 652, 774, 648, 20, 3.35%, 0, 0, 5, 876.07, 2196, 38505060
1602814353, 0, 652, 775, 649, 20, 3.35%, 0, 0, 5, 705.83, 2196, 38508399
1602814450, 0, 652, 776, 650, 20, 3.35%, 0, 0, 5, 862.28, 2196, 38627958
1602814465, 0, 666, 776, 649, 20, 3.35%, 0, 0, 5, 1097.10, 2196, 38641369
1602814929, 0, 666, 777, 650, 20, 3.35%, 0, 0, 5, 760.51, 2196, 39093451
1602814939, 0, 666, 778, 651, 20, 3.35%, 0, 0, 5, 536.36, 2196, 39099329
1602815061, 0, 666, 779, 652, 20, 3.35%, 0, 0, 5, 450.73, 2196, 39229859
1602815067, 0, 670, 779, 651, 20, 3.35%, 0, 0, 5, 1682.06, 2196, 39236705
1602815087, 0, 670, 782, 654, 20, 3.36%, 0, 0, 5, 580.06, 2200, 39254745
1602815347, 0, 670, 783, 655, 20, 3.36%, 0, 0, 5, 590.32, 2200, 39490578
1602815444, 0, 670, 784, 656, 20, 3.36%, 0, 0, 5, 694.80, 2200, 39584482
1602815449, 0, 670, 785, 657, 20, 3.36%, 0, 0, 5, 763.31, 2200, 39587963
1602815540, 0, 670, 786, 658, 20, 3.36%, 0, 0, 5, 629.18, 2200, 39692021
1602815545, 0, 670, 787, 659, 20, 3.36%, 0, 0, 5, 557.96, 2200, 39694527
1602815668, 0, 682, 788, 659, 20, 3.36%, 0, 0, 5, 1076.82, 2200, 39828041
1602815688, 0, 682, 789, 660, 20, 3.36%, 0, 0, 5, 677.87, 2203, 39847702
1602816270, 0, 682, 790, 661, 20, 3.36%, 0, 0, 5, 624.99, 2203, 40418978
1602816275, 0, 685, 790, 660, 20, 3.36%, 0, 0, 5, 1222.26, 2203, 40426145
1602816290, 0, 685, 791, 661, 20, 3.36%, 0, 0, 5, 764.76, 2203, 40440547
1602816739, 0, 685, 792, 662, 20, 3.36%, 0, 0, 5, 831.94, 2203, 40874649
1602816861, 0, 685, 793, 663, 20, 3.36%, 0, 0, 5, 580.08, 2203, 41007015
1602816872, 0, 685, 795, 665, 20, 3.36%, 0, 0, 5, 454.44, 2203, 41011664
1602816877, 0, 691, 796, 665, 20, 3.36%, 0, 0, 5, 1909.49, 2203, 41021806
1602816907, 0, 693, 797, 665, 19, 3.36%, 0, 0, 5, 2697.66, 2203, 41103631
1602816943, 0, 694, 801, 668, 18, 3.36%, 0, 0, 6, 2690.84, 2203, 41198545
1602816973, 0, 697, 801, 667, 17, 3.36%, 0, 0, 6, 2261.56, 2203, 41277698
1602817269, 0, 699, 801, 666, 16, 3.36%, 0, 0, 6, 1980.19, 2203, 41704183
1602817407, 0, 701, 801, 665, 15, 3.36%, 0, 0, 6, 2196.44, 2203, 42007325
1602817412, 0, 701, 802, 666, 15, 3.36%, 0, 0, 6, 2107.75, 2203, 42018060
1602817539, 0, 706, 808, 671, 14, 3.36%, 0, 0, 6, 1861.59, 2204, 42297258
1602817560, 0, 706, 813, 676, 14, 3.37%, 0, 0, 6, 1097.10, 2206, 42318862
1602817575, 0, 706, 814, 677, 14, 3.37%, 0, 0, 6, 859.40, 2206, 42334905
1602817595, 0, 706, 815, 678, 14, 3.37%, 0, 0, 6, 786.76, 2206, 42356582
1602817717, 0, 706, 818, 681, 14, 3.37%, 0, 0, 6, 885.01, 2206, 42495338
1602817803, 0, 706, 819, 682, 14, 3.37%, 0, 0, 6, 1138.07, 2206, 42576751
1602818037, 0, 706, 821, 684, 14, 3.37%, 0, 0, 6, 845.23, 2206, 42861811
1602818053, 0, 714, 821, 683, 15, 3.37%, 0, 0, 6, 2083.59, 2206, 42879987
1602818078, 0, 720, 822, 683, 14, 3.37%, 0, 0, 6, 2720.32, 2206, 42948944
1602818089, 0, 727, 823, 683, 14, 3.37%, 0, 0, 6, 2715.45, 2206, 42977243
1602818109, 0, 727, 824, 684, 14, 3.37%, 0, 0, 6, 727.32, 2206, 42997715
1602818129, 0, 727, 825, 685, 14, 3.37%, 0, 0, 6, 773.82, 2206, 43018602
1602818277, 0, 727, 826, 686, 14, 3.37%, 0, 0, 6, 683.86, 2206, 43179993
1602818313, 0, 727, 827, 687, 14, 3.37%, 0, 0, 6, 735.91, 2206, 43213982
1602818501, 0, 727, 828, 688, 14, 3.37%, 0, 0, 6, 706.32, 2206, 43420835
1602818603, 0, 727, 831, 691, 14, 3.37%, 0, 0, 6, 750.21, 2206, 43542526
1602818618, 0, 736, 831, 690, 14, 3.37%, 0, 0, 6, 1431.58, 2206, 43557342
1602818633, 0, 736, 833, 692, 14, 3.37%, 0, 0, 6, 827.61, 2206, 43572530
1602818653, 0, 736, 834, 693, 14, 3.37%, 0, 0, 6, 795.26, 2206, 43593290
1602818674, 0, 736, 835, 694, 14, 3.37%, 0, 0, 6, 954.34, 2206, 43615526
1602819133, 0, 739, 835, 693, 14, 3.37%, 0, 0, 6, 1411.14, 2206, 44134427
1602819168, 0, 739, 836, 694, 14, 3.37%, 0, 0, 6, 765.48, 2206, 44169985
1602819648, 0, 744, 837, 694, 14, 3.37%, 0, 0, 6, 1444.37, 2206, 44711799
1602819663, 0, 744, 838, 695, 14, 3.37%, 0, 0, 6, 801.18, 2206, 44726003
1602819683, 0, 744, 839, 696, 14, 3.37%, 0, 0, 6, 973.99, 2206, 44747862
1602820148, 0, 752, 839, 695, 13, 3.37%, 0, 0, 6, 1396.92, 2206, 45281348
1602820168, 0, 752, 840, 696, 13, 3.37%, 0, 0, 6, 833.19, 2206, 45302421
1602820189, 0, 752, 841, 697, 13, 3.37%, 0, 0, 6, 1115.37, 2206, 45324741
1602820657, 0, 753, 842, 697, 12, 3.37%, 0, 0, 6, 1513.91, 2206, 45857093
1602820678, 0, 753, 844, 699, 12, 3.37%, 0, 0, 6, 1158.15, 2206, 45878644
1602821167, 0, 768, 844, 698, 12, 3.37%, 0, 0, 6, 1397.68, 2206, 46430604
1602821182, 0, 768, 845, 699, 12, 3.37%, 0, 0, 6, 785.23, 2206, 46445168
1602821666, 0, 768, 846, 700, 12, 3.37%, 0, 0, 6, 743.28, 2206, 46989705
1602821677, 0, 777, 846, 699, 11, 3.37%, 0, 0, 6, 1250.67, 2206, 46998779
1602821697, 0, 777, 847, 700, 11, 3.37%, 0, 0, 6, 727.96, 2206, 47019207
1602821937, 0, 777, 848, 701, 11, 3.37%, 0, 0, 6, 2115.75, 2206, 47291375
1602822028, 0, 777, 849, 702, 11, 3.37%, 0, 0, 6, 1029.90, 2206, 47458893
1602822105, 0, 779, 849, 701, 13, 3.37%, 0, 0, 6, 1657.87, 2206, 47596459
1602822115, 0, 779, 850, 702, 13, 3.37%, 0, 0, 6, 1342.18, 2206, 47612745
1602822130, 0, 779, 851, 703, 13, 3.37%, 0, 0, 6, 1159.15, 2206, 47635108
1602822273, 0, 779, 852, 704, 13, 3.37%, 0, 0, 6, 936.86, 2206, 47850096
1602822466, 0, 807, 852, 703, 14, 3.37%, 0, 0, 6, 1431.95, 2206, 48186815
1602822482, 0, 807, 853, 704, 14, 3.37%, 0, 0, 7, 839.22, 2206, 48207464
1602822517, 0, 807, 854, 705, 14, 3.37%, 0, 0, 7, 885.99, 2206, 48246674
1602822640, 0, 807, 855, 706, 14, 3.37%, 0, 0, 7, 1041.16, 2206, 48385659
1602822645, 0, 807, 856, 707, 14, 3.37%, 0, 0, 7, 746.64, 2206, 48389021
1602822768, 0, 807, 857, 708, 14, 3.37%, 0, 0, 7, 909.76, 2206, 48525783
1602822854, 0, 807, 858, 709, 14, 3.37%, 0, 0, 7, 839.41, 2206, 48630170
1602822956, 0, 807, 859, 710, 14, 3.37%, 0, 0, 7, 814.66, 2206, 48753706
1602822971, 0, 812, 859, 709, 14, 3.37%, 0, 0, 7, 1356.61, 2206, 48767924
1602823486, 0, 815, 859, 708, 13, 3.37%, 0, 0, 7, 1450.22, 2206, 49348766
1602823501, 0, 815, 860, 709, 13, 3.37%, 0, 0, 7, 796.52, 2206, 49363483
1602823884, 0, 815, 862, 711, 13, 3.37%, 0, 0, 7, 871.90, 2206, 49786603
1602824001, 0, 822, 863, 711, 12, 3.37%, 0, 0, 7, 2134.48, 2206, 49928916
1602824011, 0, 835, 863, 710, 11, 3.37%, 0, 0, 7, 2287.44, 2206, 49955035
1602824052, 0, 835, 864, 711, 11, 3.37%, 0, 0, 7, 929.90, 2206, 49996630
1602824453, 0, 837, 864, 710, 10, 3.37%, 0, 0, 7, 1255.91, 2206, 50529445
1602824458, 0, 837, 867, 713, 10, 3.37%, 0, 0, 7, 1437.93, 2206, 50536974
1602824474, 0, 837, 868, 714, 10, 3.37%, 0, 0, 7, 774.79, 2206, 50550776
1602824509, 0, 837, 869, 715, 10, 3.37%, 0, 0, 7, 858.50, 2206, 50590176
1602824591, 0, 837, 871, 717, 10, 3.37%, 0, 0, 7, 1360.39, 2206, 50731488
1602824815, 0, 838, 872, 717, 10, 3.37%, 0, 0, 7, 2115.61, 2206, 51111750
1602824835, 0, 838, 873, 718, 10, 3.37%, 0, 0, 7, 1456.36, 2206, 51145733
1602824840, 0, 838, 874, 719, 10, 3.37%, 0, 0, 7, 2129.91, 2206, 51156747
1602824855, 0, 838, 875, 720, 10, 3.37%, 0, 0, 7, 1706.17, 2206, 51182072
1602825120, 0, 839, 875, 719, 11, 3.37%, 0, 0, 7, 2090.84, 2206, 51686716
1602825426, 0, 847, 875, 718, 10, 3.37%, 0, 0, 7, 1847.10, 2206, 52253251
1602825441, 0, 847, 876, 719, 10, 3.37%, 0, 0, 7, 1396.77, 2206, 52276618
1602825834, 0, 849, 876, 718, 10, 3.37%, 0, 0, 7, 1123.23, 2206, 52847968
1602826155, 0, 849, 877, 719, 10, 3.37%, 0, 0, 7, 784.86, 2206, 53136268
1602826308, 0, 849, 878, 720, 10, 3.37%, 0, 0, 7, 586.63, 2206, 53306220
1602826436, 0, 850, 878, 719, 9, 3.37%, 0, 0, 7, 1026.10, 2206, 53443368
1602827044, 0, 851, 879, 719, 8, 3.37%, 0, 0, 7, 1255.28, 2206, 54040902
1602827645, 0, 852, 879, 718, 7, 3.37%, 0, 0, 7, 1389.10, 2206, 54636657
1602827711, 0, 852, 880, 719, 7, 3.37%, 0, 0, 8, 1212.14, 2206, 54705921
1602828159, 0, 870, 880, 718, 6, 3.37%, 0, 0, 8, 1439.76, 2206, 55214850
1602828174, 0, 870, 881, 719, 6, 3.37%, 0, 0, 8, 785.59, 2206, 55229481
1602828195, 0, 870, 882, 720, 6, 3.37%, 0, 0, 8, 941.04, 2206, 55251509
1602828644, 0, 870, 883, 721, 6, 3.37%, 0, 0, 8, 1109.17, 2206, 55771484
1602828659, 0, 871, 883, 720, 5, 3.37%, 0, 0, 8, 1260.98, 2206, 55784380
1602828679, 0, 871, 889, 726, 5, 3.37%, 0, 0, 8, 678.26, 2206, 55804501
1602828705, 0, 871, 891, 728, 5, 3.37%, 0, 0, 8, 531.21, 2206, 55826097
1602829231, 0, 871, 893, 730, 5, 3.37%, 0, 0, 8, 627.89, 2206, 56349519
1602829241, 0, 871, 895, 732, 5, 3.37%, 0, 0, 8, 433.06, 2206, 56353815
1602829251, 0, 872, 895, 731, 5, 3.37%, 0, 0, 8, 1214.49, 2206, 56361865
1602829755, 0, 874, 895, 730, 4, 3.37%, 0, 0, 8, 1367.53, 2206, 56939764
1602830271, 0, 875, 895, 729, 3, 3.37%, 0, 0, 8, 1223.71, 2206, 57515747
1602830874, 0, 887, 895, 728, 2, 3.37%, 0, 0, 8, 1272.01, 2206, 58111667
1602830889, 0, 887, 897, 730, 2, 3.37%, 0, 0, 9, 746.04, 2206, 58126299
1602831460, 0, 895, 897, 729, 2, 3.37%, 0, 0, 9, 1056.60, 2206, 58685490
1602832036, 0, 895, 898, 730, 2, 3.37%, 0, 0, 10, 428.74, 2206, 59252126
1602832046, 0, 895, 899, 731, 2, 3.37%, 0, 0, 10, 1237.65, 2206, 59259839
1602832052, 0, 897, 899, 730, 2, 3.37%, 0, 0, 10, 1431.05, 2206, 59267736
1602832067, 0, 897, 900, 731, 2, 3.37%, 0, 0, 11, 768.95, 2206, 59282538
1602832113, 0, 897, 901, 732, 2, 3.37%, 0, 0, 11, 597.68, 2206, 59324287
1602832118, 0, 897, 902, 733, 2, 3.37%, 0, 0, 11, 925.78, 2206, 59329218
1602832613, 0, 897, 903, 734, 2, 3.37%, 0, 0, 11, 714.77, 2206, 59826979
1602832639, 0, 902, 903, 733, 2, 3.37%, 0, 0, 11, 1357.33, 2206, 59845295
1602832654, 0, 902, 906, 736, 2, 3.37%, 0, 0, 12, 701.72, 2206, 59859019
1602832674, 0, 902, 907, 737, 2, 3.37%, 0, 0, 12, 729.85, 2206, 59878933
1602833170, 0, 902, 908, 738, 2, 3.37%, 0, 0, 12, 510.37, 2206, 60400397
1602833175, 0, 902, 909, 739, 2, 3.37%, 0, 0, 12, 703.92, 2206, 60403673
1602833180, 0, 906, 909, 738, 3, 3.37%, 0, 0, 12, 1337.84, 2206, 60411590
1602833195, 0, 906, 911, 740, 3, 3.37%, 0, 0, 13, 768.67, 2206, 60426338
1602833721, 0, 908, 911, 739, 3, 3.37%, 0, 0, 13, 1228.42, 2206, 60977225
1602833741, 0, 908, 912, 740, 3, 3.37%, 0, 0, 13, 682.51, 2206, 60996203
1602833996, 0, 908, 913, 741, 3, 3.37%, 0, 0, 13, 912.80, 2206, 61244161
1602834261, 0, 910, 913, 740, 3, 3.37%, 0, 0, 13, 1398.75, 2206, 61546034
1602834276, 0, 910, 915, 742, 3, 3.37%, 0, 0, 14, 794.10, 2206, 61560777
1602834598, 0, 910, 916, 743, 3, 3.37%, 0, 0, 14, 796.58, 2206, 61873095
1602834685, 0, 910, 918, 745, 3, 3.37%, 0, 0, 14, 904.34, 2206, 61974240
1602834792, 0, 910, 919, 746, 3, 3.37%, 0, 0, 14, 888.78, 2206, 62097500
1602834812, 0, 912, 919, 745, 3, 3.37%, 0, 0, 14, 1923.80, 2206, 62112551
1602834827, 0, 912, 922, 748, 3, 3.37%, 0, 0, 14, 820.74, 2206, 62128284
1602834833, 0, 912, 923, 749, 3, 3.37%, 0, 0, 14, 1223.61, 2206, 62134251
1602835301, 0, 915, 923, 748, 4, 3.37%, 0, 0, 14, 1490.26, 2206, 62676395
1602835322, 0, 915, 925, 750, 4, 3.37%, 0, 0, 15, 659.07, 2206, 62696401
1602835858, 0, 920, 925, 749, 4, 3.37%, 0, 0, 15, 1493.01, 2206, 63249628
1602835873, 0, 920, 926, 750, 4, 3.37%, 0, 0, 15, 827.63, 2206, 63265121
1602836348, 0, 921, 926, 749, 4, 3.37%, 0, 0, 15, 1649.56, 2206, 63814014
1602836368, 0, 921, 927, 750, 4, 3.37%, 0, 0, 15, 810.44, 2206, 63835084
1602836388, 0, 921, 928, 751, 4, 3.37%, 0, 0, 15, 1146.98, 2206, 63857640
1602836842, 0, 924, 928, 750, 4, 3.37%, 0, 0, 15, 1443.79, 2206, 64386879
1602837394, 0, 925, 928, 749, 3, 3.37%, 0, 0, 15, 1913.99, 2206, 64953908
1602837414, 0, 925, 929, 750, 3, 3.37%, 0, 0, 16, 1224.44, 2206, 64976271
1602837430, 0, 925, 930, 751, 3, 3.37%, 0, 0, 16, 812.53, 2206, 64991696
1602837888, 0, 927, 930, 750, 3, 3.37%, 0, 0, 16, 1524.38, 2206, 65526469
1602837903, 0, 927, 931, 751, 3, 3.37%, 0, 0, 16, 811.74, 2206, 65540914
1602838377, 0, 928, 931, 750, 3, 3.37%, 0, 0, 16, 1556.30, 2206, 66091980
1602838398, 0, 928, 932, 751, 3, 3.37%, 0, 0, 17, 1240.74, 2206, 66114060
1602838754, 0, 928, 934, 753, 3, 3.37%, 0, 0, 17, 898.25, 2206, 66520456
1602838871, 0, 930, 934, 752, 4, 3.37%, 0, 0, 17, 1539.14, 2206, 66663909
1602839360, 0, 933, 934, 751, 2, 3.37%, 0, 0, 17, 1548.78, 2206, 67228405
1602839375, 0, 933, 935, 752, 2, 3.37%, 0, 0, 18, 790.66, 2206, 67242879
1602839854, 0, 934, 935, 751, 2, 3.37%, 0, 0, 18, 1527.04, 2206, 67797968
1602840332, 1, 110, 935, 750, 1, 3.37%, 0, 0, 18, 1789.67, 2206, 68354548
1602840495, 1, 139, 935, 749, 1, 3.37%, 0, 0, 18, 2431.93, 2206, 68688656
1602840536, 1, 332, 935, 748, 1, 3.37%, 0, 0, 18, 2354.02, 2206, 68792814
1602841230, 1, 490, 935, 747, 1, 3.37%, 0, 0, 18, 1850.29, 2206, 69390733
1602841745, 1, 505, 935, 746, 1, 3.37%, 0, 0, 18, 1045.79, 2206, 69964615
1602842275, 1, 537, 935, 745, 1, 3.37%, 0, 0, 18, 1349.33, 2206, 70542901
1602842790, 1, 537, 936, 746, 1, 3.37%, 0, 0, 18, 1021.71, 2206, 71114300
1602842795, 1, 627, 936, 745, 1, 3.37%, 0, 0, 18, 2328.12, 2206, 71127929
1602842815, 1, 645, 936, 744, 0, 3.37%, 0, 0, 18, 1966.13, 2206, 71179066
1602843335, 1, 646, 936, 743, 0, 3.37%, 0, 0, 18, 1394.22, 2206, 71756819
1602843850, 1, 647, 936, 742, 0, 3.37%, 0, 0, 18, 1331.27, 2206, 72328514
1602844364, 1, 650, 936, 741, 0, 3.37%, 0, 0, 18, 1356.45, 2206, 72904736
1602844878, 1, 651, 936, 740, 0, 3.37%, 0, 0, 18, 1295.65, 2206, 73478846
1602845392, 1, 654, 936, 739, 0, 3.37%, 0, 0, 18, 1294.62, 2206, 74053793
1602845906, 1, 667, 936, 738, 0, 3.37%, 0, 0, 18, 1240.42, 2206, 74629460
1602846508, 1, 679, 936, 737, 0, 3.37%, 0, 0, 18, 1262.77, 2206, 75225012
1602847105, 1, 683, 936, 736, 0, 3.37%, 0, 0, 18, 1126.58, 2206, 75814930
1602847707, 1, 861, 937, 736, 1, 3.37%, 0, 0, 18, 1432.09, 2206, 76411281
1602848221, 1, 868, 937, 735, 1, 3.37%, 0, 0, 18, 1326.85, 2206, 76990278
1602848726, 1, 936, 938, 735, 1, 3.37%, 0, 0, 18, 242.91, 2206, 77566024
1602849308, 2, 5, 938, 734, 0, 3.37%, 0, 0, 18, 1991.83, 2206, 78161696
1602849328, 2, 5, 952, 748, 0, 3.37%, 0, 0, 18, 2774.21, 2207, 78218414
1602849333, 2, 5, 954, 750, 0, 3.37%, 0, 0, 18, 2732.22, 2207, 78232021
1602849338, 2, 5, 955, 751, 0, 3.37%, 0, 0, 18, 2733.35, 2207, 78246069
1602849343, 2, 8, 955, 750, 1, 3.37%, 0, 0, 18, 2693.27, 2207, 78259587
1602849533, 2, 52, 955, 749, 1, 3.37%, 0, 0, 18, 2621.91, 2207, 78767174
1602849589, 2, 115, 956, 749, 1, 3.37%, 0, 0, 18, 2539.19, 2207, 78905177
1602849625, 2, 136, 957, 749, 1, 3.37%, 0, 0, 18, 2557.02, 2207, 78996262
1602849665, 2, 216, 957, 748, 1, 3.37%, 0, 0, 18, 2341.33, 2207, 79099591
1602850273, 2, 216, 958, 749, 1, 3.38%, 0, 0, 18, 877.49, 2214, 79693436
1602850278, 2, 338, 958, 748, 2, 3.38%, 0, 0, 18, 2324.57, 2214, 79707136
1602850303, 2, 504, 958, 747, 2, 3.38%, 0, 0, 18, 531.43, 2214, 79770973
1602850982, 2, 612, 964, 752, 2, 3.38%, 0, 0, 18, 1662.31, 2214, 80369395
1602850998, 2, 612, 965, 753, 2, 3.38%, 0, 0, 18, 1269.92, 2214, 80385649
1602851405, 2, 661, 965, 752, 2, 3.38%, 0, 0, 18, 1505.43, 2214, 80880495
1602852013, 2, 688, 965, 751, 2, 3.38%, 0, 0, 18, 1235.25, 2214, 81480245
1602852610, 2, 688, 969, 755, 2, 3.38%, 0, 0, 18, 1382.28, 2216, 82070344
1602852615, 2, 688, 970, 756, 2, 3.38%, 0, 0, 18, 2129.37, 2216, 82082364
1602852620, 2, 789, 971, 756, 3, 3.38%, 0, 0, 18, 1572.91, 2216, 82089542
1602853222, 2, 802, 971, 755, 3, 3.38%, 0, 0, 18, 1081.12, 2216, 82679047
1602853912, 2, 944, 971, 754, 3, 3.38%, 0, 0, 18, 2402.02, 2216, 83265113
1602854009, 2, 944, 975, 758, 3, 3.38%, 0, 0, 18, 2564.55, 2216, 83512482
1602854035, 2, 957, 975, 757, 3, 3.38%, 0, 0, 18, 2238.39, 2216, 83575776
1602854322, 2, 957, 976, 758, 3, 3.38%, 0, 0, 18, 2128.34, 2216, 84189678
1602854343, 2, 957, 978, 760, 3, 3.38%, 0, 0, 18, 2154.64, 2216, 84233577
1602854348, 2, 968, 978, 759, 3, 3.38%, 0, 0, 18, 2042.41, 2216, 84243942
1602855457, 2, 974, 978, 758, 2, 3.38%, 0, 0, 18, 2378.63, 2216, 86353026
1602855477, 2, 974, 979, 759, 2, 3.38%, 0, 0, 18, 2704.45, 2216, 86409246
1602855482, 2, 976, 979, 758, 1, 3.38%, 0, 0, 18, 2235.02, 2216, 86420036
1602855810, 3, 2, 979, 757, 0, 3.38%, 0, 0, 18, 2334.64, 2216, 87096346
1602855999, 3, 7, 979, 756, 0, 3.38%, 0, 0, 18, 2714.23, 2216, 87610197
1602856554, 3, 10, 979, 755, 0, 3.38%, 0, 0, 18, 2734.60, 2216, 88204973
1602856574, 3, 12, 979, 754, 0, 3.38%, 0, 0, 18, 2770.20, 2216, 88262777
1602856625, 3, 27, 979, 753, 0, 3.38%, 0, 0, 18, 2718.82, 2216, 88401892
1602856631, 3, 33, 979, 753, 0, 3.38%, 0, 0, 18, 1634.74, 2216, 88408365
1602857239, 3, 35, 979, 752, 0, 3.38%, 0, 0, 18, 2660.94, 2216, 89006066
1602857264, 3, 36, 979, 751, 0, 3.38%, 0, 0, 18, 2749.09, 2216, 89076287
1602857290, 3, 37, 979, 750, 0, 3.38%, 0, 0, 18, 2721.10, 2216, 89145251
1602857315, 3, 38, 979, 749, 0, 3.38%, 0, 0, 18, 2631.41, 2216, 89214440
1602857346, 3, 46, 979, 748, 0, 3.38%, 0, 0, 18, 2634.95, 2216, 89296334
1602857387, 3, 51, 979, 747, 0, 3.38%, 0, 0, 18, 2465.53, 2216, 89399844
1602857438, 3, 51, 980, 748, 0, 3.38%, 0, 0, 18, 2428.59, 2216, 89524985
1602857443, 3, 53, 980, 747, 0, 3.38%, 0, 0, 18, 2405.74, 2216, 89537723
1602857514, 3, 54, 980, 746, 0, 3.38%, 0, 0, 18, 2401.04, 2216, 89710807
1602857570, 3, 61, 980, 745, 0, 3.38%, 0, 0, 18, 2310.98, 2216, 89845676
1602857678, 3, 63, 980, 744, 0, 3.38%, 0, 0, 18, 2287.59, 2216, 90093832
1602857794, 3, 64, 980, 743, 0, 3.38%, 0, 0, 18, 2324.50, 2216, 90363866
1602857912, 3, 66, 980, 742, 0, 3.38%, 0, 0, 18, 2218.78, 2216, 90632081
1602857947, 3, 66, 981, 743, 0, 3.38%, 0, 0, 18, 869.65, 2216, 90670670
1602858375, 3, 72, 981, 742, 0, 3.38%, 0, 0, 18, 1638.52, 2216, 91177737
1602858502, 3, 73, 981, 741, 0, 3.38%, 0, 0, 18, 2365.21, 2216, 91464879
1602858552, 3, 74, 981, 740, 0, 3.38%, 0, 0, 18, 2394.67, 2216, 91589572
1602858660, 3, 75, 981, 739, 0, 3.38%, 0, 0, 18, 2515.47, 2216, 91837871
1602858695, 3, 87, 981, 738, 0, 3.38%, 0, 0, 18, 2114.07, 2216, 91929313
1602858853, 3, 91, 981, 737, 0, 3.38%, 0, 0, 18, 2433.57, 2216, 92253526
1602858889, 3, 95, 981, 736, 0, 3.38%, 0, 0, 18, 2245.76, 2216, 92345674
1602859046, 3, 99, 981, 735, 0, 3.38%, 0, 0, 18, 2105.33, 2216, 92670223
1602859208, 3, 103, 982, 735, 0, 3.38%, 0, 0, 18, 1956.69, 2216, 93001579
1602859366, 3, 118, 982, 734, 0, 3.38%, 0, 0, 18, 2037.13, 2216, 93323046
1602859381, 3, 118, 983, 735, 0, 3.38%, 0, 0, 18, 1751.98, 2216, 93349966
1602859528, 3, 119, 983, 734, 0, 3.38%, 0, 0, 18, 2090.76, 2216, 93647054
1602859696, 3, 120, 983, 733, 0, 3.38%, 0, 0, 18, 2445.69, 2216, 93982999
1602859737, 3, 121, 983, 732, 0, 3.38%, 0, 0, 18, 2610.16, 2216, 94088276
1602859777, 3, 123, 983, 731, 0, 3.38%, 0, 0, 18, 2564.58, 2216, 94193340
1602859813, 3, 125, 983, 730, 0, 3.38%, 0, 0, 18, 2504.97, 2216, 94285251
1602859890, 3, 159, 983, 729, 0, 3.38%, 0, 0, 18, 2170.56, 2216, 94472483
1602860073, 3, 162, 983, 728, 0, 3.38%, 0, 0, 18, 1868.79, 2216, 94815402
1602860261, 3, 166, 983, 727, 0, 3.38%, 0, 0, 18, 1989.36, 2216, 95158103
1602860454, 3, 168, 983, 726, 0, 3.38%, 0, 0, 18, 1833.84, 2216, 95508369
1602860727, 3, 171, 983, 725, 0, 3.38%, 0, 0, 18, 1727.85, 2216, 95926833
1602860976, 3, 172, 983, 724, 0, 3.38%, 0, 0, 18, 1622.46, 2216, 96320232
1602861266, 3, 180, 983, 723, 0, 3.38%, 0, 0, 18, 1866.90, 2216, 96740299
1602861399, 3, 190, 983, 722, 0, 3.38%, 0, 0, 18, 2125.37, 2216, 97036546
1602861531, 3, 194, 983, 721, 0, 3.38%, 0, 0, 18, 2193.26, 2216, 97330691
1602861658, 3, 196, 983, 720, 0, 3.38%, 0, 0, 18, 2227.71, 2216, 97615581
1602861785, 3, 199, 983, 719, 0, 3.38%, 0, 0, 18, 2224.23, 2216, 97901361
1602861918, 3, 200, 983, 718, 0, 3.38%, 0, 0, 18, 2209.72, 2216, 98198766
1602862050, 3, 209, 983, 717, 0, 3.38%, 0, 0, 18, 1621.86, 2216, 98490214
1602862663, 3, 211, 983, 716, 0, 3.38%, 0, 0, 18, 2243.64, 2216, 99089062
1602862795, 3, 214, 983, 715, 0, 3.38%, 0, 0, 18, 1569.73, 2216, 99380691
1602863269, 3, 214, 984, 716, 0, 3.38%, 0, 0, 18, 772.06, 2216, 99832489
1602863412, 3, 217, 984, 715, 0, 3.38%, 0, 0, 18, 1781.60, 2216, 99981918
1602863544, 3, 225, 984, 714, 0, 3.38%, 0, 0, 18, 2195.53, 2216, 100275778
1602863677, 3, 230, 984, 713, 0, 3.38%, 0, 0, 18, 2184.64, 2216, 100569758
1602863810, 3, 237, 984, 712, 0, 3.38%, 0, 0, 18, 2208.21, 2216, 100864901
1602863943, 3, 241, 984, 711, 0, 3.38%, 0, 0, 18, 2227.98, 2216, 101160525
1602864080, 3, 249, 984, 710, 0, 3.38%, 0, 0, 18, 1771.90, 2216, 101461590
1602864690, 3, 253, 984, 709, 0, 3.38%, 0, 0, 18, 915.05, 2216, 102056538
1602865302, 3, 256, 985, 709, 0, 3.38%, 0, 0, 18, 1778.27, 2216, 102650917
1602865867, 3, 258, 985, 708, 0, 3.38%, 0, 0, 18, 1071.90, 2216, 103236136
1602866459, 3, 260, 985, 707, 0, 3.38%, 0, 0, 18, 847.25, 2216, 103823003
1602867070, 3, 261, 985, 706, 0, 3.38%, 0, 0, 18, 1122.49, 2216, 104420043
1602867678, 3, 265, 985, 705, 0, 3.38%, 0, 0, 18, 1762.43, 2216, 105015583
1602867734, 3, 268, 985, 704, 0, 3.38%, 0, 0, 18, 737.46, 2216, 105159879
1602868408, 3, 273, 986, 704, 0, 3.38%, 0, 0, 18, 2534.77, 2218, 105755107
1602868449, 3, 690, 986, 703, 1, 3.38%, 0, 0, 18, 1880.17, 2218, 105857573
1602869057, 3, 830, 986, 702, 1, 3.38%, 0, 0, 18, 1106.98, 2218, 106452352
1602869078, 3, 830, 987, 703, 1, 3.38%, 0, 0, 18, 763.86, 2218, 106472115
1602869588, 3, 959, 987, 702, 1, 3.38%, 0, 0, 18, 1326.55, 2218, 107025791
1602870020, 3, 985, 987, 701, 1, 3.38%, 0, 0, 18, 2388.18, 2218, 107556476
1602870061, 4, 19, 987, 700, 0, 3.38%, 0, 0, 18, 2684.84, 2218, 107661008
1602870082, 4, 23, 987, 699, 0, 3.38%, 0, 0, 18, 65.52, 2218, 107710881
1602871723, 4, 24, 987, 698, 0, 3.38%, 0, 0, 18, 200.72, 2218, 108304413
