# unix_time, cycles_done, cur_path, paths_total, pending_total, pending_favs, map_size, unique_crashes, unique_hangs, max_depth, execs_per_sec, edge_coverage, total_execs
1606990461, 0, 0, 1, 1, 1, 1.91%, 0, 0, 1, 66.23, 1249, 40
1606990467, 0, 0, 14, 14, 1, 1.94%, 0, 0, 2, 73.44, 1274, 2275
1606990472, 0, 0, 31, 31, 1, 2.05%, 0, 0, 2, 97.55, 1342, 2803
1606990477, 0, 0, 53, 53, 1, 2.08%, 0, 0, 2, 97.08, 1365, 3289
1606990482, 0, 0, 150, 150, 1, 2.40%, 0, 0, 2, 596.83, 1573, 4749
1606990487, 0, 0, 231, 231, 1, 2.49%, 0, 0, 2, 474.02, 1630, 6889
1606990492, 0, 0, 258, 258, 1, 2.49%, 0, 0, 2, 365.21, 1634, 8674
1606990497, 0, 0, 285, 285, 1, 2.57%, 0, 0, 2, 234.48, 1683, 9672
1606990502, 0, 0, 331, 331, 1, 2.58%, 0, 0, 2, 392.72, 1694, 12017
1606990508, 0, 0, 350, 350, 1, 2.58%, 0, 0, 2, 367.79, 1694, 13919
1606990513, 0, 0, 370, 370, 1, 2.59%, 0, 0, 2, 237.07, 1700, 15132
1606990518, 0, 0, 387, 387, 1, 2.60%, 0, 0, 2, 273.45, 1704, 16723
1606990523, 0, 0, 404, 404, 1, 2.60%, 0, 0, 2, 341.65, 1704, 18362
1606990528, 0, 0, 415, 415, 1, 2.60%, 0, 0, 2, 352.89, 1707, 20331
1606990533, 0, 0, 425, 425, 1, 2.61%, 0, 0, 2, 338.05, 1708, 22090
1606990538, 0, 0, 431, 431, 1, 2.61%, 0, 0, 2, 354.96, 1709, 23861
1606990543, 0, 0, 436, 436, 1, 2.61%, 0, 0, 2, 275.31, 1712, 25266
1606990548, 0, 0, 437, 437, 1, 2.61%, 0, 0, 2, 165.13, 1712, 26009
1606990553, 0, 0, 438, 438, 1, 2.61%, 0, 0, 2, 115.86, 1713, 26582
1606990559, 0, 0, 439, 439, 1, 2.62%, 0, 0, 2, 99.20, 1714, 27044
1606990564, 0, 0, 440, 440, 1, 2.62%, 0, 0, 2, 90.93, 1716, 27514
1606990569, 0, 0, 442, 442, 1, 2.62%, 0, 0, 2, 116.74, 1717, 28152
1606990574, 0, 0, 443, 443, 1, 2.62%, 0, 0, 2, 129.32, 1717, 28822
1606990584, 0, 0, 445, 445, 1, 2.62%, 0, 0, 2, 158.89, 1718, 30219
1606990590, 0, 0, 446, 446, 1, 2.62%, 0, 0, 2, 154.59, 1719, 30988
1606990595, 0, 0, 447, 447, 1, 2.62%, 0, 0, 2, 152.21, 1719, 31803
1606990600, 0, 0, 448, 448, 1, 2.62%, 0, 0, 2, 125.31, 1720, 32394
1606990610, 0, 0, 450, 450, 1, 2.63%, 0, 0, 2, 126.58, 1721, 33668
1606990615, 0, 0, 452, 452, 1, 2.63%, 0, 0, 2, 119.20, 1722, 34280
1606990630, 0, 0, 453, 453, 1, 2.63%, 0, 0, 2, 135.14, 1722, 36054
1606990641, 0, 0, 454, 454, 1, 2.63%, 0, 0, 2, 114.81, 1723, 37246
1606990651, 0, 0, 457, 457, 1, 2.63%, 0, 0, 2, 116.63, 1724, 38438
1606990661, 0, 0, 459, 459, 1, 2.63%, 0, 0, 2, 122.50, 1725, 39638
1606990676, 0, 0, 461, 461, 1, 2.64%, 0, 0, 2, 99.62, 1727, 41332
1606990711, 0, 0, 463, 463, 1, 2.64%, 0, 0, 2, 114.18, 1727, 45678
1606990747, 0, 0, 464, 464, 1, 2.64%, 0, 0, 2, 115.27, 1727, 49600
1606990752, 0, 0, 465, 465, 1, 2.64%, 0, 0, 2, 116.86, 1727, 50172
1606990762, 0, 0, 466, 466, 1, 2.64%, 0, 0, 2, 125.24, 1728, 51474
1606990772, 0, 0, 467, 467, 1, 2.64%, 0, 0, 2, 131.72, 1728, 52820
1606990777, 0, 0, 468, 468, 1, 2.64%, 0, 0, 2, 113.70, 1729, 53393
1606990787, 0, 0, 469, 469, 1, 2.64%, 0, 0, 2, 112.84, 1730, 54542
1606990793, 0, 0, 470, 470, 1, 2.64%, 0, 0, 2, 124.77, 1730, 55220
1606990868, 0, 0, 471, 471, 1, 2.64%, 0, 0, 2, 144.92, 1731, 64782
1606990878, 0, 0, 472, 472, 1, 2.64%, 0, 0, 2, 146.51, 1732, 66128
1606990883, 0, 0, 473, 473, 1, 2.64%, 0, 0, 2, 126.96, 1733, 66774
1606990914, 0, 0, 474, 474, 1, 2.65%, 0, 0, 2, 129.38, 1734, 70506
1606990929, 0, 0, 475, 475, 1, 2.65%, 0, 0, 2, 115.10, 1734, 72262
1606990934, 0, 0, 476, 476, 1, 2.65%, 0, 0, 2, 116.01, 1735, 72802
1606990939, 0, 0, 477, 477, 1, 2.65%, 0, 0, 2, 125.16, 1735, 73466
1606990960, 0, 0, 478, 478, 1, 2.65%, 0, 0, 2, 126.14, 1736, 75814
1606990965, 0, 0, 479, 479, 1, 2.65%, 0, 0, 2, 139.42, 1737, 76492
1606990975, 0, 0, 480, 480, 1, 2.65%, 0, 0, 2, 141.49, 1738, 77974
1606990980, 0, 0, 481, 481, 1, 2.65%, 0, 0, 2, 152.89, 1738, 78760
1606991005, 0, 0, 482, 482, 1, 2.65%, 0, 0, 2, 138.99, 1738, 82078
1606991010, 0, 0, 483, 483, 1, 2.65%, 0, 0, 2, 163.21, 1739, 82939
1606991021, 0, 0, 484, 484, 1, 2.66%, 0, 0, 2, 129.04, 1745, 84228
1606991031, 0, 0, 485, 485, 1, 2.66%, 0, 0, 2, 135.69, 1746, 85590
1606991036, 0, 0, 486, 486, 1, 2.67%, 0, 0, 2, 123.64, 1747, 86198
1606991041, 0, 0, 487, 487, 1, 2.67%, 0, 0, 2, 128.33, 1748, 86858
1606991046, 0, 0, 490, 490, 1, 2.67%, 0, 0, 2, 128.06, 1749, 87538
1606991061, 0, 0, 491, 491, 1, 2.67%, 0, 0, 2, 136.15, 1749, 89544
1606991082, 0, 0, 492, 492, 1, 2.67%, 0, 0, 2, 142.53, 1750, 92328
1606991097, 0, 0, 493, 493, 1, 2.67%, 0, 0, 2, 107.18, 1751, 94178
1606991102, 0, 0, 494, 494, 1, 2.67%, 0, 0, 2, 103.98, 1752, 94702
1606991117, 0, 0, 495, 495, 1, 2.68%, 0, 0, 2, 94.25, 1758, 96199
1606991132, 0, 0, 498, 498, 1, 2.68%, 0, 0, 2, 103.26, 1758, 97788
1606991158, 0, 0, 499, 499, 1, 2.68%, 0, 0, 2, 120.10, 1758, 100520
1606991163, 0, 0, 500, 500, 1, 2.68%, 0, 0, 2, 125.41, 1759, 101176
1606991188, 0, 0, 501, 501, 1, 2.68%, 0, 0, 2, 109.22, 1759, 103894
1606991224, 0, 0, 502, 502, 1, 2.68%, 0, 0, 2, 126.11, 1759, 108212
1606991240, 0, 0, 503, 503, 1, 2.69%, 0, 0, 2, 121.71, 1760, 110084
1606991250, 0, 0, 504, 504, 1, 2.69%, 0, 0, 2, 123.27, 1761, 111350
1606991275, 0, 0, 505, 505, 1, 2.69%, 0, 0, 2, 99.31, 1762, 114252
1606991281, 0, 0, 506, 506, 1, 2.69%, 0, 0, 2, 82.34, 1762, 114667
1606991286, 0, 0, 507, 507, 1, 2.69%, 0, 0, 2, 115.59, 1762, 115278
1606991321, 0, 0, 509, 509, 1, 2.69%, 0, 0, 2, 116.49, 1763, 119138
1606991326, 0, 0, 510, 510, 1, 2.69%, 0, 0, 2, 120.57, 1764, 119764
1606991342, 0, 0, 512, 512, 1, 2.69%, 0, 0, 2, 107.99, 1765, 121522
1606991357, 0, 0, 513, 513, 1, 2.69%, 0, 0, 2, 113.92, 1765, 123256
1606991362, 0, 0, 516, 516, 1, 2.71%, 0, 0, 2, 113.95, 1779, 123852
1606991382, 0, 0, 517, 517, 1, 2.71%, 0, 0, 2, 119.44, 1779, 126174
1606991387, 0, 0, 518, 518, 1, 2.71%, 0, 0, 2, 117.20, 1779, 126762
1606991397, 0, 0, 519, 519, 1, 2.71%, 0, 0, 2, 116.83, 1779, 127964
1606991408, 0, 0, 521, 521, 1, 2.72%, 0, 0, 2, 116.34, 1782, 129214
1606991413, 0, 0, 522, 522, 1, 2.73%, 0, 0, 2, 121.54, 1788, 129850
1606991423, 0, 0, 532, 532, 1, 2.73%, 0, 0, 2, 125.20, 1792, 131138
1606991428, 0, 0, 561, 561, 1, 2.74%, 0, 0, 2, 106.03, 1793, 131662
1606991433, 0, 0, 580, 580, 1, 2.74%, 0, 0, 2, 105.31, 1793, 132178
1606991438, 0, 0, 602, 602, 1, 2.75%, 0, 0, 2, 97.05, 1803, 132663
1606991444, 0, 0, 619, 619, 1, 2.75%, 0, 0, 2, 114.67, 1804, 133290
1606991449, 0, 0, 622, 622, 1, 2.76%, 0, 0, 2, 131.57, 1807, 133982
1606991454, 0, 0, 637, 637, 1, 2.76%, 0, 0, 2, 99.77, 1808, 134454
1606991459, 0, 0, 648, 648, 1, 2.76%, 0, 0, 2, 87.57, 1808, 134890
1606991464, 0, 0, 656, 656, 1, 2.76%, 0, 0, 2, 88.12, 1808, 135328
1606991469, 0, 0, 657, 657, 1, 2.76%, 0, 0, 2, 89.38, 1808, 135801
1606991474, 0, 0, 659, 659, 1, 2.76%, 0, 0, 2, 92.41, 1808, 136260
1606991480, 0, 0, 666, 666, 1, 2.76%, 0, 0, 2, 86.08, 1808, 136700
1606991490, 0, 0, 667, 667, 1, 2.76%, 0, 0, 2, 97.78, 1808, 137641
1606991516, 0, 0, 670, 670, 1, 2.76%, 0, 0, 2, 110.63, 1808, 140390
1606991521, 0, 0, 672, 672, 1, 2.76%, 0, 0, 2, 112.37, 1808, 140968
1606991526, 0, 0, 673, 673, 1, 2.76%, 0, 0, 2, 119.86, 1808, 141598
1606991531, 0, 0, 674, 674, 1, 2.76%, 0, 0, 2, 122.72, 1809, 142234
1606991546, 0, 0, 675, 675, 1, 2.76%, 0, 0, 2, 115.23, 1809, 144042
1606991551, 0, 0, 677, 677, 1, 2.79%, 0, 0, 2, 120.43, 1827, 144634
1606991561, 0, 0, 678, 678, 1, 2.79%, 0, 0, 2, 120.59, 1827, 145854
1606991566, 0, 0, 679, 679, 1, 2.79%, 0, 0, 2, 114.16, 1827, 146440
1606991582, 0, 0, 680, 680, 1, 2.79%, 0, 0, 2, 108.19, 1828, 148018
1606991592, 0, 0, 682, 682, 1, 2.79%, 0, 0, 2, 115.85, 1829, 149236
1606991597, 0, 0, 683, 683, 1, 2.79%, 0, 0, 2, 107.43, 1829, 149782
1606991602, 0, 0, 684, 684, 1, 2.79%, 0, 0, 2, 114.96, 1829, 150382
1606991607, 0, 0, 685, 685, 1, 2.79%, 0, 0, 2, 113.88, 1830, 150950
1606991617, 0, 0, 687, 687, 1, 2.79%, 0, 0, 2, 109.32, 1830, 152028
1606991632, 0, 0, 688, 688, 1, 2.79%, 0, 0, 2, 106.92, 1830, 153682
1606991647, 0, 0, 689, 689, 1, 2.79%, 0, 0, 2, 113.57, 1831, 155404
1606991678, 0, 0, 690, 690, 1, 2.79%, 0, 0, 2, 113.49, 1831, 158748
1606991693, 0, 0, 691, 691, 1, 2.80%, 0, 0, 2, 111.74, 1834, 160418
1606991708, 0, 0, 692, 692, 1, 2.80%, 0, 0, 2, 112.54, 1834, 162128
1606991718, 0, 0, 693, 693, 1, 2.81%, 0, 0, 2, 107.76, 1839, 163206
1606991723, 0, 0, 694, 694, 1, 2.81%, 0, 0, 2, 112.12, 1840, 163776
1606991729, 0, 0, 695, 695, 1, 2.81%, 0, 0, 2, 116.30, 1841, 164378
1606991734, 0, 0, 696, 696, 1, 2.81%, 0, 0, 2, 114.64, 1841, 164940
1606991749, 0, 0, 697, 697, 1, 2.81%, 0, 0, 2, 107.42, 1843, 166552
1606991759, 0, 0, 698, 698, 1, 2.81%, 0, 0, 2, 109.68, 1844, 167650
1606991779, 0, 0, 699, 699, 1, 2.82%, 0, 0, 2, 107.18, 1846, 169896
1606991805, 0, 0, 700, 700, 1, 2.82%, 0, 0, 2, 104.52, 1847, 172544
1606991810, 0, 0, 702, 702, 1, 2.82%, 0, 0, 2, 101.49, 1847, 173057
1606991815, 0, 0, 703, 703, 1, 2.82%, 0, 0, 2, 109.27, 1847, 173616
1606991820, 0, 0, 704, 704, 1, 2.82%, 0, 0, 2, 101.83, 1847, 174154
1606991840, 0, 0, 705, 705, 1, 2.82%, 0, 0, 2, 107.78, 1847, 176380
1606991855, 0, 0, 706, 706, 1, 2.82%, 0, 0, 2, 115.67, 1847, 178194
1606991866, 0, 0, 707, 707, 1, 2.82%, 0, 0, 2, 106.50, 1847, 179288
1606991907, 0, 0, 708, 708, 1, 2.82%, 0, 0, 2, 118.52, 1848, 183932
1606991922, 0, 0, 709, 709, 1, 2.82%, 0, 0, 2, 112.87, 1849, 185647
1606992225, 0, 0, 709, 709, 1, 2.82%, 4, 0, 2, 78.70, 1849, 210213
1606992245, 0, 0, 710, 710, 1, 2.82%, 4, 0, 2, 74.80, 1849, 211766
1606992282, 0, 0, 711, 711, 1, 2.82%, 4, 0, 2, 76.59, 1850, 214657
1606992287, 0, 0, 712, 712, 1, 2.82%, 4, 0, 2, 75.08, 1851, 215039
1606992328, 0, 0, 713, 713, 1, 2.82%, 4, 0, 2, 75.14, 1851, 218312
1606992374, 0, 0, 714, 714, 1, 2.83%, 4, 0, 2, 83.36, 1854, 222046
