# unix_time, cycles_done, cur_path, paths_total, pending_total, pending_favs, map_size, unique_crashes, unique_hangs, max_depth, execs_per_sec, edge_coverage, total_execs
1606967183, 0, 0, 2, 2, 2, 1.22%, 0, 0, 1, 527.47, 800, 48
1606967188, 0, 0, 206, 206, 2, 2.56%, 0, 0, 2, 719.78, 1677, 3963
1606967193, 0, 0, 248, 248, 2, 2.64%, 0, 0, 2, 780.38, 1728, 8026
1606967198, 0, 0, 296, 296, 2, 2.74%, 0, 0, 2, 800.13, 1793, 12040
1606967203, 0, 0, 322, 322, 2, 2.78%, 0, 0, 2, 799.18, 1820, 16047
1606967208, 0, 0, 344, 344, 2, 2.80%, 0, 0, 2, 801.75, 1834, 20076
1606967213, 0, 0, 358, 358, 2, 2.82%, 1, 0, 2, 803.36, 1845, 24092
1606967218, 0, 0, 373, 373, 2, 2.84%, 1, 0, 2, 798.72, 1860, 28095
1606967223, 0, 0, 394, 394, 2, 2.90%, 1, 0, 2, 800.45, 1898, 32252
1606967228, 0, 0, 407, 407, 2, 2.92%, 1, 0, 2, 785.34, 1916, 36184
