# unix_time, cycles_done, cur_path, paths_total, pending_total, pending_favs, map_size, unique_crashes, unique_hangs, max_depth, execs_per_sec, edge_coverage, total_execs
1603303445, 0, 0, 1, 1, 1, 1.23%, 0, 0, 1, 0.79, 806, 8
1603303451, 0, 0, 65, 65, 1, 1.53%, 0, 0, 2, 2065.34, 1001, 7742
1603303456, 0, 9, 80, 78, 37, 1.60%, 0, 0, 3, 2018.75, 1049, 18107
1603303461, 0, 18, 83, 80, 37, 1.60%, 0, 0, 3, 1995.80, 1051, 28330
1603303466, 0, 21, 84, 79, 36, 1.60%, 0, 0, 3, 1752.36, 1051, 36969
1603303471, 0, 22, 85, 79, 35, 1.61%, 0, 0, 3, 1542.51, 1053, 44509
1603303476, 0, 26, 85, 78, 35, 1.61%, 0, 0, 3, 1518.56, 1053, 52398
1603303481, 0, 29, 85, 77, 34, 1.61%, 0, 0, 3, 1482.97, 1053, 59830
1603303486, 0, 32, 86, 77, 34, 1.61%, 0, 0, 3, 1472.63, 1053, 67341
1603303491, 0, 36, 87, 77, 33, 1.61%, 0, 0, 3, 1475.82, 1054, 74864
1603303496, 0, 39, 87, 75, 31, 1.61%, 0, 0, 3, 1501.20, 1054, 82442
1603303501, 0, 40, 93, 80, 32, 1.62%, 0, 0, 3, 1388.67, 1061, 89445
1603303506, 0, 42, 94, 79, 34, 1.62%, 0, 0, 3, 1382.70, 1061, 96468
1603303511, 0, 44, 95, 78, 32, 1.62%, 0, 0, 3, 1517.61, 1061, 103879
1603303517, 0, 47, 95, 75, 29, 1.62%, 0, 0, 3, 1368.33, 1061, 110678
1603303522, 0, 55, 98, 76, 28, 1.89%, 0, 0, 3, 1420.13, 1239, 116782
1603303527, 0, 59, 102, 78, 27, 1.90%, 0, 0, 3, 1500.86, 1244, 124321
1603303532, 0, 60, 120, 95, 27, 1.90%, 0, 0, 3, 1446.62, 1247, 131695
1603303537, 0, 64, 122, 95, 27, 1.90%, 0, 0, 3, 1435.85, 1248, 138969
1603303542, 0, 69, 122, 94, 25, 1.90%, 0, 0, 3, 1427.09, 1248, 146226
1603303547, 0, 70, 126, 97, 25, 1.91%, 0, 0, 3, 1429.01, 1252, 153528
1603303552, 0, 75, 132, 101, 24, 1.98%, 0, 0, 3, 1514.78, 1296, 161295
1603303557, 0, 79, 132, 100, 23, 1.98%, 0, 0, 3, 1514.82, 1296, 168957
1603303562, 0, 82, 132, 99, 22, 1.98%, 0, 0, 3, 1501.99, 1296, 176835
1603303568, 0, 84, 132, 98, 21, 1.98%, 0, 0, 3, 1448.70, 1296, 184366
1603303573, 0, 88, 132, 96, 19, 1.98%, 0, 0, 3, 1302.40, 1296, 190853
1603303578, 0, 90, 132, 94, 17, 1.98%, 0, 0, 3, 1301.46, 1296, 197352
1603303583, 0, 92, 132, 92, 15, 1.98%, 0, 0, 3, 1293.03, 1296, 203855
1603303588, 0, 94, 138, 96, 15, 2.01%, 0, 0, 4, 1367.30, 1318, 210704
1603303593, 0, 105, 147, 104, 16, 2.10%, 0, 0, 4, 1356.95, 1374, 217724
1603303598, 0, 110, 150, 105, 21, 2.10%, 0, 0, 4, 1407.22, 1375, 225094
1603303603, 0, 113, 160, 114, 21, 2.12%, 0, 0, 4, 1315.13, 1392, 231557
1603303608, 0, 122, 171, 123, 23, 2.16%, 0, 0, 4, 1340.06, 1413, 238553
1603303613, 0, 126, 177, 127, 23, 2.16%, 0, 0, 4, 1358.48, 1417, 245257
1603303618, 0, 126, 192, 142, 23, 2.19%, 0, 0, 4, 1392.34, 1435, 252349
1603303623, 0, 130, 201, 150, 29, 2.20%, 0, 0, 4, 1370.34, 1442, 259212
1603303628, 0, 132, 214, 162, 29, 2.23%, 0, 0, 5, 1341.97, 1460, 265888
1603303633, 0, 136, 216, 163, 32, 2.23%, 0, 0, 5, 1396.92, 1462, 272963
1603303638, 0, 138, 218, 163, 31, 2.23%, 0, 0, 5, 1412.56, 1464, 280165
1603303644, 0, 139, 218, 162, 30, 2.23%, 0, 0, 5, 1376.14, 1464, 287228
1603303649, 0, 142, 223, 166, 31, 2.24%, 0, 0, 5, 1369.43, 1469, 294087
1603303654, 0, 152, 238, 179, 36, 2.29%, 0, 0, 5, 1388.77, 1500, 301090
1603303659, 0, 153, 254, 194, 35, 2.33%, 0, 0, 5, 1374.89, 1524, 307275
1603303664, 0, 155, 260, 199, 48, 2.33%, 0, 0, 5, 1359.72, 1528, 314096
1603303669, 0, 160, 260, 197, 46, 2.33%, 0, 0, 5, 1372.65, 1528, 321013
1603303674, 0, 169, 260, 195, 44, 2.33%, 0, 0, 5, 1369.55, 1528, 327960
1603303679, 0, 170, 260, 194, 43, 2.33%, 0, 0, 5, 1306.87, 1528, 334450
1603303684, 0, 172, 261, 194, 42, 2.33%, 0, 0, 5, 1356.02, 1528, 341603
1603303689, 0, 174, 272, 204, 42, 2.34%, 0, 0, 5, 1379.25, 1531, 348555
1603303694, 0, 176, 273, 204, 42, 2.34%, 0, 0, 5, 1386.72, 1531, 355636
1603303699, 0, 176, 275, 206, 42, 2.34%, 0, 0, 5, 1393.55, 1533, 362755
1603303704, 0, 188, 281, 211, 42, 2.34%, 0, 0, 5, 1381.31, 1534, 369735
1603303709, 0, 188, 282, 212, 42, 2.34%, 0, 0, 5, 1389.47, 1534, 376832
1603303720, 0, 194, 293, 222, 41, 2.34%, 0, 0, 5, 1375.78, 1534, 390918
1603303725, 0, 198, 306, 234, 41, 2.40%, 0, 0, 5, 1353.46, 1573, 397717
1603303730, 0, 203, 321, 248, 43, 2.40%, 0, 0, 5, 1371.73, 1574, 404574
1603303735, 0, 209, 326, 250, 41, 2.40%, 0, 0, 5, 1376.73, 1574, 411520
1603303740, 0, 210, 326, 249, 40, 2.40%, 0, 0, 5, 1385.98, 1574, 418614
1603303745, 0, 211, 329, 251, 39, 2.40%, 0, 0, 6, 1386.59, 1575, 425595
1603303750, 0, 213, 330, 251, 40, 2.40%, 0, 0, 6, 1388.56, 1575, 432663
1603303755, 0, 215, 330, 249, 38, 2.40%, 0, 0, 6, 1396.23, 1575, 439733
1603303760, 0, 218, 331, 248, 36, 2.40%, 0, 0, 6, 1386.02, 1576, 446806
1603303765, 0, 227, 333, 248, 35, 2.40%, 0, 0, 6, 1391.51, 1576, 453843
1603303770, 0, 231, 340, 252, 35, 2.42%, 0, 0, 6, 1369.35, 1583, 460690
1603303775, 0, 235, 360, 271, 36, 2.45%, 0, 0, 6, 1355.05, 1606, 467518
1603303780, 0, 242, 365, 275, 38, 2.45%, 0, 0, 6, 1372.09, 1607, 474406
1603303785, 0, 243, 368, 277, 38, 2.46%, 0, 0, 6, 1394.87, 1609, 481453
1603303790, 0, 244, 371, 279, 38, 2.46%, 0, 0, 6, 1392.74, 1610, 488432
1603303795, 0, 245, 379, 286, 38, 2.46%, 0, 0, 6, 1390.29, 1615, 495450
1603303801, 0, 246, 382, 288, 43, 2.46%, 0, 0, 6, 1352.03, 1615, 502428
1603303806, 0, 247, 384, 289, 42, 2.46%, 0, 0, 6, 1367.21, 1615, 509311
1603303811, 0, 249, 384, 287, 40, 2.46%, 0, 0, 6, 1362.06, 1615, 516177
1603303816, 0, 250, 384, 286, 39, 2.46%, 0, 0, 6, 1361.41, 1615, 523235
1603303821, 0, 252, 387, 288, 38, 2.46%, 0, 0, 6, 1363.63, 1615, 530215
1603303826, 0, 253, 387, 287, 37, 2.46%, 0, 0, 6, 1387.01, 1615, 537251
1603303831, 0, 254, 387, 286, 36, 2.46%, 0, 0, 6, 1386.01, 1615, 544357
1603303836, 0, 257, 387, 285, 35, 2.46%, 0, 0, 6, 1360.83, 1615, 551155
1603303841, 0, 271, 389, 286, 34, 2.47%, 0, 0, 6, 1388.26, 1618, 558198
1603303846, 0, 276, 390, 286, 34, 2.47%, 0, 0, 6, 1405.67, 1618, 565308
1603303851, 0, 278, 394, 289, 34, 2.47%, 0, 0, 6, 1398.98, 1618, 572386
1603303857, 0, 278, 395, 290, 34, 2.47%, 0, 0, 6, 1360.84, 1618, 579381
1603303872, 0, 280, 399, 293, 34, 2.47%, 0, 0, 6, 1401.63, 1618, 600527
1603303887, 0, 293, 403, 296, 33, 2.47%, 0, 0, 6, 1356.74, 1618, 621607
1603303892, 0, 296, 404, 296, 32, 2.47%, 0, 0, 6, 1298.62, 1618, 628118
1603303898, 0, 300, 411, 302, 33, 2.48%, 0, 0, 6, 1350.89, 1625, 635192
1603303903, 0, 301, 413, 303, 32, 2.48%, 0, 0, 6, 1371.84, 1625, 642340
1603303908, 0, 310, 413, 302, 31, 2.48%, 0, 0, 6, 1359.86, 1625, 649160
1603303913, 0, 318, 418, 306, 31, 2.48%, 0, 0, 6, 1382.31, 1625, 656362
1603303918, 0, 321, 423, 310, 31, 2.48%, 0, 0, 6, 1395.05, 1627, 663367
1603303923, 0, 328, 425, 310, 31, 2.48%, 0, 0, 7, 1392.72, 1627, 670402
1603303928, 0, 330, 425, 309, 30, 2.48%, 0, 0, 7, 1406.32, 1627, 677558
1603303933, 0, 334, 431, 313, 28, 2.49%, 0, 0, 7, 1382.94, 1632, 684561
1603303938, 0, 338, 435, 315, 27, 2.49%, 0, 0, 7, 1385.44, 1632, 691649
1603303943, 0, 344, 444, 321, 29, 2.50%, 0, 0, 7, 1370.32, 1641, 698565
1603303948, 0, 346, 448, 324, 28, 2.50%, 0, 0, 7, 1356.95, 1641, 705375
1603303953, 0, 364, 453, 327, 26, 2.50%, 0, 0, 7, 1382.63, 1641, 712455
1603303958, 0, 367, 454, 327, 26, 2.50%, 0, 0, 7, 1371.47, 1641, 719316
1603303963, 0, 368, 454, 326, 26, 2.50%, 0, 0, 7, 1366.20, 1641, 726190
1603303969, 0, 371, 457, 328, 27, 2.51%, 0, 0, 7, 1383.24, 1643, 733193
1603303974, 0, 372, 458, 328, 26, 2.51%, 0, 0, 7, 1379.81, 1643, 740131
1603303979, 0, 375, 458, 326, 24, 2.51%, 0, 0, 7, 1373.45, 1643, 747113
1603303984, 0, 384, 460, 327, 23, 2.51%, 0, 0, 7, 1378.58, 1643, 754020
1603303989, 0, 388, 462, 328, 23, 2.51%, 0, 0, 7, 1378.00, 1643, 761028
1603303994, 0, 391, 462, 327, 22, 2.51%, 0, 0, 7, 1397.64, 1643, 768101
1603304004, 0, 397, 464, 328, 21, 2.51%, 0, 0, 7, 1390.88, 1643, 782338
1603304014, 0, 398, 465, 328, 21, 2.51%, 0, 0, 7, 1395.52, 1643, 796492
1603304024, 0, 408, 466, 328, 20, 2.51%, 0, 0, 7, 1382.71, 1643, 810573
1603304029, 0, 408, 469, 331, 20, 2.51%, 0, 0, 7, 1358.00, 1643, 817559
1603304034, 0, 418, 472, 332, 18, 2.51%, 0, 0, 7, 1374.42, 1643, 824595
1603304040, 0, 425, 476, 335, 17, 2.51%, 0, 0, 7, 1385.18, 1643, 831548
1603304045, 0, 429, 478, 334, 14, 2.51%, 0, 0, 8, 1373.58, 1643, 838557
1603304050, 0, 435, 483, 337, 14, 2.51%, 0, 0, 8, 1338.26, 1643, 845240
1603304055, 0, 438, 489, 340, 16, 2.60%, 0, 0, 8, 1361.65, 1702, 851540
1603304060, 0, 453, 492, 341, 15, 2.60%, 0, 0, 8, 1374.12, 1702, 858488
1603304065, 0, 455, 501, 349, 14, 2.71%, 0, 0, 8, 1342.92, 1777, 864863
1603304070, 0, 461, 504, 350, 19, 2.72%, 0, 0, 8, 1374.98, 1781, 872117
1603304075, 0, 464, 506, 351, 18, 2.72%, 0, 0, 8, 1391.41, 1781, 879160
1603304090, 0, 478, 510, 354, 17, 2.72%, 0, 0, 8, 1378.06, 1781, 900425
1603304095, 0, 482, 518, 361, 16, 2.72%, 0, 0, 9, 1377.87, 1781, 907395
1603304100, 0, 485, 523, 363, 16, 2.72%, 0, 0, 9, 1398.35, 1782, 914424
1603304105, 0, 493, 523, 359, 12, 2.72%, 0, 0, 9, 1384.05, 1782, 921363
1603304110, 0, 494, 527, 362, 11, 2.72%, 0, 0, 9, 1382.59, 1784, 928276
1603304116, 0, 498, 535, 367, 10, 2.73%, 0, 0, 9, 1390.69, 1789, 935292
1603304121, 0, 503, 542, 372, 10, 2.74%, 0, 0, 9, 1372.93, 1795, 942230
1603304126, 0, 517, 546, 374, 9, 2.74%, 0, 0, 10, 1376.29, 1795, 949162
1603304131, 0, 519, 552, 379, 8, 2.74%, 0, 0, 10, 1380.41, 1795, 956145
1603304136, 0, 537, 560, 384, 7, 2.74%, 0, 0, 10, 1375.77, 1797, 963041
1603304141, 0, 551, 566, 388, 6, 2.74%, 0, 0, 10, 1389.64, 1798, 970044
1603304146, 0, 562, 571, 391, 4, 2.74%, 0, 0, 11, 1369.68, 1798, 976954
1603304151, 0, 571, 574, 392, 3, 2.85%, 0, 0, 12, 1406.73, 1870, 983252
1603304156, 0, 572, 585, 402, 6, 2.89%, 0, 0, 13, 1379.03, 1896, 990185
1603304161, 0, 573, 596, 412, 12, 2.91%, 0, 0, 13, 1419.03, 1910, 997386
1603304166, 0, 575, 600, 415, 11, 2.91%, 0, 0, 13, 1379.99, 1910, 1004407
1603304171, 0, 582, 602, 415, 9, 2.91%, 0, 0, 14, 1370.60, 1910, 1011462
1603304176, 0, 585, 603, 414, 7, 2.91%, 0, 0, 14, 1382.23, 1910, 1018495
1603304181, 0, 591, 605, 414, 5, 2.91%, 0, 0, 14, 1365.13, 1910, 1025386
1603304186, 0, 598, 605, 412, 4, 2.91%, 0, 0, 14, 1383.03, 1910, 1032461
1603304192, 0, 603, 606, 412, 4, 2.92%, 0, 0, 14, 1368.10, 1913, 1039341
1603304197, 1, 8, 607, 411, 2, 2.92%, 0, 0, 15, 1376.53, 1913, 1046360
1603304202, 1, 51, 607, 410, 2, 2.92%, 0, 0, 15, 1396.22, 1913, 1053393
1603304207, 1, 272, 607, 409, 1, 2.92%, 0, 0, 15, 1360.09, 1913, 1060239
1603304212, 1, 392, 615, 416, 3, 2.93%, 0, 0, 15, 1337.79, 1922, 1066950
1603304227, 1, 445, 623, 423, 3, 2.93%, 0, 0, 15, 1381.30, 1922, 1088153
1603304237, 1, 445, 636, 436, 3, 2.93%, 0, 0, 15, 1331.89, 1922, 1101555
1603304242, 1, 474, 636, 435, 3, 2.93%, 0, 0, 15, 1382.78, 1922, 1108573
1603304247, 1, 611, 643, 439, 3, 2.93%, 0, 0, 15, 1395.89, 1922, 1115650
1603304252, 1, 611, 644, 440, 3, 2.93%, 0, 0, 15, 1391.92, 1923, 1122697
1603304257, 1, 611, 646, 442, 3, 2.94%, 0, 0, 15, 1399.97, 1927, 1129764
1603304262, 1, 641, 654, 449, 3, 2.98%, 0, 0, 15, 1385.99, 1955, 1136758
1603304267, 1, 646, 656, 450, 2, 2.98%, 0, 0, 15, 1385.74, 1955, 1143859
1603304278, 1, 651, 658, 451, 3, 2.99%, 0, 0, 15, 1379.62, 1961, 1157980
1603304283, 1, 651, 660, 453, 3, 3.00%, 0, 0, 15, 1385.37, 1967, 1165062
1603304293, 1, 651, 661, 454, 3, 3.00%, 0, 0, 15, 1380.37, 1967, 1179245
1603304298, 1, 654, 661, 453, 4, 3.00%, 0, 0, 15, 1395.68, 1967, 1186349
1603304308, 1, 656, 666, 457, 4, 3.01%, 0, 0, 15, 1383.65, 1970, 1200463
1603304323, 1, 658, 666, 456, 3, 3.01%, 0, 0, 15, 1394.44, 1970, 1221699
1603304339, 1, 659, 666, 455, 2, 3.01%, 0, 0, 15, 1411.52, 1970, 1243167
1603304344, 1, 659, 667, 456, 2, 3.01%, 0, 0, 15, 1412.57, 1970, 1250246
1603304354, 1, 666, 667, 455, 1, 3.01%, 0, 0, 15, 1409.73, 1970, 1264552
1603304359, 1, 666, 668, 456, 1, 3.01%, 0, 0, 15, 1405.51, 1970, 1271687
1603304369, 2, 12, 668, 455, 0, 3.01%, 0, 0, 15, 1422.10, 1970, 1286130
1603304374, 2, 30, 668, 454, 0, 3.01%, 0, 0, 15, 1444.01, 1970, 1293475
1603304379, 2, 35, 668, 453, 0, 3.01%, 0, 0, 15, 1404.70, 1970, 1300540
1603304384, 2, 47, 668, 451, 0, 3.01%, 0, 0, 15, 1387.48, 1970, 1307709
1603304389, 2, 65, 669, 451, 0, 3.01%, 0, 0, 15, 1415.20, 1970, 1314898
1603304395, 2, 95, 671, 451, 0, 3.01%, 0, 0, 15, 1408.55, 1970, 1322167
1603304400, 2, 107, 672, 450, 1, 3.09%, 0, 0, 15, 1390.70, 2024, 1329118
1603304405, 2, 261, 672, 449, 1, 3.09%, 0, 0, 15, 1415.15, 2024, 1336342
1603304415, 2, 261, 688, 465, 1, 3.09%, 0, 0, 15, 1394.22, 2026, 1350432
1603304420, 2, 302, 695, 471, 2, 3.10%, 0, 0, 15, 1388.32, 2029, 1357455
1603304425, 2, 414, 699, 474, 4, 3.10%, 0, 0, 15, 1346.06, 2032, 1364168
1603304435, 2, 508, 701, 475, 4, 3.10%, 0, 0, 15, 1395.29, 2032, 1378047
1603304445, 2, 508, 707, 481, 4, 3.10%, 0, 0, 15, 1404.12, 2032, 1392360
1603304450, 2, 671, 717, 490, 4, 3.10%, 0, 0, 15, 1364.29, 2033, 1399247
1603304456, 2, 671, 718, 491, 4, 3.11%, 0, 0, 15, 1375.41, 2037, 1406313
1603304630, 2, 688, 719, 491, 6, 3.11%, 0, 0, 15, 1154.40, 2038, 1646177
1603305276, 2, 692, 727, 498, 7, 3.12%, 0, 0, 15, 1119.12, 2042, 2262296
1603305444, 2, 707, 727, 497, 6, 3.12%, 0, 0, 15, 1272.42, 2042, 2473856
1603305547, 2, 707, 728, 498, 6, 3.33%, 0, 0, 15, 1312.79, 2183, 2612242
1603305552, 2, 715, 728, 497, 6, 3.33%, 0, 0, 15, 1355.37, 2183, 2619144
1603305654, 2, 715, 730, 499, 6, 3.34%, 0, 0, 15, 1378.43, 2187, 2758601
1603305659, 2, 717, 731, 499, 6, 3.34%, 0, 0, 15, 1245.32, 2187, 2764792
1603305669, 2, 718, 731, 498, 5, 3.34%, 0, 0, 15, 1385.59, 2187, 2778188
1603305756, 2, 721, 731, 497, 4, 3.34%, 0, 0, 15, 1133.88, 2187, 2902408
1603306384, 2, 722, 733, 498, 4, 3.34%, 0, 0, 15, 932.48, 2187, 3521715
1603306751, 2, 722, 734, 499, 4, 3.34%, 0, 0, 15, 722.07, 2190, 3785992
1603308270, 2, 722, 742, 507, 4, 3.35%, 0, 0, 15, 700.13, 2196, 4859470
1603308275, 2, 728, 743, 507, 5, 3.35%, 0, 0, 15, 1107.68, 2196, 4865043
1603308280, 2, 728, 744, 508, 5, 3.35%, 0, 0, 15, 1386.01, 2196, 4872534
1603308362, 2, 729, 744, 507, 5, 3.35%, 0, 0, 15, 1389.00, 2196, 4988476
1603308367, 2, 729, 745, 508, 5, 3.35%, 0, 0, 15, 1362.89, 2197, 4995531
1603308458, 2, 729, 746, 509, 5, 3.35%, 0, 0, 15, 1446.30, 2198, 5126130
1603308463, 2, 729, 747, 510, 5, 3.35%, 0, 0, 15, 1417.32, 2198, 5133249
1603308468, 2, 732, 747, 509, 6, 3.35%, 0, 0, 15, 1104.65, 2198, 5138438
1603311983, 2, 733, 747, 508, 5, 3.35%, 0, 0, 15, 889.12, 2198, 8614907
1603313798, 2, 741, 747, 507, 4, 3.35%, 0, 0, 15, 694.59, 2198, 9954595
1603316329, 2, 743, 747, 506, 3, 3.35%, 0, 0, 15, 1281.47, 2198, 11625619
1603316411, 2, 744, 747, 505, 2, 3.35%, 0, 0, 15, 1498.72, 2198, 11746891
1603316507, 2, 744, 751, 509, 2, 3.36%, 0, 0, 15, 1440.57, 2205, 11889453
1603316512, 2, 745, 751, 508, 4, 3.36%, 0, 0, 15, 1454.06, 2205, 11896768
1603316609, 2, 748, 752, 508, 4, 3.37%, 0, 0, 15, 1452.51, 2207, 12039646
1603316706, 2, 749, 753, 508, 3, 3.37%, 0, 0, 15, 1486.17, 2207, 12184111
1603316788, 2, 750, 753, 507, 2, 3.37%, 0, 0, 15, 1515.03, 2207, 12307720
1603316793, 2, 750, 758, 512, 2, 3.37%, 0, 0, 15, 1502.39, 2207, 12315268
1603316976, 2, 751, 758, 511, 1, 3.37%, 0, 0, 15, 1498.00, 2207, 12586113
1603317140, 3, 3, 758, 510, 0, 3.37%, 0, 0, 15, 1480.39, 2207, 12829667
1603317145, 3, 7, 758, 509, 0, 3.37%, 0, 0, 15, 1543.76, 2207, 12837473
1603317150, 3, 14, 758, 508, 0, 3.37%, 0, 0, 15, 1544.80, 2207, 12845311
1603317155, 3, 42, 758, 506, 0, 3.37%, 0, 0, 15, 1544.53, 2207, 12853093
1603317160, 3, 71, 758, 504, 0, 3.37%, 0, 0, 15, 1491.00, 2207, 12860647
1603317165, 3, 72, 758, 503, 0, 3.37%, 0, 0, 15, 1494.81, 2207, 12868253
1603317170, 3, 100, 758, 502, 0, 3.37%, 0, 0, 15, 1516.94, 2207, 12875937
1603317175, 3, 102, 758, 501, 0, 3.37%, 0, 0, 15, 1519.71, 2207, 12883611
1603317180, 3, 103, 758, 500, 0, 3.37%, 0, 0, 15, 1548.98, 2207, 12891425
1603317185, 3, 109, 758, 499, 0, 3.37%, 0, 0, 15, 1538.66, 2207, 12899209
1603317190, 3, 111, 759, 499, 0, 3.37%, 0, 0, 15, 1545.23, 2207, 12907279
1603317195, 3, 150, 759, 497, 0, 3.37%, 0, 0, 15, 1550.74, 2207, 12915053
1603317200, 3, 159, 759, 496, 0, 3.37%, 0, 0, 15, 1532.74, 2207, 12922813
1603317205, 3, 172, 759, 494, 0, 3.37%, 0, 0, 15, 1475.50, 2207, 12930165
1603317210, 3, 183, 759, 493, 0, 3.37%, 0, 0, 15, 1501.88, 2207, 12937719
1603317221, 3, 184, 759, 492, 0, 3.37%, 0, 0, 15, 1534.63, 2207, 12953469
1603317231, 3, 185, 759, 491, 0, 3.37%, 0, 0, 15, 1547.66, 2207, 12969155
1603317236, 3, 191, 759, 490, 0, 3.37%, 0, 0, 15, 1541.43, 2207, 12976922
1603317241, 3, 193, 759, 489, 0, 3.37%, 0, 0, 15, 1546.82, 2207, 12984780
1603317261, 3, 197, 759, 488, 0, 3.37%, 0, 0, 15, 1531.59, 2207, 13016279
1603317271, 3, 200, 759, 487, 0, 3.37%, 0, 0, 15, 1548.91, 2207, 13032018
1603317277, 3, 208, 763, 489, 0, 3.37%, 0, 0, 15, 1525.95, 2207, 13039754
1603317282, 3, 221, 764, 489, 0, 3.37%, 0, 0, 15, 1534.83, 2207, 13047592
1603317287, 3, 224, 764, 487, 0, 3.37%, 0, 0, 15, 1531.61, 2207, 13055256
1603317292, 3, 260, 764, 486, 0, 3.37%, 0, 0, 15, 1530.67, 2207, 13063086
1603317297, 3, 266, 764, 485, 0, 3.37%, 0, 0, 15, 1550.30, 2207, 13070917
1603317302, 3, 266, 765, 486, 0, 3.37%, 0, 0, 15, 1534.45, 2207, 13078721
1603317307, 3, 268, 765, 485, 0, 3.37%, 0, 0, 15, 1513.44, 2207, 13086303
1603317312, 3, 270, 766, 485, 0, 3.37%, 0, 0, 15, 1539.76, 2207, 13094145
1603317317, 3, 275, 766, 484, 0, 3.37%, 0, 0, 15, 1531.42, 2207, 13101953
1603317338, 3, 277, 766, 483, 0, 3.37%, 0, 0, 15, 1542.33, 2207, 13133539
1603317353, 3, 284, 766, 482, 0, 3.37%, 0, 0, 15, 1531.69, 2207, 13157118
1603317363, 3, 290, 766, 481, 0, 3.37%, 0, 0, 15, 1517.33, 2207, 13172681
1603317379, 3, 293, 766, 480, 0, 3.37%, 0, 0, 15, 1518.23, 2207, 13196058
1603317384, 3, 314, 766, 479, 0, 3.37%, 0, 0, 15, 1503.90, 2207, 13203558
1603317389, 3, 315, 766, 478, 0, 3.37%, 0, 0, 15, 1482.31, 2207, 13211254
1603317394, 3, 335, 767, 477, 0, 3.37%, 0, 0, 15, 1506.46, 2207, 13218852
1603317399, 3, 350, 768, 476, 0, 3.37%, 0, 0, 15, 1510.96, 2207, 13226395
1603317404, 3, 354, 770, 476, 0, 3.37%, 0, 0, 15, 1478.35, 2207, 13233896
1603317409, 3, 359, 771, 476, 0, 3.37%, 0, 0, 15, 1478.01, 2207, 13241297
1603317414, 3, 360, 771, 475, 0, 3.37%, 0, 0, 15, 1455.41, 2207, 13248637
1603317419, 3, 366, 771, 474, 0, 3.37%, 0, 0, 15, 1463.49, 2207, 13256284
1603317424, 3, 370, 771, 473, 0, 3.37%, 0, 0, 15, 1500.92, 2207, 13263837
1603317429, 3, 373, 771, 472, 0, 3.37%, 0, 0, 15, 1490.67, 2207, 13271383
1603317435, 3, 377, 771, 471, 0, 3.37%, 0, 0, 15, 1500.41, 2207, 13279189
1603317440, 3, 379, 772, 471, 0, 3.37%, 0, 0, 15, 1510.24, 2207, 13286880
1603317445, 3, 383, 772, 470, 0, 3.37%, 0, 0, 15, 1491.19, 2207, 13294345
1603317450, 3, 589, 773, 469, 1, 3.37%, 0, 0, 15, 1504.96, 2207, 13301962
1603317455, 3, 665, 774, 468, 1, 3.37%, 0, 0, 15, 1510.09, 2207, 13309590
1603317470, 3, 735, 774, 467, 1, 3.37%, 0, 0, 15, 1102.98, 2207, 13330834
1603320230, 3, 735, 777, 470, 1, 3.37%, 0, 0, 15, 630.08, 2209, 15104106
1603320235, 3, 774, 778, 469, 1, 3.37%, 0, 0, 15, 1102.79, 2209, 15110430
1603327987, 3, 774, 782, 473, 1, 3.40%, 0, 0, 15, 410.45, 2225, 18410877
1603327992, 3, 781, 783, 473, 1, 3.40%, 0, 0, 15, 376.73, 2226, 18412775
1603331494, 3, 781, 784, 474, 1, 3.40%, 0, 0, 15, 357.89, 2227, 19692040
1603339252, 3, 781, 785, 475, 1, 3.40%, 0, 0, 15, 355.65, 2228, 22467289
1603339272, 3, 781, 792, 482, 1, 3.40%, 0, 0, 15, 354.28, 2228, 22474646
1603339277, 3, 781, 799, 489, 1, 3.40%, 0, 0, 15, 349.07, 2230, 22476448
1603339282, 3, 782, 799, 488, 5, 3.40%, 0, 0, 15, 922.85, 2230, 22481292
1603342095, 3, 783, 799, 487, 4, 3.40%, 0, 0, 15, 951.45, 2230, 25759398
1603345691, 3, 783, 800, 488, 4, 3.40%, 0, 0, 15, 357.55, 2230, 27038734
1603353569, 3, 783, 801, 489, 4, 3.41%, 0, 0, 15, 357.92, 2232, 29816101
1603353595, 3, 784, 802, 489, 4, 3.41%, 0, 0, 15, 350.53, 2232, 29825313
1603364981, 3, 788, 802, 488, 3, 3.41%, 0, 0, 15, 350.68, 2232, 33890173
1603376310, 3, 795, 802, 487, 2, 3.41%, 0, 0, 15, 346.97, 2232, 37925028
1603385371, 3, 795, 803, 488, 2, 3.41%, 0, 0, 15, 310.09, 2233, 40782638
