# unix_time, cycles_done, cur_path, paths_total, pending_total, pending_favs, map_size, unique_crashes, unique_hangs, max_depth, execs_per_sec, edge_coverage, total_execs
1606832148, 0, 0, 1, 1, 1, 3.90%, 0, 0, 1, 173.91, 2557, 8
1606832153, 0, 0, 70, 70, 1, 4.36%, 0, 0, 2, 289.63, 2857, 3271
1606832158, 0, 0, 260, 260, 1, 4.57%, 0, 0, 2, 1066.43, 2995, 8390
1606832163, 0, 0, 322, 322, 1, 4.59%, 0, 0, 2, 1006.65, 3007, 13586
1606832168, 0, 0, 366, 366, 1, 4.60%, 0, 0, 2, 885.97, 3015, 17571
1606832174, 0, 0, 381, 381, 1, 4.60%, 0, 0, 2, 930.08, 3015, 22454
1606832179, 0, 0, 385, 385, 1, 4.60%, 0, 0, 2, 523.66, 3015, 24870
1606832184, 0, 0, 386, 386, 1, 4.60%, 0, 0, 2, 319.85, 3015, 26160
1606832214, 0, 0, 387, 387, 1, 4.60%, 0, 0, 2, 304.71, 3015, 36104
1606832239, 0, 0, 388, 388, 1, 4.60%, 0, 0, 2, 289.57, 3015, 43769
1606832244, 0, 0, 389, 389, 1, 4.60%, 0, 0, 2, 294.76, 3015, 45217
1606832255, 0, 0, 390, 390, 1, 4.60%, 0, 0, 2, 306.10, 3015, 48230
1606832265, 0, 0, 391, 391, 1, 4.60%, 0, 0, 2, 315.32, 3015, 51508
1606832325, 0, 0, 392, 392, 1, 4.60%, 0, 0, 2, 315.17, 3015, 70968
1606832341, 0, 0, 393, 393, 1, 4.60%, 0, 0, 2, 382.24, 3015, 76181
1606832356, 0, 0, 395, 395, 1, 4.61%, 0, 0, 2, 347.40, 3020, 81480
1606832361, 0, 0, 396, 396, 1, 4.61%, 0, 0, 2, 330.81, 3024, 83180
1606832366, 0, 0, 399, 399, 1, 4.62%, 0, 0, 2, 326.27, 3026, 84866
1606832402, 0, 0, 402, 402, 1, 4.62%, 0, 0, 2, 271.79, 3026, 95666
1606832447, 0, 0, 403, 403, 1, 4.62%, 0, 0, 2, 314.40, 3026, 109366
1606832463, 0, 0, 404, 404, 1, 4.62%, 0, 0, 2, 304.84, 3026, 113664
1606832483, 0, 0, 406, 406, 1, 4.62%, 0, 0, 2, 304.83, 3028, 119458
1606832488, 0, 0, 408, 408, 1, 4.62%, 0, 0, 2, 301.17, 3030, 120968
1606832498, 0, 0, 409, 409, 1, 4.62%, 0, 0, 2, 302.04, 3030, 123958
1606832508, 0, 0, 411, 411, 1, 4.62%, 0, 0, 2, 317.59, 3031, 127094
1606832513, 0, 0, 456, 456, 1, 4.63%, 0, 0, 2, 284.36, 3035, 128542
1606832518, 0, 0, 516, 516, 1, 4.63%, 0, 0, 2, 282.01, 3036, 129928
1606832523, 0, 0, 546, 546, 1, 4.63%, 0, 0, 2, 273.40, 3036, 131373
1606832528, 0, 0, 568, 568, 1, 4.63%, 0, 0, 2, 242.74, 3036, 132514
1606832533, 0, 0, 575, 575, 1, 4.63%, 0, 0, 2, 224.45, 3036, 133634
1606832544, 0, 0, 576, 576, 1, 4.63%, 0, 0, 2, 269.84, 3036, 136263
1606832549, 0, 0, 578, 578, 1, 4.63%, 0, 0, 2, 296.91, 3036, 137802
1606832554, 0, 0, 579, 579, 1, 4.63%, 0, 0, 2, 313.84, 3036, 139454
1606832559, 0, 0, 581, 581, 1, 4.63%, 0, 0, 2, 303.78, 3036, 141006
1606832564, 0, 0, 583, 583, 1, 4.64%, 0, 0, 2, 298.46, 3039, 142529
1606832569, 0, 0, 585, 585, 1, 4.64%, 0, 0, 2, 286.51, 3039, 143975
1606832574, 0, 0, 586, 586, 1, 4.64%, 0, 0, 2, 286.45, 3039, 145443
1606832579, 0, 0, 587, 587, 1, 4.64%, 0, 0, 2, 288.31, 3039, 146941
1606832584, 0, 0, 588, 588, 1, 4.64%, 0, 0, 2, 285.45, 3039, 148374
1606832589, 0, 0, 589, 589, 1, 4.64%, 0, 0, 2, 277.46, 3039, 149802
1606832594, 0, 0, 590, 590, 1, 4.64%, 0, 0, 2, 279.13, 3039, 151190
1606832625, 0, 0, 592, 592, 1, 4.64%, 0, 0, 2, 283.98, 3039, 159861
1606832640, 0, 0, 593, 593, 1, 4.64%, 0, 0, 2, 279.74, 3041, 164154
1606832661, 0, 0, 595, 595, 1, 4.64%, 0, 0, 2, 273.22, 3041, 169895
1606832666, 0, 0, 596, 596, 1, 4.64%, 0, 0, 2, 270.78, 3041, 171238
1606832671, 0, 0, 597, 597, 1, 4.64%, 0, 0, 2, 279.04, 3041, 172641
1606832681, 0, 0, 599, 599, 1, 4.64%, 0, 0, 2, 271.91, 3041, 175572
1606832701, 0, 0, 600, 600, 1, 4.64%, 0, 0, 2, 285.94, 3043, 181395
1606832706, 0, 0, 601, 601, 1, 4.64%, 0, 0, 2, 280.72, 3043, 182804
