# unix_time, cycles_done, cur_path, paths_total, pending_total, pending_favs, map_size, unique_crashes, unique_hangs, max_depth, execs_per_sec, edge_coverage, total_execs
1602878085, 0, 0, 3, 3, 2, 4.59%, 0, 0, 1, 1.74, 3009, 24
1602878090, 0, 0, 74, 74, 2, 5.06%, 0, 0, 2, 404.75, 3315, 1524
1602878095, 0, 0, 114, 114, 2, 5.14%, 0, 0, 2, 418.09, 3368, 3643
1602878105, 0, 0, 144, 144, 2, 5.24%, 0, 0, 2, 372.72, 3433, 7377
1602878111, 0, 0, 173, 173, 2, 5.32%, 0, 0, 2, 335.28, 3488, 9023
1602878116, 0, 0, 179, 179, 2, 5.33%, 0, 0, 2, 339.44, 3492, 10725
1602878121, 0, 0, 184, 184, 2, 5.34%, 0, 0, 2, 350.17, 3500, 12561
1602878131, 0, 0, 189, 189, 2, 5.36%, 0, 0, 2, 336.08, 3516, 15989
1602878136, 0, 0, 192, 192, 2, 5.37%, 0, 0, 2, 330.16, 3521, 17669
1602878141, 0, 0, 195, 195, 2, 5.38%, 0, 0, 2, 336.77, 3523, 19364
1602878146, 0, 0, 200, 200, 2, 5.46%, 0, 0, 2, 349.80, 3580, 21140
1602878157, 0, 0, 202, 202, 2, 5.46%, 0, 0, 2, 331.42, 3581, 24520
1602878162, 0, 0, 203, 203, 2, 5.50%, 0, 0, 2, 324.56, 3602, 26148
1602878167, 0, 0, 204, 204, 2, 5.50%, 0, 0, 2, 326.17, 3603, 27807
1602878172, 0, 0, 213, 213, 2, 5.50%, 0, 0, 2, 336.34, 3604, 29542
1602878177, 0, 0, 217, 217, 2, 5.52%, 0, 0, 2, 355.32, 3615, 31392
1602878182, 0, 0, 226, 226, 2, 5.59%, 0, 0, 2, 363.81, 3665, 33214
1602878187, 0, 0, 228, 228, 2, 5.60%, 0, 0, 2, 350.24, 3667, 34966
1602878192, 0, 0, 231, 231, 2, 5.60%, 0, 0, 2, 342.87, 3668, 36768
1602878213, 0, 0, 232, 232, 2, 5.60%, 0, 0, 2, 336.61, 3668, 43850
1602878223, 0, 0, 234, 234, 2, 5.60%, 0, 0, 2, 328.50, 3669, 47310
1602878248, 0, 0, 238, 238, 2, 5.61%, 0, 0, 2, 326.22, 3676, 55586
1602878254, 0, 0, 242, 242, 2, 5.61%, 0, 0, 2, 319.88, 3678, 57244
1602878259, 0, 0, 244, 244, 2, 5.61%, 0, 0, 2, 327.02, 3678, 58868
1602878264, 0, 0, 246, 246, 2, 5.62%, 0, 0, 2, 355.74, 3682, 60685
1602878289, 0, 0, 257, 257, 2, 5.66%, 0, 0, 2, 352.31, 3710, 69546
1602878294, 0, 0, 266, 266, 2, 5.68%, 0, 0, 2, 349.23, 3723, 71294
1602878299, 0, 0, 274, 274, 2, 5.70%, 0, 0, 2, 350.54, 3733, 73087
1602878319, 0, 0, 276, 276, 2, 5.71%, 0, 0, 2, 337.48, 3739, 80026
1602878334, 0, 0, 280, 280, 2, 5.76%, 0, 0, 2, 321.36, 3777, 84900
1602878339, 0, 0, 285, 285, 2, 5.77%, 0, 0, 2, 359.06, 3782, 86739
1602878344, 0, 0, 290, 290, 2, 5.78%, 0, 0, 2, 363.57, 3786, 88613
1602878375, 0, 0, 293, 293, 2, 5.78%, 0, 0, 2, 332.81, 3789, 99442
1602878401, 0, 0, 294, 294, 2, 5.78%, 0, 0, 2, 312.62, 3789, 107634
1602878411, 0, 0, 304, 304, 2, 5.79%, 0, 0, 2, 356.53, 3795, 111151
1602878416, 0, 0, 312, 312, 2, 5.79%, 0, 0, 2, 361.17, 3796, 112993
1602878421, 0, 2, 315, 314, 142, 5.79%, 0, 0, 2, 384.55, 3796, 114947
1602878426, 0, 4, 317, 315, 142, 5.79%, 0, 0, 2, 395.39, 3797, 116957
1602878497, 0, 6, 317, 314, 141, 5.79%, 0, 0, 2, 394.50, 3797, 145413
1602878522, 0, 6, 318, 315, 141, 5.79%, 0, 0, 3, 406.40, 3797, 155598
1602878528, 0, 7, 318, 314, 140, 5.79%, 0, 0, 3, 404.16, 3797, 157649
1602878533, 0, 13, 318, 313, 139, 5.79%, 0, 0, 3, 387.91, 3797, 159638
1602878609, 0, 14, 318, 312, 138, 5.79%, 0, 0, 3, 386.76, 3797, 189398
1602878681, 0, 18, 318, 311, 137, 5.79%, 0, 0, 3, 393.26, 3797, 217493
1602878767, 0, 18, 319, 312, 137, 5.79%, 0, 0, 3, 378.84, 3797, 249313
1602878772, 0, 18, 320, 313, 137, 5.79%, 0, 0, 3, 375.97, 3797, 251211
1602878900, 0, 21, 321, 313, 136, 5.79%, 0, 0, 3, 392.13, 3797, 299558
1602878976, 0, 21, 322, 314, 136, 5.79%, 0, 0, 3, 388.33, 3797, 329421
1602878981, 0, 22, 322, 313, 135, 5.79%, 0, 0, 3, 395.33, 3797, 331440
1602879058, 0, 23, 322, 312, 134, 5.79%, 0, 0, 3, 386.00, 3797, 361391
1602879135, 0, 25, 322, 311, 133, 5.79%, 0, 0, 3, 392.47, 3797, 391104
1602879211, 0, 25, 323, 312, 133, 5.79%, 0, 0, 3, 390.27, 3797, 420578
1602879216, 0, 26, 323, 311, 132, 5.79%, 0, 0, 3, 392.76, 3797, 422575
1602879292, 0, 27, 323, 310, 131, 5.79%, 0, 0, 3, 396.66, 3797, 452075
1602879369, 0, 28, 323, 309, 130, 5.79%, 0, 0, 3, 392.44, 3797, 481834
1602879374, 0, 28, 324, 310, 130, 5.79%, 0, 0, 3, 360.04, 3797, 483652
1602879389, 0, 28, 327, 313, 130, 5.79%, 0, 0, 3, 323.42, 3797, 488523
1602879460, 0, 28, 328, 314, 130, 5.79%, 0, 0, 3, 332.46, 3797, 511450
1602879684, 0, 28, 329, 315, 130, 5.79%, 0, 0, 3, 314.83, 3797, 586206
1602879699, 0, 33, 330, 315, 129, 5.79%, 0, 0, 3, 372.71, 3797, 591437
1602879781, 0, 34, 330, 314, 128, 5.79%, 0, 0, 3, 380.65, 3797, 622925
1602879863, 0, 36, 330, 313, 127, 5.79%, 0, 0, 3, 390.77, 3797, 654304
1602879868, 0, 36, 334, 317, 127, 5.80%, 0, 0, 3, 357.50, 3799, 656160
1602879883, 0, 36, 335, 318, 127, 5.80%, 0, 0, 3, 320.00, 3799, 660984
1602879893, 0, 36, 336, 319, 127, 5.80%, 0, 0, 3, 333.64, 3799, 664314
1602879955, 0, 36, 338, 321, 127, 5.80%, 0, 0, 3, 342.80, 3799, 684035
1602880077, 0, 36, 339, 322, 127, 5.80%, 0, 0, 3, 358.19, 3801, 725197
1602880118, 0, 36, 341, 324, 127, 5.80%, 0, 0, 3, 347.71, 3801, 738736
1602880194, 0, 37, 342, 324, 128, 5.80%, 0, 0, 3, 380.37, 3801, 764849
1602880276, 0, 39, 342, 323, 127, 5.80%, 0, 0, 3, 396.38, 3801, 796782
1602880357, 0, 40, 342, 322, 127, 5.80%, 0, 0, 3, 388.42, 3801, 828486
1602880444, 0, 41, 342, 321, 126, 5.80%, 0, 0, 3, 386.87, 3801, 861845
1602880520, 0, 41, 344, 323, 126, 5.80%, 0, 0, 3, 386.64, 3801, 891359
1602880531, 0, 45, 346, 324, 127, 5.81%, 0, 0, 3, 390.72, 3805, 895324
1602880617, 0, 46, 346, 323, 126, 5.81%, 0, 0, 3, 384.29, 3805, 928862
1602880622, 0, 46, 347, 324, 126, 5.81%, 0, 0, 3, 346.92, 3810, 930585
1602880627, 0, 46, 348, 325, 126, 5.81%, 0, 0, 3, 321.02, 3810, 932195
1602880638, 0, 46, 349, 326, 126, 5.81%, 0, 0, 3, 316.79, 3810, 935395
1602880948, 0, 47, 349, 325, 126, 5.81%, 0, 0, 3, 345.22, 3810, 1037796
1602881039, 0, 48, 349, 324, 125, 5.81%, 0, 0, 3, 359.63, 3810, 1072495
1602881044, 0, 48, 350, 325, 125, 5.81%, 0, 0, 3, 329.38, 3810, 1074131
1602881370, 0, 49, 350, 324, 124, 5.81%, 0, 0, 3, 381.23, 3810, 1181577
1602881391, 0, 49, 351, 325, 124, 5.81%, 0, 0, 3, 381.33, 3810, 1189358
1602881447, 0, 49, 352, 326, 124, 5.81%, 0, 0, 3, 387.69, 3810, 1210991
1602881457, 0, 54, 352, 325, 123, 5.81%, 0, 0, 3, 385.21, 3810, 1214977
1602881569, 0, 55, 352, 324, 122, 5.81%, 0, 0, 3, 386.63, 3810, 1258383
1602881656, 0, 57, 352, 323, 121, 5.81%, 0, 0, 3, 387.88, 3810, 1292115
1602881754, 0, 59, 352, 322, 120, 5.81%, 0, 0, 3, 385.09, 3810, 1329591
1602881846, 0, 60, 352, 321, 119, 5.81%, 0, 0, 3, 387.05, 3810, 1364672
1602881938, 0, 63, 352, 320, 118, 5.81%, 0, 0, 3, 385.48, 3810, 1400295
1602882019, 0, 63, 353, 321, 118, 5.82%, 0, 0, 3, 378.17, 3811, 1431536
1602882034, 0, 66, 353, 320, 118, 5.82%, 0, 0, 3, 387.03, 3811, 1437477
1602882126, 0, 68, 355, 321, 117, 5.82%, 0, 0, 3, 392.45, 3811, 1473498
1602882198, 0, 68, 356, 322, 117, 5.82%, 0, 0, 3, 386.74, 3811, 1501051
1602882218, 0, 69, 356, 321, 116, 5.82%, 0, 0, 3, 386.25, 3811, 1508930
1602882315, 0, 70, 357, 321, 115, 5.82%, 0, 0, 3, 359.36, 3811, 1546556
1602882340, 0, 70, 358, 322, 115, 5.82%, 0, 0, 3, 330.48, 3811, 1554698
1602882641, 0, 70, 359, 323, 115, 5.82%, 0, 0, 3, 346.30, 3811, 1654008
1602882646, 0, 71, 359, 322, 114, 5.82%, 0, 0, 3, 375.97, 3811, 1656012
1602882738, 0, 74, 359, 321, 113, 5.82%, 0, 0, 3, 380.45, 3811, 1691253
1602882743, 0, 74, 361, 323, 113, 5.82%, 0, 0, 3, 345.26, 3811, 1692936
1602882834, 0, 74, 362, 324, 113, 5.85%, 0, 0, 3, 343.85, 3834, 1722283
1602883069, 0, 77, 362, 323, 113, 5.85%, 0, 0, 3, 371.64, 3834, 1800442
1602883166, 0, 79, 362, 322, 112, 5.85%, 0, 0, 3, 376.16, 3834, 1837851
1602883171, 0, 79, 364, 324, 112, 5.85%, 0, 0, 3, 340.88, 3834, 1839569
1602883197, 0, 79, 365, 325, 112, 5.85%, 0, 0, 3, 333.58, 3834, 1847651
1602883263, 0, 79, 367, 327, 112, 5.85%, 0, 0, 3, 353.69, 3834, 1868914
1602883497, 0, 90, 367, 326, 111, 5.85%, 0, 0, 3, 371.75, 3834, 1947539
1602883620, 0, 92, 367, 325, 110, 5.85%, 0, 0, 3, 377.20, 3834, 1994449
1602883625, 0, 92, 368, 326, 110, 5.85%, 0, 0, 3, 363.64, 3834, 1996274
1602883640, 0, 92, 369, 327, 110, 5.85%, 0, 0, 3, 360.76, 3834, 2001700
1602883671, 0, 92, 370, 328, 110, 5.85%, 0, 0, 3, 366.54, 3835, 2012663
1602883859, 0, 93, 370, 327, 110, 5.85%, 0, 0, 3, 374.13, 3835, 2081565
1602883915, 0, 93, 371, 328, 110, 5.85%, 0, 0, 3, 360.40, 3836, 2101504
1602884104, 0, 94, 371, 327, 110, 5.85%, 0, 0, 3, 370.60, 3836, 2170137
1602884349, 0, 95, 371, 326, 109, 5.85%, 0, 0, 3, 369.93, 3836, 2258755
1602884400, 0, 95, 372, 327, 109, 5.85%, 0, 0, 3, 359.26, 3837, 2276856
1602884593, 0, 96, 372, 326, 109, 5.85%, 0, 0, 3, 369.10, 3837, 2347101
1602884644, 0, 96, 373, 327, 109, 5.86%, 0, 0, 3, 367.10, 3838, 2365286
1602884837, 0, 97, 373, 326, 109, 5.86%, 0, 0, 3, 358.43, 3838, 2434959
1602884842, 0, 97, 374, 327, 109, 5.86%, 0, 0, 3, 333.91, 3838, 2436604
1602884893, 0, 97, 375, 328, 109, 5.88%, 0, 0, 3, 333.70, 3851, 2452753
1602885087, 0, 97, 376, 329, 109, 5.88%, 0, 0, 3, 322.95, 3851, 2517041
1602885163, 0, 98, 376, 328, 109, 5.88%, 0, 0, 3, 359.57, 3851, 2543120
1602885214, 0, 98, 377, 329, 109, 5.88%, 0, 0, 3, 365.63, 3852, 2561480
1602885408, 0, 99, 377, 328, 109, 5.88%, 0, 0, 3, 363.58, 3852, 2631991
1602885459, 0, 99, 378, 329, 109, 5.88%, 0, 0, 3, 353.68, 3853, 2650260
1602885652, 0, 101, 379, 329, 109, 5.88%, 0, 0, 3, 362.23, 3853, 2720962
1602885704, 0, 101, 380, 330, 109, 5.88%, 0, 0, 3, 364.70, 3854, 2739385
1602885892, 0, 102, 380, 329, 109, 5.88%, 0, 0, 3, 370.47, 3854, 2808170
1602885943, 0, 102, 381, 330, 109, 5.88%, 0, 0, 3, 352.02, 3855, 2826394
1602886137, 0, 103, 381, 329, 109, 5.88%, 0, 0, 3, 378.11, 3855, 2897291
1602886188, 0, 103, 382, 330, 109, 5.88%, 0, 0, 3, 367.75, 3856, 2915791
1602886377, 0, 104, 382, 329, 109, 5.88%, 0, 0, 3, 366.48, 3856, 2984730
1602886382, 0, 104, 384, 331, 109, 5.88%, 0, 0, 3, 344.22, 3856, 2986437
1602886437, 0, 104, 385, 332, 109, 5.89%, 0, 0, 3, 335.52, 3857, 3004254
1602886707, 0, 105, 385, 331, 109, 5.89%, 0, 0, 3, 353.42, 3857, 3093900
1602886712, 0, 105, 386, 332, 109, 5.89%, 0, 0, 3, 337.49, 3857, 3095579
1602886763, 0, 105, 387, 333, 109, 5.89%, 0, 0, 3, 330.50, 3858, 3111800
1602887032, 0, 107, 387, 332, 109, 5.89%, 0, 0, 3, 363.73, 3858, 3202335
1602887038, 0, 107, 389, 334, 109, 5.89%, 0, 0, 3, 367.18, 3858, 3204199
1602887084, 0, 107, 390, 335, 109, 5.89%, 0, 0, 3, 355.75, 3859, 3220697
1602887277, 0, 112, 390, 334, 109, 5.89%, 0, 0, 3, 380.64, 3859, 3291930
1602887282, 0, 112, 395, 339, 109, 5.89%, 0, 0, 3, 375.62, 3861, 3293874
1602887405, 0, 112, 396, 340, 109, 5.89%, 0, 0, 3, 387.06, 3863, 3340271
1602887420, 0, 112, 398, 342, 109, 5.89%, 0, 0, 3, 382.55, 3863, 3346164
1602887456, 0, 113, 401, 344, 110, 5.89%, 0, 0, 3, 373.34, 3863, 3359574
1602887635, 0, 114, 401, 343, 109, 5.89%, 0, 0, 3, 382.12, 3863, 3427391
1602887819, 0, 116, 401, 342, 108, 5.89%, 0, 0, 3, 378.45, 3863, 3495997
1602887835, 0, 116, 412, 353, 108, 5.91%, 0, 0, 3, 370.37, 3870, 3501615
1602887881, 0, 116, 413, 354, 108, 5.91%, 0, 0, 3, 370.01, 3870, 3518477
1602887988, 0, 116, 416, 357, 108, 5.91%, 0, 0, 3, 370.84, 3870, 3558822
1602888024, 0, 116, 420, 361, 108, 5.91%, 0, 0, 3, 368.94, 3870, 3572368
1602888039, 0, 118, 420, 360, 108, 5.91%, 0, 0, 3, 371.84, 3870, 3578006
1602888229, 0, 119, 420, 359, 107, 5.91%, 0, 0, 3, 373.66, 3870, 3648150
1602888411, 0, 120, 421, 359, 106, 5.91%, 0, 0, 3, 375.39, 3873, 3716066
1602888600, 0, 123, 421, 358, 105, 5.91%, 0, 0, 3, 380.24, 3873, 3785745
1602888615, 0, 123, 422, 359, 105, 5.92%, 0, 0, 3, 365.14, 3878, 3791367
1602888788, 0, 124, 422, 358, 105, 5.92%, 0, 0, 3, 366.11, 3878, 3855523
1602888982, 0, 127, 422, 357, 104, 5.92%, 0, 0, 3, 380.82, 3878, 3927355
1602889171, 0, 129, 422, 356, 103, 5.92%, 0, 0, 3, 376.06, 3878, 3996716
1602889364, 0, 130, 422, 355, 102, 5.92%, 0, 0, 3, 351.24, 3878, 4068411
1602889690, 0, 137, 422, 354, 101, 5.92%, 0, 0, 3, 356.81, 3878, 4176053
1602889903, 0, 140, 422, 353, 100, 5.92%, 0, 0, 3, 373.41, 3878, 4254645
1602890123, 0, 144, 423, 353, 99, 5.92%, 0, 0, 3, 354.02, 3878, 4335442
1602890383, 0, 152, 423, 352, 98, 5.92%, 0, 0, 3, 361.74, 3878, 4423705
1602890653, 0, 153, 423, 351, 97, 5.92%, 0, 0, 3, 347.04, 3878, 4515168
1602890913, 0, 153, 424, 352, 97, 5.92%, 0, 0, 3, 341.37, 3878, 4602762
1602890918, 0, 154, 424, 351, 96, 5.92%, 0, 0, 3, 356.41, 3878, 4604520
1602891188, 0, 154, 425, 352, 96, 5.92%, 0, 0, 3, 338.53, 3878, 4695438
1602891193, 0, 156, 425, 351, 95, 5.92%, 0, 0, 3, 360.93, 3878, 4697357
1602891468, 0, 160, 425, 350, 94, 5.92%, 0, 0, 3, 345.44, 3878, 4789943
1602891738, 0, 166, 425, 349, 93, 5.92%, 0, 0, 3, 344.23, 3878, 4881492
1602891743, 0, 166, 426, 350, 93, 5.92%, 0, 0, 3, 344.11, 3878, 4883252
1602891971, 0, 166, 427, 351, 93, 5.92%, 0, 0, 3, 374.52, 3878, 4959023
1602892028, 0, 166, 429, 353, 93, 5.92%, 0, 0, 3, 338.13, 3878, 4978483
1602892033, 0, 168, 429, 352, 93, 5.92%, 0, 0, 3, 350.80, 3878, 4980298
1602892318, 0, 170, 430, 352, 92, 5.92%, 0, 0, 3, 352.66, 3878, 5077448
1602892334, 0, 170, 431, 353, 92, 5.92%, 0, 0, 3, 319.58, 3878, 5082438
1602892359, 0, 170, 433, 355, 92, 5.92%, 0, 0, 3, 324.44, 3878, 5090822
1602892563, 0, 170, 435, 357, 92, 5.92%, 0, 0, 3, 320.76, 3878, 5158387
1602892640, 0, 171, 435, 356, 91, 5.92%, 0, 0, 3, 349.86, 3878, 5184664
1602892737, 0, 171, 436, 357, 91, 5.92%, 0, 0, 3, 355.74, 3878, 5216526
1602892966, 0, 172, 436, 356, 90, 5.92%, 0, 0, 3, 365.86, 3878, 5294136
1602893201, 0, 173, 436, 355, 89, 5.92%, 0, 0, 3, 376.00, 3878, 5380916
1602893277, 0, 175, 436, 354, 88, 5.92%, 0, 0, 3, 389.36, 3878, 5411026
1602893354, 0, 179, 436, 353, 87, 5.92%, 0, 0, 3, 397.65, 3878, 5441015
1602893440, 0, 180, 436, 352, 86, 5.92%, 0, 0, 3, 394.57, 3878, 5474608
1602893527, 0, 183, 436, 351, 85, 5.92%, 0, 0, 3, 387.42, 3878, 5508026
1602893624, 0, 184, 436, 350, 84, 5.92%, 0, 0, 3, 382.56, 3878, 5545634
1602893808, 0, 185, 436, 349, 83, 5.92%, 0, 0, 3, 378.40, 3878, 5614675
1602893992, 0, 186, 436, 348, 82, 5.92%, 0, 0, 3, 378.06, 3878, 5683577
1602894180, 0, 188, 436, 347, 81, 5.92%, 0, 0, 3, 380.09, 3878, 5753999
1602894374, 0, 191, 436, 346, 80, 5.92%, 0, 0, 3, 358.44, 3878, 5826344
1602894466, 0, 191, 437, 347, 80, 5.92%, 0, 0, 3, 352.84, 3878, 5856759
1602894644, 0, 197, 437, 346, 79, 5.92%, 0, 0, 3, 381.36, 3878, 5918802
1602894689, 0, 197, 438, 347, 79, 5.92%, 0, 0, 3, 391.79, 3878, 5936693
1602894735, 0, 198, 438, 346, 78, 5.92%, 0, 0, 3, 377.99, 3878, 5954522
1602894740, 0, 198, 439, 347, 78, 5.92%, 0, 0, 3, 347.36, 3880, 5956225
1602894766, 0, 198, 440, 348, 78, 5.92%, 0, 0, 3, 336.61, 3880, 5964553
1602894791, 0, 198, 441, 349, 78, 5.92%, 0, 0, 3, 339.19, 3880, 5972658
1602894796, 0, 198, 442, 350, 78, 5.92%, 0, 0, 3, 322.23, 3880, 5974292
1602894949, 0, 198, 444, 352, 78, 5.93%, 0, 0, 3, 354.64, 3885, 6025490
1602894994, 0, 198, 446, 354, 78, 5.93%, 0, 0, 3, 360.63, 3887, 6041002
1602895060, 0, 199, 446, 353, 83, 5.93%, 0, 0, 3, 367.27, 3887, 6063551
1602895299, 0, 202, 446, 352, 82, 5.93%, 0, 0, 3, 377.14, 3887, 6151618
1602895320, 0, 202, 448, 354, 82, 5.93%, 0, 0, 3, 324.27, 3887, 6158404
1602895346, 0, 202, 449, 355, 82, 5.93%, 0, 0, 3, 326.28, 3887, 6166948
1602895392, 0, 202, 450, 356, 82, 5.93%, 0, 0, 3, 348.14, 3887, 6182604
1602895474, 0, 202, 452, 358, 82, 5.95%, 0, 0, 3, 353.67, 3898, 6211241
1602895560, 0, 203, 452, 357, 82, 5.95%, 0, 0, 3, 369.21, 3898, 6242021
1602895647, 0, 216, 452, 356, 81, 5.95%, 0, 0, 3, 397.05, 3898, 6275793
1602895652, 0, 216, 453, 357, 81, 5.95%, 0, 0, 3, 352.46, 3899, 6277565
1602895738, 0, 216, 454, 358, 81, 5.95%, 0, 0, 3, 332.79, 3900, 6305247
1602895860, 0, 216, 455, 359, 81, 5.95%, 0, 0, 3, 344.85, 3900, 6346326
1602895896, 0, 216, 456, 360, 81, 5.95%, 0, 0, 3, 316.94, 3900, 6358160
1602895901, 0, 216, 457, 361, 81, 5.95%, 0, 0, 3, 348.78, 3900, 6359958
1602895973, 0, 221, 457, 360, 81, 5.95%, 0, 0, 3, 371.48, 3900, 6384580
1602896059, 0, 227, 457, 359, 80, 5.95%, 0, 0, 3, 383.24, 3900, 6418157
1602896064, 0, 227, 458, 360, 80, 5.95%, 0, 0, 3, 353.85, 3901, 6419905
1602896115, 0, 227, 459, 361, 80, 5.95%, 0, 0, 3, 334.84, 3901, 6436207
1602896156, 0, 227, 460, 362, 80, 5.95%, 0, 0, 3, 357.16, 3901, 6449691
1602896161, 0, 227, 461, 363, 80, 5.95%, 0, 0, 3, 342.24, 3902, 6451389
1602896176, 0, 227, 462, 364, 80, 5.95%, 0, 0, 3, 355.49, 3902, 6456540
1602896318, 0, 227, 463, 365, 80, 5.95%, 0, 0, 3, 351.59, 3902, 6504411
1602896385, 0, 229, 465, 366, 81, 5.95%, 0, 0, 3, 371.31, 3902, 6527172
1602896492, 0, 232, 465, 365, 80, 5.95%, 0, 0, 3, 374.91, 3902, 6568557
1602896671, 0, 236, 465, 364, 79, 5.95%, 0, 0, 3, 375.85, 3902, 6636197
1602896850, 0, 236, 466, 365, 79, 5.96%, 0, 0, 3, 353.85, 3909, 6696774
1602896875, 0, 236, 467, 366, 79, 5.96%, 0, 0, 3, 342.02, 3909, 6705776
1602896936, 0, 237, 467, 365, 79, 5.96%, 0, 0, 3, 359.69, 3909, 6727405
1602897116, 0, 237, 468, 366, 79, 5.96%, 0, 0, 3, 346.90, 3909, 6787799
1602897207, 0, 238, 469, 366, 78, 5.96%, 0, 0, 3, 356.22, 3909, 6819719
1602897478, 0, 244, 469, 365, 77, 5.96%, 0, 0, 3, 352.20, 3909, 6911866
1602897569, 0, 244, 470, 366, 77, 5.96%, 0, 0, 3, 340.17, 3909, 6941762
1602897804, 0, 245, 470, 365, 76, 5.96%, 0, 0, 3, 350.61, 3909, 7020311
1602897885, 0, 246, 470, 364, 75, 5.96%, 0, 0, 3, 397.21, 3909, 7051965
1602897890, 0, 250, 471, 363, 73, 5.97%, 0, 0, 3, 394.62, 3910, 7053961
1602897967, 0, 251, 471, 362, 73, 5.97%, 0, 0, 3, 391.81, 3910, 7083710
1602897993, 0, 251, 472, 363, 73, 5.97%, 0, 0, 3, 391.18, 3912, 7093605
1602898013, 0, 251, 473, 364, 73, 5.97%, 0, 0, 3, 391.42, 3914, 7101462
1602898049, 0, 251, 474, 365, 73, 5.98%, 0, 0, 3, 379.77, 3916, 7115233
1602898054, 0, 252, 475, 365, 75, 5.98%, 0, 0, 3, 383.73, 3916, 7117157
1602898146, 0, 253, 475, 364, 74, 5.98%, 0, 0, 3, 395.27, 3916, 7152918
1602898232, 0, 254, 475, 363, 73, 5.98%, 0, 0, 3, 385.19, 3916, 7186499
1602898309, 0, 254, 476, 364, 73, 5.98%, 0, 0, 3, 384.43, 3916, 7216019
1602898324, 0, 255, 476, 363, 72, 5.98%, 0, 0, 3, 387.29, 3916, 7221887
1602898406, 0, 255, 478, 365, 72, 5.98%, 0, 0, 3, 394.15, 3917, 7253673
1602898416, 0, 256, 479, 365, 72, 5.98%, 0, 0, 3, 395.42, 3919, 7257656
1602898523, 0, 258, 480, 365, 71, 5.98%, 0, 0, 3, 394.46, 3919, 7299573
1602898565, 0, 258, 482, 367, 71, 5.98%, 0, 0, 3, 372.22, 3921, 7314933
1602898641, 0, 258, 483, 368, 71, 5.98%, 0, 0, 3, 370.23, 3922, 7343435
1602898713, 0, 258, 484, 369, 71, 5.99%, 0, 0, 3, 364.89, 3924, 7370281
1602898718, 0, 259, 484, 368, 73, 5.99%, 0, 0, 3, 372.35, 3924, 7372174
1602898937, 0, 261, 484, 367, 72, 5.99%, 0, 0, 3, 384.94, 3924, 7453476
1602898983, 0, 261, 485, 368, 72, 5.99%, 0, 0, 3, 320.58, 3924, 7468427
1602899121, 0, 261, 486, 369, 72, 5.99%, 0, 0, 3, 348.09, 3924, 7515123
1602899213, 0, 262, 486, 368, 71, 5.99%, 0, 0, 3, 366.42, 3924, 7547103
1602899483, 0, 263, 486, 367, 70, 5.99%, 0, 0, 3, 358.28, 3924, 7638375
1602899631, 0, 263, 487, 368, 70, 5.99%, 0, 0, 3, 321.81, 3925, 7686738
1602899667, 0, 263, 488, 369, 70, 5.99%, 0, 0, 3, 351.72, 3925, 7699184
1602899764, 0, 265, 488, 368, 70, 5.99%, 0, 0, 3, 374.68, 3925, 7732692
1602899840, 0, 269, 488, 367, 69, 5.99%, 0, 0, 3, 354.48, 3925, 7762081
1602900172, 0, 274, 488, 366, 68, 5.99%, 0, 0, 3, 364.93, 3925, 7871250
1602900360, 0, 275, 488, 365, 67, 5.99%, 0, 0, 3, 377.16, 3925, 7940853
1602900554, 0, 277, 489, 365, 66, 5.99%, 0, 0, 3, 356.93, 3925, 8012592
1602900574, 0, 277, 495, 371, 66, 6.00%, 0, 0, 3, 311.33, 3933, 8019079
1602900600, 0, 277, 497, 373, 66, 6.01%, 0, 0, 3, 316.59, 3936, 8027235
1602900717, 0, 277, 498, 374, 66, 6.01%, 0, 0, 3, 320.83, 3936, 8065290
1602900722, 0, 277, 505, 381, 66, 6.02%, 0, 0, 3, 319.78, 3948, 8066948
1602900763, 0, 277, 506, 382, 66, 6.03%, 0, 0, 3, 342.51, 3950, 8080843
1602900799, 0, 277, 507, 383, 66, 6.03%, 0, 0, 3, 321.50, 3950, 8092779
1602900804, 0, 277, 509, 385, 66, 6.04%, 0, 0, 3, 318.41, 3957, 8094373
1602900870, 0, 277, 511, 387, 66, 6.04%, 0, 0, 3, 317.38, 3961, 8116849
1602900885, 0, 278, 511, 386, 78, 6.04%, 0, 0, 3, 343.22, 3961, 8121958
1602900971, 0, 278, 512, 387, 78, 6.04%, 0, 0, 3, 352.76, 3961, 8149724
1602901032, 0, 278, 513, 388, 78, 6.04%, 0, 0, 3, 321.60, 3961, 8169975
1602901104, 0, 278, 514, 389, 78, 6.04%, 0, 0, 3, 329.23, 3961, 8194403
1602901176, 0, 280, 514, 388, 78, 6.04%, 0, 0, 3, 359.00, 3961, 8218991
1602901181, 0, 283, 514, 387, 77, 6.04%, 0, 0, 3, 382.24, 3961, 8220969
1602901252, 0, 284, 514, 386, 76, 6.04%, 0, 0, 3, 385.40, 3961, 8248329
1602901282, 0, 284, 515, 387, 76, 6.05%, 0, 0, 3, 325.51, 3967, 8258103
1602901587, 0, 285, 517, 388, 76, 6.05%, 0, 0, 3, 339.17, 3967, 8358940
1602901673, 0, 285, 520, 391, 76, 6.05%, 0, 0, 3, 347.91, 3967, 8386539
1602901841, 0, 285, 521, 392, 76, 6.05%, 0, 0, 3, 345.39, 3967, 8442340
1602901917, 0, 287, 521, 391, 75, 6.05%, 0, 0, 3, 373.75, 3967, 8468349
1602902009, 0, 290, 521, 390, 74, 6.05%, 0, 0, 3, 375.12, 3967, 8503505
1602902126, 0, 290, 522, 391, 74, 6.05%, 0, 0, 3, 363.20, 3968, 8545808
1602902197, 0, 291, 522, 390, 74, 6.05%, 0, 0, 3, 372.72, 3968, 8572116
1602902390, 0, 305, 522, 389, 73, 6.05%, 0, 0, 3, 371.62, 3968, 8642813
1602902395, 0, 305, 523, 390, 73, 6.05%, 0, 0, 3, 367.21, 3968, 8644669
1602902497, 0, 305, 524, 391, 73, 6.06%, 0, 0, 3, 368.70, 3971, 8681934
1602902579, 0, 314, 526, 392, 73, 6.06%, 0, 0, 3, 379.36, 3971, 8712292
1602902584, 0, 314, 528, 394, 73, 6.06%, 0, 0, 3, 378.21, 3971, 8714219
1602902722, 0, 315, 528, 393, 72, 6.06%, 0, 0, 3, 386.25, 3971, 8766721
1602902727, 0, 318, 528, 391, 70, 6.06%, 0, 0, 3, 376.63, 3971, 8768633
1602902814, 0, 318, 529, 392, 70, 6.06%, 0, 0, 4, 363.61, 3971, 8799711
1602902952, 0, 319, 529, 391, 69, 6.06%, 0, 0, 4, 365.70, 3971, 8850003
1602902957, 0, 319, 531, 393, 69, 6.06%, 0, 0, 4, 364.35, 3971, 8851871
1602902983, 0, 319, 533, 395, 69, 6.07%, 0, 0, 4, 359.37, 3976, 8861025
1602903004, 0, 319, 534, 396, 69, 6.07%, 0, 0, 4, 357.57, 3978, 8868406
1602903039, 0, 319, 535, 397, 69, 6.07%, 0, 0, 4, 369.34, 3978, 8881251
1602903044, 0, 319, 536, 398, 69, 6.07%, 0, 0, 4, 362.82, 3980, 8883058
1602903146, 0, 319, 538, 400, 69, 6.08%, 0, 0, 4, 366.15, 3984, 8920081
1602903182, 0, 333, 538, 399, 74, 6.08%, 0, 0, 4, 371.04, 3984, 8933065
1602903187, 0, 333, 539, 400, 74, 6.08%, 0, 0, 4, 356.79, 3984, 8934844
1602903432, 0, 338, 539, 399, 74, 6.08%, 0, 0, 4, 347.21, 3984, 9022999
1602903686, 0, 338, 540, 400, 74, 6.08%, 0, 0, 4, 339.35, 3984, 9105408
1602903763, 0, 344, 540, 399, 73, 6.08%, 0, 0, 4, 352.43, 3984, 9131103
1602903768, 0, 344, 541, 400, 73, 6.09%, 0, 0, 4, 376.32, 3991, 9133043
1602903850, 0, 345, 541, 399, 73, 6.09%, 0, 0, 4, 379.66, 3991, 9163916
1602903876, 0, 345, 542, 400, 73, 6.09%, 0, 0, 4, 380.52, 3993, 9173514
1602903927, 0, 345, 544, 402, 73, 6.11%, 0, 0, 4, 372.89, 4007, 9192707
1602903937, 0, 346, 544, 401, 75, 6.11%, 0, 0, 4, 376.67, 4007, 9196576
1602903942, 0, 346, 545, 402, 75, 6.12%, 0, 0, 4, 374.09, 4011, 9198499
1602903963, 0, 346, 547, 404, 75, 6.13%, 0, 0, 4, 369.26, 4019, 9206085
1602904019, 0, 346, 548, 405, 75, 6.13%, 0, 0, 4, 372.50, 4020, 9227148
1602904029, 0, 352, 548, 404, 77, 6.13%, 0, 0, 4, 384.61, 4020, 9231050
1602904126, 0, 369, 548, 403, 76, 6.13%, 0, 0, 4, 370.13, 4020, 9268148
1602904372, 0, 370, 548, 402, 75, 6.13%, 0, 0, 4, 361.58, 4020, 9356056
1602904618, 0, 371, 548, 401, 74, 6.13%, 0, 0, 4, 356.73, 4020, 9443941
1602904863, 0, 372, 548, 400, 73, 6.13%, 0, 0, 4, 362.33, 4020, 9531309
1602905114, 0, 374, 548, 399, 72, 6.13%, 0, 0, 4, 356.38, 4020, 9620829
1602905119, 0, 374, 549, 400, 72, 6.13%, 0, 0, 4, 330.45, 4020, 9622459
1602905175, 0, 374, 550, 401, 72, 6.13%, 0, 0, 4, 313.73, 4020, 9639994
1602905451, 0, 376, 550, 400, 72, 6.13%, 0, 0, 4, 353.33, 4020, 9730396
1602905700, 0, 377, 550, 399, 71, 6.13%, 0, 0, 4, 363.71, 4020, 9819154
1602905946, 0, 379, 550, 398, 70, 6.13%, 0, 0, 4, 364.28, 4020, 9906569
1602906415, 0, 380, 550, 397, 69, 6.13%, 0, 0, 4, 370.33, 4020, 9996577
1602906661, 0, 381, 550, 396, 68, 6.13%, 0, 0, 4, 364.43, 4020, 10083946
1602906912, 0, 384, 550, 395, 67, 6.13%, 0, 0, 4, 366.50, 4020, 10173268
1602907163, 0, 386, 550, 394, 66, 6.13%, 0, 0, 4, 359.39, 4020, 10262665
1602907407, 0, 389, 550, 393, 65, 6.13%, 0, 0, 4, 370.43, 4020, 10350961
1602907658, 0, 391, 550, 392, 64, 6.13%, 0, 0, 4, 359.57, 4020, 10440118
1602907842, 0, 395, 550, 391, 63, 6.13%, 0, 0, 4, 373.78, 4020, 10507262
1602907974, 0, 395, 551, 392, 63, 6.13%, 0, 0, 4, 363.43, 4020, 10555520
1602908030, 0, 395, 552, 393, 63, 6.13%, 0, 0, 4, 367.27, 4020, 10576179
1602908035, 0, 411, 552, 392, 62, 6.13%, 0, 0, 4, 369.09, 4020, 10578106
1602908097, 0, 411, 553, 393, 62, 6.13%, 0, 0, 4, 358.50, 4020, 10600267
1602908153, 0, 411, 554, 394, 62, 6.13%, 0, 0, 4, 358.13, 4020, 10620655
1602908250, 0, 411, 555, 395, 62, 6.13%, 0, 0, 4, 361.56, 4020, 10656115
1602908270, 0, 414, 557, 396, 61, 6.13%, 0, 0, 4, 348.48, 4020, 10663441
1602908276, 0, 414, 558, 397, 61, 6.13%, 0, 0, 4, 324.88, 4020, 10665099
1602908286, 0, 414, 559, 398, 61, 6.13%, 0, 0, 4, 305.17, 4020, 10668137
1602908291, 0, 414, 563, 402, 61, 6.13%, 0, 0, 4, 303.15, 4020, 10669699
1602908317, 0, 414, 564, 403, 61, 6.13%, 0, 0, 4, 293.36, 4020, 10677476
1602908358, 0, 414, 565, 404, 61, 6.13%, 0, 0, 4, 315.18, 4020, 10689994
1602908408, 0, 414, 567, 406, 61, 6.13%, 0, 0, 4, 321.03, 4020, 10706418
1602908419, 0, 414, 569, 408, 61, 6.13%, 0, 0, 4, 295.52, 4020, 10709474
1602908495, 0, 414, 572, 411, 61, 6.13%, 0, 0, 4, 309.07, 4020, 10734177
1602908552, 0, 414, 573, 412, 61, 6.13%, 0, 0, 4, 305.55, 4020, 10753079
1602908567, 0, 420, 573, 411, 60, 6.13%, 0, 0, 4, 344.28, 4020, 10758011
1602908762, 0, 421, 574, 411, 59, 6.13%, 0, 0, 4, 354.57, 4020, 10828753
1602908777, 0, 421, 575, 412, 59, 6.13%, 0, 0, 4, 299.79, 4020, 10833532
1602908803, 0, 421, 576, 413, 59, 6.13%, 0, 0, 4, 305.81, 4020, 10841354
1602909038, 0, 427, 576, 412, 58, 6.13%, 0, 0, 4, 347.07, 4020, 10917994
1602909236, 0, 427, 577, 413, 58, 6.13%, 0, 0, 4, 344.54, 4020, 10982889
1602909333, 0, 433, 577, 412, 57, 6.13%, 0, 0, 4, 360.98, 4020, 11015680
1602909338, 0, 433, 579, 414, 57, 6.13%, 0, 0, 4, 331.84, 4020, 11017335
1602909354, 0, 433, 583, 418, 57, 6.17%, 0, 0, 4, 316.87, 4041, 11022119
1602909664, 0, 438, 584, 418, 58, 6.17%, 0, 0, 4, 346.73, 4041, 11125357
1602909985, 0, 438, 585, 419, 58, 6.17%, 0, 0, 4, 333.26, 4041, 11231985
1602909990, 0, 439, 585, 418, 58, 6.17%, 0, 0, 4, 353.63, 4041, 11233750
1602909995, 0, 439, 589, 422, 58, 6.17%, 0, 0, 4, 376.56, 4041, 11235697
1602910067, 0, 439, 590, 423, 58, 6.17%, 0, 0, 4, 382.86, 4041, 11262982
1602910102, 0, 442, 590, 422, 58, 6.17%, 0, 0, 4, 354.21, 4041, 11276530
1602910199, 0, 442, 591, 423, 58, 6.17%, 0, 0, 4, 324.07, 4041, 11307787
1602910316, 0, 442, 592, 424, 58, 6.17%, 0, 0, 4, 338.83, 4041, 11346517
1602910429, 0, 443, 592, 423, 57, 6.17%, 0, 0, 4, 354.47, 4041, 11384547
1602910648, 0, 443, 593, 424, 57, 6.17%, 0, 0, 4, 328.92, 4041, 11456732
1602910760, 0, 444, 593, 423, 56, 6.17%, 0, 0, 4, 356.50, 4041, 11494360
1602911025, 0, 444, 594, 424, 56, 6.17%, 0, 0, 4, 369.59, 4041, 11581716
1602911091, 0, 445, 594, 423, 56, 6.17%, 0, 0, 4, 349.98, 4041, 11604165
1602911351, 0, 445, 595, 424, 56, 6.17%, 0, 0, 4, 357.91, 4041, 11690230
1602911417, 0, 450, 595, 423, 56, 6.17%, 0, 0, 4, 360.48, 4041, 11712696
1602911463, 0, 450, 597, 425, 56, 6.20%, 0, 0, 4, 313.25, 4064, 11727646
1602911719, 0, 452, 597, 424, 56, 6.20%, 0, 0, 4, 361.08, 4064, 11814233
1602912049, 0, 453, 597, 423, 55, 6.20%, 0, 0, 4, 353.29, 4064, 11923127
1602912136, 0, 457, 597, 422, 54, 6.20%, 0, 0, 4, 348.78, 4064, 11955743
1602912401, 0, 457, 598, 423, 54, 6.20%, 0, 0, 4, 351.82, 4064, 12041335
1602912472, 0, 460, 598, 422, 53, 6.20%, 0, 0, 4, 340.70, 4064, 12064896
1602912797, 0, 460, 599, 423, 53, 6.20%, 0, 0, 4, 326.97, 4064, 12171014
1602912802, 0, 465, 599, 422, 52, 6.20%, 0, 0, 4, 338.71, 4064, 12172714
1602913072, 0, 470, 599, 421, 51, 6.20%, 0, 0, 4, 356.73, 4064, 12262765
1602913154, 0, 471, 599, 420, 50, 6.20%, 0, 0, 4, 378.96, 4064, 12293684
1602913241, 0, 472, 599, 419, 49, 6.20%, 0, 0, 4, 377.39, 4064, 12326499
1602913333, 0, 473, 599, 418, 48, 6.20%, 0, 0, 4, 379.34, 4064, 12361262
1602913425, 0, 478, 599, 417, 47, 6.20%, 0, 0, 4, 378.61, 4064, 12396171
1602913506, 0, 478, 600, 418, 47, 6.21%, 0, 0, 4, 379.45, 4073, 12427158
1602913522, 0, 479, 600, 417, 47, 6.21%, 0, 0, 4, 375.29, 4073, 12433048
1602913614, 0, 479, 601, 418, 47, 6.21%, 0, 0, 4, 386.27, 4073, 12467968
1602913634, 0, 481, 601, 417, 46, 6.21%, 0, 0, 4, 375.99, 4073, 12475737
1602913833, 0, 482, 601, 416, 45, 6.21%, 0, 0, 4, 369.85, 4073, 12548010
1602914027, 0, 483, 601, 415, 44, 6.21%, 0, 0, 4, 371.51, 4073, 12618820
1602914145, 0, 483, 602, 416, 44, 6.22%, 0, 0, 4, 357.45, 4074, 12660912
1602914227, 0, 486, 602, 415, 44, 6.22%, 0, 0, 4, 352.57, 4074, 12690909
1602914502, 0, 490, 602, 414, 43, 6.22%, 0, 0, 4, 348.13, 4074, 12782127
1602914838, 0, 496, 602, 413, 42, 6.22%, 0, 0, 4, 354.69, 4074, 12891936
1602915175, 0, 498, 602, 412, 41, 6.22%, 0, 0, 4, 347.37, 4074, 13001299
1602915511, 0, 499, 602, 411, 40, 6.22%, 0, 0, 4, 340.51, 4074, 13110670
1602915846, 0, 500, 602, 410, 39, 6.22%, 0, 0, 4, 336.52, 4074, 13220327
1602916177, 0, 501, 602, 409, 38, 6.22%, 0, 0, 4, 344.20, 4074, 13328438
1602916513, 0, 502, 602, 408, 37, 6.22%, 0, 0, 4, 352.31, 4074, 13437913
1602916849, 0, 503, 602, 407, 36, 6.22%, 0, 0, 4, 341.41, 4074, 13547547
1602917186, 0, 504, 602, 406, 35, 6.22%, 0, 0, 4, 338.95, 4074, 13656802
1602917476, 0, 505, 602, 405, 34, 6.22%, 0, 0, 4, 351.90, 4074, 13752575
1602917812, 0, 507, 602, 404, 33, 6.22%, 0, 0, 4, 346.87, 4074, 13862100
1602918036, 0, 507, 603, 405, 33, 6.22%, 0, 0, 4, 322.19, 4074, 13935092
1602918108, 0, 509, 603, 404, 32, 6.22%, 0, 0, 4, 353.11, 4074, 13959475
1602918129, 0, 509, 604, 405, 32, 6.22%, 0, 0, 4, 313.41, 4075, 13965910
1602918434, 0, 509, 607, 408, 32, 6.22%, 0, 0, 4, 319.50, 4078, 14065850
1602918445, 0, 510, 608, 408, 34, 6.22%, 0, 0, 4, 345.97, 4078, 14069352
1602918699, 0, 510, 609, 409, 34, 6.22%, 0, 0, 4, 311.12, 4078, 14151457
1602918770, 0, 510, 610, 410, 34, 6.22%, 0, 0, 4, 320.12, 4078, 14175373
1602918781, 0, 511, 610, 409, 33, 6.22%, 0, 0, 4, 351.34, 4078, 14178895
1602919076, 0, 514, 610, 408, 32, 6.22%, 0, 0, 4, 354.06, 4078, 14276354
1602919163, 0, 521, 610, 407, 31, 6.22%, 0, 0, 4, 370.31, 4078, 14309047
1602919352, 0, 523, 610, 406, 30, 6.22%, 0, 0, 4, 371.25, 4078, 14377837
1602919357, 0, 523, 611, 407, 30, 6.23%, 0, 0, 4, 368.78, 4081, 14379686
1602919521, 0, 524, 611, 406, 30, 6.23%, 0, 0, 4, 370.05, 4081, 14439861
1602919526, 0, 524, 613, 408, 30, 6.23%, 0, 0, 4, 379.37, 4081, 14441802
1602919664, 0, 530, 613, 407, 29, 6.23%, 0, 0, 4, 380.38, 4081, 14494062
1602919669, 0, 530, 614, 408, 29, 6.23%, 0, 0, 5, 377.38, 4081, 14495999
1602919689, 0, 530, 615, 409, 29, 6.23%, 0, 0, 5, 382.83, 4083, 14503829
1602919715, 0, 530, 617, 411, 29, 6.24%, 0, 0, 5, 376.44, 4088, 14513388
1602919751, 0, 530, 618, 412, 29, 6.24%, 0, 0, 5, 376.42, 4090, 14526957
1602919786, 0, 531, 618, 411, 32, 6.24%, 0, 0, 5, 375.62, 4090, 14540564
1602919904, 0, 532, 619, 411, 31, 6.24%, 0, 0, 5, 381.19, 4091, 14585187
1602920021, 0, 533, 619, 410, 31, 6.24%, 0, 0, 5, 377.15, 4091, 14629711
1602920123, 0, 533, 620, 411, 31, 6.24%, 0, 0, 5, 382.34, 4091, 14668322
1602920139, 0, 535, 620, 410, 30, 6.24%, 0, 0, 5, 383.41, 4091, 14674200
1602920190, 0, 535, 621, 411, 30, 6.25%, 0, 0, 5, 376.76, 4093, 14693166
1602920262, 0, 536, 621, 410, 30, 6.25%, 0, 0, 5, 376.36, 4093, 14719977
1602920385, 0, 537, 621, 409, 29, 6.25%, 0, 0, 5, 377.09, 4093, 14765780
1602920503, 0, 540, 621, 408, 28, 6.25%, 0, 0, 5, 386.42, 4093, 14810096
1602920508, 0, 540, 623, 410, 28, 6.25%, 0, 0, 5, 371.96, 4094, 14811957
1602920589, 0, 540, 624, 411, 28, 6.25%, 0, 0, 5, 377.44, 4094, 14842780
1602920594, 0, 541, 624, 410, 27, 6.25%, 0, 0, 5, 371.88, 4094, 14844672
1602920682, 0, 542, 624, 409, 26, 6.25%, 0, 0, 5, 374.29, 4094, 14877136
1602920758, 0, 542, 625, 410, 26, 6.25%, 0, 0, 5, 379.12, 4094, 14905627
1602920769, 0, 543, 625, 409, 25, 6.25%, 0, 0, 5, 376.17, 4094, 14909422
1602920774, 0, 543, 627, 411, 25, 6.25%, 0, 0, 5, 341.70, 4094, 14911174
1602920789, 0, 543, 628, 412, 25, 6.25%, 0, 0, 5, 307.99, 4094, 14915904
1602920866, 0, 543, 629, 413, 25, 6.25%, 0, 0, 5, 333.53, 4094, 14940067
1602921110, 0, 546, 629, 412, 25, 6.25%, 0, 0, 5, 361.05, 4094, 15020410
1602921198, 0, 547, 629, 411, 24, 6.25%, 0, 0, 5, 379.86, 4094, 15053093
1602921203, 0, 547, 634, 416, 24, 6.25%, 0, 0, 5, 382.79, 4094, 15055044
1602921208, 0, 547, 635, 417, 24, 6.25%, 0, 0, 5, 378.16, 4098, 15056984
1602921290, 0, 547, 636, 418, 24, 6.25%, 0, 0, 5, 374.62, 4098, 15087743
1602921295, 0, 547, 637, 419, 24, 6.26%, 0, 0, 5, 371.10, 4100, 15089606
1602921305, 0, 549, 637, 418, 25, 6.26%, 0, 0, 5, 375.86, 4100, 15093447
1602921311, 0, 549, 638, 419, 25, 6.26%, 0, 0, 5, 349.56, 4100, 15095247
1602921557, 0, 581, 638, 418, 24, 6.26%, 0, 0, 5, 360.98, 4100, 15182795
1602921577, 0, 581, 640, 420, 24, 6.26%, 0, 0, 5, 312.49, 4101, 15189096
1602921602, 0, 581, 641, 421, 24, 6.26%, 0, 0, 5, 309.71, 4101, 15197094
1602921724, 0, 581, 642, 422, 24, 6.26%, 0, 0, 5, 304.09, 4103, 15236205
1602921811, 0, 581, 645, 425, 24, 6.27%, 0, 0, 5, 313.37, 4106, 15264756
1602921877, 0, 581, 647, 427, 24, 6.27%, 0, 0, 5, 311.51, 4111, 15286806
1602921893, 0, 582, 647, 426, 27, 6.27%, 0, 0, 5, 345.52, 4111, 15291945
1602921913, 0, 582, 649, 428, 27, 6.27%, 0, 0, 5, 316.59, 4111, 15298357
1602922065, 0, 582, 650, 429, 27, 6.27%, 0, 0, 5, 299.32, 4111, 15346641
1602922146, 0, 582, 651, 430, 27, 6.27%, 0, 0, 5, 308.93, 4111, 15373473
1602922233, 0, 584, 652, 430, 28, 6.27%, 0, 0, 5, 337.79, 4111, 15402060
1602922568, 0, 589, 656, 433, 27, 6.27%, 0, 0, 5, 365.13, 4111, 15511474
1602922650, 0, 589, 657, 434, 27, 6.27%, 0, 0, 5, 374.91, 4111, 15542015
1602922671, 0, 594, 658, 434, 28, 6.27%, 0, 0, 5, 376.91, 4111, 15549808
1602922894, 0, 594, 659, 435, 28, 6.27%, 0, 0, 5, 343.83, 4111, 15622006
1602922940, 0, 594, 660, 436, 28, 6.27%, 0, 0, 5, 352.63, 4111, 15637160
1602923012, 0, 596, 660, 435, 27, 6.27%, 0, 0, 5, 341.61, 4111, 15660904
1602923316, 0, 599, 660, 434, 26, 6.27%, 0, 0, 5, 357.31, 4111, 15761137
1602923321, 0, 599, 661, 435, 26, 6.27%, 0, 0, 5, 333.99, 4111, 15762800
1602923418, 0, 599, 662, 436, 26, 6.28%, 0, 0, 5, 320.99, 4113, 15793299
1602923530, 0, 599, 664, 438, 26, 6.28%, 0, 0, 5, 323.92, 4113, 15829802
1602923580, 0, 599, 665, 439, 26, 6.28%, 0, 0, 5, 367.31, 4113, 15846656
1602923651, 0, 601, 665, 438, 27, 6.28%, 0, 0, 5, 340.82, 4113, 15870214
1602923850, 0, 604, 665, 437, 26, 6.28%, 0, 0, 5, 373.88, 4113, 15942690
1602923871, 0, 604, 666, 438, 26, 6.28%, 0, 0, 5, 312.25, 4115, 15949230
1602924181, 0, 604, 667, 439, 26, 6.28%, 0, 0, 5, 315.70, 4116, 16050226
1602924191, 0, 605, 667, 438, 27, 6.28%, 0, 0, 5, 350.35, 4116, 16053722
1602924532, 0, 610, 667, 437, 26, 6.28%, 0, 0, 5, 353.13, 4116, 16164300
1602924537, 0, 610, 668, 438, 26, 6.28%, 0, 0, 5, 364.44, 4118, 16166153
1602924701, 0, 614, 668, 437, 26, 6.28%, 0, 0, 5, 377.13, 4118, 16226227
1602924706, 0, 614, 669, 438, 26, 6.29%, 0, 0, 6, 371.86, 4121, 16228108
1602924808, 0, 614, 670, 439, 26, 6.29%, 0, 0, 6, 381.70, 4121, 16266876
1602924823, 0, 615, 670, 438, 26, 6.29%, 0, 0, 6, 375.58, 4121, 16272688
1602924941, 0, 617, 670, 437, 25, 6.29%, 0, 0, 6, 380.19, 4121, 16317166
1602924946, 0, 617, 671, 438, 25, 6.29%, 0, 0, 6, 379.82, 4122, 16319099
1602925059, 0, 618, 671, 437, 25, 6.29%, 0, 0, 6, 374.15, 4122, 16361598
1602925181, 0, 619, 671, 436, 24, 6.29%, 0, 0, 6, 378.68, 4122, 16407987
1602925298, 0, 620, 671, 435, 23, 6.29%, 0, 0, 6, 387.53, 4122, 16452404
1602925304, 0, 620, 672, 436, 23, 6.29%, 0, 0, 6, 383.67, 4124, 16454379
1602925416, 0, 626, 672, 435, 23, 6.29%, 0, 0, 6, 387.72, 4124, 16496761
1602925421, 0, 626, 673, 436, 23, 6.29%, 0, 0, 6, 364.78, 4124, 16498614
1602925436, 0, 626, 674, 437, 23, 6.29%, 0, 0, 6, 344.81, 4124, 16503857
1602925667, 0, 633, 674, 436, 23, 6.29%, 0, 0, 6, 367.94, 4124, 16585987
1602925765, 0, 634, 674, 435, 22, 6.29%, 0, 0, 6, 376.97, 4124, 16622617
1602925878, 0, 634, 675, 436, 22, 6.29%, 0, 0, 6, 375.96, 4124, 16664904
1602925904, 0, 634, 676, 437, 22, 6.29%, 0, 0, 6, 367.97, 4124, 16674497
1602925930, 0, 636, 676, 436, 21, 6.29%, 0, 0, 6, 375.22, 4124, 16684134
1602925935, 0, 636, 677, 437, 21, 6.29%, 0, 0, 6, 372.06, 4124, 16686067
1602926033, 0, 636, 678, 438, 21, 6.29%, 0, 0, 6, 375.16, 4124, 16722669
1602926038, 0, 636, 679, 439, 21, 6.29%, 0, 0, 6, 373.39, 4124, 16724595
1602926048, 0, 638, 679, 438, 22, 6.29%, 0, 0, 6, 368.44, 4124, 16728422
1602926069, 0, 638, 680, 439, 22, 6.29%, 0, 0, 6, 311.16, 4124, 16734787
1602926383, 0, 641, 680, 438, 21, 6.29%, 0, 0, 6, 349.24, 4124, 16837391
1602926638, 0, 641, 681, 439, 21, 6.29%, 0, 0, 6, 311.36, 4124, 16919036
1602926709, 0, 641, 682, 440, 21, 6.29%, 0, 0, 6, 307.92, 4124, 16942795
1602926725, 0, 642, 682, 439, 21, 6.29%, 0, 0, 6, 336.29, 4124, 16947963
1602926979, 0, 642, 683, 440, 21, 6.29%, 0, 0, 6, 314.99, 4124, 17029784
1602927045, 0, 642, 684, 441, 21, 6.29%, 0, 0, 6, 309.21, 4124, 17052054
1602927061, 0, 646, 684, 440, 20, 6.29%, 0, 0, 6, 345.36, 4124, 17057237
1602927382, 0, 646, 686, 442, 20, 6.29%, 0, 0, 6, 309.97, 4124, 17161721
1602927397, 0, 647, 686, 441, 19, 6.29%, 0, 0, 6, 343.97, 4124, 17166809
1602927733, 0, 648, 686, 440, 18, 6.29%, 0, 0, 6, 348.29, 4124, 17275894
1602927779, 0, 648, 687, 441, 18, 6.30%, 0, 0, 6, 307.85, 4126, 17290372
1602928070, 0, 655, 688, 441, 18, 6.30%, 0, 0, 6, 367.14, 4126, 17385718
1602928146, 0, 655, 689, 442, 18, 6.30%, 0, 0, 6, 376.89, 4126, 17414602
1602928177, 0, 656, 689, 441, 18, 6.30%, 0, 0, 6, 377.79, 4126, 17426236
1602928260, 0, 656, 690, 442, 18, 6.30%, 0, 0, 6, 376.25, 4126, 17457045
1602928286, 0, 657, 690, 441, 17, 6.30%, 0, 0, 6, 379.10, 4126, 17466754
1602928393, 0, 660, 691, 441, 16, 6.30%, 0, 0, 6, 371.90, 4126, 17507414
1602928639, 0, 661, 691, 440, 16, 6.30%, 0, 0, 6, 362.45, 4126, 17594520
1602928975, 0, 665, 691, 439, 15, 6.30%, 0, 0, 6, 352.42, 4126, 17703860
1602929316, 0, 666, 691, 438, 14, 6.30%, 0, 0, 6, 344.31, 4126, 17815551
1602929652, 0, 667, 691, 437, 13, 6.30%, 0, 0, 6, 334.92, 4126, 17925188
1602929663, 0, 667, 692, 438, 13, 6.30%, 0, 0, 6, 360.25, 4128, 17928968
1602929826, 0, 669, 693, 438, 13, 6.30%, 0, 0, 7, 382.45, 4129, 17989163
1602929944, 0, 670, 694, 438, 13, 6.30%, 0, 0, 7, 379.18, 4131, 18034209
1602930061, 0, 671, 694, 437, 13, 6.30%, 0, 0, 7, 379.89, 4131, 18078638
1602930066, 0, 671, 695, 438, 13, 6.31%, 0, 0, 7, 383.28, 4133, 18080564
1602930178, 0, 672, 695, 437, 13, 6.31%, 0, 0, 7, 379.39, 4133, 18123530
1602930184, 0, 672, 696, 438, 13, 6.31%, 0, 0, 7, 365.83, 4133, 18125365
1602930428, 0, 677, 696, 437, 12, 6.31%, 0, 0, 7, 369.32, 4133, 18212022
1602930582, 0, 680, 698, 438, 11, 6.31%, 0, 0, 7, 356.01, 4133, 18269041
1602930602, 0, 680, 699, 439, 11, 6.31%, 0, 0, 7, 302.94, 4133, 18275439
1602930919, 0, 683, 699, 438, 10, 6.31%, 0, 0, 7, 340.99, 4133, 18378373
1602931174, 0, 683, 701, 440, 10, 6.31%, 0, 0, 7, 313.80, 4133, 18460380
1602931255, 0, 686, 701, 439, 10, 6.31%, 0, 0, 7, 355.17, 4133, 18487798
1602931592, 0, 688, 701, 438, 9, 6.31%, 0, 0, 7, 350.48, 4133, 18596780
1602931597, 0, 688, 702, 439, 9, 6.31%, 0, 0, 7, 368.97, 4133, 18598709
1602931705, 0, 689, 702, 438, 8, 6.31%, 0, 0, 7, 386.24, 4133, 18639497
1602931796, 0, 690, 702, 437, 8, 6.31%, 0, 0, 7, 381.18, 4133, 18674455
1602931801, 0, 690, 703, 438, 8, 6.31%, 0, 0, 7, 355.33, 4133, 18676224
1602932047, 0, 691, 703, 437, 7, 6.31%, 0, 0, 7, 366.48, 4133, 18763903
1602932052, 0, 691, 704, 438, 7, 6.31%, 0, 0, 7, 365.73, 4136, 18765752
1602932211, 0, 692, 704, 437, 7, 6.31%, 0, 0, 7, 377.86, 4136, 18824674
1602932333, 0, 693, 705, 437, 6, 6.31%, 0, 0, 8, 377.17, 4138, 18871719
1602932446, 0, 694, 705, 436, 6, 6.31%, 0, 0, 8, 388.66, 4138, 18915191
1602932451, 0, 694, 706, 437, 6, 6.32%, 0, 0, 8, 388.28, 4141, 18917142
1602932548, 0, 694, 707, 438, 6, 6.32%, 0, 0, 8, 388.61, 4141, 18954555
1602932563, 0, 700, 707, 437, 6, 6.32%, 0, 0, 8, 376.80, 4141, 18960391
1602932584, 0, 700, 708, 438, 6, 6.32%, 0, 0, 8, 319.52, 4141, 18966892
1602932904, 0, 703, 708, 437, 5, 6.32%, 0, 0, 8, 350.85, 4141, 19072456
1602933088, 0, 704, 708, 436, 4, 6.32%, 0, 0, 8, 370.91, 4141, 19140445
1602933094, 0, 704, 710, 438, 4, 6.32%, 0, 0, 9, 381.11, 4143, 19142397
1602933211, 0, 706, 710, 437, 5, 6.32%, 0, 0, 9, 387.42, 4143, 19187018
1602933329, 0, 708, 710, 436, 4, 6.32%, 0, 0, 9, 380.87, 4143, 19231637
1602933447, 0, 709, 710, 435, 3, 6.32%, 0, 0, 9, 378.50, 4143, 19276509
1602933677, 1, 32, 710, 434, 2, 6.32%, 0, 0, 9, 369.21, 4143, 19360092
1602933753, 1, 37, 710, 433, 1, 6.32%, 0, 0, 9, 370.93, 4143, 19388983
1602933759, 1, 141, 710, 433, 1, 6.32%, 0, 0, 9, 346.17, 4143, 19390728
1602934023, 1, 241, 710, 432, 1, 6.32%, 0, 0, 9, 349.21, 4143, 19479414
1602934298, 1, 398, 710, 431, 1, 6.32%, 0, 0, 9, 334.06, 4143, 19571011
1602934491, 1, 456, 710, 430, 1, 6.32%, 0, 0, 9, 371.07, 4143, 19642466
1602934827, 1, 516, 711, 430, 1, 6.32%, 0, 0, 9, 344.95, 4143, 19752298
1602934914, 1, 516, 712, 431, 1, 6.32%, 0, 0, 9, 331.54, 4143, 19779653
1602935164, 1, 525, 712, 430, 1, 6.32%, 0, 0, 9, 369.15, 4143, 19862338
1602935306, 1, 630, 712, 429, 1, 6.32%, 0, 0, 9, 370.29, 4143, 19916548
1602935419, 1, 635, 712, 428, 0, 6.32%, 0, 0, 9, 384.95, 4143, 19959030
1602935558, 1, 644, 712, 427, 0, 6.32%, 0, 0, 9, 350.29, 4143, 20010961
1602935852, 1, 649, 712, 426, 0, 6.32%, 0, 0, 9, 365.92, 4143, 20108004
1602936147, 1, 650, 712, 425, 0, 6.32%, 0, 0, 9, 357.93, 4143, 20206040
1602936442, 1, 653, 712, 424, 0, 6.32%, 0, 0, 9, 356.55, 4143, 20303646
1602936525, 1, 653, 713, 425, 0, 6.32%, 0, 0, 9, 375.44, 4143, 20334340
1602936550, 1, 658, 714, 425, 0, 6.32%, 0, 0, 9, 364.28, 4143, 20344009
1602936882, 1, 658, 716, 427, 0, 6.32%, 0, 0, 9, 331.26, 4143, 20452464
1602936887, 1, 681, 716, 426, 1, 6.32%, 0, 0, 9, 337.13, 4143, 20454205
1602937219, 1, 713, 716, 425, 1, 6.32%, 0, 0, 9, 348.56, 4143, 20562509
1602937224, 1, 713, 718, 427, 1, 6.32%, 0, 0, 9, 326.60, 4143, 20564127
1602937555, 1, 717, 718, 426, 0, 6.32%, 0, 0, 9, 350.78, 4143, 20672453
1602937560, 1, 717, 719, 427, 0, 6.32%, 0, 0, 9, 342.54, 4143, 20674195
1602937891, 1, 718, 719, 426, 1, 6.32%, 0, 0, 9, 352.26, 4143, 20782713
1602937973, 1, 718, 720, 427, 1, 6.32%, 0, 0, 9, 369.36, 4143, 20811724
1602938141, 2, 35, 720, 426, 0, 6.32%, 0, 0, 9, 375.02, 4143, 20872531
1602938233, 2, 38, 720, 425, 0, 6.32%, 0, 0, 9, 376.97, 4143, 20907319
1602938320, 2, 51, 720, 424, 0, 6.32%, 0, 0, 9, 382.18, 4143, 20940516
1602938417, 2, 52, 720, 423, 0, 6.32%, 0, 0, 9, 381.76, 4143, 20977669
1602938535, 2, 58, 720, 422, 0, 6.32%, 0, 0, 9, 382.56, 4143, 21022478
1602938627, 2, 72, 720, 421, 0, 6.32%, 0, 0, 9, 387.67, 4143, 21057368
1602938963, 2, 84, 720, 420, 0, 6.32%, 0, 0, 9, 356.55, 4143, 21166806
1602939300, 2, 85, 720, 419, 0, 6.32%, 0, 0, 9, 373.65, 4143, 21277041
1602939402, 2, 100, 720, 418, 0, 6.32%, 0, 0, 9, 356.18, 4143, 21316111
1602939733, 2, 106, 720, 417, 0, 6.32%, 0, 0, 9, 348.01, 4143, 21424360
1602940069, 2, 115, 720, 416, 0, 6.32%, 0, 0, 9, 354.92, 4143, 21533782
1602940299, 2, 117, 720, 415, 0, 6.32%, 0, 0, 9, 368.86, 4143, 21617374
1602940488, 2, 125, 720, 414, 0, 6.32%, 0, 0, 9, 367.70, 4143, 21686357
1602940682, 2, 131, 720, 413, 0, 6.32%, 0, 0, 9, 373.09, 4143, 21756734
1602940881, 2, 132, 720, 412, 0, 6.32%, 0, 0, 9, 379.69, 4143, 21829133
1602941079, 2, 163, 720, 411, 0, 6.32%, 0, 0, 9, 372.29, 4143, 21901194
1602941366, 2, 165, 720, 410, 0, 6.32%, 0, 0, 9, 355.27, 4143, 21996385
1602941590, 2, 165, 721, 411, 0, 6.32%, 0, 0, 9, 320.65, 4143, 22069961
1602941656, 2, 169, 721, 410, 0, 6.32%, 0, 0, 9, 348.87, 4143, 22092654
1602941892, 2, 176, 721, 409, 0, 6.32%, 0, 0, 9, 368.72, 4143, 22177910
1602941979, 2, 178, 721, 408, 0, 6.32%, 0, 0, 9, 385.94, 4143, 22210790
1602942067, 2, 182, 721, 407, 0, 6.32%, 0, 0, 9, 369.47, 4143, 22243417
1602942403, 2, 185, 723, 408, 0, 6.32%, 0, 0, 9, 343.72, 4143, 22352822
1602942408, 2, 192, 723, 408, 0, 6.32%, 0, 0, 9, 382.74, 4143, 22354832
1602942428, 2, 194, 723, 407, 0, 6.32%, 0, 0, 9, 379.91, 4143, 22362823
1602942516, 2, 195, 723, 406, 0, 6.32%, 0, 0, 9, 386.20, 4143, 22395509
1602942852, 2, 210, 723, 405, 0, 6.32%, 0, 0, 9, 339.80, 4143, 22505446
1602943182, 2, 212, 723, 404, 0, 6.32%, 0, 0, 9, 350.20, 4143, 22613617
1602943519, 2, 213, 723, 403, 0, 6.32%, 0, 0, 9, 365.31, 4143, 22723789
1602943647, 2, 218, 723, 402, 0, 6.32%, 0, 0, 9, 377.39, 4143, 22771895
1602943734, 2, 225, 723, 401, 0, 6.32%, 0, 0, 9, 362.01, 4143, 22804516
1602943851, 2, 225, 724, 402, 0, 6.32%, 0, 0, 9, 344.62, 4143, 22842067
1602944065, 2, 226, 724, 401, 0, 6.32%, 0, 0, 9, 344.43, 4143, 22912629
1602944171, 2, 226, 725, 402, 0, 6.32%, 0, 0, 9, 336.95, 4143, 22946728
1602944401, 2, 228, 725, 401, 0, 6.32%, 0, 0, 9, 338.68, 4143, 23022655
1602944732, 2, 230, 725, 400, 0, 6.32%, 0, 0, 9, 349.41, 4143, 23131157
1602945068, 2, 239, 725, 399, 0, 6.32%, 0, 0, 9, 336.60, 4143, 23241071
1602945403, 2, 242, 725, 398, 0, 6.32%, 0, 0, 9, 345.85, 4143, 23350592
1602945689, 2, 248, 725, 397, 0, 6.32%, 0, 0, 9, 358.33, 4143, 23445957
1602945765, 2, 267, 725, 395, 0, 6.32%, 0, 0, 9, 390.54, 4143, 23475164
1602945857, 2, 268, 725, 394, 0, 6.32%, 0, 0, 9, 377.21, 4143, 23509746
1602945939, 2, 348, 726, 394, 1, 6.32%, 0, 0, 9, 364.65, 4145, 23540864
1602946225, 2, 362, 726, 393, 1, 6.32%, 0, 0, 9, 354.64, 4145, 23636582
1602946230, 2, 362, 727, 394, 1, 6.32%, 0, 0, 9, 337.80, 4145, 23638277
1602946561, 2, 520, 727, 393, 1, 6.32%, 0, 0, 9, 340.25, 4145, 23746216
1602946897, 2, 716, 728, 393, 1, 6.32%, 0, 0, 9, 350.57, 4145, 23855790
1602947233, 3, 15, 728, 390, 0, 6.32%, 0, 0, 9, 364.82, 4145, 23965712
1602947310, 3, 19, 728, 389, 0, 6.32%, 0, 0, 9, 378.04, 4145, 23994857
1602947504, 3, 20, 728, 388, 0, 6.32%, 0, 0, 9, 383.40, 4145, 24065950
1602947580, 3, 42, 728, 387, 0, 6.32%, 0, 0, 9, 381.42, 4145, 24094981
1602947917, 3, 50, 728, 386, 0, 6.32%, 0, 0, 9, 366.66, 4145, 24205005
1602948003, 3, 61, 728, 385, 0, 6.32%, 0, 0, 9, 385.45, 4145, 24238332
1602948100, 3, 62, 728, 384, 0, 6.32%, 0, 0, 9, 388.59, 4145, 24276098
1602948192, 3, 80, 728, 383, 0, 6.32%, 0, 0, 9, 444.27, 4145, 24311822
1602948447, 3, 82, 728, 382, 0, 6.32%, 0, 0, 9, 443.40, 4145, 24420626
1602948702, 3, 83, 728, 381, 0, 6.32%, 0, 0, 9, 448.37, 4145, 24529590
1602948957, 3, 87, 728, 380, 0, 6.32%, 0, 0, 9, 447.20, 4145, 24639282
1602949237, 3, 91, 728, 379, 0, 6.32%, 0, 0, 9, 364.31, 4145, 24748279
1602949477, 3, 126, 728, 378, 0, 6.32%, 0, 0, 9, 364.57, 4145, 24835221
1602949671, 3, 147, 728, 377, 0, 6.32%, 0, 0, 9, 378.79, 4145, 24906266
1602949956, 3, 148, 728, 376, 0, 6.32%, 0, 0, 9, 354.74, 4145, 25001877
1602950228, 3, 159, 728, 375, 0, 6.32%, 0, 0, 9, 350.07, 4145, 25092965
1602950503, 3, 167, 728, 374, 0, 6.32%, 0, 0, 9, 353.90, 4145, 25185356
1602950793, 3, 174, 728, 373, 0, 6.32%, 0, 0, 9, 367.89, 4145, 25282022
1602950869, 3, 187, 728, 372, 0, 6.32%, 0, 0, 9, 381.26, 4145, 25310869
1602951063, 3, 189, 728, 371, 0, 6.32%, 0, 0, 9, 370.99, 4145, 25381784
1602951334, 3, 728, 729, 371, 1, 6.33%, 0, 0, 9, 350.43, 4146, 25472716
1602951354, 3, 728, 731, 373, 1, 6.33%, 0, 0, 9, 307.04, 4146, 25479296
1602951487, 3, 728, 732, 374, 1, 6.33%, 0, 0, 9, 323.44, 4146, 25522571
1602951608, 4, 10, 732, 373, 0, 6.33%, 0, 0, 9, 359.53, 4146, 25564532
1602951629, 4, 11, 732, 372, 0, 6.33%, 0, 0, 9, 385.20, 4146, 25572401
1602951695, 4, 11, 733, 373, 0, 6.33%, 0, 0, 9, 355.13, 4146, 25596374
1602951864, 4, 22, 733, 372, 0, 6.33%, 0, 0, 9, 362.85, 4146, 25657586
1602951869, 4, 24, 733, 372, 0, 6.33%, 0, 0, 9, 376.64, 4146, 25659534
1602951945, 4, 53, 733, 371, 0, 6.33%, 0, 0, 9, 386.34, 4146, 25688697
1602952058, 4, 76, 733, 370, 0, 6.33%, 0, 0, 9, 389.06, 4146, 25731416
1602952154, 4, 86, 733, 369, 0, 6.33%, 0, 0, 9, 388.52, 4146, 25769038
1602952256, 4, 88, 733, 368, 0, 6.33%, 0, 0, 9, 386.20, 4146, 25808647
1602952384, 4, 110, 733, 367, 0, 6.33%, 0, 0, 9, 386.49, 4146, 25857164
1602952567, 4, 142, 733, 366, 0, 6.33%, 0, 0, 9, 371.23, 4146, 25924737
1602952837, 4, 149, 733, 365, 0, 6.33%, 0, 0, 9, 336.97, 4146, 26014961
1602953108, 4, 155, 733, 364, 0, 6.33%, 0, 0, 9, 429.78, 4146, 26105470
1602953362, 4, 158, 733, 363, 0, 6.33%, 0, 0, 9, 452.42, 4146, 26214846
1602953571, 4, 162, 733, 362, 0, 6.33%, 0, 0, 9, 465.86, 4146, 26306583
1602953790, 4, 175, 733, 361, 0, 6.33%, 0, 0, 9, 440.61, 4146, 26402083
1602953795, 4, 193, 733, 361, 0, 6.33%, 0, 0, 9, 491.65, 4146, 26404656
1602953856, 4, 196, 733, 360, 0, 6.33%, 0, 0, 9, 480.04, 4146, 26435380
1602954111, 4, 207, 733, 359, 0, 6.33%, 0, 0, 9, 455.92, 4146, 26544526
1602954366, 4, 209, 733, 358, 0, 6.33%, 0, 0, 9, 479.45, 4146, 26653859
1602954427, 4, 211, 733, 357, 0, 6.33%, 0, 0, 9, 458.74, 4146, 26685034
1602954723, 4, 237, 733, 356, 0, 6.33%, 0, 0, 9, 327.76, 4146, 26792001
1602954728, 4, 288, 733, 356, 0, 6.33%, 0, 0, 9, 346.81, 4146, 26793802
1602955059, 4, 293, 733, 355, 0, 6.33%, 0, 0, 9, 340.77, 4146, 26902307
1602955401, 4, 298, 733, 354, 0, 6.33%, 0, 0, 9, 334.70, 4146, 27012945
1602955682, 4, 300, 733, 353, 0, 6.33%, 0, 0, 9, 373.79, 4146, 27105920
1602955810, 4, 301, 733, 352, 0, 6.33%, 0, 0, 9, 369.73, 4146, 27154111
1602955815, 4, 301, 734, 353, 0, 6.33%, 0, 0, 9, 342.19, 4146, 27155821
1602956151, 4, 304, 734, 352, 0, 6.33%, 0, 0, 9, 334.42, 4146, 27264668
1602956482, 4, 307, 735, 352, 0, 6.33%, 0, 0, 9, 362.87, 4146, 27374058
1602956661, 4, 312, 735, 351, 0, 6.33%, 0, 0, 9, 439.34, 4146, 27442862
1602956789, 4, 317, 735, 350, 0, 6.33%, 0, 0, 9, 390.63, 4146, 27492062
1602956814, 4, 317, 736, 351, 0, 6.33%, 0, 0, 9, 397.89, 4146, 27502088
1602956819, 4, 320, 736, 350, 0, 6.33%, 0, 0, 9, 372.60, 4146, 27503952
1602956916, 4, 321, 736, 349, 0, 6.33%, 0, 0, 9, 377.62, 4146, 27541275
1602956987, 4, 321, 737, 350, 0, 6.33%, 0, 0, 9, 382.42, 4146, 27568643
1602956992, 4, 327, 737, 349, 0, 6.33%, 0, 0, 9, 391.88, 4146, 27570624
1602957084, 4, 327, 738, 350, 0, 6.33%, 0, 0, 9, 331.35, 4146, 27599762
1602957293, 4, 334, 738, 349, 0, 6.33%, 0, 0, 9, 391.80, 4146, 27680834
1602957517, 4, 335, 738, 348, 0, 6.33%, 0, 0, 9, 413.55, 4146, 27769530
1602957583, 4, 339, 738, 347, 0, 6.33%, 0, 0, 9, 471.21, 4146, 27800530
1602957858, 4, 343, 738, 346, 0, 6.33%, 0, 0, 9, 401.43, 4146, 27909814
1602957929, 4, 349, 738, 345, 0, 6.33%, 0, 0, 9, 449.22, 4146, 27942925
1602957950, 4, 349, 740, 347, 0, 6.33%, 0, 0, 9, 363.76, 4146, 27950662
1602958209, 4, 357, 740, 346, 0, 6.33%, 0, 0, 9, 437.80, 4146, 28053562
1602958302, 4, 358, 740, 345, 0, 6.33%, 0, 0, 9, 466.23, 4146, 28095675
1602958424, 4, 360, 740, 344, 0, 6.33%, 0, 0, 9, 432.87, 4146, 28151259
1602958632, 4, 378, 740, 343, 0, 6.33%, 0, 0, 9, 435.59, 4146, 28239219
1602958776, 4, 383, 740, 342, 0, 6.33%, 0, 0, 9, 439.79, 4146, 28302180
1602959057, 4, 385, 740, 341, 0, 6.33%, 0, 0, 9, 413.66, 4146, 28412257
1602959337, 4, 388, 740, 340, 0, 6.33%, 0, 0, 9, 421.54, 4146, 28521512
1602959545, 4, 390, 740, 339, 0, 6.33%, 0, 0, 9, 420.07, 4146, 28609624
1602959704, 4, 393, 740, 338, 0, 6.33%, 0, 0, 9, 443.99, 4146, 28679652
1602959863, 4, 402, 740, 337, 0, 6.33%, 0, 0, 9, 444.85, 4146, 28749118
1602960092, 4, 403, 740, 336, 0, 6.33%, 0, 0, 9, 404.25, 4146, 28838412
1602960271, 4, 407, 740, 335, 0, 6.33%, 0, 0, 9, 430.60, 4146, 28915527
1602960459, 4, 409, 740, 334, 0, 6.33%, 0, 0, 9, 426.14, 4146, 28996880
1602960643, 4, 409, 741, 335, 0, 6.33%, 0, 0, 9, 413.09, 4146, 29075275
1602960658, 4, 729, 741, 334, 1, 6.33%, 0, 0, 9, 427.18, 4146, 29081698
1602960887, 4, 740, 741, 333, 1, 6.33%, 0, 0, 9, 408.44, 4146, 29173446
1602960923, 4, 740, 742, 334, 1, 6.33%, 0, 0, 9, 364.93, 4146, 29186693
1602960949, 4, 740, 743, 335, 1, 6.33%, 0, 0, 9, 366.37, 4146, 29196139
1602960959, 4, 740, 744, 336, 1, 6.33%, 0, 0, 9, 383.87, 4146, 29199930
1602960964, 4, 740, 745, 337, 1, 6.33%, 0, 0, 9, 389.23, 4146, 29201963
1602961010, 4, 740, 747, 339, 1, 6.33%, 0, 0, 9, 370.97, 4146, 29219787
1602961111, 4, 740, 748, 340, 1, 6.33%, 0, 0, 9, 390.89, 4146, 29260695
1602961126, 4, 744, 748, 339, 1, 6.33%, 0, 0, 9, 412.88, 4146, 29266845
1602961365, 5, 29, 748, 338, 0, 6.33%, 0, 0, 9, 415.89, 4146, 29360762
1602961641, 5, 56, 748, 337, 0, 6.33%, 0, 0, 9, 422.13, 4146, 29469061
1602961722, 5, 108, 748, 336, 0, 6.33%, 0, 0, 9, 445.09, 4146, 29506008
1602961834, 5, 133, 748, 335, 0, 6.33%, 0, 0, 9, 440.74, 4146, 29557596
1602962007, 5, 181, 748, 334, 0, 6.33%, 0, 0, 9, 447.94, 4146, 29632120
1602962104, 5, 205, 748, 333, 0, 6.33%, 0, 0, 9, 464.19, 4146, 29676490
1602962176, 5, 208, 748, 332, 0, 6.33%, 0, 0, 9, 444.81, 4146, 29710249
1602962456, 5, 215, 748, 331, 0, 6.33%, 0, 0, 9, 439.53, 4146, 29820316
1602962522, 5, 217, 748, 330, 0, 6.33%, 0, 0, 9, 465.85, 4146, 29851031
1602962594, 5, 220, 748, 329, 0, 6.33%, 0, 0, 9, 437.63, 4146, 29884957
1602962878, 5, 231, 748, 328, 0, 6.33%, 0, 0, 9, 401.61, 4146, 29994400
1602963149, 5, 243, 748, 327, 0, 6.33%, 0, 0, 9, 418.84, 4146, 30102350
1602963424, 5, 249, 748, 326, 0, 6.33%, 0, 0, 9, 434.35, 4146, 30210635
1602963490, 5, 257, 748, 325, 0, 6.33%, 0, 0, 9, 457.86, 4146, 30241391
1602963648, 5, 270, 748, 324, 0, 6.33%, 0, 0, 9, 423.34, 4146, 30310054
1602963933, 5, 271, 748, 323, 0, 6.33%, 0, 0, 9, 406.97, 4146, 30421190
1602964208, 5, 272, 748, 322, 0, 6.33%, 0, 0, 9, 394.98, 4146, 30528287
1602964285, 5, 276, 748, 321, 0, 6.33%, 0, 0, 9, 427.11, 4146, 30565396
