# unix_time, cycles_done, cur_path, paths_total, pending_total, pending_favs, map_size, unique_crashes, unique_hangs, max_depth, execs_per_sec, edge_coverage, total_execs
1601778687, 0, 0, 1, 1, 1, 0.77%, 0, 0, 1, 140.35 0 8
1601778693, 0, 0, 35, 35, 1, 0.93%, 0, 0, 2, 606.39 610 3696
1601778698, 0, 0, 40, 40, 1, 0.94%, 0, 0, 2, 689.46 615 7284
1601778708, 0, 0, 71, 71, 1, 0.94%, 0, 0, 2, 653.55 617 13833
1601778713, 0, 0, 79, 79, 1, 0.95%, 0, 0, 2, 660.91 621 17186
1601778718, 0, 0, 83, 83, 1, 0.95%, 0, 0, 2, 662.49 621 20572
1601778723, 0, 0, 84, 84, 1, 0.95%, 0, 0, 2, 644.60 621 23884
1601778728, 0, 0, 86, 86, 1, 0.95%, 0, 0, 2, 639.10 621 27152
1601778739, 0, 0, 87, 87, 1, 0.95%, 0, 0, 2, 442.53 621 32592
1601778749, 0, 0, 88, 88, 1, 0.95%, 0, 0, 2, 359.12 621 36171
1601778769, 0, 0, 90, 90, 1, 0.96%, 0, 0, 2, 360.28 627 43474
1601778774, 0, 1, 90, 89, 21, 0.96%, 0, 0, 2, 308.45 627 45003
1601778805, 0, 4, 90, 88, 20, 0.96%, 0, 0, 2, 354.98 627 54886
1601778810, 0, 7, 90, 87, 19, 0.96%, 0, 0, 2, 360.86 627 56777
1601778846, 0, 12, 91, 87, 18, 0.96%, 0, 0, 3, 317.99 628 69158
1601778877, 0, 12, 92, 88, 18, 0.96%, 0, 0, 3, 353.27 628 79214
1601778882, 0, 15, 92, 87, 18, 0.96%, 0, 0, 3, 328.08 628 80897
1601778918, 0, 18, 92, 85, 16, 0.96%, 0, 0, 3, 357.46 628 93053
1601778959, 0, 22, 93, 85, 15, 0.96%, 0, 0, 3, 320.48 630 106204
1601778979, 0, 23, 93, 84, 15, 0.96%, 0, 0, 3, 318.43 630 113028
1601779010, 0, 24, 93, 83, 14, 0.96%, 0, 0, 3, 314.71 630 122779
1601779066, 0, 25, 93, 82, 13, 0.96%, 0, 0, 3, 299.86 630 135464
1601779102, 0, 26, 93, 81, 12, 0.96%, 0, 0, 3, 366.76 630 147092
1601779107, 0, 34, 93, 80, 10, 0.96%, 0, 0, 3, 323.88 630 148713
1601779143, 0, 37, 93, 79, 9, 0.96%, 0, 0, 3, 321.12 630 160543
1601779153, 0, 37, 94, 80, 9, 0.96%, 0, 0, 3, 290.14 630 163552
1601779173, 0, 37, 95, 81, 9, 0.96%, 0, 0, 3, 350.78 630 170389
1601779183, 0, 47, 95, 80, 8, 0.96%, 0, 0, 3, 357.90 630 174008
1601779193, 0, 63, 95, 79, 7, 0.96%, 0, 0, 3, 350.40 630 177646
1601779214, 0, 68, 95, 78, 6, 0.96%, 0, 0, 3, 340.67 630 184780
1601779229, 0, 72, 95, 77, 5, 0.96%, 0, 0, 3, 356.54 630 190073
1601779249, 0, 72, 96, 78, 5, 0.96%, 0, 0, 3, 367.52 630 197379
1601779254, 0, 77, 98, 79, 4, 0.98%, 0, 0, 3, 323.49 644 198971
1601779264, 0, 77, 99, 80, 4, 0.99%, 0, 0, 3, 304.34 650 202090
1601779284, 0, 88, 100, 80, 6, 0.99%, 0, 0, 3, 349.39 650 209308
1601779315, 0, 90, 100, 79, 5, 0.99%, 0, 0, 3, 341.76 650 219543
1601779345, 0, 92, 100, 78, 4, 0.99%, 0, 0, 3, 356.45 650 229936
1601779366, 0, 96, 102, 79, 3, 0.99%, 0, 0, 4, 337.73 651 236920
1601779371, 0, 96, 103, 80, 3, 1.05%, 0, 0, 4, 299.67 687 238398
1601779381, 0, 96, 104, 81, 3, 1.05%, 0, 0, 4, 305.50 691 241460
1601779396, 0, 97, 104, 80, 6, 1.05%, 0, 0, 4, 372.93 691 246871
1601779411, 0, 97, 105, 81, 6, 1.05%, 0, 0, 4, 290.10 691 251366
1601779426, 0, 98, 105, 80, 6, 1.05%, 0, 0, 4, 364.53 691 256841
1601779457, 0, 100, 105, 79, 5, 1.05%, 0, 0, 4, 353.32 691 266691
1601779493, 0, 100, 106, 80, 5, 1.05%, 0, 0, 5, 365.11 691 278555
1601779498, 0, 101, 106, 79, 4, 1.05%, 0, 0, 5, 360.40 691 280389
1601779528, 0, 101, 107, 80, 4, 1.05%, 0, 0, 5, 345.36 691 289834
1601779533, 0, 101, 108, 81, 4, 1.05%, 0, 0, 5, 348.23 691 291636
1601779554, 0, 102, 108, 80, 3, 1.05%, 0, 0, 5, 347.56 691 298913
1601779559, 0, 102, 110, 82, 3, 1.06%, 0, 0, 5, 296.93 692 300348
1601779569, 0, 102, 111, 83, 3, 1.06%, 0, 0, 5, 283.88 692 303316
1601779584, 0, 102, 112, 84, 3, 1.06%, 0, 0, 5, 354.71 692 308501
1601779600, 0, 103, 112, 83, 3, 1.06%, 0, 0, 5, 314.19 692 313698
1601779635, 0, 104, 112, 82, 2, 1.06%, 0, 0, 5, 302.54 692 325356
1601779671, 0, 108, 112, 81, 1, 1.06%, 0, 0, 5, 314.66 692 336958
1601779701, 1, 1, 113, 81, 0, 1.06%, 0, 0, 5, 359.36 692 347078
1601779706, 1, 5, 114, 82, 0, 1.06%, 0, 0, 5, 355.12 692 348882
1601779737, 1, 5, 115, 83, 0, 1.06%, 0, 0, 5, 365.72 692 359939
1601779742, 1, 9, 115, 82, 0, 1.06%, 0, 0, 5, 343.65 692 361658
1601779772, 1, 9, 117, 84, 0, 1.06%, 0, 0, 5, 364.28 692 372399
1601779777, 1, 11, 117, 83, 0, 1.06%, 0, 0, 5, 351.94 692 374190
1601779813, 1, 13, 117, 82, 0, 1.06%, 0, 0, 5, 329.50 692 386160
1601779849, 1, 14, 117, 81, 0, 1.06%, 0, 0, 5, 322.43 692 397955
1601779885, 1, 19, 117, 80, 0, 1.06%, 0, 0, 5, 328.45 692 409653
1601779920, 1, 23, 117, 79, 0, 1.06%, 0, 0, 5, 357.86 692 421341
1601779926, 1, 43, 117, 79, 0, 1.06%, 0, 0, 5, 357.99 692 423146
1601779936, 1, 44, 117, 78, 0, 1.06%, 0, 0, 5, 360.40 692 426888
1601779987, 1, 46, 117, 77, 0, 1.06%, 0, 0, 5, 346.01 692 443495
1601780017, 1, 60, 117, 76, 0, 1.06%, 0, 0, 5, 346.81 692 454283
1601780048, 1, 67, 117, 75, 0, 1.06%, 0, 0, 5, 352.97 692 464941
1601780073, 1, 70, 117, 74, 0, 1.06%, 0, 0, 5, 358.59 692 474064
1601780099, 1, 71, 117, 73, 0, 1.06%, 0, 0, 5, 354.87 692 483256
1601780145, 1, 77, 117, 72, 0, 1.06%, 0, 0, 5, 360.78 692 499213
1601780150, 1, 79, 117, 72, 0, 1.06%, 0, 0, 5, 341.58 692 500915
1601780175, 1, 100, 118, 72, 0, 1.06%, 0, 0, 5, 355.10 692 509827
1601780180, 1, 100, 121, 75, 0, 1.06%, 0, 0, 5, 355.69 692 511636
1601780190, 1, 103, 121, 75, 0, 1.06%, 0, 0, 5, 353.95 692 515175
1601780195, 1, 107, 122, 76, 0, 1.06%, 0, 0, 5, 351.43 692 516963
1601780277, 1, 115, 122, 75, 0, 1.06%, 0, 0, 5, 360.48 692 545659
1601780282, 1, 115, 123, 76, 0, 1.06%, 0, 0, 5, 350.76 692 547438
1601780359, 1, 115, 125, 78, 0, 1.06%, 0, 0, 5, 394.76 692 574815
1601780375, 1, 116, 125, 77, 0, 1.06%, 0, 0, 5, 358.73 692 580323
1601780410, 2, 8, 125, 76, 0, 1.06%, 0, 0, 5, 361.31 692 592916
1601780441, 2, 10, 125, 75, 0, 1.06%, 0, 0, 5, 369.32 692 603903
1601780476, 2, 23, 125, 74, 0, 1.06%, 0, 0, 5, 370.21 692 616348
1601780482, 2, 29, 125, 74, 0, 1.06%, 0, 0, 5, 372.65 692 618273
1601780492, 2, 30, 125, 73, 0, 1.06%, 0, 0, 5, 363.15 692 622057
1601780518, 2, 34, 125, 72, 0, 1.06%, 0, 0, 5, 377.44 692 631568
1601780523, 2, 41, 125, 72, 0, 1.06%, 0, 0, 5, 365.41 692 633409
1601780543, 2, 42, 125, 71, 0, 1.06%, 0, 0, 5, 399.14 692 641187
1601780579, 2, 47, 126, 71, 0, 1.06%, 0, 0, 5, 373.94 692 654174
1601780584, 2, 51, 126, 71, 0, 1.06%, 0, 0, 5, 353.10 692 655975
1601780609, 2, 66, 126, 70, 0, 1.06%, 0, 0, 5, 374.37 692 665368
1601780620, 2, 74, 126, 69, 0, 1.06%, 0, 0, 5, 345.02 692 669127
1601780650, 2, 74, 127, 70, 0, 1.06%, 0, 0, 5, 372.80 692 679596
1601780656, 2, 75, 127, 69, 0, 1.06%, 0, 0, 5, 386.86 692 681645
1601780686, 2, 76, 127, 68, 0, 1.06%, 0, 0, 5, 380.07 692 693158
1601780691, 2, 85, 127, 67, 0, 1.06%, 0, 0, 5, 378.90 692 695114
1601780712, 2, 87, 127, 66, 0, 1.06%, 0, 0, 5, 362.35 692 702856
1601780748, 2, 91, 128, 66, 0, 1.06%, 0, 0, 5, 367.43 692 715458
1601780799, 2, 93, 128, 65, 0, 1.06%, 0, 0, 5, 335.98 692 733954
1601780825, 2, 95, 128, 64, 0, 1.06%, 0, 0, 5, 351.29 692 742642
1601780861, 2, 100, 128, 63, 0, 1.06%, 0, 0, 5, 358.34 692 755366
1601780866, 2, 103, 128, 63, 0, 1.06%, 0, 0, 5, 351.84 692 757141
1601780871, 2, 106, 128, 63, 0, 1.06%, 0, 0, 5, 356.89 692 758949
1601780906, 2, 108, 131, 65, 0, 1.08%, 0, 0, 6, 373.26 708 771680
1601780916, 2, 128, 132, 66, 1, 1.08%, 0, 0, 7, 320.84 708 775297
1601780932, 2, 128, 133, 67, 1, 1.08%, 0, 0, 7, 281.66 708 779635
1601780947, 2, 128, 134, 68, 1, 1.09%, 0, 0, 7, 298.82 712 783894
1601780967, 2, 128, 137, 71, 1, 1.09%, 0, 0, 7, 355.09 712 791204
1601780988, 2, 128, 138, 72, 1, 1.09%, 0, 0, 7, 374.76 712 798912
1601781019, 2, 133, 138, 71, 2, 1.09%, 0, 0, 7, 306.56 712 810018
1601781044, 2, 133, 139, 72, 2, 1.09%, 0, 0, 8, 261.47 713 816968
1601781080, 2, 133, 140, 73, 2, 1.09%, 0, 0, 8, 372.12 713 829875
1601781095, 2, 134, 140, 72, 2, 1.09%, 0, 0, 8, 306.34 713 835239
1601781151, 2, 138, 140, 71, 1, 1.09%, 0, 0, 8, 338.73 713 853792
1601781223, 3, 6, 140, 70, 0, 1.09%, 0, 0, 8, 370.64 713 877424
1601781254, 3, 16, 140, 69, 0, 1.09%, 0, 0, 8, 385.04 713 888995
1601781259, 3, 20, 140, 69, 0, 1.09%, 0, 0, 8, 383.03 713 890964
1601781269, 3, 28, 140, 68, 0, 1.09%, 0, 0, 8, 381.92 713 894856
1601781299, 3, 31, 140, 67, 0, 1.09%, 0, 0, 8, 373.51 713 906164
1601781315, 3, 33, 140, 66, 0, 1.09%, 0, 0, 8, 368.70 713 911780
1601781335, 3, 36, 140, 65, 0, 1.09%, 0, 0, 8, 340.91 713 919134
1601781355, 3, 38, 140, 64, 0, 1.09%, 0, 0, 8, 375.24 713 926555
1601781391, 3, 50, 140, 63, 0, 1.09%, 0, 0, 8, 379.29 713 938669
1601781422, 3, 50, 141, 64, 0, 1.09%, 0, 0, 8, 403.01 713 950619
1601781427, 3, 57, 141, 63, 0, 1.09%, 0, 0, 8, 399.85 713 952681
1601781437, 3, 61, 141, 62, 0, 1.09%, 0, 0, 8, 401.66 713 956825
1601781478, 3, 77, 141, 61, 0, 1.09%, 0, 0, 8, 373.33 713 970654
1601781483, 3, 78, 141, 61, 0, 1.09%, 0, 0, 8, 376.52 713 972605
1601781514, 3, 83, 141, 60, 0, 1.09%, 0, 0, 8, 356.04 713 983866
1601781570, 3, 94, 141, 59, 0, 1.09%, 0, 0, 8, 323.60 713 1001313
1601781611, 3, 94, 142, 60, 0, 1.09%, 0, 0, 8, 347.94 713 1014330
1601781616, 3, 101, 142, 59, 0, 1.09%, 0, 0, 8, 353.36 713 1016113
1601781621, 3, 104, 142, 59, 0, 1.09%, 0, 0, 8, 352.21 713 1017944
1601781626, 3, 109, 142, 59, 0, 1.09%, 0, 0, 8, 309.58 713 1019455
1601781662, 3, 110, 142, 58, 0, 1.09%, 0, 0, 8, 310.74 713 1030936
1601781697, 3, 112, 142, 57, 0, 1.09%, 0, 0, 8, 350.08 713 1042746
1601781733, 3, 119, 142, 56, 0, 1.09%, 0, 0, 8, 309.05 713 1055348
1601781850, 3, 119, 143, 57, 0, 1.09%, 0, 0, 8, 332.88 713 1088923
1601781861, 3, 119, 144, 58, 0, 1.17%, 0, 0, 8, 336.63 764 1092439
1601781891, 3, 119, 145, 59, 0, 1.17%, 0, 0, 8, 330.96 764 1102481
1601781906, 3, 143, 145, 58, 1, 1.17%, 0, 0, 8, 251.10 764 1107093
1601781917, 3, 143, 154, 67, 1, 1.21%, 0, 0, 8, 212.29 794 1109244
1601781932, 3, 143, 156, 69, 1, 1.21%, 0, 0, 8, 210.03 795 1112508
1601781942, 3, 143, 158, 71, 1, 1.21%, 0, 0, 8, 208.11 796 1114639
1601782018, 3, 143, 165, 78, 1, 1.24%, 0, 0, 8, 210.65 813 1130657
1601782064, 3, 143, 167, 80, 1, 1.24%, 0, 0, 8, 233.59 814 1140869
1601782150, 3, 143, 168, 81, 1, 1.24%, 0, 0, 8, 284.65 814 1169290
1601782156, 3, 143, 170, 83, 1, 1.24%, 0, 0, 8, 309.47 814 1170930
1601782161, 3, 143, 171, 84, 1, 1.24%, 0, 0, 8, 313.45 814 1172576
1601782166, 3, 143, 172, 85, 1, 1.24%, 0, 0, 8, 318.54 815 1174240
1601782182, 3, 143, 174, 87, 1, 1.25%, 0, 0, 8, 311.03 816 1179158
1601782202, 3, 143, 175, 88, 1, 1.25%, 0, 0, 8, 321.69 817 1185676
1601782212, 3, 143, 176, 89, 1, 1.25%, 0, 0, 8, 317.87 817 1188906
1601782222, 3, 143, 177, 90, 1, 1.25%, 0, 0, 8, 320.60 817 1192166
1601782227, 3, 145, 177, 89, 13, 1.25%, 0, 0, 8, 286.61 817 1193641
1601782487, 3, 150, 177, 88, 12, 1.25%, 0, 0, 8, 238.47 817 1259580
1601782599, 3, 150, 181, 92, 12, 1.25%, 0, 0, 8, 212.77 818 1283021
1601782742, 3, 150, 182, 93, 12, 1.25%, 0, 0, 8, 304.15 818 1323143
1601782757, 3, 150, 183, 94, 12, 1.26%, 0, 0, 8, 314.50 823 1327831
1601782798, 3, 154, 183, 93, 14, 1.26%, 0, 0, 8, 233.71 823 1340150
1601782808, 3, 154, 184, 94, 14, 1.26%, 0, 0, 8, 208.67 823 1342262
1601782833, 3, 154, 185, 95, 14, 1.26%, 0, 0, 8, 208.93 823 1347569
1601783052, 3, 154, 186, 96, 14, 1.26%, 0, 0, 8, 310.51 823 1404250
1601783072, 3, 157, 186, 95, 14, 1.26%, 0, 0, 8, 305.48 823 1410526
1601783185, 3, 157, 189, 98, 14, 1.26%, 0, 0, 8, 216.08 827 1435022
1601783328, 3, 159, 189, 97, 14, 1.26%, 0, 0, 8, 233.85 827 1476154
1601783592, 3, 160, 189, 96, 13, 1.26%, 0, 0, 8, 246.93 827 1542555
1601783750, 3, 160, 190, 97, 13, 1.26%, 0, 0, 8, 224.21 828 1575919
1601783851, 3, 160, 191, 98, 13, 1.26%, 0, 0, 8, 319.24 829 1608280
1601783871, 3, 162, 191, 97, 14, 1.26%, 0, 0, 8, 242.80 829 1614195
1601783881, 3, 162, 192, 98, 14, 1.26%, 0, 0, 8, 218.76 829 1616407
1601783892, 3, 162, 193, 99, 14, 1.27%, 0, 0, 8, 213.55 830 1618635
1601784121, 3, 162, 194, 100, 14, 1.27%, 0, 0, 8, 297.46 830 1677210
1601784126, 3, 162, 195, 101, 14, 1.27%, 0, 0, 8, 306.64 830 1678763
1601784157, 3, 166, 195, 100, 14, 1.27%, 0, 0, 8, 278.23 830 1687989
1601784413, 3, 173, 195, 99, 13, 1.27%, 0, 0, 8, 307.84 830 1753028
1601784556, 3, 174, 195, 98, 12, 1.27%, 0, 0, 8, 267.19 830 1793307
1601784786, 3, 178, 195, 97, 11, 1.27%, 0, 0, 8, 272.59 830 1856258
1601785061, 3, 180, 195, 96, 10, 1.27%, 0, 0, 8, 295.86 830 1925434
1601785336, 3, 182, 195, 95, 9, 1.27%, 0, 0, 8, 240.33 830 1994996
1601786051, 3, 182, 196, 96, 9, 1.27%, 0, 0, 9, 264.20 831 2140929
1601786485, 3, 183, 196, 95, 9, 1.27%, 0, 0, 9, 253.38 831 2262106
1601786752, 3, 186, 196, 94, 8, 1.27%, 0, 0, 9, 273.33 831 2329572
1601787009, 3, 187, 196, 93, 7, 1.27%, 0, 0, 9, 274.31 831 2396138
1601787265, 3, 188, 196, 92, 6, 1.27%, 0, 0, 9, 235.57 831 2463285
1601787515, 3, 188, 197, 93, 6, 1.27%, 0, 0, 9, 304.41 831 2527143
1601787535, 3, 189, 197, 92, 7, 1.27%, 0, 0, 9, 289.06 831 2533576
1601787801, 3, 190, 197, 91, 6, 1.27%, 0, 0, 9, 244.07 831 2601578
1601788035, 3, 192, 197, 90, 5, 1.27%, 0, 0, 9, 257.59 831 2662679
1601788298, 3, 194, 197, 89, 4, 1.27%, 0, 0, 9, 261.71 831 2730325
1601788527, 3, 195, 197, 88, 3, 1.27%, 0, 0, 9, 199.59 831 2791938
1601789676, 3, 196, 197, 87, 2, 1.27%, 0, 0, 9, 243.78 831 3058406
1601789686, 3, 196, 198, 88, 2, 1.27%, 0, 0, 10, 214.11 831 3060579
1601789762, 3, 196, 199, 89, 2, 1.27%, 0, 0, 10, 208.91 831 3076526
1601789767, 3, 196, 201, 91, 2, 1.27%, 0, 0, 10, 210.39 831 3077626
1601789940, 4, 61, 201, 90, 1, 1.27%, 0, 0, 10, 314.73 831 3125049
1601789945, 4, 153, 201, 90, 1, 1.27%, 0, 0, 10, 280.20 831 3126533
1601790210, 4, 156, 201, 89, 0, 1.27%, 0, 0, 10, 246.60 831 3192746
1601790465, 4, 162, 201, 88, 0, 1.27%, 0, 0, 10, 326.25 831 3258699
1601790470, 4, 163, 201, 88, 0, 1.27%, 0, 0, 10, 245.22 831 3259838
1601790735, 4, 165, 201, 87, 0, 1.27%, 0, 0, 10, 267.81 831 3326732
1601790991, 4, 165, 202, 88, 0, 1.27%, 0, 0, 10, 270.86 831 3390045
1601791021, 4, 169, 202, 87, 0, 1.27%, 0, 0, 10, 194.78 831 3398918
1601791991, 4, 171, 202, 86, 0, 1.27%, 0, 0, 10, 213.38 831 3574637
1601792011, 4, 171, 204, 88, 0, 1.27%, 0, 0, 10, 180.09 831 3578354
1601792446, 4, 174, 204, 87, 0, 1.27%, 0, 0, 10, 307.74 831 3674785
1601792451, 4, 175, 204, 87, 0, 1.27%, 0, 0, 10, 242.56 831 3676031
1601793703, 4, 180, 204, 86, 0, 1.27%, 0, 0, 10, 292.07 831 3951635
1601793708, 4, 182, 204, 86, 0, 1.27%, 0, 0, 10, 289.03 831 3953125
1601793714, 4, 183, 204, 86, 0, 1.27%, 0, 0, 10, 299.74 831 3954623
1601793719, 4, 184, 204, 86, 0, 1.27%, 0, 0, 10, 261.13 831 3955923
1601793969, 4, 186, 204, 85, 0, 1.27%, 0, 0, 10, 320.65 831 4022384
1601793974, 4, 187, 204, 85, 0, 1.27%, 0, 0, 10, 320.61 831 4023998
1601793979, 4, 189, 204, 85, 0, 1.27%, 0, 0, 10, 320.33 831 4025612
1601793985, 4, 192, 204, 85, 0, 1.27%, 0, 0, 10, 324.82 831 4027310
1601793990, 4, 193, 204, 85, 0, 1.27%, 0, 0, 10, 224.60 831 4028478
1601793995, 4, 193, 205, 86, 0, 1.27%, 0, 0, 10, 151.39 831 4029167
1601794000, 4, 193, 206, 87, 0, 1.27%, 0, 0, 10, 136.15 831 4029854
1601795136, 4, 193, 207, 88, 0, 1.27%, 0, 0, 10, 203.60 831 4222945
1601795172, 4, 194, 207, 87, 0, 1.27%, 0, 0, 10, 261.17 831 4231702
1601795177, 4, 195, 207, 87, 0, 1.27%, 0, 0, 10, 291.77 831 4233313
1601795182, 4, 196, 207, 87, 0, 1.27%, 0, 0, 10, 306.76 831 4234823
1601795187, 4, 201, 207, 87, 0, 1.27%, 0, 0, 10, 253.47 831 4236134
1601795198, 4, 201, 208, 88, 0, 1.27%, 0, 0, 10, 221.76 831 4238314
1601795464, 4, 207, 208, 87, 1, 1.27%, 0, 0, 10, 259.46 831 4307586
1601795729, 5, 12, 208, 86, 0, 1.27%, 0, 0, 10, 29.54 831 4377947
1601795734, 5, 36, 208, 86, 0, 1.27%, 0, 0, 10, 382.38 831 4379885
1601795739, 5, 55, 208, 86, 0, 1.27%, 0, 0, 10, 380.71 831 4381839
1601795745, 5, 75, 208, 85, 0, 1.27%, 0, 0, 10, 385.22 831 4383855
1601795750, 5, 80, 208, 85, 0, 1.27%, 0, 0, 10, 340.72 831 4385630
1601795786, 5, 82, 208, 84, 0, 1.27%, 0, 0, 10, 326.30 831 4397756
1601795826, 5, 99, 208, 83, 0, 1.27%, 0, 0, 10, 366.42 831 4411404
1601795867, 5, 101, 208, 82, 0, 1.27%, 0, 0, 10, 370.86 831 4425146
1601795872, 5, 104, 208, 82, 0, 1.27%, 0, 0, 10, 364.68 831 4426998
1601795878, 5, 105, 208, 82, 0, 1.27%, 0, 0, 10, 347.48 831 4428785
1601795923, 5, 111, 208, 81, 0, 1.27%, 0, 0, 10, 310.75 831 4444781
1601795928, 5, 111, 209, 82, 0, 1.27%, 0, 0, 10, 314.03 831 4446318
1601795969, 5, 117, 209, 81, 0, 1.27%, 0, 0, 10, 327.02 831 4459653
1601796020, 5, 122, 209, 80, 0, 1.27%, 0, 0, 10, 364.79 831 4476883
1601796102, 5, 133, 209, 79, 0, 1.27%, 0, 0, 10, 356.11 831 4506309
1601796107, 5, 134, 209, 79, 0, 1.27%, 0, 0, 10, 358.99 831 4508139
1601796112, 5, 136, 209, 79, 0, 1.27%, 0, 0, 10, 331.38 831 4509851
1601796178, 5, 138, 209, 78, 0, 1.27%, 0, 0, 10, 367.08 831 4531595
1601796183, 5, 142, 209, 78, 0, 1.27%, 0, 0, 10, 339.84 831 4533269
1601796427, 5, 152, 209, 77, 0, 1.27%, 0, 0, 10, 282.66 831 4593626
1601796692, 5, 154, 209, 76, 0, 1.27%, 0, 0, 10, 304.99 831 4661044
1601796697, 5, 162, 209, 76, 0, 1.27%, 0, 0, 10, 302.22 831 4662544
1601796702, 5, 164, 209, 76, 0, 1.27%, 0, 0, 10, 249.59 831 4663821
1601796971, 5, 173, 209, 75, 0, 1.27%, 0, 0, 10, 322.17 831 4731333
1601796976, 5, 176, 209, 75, 0, 1.27%, 0, 0, 10, 317.34 831 4732963
1601797410, 5, 179, 209, 74, 0, 1.27%, 0, 0, 10, 238.94 831 4831052
1601797690, 5, 180, 209, 73, 0, 1.27%, 0, 0, 10, 317.95 831 4902120
1601797695, 5, 182, 209, 73, 0, 1.27%, 0, 0, 10, 285.88 831 4903562
1601797700, 5, 184, 209, 73, 0, 1.27%, 0, 0, 10, 307.51 831 4905142
1601797705, 5, 186, 209, 73, 0, 1.27%, 0, 0, 10, 308.90 831 4906696
1601797710, 5, 189, 209, 73, 0, 1.27%, 0, 0, 10, 317.19 831 4908304
1601797715, 5, 190, 209, 73, 0, 1.27%, 0, 0, 10, 321.90 831 4909972
1601797720, 5, 191, 209, 73, 0, 1.27%, 0, 0, 10, 260.95 831 4911280
1601797986, 5, 194, 209, 72, 0, 1.27%, 0, 0, 10, 314.93 831 4980356
1601797991, 5, 195, 209, 72, 0, 1.27%, 0, 0, 10, 315.03 831 4982012
1601797997, 5, 196, 209, 72, 0, 1.27%, 0, 0, 10, 304.65 831 4983482
1601798002, 5, 197, 209, 72, 0, 1.27%, 0, 0, 10, 268.19 831 4984917
1601798007, 5, 197, 210, 73, 0, 1.27%, 0, 0, 11, 230.10 831 4986059
1601798257, 5, 199, 210, 72, 0, 1.27%, 0, 0, 11, 216.54 831 5050421
1601798501, 5, 200, 210, 71, 0, 1.27%, 0, 0, 11, 320.95 831 5114930
1601798511, 5, 200, 211, 72, 0, 1.27%, 0, 0, 11, 217.42 831 5117129
1601798765, 5, 204, 211, 71, 0, 1.27%, 0, 0, 11, 250.70 831 5183521
1601799964, 5, 207, 211, 70, 0, 1.27%, 0, 0, 11, 274.07 831 5389522
1601799969, 6, 3, 211, 70, 0, 1.27%, 0, 0, 11, 336.15 831 5391320
1601800000, 6, 12, 211, 69, 0, 1.27%, 0, 0, 11, 373.42 831 5402667
1601800005, 6, 17, 211, 69, 0, 1.27%, 0, 0, 11, 372.30 831 5404607
1601800016, 6, 28, 211, 68, 0, 1.27%, 0, 0, 11, 379.01 831 5408525
1601800021, 6, 35, 211, 68, 0, 1.27%, 0, 0, 11, 342.79 831 5410241
1601800046, 6, 39, 211, 67, 0, 1.27%, 0, 0, 11, 341.95 831 5419259
1601800082, 6, 49, 211, 66, 0, 1.27%, 0, 0, 11, 373.01 831 5431609
1601800087, 6, 65, 211, 65, 0, 1.27%, 0, 0, 11, 371.37 831 5433491
1601800113, 6, 69, 211, 64, 0, 1.27%, 0, 0, 11, 314.70 831 5442641
1601800184, 6, 100, 211, 63, 0, 1.27%, 0, 0, 11, 353.81 831 5465087
1601800189, 6, 103, 211, 63, 0, 1.27%, 0, 0, 11, 367.62 831 5467013
1601800194, 6, 120, 211, 63, 0, 1.27%, 0, 0, 11, 338.07 831 5468738
1601800235, 6, 125, 211, 62, 0, 1.27%, 0, 0, 11, 359.44 831 5482474
1601800321, 6, 129, 211, 61, 0, 1.27%, 0, 0, 11, 326.79 831 5512640
1601800373, 6, 129, 212, 62, 0, 1.27%, 0, 0, 11, 351.30 831 5528565
1601800383, 6, 197, 212, 61, 1, 1.27%, 0, 0, 11, 347.47 831 5532239
1601800388, 6, 211, 212, 61, 1, 1.27%, 0, 0, 11, 301.97 831 5533730
1601800469, 7, 1, 212, 60, 0, 1.27%, 0, 0, 11, 366.31 831 5560726
1601800474, 7, 15, 212, 60, 0, 1.27%, 0, 0, 11, 370.43 831 5562659
1601800479, 7, 21, 212, 60, 0, 1.27%, 0, 0, 11, 362.09 831 5564486
1601800489, 7, 25, 212, 59, 0, 1.27%, 0, 0, 11, 369.47 831 5568330
1601800494, 7, 32, 212, 59, 0, 1.27%, 0, 0, 11, 356.95 831 5570132
1601800509, 7, 38, 212, 58, 0, 1.27%, 0, 0, 11, 363.77 831 5575582
1601800515, 7, 64, 212, 58, 0, 1.27%, 0, 0, 11, 369.75 831 5577493
1601800520, 7, 84, 212, 57, 0, 1.27%, 0, 0, 11, 361.68 831 5579386
1601800556, 7, 86, 212, 56, 0, 1.27%, 0, 0, 11, 367.19 831 5592260
1601800632, 7, 89, 212, 55, 0, 1.27%, 0, 0, 11, 362.25 831 5619819
1601800662, 7, 100, 212, 54, 0, 1.27%, 0, 0, 11, 381.24 831 5631213
1601800668, 7, 102, 212, 54, 0, 1.27%, 0, 0, 11, 378.90 831 5633148
1601800673, 7, 121, 212, 54, 0, 1.27%, 0, 0, 11, 367.26 831 5635045
1601800770, 7, 130, 212, 53, 0, 1.27%, 0, 0, 11, 327.23 831 5670122
1601800811, 7, 130, 213, 54, 0, 1.27%, 0, 0, 11, 354.28 831 5683323
1601800831, 7, 137, 213, 53, 0, 1.27%, 0, 0, 11, 337.38 831 5690619
1601800841, 7, 137, 214, 54, 0, 1.27%, 0, 0, 11, 203.48 832 5692653
1601801090, 7, 137, 215, 55, 0, 1.27%, 0, 0, 11, 323.76 832 5754597
1601801105, 7, 213, 215, 54, 1, 1.27%, 0, 0, 11, 314.29 832 5759505
1601801110, 7, 213, 216, 55, 1, 1.27%, 0, 0, 11, 224.52 832 5760544
1601801365, 7, 213, 217, 56, 1, 1.27%, 0, 0, 11, 325.34 832 5822852
1601801375, 7, 213, 218, 57, 1, 1.27%, 0, 0, 11, 329.73 832 5826238
1601801441, 7, 215, 218, 56, 1, 1.27%, 0, 0, 11, 260.73 832 5847512
1601801736, 7, 217, 218, 55, 0, 1.27%, 0, 0, 11, 213.37 832 5921656
1601802053, 8, 7, 218, 54, 0, 1.27%, 0, 0, 11, 340.53 832 5996277
1601802058, 8, 24, 218, 54, 0, 1.27%, 0, 0, 11, 364.02 832 5998209
1601802063, 8, 41, 218, 54, 0, 1.27%, 0, 0, 11, 372.12 832 6000130
1601802068, 8, 81, 218, 54, 0, 1.27%, 0, 0, 11, 373.29 832 6002086
1601802094, 8, 92, 218, 53, 0, 1.27%, 0, 0, 11, 377.78 832 6011793
1601802099, 8, 101, 218, 53, 0, 1.27%, 0, 0, 11, 374.17 832 6013733
1601802104, 8, 104, 218, 53, 0, 1.27%, 0, 0, 11, 372.88 832 6015655
1601802109, 8, 118, 218, 53, 0, 1.27%, 0, 0, 11, 316.49 832 6017256
1601802181, 8, 125, 218, 52, 0, 1.27%, 0, 0, 11, 373.46 832 6039984
1601802186, 8, 126, 218, 52, 0, 1.27%, 0, 0, 11, 316.10 832 6041584
1601802247, 8, 132, 218, 51, 0, 1.27%, 0, 0, 11, 302.86 832 6061509
1601802313, 8, 134, 218, 50, 0, 1.27%, 0, 0, 11, 364.42 832 6082821
1601802318, 8, 139, 218, 50, 0, 1.27%, 0, 0, 11, 337.59 832 6084570
1601802364, 8, 139, 219, 51, 0, 1.27%, 0, 0, 11, 227.82 832 6095024
1601802440, 8, 139, 220, 52, 0, 1.27%, 0, 0, 11, 313.13 832 6117759
1601802481, 8, 149, 220, 51, 0, 1.27%, 0, 0, 11, 258.81 832 6131413
1601802741, 8, 162, 220, 50, 0, 1.27%, 0, 0, 11, 319.48 832 6199574
1601802746, 8, 167, 220, 50, 0, 1.27%, 0, 0, 11, 267.50 832 6200980
1601803469, 8, 174, 220, 49, 0, 1.27%, 0, 0, 11, 312.87 832 6347177
1601803474, 8, 177, 220, 49, 0, 1.27%, 0, 0, 11, 242.69 832 6348380
1601803745, 8, 180, 220, 48, 0, 1.27%, 0, 0, 11, 321.35 832 6420289
1601803750, 8, 181, 220, 48, 0, 1.27%, 0, 0, 11, 262.74 832 6421574
1601803893, 8, 182, 220, 47, 0, 1.27%, 0, 0, 11, 364.27 832 6464006
1601803898, 8, 187, 220, 47, 0, 1.27%, 0, 0, 11, 350.86 832 6465727
1601803903, 8, 190, 220, 47, 0, 1.27%, 0, 0, 11, 335.79 832 6467388
1601803908, 8, 195, 220, 47, 0, 1.27%, 0, 0, 11, 310.03 832 6469008
1601803914, 8, 198, 220, 47, 0, 1.27%, 0, 0, 11, 267.97 832 6470330
1601804168, 8, 209, 220, 46, 0, 1.27%, 0, 0, 11, 283.79 832 6540405
1601804423, 8, 211, 220, 45, 0, 1.27%, 0, 0, 11, 343.52 832 6612468
1601804428, 8, 212, 220, 45, 0, 1.27%, 0, 0, 11, 308.23 832 6614007
1601804500, 8, 214, 220, 44, 0, 1.27%, 0, 0, 11, 289.36 832 6638518
1601804724, 8, 215, 220, 43, 0, 1.27%, 0, 0, 11, 344.02 832 6704354
1601804729, 8, 216, 220, 43, 0, 1.27%, 0, 0, 11, 312.06 832 6705936
1601805152, 9, 12, 220, 42, 0, 1.27%, 0, 0, 11, 363.28 832 6811036
1601805158, 9, 25, 220, 42, 0, 1.27%, 0, 0, 11, 380.94 832 6813039
1601805163, 9, 40, 220, 42, 0, 1.27%, 0, 0, 11, 383.09 832 6814985
1601805193, 9, 48, 220, 41, 0, 1.27%, 0, 0, 11, 394.31 832 6826609
1601805224, 9, 56, 220, 40, 0, 1.27%, 0, 0, 11, 387.95 832 6838668
1601805249, 9, 62, 220, 39, 0, 1.27%, 0, 0, 11, 405.36 832 6848455
1601805254, 9, 73, 220, 38, 0, 1.27%, 0, 0, 11, 389.67 832 6850481
1601805280, 9, 100, 220, 37, 0, 1.27%, 0, 0, 11, 382.16 832 6859959
1601805285, 9, 102, 220, 37, 0, 1.27%, 0, 0, 11, 377.53 832 6861901
1601805290, 9, 114, 220, 37, 0, 1.27%, 0, 0, 11, 368.80 832 6863741
1601805325, 9, 132, 220, 36, 0, 1.27%, 0, 0, 11, 395.12 832 6878295
1601805331, 9, 134, 220, 36, 0, 1.27%, 0, 0, 11, 373.12 832 6880139
1601805336, 9, 135, 220, 36, 0, 1.27%, 0, 0, 11, 295.28 832 6881569
1601805412, 9, 138, 220, 35, 0, 1.27%, 0, 0, 11, 367.47 832 6905446
1601805417, 9, 140, 220, 35, 0, 1.27%, 0, 0, 11, 367.79 832 6907307
1601805458, 9, 170, 220, 34, 0, 1.27%, 0, 0, 11, 242.88 832 6921782
1601806640, 9, 173, 220, 33, 0, 1.27%, 0, 0, 11, 274.37 832 7124048
1601806645, 9, 182, 220, 33, 0, 1.27%, 0, 0, 11, 314.25 832 7125705
1601806650, 9, 187, 220, 33, 0, 1.27%, 0, 0, 11, 326.65 832 7127373
1601806655, 9, 190, 220, 33, 0, 1.27%, 0, 0, 11, 330.59 832 7129035
1601806660, 9, 195, 220, 33, 0, 1.27%, 0, 0, 11, 324.15 832 7130673
1601806665, 9, 202, 220, 33, 0, 1.27%, 0, 0, 11, 269.41 832 7132046
1601807104, 9, 211, 220, 32, 0, 1.27%, 0, 0, 11, 330.90 832 7235447
1601807109, 9, 215, 220, 32, 0, 1.27%, 0, 0, 11, 345.52 832 7237301
1601807115, 10, 1, 220, 32, 0, 1.27%, 0, 0, 11, 359.93 832 7239137
1601807120, 10, 12, 220, 32, 0, 1.27%, 0, 0, 11, 361.61 832 7241010
1601807125, 10, 18, 220, 32, 0, 1.27%, 0, 0, 11, 366.93 832 7242873
1601807130, 10, 21, 220, 32, 0, 1.27%, 0, 0, 11, 372.65 832 7244757
1601807135, 10, 24, 220, 32, 0, 1.27%, 0, 0, 11, 368.00 832 7246606
1601807140, 10, 35, 220, 32, 0, 1.27%, 0, 0, 11, 375.97 832 7248573
1601807145, 10, 60, 220, 32, 0, 1.27%, 0, 0, 11, 372.77 832 7250515
1601807150, 10, 77, 220, 32, 0, 1.27%, 0, 0, 11, 364.62 832 7252360
1601807155, 10, 92, 220, 32, 0, 1.27%, 0, 0, 11, 370.23 832 7254209
1601807160, 10, 100, 221, 33, 0, 1.27%, 0, 0, 11, 375.88 832 7256148
1601807165, 10, 101, 221, 33, 0, 1.27%, 0, 0, 11, 379.59 832 7258043
1601807171, 10, 102, 221, 33, 0, 1.27%, 0, 0, 11, 379.98 832 7259959
1601807181, 10, 104, 221, 33, 0, 1.27%, 0, 0, 11, 366.27 832 7263618
1601807191, 10, 111, 222, 34, 0, 1.27%, 0, 0, 11, 356.19 832 7267310
1601807196, 10, 126, 222, 34, 0, 1.27%, 0, 0, 11, 371.07 832 7269237
1601807201, 10, 127, 222, 34, 0, 1.27%, 0, 0, 11, 319.52 832 7270804
1601807385, 10, 128, 222, 33, 0, 1.27%, 0, 0, 11, 367.26 832 7331781
1601807396, 10, 133, 222, 33, 0, 1.27%, 0, 0, 11, 366.26 832 7335495
1601807401, 10, 134, 222, 33, 0, 1.27%, 0, 0, 11, 360.45 832 7337282
1601807406, 10, 138, 222, 33, 0, 1.27%, 0, 0, 11, 352.84 832 7339063
1601807416, 10, 141, 222, 33, 0, 1.27%, 0, 0, 11, 314.33 832 7342525
1601807558, 10, 141, 224, 35, 0, 1.27%, 0, 0, 11, 277.39 832 7382418
1601807620, 10, 146, 224, 34, 0, 1.27%, 0, 0, 11, 266.37 832 7403329
1601807875, 10, 161, 224, 33, 0, 1.27%, 0, 0, 11, 332.64 832 7473488
1601808145, 10, 162, 224, 32, 0, 1.27%, 0, 0, 11, 342.31 832 7545798
1601808150, 10, 173, 224, 32, 0, 1.27%, 0, 0, 11, 361.64 832 7547617
1601808156, 10, 180, 224, 32, 0, 1.27%, 0, 0, 11, 358.79 832 7549484
1601808166, 10, 183, 224, 32, 0, 1.27%, 0, 0, 11, 345.91 832 7553024
1601808171, 10, 186, 224, 32, 0, 1.27%, 0, 0, 11, 350.87 832 7554882
1601808176, 10, 187, 224, 32, 0, 1.27%, 0, 0, 11, 364.67 832 7556712
1601808186, 10, 190, 224, 32, 0, 1.27%, 0, 0, 11, 373.49 832 7560410
1601808196, 10, 192, 224, 32, 0, 1.27%, 0, 0, 11, 361.70 832 7564158
1601808201, 10, 194, 224, 32, 0, 1.27%, 0, 0, 11, 357.28 832 7565927
1601808207, 10, 196, 224, 32, 0, 1.27%, 0, 0, 11, 342.96 832 7567682
1601808217, 10, 198, 224, 32, 0, 1.27%, 0, 0, 11, 336.62 832 7571149
1601808232, 10, 206, 224, 32, 0, 1.27%, 0, 0, 11, 170.90 832 7575368
1601811073, 10, 211, 224, 31, 0, 1.27%, 0, 0, 11, 373.14 832 7949474
1601811083, 10, 215, 224, 31, 0, 1.27%, 0, 0, 11, 339.70 832 7953000
1601811093, 10, 215, 225, 32, 0, 1.27%, 0, 0, 11, 336.18 832 7956328
1601811098, 10, 222, 225, 32, 0, 1.27%, 0, 0, 11, 232.12 832 7957412
1601811438, 11, 4, 225, 31, 0, 1.27%, 0, 0, 11, 406.36 832 8046203
1601811443, 11, 14, 225, 31, 0, 1.27%, 0, 0, 11, 417.97 832 8048274
1601811449, 11, 16, 225, 31, 0, 1.27%, 0, 0, 11, 391.93 832 8050255
1601811454, 11, 21, 225, 31, 0, 1.27%, 0, 0, 11, 414.99 832 8052427
1601811459, 11, 26, 225, 31, 0, 1.27%, 0, 0, 11, 404.05 832 8054475
1601811464, 11, 27, 225, 31, 0, 1.27%, 0, 0, 11, 407.33 832 8056553
1601811469, 11, 35, 225, 30, 0, 1.27%, 0, 0, 11, 399.83 832 8058617
1601811474, 11, 54, 225, 30, 0, 1.27%, 0, 0, 11, 368.81 832 8060489
1601811525, 11, 58, 225, 29, 0, 1.27%, 0, 0, 11, 346.32 832 8077595
1601811561, 11, 69, 225, 28, 0, 1.27%, 0, 0, 11, 372.49 832 8090773
1601811566, 11, 79, 225, 28, 0, 1.27%, 0, 0, 11, 373.61 832 8092718
1601811571, 11, 92, 225, 28, 0, 1.27%, 0, 0, 11, 375.51 832 8094615
1601811576, 11, 100, 225, 28, 0, 1.27%, 0, 0, 11, 372.25 832 8096554
1601811582, 11, 101, 225, 28, 0, 1.27%, 0, 0, 11, 378.38 832 8098524
1601811587, 11, 102, 225, 28, 0, 1.27%, 0, 0, 11, 372.58 832 8100376
1601811592, 11, 103, 225, 28, 0, 1.27%, 0, 0, 11, 369.07 832 8102194
1601811597, 11, 104, 225, 28, 0, 1.27%, 0, 0, 11, 373.68 832 8104124
1601811602, 11, 122, 225, 28, 0, 1.27%, 0, 0, 11, 374.75 832 8106055
1601811607, 11, 124, 225, 28, 0, 1.27%, 0, 0, 11, 384.15 832 8108023
1601811673, 11, 128, 225, 27, 0, 1.27%, 0, 0, 11, 369.97 832 8133909
1601811678, 11, 133, 225, 27, 0, 1.27%, 0, 0, 11, 367.35 832 8135752
1601811683, 11, 134, 225, 27, 0, 1.27%, 0, 0, 11, 363.07 832 8137617
1601811694, 11, 138, 225, 27, 0, 1.27%, 0, 0, 11, 368.87 832 8141322
1601811699, 11, 148, 226, 28, 0, 1.27%, 0, 0, 11, 334.52 832 8142991
1601811969, 11, 149, 226, 27, 0, 1.27%, 0, 0, 11, 351.22 832 8214664
1601811974, 11, 153, 226, 27, 0, 1.27%, 0, 0, 11, 357.46 832 8216454
1601811979, 11, 163, 226, 27, 0, 1.27%, 0, 0, 11, 346.17 832 8218212
1601811989, 11, 173, 226, 27, 0, 1.27%, 0, 0, 11, 373.41 832 8221907
1601811994, 11, 174, 226, 27, 0, 1.27%, 0, 0, 11, 347.46 832 8223595
1601812000, 11, 180, 226, 27, 0, 1.27%, 0, 0, 11, 363.58 832 8225453
1601812005, 11, 182, 226, 27, 0, 1.27%, 0, 0, 11, 339.77 832 8227173
1601812010, 11, 184, 226, 27, 0, 1.27%, 0, 0, 11, 346.60 832 8228902
1601812020, 11, 186, 226, 27, 0, 1.27%, 0, 0, 11, 349.14 832 8232386
1601812030, 11, 187, 226, 27, 0, 1.27%, 0, 0, 11, 358.58 832 8235915
1601812035, 11, 189, 226, 27, 0, 1.27%, 0, 0, 11, 364.45 832 8237765
1601812040, 11, 190, 226, 27, 0, 1.27%, 0, 0, 11, 358.63 832 8239552
1601812045, 11, 192, 226, 27, 0, 1.27%, 0, 0, 11, 352.89 832 8241397
1601812050, 11, 194, 226, 27, 0, 1.27%, 0, 0, 11, 346.74 832 8243156
1601812055, 11, 195, 226, 27, 0, 1.27%, 0, 0, 11, 324.93 832 8244850
1601812060, 11, 196, 226, 27, 0, 1.27%, 0, 0, 11, 349.44 832 8246691
1601812066, 11, 199, 226, 27, 0, 1.27%, 0, 0, 11, 353.35 832 8248512
1601812076, 11, 203, 226, 27, 0, 1.27%, 0, 0, 11, 265.61 832 8251724
1601812591, 11, 211, 226, 26, 0, 1.27%, 0, 0, 11, 343.68 832 8373360
1601812596, 11, 215, 226, 26, 0, 1.27%, 0, 0, 11, 341.86 832 8375083
1601812601, 11, 218, 226, 26, 0, 1.27%, 0, 0, 11, 329.74 832 8376856
1601812739, 11, 221, 226, 25, 0, 1.27%, 0, 0, 11, 340.08 832 8422171
1601813045, 12, 1, 226, 24, 0, 1.27%, 0, 0, 11, 355.22 832 8500624
1601813051, 12, 12, 226, 24, 0, 1.27%, 0, 0, 11, 350.32 832 8502415
1601813056, 12, 15, 226, 24, 0, 1.27%, 0, 0, 11, 358.05 832 8504292
1601813061, 12, 18, 226, 24, 0, 1.27%, 0, 0, 11, 358.46 832 8506079
1601813066, 12, 25, 226, 24, 0, 1.27%, 0, 0, 11, 341.71 832 8507757
1601813071, 12, 26, 226, 24, 0, 1.27%, 0, 0, 11, 359.83 832 8509640
1601813076, 12, 35, 226, 24, 0, 1.27%, 0, 0, 11, 358.37 832 8511449
1601813081, 12, 48, 226, 24, 0, 1.27%, 0, 0, 11, 351.72 832 8513264
1601813086, 12, 52, 226, 24, 0, 1.27%, 0, 0, 11, 370.90 832 8515195
1601813092, 12, 53, 226, 23, 0, 1.27%, 0, 0, 11, 323.96 832 8516888
1601813137, 12, 59, 226, 22, 0, 1.27%, 0, 0, 11, 349.05 832 8531965
1601813143, 12, 63, 226, 21, 0, 1.27%, 0, 0, 11, 368.30 832 8533899
1601813148, 12, 88, 226, 21, 0, 1.27%, 0, 0, 11, 359.17 832 8535754
1601813153, 12, 98, 226, 21, 0, 1.27%, 0, 0, 11, 358.02 832 8537583
1601813158, 12, 100, 226, 21, 0, 1.27%, 0, 0, 11, 353.97 832 8539375
1601813163, 12, 101, 226, 21, 0, 1.27%, 0, 0, 11, 350.17 832 8541160
1601813168, 12, 102, 227, 22, 0, 1.27%, 0, 0, 11, 366.93 832 8543081
1601813173, 12, 103, 227, 22, 0, 1.27%, 0, 0, 11, 364.14 832 8544962
1601813178, 12, 109, 227, 22, 0, 1.27%, 0, 0, 11, 353.70 832 8546725
1601813189, 12, 133, 227, 22, 0, 1.27%, 0, 0, 11, 344.40 832 8550342
1601813194, 12, 134, 227, 22, 0, 1.27%, 0, 0, 11, 360.20 832 8552251
1601813199, 12, 138, 227, 22, 0, 1.27%, 0, 0, 11, 356.85 832 8554014
1601813209, 12, 144, 227, 22, 0, 1.27%, 0, 0, 11, 302.30 832 8557421
1601813311, 12, 153, 227, 21, 0, 1.27%, 0, 0, 11, 338.31 832 8588483
1601813316, 12, 162, 227, 21, 0, 1.27%, 0, 0, 11, 351.16 832 8590309
1601813321, 12, 174, 227, 21, 0, 1.27%, 0, 0, 11, 350.90 832 8592078
1601813326, 12, 180, 227, 21, 0, 1.27%, 0, 0, 11, 345.36 832 8593887
1601813336, 12, 183, 227, 21, 0, 1.27%, 0, 0, 11, 327.28 832 8597192
1601813341, 12, 186, 227, 21, 0, 1.27%, 0, 0, 11, 329.13 832 8598920
1601813346, 12, 187, 227, 21, 0, 1.27%, 0, 0, 11, 343.54 832 8600726
1601813357, 12, 189, 227, 21, 0, 1.27%, 0, 0, 11, 334.61 832 8604038
1601813362, 12, 190, 227, 21, 0, 1.27%, 0, 0, 11, 331.18 832 8605682
1601813367, 12, 192, 227, 21, 0, 1.27%, 0, 0, 11, 332.25 832 8607392
1601813372, 12, 194, 227, 21, 0, 1.27%, 0, 0, 11, 334.30 832 8609174
1601813377, 12, 195, 227, 21, 0, 1.27%, 0, 0, 11, 318.96 832 8610842
1601813382, 12, 196, 227, 21, 0, 1.27%, 0, 0, 11, 326.11 832 8612504
1601813387, 12, 208, 227, 21, 0, 1.27%, 0, 0, 11, 343.23 832 8614274
1601813474, 12, 211, 227, 20, 0, 1.27%, 0, 0, 11, 352.34 832 8644665
1601813484, 12, 213, 227, 20, 0, 1.27%, 0, 0, 11, 319.86 832 8648039
1601813499, 12, 215, 227, 20, 0, 1.27%, 0, 0, 11, 333.12 832 8653126
1601813504, 12, 224, 227, 20, 0, 1.27%, 0, 0, 11, 234.56 832 8654393
1601816031, 12, 225, 227, 19, 0, 1.27%, 0, 0, 11, 297.88 832 8992509
1601816193, 13, 1, 227, 18, 0, 1.27%, 0, 0, 11, 399.44 832 9044450
1601816198, 13, 12, 227, 18, 0, 1.27%, 0, 0, 11, 386.49 832 9046405
1601816203, 13, 18, 227, 18, 0, 1.27%, 0, 0, 11, 375.19 832 9048338
1601816209, 13, 21, 227, 18, 0, 1.27%, 0, 0, 11, 364.09 832 9050198
1601816214, 13, 31, 227, 18, 0, 1.27%, 0, 0, 11, 367.99 832 9052023
1601816219, 13, 35, 227, 18, 0, 1.27%, 0, 0, 11, 364.78 832 9053890
1601816224, 13, 56, 227, 18, 0, 1.27%, 0, 0, 11, 359.98 832 9055705
1601816229, 13, 63, 227, 18, 0, 1.27%, 0, 0, 11, 360.28 832 9057582
1601816234, 13, 88, 227, 18, 0, 1.27%, 0, 0, 11, 356.85 832 9059361
1601816239, 13, 97, 227, 18, 0, 1.27%, 0, 0, 11, 362.43 832 9061249
1601816244, 13, 100, 228, 19, 0, 1.27%, 0, 0, 11, 366.56 832 9063137
1601816249, 13, 101, 228, 19, 0, 1.27%, 0, 0, 11, 366.74 832 9064944
1601816254, 13, 102, 228, 19, 0, 1.27%, 0, 0, 11, 368.73 832 9066787
1601816259, 13, 103, 228, 19, 0, 1.27%, 0, 0, 11, 360.48 832 9068568
1601816264, 13, 104, 228, 19, 0, 1.27%, 0, 0, 11, 368.04 832 9070412
1601816270, 13, 120, 228, 19, 0, 1.27%, 0, 0, 11, 361.49 832 9072296
1601816275, 13, 129, 228, 19, 0, 1.27%, 0, 0, 11, 367.20 832 9074209
1601816285, 13, 131, 228, 19, 0, 1.27%, 0, 0, 11, 301.83 832 9077490
1601816361, 13, 133, 228, 18, 0, 1.27%, 0, 0, 11, 351.44 832 9102705
1601816367, 13, 134, 228, 18, 0, 1.27%, 0, 0, 11, 359.85 832 9104563
1601816372, 13, 135, 228, 18, 0, 1.27%, 0, 0, 11, 357.90 832 9106414
1601816387, 13, 138, 228, 18, 0, 1.27%, 0, 0, 11, 363.53 832 9111881
1601816398, 13, 146, 228, 18, 0, 1.27%, 0, 0, 11, 335.79 832 9115394
1601816403, 13, 153, 228, 18, 0, 1.27%, 0, 0, 11, 342.84 832 9117086
1601816408, 13, 156, 228, 18, 0, 1.27%, 0, 0, 11, 344.73 832 9118834
1601816413, 13, 162, 228, 18, 0, 1.27%, 0, 0, 11, 343.89 832 9120598
1601816418, 13, 173, 228, 18, 0, 1.27%, 0, 0, 11, 334.87 832 9122272
1601816423, 13, 174, 228, 18, 0, 1.27%, 0, 0, 11, 343.33 832 9123978
1601816428, 13, 180, 228, 18, 0, 1.27%, 0, 0, 11, 340.37 832 9125666
1601816433, 13, 182, 228, 18, 0, 1.27%, 0, 0, 11, 334.32 832 9127362
1601816438, 13, 183, 228, 18, 0, 1.27%, 0, 0, 11, 347.69 832 9129162
1601816443, 13, 185, 228, 18, 0, 1.27%, 0, 0, 11, 208.16 832 9130038
1601817626, 13, 186, 228, 17, 0, 1.27%, 0, 0, 11, 369.53 832 9377625
1601817631, 13, 187, 228, 17, 0, 1.27%, 0, 0, 11, 353.75 832 9379410
1601817636, 13, 189, 228, 17, 0, 1.27%, 0, 0, 11, 356.72 832 9381219
1601817641, 13, 190, 228, 17, 0, 1.27%, 0, 0, 11, 356.57 832 9383104
1601817646, 13, 192, 228, 17, 0, 1.27%, 0, 0, 11, 364.63 832 9384948
1601817651, 13, 194, 228, 17, 0, 1.27%, 0, 0, 11, 360.77 832 9386730
1601817661, 13, 196, 228, 17, 0, 1.27%, 0, 0, 11, 334.22 832 9390166
1601817671, 13, 211, 228, 17, 0, 1.27%, 0, 0, 11, 365.14 832 9393871
1601817676, 13, 215, 228, 17, 0, 1.27%, 0, 0, 11, 359.12 832 9395725
1601817682, 14, 1, 228, 17, 0, 1.27%, 0, 0, 11, 356.36 832 9397557
1601817687, 14, 12, 228, 17, 0, 1.27%, 0, 0, 11, 356.57 832 9399335
1601817692, 14, 15, 228, 17, 0, 1.27%, 0, 0, 11, 367.98 832 9401221
1601817697, 14, 18, 228, 17, 0, 1.27%, 0, 0, 11, 363.75 832 9403036
1601817702, 14, 26, 228, 17, 0, 1.27%, 0, 0, 11, 364.68 832 9404865
1601817707, 14, 35, 228, 17, 0, 1.27%, 0, 0, 11, 364.26 832 9406755
1601817712, 14, 76, 228, 17, 0, 1.27%, 0, 0, 11, 361.98 832 9408641
1601817717, 14, 88, 228, 17, 0, 1.27%, 0, 0, 11, 357.74 832 9410430
1601817722, 14, 98, 228, 17, 0, 1.27%, 0, 0, 11, 365.06 832 9412327
1601817727, 14, 101, 228, 17, 0, 1.27%, 0, 0, 11, 351.49 832 9414096
1601817737, 14, 102, 228, 17, 0, 1.27%, 0, 0, 11, 358.85 832 9417695
1601817743, 14, 103, 228, 17, 0, 1.27%, 0, 0, 11, 356.23 832 9419594
1601817748, 14, 118, 228, 17, 0, 1.27%, 0, 0, 11, 365.92 832 9421456
1601817753, 14, 129, 228, 17, 0, 1.27%, 0, 0, 11, 357.12 832 9423229
1601817758, 14, 133, 228, 17, 0, 1.27%, 0, 0, 11, 361.11 832 9425028
1601817763, 14, 134, 228, 17, 0, 1.27%, 0, 0, 11, 355.63 832 9426809
1601817773, 14, 138, 228, 17, 0, 1.27%, 0, 0, 11, 366.21 832 9430517
1601817778, 14, 146, 228, 17, 0, 1.27%, 0, 0, 11, 352.26 832 9432245
1601817788, 14, 153, 228, 17, 0, 1.27%, 0, 0, 11, 348.19 832 9435712
1601817793, 14, 162, 228, 17, 0, 1.27%, 0, 0, 11, 343.12 832 9437434
1601817798, 14, 174, 228, 17, 0, 1.27%, 0, 0, 11, 339.73 832 9439150
1601817803, 14, 180, 228, 17, 0, 1.27%, 0, 0, 11, 352.98 832 9440941
1601817808, 14, 182, 228, 17, 0, 1.27%, 0, 0, 11, 359.24 832 9442892
1601817813, 14, 183, 228, 17, 0, 1.27%, 0, 0, 11, 371.29 832 9444785
1601817818, 14, 186, 228, 17, 0, 1.27%, 0, 0, 11, 367.59 832 9446586
1601817823, 14, 187, 228, 17, 0, 1.27%, 0, 0, 11, 357.02 832 9448492
1601817828, 14, 189, 228, 17, 0, 1.27%, 0, 0, 11, 346.86 832 9450252
1601817833, 14, 190, 228, 17, 0, 1.27%, 0, 0, 11, 346.34 832 9452040
1601817838, 14, 192, 228, 17, 0, 1.27%, 0, 0, 11, 349.15 832 9453804
1601817844, 14, 194, 228, 17, 0, 1.27%, 0, 0, 11, 344.56 832 9455562
1601817849, 14, 195, 228, 17, 0, 1.27%, 0, 0, 11, 362.85 832 9457470
1601817854, 14, 196, 228, 17, 0, 1.27%, 0, 0, 11, 371.04 832 9459336
1601817859, 14, 211, 228, 17, 0, 1.27%, 0, 0, 11, 380.14 832 9461331
1601817864, 14, 215, 228, 17, 0, 1.27%, 0, 0, 11, 373.95 832 9463210
1601817874, 15, 2, 228, 17, 0, 1.27%, 0, 0, 11, 389.82 832 9467107
1601817915, 15, 9, 228, 16, 0, 1.27%, 0, 0, 11, 391.56 832 9482276
1601817920, 15, 15, 228, 16, 0, 1.27%, 0, 0, 11, 392.79 832 9484254
1601817925, 15, 18, 228, 16, 0, 1.27%, 0, 0, 11, 393.86 832 9486262
1601817930, 15, 23, 228, 16, 0, 1.27%, 0, 0, 11, 377.84 832 9488183
1601817935, 15, 27, 228, 16, 0, 1.27%, 0, 0, 11, 374.98 832 9490105
1601817940, 15, 35, 228, 16, 0, 1.27%, 0, 0, 11, 375.79 832 9492000
1601817945, 15, 76, 228, 16, 0, 1.27%, 0, 0, 11, 376.77 832 9493882
1601817950, 15, 91, 228, 16, 0, 1.27%, 0, 0, 11, 361.97 832 9495731
1601817956, 15, 98, 228, 16, 0, 1.27%, 0, 0, 11, 361.71 832 9497631
1601817961, 15, 101, 228, 16, 0, 1.27%, 0, 0, 11, 364.42 832 9499501
1601817966, 15, 102, 228, 16, 0, 1.27%, 0, 0, 11, 367.89 832 9501394
1601817976, 15, 104, 228, 16, 0, 1.27%, 0, 0, 11, 362.90 832 9505097
1601817981, 15, 133, 228, 16, 0, 1.27%, 0, 0, 11, 363.12 832 9506989
1601817986, 15, 134, 228, 16, 0, 1.27%, 0, 0, 11, 363.15 832 9508833
1601817996, 15, 138, 228, 16, 0, 1.27%, 0, 0, 11, 362.65 832 9512464
1601818002, 15, 153, 228, 16, 0, 1.27%, 0, 0, 11, 355.48 832 9514304
1601818007, 15, 162, 228, 16, 0, 1.27%, 0, 0, 11, 358.41 832 9516136
1601818012, 15, 172, 228, 16, 0, 1.27%, 0, 0, 11, 279.67 832 9517525
1601818277, 15, 173, 228, 15, 0, 1.27%, 0, 0, 11, 349.70 832 9591180
1601818282, 15, 180, 228, 15, 0, 1.27%, 0, 0, 11, 347.16 832 9592916
1601818292, 15, 182, 228, 15, 0, 1.27%, 0, 0, 11, 342.14 832 9596311
1601818297, 15, 186, 228, 15, 0, 1.27%, 0, 0, 11, 351.40 832 9598131
1601818308, 15, 187, 228, 15, 0, 1.27%, 0, 0, 11, 344.43 832 9601717
1601818313, 15, 189, 228, 15, 0, 1.27%, 0, 0, 11, 351.93 832 9603571
1601818318, 15, 190, 228, 15, 0, 1.27%, 0, 0, 11, 358.08 832 9605430
1601818323, 15, 192, 228, 15, 0, 1.27%, 0, 0, 11, 350.33 832 9607212
1601818328, 15, 194, 228, 15, 0, 1.27%, 0, 0, 11, 352.94 832 9609030
1601818333, 15, 195, 228, 15, 0, 1.27%, 0, 0, 11, 344.00 832 9610849
1601818338, 15, 196, 228, 15, 0, 1.27%, 0, 0, 11, 349.29 832 9612602
1601818343, 15, 209, 228, 15, 0, 1.27%, 0, 0, 11, 337.32 832 9614300
1601818354, 15, 211, 228, 15, 0, 1.27%, 0, 0, 11, 367.04 832 9618041
1601818359, 15, 215, 228, 15, 0, 1.27%, 0, 0, 11, 335.57 832 9619749
1601818364, 15, 219, 228, 15, 0, 1.27%, 0, 0, 11, 297.09 832 9621301
1601818863, 15, 223, 228, 14, 0, 1.27%, 0, 0, 11, 310.62 832 9738369
1601820129, 15, 223, 229, 15, 0, 1.27%, 0, 0, 11, 171.33 832 9941414
1601820185, 15, 228, 229, 14, 1, 1.27%, 0, 0, 11, 347.62 832 9956235
1601821546, 16, 0, 229, 13, 0, 1.27%, 0, 0, 11, 342.07 832 10259252
1601821551, 16, 1, 229, 13, 0, 1.27%, 0, 0, 11, 354.76 832 10261033
1601821556, 16, 12, 229, 13, 0, 1.27%, 0, 0, 11, 353.75 832 10262811
1601821561, 16, 15, 229, 13, 0, 1.27%, 0, 0, 11, 355.48 832 10264585
1601821566, 16, 18, 229, 13, 0, 1.27%, 0, 0, 11, 353.03 832 10266355
1601821571, 16, 26, 229, 13, 0, 1.27%, 0, 0, 11, 347.38 832 10268148
1601821576, 16, 35, 229, 13, 0, 1.27%, 0, 0, 11, 351.28 832 10269985
1601821581, 16, 49, 229, 13, 0, 1.27%, 0, 0, 11, 355.31 832 10271776
1601821586, 16, 77, 229, 13, 0, 1.27%, 0, 0, 11, 355.16 832 10273638
1601821592, 16, 92, 229, 13, 0, 1.27%, 0, 0, 11, 359.00 832 10275446
1601821597, 16, 100, 229, 13, 0, 1.27%, 0, 0, 11, 355.78 832 10277213
1601821602, 16, 101, 229, 13, 0, 1.27%, 0, 0, 11, 359.07 832 10279019
1601821607, 16, 102, 229, 13, 0, 1.27%, 0, 0, 11, 346.17 832 10280782
1601821617, 16, 104, 229, 13, 0, 1.27%, 0, 0, 11, 351.22 832 10284440
1601821627, 16, 133, 229, 13, 0, 1.27%, 0, 0, 11, 342.58 832 10287888
1601821632, 16, 134, 229, 13, 0, 1.27%, 0, 0, 11, 356.11 832 10289721
1601821637, 16, 138, 229, 13, 0, 1.27%, 0, 0, 11, 357.81 832 10291514
1601821642, 16, 138, 230, 14, 0, 1.27%, 0, 0, 11, 347.71 832 10293266
1601821647, 16, 141, 230, 14, 0, 1.27%, 0, 0, 11, 341.31 832 10294982
1601821658, 16, 153, 230, 14, 0, 1.27%, 0, 0, 11, 350.53 832 10298610
1601821663, 16, 158, 230, 14, 0, 1.27%, 0, 0, 11, 313.36 832 10300209
1601821775, 16, 158, 231, 15, 0, 1.27%, 0, 0, 11, 216.23 832 10324052
1601821949, 16, 230, 231, 14, 1, 1.27%, 0, 0, 11, 281.18 832 10372767
1601822279, 17, 1, 231, 13, 0, 1.27%, 0, 0, 11, 344.63 832 10458818
1601822285, 17, 12, 231, 13, 0, 1.27%, 0, 0, 11, 339.98 832 10460572
1601822290, 17, 16, 231, 13, 0, 1.27%, 0, 0, 11, 334.73 832 10462312
1601822295, 17, 18, 231, 13, 0, 1.27%, 0, 0, 11, 322.88 832 10463964
1601822300, 17, 26, 231, 13, 0, 1.27%, 0, 0, 11, 329.53 832 10465666
1601822305, 17, 35, 231, 13, 0, 1.27%, 0, 0, 11, 347.59 832 10467480
1601822310, 17, 36, 231, 13, 0, 1.27%, 0, 0, 11, 347.98 832 10469280
1601822315, 17, 76, 231, 13, 0, 1.27%, 0, 0, 11, 349.72 832 10471096
1601822320, 17, 88, 231, 13, 0, 1.27%, 0, 0, 11, 352.78 832 10472861
1601822326, 17, 94, 231, 13, 0, 1.27%, 0, 0, 11, 351.58 832 10474717
1601822331, 17, 100, 231, 13, 0, 1.27%, 0, 0, 11, 351.49 832 10476455
1601822336, 17, 101, 231, 13, 0, 1.27%, 0, 0, 11, 351.42 832 10478261
1601822341, 17, 102, 231, 13, 0, 1.27%, 0, 0, 11, 340.95 832 10479950
1601822351, 17, 104, 231, 13, 0, 1.27%, 0, 0, 11, 340.15 832 10483374
1601822356, 17, 123, 231, 13, 0, 1.27%, 0, 0, 11, 347.42 832 10485172
1601822447, 17, 133, 231, 12, 0, 1.27%, 0, 0, 11, 355.20 832 10518750
1601822458, 17, 134, 231, 12, 0, 1.27%, 0, 0, 11, 352.69 832 10522297
1601822463, 17, 136, 231, 12, 0, 1.27%, 0, 0, 11, 353.57 832 10524057
1601822473, 17, 138, 231, 12, 0, 1.27%, 0, 0, 11, 338.23 832 10527578
1601822483, 17, 153, 231, 12, 0, 1.27%, 0, 0, 11, 333.08 832 10531040
1601822488, 17, 162, 231, 12, 0, 1.27%, 0, 0, 11, 330.14 832 10532776
1601822493, 17, 163, 231, 12, 0, 1.27%, 0, 0, 11, 322.19 832 10534383
1601822498, 17, 167, 231, 12, 0, 1.27%, 0, 0, 11, 287.93 832 10535820
1601822509, 17, 174, 231, 12, 0, 1.27%, 0, 0, 11, 334.65 832 10539337
1601822514, 17, 180, 231, 12, 0, 1.27%, 0, 0, 11, 331.20 832 10540995
1601822524, 17, 186, 231, 12, 0, 1.27%, 0, 0, 11, 335.83 832 10544379
1601822529, 17, 187, 231, 12, 0, 1.27%, 0, 0, 11, 318.61 832 10546059
1601822534, 17, 189, 231, 12, 0, 1.27%, 0, 0, 11, 320.04 832 10547751
1601822539, 17, 190, 231, 12, 0, 1.27%, 0, 0, 11, 332.97 832 10549461
1601822549, 17, 192, 231, 12, 0, 1.27%, 0, 0, 11, 332.33 832 10552821
1601822555, 17, 194, 231, 12, 0, 1.27%, 0, 0, 11, 338.72 832 10554555
1601822560, 17, 195, 231, 12, 0, 1.27%, 0, 0, 11, 313.31 832 10556073
1601822565, 17, 196, 231, 12, 0, 1.27%, 0, 0, 11, 339.49 832 10557832
1601822570, 17, 211, 231, 12, 0, 1.27%, 0, 0, 11, 365.94 832 10559763
1601822575, 17, 215, 231, 12, 0, 1.27%, 0, 0, 11, 348.90 832 10561594
1601822580, 17, 226, 231, 12, 0, 1.27%, 0, 0, 11, 339.73 832 10563361
1601822657, 17, 227, 231, 11, 0, 1.27%, 0, 0, 11, 269.40 832 10589723
1601822852, 17, 228, 231, 10, 0, 1.27%, 0, 0, 11, 340.70 832 10642995
1601822857, 17, 229, 231, 10, 0, 1.27%, 0, 0, 11, 308.47 832 10644607
1601822887, 17, 229, 236, 15, 0, 1.27%, 0, 0, 11, 179.81 832 10650208
1601823465, 17, 229, 237, 16, 0, 1.27%, 0, 0, 11, 301.03 832 10767774
1601823470, 17, 230, 237, 15, 0, 1.27%, 0, 0, 11, 323.08 832 10769472
1601823505, 18, 0, 237, 15, 0, 1.27%, 0, 0, 11, 327.02 832 10780948
1601823510, 18, 1, 237, 15, 0, 1.27%, 0, 0, 11, 330.03 832 10782700
1601823516, 18, 12, 237, 15, 0, 1.27%, 0, 0, 11, 344.10 832 10784516
1601823521, 18, 16, 237, 15, 0, 1.27%, 0, 0, 11, 351.53 832 10786319
1601823526, 18, 18, 237, 15, 0, 1.27%, 0, 0, 11, 358.09 832 10788143
1601823531, 18, 24, 237, 15, 0, 1.27%, 0, 0, 11, 344.38 832 10789852
1601823536, 18, 31, 237, 15, 0, 1.27%, 0, 0, 11, 356.98 832 10791711
1601823541, 18, 41, 237, 15, 0, 1.27%, 0, 0, 11, 346.64 832 10793434
1601823546, 18, 77, 237, 15, 0, 1.27%, 0, 0, 11, 348.26 832 10795244
1601823551, 18, 92, 237, 15, 0, 1.27%, 0, 0, 11, 343.53 832 10797008
1601823557, 18, 100, 237, 15, 0, 1.27%, 0, 0, 11, 345.58 832 10798798
1601823562, 18, 101, 237, 15, 0, 1.27%, 0, 0, 11, 331.22 832 10800526
1601823567, 18, 102, 237, 15, 0, 1.27%, 0, 0, 11, 320.14 832 10802256
1601823572, 18, 103, 237, 15, 0, 1.27%, 0, 0, 11, 344.56 832 10804084
1601823577, 18, 104, 237, 15, 0, 1.27%, 0, 0, 11, 340.50 832 10805852
1601823583, 18, 113, 237, 15, 0, 1.27%, 0, 0, 11, 328.78 832 10807522
1601823644, 18, 133, 237, 14, 0, 1.27%, 0, 0, 11, 341.18 832 10828724
1601823649, 18, 134, 237, 14, 0, 1.27%, 0, 0, 11, 351.02 832 10830552
1601823654, 18, 138, 237, 14, 0, 1.27%, 0, 0, 11, 342.06 832 10832234
1601823664, 18, 153, 237, 14, 0, 1.27%, 0, 0, 11, 317.69 832 10835636
1601823669, 18, 162, 237, 14, 0, 1.27%, 0, 0, 11, 325.02 832 10837288
1601823674, 18, 173, 237, 14, 0, 1.27%, 0, 0, 11, 347.83 832 10839128
1601823679, 18, 180, 237, 14, 0, 1.27%, 0, 0, 11, 334.30 832 10840840
1601823690, 18, 186, 237, 14, 0, 1.27%, 0, 0, 11, 326.89 832 10844200
1601823700, 18, 187, 237, 14, 0, 1.27%, 0, 0, 11, 318.03 832 10847398
1601823705, 18, 189, 237, 14, 0, 1.27%, 0, 0, 11, 312.47 832 10849024
1601823710, 18, 190, 237, 14, 0, 1.27%, 0, 0, 11, 311.55 832 10850632
1601823715, 18, 192, 237, 14, 0, 1.27%, 0, 0, 11, 317.52 832 10852294
1601823725, 18, 194, 237, 14, 0, 1.27%, 0, 0, 11, 332.67 832 10855660
1601823731, 18, 195, 237, 14, 0, 1.27%, 0, 0, 11, 315.36 832 10857214
1601823736, 18, 196, 237, 14, 0, 1.27%, 0, 0, 11, 322.90 832 10858922
1601823741, 18, 207, 237, 14, 0, 1.27%, 0, 0, 11, 335.04 832 10860723
1601823746, 18, 211, 237, 14, 0, 1.27%, 0, 0, 11, 334.06 832 10862469
1601823756, 18, 215, 237, 14, 0, 1.27%, 0, 0, 11, 337.30 832 10865875
1601823761, 18, 228, 237, 14, 0, 1.27%, 0, 0, 11, 299.71 832 10867394
1601823771, 18, 230, 237, 14, 0, 1.27%, 0, 0, 11, 333.29 832 10870686
1601823807, 18, 236, 237, 14, 0, 1.27%, 0, 0, 11, 215.58 832 10882128
1601823823, 18, 236, 238, 15, 0, 1.27%, 0, 0, 11, 140.23 832 10884262
1601823869, 18, 236, 239, 16, 0, 1.27%, 0, 0, 11, 131.88 832 10890502
1601824003, 18, 236, 240, 17, 0, 1.27%, 0, 0, 11, 134.23 832 10908361
1601824561, 18, 236, 241, 18, 0, 1.27%, 0, 0, 11, 146.87 832 10981435
1601824996, 18, 236, 242, 19, 0, 1.27%, 0, 0, 11, 164.72 832 11080658
1601825082, 18, 237, 242, 18, 0, 1.27%, 0, 0, 11, 199.60 832 11103721
1601825144, 18, 237, 244, 20, 0, 1.27%, 0, 0, 12, 130.06 832 11111794
1601825216, 18, 237, 245, 21, 0, 1.27%, 0, 0, 12, 126.32 832 11121106
1601825747, 18, 237, 246, 22, 0, 1.27%, 0, 0, 12, 135.06 832 11188798
1601825880, 18, 237, 247, 23, 0, 1.27%, 0, 0, 12, 140.83 832 11206987
1601826288, 18, 237, 248, 24, 0, 1.27%, 0, 0, 12, 230.62 832 11303271
1601826369, 18, 240, 248, 23, 0, 1.27%, 0, 0, 12, 240.17 832 11325047
1601826431, 18, 240, 249, 24, 0, 1.27%, 0, 0, 12, 134.12 832 11333432
1601826493, 18, 240, 250, 25, 0, 1.27%, 0, 0, 12, 151.87 832 11342494
1601827561, 18, 241, 250, 24, 0, 1.27%, 0, 0, 12, 288.40 832 11534865
1601828680, 18, 241, 251, 25, 0, 1.27%, 0, 0, 12, 266.48 833 11723547
1601828731, 18, 250, 251, 24, 1, 1.27%, 0, 0, 12, 277.92 833 11737660
1601828833, 18, 250, 252, 25, 1, 1.27%, 0, 0, 13, 193.21 835 11757560
1601828951, 18, 251, 252, 24, 1, 1.27%, 0, 0, 13, 234.16 835 11790849
1601829151, 19, 1, 252, 23, 0, 1.27%, 0, 0, 13, 366.52 835 11838438
1601829156, 19, 12, 252, 23, 0, 1.27%, 0, 0, 13, 362.32 835 11840225
1601829161, 19, 18, 252, 23, 0, 1.27%, 0, 0, 13, 355.05 835 11842047
1601829166, 19, 24, 252, 23, 0, 1.27%, 0, 0, 13, 357.15 835 11843850
1601829171, 19, 31, 252, 23, 0, 1.27%, 0, 0, 13, 368.94 835 11845682
1601829176, 19, 41, 252, 23, 0, 1.27%, 0, 0, 13, 360.68 835 11847467
1601829181, 19, 64, 252, 23, 0, 1.27%, 0, 0, 13, 364.09 835 11849288
1601829186, 19, 77, 253, 24, 0, 1.27%, 0, 0, 13, 350.50 835 11851124
1601829191, 19, 92, 253, 24, 0, 1.27%, 0, 0, 13, 360.50 835 11852956
1601829196, 19, 98, 253, 24, 0, 1.27%, 0, 0, 13, 364.19 835 11854773
1601829201, 19, 101, 253, 24, 0, 1.27%, 0, 0, 13, 362.02 835 11856646
1601829207, 19, 102, 253, 24, 0, 1.27%, 0, 0, 13, 367.88 835 11858556
1601829212, 19, 103, 253, 24, 0, 1.27%, 0, 0, 13, 355.11 835 11860332
1601829217, 19, 104, 253, 24, 0, 1.27%, 0, 0, 13, 355.03 835 11862179
1601829222, 19, 133, 253, 24, 0, 1.27%, 0, 0, 13, 358.86 835 11864059
1601829227, 19, 134, 253, 24, 0, 1.27%, 0, 0, 13, 354.41 835 11865827
1601829232, 19, 138, 253, 24, 0, 1.27%, 0, 0, 13, 345.33 835 11867533
1601829242, 19, 140, 253, 24, 0, 1.27%, 0, 0, 13, 349.50 835 11871101
1601829247, 19, 147, 253, 24, 0, 1.27%, 0, 0, 13, 259.15 835 11872336
1601829518, 19, 153, 253, 23, 0, 1.27%, 0, 0, 13, 346.89 835 11942199
1601829523, 19, 162, 253, 23, 0, 1.27%, 0, 0, 13, 340.08 835 11943893
1601829528, 19, 164, 253, 23, 0, 1.27%, 0, 0, 13, 337.68 835 11945641
1601829533, 19, 173, 253, 23, 0, 1.27%, 0, 0, 13, 332.00 835 11947381
1601829538, 19, 174, 253, 23, 0, 1.27%, 0, 0, 13, 348.88 835 11949195
1601829543, 19, 180, 253, 23, 0, 1.27%, 0, 0, 13, 334.95 835 11950871
1601829548, 19, 183, 253, 23, 0, 1.27%, 0, 0, 13, 350.84 835 11952715
1601829559, 19, 186, 253, 23, 0, 1.27%, 0, 0, 13, 341.83 835 11956241
1601829564, 19, 187, 253, 23, 0, 1.27%, 0, 0, 13, 340.55 835 11958029
1601829569, 19, 189, 253, 23, 0, 1.27%, 0, 0, 13, 334.13 835 11959775
1601829574, 19, 190, 253, 23, 0, 1.27%, 0, 0, 13, 329.98 835 11961485
1601829584, 19, 192, 253, 23, 0, 1.27%, 0, 0, 13, 359.36 835 11965067
1601829589, 19, 194, 253, 23, 0, 1.27%, 0, 0, 13, 354.55 835 11966848
1601829594, 19, 195, 253, 23, 0, 1.27%, 0, 0, 13, 349.02 835 11968619
1601829599, 19, 196, 253, 23, 0, 1.27%, 0, 0, 13, 349.83 835 11970403
1601829610, 19, 210, 253, 23, 0, 1.27%, 0, 0, 13, 348.89 835 11974033
1601829925, 19, 211, 253, 22, 0, 1.27%, 0, 0, 13, 343.54 835 12061887
1601829930, 19, 215, 253, 22, 0, 1.27%, 0, 0, 13, 327.73 835 12063525
1601829940, 19, 216, 253, 22, 0, 1.27%, 0, 0, 13, 308.10 835 12066572
1601829956, 19, 228, 253, 22, 0, 1.27%, 0, 0, 13, 308.12 835 12071427
1601829961, 19, 230, 253, 22, 0, 1.27%, 0, 0, 13, 310.65 835 12073019
1601829986, 19, 232, 253, 22, 0, 1.27%, 0, 0, 13, 257.80 835 12081063
1601830037, 19, 232, 254, 23, 0, 1.27%, 0, 0, 13, 162.72 835 12089225
1601830573, 19, 234, 254, 22, 0, 1.27%, 0, 0, 13, 230.89 835 12206328
1601830589, 19, 234, 255, 23, 0, 1.27%, 0, 0, 13, 155.91 835 12208714
1601831170, 19, 237, 255, 22, 0, 1.27%, 0, 0, 13, 333.12 835 12331186
1601831206, 19, 239, 255, 22, 0, 1.27%, 0, 0, 13, 185.15 835 12341478
1601832475, 19, 242, 255, 21, 0, 1.27%, 0, 0, 13, 343.57 835 12561124
1601833694, 19, 245, 255, 20, 0, 1.27%, 0, 0, 13, 200.80 835 12772712
1601833710, 19, 245, 256, 21, 0, 1.27%, 0, 0, 13, 133.17 835 12774749
1601834915, 19, 250, 256, 20, 0, 1.27%, 0, 0, 13, 351.91 835 12985872
1601834941, 19, 251, 256, 20, 0, 1.27%, 0, 0, 13, 373.07 835 12994893
1601834962, 19, 255, 256, 20, 0, 1.27%, 0, 0, 13, 226.58 835 13001634
1601835080, 19, 255, 257, 21, 0, 1.27%, 0, 0, 14, 129.16 835 13018883
1601836196, 19, 256, 258, 21, 0, 1.27%, 0, 0, 14, 326.51 835 13214691
1601837247, 20, 12, 258, 20, 0, 1.27%, 0, 0, 14, 355.86 835 13407651
1601837252, 20, 15, 258, 20, 0, 1.27%, 0, 0, 14, 350.68 835 13409482
1601837257, 20, 21, 258, 20, 0, 1.27%, 0, 0, 14, 360.32 835 13411364
1601837262, 20, 29, 258, 20, 0, 1.27%, 0, 0, 14, 362.20 835 13413213
1601837268, 20, 35, 258, 20, 0, 1.27%, 0, 0, 14, 351.86 835 13414980
1601837273, 20, 41, 258, 20, 0, 1.27%, 0, 0, 14, 365.01 835 13416793
1601837278, 20, 65, 258, 20, 0, 1.27%, 0, 0, 14, 383.96 835 13418803
1601837283, 20, 88, 258, 20, 0, 1.27%, 0, 0, 14, 388.19 835 13420768
1601837288, 20, 100, 258, 20, 0, 1.27%, 0, 0, 14, 382.55 835 13422682
1601837293, 20, 101, 258, 20, 0, 1.27%, 0, 0, 14, 388.30 835 13424690
1601837298, 20, 102, 258, 20, 0, 1.27%, 0, 0, 14, 376.17 835 13426577
1601837303, 20, 103, 258, 20, 0, 1.27%, 0, 0, 14, 365.02 835 13428377
1601837308, 20, 104, 258, 20, 0, 1.27%, 0, 0, 14, 357.62 835 13430190
1601837313, 20, 128, 258, 20, 0, 1.27%, 0, 0, 14, 354.48 835 13432010
1601837318, 20, 133, 258, 20, 0, 1.27%, 0, 0, 14, 377.33 835 13433855
1601837323, 20, 134, 258, 20, 0, 1.27%, 0, 0, 14, 384.80 835 13435850
1601837328, 20, 138, 258, 20, 0, 1.27%, 0, 0, 14, 381.62 835 13437745
1601837339, 20, 139, 258, 20, 0, 1.27%, 0, 0, 14, 368.01 835 13441561
1601837354, 20, 143, 258, 20, 0, 1.27%, 0, 0, 14, 384.63 835 13447632
1601837359, 20, 148, 258, 20, 0, 1.27%, 0, 0, 14, 378.29 835 13449613
1601837370, 20, 153, 258, 20, 0, 1.27%, 0, 0, 14, 379.90 835 13453545
1601837375, 20, 166, 258, 20, 0, 1.27%, 0, 0, 14, 369.90 835 13455396
1601837385, 20, 167, 258, 20, 0, 1.27%, 0, 0, 14, 331.25 835 13458826
1601837390, 20, 173, 258, 20, 0, 1.27%, 0, 0, 14, 371.81 835 13460802
1601837395, 20, 174, 258, 20, 0, 1.27%, 0, 0, 14, 372.70 835 13462651
1601837400, 20, 180, 258, 20, 0, 1.27%, 0, 0, 14, 359.01 835 13464460
1601837405, 20, 186, 258, 20, 0, 1.27%, 0, 0, 14, 355.97 835 13466312
1601837410, 20, 187, 258, 20, 0, 1.27%, 0, 0, 14, 335.43 835 13467998
1601837420, 20, 189, 258, 20, 0, 1.27%, 0, 0, 14, 331.01 835 13471370
1601837425, 20, 190, 258, 20, 0, 1.27%, 0, 0, 14, 316.56 835 13472966
1601837430, 20, 192, 258, 20, 0, 1.27%, 0, 0, 14, 323.50 835 13474634
1601837435, 20, 194, 258, 20, 0, 1.27%, 0, 0, 14, 339.94 835 13476386
1601837445, 20, 195, 258, 20, 0, 1.27%, 0, 0, 14, 318.19 835 13479619
1601837450, 20, 196, 258, 20, 0, 1.27%, 0, 0, 14, 317.27 835 13481222
1601837455, 20, 200, 258, 20, 0, 1.27%, 0, 0, 14, 320.81 835 13482830
1601837476, 20, 211, 258, 20, 0, 1.27%, 0, 0, 14, 326.21 835 13489802
1601837481, 20, 215, 258, 20, 0, 1.27%, 0, 0, 14, 320.05 835 13491398
1601837486, 20, 221, 258, 20, 0, 1.27%, 0, 0, 14, 329.28 835 13493042
1601837511, 20, 228, 258, 20, 0, 1.27%, 0, 0, 14, 366.31 835 13501768
1601837516, 20, 230, 258, 20, 0, 1.27%, 0, 0, 14, 330.90 835 13503328
1601837527, 20, 233, 258, 20, 0, 1.27%, 0, 0, 14, 221.06 835 13506136
1601838089, 20, 238, 258, 19, 0, 1.27%, 0, 0, 14, 266.53 835 13631378
1601839369, 20, 250, 258, 18, 0, 1.27%, 0, 0, 14, 295.85 835 13853580
1601839395, 20, 251, 258, 18, 0, 1.27%, 0, 0, 14, 322.20 835 13861404
1601839416, 21, 1, 258, 18, 0, 1.27%, 0, 0, 14, 363.14 835 13868315
1601839421, 21, 12, 258, 18, 0, 1.27%, 0, 0, 14, 349.99 835 13870054
1601839426, 21, 16, 258, 18, 0, 1.27%, 0, 0, 14, 345.05 835 13871828
1601839431, 21, 24, 258, 18, 0, 1.27%, 0, 0, 14, 355.98 835 13873648
1601839436, 21, 31, 258, 18, 0, 1.27%, 0, 0, 14, 373.44 835 13875530
1601839441, 21, 41, 258, 18, 0, 1.27%, 0, 0, 14, 376.17 835 13877453
1601839446, 21, 77, 258, 18, 0, 1.27%, 0, 0, 14, 363.82 835 13879361
1601839452, 21, 92, 258, 18, 0, 1.27%, 0, 0, 14, 379.61 835 13881343
1601839457, 21, 100, 258, 18, 0, 1.27%, 0, 0, 14, 367.89 835 13883226
1601839462, 21, 101, 258, 18, 0, 1.27%, 0, 0, 14, 376.17 835 13885117
1601839467, 21, 102, 258, 18, 0, 1.27%, 0, 0, 14, 368.68 835 13887045
1601839472, 21, 103, 258, 18, 0, 1.27%, 0, 0, 14, 364.76 835 13888883
1601839477, 21, 104, 258, 18, 0, 1.27%, 0, 0, 14, 354.76 835 13890653
1601839482, 21, 110, 258, 18, 0, 1.27%, 0, 0, 14, 354.78 835 13892477
1601839487, 21, 129, 258, 18, 0, 1.27%, 0, 0, 14, 364.50 835 13894381
1601839492, 21, 133, 258, 18, 0, 1.27%, 0, 0, 14, 368.44 835 13896201
1601839497, 21, 134, 259, 19, 0, 1.27%, 0, 0, 14, 359.27 835 13897981
1601839507, 21, 138, 259, 19, 0, 1.27%, 0, 0, 14, 319.91 835 13901386
1601839518, 21, 153, 259, 19, 0, 1.27%, 0, 0, 14, 323.82 835 13904556
1601839523, 21, 162, 259, 19, 0, 1.27%, 0, 0, 14, 314.09 835 13906116
1601839528, 21, 174, 259, 19, 0, 1.27%, 0, 0, 14, 317.90 835 13907752
1601839533, 21, 180, 259, 19, 0, 1.27%, 0, 0, 14, 315.36 835 13909338
1601839543, 21, 186, 259, 19, 0, 1.27%, 0, 0, 14, 307.97 835 13912482
1601839548, 21, 187, 259, 19, 0, 1.27%, 0, 0, 14, 308.78 835 13914042
1601839558, 21, 189, 259, 19, 0, 1.27%, 0, 0, 14, 372.92 835 13917662
1601839563, 21, 190, 259, 19, 0, 1.27%, 0, 0, 14, 376.12 835 13919622
1601839568, 21, 192, 259, 19, 0, 1.27%, 0, 0, 14, 392.09 835 13921570
1601839573, 21, 194, 259, 19, 0, 1.27%, 0, 0, 14, 378.66 835 13923504
1601839578, 21, 195, 259, 19, 0, 1.27%, 0, 0, 14, 370.93 835 13925355
1601839584, 21, 196, 259, 19, 0, 1.27%, 0, 0, 14, 341.64 835 13927080
1601839589, 21, 199, 259, 19, 0, 1.27%, 0, 0, 14, 361.00 835 13928969
1601839599, 21, 205, 259, 19, 0, 1.27%, 0, 0, 14, 206.25 835 13931714
1601840821, 21, 211, 259, 18, 0, 1.27%, 0, 0, 14, 360.18 835 14150099
1601840826, 21, 215, 259, 18, 0, 1.27%, 0, 0, 14, 335.42 835 14151764
1601840836, 21, 228, 259, 18, 0, 1.27%, 0, 0, 14, 299.54 835 14154810
1601840841, 21, 230, 259, 18, 0, 1.27%, 0, 0, 14, 326.84 835 14156523
1601840846, 21, 231, 259, 18, 0, 1.27%, 0, 0, 14, 251.37 835 14157865
1601841449, 21, 235, 259, 17, 0, 1.27%, 0, 0, 14, 248.98 835 14283104
1601842052, 21, 244, 259, 16, 0, 1.27%, 0, 0, 14, 204.29 835 14414175
1601843122, 21, 248, 259, 15, 0, 1.27%, 0, 0, 14, 263.82 835 14600247
1601844299, 21, 250, 259, 14, 0, 1.27%, 0, 0, 14, 315.13 835 14818052
1601844325, 21, 251, 259, 14, 0, 1.27%, 0, 0, 14, 326.19 835 14826422
1601844345, 21, 252, 259, 14, 0, 1.27%, 0, 0, 14, 301.94 835 14832908
1601845934, 22, 9, 259, 13, 0, 1.27%, 0, 0, 14, 333.44 835 15097241
1601845939, 22, 15, 259, 13, 0, 1.27%, 0, 0, 14, 344.49 835 15098981
1601845944, 22, 18, 260, 14, 0, 1.27%, 0, 0, 14, 327.13 835 15100620
1601845949, 22, 24, 260, 14, 0, 1.27%, 0, 0, 14, 322.98 835 15102229
1601845955, 22, 31, 260, 14, 0, 1.27%, 0, 0, 14, 340.21 835 15104027
1601845960, 22, 35, 260, 14, 0, 1.27%, 0, 0, 14, 338.50 835 15105803
1601845965, 22, 41, 260, 14, 0, 1.27%, 0, 0, 14, 332.33 835 15107477
1601845970, 22, 77, 260, 14, 0, 1.27%, 0, 0, 14, 345.75 835 15109281
1601845975, 22, 92, 260, 14, 0, 1.27%, 0, 0, 14, 329.47 835 15110929
1601845980, 22, 100, 260, 14, 0, 1.27%, 0, 0, 14, 345.07 835 15112725
1601845985, 22, 101, 260, 14, 0, 1.27%, 0, 0, 14, 341.61 835 15114473
1601845990, 22, 102, 260, 14, 0, 1.27%, 0, 0, 14, 344.72 835 15116227
1601845996, 22, 103, 260, 14, 0, 1.27%, 0, 0, 14, 347.27 835 15117997
1601846001, 22, 104, 260, 14, 0, 1.27%, 0, 0, 14, 349.37 835 15119799
1601846006, 22, 133, 260, 14, 0, 1.27%, 0, 0, 14, 345.18 835 15121569
1601846011, 22, 134, 260, 14, 0, 1.27%, 0, 0, 14, 332.65 835 15123195
1601846021, 22, 138, 260, 14, 0, 1.27%, 0, 0, 14, 358.80 835 15126831
1601846026, 22, 139, 260, 14, 0, 1.27%, 0, 0, 14, 339.43 835 15128571
1601846037, 22, 153, 260, 14, 0, 1.27%, 0, 0, 14, 341.08 835 15132123
1601846042, 22, 162, 260, 14, 0, 1.27%, 0, 0, 14, 337.01 835 15133867
1601846047, 22, 165, 260, 14, 0, 1.27%, 0, 0, 14, 330.02 835 15135507
1601846052, 22, 173, 260, 14, 0, 1.27%, 0, 0, 14, 334.94 835 15137283
1601846057, 22, 174, 260, 14, 0, 1.27%, 0, 0, 14, 336.26 835 15139035
1601846062, 22, 180, 260, 14, 0, 1.27%, 0, 0, 14, 324.67 835 15140689
1601846068, 22, 186, 260, 14, 0, 1.27%, 0, 0, 14, 317.42 835 15142285
1601846078, 22, 187, 260, 14, 0, 1.27%, 0, 0, 14, 316.75 835 15145519
1601846083, 22, 189, 260, 14, 0, 1.27%, 0, 0, 14, 312.82 835 15147145
1601846088, 22, 190, 260, 14, 0, 1.27%, 0, 0, 14, 334.00 835 15148837
1601846098, 22, 192, 260, 14, 0, 1.27%, 0, 0, 14, 343.72 835 15152317
1601846103, 22, 194, 260, 14, 0, 1.27%, 0, 0, 14, 329.86 835 15154033
1601846108, 22, 195, 260, 14, 0, 1.27%, 0, 0, 14, 301.94 835 15155575
1601846113, 22, 196, 260, 14, 0, 1.27%, 0, 0, 14, 317.79 835 15157237
1601846119, 22, 211, 260, 14, 0, 1.27%, 0, 0, 14, 341.94 835 15159037
1601846129, 22, 215, 260, 14, 0, 1.27%, 0, 0, 14, 319.14 835 15162277
1601846139, 22, 230, 260, 14, 0, 1.27%, 0, 0, 14, 315.03 835 15165545
1601846144, 22, 247, 260, 14, 0, 1.27%, 0, 0, 14, 290.25 835 15167123
1601846721, 22, 247, 261, 15, 0, 1.31%, 0, 0, 14, 124.74 858 15239121
1601847387, 22, 260, 261, 14, 1, 1.31%, 0, 0, 14, 205.03 858 15373631
1601848164, 23, 1, 261, 13, 0, 1.31%, 0, 0, 14, 382.67 858 15524638
1601848169, 23, 10, 261, 13, 0, 1.31%, 0, 0, 14, 376.82 858 15526556
1601848174, 23, 15, 261, 13, 0, 1.31%, 0, 0, 14, 377.73 858 15528510
1601848179, 23, 18, 261, 13, 0, 1.31%, 0, 0, 14, 386.39 858 15530526
1601848185, 23, 26, 261, 13, 0, 1.31%, 0, 0, 14, 391.32 858 15532566
1601848190, 23, 35, 261, 13, 0, 1.31%, 0, 0, 14, 381.40 858 15534594
1601848195, 23, 54, 261, 13, 0, 1.31%, 0, 0, 14, 381.65 858 15536549
1601848200, 23, 77, 261, 13, 0, 1.31%, 0, 0, 14, 391.33 858 15538533
1601848205, 23, 92, 261, 13, 0, 1.31%, 0, 0, 14, 385.46 858 15540453
1601848210, 23, 101, 261, 13, 0, 1.31%, 0, 0, 14, 385.31 858 15542412
1601848215, 23, 102, 261, 13, 0, 1.31%, 0, 0, 14, 399.53 858 15544435
1601848220, 23, 103, 261, 13, 0, 1.31%, 0, 0, 14, 398.73 858 15546433
1601848225, 23, 130, 261, 13, 0, 1.31%, 0, 0, 14, 379.05 858 15548375
1601848240, 23, 133, 261, 13, 0, 1.31%, 0, 0, 14, 337.06 858 15553928
1601848246, 23, 135, 261, 13, 0, 1.31%, 0, 0, 14, 367.57 858 15555909
1601848251, 23, 138, 261, 13, 0, 1.31%, 0, 0, 14, 359.70 858 15557795
1601848261, 23, 145, 261, 13, 0, 1.31%, 0, 0, 14, 360.81 858 15561456
1601848266, 23, 151, 261, 13, 0, 1.31%, 0, 0, 14, 329.53 858 15563148
1601848552, 23, 153, 261, 12, 0, 1.31%, 0, 0, 14, 328.21 858 15634799
1601848557, 23, 162, 261, 12, 0, 1.31%, 0, 0, 14, 325.66 858 15636411
1601848562, 23, 173, 261, 12, 0, 1.31%, 0, 0, 14, 334.02 858 15638075
1601848567, 23, 177, 261, 12, 0, 1.31%, 0, 0, 14, 335.04 858 15639805
1601848582, 23, 178, 261, 12, 0, 1.31%, 0, 0, 14, 319.92 858 15644761
1601848593, 23, 180, 261, 12, 0, 1.31%, 0, 0, 14, 331.69 858 15648169
1601848603, 23, 186, 261, 12, 0, 1.31%, 0, 0, 14, 319.00 858 15651397
1601848608, 23, 187, 261, 12, 0, 1.31%, 0, 0, 14, 321.83 858 15653095
1601848618, 23, 188, 261, 12, 0, 1.31%, 0, 0, 14, 322.86 858 15656365
1601848628, 23, 189, 261, 12, 0, 1.31%, 0, 0, 14, 335.99 858 15659935
1601848633, 23, 190, 261, 12, 0, 1.31%, 0, 0, 14, 323.45 858 15661585
1601848643, 23, 192, 261, 12, 0, 1.31%, 0, 0, 14, 330.85 858 15664860
1601848649, 23, 194, 261, 12, 0, 1.31%, 0, 0, 14, 326.00 858 15666571
1601848654, 23, 195, 261, 12, 0, 1.31%, 0, 0, 14, 313.55 858 15668233
1601848659, 23, 196, 261, 12, 0, 1.31%, 0, 0, 14, 315.65 858 15669829
1601848664, 23, 211, 261, 12, 0, 1.31%, 0, 0, 14, 336.67 858 15671593
1601848669, 23, 215, 261, 12, 0, 1.31%, 0, 0, 14, 337.74 858 15673363
1601848680, 23, 228, 262, 13, 0, 1.31%, 0, 0, 14, 325.24 858 15676761
1601848685, 23, 230, 262, 13, 0, 1.31%, 0, 0, 14, 321.00 858 15678379
1601848690, 23, 231, 262, 13, 0, 1.31%, 0, 0, 14, 328.72 858 15680077
1601848720, 23, 234, 262, 13, 0, 1.31%, 0, 0, 14, 310.18 858 15689957
1601848751, 23, 237, 262, 13, 0, 1.31%, 0, 0, 14, 291.87 858 15699316
1601848786, 23, 243, 262, 13, 0, 1.31%, 0, 0, 14, 197.14 858 15709333
1601849973, 23, 250, 262, 12, 0, 1.31%, 0, 0, 14, 373.98 858 15931756
1601849983, 23, 251, 262, 12, 0, 1.31%, 0, 0, 14, 343.74 858 15935667
1601849993, 23, 253, 262, 12, 0, 1.31%, 0, 0, 14, 246.54 858 15938871
1601850526, 23, 258, 262, 11, 0, 1.31%, 0, 0, 14, 228.22 858 16063970
1601851342, 23, 259, 262, 10, 0, 1.31%, 0, 0, 14, 307.73 858 16218863
1601851532, 23, 260, 262, 9, 0, 1.31%, 0, 0, 14, 302.39 858 16266528
1601851562, 24, 1, 262, 9, 0, 1.31%, 0, 0, 14, 331.53 858 16275908
1601851567, 24, 12, 262, 9, 0, 1.31%, 0, 0, 14, 341.66 858 16277656
1601851572, 24, 15, 262, 9, 0, 1.31%, 0, 0, 14, 337.26 858 16279396
1601851577, 24, 18, 262, 9, 0, 1.31%, 0, 0, 14, 330.65 858 16281102
1601851583, 24, 27, 262, 9, 0, 1.31%, 0, 0, 14, 339.88 858 16282860
1601851588, 24, 31, 262, 9, 0, 1.31%, 0, 0, 14, 345.11 858 16284652
1601851593, 24, 63, 262, 9, 0, 1.31%, 0, 0, 14, 338.16 858 16286404
1601851598, 24, 77, 262, 9, 0, 1.31%, 0, 0, 14, 343.60 858 16288134
1601851603, 24, 92, 262, 9, 0, 1.31%, 0, 0, 14, 341.88 858 16289910
1601851608, 24, 98, 262, 9, 0, 1.31%, 0, 0, 14, 334.15 858 16291586
1601851613, 24, 102, 262, 9, 0, 1.31%, 0, 0, 14, 341.97 858 16293354
1601851624, 24, 104, 262, 9, 0, 1.31%, 0, 0, 14, 350.87 858 16296936
1601851629, 24, 110, 262, 9, 0, 1.31%, 0, 0, 14, 346.40 858 16298710
1601851634, 24, 111, 262, 9, 0, 1.31%, 0, 0, 14, 336.36 858 16300492
1601851644, 24, 133, 262, 9, 0, 1.31%, 0, 0, 14, 330.59 858 16303960
1601851649, 24, 138, 262, 9, 0, 1.31%, 0, 0, 14, 347.17 858 16305784
1601851660, 24, 145, 262, 9, 0, 1.31%, 0, 0, 14, 311.27 858 16309060
1601851670, 24, 151, 262, 9, 0, 1.31%, 0, 0, 14, 324.92 858 16312400
1601851675, 24, 153, 262, 9, 0, 1.31%, 0, 0, 14, 325.17 858 16314032
1601851680, 24, 162, 262, 9, 0, 1.31%, 0, 0, 14, 317.87 858 16315632
1601851685, 24, 168, 262, 9, 0, 1.31%, 0, 0, 14, 250.36 858 16316904
1601851977, 24, 173, 262, 8, 0, 1.31%, 0, 0, 14, 333.26 858 16392730
1601851982, 24, 174, 262, 8, 0, 1.31%, 0, 0, 14, 340.73 858 16394482
1601851987, 24, 180, 262, 8, 0, 1.31%, 0, 0, 14, 333.18 858 16396116
1601851992, 24, 186, 262, 8, 0, 1.31%, 0, 0, 14, 329.88 858 16397760
1601851997, 24, 187, 262, 8, 0, 1.31%, 0, 0, 14, 319.31 858 16399410
1601852002, 24, 189, 262, 8, 0, 1.31%, 0, 0, 14, 338.07 858 16401126
1601852013, 24, 190, 262, 8, 0, 1.31%, 0, 0, 14, 332.61 858 16404498
1601852018, 24, 192, 262, 8, 0, 1.31%, 0, 0, 14, 333.76 858 16406232
1601852023, 24, 194, 262, 8, 0, 1.31%, 0, 0, 14, 342.78 858 16408044
1601852033, 24, 196, 262, 8, 0, 1.31%, 0, 0, 14, 324.69 858 16411428
1601852043, 24, 211, 262, 8, 0, 1.31%, 0, 0, 14, 345.89 858 16414974
1601852048, 24, 214, 262, 8, 0, 1.31%, 0, 0, 14, 334.02 858 16416636
1601852053, 24, 214, 263, 9, 0, 1.31%, 0, 0, 14, 323.69 858 16418276
1601852063, 24, 215, 263, 9, 0, 1.31%, 0, 0, 14, 313.90 858 16421444
1601852074, 24, 230, 263, 9, 0, 1.31%, 0, 0, 14, 330.33 858 16424760
1601852079, 24, 249, 263, 9, 0, 1.31%, 0, 0, 14, 312.75 858 16426416
1601853118, 24, 250, 263, 8, 0, 1.31%, 0, 0, 14, 307.13 858 16617862
1601853133, 24, 251, 263, 8, 0, 1.31%, 0, 0, 14, 297.49 858 16622780
1601853143, 24, 253, 263, 8, 0, 1.31%, 0, 0, 14, 338.54 858 16626322
1601853169, 24, 260, 263, 8, 0, 1.31%, 0, 0, 14, 333.82 858 16635750
1601853194, 25, 1, 263, 8, 0, 1.31%, 0, 0, 14, 368.41 858 16644968
1601853199, 25, 4, 263, 8, 0, 1.31%, 0, 0, 14, 371.18 858 16646901
1601853204, 25, 15, 263, 8, 0, 1.31%, 0, 0, 14, 394.51 858 16648915
1601853209, 25, 21, 263, 8, 0, 1.31%, 0, 0, 14, 383.82 858 16650805
1601853214, 25, 31, 263, 8, 0, 1.31%, 0, 0, 14, 395.59 858 16652806
1601853220, 25, 35, 263, 8, 0, 1.31%, 0, 0, 14, 368.60 858 16654688
1601853225, 25, 77, 263, 8, 0, 1.31%, 0, 0, 14, 355.75 858 16656515
1601853230, 25, 89, 263, 8, 0, 1.31%, 0, 0, 14, 355.33 858 16658322
1601853235, 25, 101, 263, 8, 0, 1.31%, 0, 0, 14, 354.87 858 16660139
1601853240, 25, 102, 263, 8, 0, 1.31%, 0, 0, 14, 363.84 858 16661975
1601853245, 25, 103, 263, 8, 0, 1.31%, 0, 0, 14, 386.46 858 16663973
1601853251, 25, 104, 263, 8, 0, 1.31%, 0, 0, 14, 382.82 858 16665970
1601853256, 25, 130, 263, 8, 0, 1.31%, 0, 0, 14, 386.37 858 16667975
1601853266, 25, 133, 263, 8, 0, 1.31%, 0, 0, 14, 373.92 858 16671857
1601853271, 25, 138, 263, 8, 0, 1.31%, 0, 0, 14, 387.50 858 16673907
1601853276, 25, 153, 263, 8, 0, 1.31%, 0, 0, 14, 364.64 858 16675712
1601853281, 25, 162, 263, 8, 0, 1.31%, 0, 0, 14, 366.40 858 16677563
1601853286, 25, 173, 263, 8, 0, 1.31%, 0, 0, 14, 377.84 858 16679547
1601853291, 25, 180, 263, 8, 0, 1.31%, 0, 0, 14, 380.41 858 16681436
1601853301, 25, 186, 263, 8, 0, 1.31%, 0, 0, 14, 363.43 858 16685129
1601853307, 25, 187, 263, 8, 0, 1.31%, 0, 0, 14, 359.16 858 16686939
1601853312, 25, 189, 263, 8, 0, 1.31%, 0, 0, 14, 364.61 858 16688819
1601853317, 25, 190, 263, 8, 0, 1.31%, 0, 0, 14, 370.50 858 16690683
1601853322, 25, 192, 263, 8, 0, 1.31%, 0, 0, 14, 369.64 858 16692562
1601853332, 25, 194, 263, 8, 0, 1.31%, 0, 0, 14, 360.12 858 16696136
1601853337, 25, 196, 263, 8, 0, 1.31%, 0, 0, 14, 350.51 858 16697928
1601853347, 25, 211, 263, 8, 0, 1.31%, 0, 0, 14, 373.98 858 16701703
1601853352, 25, 215, 263, 8, 0, 1.31%, 0, 0, 14, 359.49 858 16703549
1601853362, 25, 229, 263, 8, 0, 1.31%, 0, 0, 14, 337.01 858 16707120
1601853393, 25, 230, 263, 8, 0, 1.31%, 0, 0, 14, 314.16 858 16716788
1601853398, 25, 242, 263, 8, 0, 1.31%, 0, 0, 14, 319.40 858 16718492
1601853424, 25, 250, 263, 8, 0, 1.31%, 0, 0, 14, 333.76 858 16726508
1601853429, 25, 251, 263, 8, 0, 1.31%, 0, 0, 14, 345.97 858 16728296
1601853434, 25, 260, 263, 8, 0, 1.31%, 0, 0, 14, 297.14 858 16729711
1601853465, 26, 1, 263, 8, 0, 1.31%, 0, 0, 14, 310.30 858 16739272
1601853470, 26, 12, 263, 8, 0, 1.31%, 0, 0, 14, 331.23 858 16741000
1601853475, 26, 15, 263, 8, 0, 1.31%, 0, 0, 14, 336.81 858 16742751
1601853481, 26, 21, 263, 8, 0, 1.31%, 0, 0, 14, 344.65 858 16744554
1601853486, 26, 27, 263, 8, 0, 1.31%, 0, 0, 14, 347.77 858 16746340
1601853491, 26, 35, 263, 8, 0, 1.31%, 0, 0, 14, 344.60 858 16748084
1601853496, 26, 76, 263, 8, 0, 1.31%, 0, 0, 14, 347.28 858 16749854
1601853501, 26, 78, 263, 8, 0, 1.31%, 0, 0, 14, 342.47 858 16751622
1601853506, 26, 92, 263, 8, 0, 1.31%, 0, 0, 14, 336.35 858 16753298
1601853511, 26, 98, 263, 8, 0, 1.31%, 0, 0, 14, 336.80 858 16755052
1601853516, 26, 101, 263, 8, 0, 1.31%, 0, 0, 14, 328.50 858 16756760
1601853522, 26, 102, 263, 8, 0, 1.31%, 0, 0, 14, 336.06 858 16758518
1601853527, 26, 103, 263, 8, 0, 1.31%, 0, 0, 14, 325.26 858 16760210
1601853532, 26, 104, 263, 8, 0, 1.31%, 0, 0, 14, 321.38 858 16761901
1601853537, 26, 108, 263, 8, 0, 1.31%, 0, 0, 14, 341.69 858 16763712
1601853542, 26, 128, 263, 8, 0, 1.31%, 0, 0, 14, 328.11 858 16765421
1601853547, 26, 133, 263, 8, 0, 1.31%, 0, 0, 14, 335.76 858 16767090
1601853552, 26, 136, 263, 8, 0, 1.31%, 0, 0, 14, 326.43 858 16768686
1601853563, 26, 138, 263, 8, 0, 1.31%, 0, 0, 14, 339.95 858 16772214
1601853573, 26, 153, 263, 8, 0, 1.31%, 0, 0, 14, 317.97 858 16775242
1601853578, 26, 162, 263, 8, 0, 1.31%, 0, 0, 14, 304.72 858 16776742
1601853583, 26, 174, 263, 8, 0, 1.31%, 0, 0, 14, 327.99 858 16778448
1601853588, 26, 180, 263, 8, 0, 1.31%, 0, 0, 14, 329.39 858 16780118
1601853598, 26, 186, 263, 8, 0, 1.31%, 0, 0, 14, 328.19 858 16783538
1601853603, 26, 187, 263, 8, 0, 1.31%, 0, 0, 14, 312.74 858 16785122
1601853609, 26, 189, 263, 8, 0, 1.31%, 0, 0, 14, 323.90 858 16786838
1601853619, 26, 190, 263, 8, 0, 1.31%, 0, 0, 14, 326.82 858 16790096
1601853624, 26, 192, 263, 8, 0, 1.31%, 0, 0, 14, 331.58 858 16791830
1601853629, 26, 194, 263, 8, 0, 1.31%, 0, 0, 14, 324.45 858 16793444
1601853639, 26, 196, 263, 8, 0, 1.31%, 0, 0, 14, 319.57 858 16796732
1601853649, 26, 199, 263, 8, 0, 1.31%, 0, 0, 14, 324.92 858 16800026
1601853654, 26, 211, 263, 8, 0, 1.31%, 0, 0, 14, 323.68 858 16801754
1601853659, 26, 215, 263, 8, 0, 1.31%, 0, 0, 14, 318.51 858 16803338
1601853670, 26, 223, 263, 8, 0, 1.31%, 0, 0, 14, 268.02 858 16806472
1601853680, 26, 230, 263, 8, 0, 1.31%, 0, 0, 14, 305.21 858 16809652
1601853690, 26, 238, 263, 8, 0, 1.31%, 0, 0, 14, 276.16 858 16812700
1601853721, 26, 250, 263, 8, 0, 1.31%, 0, 0, 14, 291.89 858 16821755
1601853726, 26, 251, 263, 8, 0, 1.31%, 0, 0, 14, 307.80 858 16823390
1601853731, 26, 254, 263, 8, 0, 1.31%, 0, 0, 14, 298.89 858 16824974
1601854334, 26, 260, 263, 7, 0, 1.31%, 0, 0, 14, 355.78 858 16951381
1601854365, 27, 8, 263, 7, 0, 1.31%, 0, 0, 14, 371.86 858 16962347
1601854370, 27, 15, 263, 7, 0, 1.31%, 0, 0, 14, 387.18 858 16964343
1601854375, 27, 21, 263, 7, 0, 1.31%, 0, 0, 14, 393.34 858 16966377
1601854380, 27, 27, 263, 7, 0, 1.31%, 0, 0, 14, 391.38 858 16968344
1601854386, 27, 35, 263, 7, 0, 1.31%, 0, 0, 14, 390.31 858 16970381
1601854391, 27, 37, 263, 7, 0, 1.31%, 0, 0, 14, 379.54 858 16972381
1601854396, 27, 76, 263, 7, 0, 1.31%, 0, 0, 14, 387.47 858 16974302
1601854401, 27, 88, 263, 7, 0, 1.31%, 0, 0, 14, 393.14 858 16976340
1601854406, 27, 94, 263, 7, 0, 1.31%, 0, 0, 14, 391.84 858 16978310
1601854411, 27, 101, 263, 7, 0, 1.31%, 0, 0, 14, 368.15 858 16980230
1601854416, 27, 102, 263, 7, 0, 1.31%, 0, 0, 14, 358.70 858 16982003
1601854421, 27, 103, 263, 7, 0, 1.31%, 0, 0, 14, 347.65 858 16983700
1601854426, 27, 104, 263, 7, 0, 1.31%, 0, 0, 14, 349.21 858 16985446
1601854432, 27, 126, 263, 7, 0, 1.31%, 0, 0, 14, 343.18 858 16987206
1601854437, 27, 133, 263, 7, 0, 1.31%, 0, 0, 14, 341.47 858 16988954
1601854442, 27, 138, 263, 7, 0, 1.31%, 0, 0, 14, 347.80 858 16990760
1601854452, 27, 153, 263, 7, 0, 1.31%, 0, 0, 14, 327.12 858 16993982
1601854457, 27, 154, 263, 7, 0, 1.31%, 0, 0, 14, 315.55 858 16995556
1601854467, 27, 159, 263, 7, 0, 1.31%, 0, 0, 14, 323.94 858 16998884
1601854472, 27, 162, 263, 7, 0, 1.31%, 0, 0, 14, 334.92 858 17000658
1601854477, 27, 166, 263, 7, 0, 1.31%, 0, 0, 14, 326.71 858 17002310
1601854488, 27, 173, 263, 7, 0, 1.31%, 0, 0, 14, 342.94 858 17005822
1601854493, 27, 180, 263, 7, 0, 1.31%, 0, 0, 14, 321.95 858 17007476
1601854503, 27, 182, 263, 7, 0, 1.31%, 0, 0, 14, 325.62 858 17010716
1601854508, 27, 186, 263, 7, 0, 1.31%, 0, 0, 14, 333.73 858 17012444
1601854513, 27, 187, 263, 7, 0, 1.31%, 0, 0, 14, 332.79 858 17014124
1601854518, 27, 189, 263, 7, 0, 1.31%, 0, 0, 14, 326.55 858 17015840
1601854523, 27, 190, 263, 7, 0, 1.31%, 0, 0, 14, 330.48 858 17017526
1601854533, 27, 192, 263, 7, 0, 1.31%, 0, 0, 14, 325.47 858 17020832
1601854539, 27, 194, 263, 7, 0, 1.31%, 0, 0, 14, 332.66 858 17022596
1601854544, 27, 195, 263, 7, 0, 1.31%, 0, 0, 14, 307.43 858 17024156
1601854549, 27, 196, 263, 7, 0, 1.31%, 0, 0, 14, 320.07 858 17025824
1601854554, 27, 199, 263, 7, 0, 1.31%, 0, 0, 14, 332.11 858 17027570
1601854559, 27, 211, 263, 7, 0, 1.31%, 0, 0, 14, 341.43 858 17029304
1601854569, 27, 215, 263, 7, 0, 1.31%, 0, 0, 14, 344.99 858 17032772
1601854580, 27, 230, 263, 7, 0, 1.31%, 0, 0, 14, 319.17 858 17036052
1601854585, 27, 234, 263, 7, 0, 1.31%, 0, 0, 14, 321.11 858 17037780
1601854615, 27, 250, 263, 7, 0, 1.31%, 0, 0, 14, 317.80 858 17047532
1601854625, 27, 251, 263, 7, 0, 1.31%, 0, 0, 14, 310.22 858 17050772
1601854631, 27, 260, 263, 7, 0, 1.31%, 0, 0, 14, 285.61 858 17052207
1601854646, 27, 261, 263, 7, 0, 1.31%, 0, 0, 14, 216.75 858 17056563
1601854677, 27, 261, 264, 8, 0, 1.31%, 0, 0, 14, 148.21 858 17061193
1601854836, 27, 261, 265, 9, 0, 1.31%, 0, 0, 14, 153.29 858 17085271
1601855335, 27, 262, 265, 8, 0, 1.31%, 0, 0, 14, 261.11 858 17199102
1601855346, 27, 262, 267, 10, 0, 1.31%, 0, 0, 14, 201.50 858 17201174
1601855658, 27, 264, 267, 9, 0, 1.31%, 0, 0, 14, 196.26 858 17288644
1601855678, 27, 264, 268, 10, 0, 1.31%, 0, 0, 14, 146.93 858 17291715
1601856360, 27, 264, 269, 11, 0, 1.31%, 0, 0, 14, 271.08 858 17417672
1601856456, 28, 4, 269, 10, 0, 1.31%, 0, 0, 14, 317.36 858 17445075
1601856461, 28, 15, 269, 10, 0, 1.31%, 0, 0, 14, 327.02 858 17446721
1601856466, 28, 18, 269, 10, 0, 1.31%, 0, 0, 14, 335.67 858 17448471
1601856472, 28, 24, 269, 10, 0, 1.31%, 0, 0, 14, 324.24 858 17450155
1601856477, 28, 31, 269, 10, 0, 1.31%, 0, 0, 14, 345.00 858 17451935
1601856482, 28, 41, 269, 10, 0, 1.31%, 0, 0, 14, 339.46 858 17453657
1601856487, 28, 45, 269, 10, 0, 1.31%, 0, 0, 14, 353.83 858 17455452
1601856502, 28, 63, 269, 9, 0, 1.31%, 0, 0, 14, 360.10 858 17460949
1601856507, 28, 77, 269, 9, 0, 1.31%, 0, 0, 14, 352.72 858 17462750
1601856512, 28, 92, 269, 9, 0, 1.31%, 0, 0, 14, 355.74 858 17464597
1601856517, 28, 98, 269, 9, 0, 1.31%, 0, 0, 14, 349.43 858 17466371
1601856522, 28, 101, 269, 9, 0, 1.31%, 0, 0, 14, 342.60 858 17468121
1601856527, 28, 102, 269, 9, 0, 1.31%, 0, 0, 14, 345.24 858 17469873
1601856532, 28, 103, 269, 9, 0, 1.31%, 0, 0, 14, 330.84 858 17471543
1601856537, 28, 106, 269, 9, 0, 1.31%, 0, 0, 14, 342.89 858 17473349
1601856542, 28, 133, 269, 9, 0, 1.31%, 0, 0, 14, 353.51 858 17475110
1601856548, 28, 137, 269, 9, 0, 1.31%, 0, 0, 14, 325.27 858 17476737
1601856563, 28, 138, 269, 9, 0, 1.31%, 0, 0, 14, 349.29 858 17481936
1601856573, 28, 162, 269, 9, 0, 1.31%, 0, 0, 14, 333.52 858 17485403
1601856578, 28, 165, 269, 9, 0, 1.31%, 0, 0, 14, 317.09 858 17486977
1601856588, 28, 168, 269, 9, 0, 1.31%, 0, 0, 14, 317.68 858 17490229
1601856598, 28, 173, 269, 9, 0, 1.31%, 0, 0, 14, 335.56 858 17493591
1601856604, 28, 174, 269, 9, 0, 1.31%, 0, 0, 14, 332.54 858 17495307
1601856609, 28, 177, 269, 9, 0, 1.31%, 0, 0, 14, 321.48 858 17496969
1601856619, 28, 180, 269, 9, 0, 1.31%, 0, 0, 14, 338.17 858 17500371
1601856629, 28, 186, 269, 9, 0, 1.31%, 0, 0, 14, 330.33 858 17503773
1601856634, 28, 187, 269, 9, 0, 1.31%, 0, 0, 14, 325.39 858 17505465
1601856639, 28, 189, 269, 9, 0, 1.31%, 0, 0, 14, 323.06 858 17507169
1601856650, 28, 190, 269, 9, 0, 1.31%, 0, 0, 14, 335.10 858 17510565
1601856655, 28, 192, 269, 9, 0, 1.31%, 0, 0, 14, 328.84 858 17512287
1601856660, 28, 194, 269, 9, 0, 1.31%, 0, 0, 14, 335.79 858 17513997
1601856665, 28, 195, 269, 9, 0, 1.31%, 0, 0, 14, 336.32 858 17515755
1601856670, 28, 196, 269, 9, 0, 1.31%, 0, 0, 14, 311.16 858 17517249
1601856680, 28, 211, 269, 9, 0, 1.31%, 0, 0, 14, 329.42 858 17520657
1601856685, 28, 215, 269, 9, 0, 1.31%, 0, 0, 14, 313.87 858 17522211
1601856695, 28, 230, 269, 9, 0, 1.31%, 0, 0, 14, 310.62 858 17525335
1601856706, 28, 246, 269, 9, 0, 1.31%, 0, 0, 14, 200.75 858 17527987
1601857970, 28, 246, 270, 10, 0, 1.31%, 0, 0, 14, 262.08 858 17738884
1601858020, 28, 250, 270, 9, 0, 1.31%, 0, 0, 14, 318.97 858 17753179
1601858025, 28, 251, 270, 9, 0, 1.31%, 0, 0, 14, 325.63 858 17754817
1601858031, 28, 260, 270, 9, 0, 1.31%, 0, 0, 14, 317.22 858 17756473
1601858051, 29, 12, 270, 9, 0, 1.31%, 0, 0, 14, 323.23 858 17762782
1601858056, 29, 15, 270, 9, 0, 1.31%, 0, 0, 14, 337.32 858 17764552
1601858061, 29, 18, 270, 9, 0, 1.31%, 0, 0, 14, 333.53 858 17766266
1601858066, 29, 25, 270, 9, 0, 1.31%, 0, 0, 14, 345.97 858 17768076
1601858072, 29, 31, 270, 9, 0, 1.31%, 0, 0, 14, 362.12 858 17769926
1601858077, 29, 39, 270, 9, 0, 1.31%, 0, 0, 14, 356.45 858 17771723
1601858082, 29, 63, 270, 9, 0, 1.31%, 0, 0, 14, 351.17 858 17773474
1601858087, 29, 77, 270, 9, 0, 1.31%, 0, 0, 14, 346.69 858 17775242
1601858092, 29, 92, 270, 9, 0, 1.31%, 0, 0, 14, 346.19 858 17776972
1601858097, 29, 101, 270, 9, 0, 1.31%, 0, 0, 14, 353.29 858 17778744
1601858102, 29, 102, 270, 9, 0, 1.31%, 0, 0, 14, 347.48 858 17780464
1601858107, 29, 103, 270, 9, 0, 1.31%, 0, 0, 14, 349.28 858 17782278
1601858112, 29, 105, 270, 9, 0, 1.31%, 0, 0, 14, 353.95 858 17784062
1601858117, 29, 133, 271, 10, 0, 1.31%, 0, 0, 14, 345.03 858 17785844
1601858122, 29, 138, 271, 10, 0, 1.31%, 0, 0, 14, 341.98 858 17787572
1601858133, 29, 139, 271, 10, 0, 1.31%, 0, 0, 14, 327.73 858 17791046
1601858143, 29, 144, 271, 10, 0, 1.31%, 0, 0, 14, 350.26 858 17794652
1601858154, 29, 147, 271, 10, 0, 1.31%, 0, 0, 14, 341.35 858 17798212
1601858159, 29, 153, 271, 10, 0, 1.31%, 0, 0, 14, 331.83 858 17799886
1601858164, 29, 162, 271, 10, 0, 1.31%, 0, 0, 14, 327.93 858 17801607
1601858169, 29, 173, 271, 10, 0, 1.31%, 0, 0, 14, 331.43 858 17803278
1601858174, 29, 174, 271, 10, 0, 1.31%, 0, 0, 14, 362.19 858 17805135
1601858179, 29, 180, 271, 10, 0, 1.31%, 0, 0, 14, 373.34 858 17807061
1601858184, 29, 186, 271, 10, 0, 1.31%, 0, 0, 14, 352.74 858 17808803
1601858189, 29, 187, 271, 10, 0, 1.31%, 0, 0, 14, 322.26 858 17810464
1601858194, 29, 189, 271, 10, 0, 1.31%, 0, 0, 14, 339.83 858 17812192
1601858199, 29, 190, 271, 10, 0, 1.31%, 0, 0, 14, 365.80 858 17814027
1601858210, 29, 192, 271, 10, 0, 1.31%, 0, 0, 14, 339.72 858 17817508
1601858215, 29, 194, 271, 10, 0, 1.31%, 0, 0, 14, 326.23 858 17819140
1601858220, 29, 195, 271, 10, 0, 1.31%, 0, 0, 14, 341.28 858 17820892
1601858225, 29, 196, 271, 10, 0, 1.31%, 0, 0, 14, 362.23 858 17822750
1601858230, 29, 207, 271, 10, 0, 1.31%, 0, 0, 14, 345.07 858 17824528
1601858235, 29, 211, 271, 10, 0, 1.31%, 0, 0, 14, 335.82 858 17826262
1601858245, 29, 215, 271, 10, 0, 1.31%, 0, 0, 14, 319.17 858 17829604
1601858255, 29, 230, 271, 10, 0, 1.31%, 0, 0, 14, 312.45 858 17832866
1601858266, 29, 242, 271, 10, 0, 1.31%, 0, 0, 14, 273.26 858 17835865
1601858296, 29, 250, 271, 10, 0, 1.31%, 0, 0, 14, 315.65 858 17845198
1601858301, 29, 251, 271, 10, 0, 1.31%, 0, 0, 14, 325.69 858 17846872
1601858306, 29, 260, 271, 10, 0, 1.31%, 0, 0, 14, 320.21 858 17848468
1601858316, 29, 263, 271, 10, 0, 1.31%, 0, 0, 14, 238.24 858 17851343
1601858974, 29, 268, 271, 9, 0, 1.31%, 0, 0, 14, 216.49 858 17990786
1601859803, 30, 1, 271, 8, 0, 1.31%, 0, 0, 14, 348.37 858 18150428
1601859808, 30, 12, 271, 8, 0, 1.31%, 0, 0, 14, 341.91 858 18152105
1601859813, 30, 15, 271, 8, 0, 1.31%, 0, 0, 14, 332.78 858 18153768
1601859818, 30, 18, 272, 9, 0, 1.31%, 0, 0, 14, 333.87 858 18155508
1601859823, 30, 24, 272, 9, 0, 1.31%, 0, 0, 14, 339.32 858 18157222
1601859828, 30, 31, 272, 9, 0, 1.31%, 0, 0, 14, 349.87 858 18159039
1601859834, 30, 41, 272, 9, 0, 1.31%, 0, 0, 14, 342.36 858 18160758
1601859839, 30, 75, 272, 9, 0, 1.31%, 0, 0, 14, 360.44 858 18162634
1601859844, 30, 77, 272, 9, 0, 1.31%, 0, 0, 14, 345.87 858 18164360
1601859849, 30, 98, 272, 9, 0, 1.31%, 0, 0, 14, 348.73 858 18166156
1601859854, 30, 101, 272, 9, 0, 1.31%, 0, 0, 14, 348.71 858 18167926
1601859859, 30, 103, 272, 9, 0, 1.31%, 0, 0, 14, 347.88 858 18169734
1601859864, 30, 104, 272, 9, 0, 1.31%, 0, 0, 14, 343.91 858 18171446
1601859869, 30, 108, 272, 9, 0, 1.31%, 0, 0, 14, 352.18 858 18173289
1601859875, 30, 133, 272, 9, 0, 1.31%, 0, 0, 14, 341.09 858 18175016
1601859880, 30, 138, 272, 9, 0, 1.31%, 0, 0, 14, 333.51 858 18176660
1601859890, 30, 139, 272, 9, 0, 1.31%, 0, 0, 14, 319.07 858 18180062
1601859900, 30, 147, 272, 9, 0, 1.31%, 0, 0, 14, 325.51 858 18183428
1601859905, 30, 153, 272, 9, 0, 1.31%, 0, 0, 14, 320.49 858 18185120
1601859910, 30, 162, 272, 9, 0, 1.31%, 0, 0, 14, 322.65 858 18186756
1601859916, 30, 173, 272, 9, 0, 1.31%, 0, 0, 14, 344.26 858 18188572
1601859921, 30, 174, 272, 9, 0, 1.31%, 0, 0, 14, 341.26 858 18190294
1601859926, 30, 175, 272, 9, 0, 1.31%, 0, 0, 14, 347.49 858 18192056
1601859931, 30, 180, 272, 9, 0, 1.31%, 0, 0, 14, 333.75 858 18193688
1601859936, 30, 186, 272, 9, 0, 1.31%, 0, 0, 14, 325.31 858 18195386
1601859941, 30, 187, 272, 9, 0, 1.31%, 0, 0, 14, 319.96 858 18196982
1601859951, 30, 188, 272, 9, 0, 1.31%, 0, 0, 14, 315.65 858 18200186
1601859961, 30, 189, 272, 9, 0, 1.31%, 0, 0, 14, 343.25 858 18203660
1601859971, 30, 190, 272, 9, 0, 1.31%, 0, 0, 14, 339.29 858 18207140
1601859977, 30, 192, 272, 9, 0, 1.31%, 0, 0, 14, 337.89 858 18208874
1601859982, 30, 194, 272, 9, 0, 1.31%, 0, 0, 14, 337.83 858 18210560
1601859987, 30, 195, 272, 9, 0, 1.31%, 0, 0, 14, 339.27 858 18212384
1601859992, 30, 196, 272, 9, 0, 1.31%, 0, 0, 14, 341.07 858 18214154
1601859997, 30, 211, 272, 9, 0, 1.31%, 0, 0, 14, 353.31 858 18215974
1601860002, 30, 215, 272, 9, 0, 1.31%, 0, 0, 14, 349.27 858 18217734
1601860012, 30, 223, 272, 9, 0, 1.31%, 0, 0, 14, 331.16 858 18221174
1601860017, 30, 228, 272, 9, 0, 1.31%, 0, 0, 14, 326.63 858 18222770
1601860022, 30, 230, 272, 9, 0, 1.31%, 0, 0, 14, 356.65 858 18224612
1601860027, 30, 250, 272, 9, 0, 1.31%, 0, 0, 14, 324.04 858 18226200
1601860033, 30, 251, 272, 9, 0, 1.31%, 0, 0, 14, 326.15 858 18227837
1601860038, 30, 260, 272, 9, 0, 1.31%, 0, 0, 14, 319.39 858 18229512
1601860048, 30, 265, 272, 9, 0, 1.31%, 0, 0, 14, 246.32 858 18232360
1601860389, 30, 266, 272, 8, 0, 1.31%, 0, 0, 14, 243.84 858 18322196
1601860726, 30, 266, 273, 9, 0, 1.34%, 0, 0, 14, 300.52 881 18407800
1601860741, 30, 272, 274, 9, 1, 1.35%, 0, 0, 14, 286.09 885 18412518
1601860746, 30, 272, 275, 10, 1, 1.40%, 0, 0, 14, 275.42 919 18413926
1601860767, 30, 272, 276, 11, 1, 1.41%, 0, 0, 14, 291.07 923 18419608
1601860858, 30, 273, 276, 10, 3, 1.41%, 0, 0, 14, 322.13 923 18451018
1601860970, 30, 274, 276, 9, 2, 1.41%, 0, 0, 14, 269.37 923 18488240
1601861042, 30, 274, 277, 10, 2, 1.41%, 0, 0, 14, 304.43 923 18508469
1601861160, 30, 275, 277, 9, 1, 1.41%, 0, 0, 14, 297.40 923 18548515
1601861231, 30, 275, 278, 10, 1, 1.41%, 0, 0, 14, 312.21 923 18569399
1601861349, 30, 277, 278, 9, 1, 1.41%, 0, 0, 14, 246.29 923 18609974
1601861364, 30, 277, 279, 10, 1, 1.41%, 0, 0, 14, 212.53 923 18613165
1601861558, 30, 278, 279, 9, 1, 1.41%, 0, 0, 14, 287.92 923 18667489
1601861784, 31, 1, 279, 8, 0, 1.41%, 0, 0, 14, 325.48 923 18729681
1601861789, 31, 15, 279, 8, 0, 1.41%, 0, 0, 14, 343.88 923 18731431
1601861794, 31, 18, 279, 8, 0, 1.41%, 0, 0, 14, 349.73 923 18733263
1601861799, 31, 23, 279, 8, 0, 1.41%, 0, 0, 14, 341.53 923 18735048
1601861804, 31, 27, 279, 8, 0, 1.41%, 0, 0, 14, 346.00 923 18736771
1601861809, 31, 32, 279, 8, 0, 1.41%, 0, 0, 14, 346.92 923 18738605
1601861815, 31, 35, 279, 8, 0, 1.41%, 0, 0, 14, 353.10 923 18740455
1601861820, 31, 53, 279, 8, 0, 1.41%, 0, 0, 14, 333.63 923 18742139
1601861825, 31, 77, 279, 8, 0, 1.41%, 0, 0, 14, 344.51 923 18743937
1601861830, 31, 92, 279, 8, 0, 1.41%, 0, 0, 14, 353.13 923 18745708
1601861835, 31, 100, 279, 8, 0, 1.41%, 0, 0, 14, 347.27 923 18747503
1601861840, 31, 101, 279, 8, 0, 1.41%, 0, 0, 14, 345.11 923 18749301
1601861845, 31, 103, 279, 8, 0, 1.41%, 0, 0, 14, 351.72 923 18751083
1601861850, 31, 129, 279, 8, 0, 1.41%, 0, 0, 14, 349.49 923 18752849
1601861861, 31, 138, 279, 8, 0, 1.41%, 0, 0, 14, 326.63 923 18756235
1601861871, 31, 150, 279, 8, 0, 1.41%, 0, 0, 14, 323.07 923 18759655
1601861881, 31, 153, 279, 8, 0, 1.41%, 0, 0, 14, 325.04 923 18762995
1601861886, 31, 155, 279, 8, 0, 1.41%, 0, 0, 14, 266.50 923 18764369
1601862168, 31, 158, 279, 7, 0, 1.41%, 0, 0, 14, 307.50 923 18837130
1601862178, 31, 162, 279, 7, 0, 1.41%, 0, 0, 14, 324.40 923 18840490
1601862184, 31, 173, 279, 7, 0, 1.41%, 0, 0, 14, 325.89 923 18842190
1601862189, 31, 174, 279, 7, 0, 1.41%, 0, 0, 14, 329.05 923 18843906
1601862194, 31, 180, 279, 7, 0, 1.41%, 0, 0, 14, 337.26 923 18845582
1601862199, 31, 186, 279, 7, 0, 1.41%, 0, 0, 14, 319.45 923 18847196
1601862204, 31, 187, 279, 7, 0, 1.41%, 0, 0, 14, 308.88 923 18848738
1601862214, 31, 189, 279, 7, 0, 1.41%, 0, 0, 14, 323.08 923 18851966
1601862219, 31, 190, 279, 7, 0, 1.41%, 0, 0, 14, 321.59 923 18853598
1601862224, 31, 192, 279, 7, 0, 1.41%, 0, 0, 14, 329.77 923 18855290
1601862234, 31, 194, 279, 7, 0, 1.41%, 0, 0, 14, 317.11 923 18858530
1601862239, 31, 195, 279, 7, 0, 1.41%, 0, 0, 14, 312.14 923 18860096
1601862244, 31, 197, 279, 7, 0, 1.41%, 0, 0, 14, 319.89 923 18861722
1601862254, 31, 200, 279, 7, 0, 1.41%, 0, 0, 14, 345.76 923 18865124
1601862269, 31, 209, 279, 7, 0, 1.41%, 0, 0, 14, 326.65 923 18870134
1601862275, 31, 211, 279, 7, 0, 1.41%, 0, 0, 14, 329.93 923 18871796
1601862285, 31, 250, 279, 7, 0, 1.41%, 0, 0, 14, 308.29 923 18875038
1601862290, 31, 251, 279, 7, 0, 1.41%, 0, 0, 14, 317.10 923 18876670
1601862300, 31, 257, 279, 7, 0, 1.41%, 0, 0, 14, 243.78 923 18879456
1601862529, 31, 260, 279, 6, 0, 1.41%, 0, 0, 14, 309.79 923 18942273
1601862535, 31, 271, 279, 6, 0, 1.41%, 0, 0, 14, 264.83 923 18943720
1601862545, 31, 271, 280, 7, 0, 1.41%, 0, 0, 14, 166.71 923 18945351
1601863248, 31, 272, 280, 6, 0, 1.41%, 0, 0, 14, 323.08 923 19088244
1601863273, 31, 273, 280, 6, 0, 1.41%, 0, 0, 14, 360.04 923 19097229
1601863304, 31, 274, 280, 6, 0, 1.41%, 0, 0, 14, 333.13 923 19107384
1601863339, 31, 275, 280, 6, 0, 1.41%, 0, 0, 14, 336.23 923 19119064
1601863375, 31, 278, 280, 6, 0, 1.41%, 0, 0, 14, 331.92 923 19130756
1601863410, 32, 4, 280, 6, 0, 1.41%, 0, 0, 14, 336.96 923 19142555
1601863416, 32, 18, 280, 6, 0, 1.41%, 0, 0, 14, 339.98 923 19144320
1601863421, 32, 23, 280, 6, 0, 1.41%, 0, 0, 14, 337.75 923 19146060
1601863426, 32, 26, 280, 6, 0, 1.41%, 0, 0, 14, 326.13 923 19147674
1601863431, 32, 31, 280, 6, 0, 1.41%, 0, 0, 14, 337.28 923 19149476
1601863436, 32, 41, 280, 6, 0, 1.41%, 0, 0, 14, 334.00 923 19151139
1601863441, 32, 53, 280, 6, 0, 1.41%, 0, 0, 14, 335.36 923 19152892
1601863446, 32, 77, 280, 6, 0, 1.41%, 0, 0, 14, 342.50 923 19154588
1601863451, 32, 92, 280, 6, 0, 1.41%, 0, 0, 14, 337.33 923 19156320
1601863457, 32, 100, 280, 6, 0, 1.41%, 0, 0, 14, 338.67 923 19158048
1601863462, 32, 101, 280, 6, 0, 1.41%, 0, 0, 14, 332.38 923 19159782
1601863467, 32, 102, 280, 6, 0, 1.41%, 0, 0, 14, 327.28 923 19161504
1601863472, 32, 117, 280, 6, 0, 1.41%, 0, 0, 14, 328.08 923 19163212
1601863477, 32, 133, 280, 6, 0, 1.41%, 0, 0, 14, 333.02 923 19164936
1601863482, 32, 138, 280, 6, 0, 1.41%, 0, 0, 14, 340.37 923 19166636
1601863493, 32, 139, 280, 6, 0, 1.41%, 0, 0, 14, 337.61 923 19170080
1601863503, 32, 143, 280, 6, 0, 1.41%, 0, 0, 14, 329.32 923 19173433
1601863508, 32, 144, 280, 6, 0, 1.41%, 0, 0, 14, 347.28 923 19175204
1601863518, 32, 153, 280, 6, 0, 1.41%, 0, 0, 14, 328.88 923 19178582
1601863523, 32, 162, 280, 6, 0, 1.41%, 0, 0, 14, 331.37 923 19180298
1601863528, 32, 173, 280, 6, 0, 1.41%, 0, 0, 14, 343.42 923 19182090
1601863533, 32, 180, 280, 6, 0, 1.41%, 0, 0, 14, 333.46 923 19183772
1601863543, 32, 181, 280, 6, 0, 1.41%, 0, 0, 14, 339.93 923 19187168
1601863553, 32, 186, 280, 6, 0, 1.41%, 0, 0, 14, 333.95 923 19190654
1601863564, 32, 187, 280, 6, 0, 1.41%, 0, 0, 14, 327.82 923 19193948
1601863569, 32, 188, 280, 6, 0, 1.41%, 0, 0, 14, 320.18 923 19195604
1601863574, 32, 189, 280, 6, 0, 1.41%, 0, 0, 14, 325.35 923 19197266
1601863584, 32, 190, 280, 6, 0, 1.41%, 0, 0, 14, 323.95 923 19200614
1601863589, 32, 192, 280, 6, 0, 1.41%, 0, 0, 14, 318.28 923 19202228
1601863594, 32, 194, 280, 6, 0, 1.41%, 0, 0, 14, 321.23 923 19203866
1601863604, 32, 197, 280, 6, 0, 1.41%, 0, 0, 14, 313.98 923 19207064
1601863614, 32, 207, 280, 6, 0, 1.41%, 0, 0, 14, 328.92 923 19210394
1601863619, 32, 208, 280, 6, 0, 1.41%, 0, 0, 14, 353.73 923 19212188
1601863630, 32, 209, 280, 6, 0, 1.41%, 0, 0, 14, 340.60 923 19215689
1601863635, 32, 211, 280, 6, 0, 1.41%, 0, 0, 14, 343.97 923 19217466
1601863640, 32, 223, 280, 6, 0, 1.41%, 0, 0, 14, 306.97 923 19219068
1601863645, 32, 246, 280, 6, 0, 1.41%, 0, 0, 14, 314.12 923 19220764
1601863670, 32, 250, 280, 6, 0, 1.41%, 0, 0, 14, 312.66 923 19228462
1601863676, 32, 251, 280, 6, 0, 1.41%, 0, 0, 14, 310.61 923 19230124
1601863681, 32, 260, 280, 6, 0, 1.41%, 0, 0, 14, 325.11 923 19231834
1601863691, 32, 270, 280, 6, 0, 1.41%, 0, 0, 14, 251.24 923 19234678
1601863701, 32, 270, 282, 8, 0, 1.41%, 0, 0, 14, 191.02 923 19236615
1601864043, 32, 272, 282, 7, 0, 1.41%, 0, 0, 14, 358.62 923 19323426
1601864069, 32, 273, 282, 7, 0, 1.41%, 0, 0, 14, 347.57 923 19332668
1601864095, 32, 274, 282, 7, 0, 1.41%, 0, 0, 14, 341.12 923 19341452
1601864130, 32, 275, 282, 7, 0, 1.41%, 0, 0, 14, 368.94 923 19353832
1601864161, 32, 276, 282, 7, 0, 1.41%, 0, 0, 14, 309.10 923 19364204
1601864392, 32, 278, 282, 6, 0, 1.41%, 0, 0, 14, 335.18 923 19425252
1601864428, 32, 281, 282, 6, 0, 1.41%, 0, 0, 14, 237.54 923 19436446
1601864779, 33, 15, 282, 5, 0, 1.41%, 0, 0, 14, 334.74 923 19525923
1601864785, 33, 18, 282, 5, 0, 1.41%, 0, 0, 14, 343.45 923 19527701
1601864790, 33, 23, 282, 5, 0, 1.41%, 0, 0, 14, 340.67 923 19529459
1601864795, 33, 27, 282, 5, 0, 1.41%, 0, 0, 14, 341.20 923 19531193
1601864800, 33, 35, 282, 5, 0, 1.41%, 0, 0, 14, 340.85 923 19532985
1601864805, 33, 37, 282, 5, 0, 1.41%, 0, 0, 14, 332.64 923 19534719
1601864810, 33, 54, 282, 5, 0, 1.41%, 0, 0, 14, 321.90 923 19536327
1601864816, 33, 63, 282, 5, 0, 1.41%, 0, 0, 14, 340.00 923 19538101
1601864821, 33, 88, 282, 5, 0, 1.41%, 0, 0, 14, 325.95 923 19539779
1601864826, 33, 98, 282, 5, 0, 1.41%, 0, 0, 14, 339.20 923 19541497
1601864831, 33, 100, 282, 5, 0, 1.41%, 0, 0, 14, 339.22 923 19543319
1601864836, 33, 102, 282, 5, 0, 1.41%, 0, 0, 14, 369.21 923 19545215
1601864841, 33, 103, 282, 5, 0, 1.41%, 0, 0, 14, 363.97 923 19547026
1601864846, 33, 121, 282, 5, 0, 1.41%, 0, 0, 14, 353.93 923 19548762
1601864851, 33, 131, 282, 5, 0, 1.41%, 0, 0, 14, 370.36 923 19550611
1601864861, 33, 133, 282, 5, 0, 1.41%, 0, 0, 14, 368.19 923 19554230
1601864866, 33, 138, 282, 5, 0, 1.41%, 0, 0, 14, 348.10 923 19555925
1601864871, 33, 144, 282, 5, 0, 1.41%, 0, 0, 14, 328.46 923 19557551
1601864877, 33, 153, 282, 5, 0, 1.41%, 0, 0, 14, 325.54 923 19559251
1601864882, 33, 162, 282, 5, 0, 1.41%, 0, 0, 14, 319.70 923 19560851
1601864887, 33, 173, 282, 5, 0, 1.41%, 0, 0, 14, 334.49 923 19562545
1601864892, 33, 174, 282, 5, 0, 1.41%, 0, 0, 14, 341.43 923 19564313
1601864897, 33, 177, 282, 5, 0, 1.41%, 0, 0, 14, 345.85 923 19566009
1601864902, 33, 180, 282, 5, 0, 1.41%, 0, 0, 14, 374.98 923 19567954
1601864907, 33, 186, 282, 5, 0, 1.41%, 0, 0, 14, 380.47 923 19569909
1601864912, 33, 187, 282, 5, 0, 1.41%, 0, 0, 14, 384.88 923 19571865
1601864917, 33, 189, 282, 5, 0, 1.41%, 0, 0, 14, 376.84 923 19573751
1601864927, 33, 190, 282, 5, 0, 1.41%, 0, 0, 14, 393.99 923 19577774
1601864932, 33, 192, 282, 5, 0, 1.41%, 0, 0, 14, 399.43 923 19579816
1601864938, 33, 194, 282, 5, 0, 1.41%, 0, 0, 14, 381.37 923 19581785
1601864943, 33, 197, 282, 5, 0, 1.41%, 0, 0, 14, 375.56 923 19583660
1601864948, 33, 209, 282, 5, 0, 1.41%, 0, 0, 14, 381.10 923 19585672
1601864953, 33, 211, 282, 5, 0, 1.41%, 0, 0, 14, 403.88 923 19587697
1601864958, 33, 228, 282, 5, 0, 1.41%, 0, 0, 14, 393.23 923 19589744
1601864963, 33, 232, 282, 5, 0, 1.41%, 0, 0, 14, 358.85 923 19591515
1601864988, 33, 250, 282, 5, 0, 1.41%, 0, 0, 14, 379.89 923 19601022
1601864994, 33, 251, 282, 5, 0, 1.41%, 0, 0, 14, 370.55 923 19602928
1601864999, 33, 254, 282, 5, 0, 1.41%, 0, 0, 14, 363.61 923 19604813
1601865029, 33, 260, 282, 5, 0, 1.41%, 0, 0, 14, 377.51 923 19615796
1601865034, 33, 263, 282, 5, 0, 1.41%, 0, 0, 14, 355.24 923 19617602
1601865060, 33, 264, 282, 5, 0, 1.41%, 0, 0, 14, 333.69 923 19626958
1601865090, 33, 266, 282, 5, 0, 1.41%, 0, 0, 14, 339.25 923 19636938
