# unix_time, cycles_done, cur_path, paths_total, pending_total, pending_favs, map_size, unique_crashes, unique_hangs, max_depth, execs_per_sec, edge_coverage, total_execs
1605635758, 0, 0, 1, 1, 1, 0.08%, 0, 0, 1, 333.33 0 8
1605635763, 0, 0, 11, 11, 1, 0.13%, 0, 0, 2, 1017.44 82 6083
1605635773, 0, 0, 12, 12, 1, 0.13%, 0, 0, 2, 1180.16 84 18235
1605635778, 0, 0, 13, 13, 1, 0.13%, 0, 0, 2, 1187.08 85 24292
1605635788, 0, 4, 14, 11, 9, 0.13%, 0, 0, 2, 1184.47 86 36405
1605635793, 0, 9, 15, 9, 6, 0.13%, 0, 0, 3, 1172.84 87 42327
1605635798, 0, 13, 16, 6, 3, 0.13%, 0, 0, 3, 1141.89 88 48043
1605635803, 1, 5, 16, 3, 0, 0.13%, 0, 0, 3, 1145.79 88 53782
1605635808, 2, 6, 16, 3, 0, 0.13%, 0, 0, 3, 1167.36 88 59758
1605635813, 3, 3, 16, 2, 0, 0.13%, 0, 0, 3, 1173.78 88 65662
1605635819, 3, 14, 17, 3, 0, 0.13%, 0, 0, 3, 1164.63 88 71535
1605635824, 4, 8, 17, 2, 0, 0.13%, 0, 0, 3, 1168.40 88 77665
1605635829, 5, 3, 17, 1, 0, 0.13%, 0, 0, 3, 1174.84 88 83547
1605635834, 5, 17, 21, 5, 1, 0.14%, 0, 0, 4, 1128.48 92 89094
1605635839, 5, 18, 24, 7, 3, 0.14%, 0, 0, 5, 1118.29 95 94811
1605635849, 5, 18, 26, 9, 3, 0.16%, 0, 0, 5, 1139.89 106 106399
1605635854, 5, 18, 27, 10, 3, 0.16%, 0, 0, 5, 1136.95 107 112193
1605635864, 5, 18, 28, 11, 3, 0.16%, 0, 0, 5, 1138.83 108 123773
1605635870, 5, 19, 29, 11, 7, 0.17%, 0, 0, 5, 1115.09 109 129530
1605635885, 5, 20, 30, 11, 8, 0.17%, 0, 0, 5, 1104.93 110 146799
1605635895, 5, 20, 34, 15, 8, 0.17%, 0, 0, 5, 1108.83 113 158101
1605635900, 5, 22, 38, 18, 14, 0.18%, 0, 0, 5, 1101.68 117 163601
1605635905, 5, 24, 38, 17, 13, 0.18%, 0, 0, 5, 1140.27 117 169439
1605635910, 5, 24, 39, 18, 13, 0.18%, 0, 0, 6, 1065.49 118 174476
1605635920, 5, 25, 45, 23, 18, 0.19%, 0, 0, 6, 872.46 124 184398
1605635925, 5, 25, 49, 27, 18, 0.20%, 0, 0, 6, 895.35 130 188553
1605635940, 5, 26, 50, 27, 21, 0.20%, 0, 0, 6, 1016.69 131 203941
1605635951, 5, 28, 50, 26, 20, 0.20%, 0, 0, 6, 976.98 131 214709
1605635966, 5, 29, 50, 25, 19, 0.20%, 0, 0, 6, 984.07 131 230395
1605635976, 5, 31, 50, 24, 18, 0.20%, 0, 0, 6, 949.89 131 240943
1605635991, 5, 32, 50, 23, 17, 0.20%, 0, 0, 6, 878.63 131 255532
1605636002, 5, 32, 54, 27, 17, 0.21%, 0, 0, 6, 975.00 136 266078
1605636007, 5, 33, 54, 26, 20, 0.21%, 0, 0, 6, 884.98 136 270454
1605636022, 5, 34, 54, 25, 19, 0.21%, 0, 0, 6, 1041.21 136 286432
1605636032, 5, 35, 54, 24, 18, 0.21%, 0, 0, 6, 899.78 136 296407
1605636042, 5, 36, 54, 23, 17, 0.21%, 0, 0, 6, 1017.34 136 307281
1605636058, 5, 37, 54, 22, 16, 0.21%, 0, 0, 6, 794.97 136 321556
1605636068, 5, 38, 54, 21, 15, 0.21%, 0, 0, 6, 972.30 136 331282
1605636083, 5, 39, 54, 20, 14, 0.21%, 0, 0, 6, 948.32 136 346619
1605636093, 5, 40, 54, 19, 13, 0.21%, 0, 0, 6, 994.89 136 357255
1605636109, 5, 41, 56, 20, 14, 0.21%, 0, 0, 7, 922.63 138 372490
1605636119, 5, 42, 56, 19, 13, 0.21%, 0, 0, 7, 992.48 138 383197
1605636134, 5, 44, 56, 18, 12, 0.21%, 0, 0, 7, 929.83 138 396975
1605636144, 5, 45, 56, 17, 11, 0.21%, 0, 0, 7, 909.97 138 407237
1605636159, 5, 46, 56, 16, 10, 0.21%, 0, 0, 7, 828.40 138 420912
1605636175, 5, 47, 56, 15, 9, 0.21%, 0, 0, 7, 796.66 138 434727
1605636185, 5, 49, 56, 14, 8, 0.21%, 0, 0, 7, 949.73 138 444235
1605636190, 5, 49, 57, 15, 8, 0.21%, 0, 0, 7, 799.29 139 447878
1605636200, 5, 51, 58, 15, 7, 0.21%, 0, 0, 7, 772.25 139 457162
1605636216, 5, 52, 58, 14, 6, 0.21%, 0, 0, 7, 749.34 139 471407
1605636226, 5, 53, 58, 13, 5, 0.21%, 0, 0, 7, 837.31 139 481159
1605636241, 5, 54, 58, 12, 4, 0.21%, 0, 0, 7, 719.71 139 493337
1605636256, 5, 55, 59, 12, 3, 0.21%, 0, 0, 8, 767.87 140 506405
1605636267, 5, 58, 59, 11, 2, 0.21%, 0, 0, 8, 1042.44 140 516952
1605636272, 5, 58, 61, 13, 2, 0.22%, 0, 0, 9, 800.37 142 520532
1605636287, 5, 60, 62, 13, 2, 0.22%, 0, 0, 10, 997.53 142 536436
1605636292, 5, 60, 63, 14, 2, 0.22%, 0, 0, 10, 831.91 143 540180
1605636297, 5, 60, 64, 15, 2, 0.22%, 0, 0, 10, 1001.98 143 545598
1605636312, 5, 62, 64, 14, 2, 0.22%, 0, 0, 10, 976.01 143 561179
1605636317, 5, 62, 66, 16, 2, 0.22%, 0, 0, 11, 841.07 145 564961
1605636328, 5, 64, 66, 15, 3, 0.22%, 0, 0, 11, 960.32 145 575452
1605636343, 5, 65, 66, 14, 2, 0.22%, 0, 0, 11, 1053.81 145 590231
1605636363, 6, 27, 66, 13, 1, 0.22%, 0, 0, 11, 784.49 145 608236
1605636379, 6, 29, 66, 12, 0, 0.22%, 0, 0, 11, 1072.16 145 624100
1605636384, 6, 30, 66, 12, 0, 0.22%, 0, 0, 11, 886.49 145 628387
1605636394, 6, 31, 66, 11, 0, 0.22%, 0, 0, 11, 1065.09 145 639298
1605636399, 6, 33, 66, 11, 0, 0.22%, 0, 0, 11, 1069.40 145 644716
1605636404, 6, 36, 66, 11, 0, 0.22%, 0, 0, 11, 1085.56 145 650264
1605636409, 6, 39, 66, 11, 0, 0.22%, 0, 0, 11, 1084.99 145 655714
1605636414, 6, 41, 66, 11, 0, 0.22%, 0, 0, 11, 1087.33 145 661195
1605636419, 6, 44, 66, 11, 0, 0.22%, 0, 0, 11, 1077.33 145 666625
1605636424, 6, 46, 66, 11, 0, 0.22%, 0, 0, 11, 1069.92 145 672173
1605636429, 6, 48, 66, 11, 0, 0.22%, 0, 0, 11, 826.51 145 676512
1605636445, 6, 51, 66, 10, 0, 0.22%, 0, 0, 11, 1053.82 145 691551
1605636450, 6, 54, 66, 10, 0, 0.22%, 0, 0, 11, 1056.53 145 696949
1605636455, 6, 56, 66, 10, 0, 0.22%, 0, 0, 11, 913.68 145 701694
1605636470, 6, 58, 66, 9, 0, 0.22%, 0, 0, 11, 1077.28 145 716747
1605636475, 6, 59, 66, 9, 0, 0.22%, 0, 0, 11, 797.94 145 720802
1605636495, 6, 63, 66, 8, 0, 0.22%, 0, 0, 11, 1068.14 145 741760
1605636506, 6, 63, 68, 10, 0, 0.22%, 0, 0, 11, 982.38 147 750642
1605636521, 6, 66, 68, 9, 2, 0.22%, 0, 0, 11, 969.94 147 766208
1605636526, 6, 66, 70, 11, 2, 0.23%, 0, 0, 12, 760.61 149 769667
1605636536, 6, 66, 71, 12, 2, 0.23%, 0, 0, 12, 1006.15 152 780213
1605636551, 6, 67, 72, 12, 4, 0.23%, 0, 0, 12, 709.33 153 794202
1605636557, 6, 67, 73, 13, 4, 0.23%, 0, 0, 12, 885.46 154 798592
1605636577, 6, 68, 73, 12, 5, 0.23%, 0, 0, 12, 844.70 154 818623
1605636592, 6, 69, 73, 11, 4, 0.23%, 0, 0, 12, 937.00 154 832738
1605636613, 6, 70, 77, 14, 3, 0.24%, 0, 0, 13, 692.84 158 850182
1605636618, 6, 70, 78, 15, 3, 0.25%, 0, 0, 13, 672.77 164 853281
1605636623, 6, 70, 79, 16, 3, 0.25%, 0, 0, 13, 926.06 165 858355
1605636638, 6, 71, 80, 16, 7, 0.26%, 0, 0, 13, 952.07 171 873221
1605636658, 6, 72, 80, 15, 6, 0.26%, 0, 0, 13, 757.87 171 890486
1605636674, 6, 73, 80, 14, 5, 0.26%, 0, 0, 13, 1027.49 171 904709
1605636684, 6, 73, 81, 15, 5, 0.26%, 0, 0, 14, 785.07 172 911295
1605636689, 6, 73, 82, 16, 5, 0.26%, 0, 0, 14, 950.30 173 916454
1605636694, 6, 73, 83, 17, 5, 0.27%, 0, 0, 14, 976.76 174 921415
1605636704, 6, 75, 83, 16, 7, 0.27%, 0, 0, 14, 924.05 174 931223
1605636709, 6, 75, 84, 17, 7, 0.27%, 0, 0, 14, 657.97 175 934312
1605636725, 6, 77, 84, 16, 7, 0.27%, 0, 0, 14, 735.96 175 948396
1605636730, 6, 77, 87, 19, 7, 0.27%, 0, 0, 14, 567.50 178 950867
1605636745, 6, 78, 87, 18, 9, 0.27%, 0, 0, 14, 800.95 178 964291
1605636771, 6, 79, 92, 22, 8, 0.28%, 0, 0, 14, 599.36 184 983374
1605636791, 6, 80, 92, 21, 12, 0.28%, 0, 0, 14, 643.30 184 999172
1605636812, 6, 81, 92, 20, 11, 0.28%, 0, 0, 14, 979.17 184 1018037
1605636837, 6, 82, 92, 19, 10, 0.28%, 0, 0, 14, 868.58 184 1039492
1605636863, 6, 83, 92, 18, 9, 0.28%, 0, 0, 14, 841.14 184 1061235
1605636888, 6, 84, 92, 17, 8, 0.28%, 0, 0, 14, 974.24 184 1085296
1605636913, 6, 85, 92, 16, 7, 0.28%, 0, 0, 14, 807.64 184 1106408
1605636939, 6, 86, 92, 15, 6, 0.28%, 0, 0, 14, 959.02 184 1127896
1605636969, 6, 87, 92, 14, 5, 0.28%, 0, 0, 14, 660.29 184 1151329
1605636990, 6, 88, 92, 13, 4, 0.28%, 0, 0, 14, 1015.47 184 1169881
1605637015, 6, 89, 92, 12, 3, 0.28%, 0, 0, 14, 915.96 184 1191526
1605637041, 6, 90, 92, 11, 2, 0.28%, 0, 0, 14, 953.99 184 1213473
1605637066, 6, 91, 92, 10, 1, 0.28%, 0, 0, 14, 877.27 184 1235295
1605637071, 6, 91, 93, 11, 1, 0.28%, 0, 0, 15, 584.99 186 1237954
1605637092, 6, 92, 93, 10, 1, 0.28%, 0, 0, 15, 995.52 186 1256273
1605637097, 6, 92, 95, 12, 1, 0.29%, 0, 0, 16, 570.85 189 1258810
1605637107, 6, 92, 96, 13, 1, 0.29%, 0, 0, 16, 887.76 193 1266619
1605637122, 6, 92, 97, 14, 1, 0.30%, 0, 0, 16, 956.91 194 1281320
1605637133, 6, 93, 97, 13, 4, 0.30%, 0, 0, 16, 826.46 194 1290844
1605637158, 6, 94, 97, 12, 3, 0.30%, 0, 0, 16, 825.32 194 1311574
1605637184, 6, 95, 97, 11, 2, 0.30%, 0, 0, 16, 850.67 194 1331960
1605637189, 6, 95, 103, 17, 2, 0.31%, 0, 0, 17, 512.41 201 1334252
1605637199, 6, 95, 104, 18, 2, 0.31%, 0, 0, 17, 829.57 203 1341216
1605637225, 6, 96, 104, 17, 8, 0.31%, 0, 0, 17, 942.49 203 1365522
1605637255, 6, 97, 104, 16, 7, 0.31%, 0, 0, 17, 631.49 203 1388793
1605637281, 6, 98, 104, 15, 6, 0.31%, 0, 0, 17, 858.86 203 1408865
1605637311, 6, 99, 104, 14, 5, 0.31%, 0, 0, 17, 645.60 203 1431454
1605637337, 6, 100, 104, 13, 4, 0.31%, 0, 0, 17, 903.49 203 1452065
1605637367, 6, 101, 105, 13, 4, 0.31%, 0, 0, 18, 893.26 205 1475955
1605637383, 6, 101, 107, 15, 4, 0.33%, 0, 0, 18, 792.57 213 1484911
1605637388, 6, 101, 108, 16, 4, 0.33%, 0, 0, 18, 918.32 214 1489665
1605637413, 6, 102, 108, 15, 6, 0.33%, 0, 0, 18, 665.66 214 1512715
1605637434, 6, 102, 109, 16, 6, 0.34%, 0, 0, 18, 944.09 220 1528087
1605637449, 6, 102, 110, 17, 6, 0.34%, 0, 0, 18, 979.65 221 1543047
1605637454, 6, 103, 110, 16, 7, 0.34%, 0, 0, 18, 719.53 221 1546662
1605637485, 6, 104, 111, 16, 6, 0.34%, 0, 0, 19, 790.15 222 1569087
1605637495, 6, 104, 112, 17, 6, 0.34%, 0, 0, 19, 492.38 223 1573761
1605637515, 6, 105, 113, 17, 7, 0.34%, 0, 0, 19, 769.30 224 1590664
1605637526, 6, 105, 118, 22, 7, 0.35%, 0, 0, 19, 408.82 230 1594904
1605637546, 6, 105, 119, 23, 7, 0.35%, 0, 0, 19, 889.52 231 1610787
1605637561, 6, 105, 120, 24, 7, 0.35%, 0, 0, 19, 1000.87 232 1624797
1605637566, 6, 106, 121, 24, 14, 0.36%, 0, 0, 19, 616.92 233 1627411
1605637591, 6, 106, 122, 25, 14, 0.36%, 0, 0, 19, 902.23 235 1644135
1605637612, 6, 107, 122, 24, 15, 0.36%, 0, 0, 19, 710.50 235 1661834
1605637643, 6, 108, 122, 23, 14, 0.36%, 0, 0, 19, 741.75 235 1684167
1605637653, 6, 108, 130, 31, 14, 0.37%, 0, 0, 19, 300.76 243 1687803
1605637689, 6, 109, 130, 30, 21, 0.37%, 0, 0, 19, 752.84 243 1712976
1605637724, 6, 110, 130, 29, 20, 0.37%, 0, 0, 19, 623.79 243 1738048
1605637755, 6, 111, 130, 28, 19, 0.37%, 0, 0, 19, 687.70 243 1760384
1605637785, 6, 112, 130, 27, 18, 0.37%, 0, 0, 19, 663.62 243 1782111
1605637821, 6, 113, 130, 26, 17, 0.37%, 0, 0, 19, 648.62 243 1806374
1605637852, 6, 114, 130, 25, 16, 0.37%, 0, 0, 19, 714.17 243 1828439
1605637883, 6, 115, 130, 24, 15, 0.37%, 0, 0, 19, 692.18 243 1850276
1605637918, 6, 116, 130, 23, 14, 0.37%, 0, 0, 19, 664.48 243 1874276
1605637954, 6, 117, 130, 22, 13, 0.37%, 0, 0, 19, 608.65 243 1898063
1605637985, 6, 118, 130, 21, 12, 0.37%, 0, 0, 19, 952.12 243 1919949
1605638025, 6, 119, 130, 20, 11, 0.37%, 0, 0, 19, 632.84 243 1945069
1605638061, 6, 120, 130, 19, 10, 0.37%, 0, 0, 19, 668.74 243 1968108
1605638097, 6, 121, 130, 18, 9, 0.37%, 0, 0, 19, 673.65 243 1992236
1605638102, 6, 121, 131, 19, 9, 0.37%, 0, 0, 20, 401.35 244 1994014
1605638107, 6, 121, 132, 20, 9, 0.37%, 0, 0, 20, 465.15 245 1996314
1605638132, 6, 122, 132, 19, 10, 0.37%, 0, 0, 20, 629.48 245 2016131
1605638168, 6, 123, 132, 18, 9, 0.37%, 0, 0, 20, 617.10 245 2039062
1605638204, 6, 124, 132, 17, 8, 0.37%, 0, 0, 20, 768.33 245 2062167
1605638244, 6, 125, 132, 16, 7, 0.37%, 0, 0, 20, 616.23 245 2087768
1605638280, 6, 126, 132, 15, 6, 0.37%, 0, 0, 20, 633.36 245 2110669
1605638316, 6, 127, 132, 14, 5, 0.37%, 0, 0, 20, 890.12 245 2134241
1605638352, 6, 128, 132, 13, 4, 0.37%, 0, 0, 20, 938.60 245 2156873
1605638397, 6, 129, 132, 12, 3, 0.37%, 0, 0, 20, 603.58 245 2184023
1605638438, 6, 130, 132, 11, 2, 0.37%, 0, 0, 20, 629.12 245 2208845
1605638443, 6, 130, 134, 13, 2, 0.38%, 0, 0, 21, 422.09 247 2210625
1605638468, 6, 131, 134, 12, 3, 0.38%, 0, 0, 21, 901.23 247 2230164
1605638499, 6, 131, 135, 13, 3, 0.38%, 0, 0, 21, 903.65 249 2249905
1605638520, 6, 133, 135, 12, 2, 0.38%, 0, 0, 21, 652.79 249 2267373
1605638555, 6, 134, 135, 11, 1, 0.38%, 0, 0, 21, 637.07 249 2291493
1605638566, 6, 134, 138, 14, 1, 0.38%, 0, 0, 22, 363.86 252 2295165
1605638591, 6, 135, 138, 13, 3, 0.38%, 0, 0, 22, 624.56 252 2313779
1605638627, 6, 136, 138, 12, 2, 0.38%, 0, 0, 22, 818.26 252 2337089
1605638668, 6, 137, 138, 11, 1, 0.38%, 0, 0, 22, 623.93 252 2362930
1605638678, 6, 137, 139, 12, 1, 0.39%, 0, 0, 23, 408.33 253 2366577
1605638703, 6, 138, 139, 11, 1, 0.39%, 0, 0, 23, 636.29 253 2385063
1605638739, 7, 3, 139, 10, 0, 0.39%, 0, 0, 23, 1036.64 253 2409327
1605638744, 7, 12, 139, 10, 0, 0.39%, 0, 0, 23, 1105.54 253 2414999
1605638749, 7, 16, 139, 10, 0, 0.39%, 0, 0, 23, 1093.20 253 2420524
1605638754, 7, 19, 139, 9, 0, 0.39%, 0, 0, 23, 1069.94 253 2425879
1605638759, 7, 22, 139, 9, 0, 0.39%, 0, 0, 23, 1041.39 253 2431101
1605638764, 7, 25, 139, 9, 0, 0.39%, 0, 0, 23, 1034.97 253 2436349
1605638769, 7, 27, 139, 9, 0, 0.39%, 0, 0, 23, 1041.35 253 2441769
1605638774, 7, 31, 139, 9, 0, 0.39%, 0, 0, 23, 1022.16 253 2446993
1605638779, 7, 36, 139, 9, 0, 0.39%, 0, 0, 23, 1039.50 253 2452321
1605638785, 7, 40, 139, 9, 0, 0.39%, 0, 0, 23, 1042.84 253 2457537
1605638790, 7, 45, 139, 9, 0, 0.39%, 0, 0, 23, 1018.05 253 2462633
1605638795, 7, 50, 139, 9, 0, 0.39%, 0, 0, 23, 918.33 253 2467314
1605638815, 7, 53, 139, 8, 0, 0.39%, 0, 0, 23, 995.36 253 2485848
1605638820, 7, 60, 139, 8, 0, 0.39%, 0, 0, 23, 1009.75 253 2490957
1605638825, 7, 66, 139, 8, 0, 0.39%, 0, 0, 23, 1026.57 253 2496313
1605638830, 7, 68, 139, 8, 0, 0.39%, 0, 0, 23, 1034.22 253 2501545
1605638835, 7, 71, 139, 8, 0, 0.39%, 0, 0, 23, 1011.23 253 2506649
1605638840, 7, 72, 139, 8, 0, 0.39%, 0, 0, 23, 1021.10 253 2511812
1605638845, 7, 73, 139, 8, 0, 0.39%, 0, 0, 23, 1003.27 253 2516825
1605638851, 7, 77, 139, 8, 0, 0.39%, 0, 0, 23, 982.36 253 2521806
1605638856, 7, 78, 139, 8, 0, 0.39%, 0, 0, 23, 978.80 253 2526787
1605638861, 7, 79, 139, 8, 0, 0.39%, 0, 0, 23, 984.32 253 2531914
1605638866, 7, 80, 139, 8, 0, 0.39%, 0, 0, 23, 1022.39 253 2537049
1605638871, 7, 81, 139, 8, 0, 0.39%, 0, 0, 23, 984.24 253 2541988
1605638876, 7, 82, 139, 8, 0, 0.39%, 0, 0, 23, 1003.26 253 2547093
1605638881, 7, 83, 139, 8, 0, 0.39%, 0, 0, 23, 1033.44 253 2552273
1605638886, 7, 84, 139, 8, 0, 0.39%, 0, 0, 23, 989.77 253 2557252
1605638891, 7, 85, 139, 8, 0, 0.39%, 0, 0, 23, 989.39 253 2562155
1605638896, 7, 86, 139, 8, 0, 0.39%, 0, 0, 23, 974.37 253 2567019
1605638901, 7, 87, 139, 8, 0, 0.39%, 0, 0, 23, 999.35 253 2572241
1605638906, 7, 89, 139, 8, 0, 0.39%, 0, 0, 23, 1037.84 253 2577577
1605638911, 7, 90, 139, 8, 0, 0.39%, 0, 0, 23, 1025.57 253 2582753
1605638916, 7, 91, 139, 8, 0, 0.39%, 0, 0, 23, 994.03 253 2587716
1605638922, 7, 92, 139, 8, 0, 0.39%, 0, 0, 23, 962.69 253 2592509
1605638927, 7, 93, 139, 8, 0, 0.39%, 0, 0, 23, 975.50 253 2597411
1605638932, 7, 94, 139, 8, 0, 0.39%, 0, 0, 23, 974.60 253 2602341
1605638937, 7, 95, 139, 8, 0, 0.39%, 0, 0, 23, 977.72 253 2607268
1605638942, 7, 96, 139, 8, 0, 0.39%, 0, 0, 23, 1011.44 253 2612493
1605638947, 7, 97, 139, 8, 0, 0.39%, 0, 0, 23, 999.33 253 2617470
1605638952, 7, 98, 139, 8, 0, 0.39%, 0, 0, 23, 980.34 253 2622315
1605638957, 7, 99, 139, 8, 0, 0.39%, 0, 0, 23, 968.82 253 2627179
1605638962, 7, 100, 139, 8, 0, 0.39%, 0, 0, 23, 1016.18 253 2632301
1605638967, 7, 101, 139, 8, 0, 0.39%, 0, 0, 23, 1006.85 253 2637245
1605638972, 7, 102, 139, 8, 0, 0.39%, 0, 0, 23, 993.73 253 2642302
1605638977, 7, 104, 139, 8, 0, 0.39%, 0, 0, 23, 970.01 253 2647137
1605638982, 7, 105, 139, 8, 0, 0.39%, 0, 0, 23, 977.05 253 2652061
1605638987, 7, 106, 139, 8, 0, 0.39%, 0, 0, 23, 963.28 253 2656901
1605638992, 7, 108, 139, 8, 0, 0.39%, 0, 0, 23, 975.34 253 2661830
1605638997, 7, 109, 139, 8, 0, 0.39%, 0, 0, 23, 967.03 253 2666677
1605639002, 7, 110, 139, 8, 0, 0.39%, 0, 0, 23, 969.28 253 2671723
1605639007, 7, 112, 139, 8, 0, 0.39%, 0, 0, 23, 973.39 253 2676616
1605639012, 7, 113, 139, 8, 0, 0.39%, 0, 0, 23, 966.39 253 2681448
1605639017, 7, 114, 139, 8, 0, 0.39%, 0, 0, 23, 959.36 253 2686242
1605639022, 7, 115, 139, 8, 0, 0.39%, 0, 0, 23, 973.09 253 2691115
1605639027, 7, 117, 139, 8, 0, 0.39%, 0, 0, 23, 940.95 253 2695769
1605639032, 7, 118, 139, 8, 0, 0.39%, 0, 0, 23, 934.74 253 2700671
1605639037, 7, 119, 139, 8, 0, 0.39%, 0, 0, 23, 942.03 253 2705495
1605639043, 7, 120, 139, 8, 0, 0.39%, 0, 0, 23, 949.30 253 2710193
1605639048, 7, 122, 139, 8, 0, 0.39%, 0, 0, 23, 931.81 253 2715047
1605639053, 7, 123, 139, 8, 0, 0.39%, 0, 0, 23, 924.98 253 2719793
1605639058, 7, 125, 139, 8, 0, 0.39%, 0, 0, 23, 931.12 253 2724695
1605639063, 7, 126, 139, 8, 0, 0.39%, 0, 0, 23, 948.22 253 2729639
1605639068, 7, 127, 139, 8, 0, 0.39%, 0, 0, 23, 954.46 253 2734448
1605639073, 7, 129, 139, 8, 0, 0.39%, 0, 0, 23, 935.70 253 2739107
1605639078, 7, 131, 139, 8, 0, 0.39%, 0, 0, 23, 945.51 253 2743817
1605639083, 7, 133, 139, 8, 0, 0.39%, 0, 0, 23, 969.68 253 2748637
1605639088, 7, 136, 139, 8, 0, 0.39%, 0, 0, 23, 958.38 253 2753433
1605639093, 7, 138, 139, 8, 0, 0.39%, 0, 0, 23, 942.89 253 2758204
1605639098, 8, 5, 139, 8, 0, 0.39%, 0, 0, 23, 1060.09 253 2763497
1605639103, 8, 15, 139, 8, 0, 0.39%, 0, 0, 23, 1067.09 253 2769107
1605639109, 8, 24, 139, 8, 0, 0.39%, 0, 0, 23, 1075.01 253 2774668
1605639114, 8, 27, 139, 8, 0, 0.39%, 0, 0, 23, 1021.73 253 2779748
1605639119, 8, 32, 139, 8, 0, 0.39%, 0, 0, 23, 1039.09 253 2785165
1605639124, 8, 38, 139, 8, 0, 0.39%, 0, 0, 23, 1030.96 253 2790561
1605639129, 8, 42, 139, 8, 0, 0.39%, 0, 0, 23, 1036.37 253 2796001
1605639134, 8, 47, 139, 8, 0, 0.39%, 0, 0, 23, 1018.36 253 2801124
1605639140, 8, 53, 139, 8, 0, 0.39%, 0, 0, 23, 1013.80 253 2806369
1605639145, 8, 60, 139, 8, 0, 0.39%, 0, 0, 23, 999.24 253 2811559
1605639150, 8, 61, 139, 8, 0, 0.39%, 0, 0, 23, 760.32 253 2815453
1605639170, 8, 69, 139, 7, 0, 0.39%, 0, 0, 23, 1033.54 253 2835932
1605639175, 8, 72, 139, 7, 0, 0.39%, 0, 0, 23, 1023.58 253 2841072
1605639180, 8, 73, 139, 7, 0, 0.39%, 0, 0, 23, 980.75 253 2846019
1605639185, 8, 75, 139, 7, 0, 0.39%, 0, 0, 23, 995.74 253 2851194
1605639191, 8, 76, 139, 7, 0, 0.39%, 0, 0, 23, 729.43 253 2854944
1605639216, 8, 77, 139, 6, 0, 0.39%, 0, 0, 23, 998.05 253 2878033
1605639221, 8, 79, 139, 6, 0, 0.39%, 0, 0, 23, 1001.57 253 2883081
1605639226, 8, 80, 139, 6, 0, 0.39%, 0, 0, 23, 1011.16 253 2888153
1605639231, 8, 81, 139, 6, 0, 0.39%, 0, 0, 23, 996.11 253 2893211
1605639236, 8, 82, 139, 6, 0, 0.39%, 0, 0, 23, 989.70 253 2898197
1605639241, 8, 83, 139, 6, 0, 0.39%, 0, 0, 23, 1001.35 253 2903377
1605639247, 8, 84, 139, 6, 0, 0.39%, 0, 0, 23, 1021.60 253 2908689
1605639252, 8, 85, 139, 6, 0, 0.39%, 0, 0, 23, 976.86 253 2913748
1605639257, 8, 86, 139, 6, 0, 0.39%, 0, 0, 23, 986.84 253 2918745
1605639262, 8, 87, 139, 6, 0, 0.39%, 0, 0, 23, 1004.80 253 2923841
1605639267, 8, 88, 139, 6, 0, 0.39%, 0, 0, 23, 992.82 253 2928937
1605639272, 8, 90, 139, 6, 0, 0.39%, 0, 0, 23, 996.06 253 2934055
1605639277, 8, 91, 139, 6, 0, 0.39%, 0, 0, 23, 991.81 253 2939234
1605639282, 8, 92, 139, 6, 0, 0.39%, 0, 0, 23, 984.18 253 2944247
1605639287, 8, 93, 139, 6, 0, 0.39%, 0, 0, 23, 956.23 253 2949253
1605639292, 8, 94, 139, 6, 0, 0.39%, 0, 0, 23, 987.08 253 2954231
1605639298, 8, 95, 139, 6, 0, 0.39%, 0, 0, 23, 997.42 253 2959256
1605639303, 8, 96, 139, 6, 0, 0.39%, 0, 0, 23, 995.93 253 2964177
1605639308, 8, 98, 139, 6, 0, 0.39%, 0, 0, 23, 975.22 253 2969202
1605639318, 8, 99, 139, 6, 0, 0.39%, 0, 0, 23, 959.72 253 2978987
1605639323, 8, 101, 139, 6, 0, 0.39%, 0, 0, 23, 959.98 253 2983965
1605639328, 8, 102, 139, 6, 0, 0.39%, 0, 0, 23, 985.41 253 2988925
1605639333, 8, 103, 139, 6, 0, 0.39%, 0, 0, 23, 951.08 253 2993674
1605639338, 8, 104, 139, 6, 0, 0.39%, 0, 0, 23, 945.96 253 2998421
1605639343, 8, 105, 139, 6, 0, 0.39%, 0, 0, 23, 960.50 253 3003276
1605639348, 8, 107, 139, 6, 0, 0.39%, 0, 0, 23, 966.98 253 3008226
1605639354, 8, 108, 139, 6, 0, 0.39%, 0, 0, 23, 947.31 253 3013175
1605639359, 8, 110, 139, 6, 0, 0.39%, 0, 0, 23, 963.75 253 3018098
1605639364, 8, 111, 139, 6, 0, 0.39%, 0, 0, 23, 978.14 253 3023156
1605639369, 8, 113, 139, 6, 0, 0.39%, 0, 0, 23, 955.87 253 3027928
1605639374, 8, 114, 139, 6, 0, 0.39%, 0, 0, 23, 954.05 253 3032714
1605639379, 8, 115, 139, 6, 0, 0.39%, 0, 0, 23, 971.07 253 3037796
1605639384, 8, 117, 139, 6, 0, 0.39%, 0, 0, 23, 957.52 253 3042596
1605639389, 8, 118, 139, 6, 0, 0.39%, 0, 0, 23, 947.08 253 3047350
1605639394, 8, 119, 139, 6, 0, 0.39%, 0, 0, 23, 936.95 253 3052151
1605639399, 8, 120, 139, 6, 0, 0.39%, 0, 0, 23, 938.53 253 3056951
1605639404, 8, 122, 139, 6, 0, 0.39%, 0, 0, 23, 930.32 253 3061823
1605639410, 8, 123, 139, 6, 0, 0.39%, 0, 0, 23, 916.19 253 3066575
1605639415, 8, 124, 139, 6, 0, 0.39%, 0, 0, 23, 947.56 253 3071387
1605639420, 8, 126, 139, 6, 0, 0.39%, 0, 0, 23, 978.56 253 3076485
1605639425, 8, 127, 139, 6, 0, 0.39%, 0, 0, 23, 940.87 253 3081179
1605639430, 8, 128, 139, 6, 0, 0.39%, 0, 0, 23, 931.73 253 3085925
1605639435, 8, 129, 139, 6, 0, 0.39%, 0, 0, 23, 935.56 253 3090671
1605639440, 8, 132, 139, 6, 0, 0.39%, 0, 0, 23, 843.58 253 3095174
1605639476, 8, 135, 139, 5, 0, 0.39%, 0, 0, 23, 924.59 253 3119705
1605639481, 8, 136, 139, 5, 0, 0.39%, 0, 0, 23, 908.79 253 3124493
1605639486, 8, 138, 139, 5, 0, 0.39%, 0, 0, 23, 966.40 253 3129549
1605639491, 9, 9, 139, 5, 0, 0.39%, 0, 0, 23, 1093.97 253 3135239
1605639497, 9, 20, 139, 5, 0, 0.39%, 0, 0, 23, 1083.35 253 3140918
1605639502, 9, 25, 139, 5, 0, 0.39%, 0, 0, 23, 1028.92 253 3146262
1605639507, 9, 29, 139, 5, 0, 0.39%, 0, 0, 23, 1042.78 253 3151679
1605639512, 9, 35, 139, 5, 0, 0.39%, 0, 0, 23, 1051.07 253 3156931
1605639517, 9, 40, 139, 5, 0, 0.39%, 0, 0, 23, 1043.59 253 3162347
1605639522, 9, 45, 139, 5, 0, 0.39%, 0, 0, 23, 1031.70 253 3167551
1605639527, 9, 51, 139, 5, 0, 0.39%, 0, 0, 23, 1007.99 253 3172735
1605639532, 9, 55, 139, 5, 0, 0.39%, 0, 0, 23, 1012.97 253 3177827
1605639537, 9, 60, 139, 5, 0, 0.39%, 0, 0, 23, 1007.54 253 3182919
1605639543, 9, 72, 139, 5, 0, 0.39%, 0, 0, 23, 1029.10 253 3188199
1605639548, 9, 75, 139, 5, 0, 0.39%, 0, 0, 23, 1022.77 253 3193479
1605639553, 9, 79, 139, 5, 0, 0.39%, 0, 0, 23, 984.01 253 3198390
1605639558, 9, 81, 139, 5, 0, 0.39%, 0, 0, 23, 980.00 253 3203318
1605639563, 9, 83, 139, 5, 0, 0.39%, 0, 0, 23, 981.10 253 3208436
1605639568, 9, 85, 139, 5, 0, 0.39%, 0, 0, 23, 1009.64 253 3213619
1605639573, 9, 87, 139, 5, 0, 0.39%, 0, 0, 23, 993.53 253 3218550
1605639578, 9, 90, 139, 5, 0, 0.39%, 0, 0, 23, 1003.66 253 3223627
1605639583, 9, 92, 139, 5, 0, 0.39%, 0, 0, 23, 983.44 253 3228570
1605639588, 9, 94, 139, 5, 0, 0.39%, 0, 0, 23, 984.76 253 3233526
1605639593, 9, 97, 139, 5, 0, 0.39%, 0, 0, 23, 982.17 253 3238453
1605639598, 9, 99, 139, 5, 0, 0.39%, 0, 0, 23, 979.58 253 3243426
1605639603, 9, 101, 139, 5, 0, 0.39%, 0, 0, 23, 976.51 253 3248323
1605639608, 9, 103, 139, 5, 0, 0.39%, 0, 0, 23, 970.28 253 3253240
1605639613, 9, 106, 139, 5, 0, 0.39%, 0, 0, 23, 949.21 253 3258063
1605639618, 9, 108, 139, 5, 0, 0.39%, 0, 0, 23, 950.50 253 3262843
1605639623, 9, 111, 139, 5, 0, 0.39%, 0, 0, 23, 966.94 253 3267759
1605639629, 9, 113, 139, 5, 0, 0.39%, 0, 0, 23, 946.16 253 3272579
1605639634, 9, 116, 139, 5, 0, 0.39%, 0, 0, 23, 939.91 253 3277375
1605639639, 9, 119, 139, 5, 0, 0.39%, 0, 0, 23, 953.90 253 3282349
1605639644, 9, 121, 139, 5, 0, 0.39%, 0, 0, 23, 942.97 253 3287035
1605639649, 9, 124, 139, 5, 0, 0.39%, 0, 0, 23, 951.86 253 3291874
1605639654, 9, 126, 139, 5, 0, 0.39%, 0, 0, 23, 953.34 253 3296593
1605639659, 9, 129, 139, 5, 0, 0.39%, 0, 0, 23, 947.48 253 3301392
1605639664, 9, 135, 139, 5, 0, 0.39%, 0, 0, 23, 956.00 253 3306405
1605639669, 9, 138, 140, 6, 0, 0.40%, 0, 0, 24, 913.81 259 3311007
1605639674, 9, 139, 141, 7, 1, 0.40%, 0, 0, 25, 506.48 259 3313445
1605639684, 9, 139, 142, 8, 1, 0.40%, 0, 0, 25, 293.82 261 3316969
1605639710, 9, 139, 143, 9, 1, 0.40%, 0, 0, 25, 825.38 262 3332914
1605639746, 9, 141, 143, 8, 2, 0.40%, 0, 0, 25, 542.62 262 3362089
1605639756, 9, 141, 145, 10, 2, 0.40%, 0, 0, 26, 334.02 264 3365543
1605639776, 9, 141, 146, 11, 2, 0.41%, 0, 0, 26, 814.08 271 3377069
1605639816, 9, 142, 146, 10, 3, 0.41%, 0, 0, 26, 518.82 271 3409921
1605639867, 9, 143, 146, 9, 2, 0.41%, 0, 0, 26, 560.61 271 3441147
1605639918, 9, 145, 146, 8, 1, 0.41%, 0, 0, 26, 651.32 271 3472540
1605639933, 9, 145, 149, 11, 1, 0.42%, 0, 0, 27, 250.03 275 3477230
1605639974, 9, 146, 149, 10, 3, 0.42%, 0, 0, 27, 623.09 275 3502402
1605640030, 9, 147, 149, 9, 2, 0.42%, 0, 0, 27, 611.43 275 3535061
1605640086, 9, 148, 149, 8, 1, 0.42%, 0, 0, 27, 499.46 275 3567363
1605640101, 9, 148, 150, 9, 1, 0.42%, 0, 0, 28, 341.92 276 3572394
1605640142, 9, 149, 150, 8, 1, 0.42%, 0, 0, 28, 531.72 276 3597991
1605640193, 10, 0, 150, 7, 0, 0.42%, 0, 0, 28, 961.15 276 3625971
1605640198, 10, 7, 150, 7, 0, 0.42%, 0, 0, 28, 1068.60 276 3631745
1605640203, 10, 19, 150, 7, 0, 0.42%, 0, 0, 28, 1071.98 276 3637378
1605640208, 10, 24, 150, 7, 0, 0.42%, 0, 0, 28, 1048.36 276 3642785
1605640213, 10, 28, 150, 7, 0, 0.42%, 0, 0, 28, 1022.66 276 3647905
1605640219, 10, 33, 150, 7, 0, 0.42%, 0, 0, 28, 1024.80 276 3653173
1605640224, 10, 38, 150, 7, 0, 0.42%, 0, 0, 28, 1038.28 276 3658529
1605640229, 10, 43, 150, 7, 0, 0.42%, 0, 0, 28, 977.79 276 3663684
1605640244, 10, 49, 150, 6, 0, 0.42%, 0, 0, 28, 1029.32 276 3679021
1605640250, 10, 54, 150, 6, 0, 0.42%, 0, 0, 28, 1007.14 276 3684261
1605640255, 10, 60, 150, 6, 0, 0.42%, 0, 0, 28, 1021.27 276 3689437
1605640260, 10, 61, 150, 6, 0, 0.42%, 0, 0, 28, 1000.52 276 3694469
1605640265, 10, 71, 150, 6, 0, 0.42%, 0, 0, 28, 1000.03 276 3699533
1605640270, 10, 74, 150, 6, 0, 0.42%, 0, 0, 28, 919.25 276 3704423
1605640296, 10, 78, 150, 5, 0, 0.42%, 0, 0, 28, 1004.66 276 3728124
1605640301, 10, 80, 150, 5, 0, 0.42%, 0, 0, 28, 980.46 276 3733102
1605640306, 10, 82, 150, 5, 0, 0.42%, 0, 0, 28, 973.26 276 3738151
1605640311, 10, 84, 150, 5, 0, 0.42%, 0, 0, 28, 988.18 276 3743143
1605640316, 10, 86, 150, 5, 0, 0.42%, 0, 0, 28, 985.10 276 3748078
1605640321, 10, 89, 150, 5, 0, 0.42%, 0, 0, 28, 1001.57 276 3753136
1605640326, 10, 91, 150, 5, 0, 0.42%, 0, 0, 28, 978.99 276 3758043
1605640331, 10, 93, 150, 5, 0, 0.42%, 0, 0, 28, 986.45 276 3763182
1605640336, 10, 96, 150, 5, 0, 0.42%, 0, 0, 28, 977.28 276 3768155
1605640341, 10, 98, 150, 5, 0, 0.42%, 0, 0, 28, 971.77 276 3773119
1605640346, 10, 100, 150, 5, 0, 0.42%, 0, 0, 28, 973.02 276 3778035
1605640351, 10, 102, 150, 5, 0, 0.42%, 0, 0, 28, 993.32 276 3783018
1605640356, 10, 104, 150, 5, 0, 0.42%, 0, 0, 28, 955.16 276 3787820
1605640362, 10, 106, 150, 5, 0, 0.42%, 0, 0, 28, 946.78 276 3792738
1605640367, 10, 109, 150, 5, 0, 0.42%, 0, 0, 28, 969.46 276 3797633
1605640372, 10, 111, 150, 5, 0, 0.42%, 0, 0, 28, 972.09 276 3802691
1605640377, 10, 113, 150, 5, 0, 0.42%, 0, 0, 28, 960.65 276 3807668
1605640382, 10, 115, 150, 5, 0, 0.42%, 0, 0, 28, 980.81 276 3812596
1605640387, 10, 118, 150, 5, 0, 0.42%, 0, 0, 28, 932.18 276 3817242
1605640392, 10, 121, 150, 5, 0, 0.42%, 0, 0, 28, 964.24 276 3822080
1605640397, 10, 123, 150, 5, 0, 0.42%, 0, 0, 28, 954.77 276 3826996
1605640402, 10, 126, 150, 5, 0, 0.42%, 0, 0, 28, 931.01 276 3831678
1605640408, 10, 129, 150, 5, 0, 0.42%, 0, 0, 28, 940.26 276 3836562
1605640413, 10, 133, 150, 5, 0, 0.42%, 0, 0, 28, 935.17 276 3841374
1605640418, 10, 139, 150, 5, 0, 0.42%, 0, 0, 28, 924.95 276 3846030
1605640428, 10, 142, 150, 5, 0, 0.42%, 0, 0, 28, 886.41 276 3855153
1605640438, 10, 143, 150, 5, 0, 0.42%, 0, 0, 28, 893.44 276 3864726
1605640448, 10, 145, 150, 5, 0, 0.42%, 0, 0, 28, 884.89 276 3873846
1605640458, 10, 146, 150, 5, 0, 0.42%, 0, 0, 28, 895.57 276 3883009
1605640469, 10, 147, 150, 5, 0, 0.42%, 0, 0, 28, 867.03 276 3891898
1605640479, 10, 148, 150, 5, 0, 0.42%, 0, 0, 28, 893.01 276 3901356
1605640489, 10, 149, 150, 5, 0, 0.42%, 0, 0, 28, 920.99 276 3910868
1605640499, 11, 2, 150, 5, 0, 0.42%, 0, 0, 28, 1024.89 276 3920671
1605640504, 11, 9, 150, 5, 0, 0.42%, 0, 0, 28, 1077.88 276 3926413
1605640510, 11, 19, 150, 5, 0, 0.42%, 0, 0, 28, 1054.08 276 3931978
1605640515, 11, 25, 150, 5, 0, 0.42%, 0, 0, 28, 1024.14 276 3937159
1605640520, 11, 29, 150, 5, 0, 0.42%, 0, 0, 28, 1029.41 276 3942535
1605640525, 11, 34, 150, 5, 0, 0.42%, 0, 0, 28, 1024.32 276 3947655
1605640530, 11, 40, 150, 5, 0, 0.42%, 0, 0, 28, 1027.76 276 3953031
1605640535, 11, 45, 150, 5, 0, 0.42%, 0, 0, 28, 1026.52 276 3958215
1605640540, 11, 51, 150, 5, 0, 0.42%, 0, 0, 28, 1022.20 276 3963379
1605640545, 11, 55, 150, 5, 0, 0.42%, 0, 0, 28, 992.54 276 3968336
1605640550, 11, 60, 150, 5, 0, 0.42%, 0, 0, 28, 1001.10 276 3973515
1605640555, 11, 72, 150, 5, 0, 0.42%, 0, 0, 28, 997.28 276 3978599
1605640561, 11, 75, 150, 5, 0, 0.42%, 0, 0, 28, 989.40 276 3983729
1605640566, 11, 79, 150, 5, 0, 0.42%, 0, 0, 28, 976.23 276 3988640
1605640571, 11, 81, 150, 5, 0, 0.42%, 0, 0, 28, 974.85 276 3993700
1605640576, 11, 83, 150, 5, 0, 0.42%, 0, 0, 28, 981.63 276 3998653
1605640581, 11, 85, 150, 5, 0, 0.42%, 0, 0, 28, 965.51 276 4003708
1605640586, 11, 87, 150, 5, 0, 0.42%, 0, 0, 28, 979.81 276 4008628
1605640591, 11, 89, 150, 5, 0, 0.42%, 0, 0, 28, 1007.08 276 4013683
1605640596, 11, 92, 150, 5, 0, 0.42%, 0, 0, 28, 981.74 276 4018607
1605640601, 11, 93, 150, 5, 0, 0.42%, 0, 0, 28, 986.21 276 4023556
1605640606, 11, 96, 150, 5, 0, 0.42%, 0, 0, 28, 1000.28 276 4028631
1605640611, 11, 98, 150, 5, 0, 0.42%, 0, 0, 28, 970.33 276 4033518
1605640616, 11, 100, 150, 5, 0, 0.42%, 0, 0, 28, 976.56 276 4038457
1605640621, 11, 102, 150, 5, 0, 0.42%, 0, 0, 28, 969.99 276 4043453
1605640627, 11, 104, 150, 5, 0, 0.42%, 0, 0, 28, 954.69 276 4048329
1605640632, 11, 107, 150, 5, 0, 0.42%, 0, 0, 28, 962.98 276 4053158
1605640637, 11, 109, 150, 5, 0, 0.42%, 0, 0, 28, 960.28 276 4058122
1605640642, 11, 111, 150, 5, 0, 0.42%, 0, 0, 28, 961.05 276 4063134
1605640647, 11, 113, 150, 5, 0, 0.42%, 0, 0, 28, 957.68 276 4068132
1605640652, 11, 116, 150, 5, 0, 0.42%, 0, 0, 28, 955.50 276 4073124
1605640658, 11, 119, 150, 5, 0, 0.42%, 0, 0, 28, 933.17 276 4078023
1605640663, 11, 121, 150, 5, 0, 0.42%, 0, 0, 28, 947.11 276 4082839
1605640668, 11, 124, 150, 5, 0, 0.42%, 0, 0, 28, 930.71 276 4087509
1605640673, 11, 126, 150, 5, 0, 0.42%, 0, 0, 28, 935.61 276 4092243
1605640678, 11, 129, 150, 5, 0, 0.42%, 0, 0, 28, 928.54 276 4096947
1605640683, 11, 133, 150, 5, 0, 0.42%, 0, 0, 28, 937.52 276 4101674
1605640688, 11, 139, 150, 5, 0, 0.42%, 0, 0, 28, 934.02 276 4106373
1605640693, 11, 142, 150, 5, 0, 0.42%, 0, 0, 28, 898.09 276 4110927
1605640698, 11, 143, 150, 5, 0, 0.42%, 0, 0, 28, 948.86 276 4115783
1605640708, 11, 145, 150, 5, 0, 0.42%, 0, 0, 28, 904.91 276 4124705
1605640713, 11, 146, 150, 5, 0, 0.42%, 0, 0, 28, 887.38 276 4129302
1605640718, 11, 147, 150, 5, 0, 0.42%, 0, 0, 28, 958.67 276 4134449
1605640728, 11, 148, 150, 5, 0, 0.42%, 0, 0, 28, 887.48 276 4143654
1605640733, 11, 149, 150, 5, 0, 0.42%, 0, 0, 28, 871.41 276 4148116
1605640738, 12, 5, 150, 5, 0, 0.42%, 0, 0, 28, 1060.54 276 4153711
1605640743, 12, 12, 150, 5, 0, 0.42%, 0, 0, 28, 1083.10 276 4159167
1605640749, 12, 20, 150, 5, 0, 0.42%, 0, 0, 28, 1066.65 276 4164669
1605640754, 12, 21, 150, 5, 0, 0.42%, 0, 0, 28, 1102.77 276 4170233
1605640759, 12, 24, 150, 4, 0, 0.42%, 0, 0, 28, 1129.09 276 4176011
1605640764, 12, 28, 150, 4, 0, 0.42%, 0, 0, 28, 1051.19 276 4181223
1605640769, 12, 32, 150, 4, 0, 0.42%, 0, 0, 28, 1031.27 276 4186391
1605640774, 12, 37, 150, 4, 0, 0.42%, 0, 0, 28, 1027.91 276 4191595
1605640779, 12, 42, 150, 4, 0, 0.42%, 0, 0, 28, 1037.97 276 4196866
1605640784, 12, 47, 150, 4, 0, 0.42%, 0, 0, 28, 1022.00 276 4202111
1605640789, 12, 53, 150, 4, 0, 0.42%, 0, 0, 28, 1016.25 276 4207191
1605640794, 12, 58, 150, 4, 0, 0.42%, 0, 0, 28, 1006.31 276 4212195
1605640799, 12, 71, 150, 4, 0, 0.42%, 0, 0, 28, 1026.90 276 4217339
1605640804, 12, 73, 150, 4, 0, 0.42%, 0, 0, 28, 992.81 276 4222294
1605640809, 12, 78, 150, 4, 0, 0.42%, 0, 0, 28, 975.85 276 4227243
1605640814, 12, 80, 150, 4, 0, 0.42%, 0, 0, 28, 996.78 276 4232265
1605640819, 12, 82, 150, 4, 0, 0.42%, 0, 0, 28, 988.35 276 4237183
1605640824, 12, 84, 150, 4, 0, 0.42%, 0, 0, 28, 1005.65 276 4242197
1605640829, 12, 86, 150, 4, 0, 0.42%, 0, 0, 28, 979.28 276 4247138
1605640834, 12, 88, 150, 4, 0, 0.42%, 0, 0, 28, 1001.12 276 4252124
1605640839, 12, 91, 150, 4, 0, 0.42%, 0, 0, 28, 1016.63 276 4257279
1605640844, 12, 93, 150, 4, 0, 0.42%, 0, 0, 28, 983.48 276 4262199
1605640849, 12, 95, 150, 4, 0, 0.42%, 0, 0, 28, 993.93 276 4267247
1605640854, 12, 97, 150, 4, 0, 0.42%, 0, 0, 28, 979.71 276 4272149
1605640860, 12, 99, 150, 4, 0, 0.42%, 0, 0, 28, 953.34 276 4276937
1605640865, 12, 101, 150, 4, 0, 0.42%, 0, 0, 28, 988.39 276 4282095
1605640870, 12, 103, 150, 4, 0, 0.42%, 0, 0, 28, 964.46 276 4286940
1605640875, 12, 105, 150, 4, 0, 0.42%, 0, 0, 28, 954.39 276 4291734
1605640880, 12, 108, 150, 4, 0, 0.42%, 0, 0, 28, 941.24 276 4296491
1605640885, 12, 110, 150, 4, 0, 0.42%, 0, 0, 28, 961.54 276 4301365
1605640890, 12, 113, 150, 4, 0, 0.42%, 0, 0, 28, 963.84 276 4306204
1605640895, 12, 115, 150, 4, 0, 0.42%, 0, 0, 28, 957.65 276 4310962
1605640900, 12, 117, 150, 4, 0, 0.42%, 0, 0, 28, 974.07 276 4315996
1605640905, 12, 120, 150, 4, 0, 0.42%, 0, 0, 28, 950.37 276 4320755
1605640910, 12, 122, 150, 4, 0, 0.42%, 0, 0, 28, 951.76 276 4325557
1605640915, 12, 124, 150, 4, 0, 0.42%, 0, 0, 28, 957.46 276 4330338
1605640920, 12, 127, 150, 4, 0, 0.42%, 0, 0, 28, 945.20 276 4335229
1605640925, 12, 131, 150, 4, 0, 0.42%, 0, 0, 28, 946.94 276 4340035
1605640930, 12, 136, 150, 4, 0, 0.42%, 0, 0, 28, 956.44 276 4344815
1605640936, 12, 140, 150, 4, 0, 0.42%, 0, 0, 28, 756.79 276 4348815
1605640976, 12, 142, 150, 3, 0, 0.42%, 0, 0, 28, 916.69 276 4373757
1605640981, 12, 145, 150, 3, 0, 0.42%, 0, 0, 28, 911.83 276 4378381
1605640987, 12, 146, 150, 3, 0, 0.42%, 0, 0, 28, 909.82 276 4383068
1605640992, 12, 147, 150, 3, 0, 0.42%, 0, 0, 28, 941.61 276 4387829
1605640997, 12, 149, 150, 3, 0, 0.42%, 0, 0, 28, 884.61 276 4392260
1605641002, 13, 5, 150, 3, 0, 0.42%, 0, 0, 28, 1062.71 276 4397826
1605641007, 13, 13, 150, 3, 0, 0.42%, 0, 0, 28, 1099.85 276 4403385
1605641012, 13, 22, 150, 3, 0, 0.42%, 0, 0, 28, 1067.34 276 4408886
1605641017, 13, 27, 150, 3, 0, 0.42%, 0, 0, 28, 1047.08 276 4414120
1605641022, 13, 32, 150, 3, 0, 0.42%, 0, 0, 28, 1035.48 276 4419255
1605641027, 13, 37, 150, 3, 0, 0.42%, 0, 0, 28, 1024.31 276 4424427
1605641032, 13, 42, 150, 3, 0, 0.42%, 0, 0, 28, 1037.60 276 4429611
1605641037, 13, 47, 150, 3, 0, 0.42%, 0, 0, 28, 1010.08 276 4434699
1605641042, 13, 52, 150, 3, 0, 0.42%, 0, 0, 28, 1016.57 276 4439783
1605641047, 13, 58, 150, 3, 0, 0.42%, 0, 0, 28, 1003.26 276 4444935
1605641052, 13, 69, 150, 3, 0, 0.42%, 0, 0, 28, 1011.40 276 4449999
1605641058, 13, 73, 150, 3, 0, 0.42%, 0, 0, 28, 995.86 276 4455223
1605641063, 13, 77, 150, 3, 0, 0.42%, 0, 0, 28, 968.50 276 4460294
1605641068, 13, 80, 150, 3, 0, 0.42%, 0, 0, 28, 974.76 276 4465184
1605641073, 13, 82, 150, 3, 0, 0.42%, 0, 0, 28, 996.87 276 4470275
1605641078, 13, 84, 150, 3, 0, 0.42%, 0, 0, 28, 988.59 276 4475401
1605641083, 13, 86, 150, 3, 0, 0.42%, 0, 0, 28, 978.83 276 4480483
1605641088, 13, 88, 150, 3, 0, 0.42%, 0, 0, 28, 1014.08 276 4485755
1605641094, 13, 91, 150, 3, 0, 0.42%, 0, 0, 28, 1008.08 276 4490955
1605641099, 13, 93, 150, 3, 0, 0.42%, 0, 0, 28, 983.34 276 4495903
1605641104, 13, 95, 150, 3, 0, 0.42%, 0, 0, 28, 983.79 276 4500857
1605641109, 13, 98, 150, 3, 0, 0.42%, 0, 0, 28, 975.07 276 4505797
1605641114, 13, 99, 150, 3, 0, 0.42%, 0, 0, 28, 985.03 276 4510770
1605641119, 13, 102, 150, 3, 0, 0.42%, 0, 0, 28, 992.24 276 4515753
1605641124, 13, 104, 150, 3, 0, 0.42%, 0, 0, 28, 970.47 276 4520631
1605641129, 13, 106, 150, 3, 0, 0.42%, 0, 0, 28, 938.26 276 4525281
1605641134, 13, 108, 150, 3, 0, 0.42%, 0, 0, 28, 934.28 276 4529997
1605641139, 13, 110, 150, 3, 0, 0.42%, 0, 0, 28, 930.17 276 4534705
1605641144, 13, 112, 150, 3, 0, 0.42%, 0, 0, 28, 961.67 276 4539545
1605641149, 13, 114, 150, 3, 0, 0.42%, 0, 0, 28, 967.85 276 4544396
1605641154, 13, 117, 150, 3, 0, 0.42%, 0, 0, 28, 945.48 276 4549097
1605641159, 13, 120, 150, 3, 0, 0.42%, 0, 0, 28, 952.92 276 4554086
1605641164, 13, 122, 150, 3, 0, 0.42%, 0, 0, 28, 936.94 276 4558757
1605641169, 13, 125, 150, 3, 0, 0.42%, 0, 0, 28, 932.73 276 4563593
1605641175, 13, 128, 150, 3, 0, 0.42%, 0, 0, 28, 933.39 276 4568489
1605641180, 13, 131, 150, 3, 0, 0.42%, 0, 0, 28, 951.03 276 4573369
1605641185, 13, 136, 150, 3, 0, 0.42%, 0, 0, 28, 939.74 276 4578131
1605641190, 13, 140, 150, 3, 0, 0.42%, 0, 0, 28, 902.14 276 4582673
1605641200, 13, 143, 150, 3, 0, 0.42%, 0, 0, 28, 914.61 276 4592249
1605641205, 13, 145, 150, 3, 0, 0.42%, 0, 0, 28, 950.45 276 4597184
1605641210, 13, 147, 150, 3, 0, 0.42%, 0, 0, 28, 923.73 276 4601986
1605641215, 13, 148, 150, 3, 0, 0.42%, 0, 0, 28, 899.85 276 4606561
1605641220, 14, 2, 150, 3, 0, 0.42%, 0, 0, 28, 965.57 276 4611313
1605641226, 14, 9, 150, 3, 0, 0.42%, 0, 0, 28, 1073.12 276 4617088
1605641231, 14, 19, 150, 3, 0, 0.42%, 0, 0, 28, 1053.82 276 4622650
1605641236, 14, 25, 150, 3, 0, 0.42%, 0, 0, 28, 1045.99 276 4628176
1605641241, 14, 29, 150, 3, 0, 0.42%, 0, 0, 28, 1032.64 276 4633381
1605641246, 14, 34, 150, 3, 0, 0.42%, 0, 0, 28, 1027.37 276 4638714
1605641251, 14, 39, 150, 3, 0, 0.42%, 0, 0, 28, 1026.97 276 4643918
1605641257, 14, 45, 150, 3, 0, 0.42%, 0, 0, 28, 1023.17 276 4649266
1605641262, 14, 49, 150, 3, 0, 0.42%, 0, 0, 28, 1020.84 276 4654414
1605641267, 14, 54, 150, 3, 0, 0.42%, 0, 0, 28, 1010.68 276 4659490
1605641272, 14, 60, 150, 3, 0, 0.42%, 0, 0, 28, 995.21 276 4664666
1605641277, 14, 72, 150, 3, 0, 0.42%, 0, 0, 28, 1001.58 276 4669750
1605641282, 14, 75, 150, 3, 0, 0.42%, 0, 0, 28, 990.37 276 4674706
1605641287, 14, 79, 150, 3, 0, 0.42%, 0, 0, 28, 973.34 276 4679596
1605641292, 14, 81, 150, 3, 0, 0.42%, 0, 0, 28, 963.03 276 4684482
1605641297, 14, 83, 150, 3, 0, 0.42%, 0, 0, 28, 989.62 276 4689458
1605641302, 14, 85, 150, 3, 0, 0.42%, 0, 0, 28, 993.16 276 4694469
1605641307, 14, 87, 150, 3, 0, 0.42%, 0, 0, 28, 995.21 276 4699404
1605641312, 14, 90, 150, 3, 0, 0.42%, 0, 0, 28, 1004.70 276 4704606
1605641317, 14, 92, 150, 3, 0, 0.42%, 0, 0, 28, 1003.39 276 4709701
1605641322, 14, 95, 150, 3, 0, 0.42%, 0, 0, 28, 994.67 276 4714651
1605641327, 14, 97, 150, 3, 0, 0.42%, 0, 0, 28, 993.33 276 4719653
1605641332, 14, 99, 150, 3, 0, 0.42%, 0, 0, 28, 987.62 276 4724616
1605641338, 14, 101, 150, 3, 0, 0.42%, 0, 0, 28, 985.75 276 4729703
1605641343, 14, 103, 150, 3, 0, 0.42%, 0, 0, 28, 964.54 276 4734565
1605641348, 14, 105, 150, 3, 0, 0.42%, 0, 0, 28, 937.77 276 4739320
1605641353, 14, 108, 150, 3, 0, 0.42%, 0, 0, 28, 933.96 276 4744078
1605641358, 14, 110, 150, 3, 0, 0.42%, 0, 0, 28, 959.56 276 4748937
1605641363, 14, 112, 150, 3, 0, 0.42%, 0, 0, 28, 970.39 276 4753842
1605641368, 14, 115, 150, 3, 0, 0.42%, 0, 0, 28, 959.05 276 4758802
1605641373, 14, 117, 150, 3, 0, 0.42%, 0, 0, 28, 941.92 276 4763530
1605641378, 14, 120, 150, 3, 0, 0.42%, 0, 0, 28, 928.58 276 4768366
1605641383, 14, 123, 150, 3, 0, 0.42%, 0, 0, 28, 945.78 276 4773130
1605641388, 14, 125, 150, 3, 0, 0.42%, 0, 0, 28, 935.32 276 4777816
1605641393, 14, 127, 150, 3, 0, 0.42%, 0, 0, 28, 922.35 276 4782405
1605641398, 14, 131, 150, 3, 0, 0.42%, 0, 0, 28, 948.59 276 4787320
1605641404, 14, 136, 150, 3, 0, 0.42%, 0, 0, 28, 937.79 276 4792246
1605641409, 14, 142, 150, 3, 0, 0.42%, 0, 0, 28, 932.70 276 4796928
1605641414, 14, 145, 150, 3, 0, 0.42%, 0, 0, 28, 884.12 276 4801550
1605641419, 14, 146, 150, 3, 0, 0.42%, 0, 0, 28, 932.31 276 4806417
1605641424, 14, 148, 150, 3, 0, 0.42%, 0, 0, 28, 927.28 276 4811093
1605641429, 14, 149, 150, 3, 0, 0.42%, 0, 0, 28, 909.42 276 4815717
1605641434, 15, 6, 150, 3, 0, 0.42%, 0, 0, 28, 1050.29 276 4821398
1605641440, 15, 19, 150, 3, 0, 0.42%, 0, 0, 28, 1089.40 276 4827104
1605641445, 15, 24, 150, 3, 0, 0.42%, 0, 0, 28, 1077.18 276 4832423
1605641450, 15, 28, 150, 3, 0, 0.42%, 0, 0, 28, 1036.71 276 4837594
1605641455, 15, 32, 150, 3, 0, 0.42%, 0, 0, 28, 1022.23 276 4842726
1605641460, 15, 37, 150, 3, 0, 0.42%, 0, 0, 28, 1032.13 276 4847950
1605641465, 15, 42, 150, 3, 0, 0.42%, 0, 0, 28, 1039.49 276 4853202
1605641470, 15, 47, 150, 3, 0, 0.42%, 0, 0, 28, 1013.89 276 4858254
1605641475, 15, 51, 150, 3, 0, 0.42%, 0, 0, 28, 1009.60 276 4863306
1605641480, 15, 54, 150, 3, 0, 0.42%, 0, 0, 28, 1004.95 276 4868390
1605641485, 15, 60, 150, 3, 0, 0.42%, 0, 0, 28, 1010.04 276 4873506
1605641490, 15, 69, 150, 3, 0, 0.42%, 0, 0, 28, 1014.42 276 4878618
1605641495, 15, 73, 150, 3, 0, 0.42%, 0, 0, 28, 988.53 276 4883618
1605641500, 15, 77, 150, 3, 0, 0.42%, 0, 0, 28, 981.95 276 4888593
1605641505, 15, 80, 150, 3, 0, 0.42%, 0, 0, 28, 985.54 276 4893523
1605641510, 15, 82, 150, 3, 0, 0.42%, 0, 0, 28, 988.09 276 4898497
1605641515, 15, 84, 150, 3, 0, 0.42%, 0, 0, 28, 986.90 276 4903454
1605641520, 15, 86, 150, 3, 0, 0.42%, 0, 0, 28, 982.30 276 4908408
1605641525, 15, 88, 150, 3, 0, 0.42%, 0, 0, 28, 1010.03 276 4913510
1605641530, 15, 91, 150, 3, 0, 0.42%, 0, 0, 28, 1009.62 276 4918578
1605641535, 15, 93, 150, 3, 0, 0.42%, 0, 0, 28, 969.89 276 4923384
1605641540, 15, 95, 150, 3, 0, 0.42%, 0, 0, 28, 955.58 276 4928169
1605641545, 15, 97, 150, 3, 0, 0.42%, 0, 0, 28, 964.98 276 4933041
1605641550, 15, 99, 150, 3, 0, 0.42%, 0, 0, 28, 972.40 276 4937995
1605641555, 15, 101, 150, 3, 0, 0.42%, 0, 0, 28, 971.38 276 4942878
1605641560, 15, 103, 150, 3, 0, 0.42%, 0, 0, 28, 967.09 276 4947742
1605641565, 15, 105, 150, 3, 0, 0.42%, 0, 0, 28, 946.91 276 4952464
1605641570, 15, 108, 150, 3, 0, 0.42%, 0, 0, 28, 964.26 276 4957348
1605641575, 15, 110, 150, 3, 0, 0.42%, 0, 0, 28, 949.04 276 4962105
1605641580, 15, 112, 150, 3, 0, 0.42%, 0, 0, 28, 954.07 276 4966942
1605641585, 15, 115, 150, 3, 0, 0.42%, 0, 0, 28, 974.99 276 4971805
1605641591, 15, 117, 150, 3, 0, 0.42%, 0, 0, 28, 967.94 276 4976760
1605641596, 15, 120, 150, 3, 0, 0.42%, 0, 0, 28, 935.67 276 4981456
1605641601, 15, 123, 150, 3, 0, 0.42%, 0, 0, 28, 947.23 276 4986166
1605641606, 15, 125, 150, 3, 0, 0.42%, 0, 0, 28, 931.01 276 4990828
1605641611, 15, 128, 150, 3, 0, 0.42%, 0, 0, 28, 941.27 276 4995598
1605641616, 15, 131, 150, 3, 0, 0.42%, 0, 0, 28, 954.43 276 5000357
1605641621, 15, 136, 150, 3, 0, 0.42%, 0, 0, 28, 950.13 276 5005192
1605641626, 15, 137, 150, 3, 0, 0.42%, 0, 0, 28, 956.62 276 5009932
1605641631, 15, 142, 150, 3, 0, 0.42%, 0, 0, 28, 940.43 276 5014687
1605641636, 15, 145, 150, 3, 0, 0.42%, 0, 0, 28, 880.56 276 5019107
1605641641, 15, 146, 150, 3, 0, 0.42%, 0, 0, 28, 919.12 276 5023765
1605641646, 15, 148, 150, 3, 0, 0.42%, 0, 0, 28, 910.28 276 5028441
1605641651, 15, 149, 150, 3, 0, 0.42%, 0, 0, 28, 925.49 276 5033017
1605641656, 16, 7, 150, 3, 0, 0.42%, 0, 0, 28, 1078.30 276 5038893
1605641661, 16, 19, 150, 3, 0, 0.42%, 0, 0, 28, 1101.32 276 5044468
1605641667, 16, 23, 150, 3, 0, 0.42%, 0, 0, 28, 998.57 276 5049663
1605641682, 16, 26, 150, 2, 0, 0.42%, 0, 0, 28, 1018.85 276 5065517
1605641687, 16, 31, 150, 2, 0, 0.42%, 0, 0, 28, 1032.05 276 5070725
1605641692, 16, 36, 150, 2, 0, 0.42%, 0, 0, 28, 1040.12 276 5075881
1605641697, 16, 40, 150, 2, 0, 0.42%, 0, 0, 28, 1034.26 276 5081069
1605641702, 16, 45, 150, 2, 0, 0.42%, 0, 0, 28, 1023.00 276 5086381
1605641707, 16, 52, 150, 2, 0, 0.42%, 0, 0, 28, 1024.43 276 5091689
1605641712, 16, 55, 150, 2, 0, 0.42%, 0, 0, 28, 1012.87 276 5096749
1605641717, 16, 65, 150, 2, 0, 0.42%, 0, 0, 28, 1026.44 276 5101880
1605641722, 16, 73, 150, 2, 0, 0.42%, 0, 0, 28, 1005.11 276 5106973
1605641727, 16, 77, 150, 2, 0, 0.42%, 0, 0, 28, 993.84 276 5111981
1605641732, 16, 80, 150, 2, 0, 0.42%, 0, 0, 28, 974.83 276 5116855
1605641738, 16, 81, 150, 2, 0, 0.42%, 0, 0, 28, 985.39 276 5121880
1605641743, 16, 84, 150, 2, 0, 0.42%, 0, 0, 28, 1011.90 276 5126941
1605641748, 16, 86, 150, 2, 0, 0.42%, 0, 0, 28, 976.90 276 5131822
1605641753, 16, 88, 150, 2, 0, 0.42%, 0, 0, 28, 997.23 276 5136799
1605641758, 16, 91, 150, 2, 0, 0.42%, 0, 0, 28, 1015.03 276 5142121
1605641763, 16, 92, 150, 2, 0, 0.42%, 0, 0, 28, 995.08 276 5147115
1605641768, 16, 95, 150, 2, 0, 0.42%, 0, 0, 28, 981.27 276 5152037
1605641773, 16, 97, 150, 2, 0, 0.42%, 0, 0, 28, 978.40 276 5157099
1605641778, 16, 99, 150, 2, 0, 0.42%, 0, 0, 28, 975.50 276 5162162
1605641783, 16, 101, 150, 2, 0, 0.42%, 0, 0, 28, 976.41 276 5167135
1605641789, 16, 103, 150, 2, 0, 0.42%, 0, 0, 28, 964.50 276 5172146
1605641794, 16, 105, 150, 2, 0, 0.42%, 0, 0, 28, 960.05 276 5177016
1605641799, 16, 108, 150, 2, 0, 0.42%, 0, 0, 28, 958.98 276 5181797
1605641804, 16, 110, 150, 2, 0, 0.42%, 0, 0, 28, 971.15 276 5186808
1605641809, 16, 113, 150, 2, 0, 0.42%, 0, 0, 28, 969.98 276 5191863
1605641814, 16, 115, 150, 2, 0, 0.42%, 0, 0, 28, 953.19 276 5196613
1605641819, 16, 118, 150, 2, 0, 0.42%, 0, 0, 28, 940.75 276 5201528
1605641824, 16, 120, 150, 2, 0, 0.42%, 0, 0, 28, 946.54 276 5206287
1605641829, 16, 123, 150, 2, 0, 0.42%, 0, 0, 28, 925.72 276 5210913
1605641834, 16, 126, 150, 2, 0, 0.42%, 0, 0, 28, 926.68 276 5215611
1605641839, 16, 129, 150, 2, 0, 0.42%, 0, 0, 28, 925.90 276 5220267
1605641844, 16, 133, 150, 2, 0, 0.42%, 0, 0, 28, 941.69 276 5225007
1605641850, 16, 137, 150, 2, 0, 0.42%, 0, 0, 28, 948.93 276 5229925
1605641855, 16, 139, 150, 2, 0, 0.42%, 0, 0, 28, 941.23 276 5234685
1605641860, 16, 143, 150, 2, 0, 0.42%, 0, 0, 28, 909.15 276 5239294
1605641865, 16, 145, 150, 2, 0, 0.42%, 0, 0, 28, 929.98 276 5243997
1605641870, 16, 147, 150, 2, 0, 0.42%, 0, 0, 28, 927.94 276 5248637
1605641875, 16, 148, 150, 2, 0, 0.42%, 0, 0, 28, 924.41 276 5253326
1605641880, 17, 2, 150, 2, 0, 0.42%, 0, 0, 28, 1015.87 276 5258358
1605641885, 17, 10, 150, 2, 0, 0.42%, 0, 0, 28, 1103.42 276 5264241
1605641890, 17, 17, 150, 2, 0, 0.42%, 0, 0, 28, 1089.61 276 5269666
1605641895, 17, 20, 150, 2, 0, 0.42%, 0, 0, 28, 1057.34 276 5274931
1605641900, 17, 26, 150, 2, 0, 0.42%, 0, 0, 28, 1028.03 276 5280133
1605641905, 17, 31, 150, 2, 0, 0.42%, 0, 0, 28, 1030.21 276 5285297
1605641910, 17, 36, 150, 2, 0, 0.42%, 0, 0, 28, 1050.85 276 5290760
1605641915, 17, 40, 150, 2, 0, 0.42%, 0, 0, 28, 1046.93 276 5295941
1605641921, 17, 46, 150, 2, 0, 0.42%, 0, 0, 28, 1019.17 276 5301225
1605641926, 17, 51, 150, 2, 0, 0.42%, 0, 0, 28, 1016.41 276 5306333
1605641931, 17, 55, 150, 2, 0, 0.42%, 0, 0, 28, 994.29 276 5311471
1605641936, 17, 59, 150, 2, 0, 0.42%, 0, 0, 28, 1016.16 276 5316569
1605641941, 17, 69, 150, 2, 0, 0.42%, 0, 0, 28, 1017.83 276 5321857
1605641946, 17, 73, 150, 2, 0, 0.42%, 0, 0, 28, 1002.05 276 5326913
1605641951, 17, 77, 150, 2, 0, 0.42%, 0, 0, 28, 987.73 276 5331848
1605641956, 17, 80, 150, 2, 0, 0.42%, 0, 0, 28, 967.65 276 5336704
1605641961, 17, 82, 150, 2, 0, 0.42%, 0, 0, 28, 979.62 276 5341672
1605641966, 17, 84, 150, 2, 0, 0.42%, 0, 0, 28, 1003.33 276 5346701
1605641971, 17, 85, 150, 2, 0, 0.42%, 0, 0, 28, 973.62 276 5351580
1605641976, 17, 88, 150, 2, 0, 0.42%, 0, 0, 28, 999.31 276 5356601
1605641981, 17, 91, 150, 2, 0, 0.42%, 0, 0, 28, 1019.08 276 5361901
1605641987, 17, 92, 150, 2, 0, 0.42%, 0, 0, 28, 1009.31 276 5367109
1605641992, 17, 95, 150, 2, 0, 0.42%, 0, 0, 28, 987.40 276 5372065
1605641997, 17, 97, 150, 2, 0, 0.42%, 0, 0, 28, 1012.25 276 5377125
1605642002, 17, 99, 150, 2, 0, 0.42%, 0, 0, 28, 998.60 276 5382057
1605642007, 17, 101, 150, 2, 0, 0.42%, 0, 0, 28, 989.07 276 5386965
1605642012, 17, 103, 150, 2, 0, 0.42%, 0, 0, 28, 959.94 276 5391825
1605642017, 17, 105, 150, 2, 0, 0.42%, 0, 0, 28, 946.29 276 5396625
1605642022, 17, 108, 150, 2, 0, 0.42%, 0, 0, 28, 970.15 276 5401484
1605642027, 17, 110, 150, 2, 0, 0.42%, 0, 0, 28, 960.07 276 5406228
1605642032, 17, 112, 150, 2, 0, 0.42%, 0, 0, 28, 955.48 276 5411196
1605642037, 17, 114, 150, 2, 0, 0.42%, 0, 0, 28, 956.92 276 5416021
1605642042, 17, 117, 150, 2, 0, 0.42%, 0, 0, 28, 945.53 276 5420739
1605642047, 17, 119, 150, 2, 0, 0.42%, 0, 0, 28, 954.16 276 5425503
1605642052, 17, 122, 150, 2, 0, 0.42%, 0, 0, 28, 934.40 276 5430219
1605642057, 17, 125, 150, 2, 0, 0.42%, 0, 0, 28, 951.61 276 5435029
1605642062, 17, 127, 150, 2, 0, 0.42%, 0, 0, 28, 929.79 276 5439711
1605642067, 17, 129, 150, 2, 0, 0.42%, 0, 0, 28, 932.89 276 5444379
1605642073, 17, 135, 150, 2, 0, 0.42%, 0, 0, 28, 943.41 276 5449311
1605642078, 17, 142, 150, 2, 0, 0.42%, 0, 0, 28, 923.07 276 5454009
1605642083, 17, 143, 150, 2, 0, 0.42%, 0, 0, 28, 900.09 276 5458625
1605642088, 17, 144, 150, 2, 0, 0.42%, 0, 0, 28, 501.71 276 5460836
1605642139, 17, 146, 150, 1, 0, 0.42%, 0, 0, 28, 922.81 276 5494538
1605642144, 17, 147, 150, 1, 0, 0.42%, 0, 0, 28, 883.49 276 5498977
1605642149, 17, 148, 150, 1, 0, 0.42%, 0, 0, 28, 909.48 276 5503616
1605642154, 18, 3, 150, 1, 0, 0.42%, 0, 0, 28, 1019.44 276 5508783
1605642159, 18, 11, 150, 1, 0, 0.42%, 0, 0, 28, 1090.06 276 5514379
1605642164, 18, 20, 150, 1, 0, 0.42%, 0, 0, 28, 1060.18 276 5519905
1605642169, 18, 24, 150, 1, 0, 0.42%, 0, 0, 28, 1029.48 276 5525302
1605642174, 18, 28, 150, 1, 0, 0.42%, 0, 0, 28, 1032.59 276 5530506
1605642180, 18, 33, 150, 1, 0, 0.42%, 0, 0, 28, 1023.77 276 5535794
1605642185, 18, 38, 150, 1, 0, 0.42%, 0, 0, 28, 1036.14 276 5541022
1605642190, 18, 44, 150, 1, 0, 0.42%, 0, 0, 28, 1022.61 276 5546142
1605642195, 18, 49, 150, 1, 0, 0.42%, 0, 0, 28, 1006.43 276 5551346
1605642200, 18, 53, 150, 1, 0, 0.42%, 0, 0, 28, 1018.12 276 5556662
1605642205, 18, 60, 150, 1, 0, 0.42%, 0, 0, 28, 1003.02 276 5561746
1605642210, 18, 69, 150, 1, 0, 0.42%, 0, 0, 28, 1029.44 276 5566886
1605642215, 18, 73, 150, 1, 0, 0.42%, 0, 0, 28, 1002.57 276 5571892
1605642220, 18, 77, 150, 1, 0, 0.42%, 0, 0, 28, 974.93 276 5576769
1605642225, 18, 79, 150, 1, 0, 0.42%, 0, 0, 28, 968.29 276 5581685
1605642230, 18, 81, 150, 1, 0, 0.42%, 0, 0, 28, 968.41 276 5586548
1605642235, 18, 83, 150, 1, 0, 0.42%, 0, 0, 28, 1005.91 276 5591594
1605642240, 18, 85, 150, 1, 0, 0.42%, 0, 0, 28, 986.18 276 5596565
1605642245, 18, 88, 150, 1, 0, 0.42%, 0, 0, 28, 1003.42 276 5601522
1605642251, 18, 90, 150, 1, 0, 0.42%, 0, 0, 28, 1022.51 276 5606826
1605642256, 18, 92, 150, 1, 0, 0.42%, 0, 0, 28, 973.92 276 5611745
1605642261, 18, 94, 150, 1, 0, 0.42%, 0, 0, 28, 981.74 276 5616737
1605642266, 18, 96, 150, 1, 0, 0.42%, 0, 0, 28, 1001.71 276 5621889
1605642271, 18, 98, 150, 1, 0, 0.42%, 0, 0, 28, 941.22 276 5626624
1605642276, 18, 100, 150, 1, 0, 0.42%, 0, 0, 28, 961.44 276 5631489
1605642281, 18, 102, 150, 1, 0, 0.42%, 0, 0, 28, 974.66 276 5636373
1605642286, 18, 104, 150, 1, 0, 0.42%, 0, 0, 28, 975.06 276 5641422
1605642291, 18, 107, 150, 1, 0, 0.42%, 0, 0, 28, 984.64 276 5646363
1605642296, 18, 110, 150, 1, 0, 0.42%, 0, 0, 28, 976.57 276 5651208
1605642301, 18, 112, 150, 1, 0, 0.42%, 0, 0, 28, 959.80 276 5656078
1605642306, 18, 114, 150, 1, 0, 0.42%, 0, 0, 28, 965.47 276 5660904
1605642312, 18, 117, 150, 1, 0, 0.42%, 0, 0, 28, 942.03 276 5665606
1605642317, 18, 120, 150, 1, 0, 0.42%, 0, 0, 28, 936.53 276 5670454
1605642322, 18, 122, 150, 1, 0, 0.42%, 0, 0, 28, 945.69 276 5675206
1605642327, 18, 125, 150, 1, 0, 0.42%, 0, 0, 28, 946.15 276 5679964
1605642332, 18, 128, 150, 1, 0, 0.42%, 0, 0, 28, 951.03 276 5684824
1605642337, 18, 131, 150, 1, 0, 0.42%, 0, 0, 28, 952.62 276 5689646
1605642342, 18, 136, 150, 1, 0, 0.42%, 0, 0, 28, 945.87 276 5694439
1605642347, 18, 142, 150, 1, 0, 0.42%, 0, 0, 28, 916.86 276 5699180
1605642352, 18, 143, 150, 1, 0, 0.42%, 0, 0, 28, 933.43 276 5703869
1605642357, 18, 146, 150, 1, 0, 0.42%, 0, 0, 28, 899.03 276 5708369
1605642362, 18, 147, 150, 1, 0, 0.42%, 0, 0, 28, 931.01 276 5713180
1605642367, 18, 149, 150, 1, 0, 0.42%, 0, 0, 28, 923.99 276 5717800
1605642373, 19, 5, 150, 1, 0, 0.42%, 0, 0, 28, 1076.79 276 5723356
1605642378, 19, 13, 150, 1, 0, 0.42%, 0, 0, 28, 1102.32 276 5729072
1605642383, 19, 22, 150, 1, 0, 0.42%, 0, 0, 28, 1054.68 276 5734351
1605642388, 19, 27, 150, 1, 0, 0.42%, 0, 0, 28, 1035.74 276 5739618
1605642393, 19, 31, 150, 1, 0, 0.42%, 0, 0, 28, 1027.58 276 5744942
1605642398, 19, 36, 150, 1, 0, 0.42%, 0, 0, 28, 1036.02 276 5750297
1605642403, 19, 40, 150, 1, 0, 0.42%, 0, 0, 28, 1017.47 276 5755586
1605642408, 19, 46, 150, 1, 0, 0.42%, 0, 0, 28, 1016.88 276 5760729
1605642414, 19, 52, 150, 1, 0, 0.42%, 0, 0, 28, 1000.68 276 5765929
1605642419, 19, 55, 150, 1, 0, 0.42%, 0, 0, 28, 1009.15 276 5771074
1605642424, 19, 65, 150, 1, 0, 0.42%, 0, 0, 28, 1016.12 276 5776234
1605642429, 19, 72, 150, 1, 0, 0.42%, 0, 0, 28, 1020.22 276 5781418
1605642434, 19, 77, 150, 1, 0, 0.42%, 0, 0, 28, 988.33 276 5786387
1605642439, 19, 80, 150, 1, 0, 0.42%, 0, 0, 28, 973.63 276 5791244
1605642444, 19, 81, 150, 1, 0, 0.42%, 0, 0, 28, 978.99 276 5796179
1605642449, 19, 84, 150, 1, 0, 0.42%, 0, 0, 28, 1010.57 276 5801214
1605642454, 19, 86, 150, 1, 0, 0.42%, 0, 0, 28, 986.85 276 5806296
1605642459, 19, 88, 150, 1, 0, 0.42%, 0, 0, 28, 990.94 276 5811294
1605642464, 19, 90, 150, 1, 0, 0.42%, 0, 0, 28, 1028.56 276 5816473
1605642469, 19, 92, 150, 1, 0, 0.42%, 0, 0, 28, 990.77 276 5821414
1605642474, 19, 95, 150, 1, 0, 0.42%, 0, 0, 28, 999.73 276 5826582
1605642479, 19, 97, 150, 1, 0, 0.42%, 0, 0, 28, 990.55 276 5831475
1605642485, 19, 99, 150, 1, 0, 0.42%, 0, 0, 28, 983.78 276 5836557
1605642490, 19, 101, 150, 1, 0, 0.42%, 0, 0, 28, 993.50 276 5841548
1605642495, 19, 103, 150, 1, 0, 0.42%, 0, 0, 28, 957.96 276 5846355
1605642500, 19, 105, 150, 1, 0, 0.42%, 0, 0, 28, 939.50 276 5851084
1605642505, 19, 108, 150, 1, 0, 0.42%, 0, 0, 28, 931.79 276 5855788
1605642510, 19, 110, 150, 1, 0, 0.42%, 0, 0, 28, 955.44 276 5860653
1605642515, 19, 112, 150, 1, 0, 0.42%, 0, 0, 28, 959.32 276 5865485
1605642520, 19, 114, 150, 1, 0, 0.42%, 0, 0, 28, 999.80 276 5870560
1605642525, 19, 117, 150, 1, 0, 0.42%, 0, 0, 28, 938.98 276 5875394
1605642530, 19, 119, 150, 1, 0, 0.42%, 0, 0, 28, 942.76 276 5880121
1605642535, 19, 122, 150, 1, 0, 0.42%, 0, 0, 28, 949.68 276 5884979
1605642540, 19, 125, 150, 1, 0, 0.42%, 0, 0, 28, 950.09 276 5889793
1605642545, 19, 128, 150, 1, 0, 0.42%, 0, 0, 28, 940.94 276 5894636
1605642550, 19, 131, 150, 1, 0, 0.42%, 0, 0, 28, 943.42 276 5899376
1605642555, 19, 136, 150, 1, 0, 0.42%, 0, 0, 28, 943.77 276 5904200
1605642560, 19, 142, 150, 1, 0, 0.42%, 0, 0, 28, 930.88 276 5908805
1605642565, 19, 143, 150, 1, 0, 0.42%, 0, 0, 28, 949.59 276 5913512
1605642571, 19, 146, 150, 1, 0, 0.42%, 0, 0, 28, 883.68 276 5917897
1605642576, 19, 147, 150, 1, 0, 0.42%, 0, 0, 28, 904.19 276 5922501
1605642581, 19, 149, 150, 1, 0, 0.42%, 0, 0, 28, 892.19 276 5927015
1605642586, 20, 5, 150, 1, 0, 0.42%, 0, 0, 28, 1060.55 276 5932502
1605642591, 20, 13, 150, 1, 0, 0.42%, 0, 0, 28, 1087.17 276 5938096
1605642596, 20, 20, 150, 1, 0, 0.42%, 0, 0, 28, 1061.64 276 5943601
1605642601, 20, 26, 150, 1, 0, 0.42%, 0, 0, 28, 1046.81 276 5948888
1605642606, 20, 32, 150, 1, 0, 0.42%, 0, 0, 28, 1042.09 276 5954260
1605642611, 20, 37, 150, 1, 0, 0.42%, 0, 0, 28, 1035.68 276 5959468
1605642617, 20, 41, 150, 1, 0, 0.42%, 0, 0, 28, 1043.32 276 5964888
1605642622, 20, 46, 150, 1, 0, 0.42%, 0, 0, 28, 1020.38 276 5970008
1605642627, 20, 52, 150, 1, 0, 0.42%, 0, 0, 28, 1004.00 276 5975256
1605642632, 20, 58, 150, 1, 0, 0.42%, 0, 0, 28, 1012.65 276 5980472
1605642637, 20, 61, 150, 1, 0, 0.42%, 0, 0, 28, 1004.66 276 5985520
1605642642, 20, 72, 150, 1, 0, 0.42%, 0, 0, 28, 1003.59 276 5990724
1605642647, 20, 77, 150, 1, 0, 0.42%, 0, 0, 28, 988.28 276 5995885
1605642652, 20, 79, 150, 1, 0, 0.42%, 0, 0, 28, 967.13 276 6000706
1605642657, 20, 81, 150, 1, 0, 0.42%, 0, 0, 28, 982.29 276 6005704
1605642662, 20, 83, 150, 1, 0, 0.42%, 0, 0, 28, 1007.07 276 6010786
1605642668, 20, 85, 150, 1, 0, 0.42%, 0, 0, 28, 1004.43 276 6016036
1605642673, 20, 87, 150, 1, 0, 0.42%, 0, 0, 28, 995.71 276 6021154
1605642678, 20, 90, 150, 1, 0, 0.42%, 0, 0, 28, 1006.09 276 6026350
1605642683, 20, 92, 150, 1, 0, 0.42%, 0, 0, 28, 961.94 276 6031247
1605642688, 20, 95, 150, 1, 0, 0.42%, 0, 0, 28, 985.46 276 6036367
1605642693, 20, 97, 150, 1, 0, 0.42%, 0, 0, 28, 976.86 276 6041269
1605642698, 20, 99, 150, 1, 0, 0.42%, 0, 0, 28, 961.21 276 6046095
1605642704, 20, 101, 150, 1, 0, 0.42%, 0, 0, 28, 979.26 276 6051163
1605642709, 20, 103, 150, 1, 0, 0.42%, 0, 0, 28, 984.57 276 6056335
1605642714, 20, 105, 150, 1, 0, 0.42%, 0, 0, 28, 970.22 276 6061410
1605642719, 20, 108, 150, 1, 0, 0.42%, 0, 0, 28, 961.37 276 6066229
1605642724, 20, 110, 150, 1, 0, 0.42%, 0, 0, 28, 960.55 276 6071055
1605642729, 20, 112, 150, 1, 0, 0.42%, 0, 0, 28, 958.70 276 6076104
1605642734, 20, 115, 150, 1, 0, 0.42%, 0, 0, 28, 956.58 276 6080860
1605642740, 20, 117, 150, 1, 0, 0.42%, 0, 0, 28, 953.32 276 6085839
1605642745, 20, 120, 150, 1, 0, 0.42%, 0, 0, 28, 942.63 276 6090698
1605642750, 20, 122, 150, 1, 0, 0.42%, 0, 0, 28, 959.34 276 6095554
1605642755, 20, 125, 150, 1, 0, 0.42%, 0, 0, 28, 946.88 276 6100274
1605642760, 20, 128, 150, 1, 0, 0.42%, 0, 0, 28, 954.72 276 6105038
1605642765, 20, 131, 150, 1, 0, 0.42%, 0, 0, 28, 953.14 276 6109781
1605642770, 20, 136, 150, 1, 0, 0.42%, 0, 0, 28, 941.41 276 6114542
1605642775, 20, 139, 150, 1, 0, 0.42%, 0, 0, 28, 940.83 276 6119300
1605642780, 20, 143, 150, 1, 0, 0.42%, 0, 0, 28, 904.20 276 6123806
1605642785, 20, 145, 150, 1, 0, 0.42%, 0, 0, 28, 905.00 276 6128385
1605642790, 20, 147, 150, 1, 0, 0.42%, 0, 0, 28, 897.38 276 6132902
1605642795, 20, 148, 150, 1, 0, 0.42%, 0, 0, 28, 904.70 276 6137402
1605642800, 21, 3, 150, 1, 0, 0.42%, 0, 0, 28, 1034.15 276 6142718
1605642805, 21, 10, 150, 1, 0, 0.42%, 0, 0, 28, 1089.64 276 6148283
1605642810, 21, 20, 150, 1, 0, 0.42%, 0, 0, 28, 1064.00 276 6153605
1605642815, 21, 25, 150, 1, 0, 0.42%, 0, 0, 28, 1031.73 276 6158774
1605642820, 21, 29, 150, 1, 0, 0.42%, 0, 0, 28, 1029.12 276 6163938
1605642825, 21, 35, 150, 1, 0, 0.42%, 0, 0, 28, 1040.13 276 6169154
1605642830, 21, 39, 150, 1, 0, 0.42%, 0, 0, 28, 1030.89 276 6174329
1605642835, 21, 45, 150, 1, 0, 0.42%, 0, 0, 28, 1031.23 276 6179538
1605642840, 21, 49, 150, 1, 0, 0.42%, 0, 0, 28, 1010.61 276 6184566
1605642845, 21, 54, 150, 1, 0, 0.42%, 0, 0, 28, 1006.05 276 6189666
1605642851, 21, 57, 150, 1, 0, 0.42%, 0, 0, 28, 791.62 276 6193762
1605642866, 21, 58, 150, 0, 0, 0.42%, 0, 0, 28, 984.02 276 6208765
1605642871, 21, 71, 150, 0, 0, 0.42%, 0, 0, 28, 1020.50 276 6213921
1605642876, 21, 73, 150, 0, 0, 0.42%, 0, 0, 28, 1000.14 276 6218945
1605642881, 21, 78, 150, 0, 0, 0.42%, 0, 0, 28, 975.39 276 6223856
1605642886, 21, 80, 150, 0, 0, 0.42%, 0, 0, 28, 986.22 276 6228848
1605642891, 21, 82, 150, 0, 0, 0.42%, 0, 0, 28, 982.60 276 6233930
1605642896, 21, 85, 150, 0, 0, 0.42%, 0, 0, 28, 988.37 276 6239112
1605642901, 21, 87, 150, 0, 0, 0.42%, 0, 0, 28, 977.22 276 6243976
1605642907, 21, 89, 150, 0, 0, 0.42%, 0, 0, 28, 1010.74 276 6249145
1605642912, 21, 91, 150, 0, 0, 0.42%, 0, 0, 28, 998.65 276 6254197
1605642917, 21, 94, 150, 0, 0, 0.42%, 0, 0, 28, 983.40 276 6259165
1605642922, 21, 96, 150, 0, 0, 0.42%, 0, 0, 28, 983.43 276 6264286
1605642927, 21, 98, 150, 0, 0, 0.42%, 0, 0, 28, 965.72 276 6269168
1605642932, 21, 100, 150, 0, 0, 0.42%, 0, 0, 28, 976.15 276 6274103
1605642937, 21, 102, 150, 0, 0, 0.42%, 0, 0, 28, 981.88 276 6279043
1605642942, 21, 104, 150, 0, 0, 0.42%, 0, 0, 28, 950.50 276 6283959
1605642947, 21, 107, 150, 0, 0, 0.42%, 0, 0, 28, 951.02 276 6288896
1605642952, 21, 109, 150, 0, 0, 0.42%, 0, 0, 28, 971.23 276 6293828
1605642957, 21, 111, 150, 0, 0, 0.42%, 0, 0, 28, 962.47 276 6298621
1605642963, 21, 113, 150, 0, 0, 0.42%, 0, 0, 28, 958.93 276 6303619
1605642968, 21, 116, 150, 0, 0, 0.42%, 0, 0, 28, 949.51 276 6308451
1605642973, 21, 119, 150, 0, 0, 0.42%, 0, 0, 28, 949.43 276 6313246
1605642978, 21, 121, 150, 0, 0, 0.42%, 0, 0, 28, 944.65 276 6317973
1605642983, 21, 124, 150, 0, 0, 0.42%, 0, 0, 28, 932.07 276 6322677
1605642988, 21, 127, 150, 0, 0, 0.42%, 0, 0, 28, 945.64 276 6327554
1605642993, 21, 129, 150, 0, 0, 0.42%, 0, 0, 28, 933.14 276 6332217
1605642998, 21, 135, 150, 0, 0, 0.42%, 0, 0, 28, 942.21 276 6336981
1605643003, 21, 139, 150, 0, 0, 0.42%, 0, 0, 28, 930.04 276 6341625
1605643008, 21, 143, 150, 0, 0, 0.42%, 0, 0, 28, 911.91 276 6346155
1605643013, 21, 145, 150, 0, 0, 0.42%, 0, 0, 28, 949.86 276 6350971
1605643018, 21, 147, 150, 0, 0, 0.42%, 0, 0, 28, 908.39 276 6355506
