# unix_time, cycles_done, cur_path, paths_total, pending_total, pending_favs, map_size, unique_crashes, unique_hangs, max_depth, execs_per_sec, edge_coverage, total_execs
1601778663, 0, 0, 58, 58, 30, 6.98%, 0, 0, 1, 551.72 0 464
1601778669, 0, 0, 99, 99, 30, 7.08%, 0, 0, 2, 796.91 4637 4925
1601778674, 0, 0, 104, 104, 30, 7.08%, 0, 0, 2, 666.83 4640 8385
1601778679, 0, 0, 111, 111, 30, 7.08%, 0, 0, 2, 606.78 4641 11351
1601778684, 0, 0, 145, 145, 30, 7.32%, 0, 0, 2, 588.49 4794 14374
1601778689, 0, 0, 166, 166, 30, 7.75%, 0, 0, 2, 599.76 5078 17413
1601778694, 0, 0, 181, 181, 30, 7.86%, 0, 0, 2, 588.22 5150 20404
1601778699, 0, 0, 196, 196, 30, 7.90%, 0, 0, 2, 573.94 5180 23263
1601778704, 0, 0, 207, 207, 30, 8.03%, 0, 0, 2, 579.47 5260 26255
1601778709, 0, 0, 218, 218, 30, 8.05%, 0, 0, 2, 572.04 5277 29236
1601778714, 0, 0, 222, 222, 30, 8.08%, 0, 0, 2, 456.96 5295 31582
1601778720, 0, 0, 227, 227, 30, 8.09%, 0, 0, 2, 365.93 5300 33353
1601778725, 0, 0, 232, 232, 30, 8.09%, 0, 0, 2, 317.93 5303 34923
1601778730, 0, 0, 233, 233, 30, 8.09%, 0, 0, 2, 314.87 5305 36497
1601778735, 0, 0, 237, 237, 30, 8.10%, 0, 0, 2, 299.30 5308 37942
1601778740, 0, 0, 239, 239, 30, 8.10%, 0, 0, 2, 312.35 5310 39527
1601778745, 0, 0, 242, 242, 30, 8.11%, 0, 0, 2, 310.98 5316 41093
1601778750, 0, 0, 246, 246, 30, 8.12%, 0, 0, 2, 313.99 5323 42727
1601778755, 0, 0, 250, 250, 30, 8.13%, 0, 0, 2, 304.70 5325 44271
1601778760, 0, 0, 253, 253, 30, 8.13%, 0, 0, 2, 311.20 5330 45831
1601778765, 0, 1, 255, 254, 120, 8.14%, 0, 0, 2, 285.15 5334 47294
1601778770, 0, 1, 261, 260, 120, 8.20%, 0, 0, 2, 232.52 5372 48419
1601778775, 0, 1, 280, 279, 120, 8.33%, 0, 0, 2, 211.17 5462 49455
1601778781, 0, 1, 282, 281, 120, 8.34%, 0, 0, 2, 206.55 5464 50511
1601778822, 0, 1, 286, 285, 120, 8.35%, 0, 0, 2, 198.88 5474 58704
1601778827, 0, 1, 305, 304, 120, 8.72%, 0, 0, 2, 207.50 5715 59759
1601778832, 0, 1, 323, 322, 120, 8.82%, 0, 0, 2, 206.05 5780 60803
1601778837, 0, 1, 367, 366, 120, 8.89%, 0, 0, 2, 202.60 5825 61827
1601778842, 0, 1, 403, 402, 120, 9.01%, 0, 0, 2, 201.32 5907 62835
1601778847, 0, 1, 423, 422, 120, 9.09%, 0, 0, 2, 202.44 5955 63863
1601778852, 0, 1, 439, 438, 120, 9.13%, 0, 0, 2, 202.90 5986 64887
1601778857, 0, 1, 485, 484, 120, 9.29%, 0, 0, 2, 254.70 6090 65874
1601778862, 0, 1, 497, 496, 120, 9.30%, 0, 0, 2, 218.02 6094 66935
1601778913, 0, 1, 504, 503, 120, 9.33%, 0, 0, 2, 207.60 6112 77435
1601778918, 0, 1, 512, 511, 120, 9.33%, 0, 0, 2, 211.82 6115 78531
1601778923, 0, 1, 521, 520, 120, 9.34%, 0, 0, 2, 206.65 6123 79583
1601778928, 0, 1, 533, 532, 120, 9.40%, 0, 0, 2, 197.68 6159 80575
1601778933, 0, 1, 536, 535, 120, 9.40%, 0, 0, 2, 202.14 6161 81593
1601778938, 0, 1, 549, 548, 120, 9.44%, 0, 0, 2, 196.53 6187 82614
1601778944, 0, 1, 558, 557, 120, 9.45%, 0, 0, 2, 200.20 6191 83652
1601778949, 0, 1, 559, 558, 120, 9.45%, 0, 0, 2, 199.28 6192 84688
1601778994, 0, 1, 561, 560, 120, 9.46%, 0, 0, 2, 199.11 6202 93836
1601778999, 0, 1, 563, 562, 120, 9.46%, 0, 0, 2, 199.56 6202 94843
1601779004, 0, 1, 565, 564, 120, 9.46%, 0, 0, 2, 200.48 6202 95845
1601779010, 0, 1, 570, 569, 120, 9.46%, 0, 0, 2, 198.72 6202 96875
1601779015, 0, 1, 572, 571, 120, 9.47%, 0, 0, 2, 197.66 6203 97869
1601779020, 0, 1, 580, 579, 120, 9.50%, 0, 0, 2, 199.74 6225 98871
1601779025, 0, 1, 585, 584, 120, 9.51%, 0, 0, 2, 198.49 6231 99896
1601779030, 0, 1, 587, 586, 120, 9.63%, 0, 0, 2, 199.51 6313 100899
1601779035, 0, 1, 590, 589, 120, 9.63%, 0, 0, 2, 224.70 6314 102005
1601779040, 0, 1, 595, 594, 120, 9.64%, 0, 0, 2, 207.29 6318 103041
1601779045, 0, 1, 596, 595, 120, 9.64%, 0, 0, 2, 208.82 6318 104133
1601779050, 0, 1, 601, 600, 120, 9.65%, 0, 0, 2, 206.21 6322 105185
1601779055, 0, 1, 606, 605, 120, 9.65%, 0, 0, 2, 207.58 6324 106237
1601779060, 0, 1, 609, 608, 120, 9.65%, 0, 0, 2, 205.26 6324 107285
1601779096, 0, 1, 612, 611, 120, 9.65%, 0, 0, 2, 220.45 6325 114545
1601779102, 0, 1, 615, 614, 120, 9.65%, 0, 0, 2, 205.14 6326 115577
1601779107, 0, 1, 616, 615, 120, 9.65%, 0, 0, 2, 203.23 6326 116617
1601779112, 0, 1, 626, 625, 120, 9.65%, 0, 0, 2, 202.82 6326 117657
1601779122, 0, 1, 631, 630, 120, 9.65%, 0, 0, 2, 203.90 6326 119757
1601779127, 0, 1, 632, 631, 120, 9.65%, 0, 0, 2, 204.58 6326 120789
1601779137, 0, 1, 637, 636, 120, 9.65%, 0, 0, 2, 203.12 6326 122869
1601779153, 0, 1, 642, 641, 120, 9.68%, 0, 0, 2, 201.78 6347 125945
1601779158, 0, 1, 647, 646, 120, 9.71%, 0, 0, 2, 207.28 6364 127005
1601779163, 0, 1, 650, 649, 120, 9.72%, 0, 0, 2, 203.18 6370 128029
1601779168, 0, 1, 653, 652, 120, 9.72%, 0, 0, 2, 201.64 6371 129041
1601779173, 0, 1, 656, 655, 120, 9.72%, 0, 0, 2, 199.23 6371 130074
1601779219, 0, 1, 660, 659, 120, 9.72%, 0, 0, 2, 198.12 6373 139130
1601779224, 0, 1, 661, 660, 120, 9.72%, 0, 0, 2, 196.71 6373 140122
1601779234, 0, 1, 662, 661, 120, 9.72%, 0, 0, 2, 196.51 6373 142116
1601779239, 0, 1, 663, 662, 120, 9.72%, 0, 0, 2, 198.23 6373 143117
1601779244, 0, 1, 664, 663, 120, 9.73%, 0, 0, 2, 197.73 6374 144148
1601779249, 0, 1, 678, 677, 120, 9.78%, 0, 0, 2, 205.01 6411 145241
1601779254, 0, 1, 681, 680, 120, 9.79%, 0, 0, 2, 198.61 6418 146267
1601779310, 0, 1, 682, 681, 120, 9.80%, 0, 0, 2, 199.73 6421 157424
1601779448, 0, 1, 684, 683, 120, 9.92%, 0, 0, 2, 202.75 6503 184882
1601779458, 0, 1, 685, 684, 120, 9.92%, 0, 0, 2, 202.78 6504 186926
1601779560, 0, 1, 686, 685, 120, 9.93%, 0, 0, 2, 201.46 6505 207444
1601779565, 0, 1, 690, 689, 120, 9.93%, 0, 0, 2, 202.08 6505 208488
1601779570, 0, 1, 691, 690, 120, 9.93%, 0, 0, 2, 199.41 6505 209518
1601779575, 0, 1, 692, 691, 120, 9.93%, 0, 0, 2, 202.36 6506 210548
1601779580, 0, 1, 693, 692, 120, 9.93%, 0, 0, 2, 202.16 6507 211572
1601779596, 0, 1, 694, 693, 120, 9.93%, 0, 0, 2, 196.86 6507 214660
1601779601, 0, 1, 696, 695, 120, 9.93%, 0, 0, 2, 197.63 6507 215645
1601779611, 0, 1, 698, 697, 120, 9.93%, 0, 0, 2, 200.34 6507 217732
1601779617, 0, 1, 699, 698, 120, 9.93%, 0, 0, 2, 198.03 6509 218759
1601779683, 0, 1, 706, 705, 120, 9.95%, 0, 0, 2, 197.73 6518 231959
1601779688, 0, 1, 708, 707, 120, 9.95%, 0, 0, 2, 194.83 6518 232932
1601779693, 0, 1, 713, 712, 120, 9.95%, 0, 0, 2, 194.31 6519 233905
1601779703, 0, 1, 716, 715, 120, 9.95%, 0, 0, 2, 201.03 6519 235937
1601779719, 0, 1, 717, 716, 120, 9.95%, 0, 0, 2, 200.12 6519 239013
1601779724, 0, 1, 720, 719, 120, 9.95%, 0, 0, 2, 198.36 6519 240048
1601779729, 0, 1, 725, 724, 120, 9.95%, 0, 0, 2, 202.73 6519 241081
1601779734, 0, 1, 728, 727, 120, 9.95%, 0, 0, 2, 198.26 6520 242065
1601779785, 0, 1, 729, 728, 120, 9.95%, 0, 0, 2, 206.27 6520 252185
1601779790, 0, 1, 735, 734, 120, 9.95%, 0, 0, 2, 195.51 6520 253158
1601779795, 0, 1, 736, 735, 120, 9.95%, 0, 0, 2, 194.90 6521 254135
1601779800, 0, 1, 739, 738, 120, 9.95%, 0, 0, 2, 202.19 6521 255164
1601779805, 0, 1, 741, 740, 120, 9.95%, 0, 0, 2, 200.10 6523 256180
1601779815, 0, 1, 742, 741, 120, 9.95%, 0, 0, 2, 201.28 6523 258196
1601779820, 0, 1, 744, 743, 120, 9.96%, 0, 0, 2, 202.65 6525 259240
1601779825, 0, 1, 746, 745, 120, 9.96%, 0, 0, 2, 199.00 6525 260271
1601779836, 0, 1, 749, 748, 120, 9.96%, 0, 0, 2, 194.82 6525 262272
1601779861, 0, 1, 752, 751, 120, 9.96%, 0, 0, 2, 202.97 6526 267352
1601779867, 0, 1, 759, 758, 120, 9.96%, 0, 0, 2, 201.04 6527 268373
1601779872, 0, 1, 789, 788, 120, 10.00%, 0, 0, 2, 219.50 6552 269524
1601779877, 0, 1, 803, 802, 120, 10.00%, 0, 0, 2, 218.06 6554 270678
1601779882, 0, 1, 816, 815, 120, 10.01%, 0, 0, 2, 217.62 6562 271775
1601779887, 0, 1, 825, 824, 120, 10.02%, 0, 0, 2, 224.18 6568 272943
1601779892, 0, 1, 837, 836, 120, 10.03%, 0, 0, 2, 226.80 6574 274111
1601779898, 0, 1, 843, 842, 120, 10.03%, 0, 0, 2, 229.31 6575 275299
1601779903, 0, 1, 851, 850, 120, 10.04%, 0, 0, 2, 231.40 6579 276495
1601779908, 0, 1, 857, 856, 120, 10.04%, 0, 0, 2, 235.32 6583 277703
1601779913, 0, 1, 863, 862, 120, 10.05%, 0, 0, 2, 232.73 6586 278903
1601779918, 0, 1, 872, 871, 120, 10.05%, 0, 0, 2, 231.54 6588 280103
1601779923, 0, 1, 878, 877, 120, 10.05%, 0, 0, 2, 231.63 6589 281303
1601779929, 0, 1, 886, 885, 120, 10.06%, 0, 0, 2, 232.83 6594 282503
1601779934, 0, 1, 892, 891, 120, 10.07%, 0, 0, 2, 231.87 6598 283707
1601779939, 0, 1, 898, 897, 120, 10.07%, 0, 0, 2, 234.36 6600 284923
1601779944, 0, 1, 904, 903, 120, 10.08%, 0, 0, 2, 233.24 6604 286119
1601779949, 0, 1, 916, 915, 120, 10.10%, 0, 0, 2, 231.94 6616 287319
1601779954, 0, 5, 917, 915, 298, 10.10%, 0, 0, 2, 242.66 6616 288563
1601779960, 0, 5, 923, 921, 298, 10.11%, 0, 0, 2, 249.39 6625 289855
1601779965, 0, 5, 937, 935, 298, 10.19%, 0, 0, 2, 249.75 6678 291155
1601779970, 0, 5, 944, 942, 298, 10.19%, 0, 0, 2, 244.32 6679 292339
1601779975, 0, 5, 956, 954, 298, 10.21%, 0, 0, 2, 252.04 6688 293608
1601779980, 0, 5, 958, 956, 298, 10.21%, 0, 0, 2, 253.01 6688 294910
1601779985, 0, 5, 960, 958, 298, 10.21%, 0, 0, 2, 250.62 6689 296151
1601779990, 0, 5, 970, 968, 298, 10.22%, 0, 0, 2, 251.58 6698 297416
1601779995, 0, 5, 974, 972, 298, 10.22%, 0, 0, 2, 251.66 6700 298703
1601780000, 0, 5, 977, 975, 298, 10.23%, 0, 0, 2, 247.13 6703 299935
1601780005, 0, 5, 980, 978, 298, 10.26%, 0, 0, 2, 248.49 6726 301226
1601780016, 0, 5, 983, 981, 298, 10.26%, 0, 0, 2, 253.04 6727 303830
1601780021, 0, 5, 987, 985, 298, 10.26%, 0, 0, 2, 253.43 6727 305132
1601780031, 0, 5, 989, 987, 298, 10.27%, 0, 0, 2, 258.29 6729 307646
1601780036, 0, 5, 990, 988, 298, 10.27%, 0, 0, 2, 256.59 6729 308964
1601780067, 0, 5, 992, 990, 298, 10.27%, 0, 0, 2, 254.46 6731 316760
1601780077, 0, 5, 995, 993, 298, 10.27%, 0, 0, 2, 256.66 6733 319394
1601780083, 0, 5, 1000, 998, 298, 10.27%, 0, 0, 2, 253.92 6733 320694
1601780098, 0, 5, 1001, 999, 298, 10.28%, 0, 0, 2, 253.18 6734 324557
1601780103, 0, 5, 1002, 1000, 298, 10.28%, 0, 0, 2, 252.58 6734 325850
1601780108, 0, 5, 1004, 1002, 298, 10.28%, 0, 0, 2, 254.18 6734 327156
1601780119, 0, 5, 1005, 1003, 298, 10.28%, 0, 0, 2, 256.21 6734 329774
1601780124, 0, 5, 1007, 1005, 298, 10.29%, 0, 0, 2, 257.99 6742 331075
1601780165, 0, 5, 1009, 1007, 298, 10.29%, 0, 0, 2, 255.56 6742 341531
1601780261, 0, 5, 1010, 1008, 298, 10.29%, 0, 0, 2, 248.40 6742 365485
1601780271, 0, 5, 1011, 1009, 298, 10.29%, 0, 0, 2, 246.33 6743 367973
1601780281, 0, 5, 1012, 1010, 298, 10.29%, 0, 0, 2, 247.29 6743 370461
1601780286, 0, 5, 1014, 1012, 298, 10.29%, 0, 0, 2, 245.06 6743 371697
1601780291, 0, 5, 1017, 1015, 298, 10.29%, 0, 0, 2, 245.73 6745 372941
1601780296, 0, 5, 1018, 1016, 298, 10.30%, 0, 0, 2, 249.19 6749 374200
1601780327, 0, 5, 1021, 1019, 298, 10.30%, 0, 0, 2, 247.33 6749 381744
1601780337, 0, 5, 1022, 1020, 298, 10.30%, 0, 0, 2, 246.01 6750 384048
1601780342, 0, 5, 1026, 1024, 298, 10.30%, 0, 0, 2, 245.79 6750 385284
1601780347, 0, 5, 1027, 1025, 298, 10.30%, 0, 0, 2, 247.13 6753 386532
1601780352, 0, 5, 1029, 1027, 298, 10.32%, 0, 0, 2, 246.04 6764 387752
1601780357, 0, 5, 1030, 1028, 298, 10.32%, 0, 0, 2, 248.39 6764 389001
1601780368, 0, 5, 1031, 1029, 298, 10.32%, 0, 0, 2, 250.57 6764 391451
1601780373, 0, 5, 1033, 1031, 298, 10.32%, 0, 0, 2, 248.83 6764 392741
1601780383, 0, 5, 1035, 1033, 298, 10.32%, 0, 0, 2, 244.89 6764 395205
1601780394, 0, 5, 1050, 1048, 298, 10.33%, 0, 0, 2, 265.87 6771 397790
1601780399, 0, 5, 1060, 1058, 298, 10.34%, 0, 0, 2, 260.03 6779 399085
1601780404, 0, 5, 1066, 1064, 298, 10.35%, 0, 0, 2, 259.44 6781 400388
1601780409, 0, 5, 1073, 1071, 298, 10.35%, 0, 0, 2, 260.03 6782 401694
1601780414, 0, 5, 1082, 1080, 298, 10.45%, 0, 0, 2, 258.96 6851 402986
1601780419, 0, 5, 1087, 1085, 298, 10.46%, 0, 0, 2, 254.79 6853 404251
1601780424, 0, 5, 1094, 1092, 298, 10.46%, 0, 0, 2, 259.75 6856 405567
1601780429, 0, 5, 1096, 1094, 298, 10.46%, 0, 0, 2, 262.16 6857 406888
1601780434, 0, 5, 1104, 1102, 298, 10.47%, 0, 0, 2, 261.10 6862 408232
1601780439, 0, 5, 1112, 1110, 298, 10.50%, 0, 0, 2, 263.28 6881 409596
1601780444, 0, 5, 1116, 1114, 298, 10.50%, 0, 0, 2, 264.07 6881 410968
1601780449, 0, 5, 1120, 1118, 298, 10.50%, 0, 0, 2, 257.47 6883 412235
1601780454, 0, 5, 1124, 1122, 298, 10.50%, 0, 0, 2, 264.68 6884 413612
1601780460, 0, 5, 1130, 1128, 298, 10.51%, 0, 0, 2, 264.53 6888 414975
1601780465, 0, 5, 1135, 1133, 298, 10.52%, 0, 0, 2, 266.64 6894 416350
1601780470, 0, 5, 1138, 1136, 298, 10.52%, 0, 0, 2, 266.13 6896 417724
1601780475, 0, 5, 1141, 1139, 298, 10.53%, 0, 0, 2, 265.73 6899 419093
1601780480, 0, 5, 1145, 1143, 298, 10.53%, 0, 0, 2, 260.57 6900 420430
1601780485, 0, 5, 1148, 1146, 298, 10.53%, 0, 0, 2, 264.25 6901 421804
1601780491, 0, 8, 1148, 1145, 352, 10.53%, 0, 0, 2, 270.02 6901 423209
1601780547, 0, 8, 1153, 1150, 352, 10.53%, 0, 0, 2, 203.03 6903 434123
1601780552, 0, 8, 1154, 1151, 352, 10.53%, 0, 0, 2, 203.99 6903 435180
1601780557, 0, 8, 1157, 1154, 352, 10.53%, 0, 0, 2, 198.29 6903 436196
1601780562, 0, 8, 1207, 1204, 352, 10.64%, 0, 0, 2, 197.20 6976 437169
1601780567, 0, 8, 1229, 1226, 352, 10.65%, 0, 0, 2, 189.04 6977 438045
1601780572, 0, 8, 1233, 1230, 352, 10.66%, 0, 0, 2, 197.66 6983 439049
1601780577, 0, 8, 1234, 1231, 352, 10.66%, 0, 0, 2, 203.85 6984 440085
1601780633, 0, 8, 1235, 1232, 352, 10.66%, 0, 0, 2, 207.86 6984 451171
1601780638, 0, 8, 1237, 1234, 352, 10.66%, 0, 0, 2, 200.63 6984 452183
1601780643, 0, 8, 1255, 1252, 352, 10.69%, 0, 0, 2, 176.00 7007 453093
1601780648, 0, 8, 1261, 1258, 352, 10.69%, 0, 0, 2, 192.26 7008 454069
1601780653, 0, 8, 1265, 1262, 352, 10.70%, 0, 0, 2, 197.92 7015 455044
1601780719, 0, 8, 1269, 1266, 352, 10.71%, 0, 0, 2, 196.43 7016 468378
1601780724, 0, 8, 1278, 1275, 352, 10.71%, 0, 0, 2, 193.19 7016 469332
1601780740, 0, 8, 1279, 1276, 352, 10.71%, 0, 0, 2, 200.34 7017 472418
1601780745, 0, 8, 1281, 1278, 352, 10.71%, 0, 0, 2, 205.71 7017 473462
1601780750, 0, 8, 1282, 1279, 352, 10.71%, 0, 0, 2, 220.34 7017 474583
1601780786, 0, 8, 1283, 1280, 352, 10.71%, 0, 0, 2, 227.63 7017 482047
1601780796, 0, 8, 1284, 1281, 352, 10.71%, 0, 0, 2, 228.17 7017 484247
1601780837, 0, 8, 1287, 1284, 352, 10.71%, 0, 0, 2, 204.23 7017 492531
1601780862, 0, 8, 1288, 1285, 352, 10.71%, 0, 0, 2, 204.49 7017 497583
1601780873, 0, 8, 1292, 1289, 352, 10.73%, 0, 0, 2, 163.35 7030 499485
1601780878, 0, 8, 1304, 1301, 352, 10.74%, 0, 0, 2, 205.74 7037 500520
1601780883, 0, 8, 1308, 1305, 352, 10.74%, 0, 0, 2, 219.08 7037 501684
1601780939, 0, 8, 1309, 1306, 352, 10.74%, 0, 0, 2, 201.63 7039 512412
1601780944, 0, 8, 1310, 1307, 352, 10.74%, 0, 0, 2, 207.71 7040 513481
1601781139, 0, 8, 1311, 1308, 352, 10.75%, 0, 0, 2, 214.42 7042 551935
1601781200, 0, 8, 1314, 1311, 352, 10.75%, 0, 0, 2, 199.27 7042 563183
1601781205, 0, 8, 1315, 1312, 352, 10.75%, 0, 0, 2, 187.80 7042 564100
1601781256, 0, 8, 1318, 1315, 352, 10.75%, 0, 0, 2, 188.13 7042 574203
1601781261, 0, 8, 1321, 1318, 352, 10.75%, 0, 0, 2, 185.59 7043 575133
1601781358, 0, 8, 1322, 1319, 352, 10.75%, 0, 0, 2, 207.82 7043 594809
1601781363, 0, 8, 1324, 1321, 352, 10.76%, 0, 0, 2, 196.17 7050 595697
1601781368, 0, 8, 1335, 1332, 352, 10.76%, 0, 0, 2, 200.52 7050 596813
1601781373, 0, 8, 1337, 1334, 352, 10.76%, 0, 0, 2, 175.21 7050 597559
1601781379, 0, 8, 1338, 1335, 352, 10.76%, 0, 0, 2, 194.32 7050 598584
1601781399, 0, 8, 1341, 1338, 352, 10.77%, 0, 0, 2, 206.51 7057 602593
1601781435, 0, 8, 1343, 1340, 352, 10.78%, 0, 0, 2, 208.50 7064 610119
1601781450, 0, 8, 1344, 1341, 352, 10.78%, 0, 0, 2, 212.24 7064 613187
1601781455, 0, 8, 1349, 1346, 352, 10.81%, 0, 0, 2, 207.93 7082 614191
1601781460, 0, 8, 1350, 1347, 352, 10.81%, 0, 0, 2, 140.03 7082 614949
1601781466, 0, 8, 1351, 1348, 352, 10.81%, 0, 0, 2, 189.57 7084 615963
1601781491, 0, 8, 1352, 1349, 352, 10.81%, 0, 0, 2, 248.81 7084 621267
1601781496, 0, 8, 1357, 1354, 352, 10.81%, 0, 0, 2, 263.88 7084 622649
1601781501, 0, 8, 1364, 1361, 352, 10.81%, 0, 0, 2, 264.14 7087 623960
1601781506, 0, 8, 1370, 1367, 352, 10.83%, 0, 0, 2, 262.74 7095 625278
1601781511, 0, 8, 1372, 1369, 352, 10.83%, 0, 0, 2, 265.41 7095 626654
1601781522, 0, 8, 1373, 1370, 352, 10.83%, 0, 0, 2, 268.68 7097 629382
1601781527, 0, 8, 1374, 1371, 352, 10.83%, 0, 0, 2, 266.36 7097 630770
1601781532, 0, 8, 1377, 1374, 352, 10.83%, 0, 0, 2, 264.34 7097 632150
1601781537, 0, 8, 1378, 1375, 352, 10.83%, 0, 0, 2, 268.26 7097 633532
1601781542, 0, 8, 1381, 1378, 352, 10.83%, 0, 0, 2, 263.29 7097 634882
1601781548, 0, 8, 1382, 1379, 352, 10.83%, 0, 0, 2, 268.62 7097 636280
1601781553, 0, 8, 1383, 1380, 352, 10.84%, 0, 0, 2, 266.28 7101 637658
1601781578, 0, 8, 1385, 1382, 352, 10.84%, 0, 0, 2, 262.82 7101 644525
1601781589, 0, 8, 1386, 1383, 352, 10.84%, 0, 0, 2, 267.06 7101 647279
1601781594, 0, 8, 1389, 1386, 352, 10.84%, 0, 0, 2, 267.00 7103 648653
1601781604, 0, 8, 1390, 1387, 352, 10.84%, 0, 0, 2, 265.76 7103 651387
1601781615, 0, 12, 1391, 1387, 397, 10.84%, 0, 0, 2, 264.25 7103 654136
1601781635, 0, 12, 1401, 1397, 397, 10.84%, 0, 0, 2, 257.01 7104 659401
1601781640, 0, 12, 1403, 1399, 397, 10.84%, 0, 0, 2, 253.01 7104 660692
1601781676, 0, 12, 1409, 1405, 397, 10.86%, 0, 0, 2, 256.79 7115 669721
1601781681, 0, 12, 1410, 1406, 397, 10.86%, 0, 0, 2, 257.51 7115 671032
1601781721, 0, 12, 1411, 1407, 397, 10.86%, 0, 0, 2, 255.77 7115 681388
1601781767, 0, 12, 1412, 1408, 397, 10.86%, 0, 0, 2, 260.30 7116 693295
1601781772, 0, 12, 1416, 1412, 397, 10.86%, 0, 0, 2, 237.92 7116 694497
1601781777, 0, 12, 1417, 1413, 397, 10.86%, 0, 0, 2, 255.12 7116 695820
1601781803, 0, 12, 1420, 1416, 397, 10.87%, 0, 0, 2, 267.16 7121 702424
1601781895, 0, 12, 1421, 1417, 397, 10.87%, 0, 0, 2, 251.73 7121 725740
1601781926, 0, 12, 1427, 1423, 397, 10.87%, 0, 0, 2, 252.49 7121 733579
1601781931, 0, 12, 1431, 1427, 397, 10.87%, 0, 0, 2, 251.89 7121 734871
1601781946, 0, 12, 1433, 1429, 397, 10.87%, 0, 0, 2, 255.78 7121 738787
1601781956, 0, 12, 1434, 1430, 397, 10.87%, 0, 0, 2, 258.76 7121 741415
1601781972, 0, 12, 1435, 1431, 397, 10.87%, 0, 0, 2, 254.93 7121 745328
1601781982, 0, 12, 1436, 1432, 397, 10.87%, 0, 0, 2, 257.44 7121 747966
1601781992, 0, 14, 1436, 1431, 401, 10.87%, 0, 0, 2, 267.98 7121 750738
1601782018, 0, 14, 1444, 1439, 401, 10.88%, 0, 0, 2, 265.03 7129 757619
1601782044, 0, 14, 1445, 1440, 401, 10.88%, 0, 0, 2, 266.26 7129 764499
1601782126, 0, 14, 1449, 1444, 401, 10.88%, 0, 0, 2, 278.08 7129 786591
1601782259, 0, 14, 1450, 1445, 401, 10.89%, 0, 0, 2, 263.66 7135 822474
1601782265, 0, 14, 1454, 1449, 401, 10.89%, 0, 0, 2, 266.56 7137 823861
1601782270, 0, 14, 1456, 1451, 401, 10.89%, 0, 0, 2, 265.38 7140 825222
1601782275, 0, 14, 1457, 1452, 401, 10.89%, 0, 0, 2, 268.00 7140 826600
1601782290, 0, 14, 1458, 1453, 401, 10.89%, 0, 0, 2, 271.78 7140 830808
1601782295, 0, 14, 1459, 1454, 401, 10.89%, 0, 0, 2, 270.52 7140 832186
1601782306, 0, 14, 1461, 1456, 401, 10.93%, 0, 0, 2, 269.65 7160 834942
1601782311, 0, 14, 1463, 1458, 401, 10.93%, 0, 0, 2, 267.21 7161 836328
1601782316, 0, 14, 1464, 1459, 401, 10.93%, 0, 0, 2, 281.71 7164 837787
1601782331, 0, 14, 1465, 1460, 401, 10.93%, 0, 0, 2, 272.76 7164 841945
1601782336, 0, 14, 1467, 1462, 401, 10.94%, 0, 0, 2, 271.71 7168 843321
1601782342, 0, 14, 1468, 1463, 401, 10.94%, 0, 0, 2, 272.96 7168 844724
1601782347, 0, 14, 1471, 1466, 401, 10.96%, 0, 0, 2, 338.61 7182 846109
1601782377, 0, 14, 1472, 1467, 401, 10.96%, 0, 0, 2, 283.70 7184 854296
1601782382, 0, 15, 1472, 1466, 407, 10.96%, 0, 0, 2, 276.96 7184 855674
1601782387, 0, 15, 1473, 1467, 407, 10.96%, 0, 0, 2, 237.09 7184 856866
1601782408, 0, 15, 1479, 1473, 407, 10.96%, 0, 0, 2, 212.53 7184 861138
1601782413, 0, 15, 1483, 1477, 407, 10.96%, 0, 0, 2, 206.53 7184 862186
1601782443, 0, 15, 1484, 1478, 407, 10.96%, 0, 0, 2, 219.82 7184 868674
1601782449, 0, 15, 1497, 1491, 407, 10.97%, 0, 0, 2, 228.58 7188 869838
1601782454, 0, 15, 1506, 1500, 407, 10.97%, 0, 0, 2, 216.39 7188 870910
1601782479, 0, 15, 1509, 1503, 407, 10.98%, 0, 0, 2, 203.24 7196 876122
1601782484, 0, 15, 1510, 1504, 407, 10.98%, 0, 0, 2, 205.99 7196 877174
1601782520, 0, 15, 1515, 1509, 407, 10.98%, 0, 0, 2, 220.39 7198 884770
1601782546, 0, 15, 1516, 1510, 407, 10.98%, 0, 0, 2, 205.10 7198 890025
1601782592, 0, 15, 1520, 1514, 407, 10.98%, 0, 0, 2, 215.54 7199 899669
1601782602, 0, 15, 1523, 1517, 407, 10.98%, 0, 0, 2, 208.68 7199 901806
1601782607, 0, 15, 1524, 1518, 407, 10.98%, 0, 0, 2, 227.47 7199 902958
1601782637, 0, 15, 1525, 1519, 407, 10.99%, 0, 0, 2, 204.44 7200 909314
1601782643, 0, 15, 1526, 1520, 407, 10.99%, 0, 0, 2, 204.84 7200 910370
1601782648, 0, 15, 1528, 1522, 407, 10.99%, 0, 0, 2, 201.94 7200 911346
1601782653, 0, 15, 1529, 1523, 407, 10.99%, 0, 0, 2, 203.72 7201 912398
1601782678, 0, 15, 1530, 1524, 407, 10.99%, 0, 0, 2, 230.53 7201 918006
1601782745, 0, 15, 1533, 1527, 407, 10.99%, 0, 0, 2, 224.65 7201 932462
1601782750, 0, 15, 1538, 1532, 407, 10.99%, 0, 0, 2, 247.27 7201 933714
1601782755, 0, 15, 1539, 1533, 407, 10.99%, 0, 0, 2, 233.51 7201 934898
1601782760, 0, 15, 1540, 1534, 407, 10.99%, 0, 0, 2, 213.23 7201 935950
1601782765, 0, 15, 1541, 1535, 407, 10.99%, 0, 0, 2, 223.79 7201 937086
1601782775, 0, 15, 1542, 1536, 407, 10.99%, 0, 0, 2, 212.63 7201 939199
1601782821, 0, 15, 1543, 1537, 407, 10.99%, 0, 0, 2, 204.65 7201 948683
1601782887, 0, 15, 1544, 1538, 407, 10.99%, 0, 0, 2, 222.20 7201 964291
1601782984, 0, 15, 1546, 1540, 407, 10.99%, 0, 0, 2, 215.19 7204 985305
1601782989, 0, 15, 1547, 1541, 407, 10.99%, 0, 0, 2, 218.94 7204 986438
1601783039, 0, 15, 1550, 1544, 407, 10.99%, 0, 0, 2, 211.98 7204 997559
1601783075, 0, 15, 1551, 1545, 407, 10.99%, 0, 0, 2, 204.27 7204 1004970
1601783137, 0, 15, 1554, 1548, 407, 10.99%, 0, 0, 2, 246.88 7204 1019458
1601783142, 0, 15, 1555, 1549, 407, 10.99%, 0, 0, 2, 218.71 7204 1020526
1601783147, 0, 15, 1556, 1550, 407, 10.99%, 0, 0, 2, 208.53 7204 1021578
1601783157, 0, 15, 1557, 1551, 407, 10.99%, 0, 0, 2, 217.01 7205 1023718
1601783224, 0, 15, 1559, 1553, 407, 10.99%, 0, 0, 2, 245.28 7205 1039058
1601783229, 0, 15, 1560, 1554, 407, 11.01%, 0, 0, 2, 217.06 7213 1040158
1601783239, 0, 18, 1560, 1553, 418, 11.01%, 0, 0, 2, 260.14 7213 1042661
1601783244, 0, 18, 1563, 1556, 418, 11.01%, 0, 0, 2, 274.07 7214 1044117
1601783260, 0, 18, 1570, 1563, 418, 11.02%, 0, 0, 2, 266.74 7225 1048093
1601783285, 0, 18, 1586, 1579, 418, 11.05%, 0, 0, 2, 269.92 7241 1055031
1601783290, 0, 18, 1590, 1583, 418, 11.05%, 0, 0, 2, 262.22 7244 1056356
1601783296, 0, 18, 1591, 1584, 418, 11.05%, 0, 0, 2, 270.90 7244 1057739
1601783306, 0, 18, 1592, 1585, 418, 11.05%, 0, 0, 2, 271.62 7244 1060502
1601783331, 0, 18, 1608, 1601, 418, 11.07%, 0, 0, 2, 275.64 7252 1067175
1601783336, 0, 18, 1609, 1602, 418, 11.07%, 0, 0, 2, 288.93 7253 1068655
1601783372, 0, 18, 1610, 1603, 418, 11.07%, 0, 0, 2, 279.50 7253 1078603
1601783377, 0, 18, 1617, 1610, 418, 11.09%, 0, 0, 2, 274.97 7267 1080019
1601783387, 0, 18, 1618, 1611, 418, 11.09%, 0, 0, 2, 281.76 7267 1082840
1601783433, 0, 18, 1619, 1612, 418, 11.09%, 0, 0, 2, 274.27 7267 1095368
1601783443, 0, 18, 1620, 1613, 418, 11.09%, 0, 0, 2, 280.81 7267 1098226
1601783448, 0, 18, 1625, 1618, 418, 11.09%, 0, 0, 2, 278.25 7270 1099636
1601783454, 0, 18, 1632, 1625, 418, 11.09%, 0, 0, 2, 275.55 7270 1101062
1601783464, 0, 18, 1633, 1626, 418, 11.10%, 0, 0, 2, 282.39 7274 1103890
1601783571, 0, 18, 1636, 1629, 418, 11.10%, 0, 0, 2, 280.24 7274 1133661
1601783586, 0, 18, 1637, 1630, 418, 11.10%, 0, 0, 2, 278.08 7274 1137929
1601783591, 0, 18, 1639, 1632, 418, 11.10%, 0, 0, 2, 277.67 7274 1139340
1601783627, 0, 18, 1643, 1636, 418, 11.10%, 0, 0, 2, 273.48 7274 1149019
1601783637, 0, 18, 1645, 1638, 418, 11.10%, 0, 0, 2, 277.36 7274 1151872
1601783642, 0, 18, 1647, 1640, 418, 11.10%, 0, 0, 2, 269.33 7274 1153251
1601783647, 0, 18, 1648, 1641, 418, 11.10%, 0, 0, 2, 273.60 7274 1154657
1601783653, 0, 18, 1649, 1642, 418, 11.10%, 0, 0, 2, 275.56 7274 1156085
1601783683, 0, 18, 1652, 1645, 418, 11.10%, 0, 0, 2, 274.94 7274 1164409
1601783688, 0, 18, 1653, 1646, 418, 11.10%, 0, 0, 2, 269.28 7274 1165787
1601783693, 0, 18, 1657, 1650, 418, 11.12%, 0, 0, 2, 279.68 7287 1167197
1601783698, 0, 18, 1658, 1651, 418, 11.12%, 0, 0, 2, 284.67 7289 1168625
1601783703, 0, 18, 1660, 1653, 418, 11.13%, 0, 0, 2, 283.01 7293 1170046
1601783708, 0, 18, 1662, 1655, 418, 11.13%, 0, 0, 2, 281.64 7297 1171467
1601783713, 0, 18, 1663, 1656, 418, 11.13%, 0, 0, 2, 274.06 7297 1172840
1601783718, 0, 18, 1666, 1659, 418, 11.13%, 0, 0, 2, 279.15 7297 1174229
1601783729, 0, 18, 1667, 1660, 418, 11.14%, 0, 0, 2, 286.47 7298 1177107
1601783734, 0, 18, 1668, 1661, 418, 11.14%, 0, 0, 2, 282.85 7298 1178525
1601783744, 0, 18, 1670, 1663, 418, 11.14%, 0, 0, 2, 284.07 7299 1181386
1601783754, 0, 18, 1671, 1664, 418, 11.14%, 0, 0, 2, 283.14 7299 1184239
1601783764, 0, 18, 1673, 1666, 418, 11.15%, 0, 0, 2, 283.75 7307 1187105
1601783774, 0, 18, 1675, 1668, 418, 11.15%, 0, 0, 2, 284.96 7307 1189976
1601783779, 0, 19, 1676, 1668, 431, 11.15%, 0, 0, 2, 269.51 7307 1191355
1601783784, 0, 19, 1678, 1670, 431, 11.17%, 0, 0, 2, 255.45 7322 1192642
1601783804, 0, 19, 1680, 1672, 431, 11.18%, 0, 0, 2, 251.28 7325 1197763
1601783810, 0, 19, 1681, 1673, 431, 11.18%, 0, 0, 2, 252.08 7325 1199061
1601783815, 0, 19, 1684, 1676, 431, 11.18%, 0, 0, 2, 250.96 7325 1200325
1601783820, 0, 19, 1705, 1697, 431, 11.19%, 0, 0, 2, 243.53 7331 1201532
1601783825, 0, 19, 1721, 1713, 431, 11.20%, 0, 0, 2, 248.27 7340 1202822
1601783850, 0, 19, 1722, 1714, 431, 11.20%, 0, 0, 2, 249.07 7340 1209291
1601783855, 0, 19, 1723, 1715, 431, 11.20%, 0, 0, 2, 253.03 7340 1210577
1601783860, 0, 19, 1726, 1718, 431, 11.20%, 0, 0, 2, 251.37 7341 1211846
1601783866, 0, 19, 1730, 1722, 431, 11.21%, 0, 0, 2, 250.51 7344 1213147
1601783871, 0, 19, 1731, 1723, 431, 11.21%, 0, 0, 2, 250.68 7344 1214415
1601783901, 0, 19, 1733, 1725, 431, 11.21%, 0, 0, 2, 250.78 7346 1222016
1601783907, 0, 19, 1736, 1728, 431, 11.21%, 0, 0, 2, 248.88 7346 1223306
1601783917, 0, 19, 1740, 1732, 431, 11.21%, 0, 0, 2, 249.05 7346 1225855
1601783922, 0, 19, 1741, 1733, 431, 11.21%, 0, 0, 2, 253.05 7346 1227152
1601783968, 0, 19, 1742, 1734, 431, 11.21%, 0, 0, 2, 250.29 7346 1238679
1601783978, 0, 19, 1743, 1735, 431, 11.21%, 0, 0, 2, 246.15 7346 1241147
1601783988, 0, 19, 1744, 1736, 431, 11.21%, 0, 0, 2, 245.06 7346 1243627
1601783993, 0, 19, 1745, 1737, 431, 11.21%, 0, 0, 2, 242.29 7346 1244883
1601784024, 0, 19, 1749, 1741, 431, 11.21%, 0, 0, 2, 238.25 7347 1252247
1601784044, 0, 19, 1752, 1744, 431, 11.21%, 0, 0, 2, 246.77 7348 1257301
1601784213, 0, 19, 1753, 1745, 431, 11.21%, 0, 0, 2, 243.52 7348 1298106
1601784228, 0, 19, 1754, 1746, 431, 11.21%, 0, 0, 2, 243.62 7348 1301830
1601784233, 0, 19, 1758, 1750, 431, 11.21%, 0, 0, 2, 241.96 7348 1303046
1601784243, 0, 19, 1762, 1754, 431, 11.21%, 0, 0, 2, 247.72 7348 1305511
1601784293, 0, 19, 1763, 1755, 431, 11.21%, 0, 0, 2, 245.24 7348 1317863
1601784309, 0, 19, 1764, 1756, 431, 11.21%, 0, 0, 2, 243.29 7348 1321559
1601784314, 0, 19, 1770, 1762, 431, 11.21%, 0, 0, 2, 242.91 7348 1322827
1601784349, 0, 19, 1772, 1764, 431, 11.21%, 0, 0, 2, 244.74 7348 1331550
1601784359, 0, 19, 1774, 1766, 431, 11.21%, 0, 0, 2, 238.02 7348 1333926
1601784364, 0, 19, 1775, 1767, 431, 11.21%, 0, 0, 2, 242.77 7349 1335166
1601784375, 0, 19, 1776, 1768, 431, 11.21%, 0, 0, 2, 241.25 7349 1337634
1601784385, 0, 19, 1781, 1773, 431, 11.22%, 0, 0, 2, 247.90 7354 1340116
1601784390, 0, 19, 1783, 1775, 431, 11.22%, 0, 0, 2, 256.93 7354 1341300
1601784395, 0, 19, 1786, 1778, 431, 11.22%, 0, 0, 2, 253.08 7356 1342599
1601784400, 0, 19, 1788, 1780, 431, 11.23%, 0, 0, 2, 251.58 7358 1343880
1601784405, 0, 19, 1791, 1783, 431, 11.23%, 0, 0, 2, 251.29 7358 1345174
1601784416, 0, 19, 1794, 1786, 431, 11.23%, 0, 0, 2, 255.75 7361 1347803
1601784431, 0, 19, 1796, 1788, 431, 11.23%, 0, 0, 2, 255.48 7361 1351744
1601784436, 0, 19, 1798, 1790, 431, 11.23%, 0, 0, 2, 255.18 7362 1353050
1601784441, 0, 19, 1799, 1791, 431, 11.23%, 0, 0, 2, 254.46 7362 1354348
1601784446, 0, 19, 1803, 1795, 431, 11.24%, 0, 0, 2, 256.10 7365 1355660
1601784462, 0, 19, 1806, 1798, 431, 11.24%, 0, 0, 2, 256.75 7368 1359574
1601784472, 0, 19, 1808, 1800, 431, 11.24%, 0, 0, 2, 254.78 7368 1362205
1601784482, 0, 25, 1810, 1801, 451, 11.24%, 0, 0, 2, 250.63 7368 1364759
1601784503, 0, 25, 1811, 1802, 451, 11.25%, 0, 0, 2, 255.53 7372 1370027
1601784508, 0, 25, 1813, 1804, 451, 11.25%, 0, 0, 2, 254.98 7375 1371332
1601784534, 0, 25, 1815, 1806, 451, 11.26%, 0, 0, 2, 256.44 7378 1377876
1601784615, 0, 25, 1818, 1809, 451, 11.27%, 0, 0, 2, 258.13 7383 1398812
1601784819, 0, 26, 1818, 1808, 453, 11.27%, 0, 0, 2, 270.26 7383 1450824
1601784829, 0, 26, 1823, 1813, 453, 11.32%, 0, 0, 2, 266.55 7421 1453642
1601784891, 0, 26, 1827, 1817, 453, 11.34%, 0, 0, 2, 262.24 7429 1469939
1601784896, 0, 26, 1836, 1826, 453, 11.34%, 0, 0, 2, 259.29 7435 1471241
1601784901, 0, 26, 1838, 1828, 453, 11.34%, 0, 0, 2, 266.65 7435 1472627
1601784972, 0, 26, 1839, 1829, 453, 11.34%, 0, 0, 2, 261.18 7435 1491255
1601784977, 0, 26, 1840, 1830, 453, 11.34%, 0, 0, 2, 260.84 7435 1492568
1601784982, 0, 26, 1845, 1835, 453, 11.34%, 0, 0, 2, 257.50 7435 1493868
1601784987, 0, 26, 1850, 1840, 453, 11.34%, 0, 0, 2, 261.17 7435 1495173
1601784992, 0, 26, 1852, 1842, 453, 11.34%, 0, 0, 2, 262.28 7435 1496455
1601784997, 0, 26, 1853, 1843, 453, 11.34%, 0, 0, 2, 263.36 7435 1497773
1601785063, 0, 26, 1856, 1846, 453, 11.34%, 0, 0, 2, 258.89 7435 1514972
1601785149, 0, 26, 1857, 1847, 453, 11.34%, 0, 0, 2, 257.82 7435 1537370
1601785154, 0, 26, 1858, 1848, 453, 11.34%, 0, 0, 2, 258.78 7435 1538688
1601785165, 0, 26, 1859, 1849, 453, 11.34%, 0, 0, 2, 261.19 7435 1541316
1601785231, 0, 26, 1861, 1851, 453, 11.35%, 0, 0, 2, 255.02 7436 1558417
1601785322, 0, 26, 1862, 1852, 453, 11.35%, 0, 0, 2, 249.75 7437 1582010
1601785347, 0, 26, 1863, 1853, 453, 11.35%, 0, 0, 2, 260.15 7441 1588573
1601785362, 0, 26, 1864, 1854, 453, 11.35%, 0, 0, 2, 265.62 7441 1592601
1601785403, 0, 26, 1868, 1858, 453, 11.36%, 0, 0, 2, 252.34 7442 1603063
1601785530, 0, 26, 1869, 1859, 453, 11.36%, 0, 0, 2, 246.09 7442 1634945
1601785535, 0, 26, 1870, 1860, 453, 11.36%, 0, 0, 2, 247.70 7443 1636201
1601785571, 0, 26, 1871, 1861, 453, 11.36%, 0, 0, 2, 259.74 7443 1645146
1601785611, 0, 26, 1873, 1863, 453, 11.36%, 0, 0, 2, 251.93 7444 1655627
1601785622, 0, 26, 1874, 1864, 453, 11.36%, 0, 0, 2, 249.24 7444 1658202
1601785861, 0, 26, 1875, 1865, 453, 11.36%, 0, 0, 2, 258.88 7444 1718557
1601785877, 0, 26, 1876, 1866, 453, 11.36%, 0, 0, 2, 262.18 7444 1722504
1601785897, 0, 26, 1877, 1867, 453, 11.36%, 0, 0, 2, 250.23 7444 1727657
1601785907, 0, 26, 1878, 1868, 453, 11.36%, 0, 0, 2, 253.44 7446 1730210
1601785984, 0, 26, 1879, 1869, 453, 11.36%, 0, 0, 2, 250.50 7446 1749784
1601785999, 0, 26, 1880, 1870, 453, 11.36%, 0, 0, 2, 260.04 7446 1753727
1601786050, 0, 26, 1882, 1872, 453, 11.36%, 0, 0, 2, 250.17 7447 1766653
1601786065, 0, 26, 1883, 1873, 453, 11.36%, 0, 0, 2, 256.93 7447 1770571
1601786075, 0, 26, 1885, 1875, 453, 11.36%, 0, 0, 2, 264.54 7447 1773246
1601786101, 0, 26, 1886, 1876, 453, 11.36%, 0, 0, 2, 256.59 7447 1779819
1601786106, 0, 26, 1888, 1878, 453, 11.36%, 0, 0, 2, 251.69 7447 1781070
1601786121, 0, 26, 1890, 1880, 453, 11.36%, 0, 0, 2, 251.77 7447 1784956
1601786177, 0, 26, 1894, 1884, 453, 11.36%, 0, 0, 2, 250.26 7448 1799057
1601786182, 0, 26, 1896, 1886, 453, 11.36%, 0, 0, 2, 249.13 7448 1800349
1601786203, 0, 26, 1899, 1889, 453, 11.37%, 0, 0, 2, 264.09 7449 1805503
1601786208, 0, 26, 1904, 1894, 453, 11.37%, 0, 0, 2, 271.28 7449 1806888
1601786213, 0, 26, 1907, 1897, 453, 11.37%, 0, 0, 2, 273.12 7449 1808292
1601786218, 0, 26, 1910, 1900, 453, 11.37%, 0, 0, 2, 273.36 7449 1809696
1601786223, 0, 26, 1912, 1902, 453, 11.37%, 0, 0, 2, 273.31 7449 1811082
1601786233, 0, 26, 1914, 1904, 453, 11.37%, 0, 0, 2, 275.44 7449 1813913
1601786264, 0, 26, 1915, 1905, 453, 11.37%, 0, 0, 2, 274.57 7449 1822346
1601786269, 0, 26, 1916, 1906, 453, 11.37%, 0, 0, 2, 274.28 7449 1823759
1601786295, 0, 27, 1916, 1905, 462, 11.37%, 0, 0, 2, 260.38 7449 1830705
1601786320, 0, 27, 1917, 1906, 462, 11.37%, 0, 0, 2, 250.44 7449 1837123
1601786325, 0, 27, 1918, 1907, 462, 11.37%, 0, 0, 2, 250.57 7449 1838391
1601786330, 0, 27, 1928, 1917, 462, 11.40%, 0, 0, 2, 254.81 7469 1839685
1601786366, 0, 27, 1929, 1918, 462, 11.40%, 0, 0, 2, 252.81 7470 1848776
1601786402, 0, 27, 1930, 1919, 462, 11.40%, 0, 0, 2, 250.69 7470 1857860
1601786428, 0, 27, 1931, 1920, 462, 11.40%, 0, 0, 2, 254.02 7471 1864336
1601786458, 0, 27, 1932, 1921, 462, 11.40%, 0, 0, 2, 252.35 7473 1872139
1601786474, 0, 27, 1933, 1922, 462, 11.40%, 0, 0, 2, 252.79 7473 1875967
1601786484, 0, 27, 1934, 1923, 462, 11.41%, 0, 0, 2, 256.40 7475 1878555
1601786489, 0, 27, 1936, 1925, 462, 11.41%, 0, 0, 2, 250.87 7476 1879821
1601786632, 0, 27, 1937, 1926, 462, 11.41%, 0, 0, 2, 252.17 7476 1915810
1601786673, 0, 27, 1940, 1929, 462, 11.41%, 0, 0, 2, 252.58 7476 1926165
1601786739, 0, 27, 1941, 1930, 462, 11.41%, 0, 0, 2, 254.14 7476 1943051
1601786754, 0, 27, 1943, 1932, 462, 11.41%, 0, 0, 2, 266.47 7476 1947064
1601786760, 0, 27, 1944, 1933, 462, 11.41%, 0, 0, 2, 268.62 7476 1948442
1601786765, 0, 27, 1945, 1934, 462, 11.41%, 0, 0, 2, 268.85 7476 1949815
1601786780, 0, 27, 1947, 1936, 462, 11.41%, 0, 0, 2, 271.60 7476 1953936
1601786811, 0, 27, 1948, 1937, 462, 11.41%, 0, 0, 2, 267.38 7476 1962159
1601786826, 0, 27, 1949, 1938, 462, 11.41%, 0, 0, 2, 268.05 7476 1966287
1601786837, 0, 27, 1951, 1940, 462, 11.41%, 0, 0, 2, 266.22 7476 1969033
1601786842, 0, 35, 1951, 1939, 469, 11.41%, 0, 0, 2, 266.63 7476 1970403
1601786965, 0, 35, 1952, 1940, 469, 11.41%, 0, 0, 2, 267.77 7476 2003214
1601787021, 0, 36, 1952, 1939, 468, 11.41%, 0, 0, 2, 233.60 7476 2018171
1601787032, 0, 36, 1958, 1945, 468, 11.41%, 0, 0, 2, 199.11 7477 2020270
1601787150, 0, 36, 1963, 1950, 468, 11.50%, 0, 0, 2, 193.59 7538 2043141
1601787231, 0, 36, 1966, 1953, 468, 11.51%, 0, 0, 2, 197.39 7542 2058853
1601787236, 0, 36, 1982, 1969, 468, 11.52%, 0, 0, 2, 194.14 7553 2059862
1601787241, 0, 36, 1990, 1977, 468, 11.53%, 0, 0, 2, 192.31 7555 2060846
1601787246, 0, 36, 2000, 1987, 468, 11.53%, 0, 0, 2, 193.92 7555 2061842
1601787252, 0, 36, 2005, 1992, 468, 11.53%, 0, 0, 2, 192.25 7555 2062834
1601787257, 0, 36, 2010, 1997, 468, 11.53%, 0, 0, 2, 191.16 7555 2063818
1601787262, 0, 36, 2014, 2001, 468, 11.53%, 0, 0, 2, 192.29 7555 2064777
1601787267, 0, 36, 2021, 2008, 468, 11.53%, 0, 0, 2, 193.64 7558 2065781
1601787272, 0, 36, 2025, 2012, 468, 11.53%, 0, 0, 2, 193.39 7558 2066773
1601787277, 0, 36, 2027, 2014, 468, 11.53%, 0, 0, 2, 193.95 7558 2067770
1601787282, 0, 36, 2030, 2017, 468, 11.53%, 0, 0, 2, 198.08 7559 2068803
1601787480, 0, 36, 2032, 2019, 468, 11.53%, 0, 0, 2, 200.40 7559 2108194
1601787486, 0, 36, 2044, 2031, 468, 11.54%, 0, 0, 2, 197.92 7564 2109215
1601787491, 0, 36, 2049, 2036, 468, 11.54%, 0, 0, 2, 196.36 7565 2110235
1601787496, 0, 36, 2050, 2037, 468, 11.54%, 0, 0, 2, 194.73 7565 2111234
1601787501, 0, 36, 2051, 2038, 468, 11.54%, 0, 0, 2, 194.59 7565 2112235
1601787506, 0, 36, 2052, 2039, 468, 11.54%, 0, 0, 2, 193.94 7565 2113209
1601787511, 0, 36, 2055, 2042, 468, 11.54%, 0, 0, 2, 196.83 7565 2114196
1601787516, 0, 36, 2058, 2045, 468, 11.56%, 0, 0, 2, 193.81 7578 2115201
1601787521, 0, 36, 2060, 2047, 468, 11.56%, 0, 0, 2, 196.53 7578 2116225
1601787527, 0, 36, 2064, 2051, 468, 11.56%, 0, 0, 2, 201.01 7579 2117269
1601787532, 0, 36, 2065, 2052, 468, 11.56%, 0, 0, 2, 200.91 7579 2118277
1601787735, 0, 36, 2068, 2055, 468, 11.56%, 0, 0, 2, 191.47 7579 2158178
1601787740, 0, 36, 2070, 2057, 468, 11.56%, 0, 0, 2, 189.46 7579 2159151
1601787745, 0, 36, 2071, 2058, 468, 11.56%, 0, 0, 2, 190.38 7579 2160128
1601787761, 0, 36, 2073, 2060, 468, 11.57%, 0, 0, 2, 191.35 7580 2163057
1601787766, 0, 36, 2074, 2061, 468, 11.57%, 0, 0, 2, 190.98 7581 2164037
1601787771, 0, 36, 2075, 2062, 468, 11.57%, 0, 0, 2, 190.43 7581 2165014
1601787776, 0, 36, 2078, 2065, 468, 11.58%, 0, 0, 2, 194.69 7588 2166020
1601787812, 0, 36, 2079, 2066, 468, 11.58%, 0, 0, 2, 191.22 7588 2173002
1601787817, 0, 36, 2082, 2069, 468, 11.58%, 0, 0, 2, 190.46 7589 2173998
1601787823, 0, 36, 2083, 2070, 468, 11.58%, 0, 0, 2, 202.22 7589 2174998
1601787909, 0, 36, 2085, 2072, 468, 11.58%, 0, 0, 2, 208.27 7589 2192154
1601787914, 0, 36, 2086, 2073, 468, 11.58%, 0, 0, 2, 196.53 7590 2193155
1601787925, 0, 36, 2087, 2074, 468, 11.58%, 0, 0, 2, 193.84 7591 2195146
1601787930, 0, 36, 2090, 2077, 468, 11.58%, 0, 0, 2, 190.88 7592 2196124
1601787935, 0, 36, 2095, 2082, 468, 11.58%, 0, 0, 2, 193.24 7592 2197130
1601787981, 0, 36, 2096, 2083, 468, 11.58%, 0, 0, 2, 191.84 7592 2205838
1601788016, 0, 36, 2097, 2084, 468, 11.58%, 0, 0, 2, 192.79 7592 2212569
1601788021, 0, 36, 2098, 2085, 468, 11.58%, 0, 0, 2, 189.64 7592 2213549
1601788037, 0, 36, 2099, 2086, 468, 11.58%, 0, 0, 2, 186.32 7592 2216428
1601788062, 0, 36, 2100, 2087, 468, 11.58%, 0, 0, 2, 200.63 7592 2221234
1601788123, 0, 36, 2101, 2088, 468, 11.58%, 0, 0, 2, 191.07 7592 2232917
1601788129, 0, 36, 2102, 2089, 468, 11.58%, 0, 0, 2, 191.56 7592 2233900
1601788201, 0, 36, 2103, 2090, 468, 11.58%, 0, 0, 2, 192.42 7592 2247549
1601788211, 0, 36, 2104, 2091, 468, 11.58%, 0, 0, 2, 194.37 7592 2249534
1601788318, 0, 36, 2105, 2092, 468, 11.58%, 0, 0, 2, 190.63 7592 2270371
1601788667, 0, 36, 2106, 2093, 468, 11.58%, 0, 0, 2, 193.99 7592 2336680
1601788800, 0, 36, 2107, 2094, 468, 11.58%, 0, 0, 2, 195.48 7592 2361984
1601788821, 0, 36, 2109, 2096, 468, 11.58%, 0, 0, 2, 192.26 7592 2365906
1601788862, 0, 36, 2112, 2099, 468, 11.58%, 0, 0, 2, 190.84 7592 2373918
1601788893, 0, 36, 2113, 2100, 468, 11.58%, 0, 0, 2, 189.67 7592 2379794
1601789001, 0, 36, 2114, 2101, 468, 11.58%, 0, 0, 2, 192.18 7592 2400542
1601789021, 0, 36, 2115, 2102, 468, 11.58%, 0, 0, 2, 188.31 7592 2404462
1601789026, 0, 36, 2119, 2106, 468, 11.58%, 0, 0, 2, 188.81 7592 2405433
1601789098, 0, 36, 2121, 2108, 468, 11.58%, 0, 0, 2, 187.68 7592 2419141
1601789119, 0, 36, 2122, 2109, 468, 11.58%, 0, 0, 2, 189.38 7592 2423067
1601789129, 0, 36, 2123, 2110, 468, 11.58%, 0, 0, 2, 188.94 7592 2425025
1601789212, 0, 36, 2126, 2113, 468, 11.58%, 0, 0, 2, 192.90 7592 2440715
1601789217, 0, 36, 2128, 2115, 468, 11.58%, 0, 0, 2, 193.10 7592 2441706
1601789237, 0, 36, 2130, 2117, 468, 11.58%, 0, 0, 2, 200.49 7592 2445746
1601789242, 0, 36, 2131, 2118, 468, 11.58%, 0, 0, 2, 201.03 7592 2446758
1601789298, 0, 36, 2133, 2120, 468, 11.58%, 0, 0, 2, 196.86 7592 2457742
1601789308, 0, 36, 2134, 2121, 468, 11.58%, 0, 0, 2, 193.26 7592 2459700
1601789329, 0, 36, 2138, 2125, 468, 11.58%, 0, 0, 2, 189.41 7592 2463482
1601789334, 0, 36, 2143, 2130, 468, 11.59%, 0, 0, 2, 191.39 7594 2464467
1601789344, 0, 36, 2144, 2131, 468, 11.59%, 0, 0, 2, 193.66 7594 2466416
1601789359, 0, 36, 2145, 2132, 468, 11.59%, 0, 0, 2, 190.18 7594 2469346
1601789400, 0, 36, 2146, 2133, 468, 11.59%, 0, 0, 2, 190.06 7594 2476929
1601789436, 0, 36, 2147, 2134, 468, 11.59%, 0, 0, 2, 189.25 7594 2483678
1601789461, 0, 36, 2148, 2135, 468, 11.59%, 0, 0, 2, 191.12 7594 2488510
1601789477, 0, 36, 2149, 2136, 468, 11.59%, 0, 0, 2, 191.49 7594 2491395
1601789487, 0, 36, 2150, 2137, 468, 11.59%, 0, 0, 2, 194.68 7594 2493407
1601789492, 0, 36, 2152, 2139, 468, 11.59%, 0, 0, 2, 195.03 7594 2494407
1601789549, 0, 36, 2153, 2140, 468, 11.59%, 0, 0, 2, 195.43 7594 2505200
1601789559, 0, 36, 2154, 2141, 468, 11.59%, 0, 0, 2, 193.73 7594 2507179
1601789569, 0, 36, 2157, 2144, 468, 11.59%, 0, 0, 2, 202.96 7597 2509166
1601789574, 0, 36, 2164, 2151, 468, 11.59%, 0, 0, 2, 212.62 7598 2510280
1601789580, 0, 36, 2169, 2156, 468, 11.60%, 0, 0, 2, 214.74 7602 2511388
1601789585, 0, 36, 2171, 2158, 468, 11.60%, 0, 0, 2, 214.09 7602 2512492
1601789590, 0, 36, 2177, 2164, 468, 11.60%, 0, 0, 2, 212.94 7603 2513588
1601789595, 0, 36, 2179, 2166, 468, 11.60%, 0, 0, 2, 216.58 7603 2514716
1601789600, 0, 36, 2183, 2170, 468, 11.60%, 0, 0, 2, 213.73 7604 2515816
1601789605, 0, 36, 2184, 2171, 468, 11.60%, 0, 0, 2, 213.09 7604 2516916
1601789611, 0, 36, 2186, 2173, 468, 11.60%, 0, 0, 2, 212.36 7604 2518012
1601789616, 0, 36, 2188, 2175, 468, 11.60%, 0, 0, 2, 210.89 7604 2519104
1601789621, 0, 36, 2190, 2177, 468, 11.60%, 0, 0, 2, 212.09 7604 2520204
1601789636, 0, 36, 2192, 2179, 468, 11.60%, 0, 0, 2, 215.34 7604 2523520
1601789641, 0, 36, 2193, 2180, 468, 11.60%, 0, 0, 2, 214.76 7604 2524616
1601789647, 0, 36, 2194, 2181, 468, 11.60%, 0, 0, 2, 213.28 7605 2525716
1601789652, 0, 36, 2195, 2182, 468, 11.61%, 0, 0, 2, 213.64 7612 2526816
1601789657, 0, 36, 2196, 2183, 468, 11.61%, 0, 0, 2, 214.49 7612 2527924
1601789662, 0, 36, 2197, 2184, 468, 11.61%, 0, 0, 2, 214.83 7612 2529024
1601789667, 0, 36, 2199, 2186, 468, 11.61%, 0, 0, 2, 205.05 7612 2530088
1601789678, 0, 36, 2201, 2188, 468, 11.62%, 0, 0, 2, 204.74 7613 2532152
1601789683, 0, 36, 2202, 2189, 468, 11.62%, 0, 0, 2, 204.49 7614 2533216
1601789688, 0, 36, 2203, 2190, 468, 11.62%, 0, 0, 2, 206.23 7614 2534172
1601789693, 0, 36, 2204, 2191, 468, 11.62%, 0, 0, 2, 201.48 7614 2535184
1601789713, 0, 36, 2205, 2192, 468, 11.62%, 0, 0, 2, 196.08 7614 2539293
1601789718, 0, 36, 2206, 2193, 468, 11.62%, 0, 0, 2, 202.32 7614 2540336
1601789723, 0, 36, 2207, 2194, 468, 11.62%, 0, 0, 2, 198.17 7614 2541316
1601789728, 0, 40, 2208, 2194, 495, 11.62%, 0, 0, 2, 221.24 7614 2542428
1601789734, 0, 40, 2209, 2195, 495, 11.62%, 0, 0, 2, 251.88 7614 2543772
1601789759, 0, 40, 2210, 2196, 495, 11.62%, 0, 0, 2, 259.03 7614 2550330
1601789764, 0, 40, 2211, 2197, 495, 11.62%, 0, 0, 2, 259.79 7617 2551641
1601789795, 0, 40, 2212, 2198, 495, 11.62%, 0, 0, 2, 251.14 7617 2559461
1601789845, 0, 40, 2214, 2200, 495, 11.62%, 0, 0, 2, 255.29 7617 2572171
1601789886, 0, 40, 2215, 2201, 495, 11.62%, 0, 0, 2, 251.97 7617 2582499
1601789891, 0, 40, 2216, 2202, 495, 11.62%, 0, 0, 2, 252.65 7617 2583827
1601790121, 0, 40, 2218, 2204, 495, 11.63%, 0, 0, 2, 264.69 7621 2643607
1601790127, 0, 40, 2220, 2206, 495, 11.63%, 0, 0, 2, 261.68 7622 2644968
1601790132, 0, 40, 2223, 2209, 495, 11.64%, 0, 0, 2, 257.60 7626 2646302
1601790137, 0, 40, 2227, 2213, 495, 11.65%, 0, 0, 2, 257.98 7633 2647659
1601790142, 0, 40, 2231, 2217, 495, 11.66%, 0, 0, 2, 248.70 7643 2648909
1601790147, 0, 40, 2233, 2219, 495, 11.66%, 0, 0, 2, 257.76 7643 2650247
1601790152, 0, 40, 2235, 2221, 495, 11.67%, 0, 0, 2, 257.90 7646 2651578
1601790163, 0, 40, 2237, 2223, 495, 11.67%, 0, 0, 2, 256.99 7649 2654209
1601790168, 0, 40, 2240, 2226, 495, 11.68%, 0, 0, 2, 250.66 7652 2655437
1601790173, 0, 40, 2241, 2227, 495, 11.68%, 0, 0, 2, 258.04 7653 2656786
1601790178, 0, 40, 2243, 2229, 495, 11.68%, 0, 0, 2, 258.83 7655 2658087
1601790183, 0, 40, 2245, 2231, 495, 11.68%, 0, 0, 2, 260.18 7655 2659438
1601790188, 0, 40, 2246, 2232, 495, 11.68%, 0, 0, 2, 266.65 7657 2660801
1601790198, 0, 40, 2248, 2234, 495, 11.68%, 0, 0, 2, 270.91 7657 2663562
1601790209, 0, 40, 2250, 2236, 495, 11.69%, 0, 0, 2, 265.67 7658 2666283
1601790225, 0, 40, 2251, 2237, 495, 11.69%, 0, 0, 2, 254.00 7659 2670381
1601790230, 0, 40, 2254, 2240, 495, 11.75%, 0, 0, 2, 264.31 7699 2671743
1601790235, 0, 40, 2255, 2241, 495, 11.75%, 0, 0, 2, 267.96 7702 2673083
1601790240, 0, 40, 2257, 2243, 495, 11.75%, 0, 0, 2, 262.46 7702 2674409
1601790245, 0, 41, 2258, 2243, 507, 11.75%, 0, 0, 2, 269.31 7702 2675780
1601790255, 0, 41, 2260, 2245, 507, 11.75%, 0, 0, 2, 225.88 7702 2678190
1601790276, 0, 41, 2264, 2249, 507, 11.75%, 0, 0, 2, 207.88 7702 2682366
1601790301, 0, 41, 2267, 2252, 507, 11.75%, 0, 0, 2, 217.70 7702 2687694
1601790306, 0, 41, 2269, 2254, 507, 11.75%, 0, 0, 2, 215.01 7702 2688798
1601790311, 0, 41, 2271, 2256, 507, 11.75%, 0, 0, 2, 215.77 7702 2689910
1601790317, 0, 41, 2277, 2262, 507, 11.76%, 0, 0, 2, 211.71 7708 2691006
1601790342, 0, 41, 2278, 2263, 507, 11.76%, 0, 0, 2, 214.05 7708 2696446
1601790368, 0, 41, 2279, 2264, 507, 11.76%, 0, 0, 2, 215.82 7708 2701974
1601790383, 0, 41, 2284, 2269, 507, 11.77%, 0, 0, 2, 206.68 7711 2704985
1601790388, 0, 41, 2288, 2273, 507, 11.77%, 0, 0, 2, 217.77 7715 2706109
1601790450, 0, 41, 2289, 2274, 507, 11.78%, 0, 0, 2, 216.50 7719 2719313
1601790465, 0, 41, 2290, 2275, 507, 11.78%, 0, 0, 2, 220.82 7719 2722668
1601790481, 0, 41, 2291, 2276, 507, 11.78%, 0, 0, 2, 225.00 7720 2726158
1601790532, 0, 41, 2292, 2277, 507, 11.78%, 0, 0, 2, 226.76 7720 2737094
1601790562, 0, 41, 2293, 2278, 507, 11.78%, 0, 0, 2, 210.24 7720 2743498
1601790613, 0, 41, 2294, 2279, 507, 11.78%, 0, 0, 2, 223.45 7720 2754462
1601790618, 0, 41, 2295, 2280, 507, 11.78%, 0, 0, 2, 223.86 7720 2755486
1601790623, 0, 41, 2296, 2281, 507, 11.78%, 0, 0, 2, 216.29 7721 2756586
1601790629, 0, 41, 2297, 2282, 507, 11.78%, 0, 0, 2, 216.99 7721 2757706
1601790639, 0, 41, 2298, 2283, 507, 11.78%, 0, 0, 2, 216.62 7721 2759934
1601790773, 0, 41, 2299, 2284, 507, 11.78%, 0, 0, 2, 219.02 7721 2788614
1601790839, 0, 41, 2300, 2285, 507, 11.78%, 0, 0, 2, 218.48 7722 2803262
1601790860, 0, 41, 2301, 2286, 507, 11.78%, 0, 0, 2, 212.49 7722 2807677
1601790963, 0, 41, 2304, 2289, 507, 11.78%, 0, 0, 2, 210.39 7722 2829865
1601791097, 0, 41, 2305, 2290, 507, 11.78%, 0, 0, 2, 200.83 7722 2858416
1601791128, 0, 41, 2306, 2291, 507, 11.78%, 0, 0, 2, 215.12 7722 2865152
1601791153, 0, 41, 2307, 2292, 507, 11.78%, 0, 0, 2, 214.09 7722 2870712
1601791174, 0, 41, 2308, 2293, 507, 11.78%, 0, 0, 2, 216.42 7722 2875244
1601791200, 0, 41, 2313, 2298, 507, 11.78%, 0, 0, 2, 244.05 7722 2880902
1601791210, 0, 41, 2316, 2301, 507, 11.78%, 0, 0, 2, 253.67 7722 2883513
1601791215, 0, 41, 2318, 2303, 507, 11.78%, 0, 0, 2, 252.71 7723 2884814
1601791220, 0, 41, 2320, 2305, 507, 11.79%, 0, 0, 2, 254.49 7725 2886110
1601791225, 0, 41, 2323, 2308, 507, 11.88%, 0, 0, 2, 257.67 7783 2887409
1601791230, 0, 41, 2324, 2309, 507, 11.88%, 0, 0, 2, 259.21 7785 2888712
1601791245, 0, 41, 2325, 2310, 507, 11.88%, 0, 0, 2, 262.10 7785 2892670
1601791261, 0, 41, 2326, 2311, 507, 11.88%, 0, 0, 2, 263.31 7785 2896543
1601791266, 0, 41, 2328, 2313, 507, 11.88%, 0, 0, 2, 262.05 7785 2897854
1601791276, 0, 41, 2332, 2317, 507, 11.88%, 0, 0, 2, 261.93 7786 2900486
1601791291, 0, 47, 2332, 2316, 511, 11.88%, 0, 0, 2, 257.94 7786 2904462
1601791296, 0, 47, 2335, 2319, 511, 11.89%, 0, 0, 2, 258.20 7790 2905762
1601791327, 0, 47, 2336, 2320, 511, 11.89%, 0, 0, 2, 253.49 7790 2913525
1601791337, 0, 47, 2338, 2322, 511, 11.89%, 0, 0, 2, 250.90 7790 2916111
1601791342, 0, 47, 2354, 2338, 511, 11.89%, 0, 0, 2, 248.06 7793 2917252
1601791347, 0, 47, 2357, 2341, 511, 11.89%, 0, 0, 2, 252.97 7793 2918443
1601791352, 0, 47, 2364, 2348, 511, 11.89%, 0, 0, 2, 249.18 7794 2919720
1601791358, 0, 47, 2365, 2349, 511, 11.89%, 0, 0, 2, 253.05 7794 2921016
1601791399, 0, 47, 2366, 2350, 511, 11.89%, 0, 0, 2, 249.50 7794 2931292
1601791404, 0, 47, 2370, 2354, 511, 11.89%, 0, 0, 2, 246.43 7795 2932536
1601791455, 0, 47, 2371, 2355, 511, 11.90%, 0, 0, 2, 246.61 7796 2945275
1601791480, 0, 47, 2372, 2356, 511, 11.90%, 0, 0, 2, 229.48 7796 2951023
1601791495, 0, 47, 2373, 2357, 511, 11.90%, 0, 0, 2, 253.44 7796 2954691
1601791531, 0, 47, 2375, 2359, 511, 11.90%, 0, 0, 2, 255.24 7796 2963862
1601791567, 0, 47, 2376, 2360, 511, 11.90%, 0, 0, 2, 246.07 7797 2972716
1601791582, 0, 47, 2378, 2362, 511, 11.90%, 0, 0, 2, 240.83 7797 2976440
1601791628, 0, 47, 2379, 2363, 511, 11.90%, 0, 0, 2, 236.34 7797 2987440
1601791639, 0, 47, 2380, 2364, 511, 11.90%, 0, 0, 2, 235.35 7797 2989920
1601791936, 0, 47, 2381, 2365, 511, 11.90%, 0, 0, 2, 240.66 7797 3058796
1601792023, 0, 47, 2383, 2367, 511, 11.90%, 0, 0, 2, 246.84 7797 3079263
1601792033, 0, 47, 2384, 2368, 511, 11.90%, 0, 0, 2, 244.05 7797 3081719
1601792043, 0, 47, 2385, 2369, 511, 11.90%, 0, 0, 2, 241.38 7797 3084215
1601792048, 0, 47, 2387, 2371, 511, 11.90%, 0, 0, 2, 242.47 7797 3085435
1601792089, 0, 47, 2388, 2372, 511, 11.90%, 0, 0, 2, 244.34 7797 3095330
1601792099, 0, 47, 2389, 2373, 511, 11.90%, 0, 0, 2, 248.53 7798 3097874
1601792140, 0, 47, 2390, 2374, 511, 11.90%, 0, 0, 2, 244.62 7798 3107762
1601792160, 0, 47, 2391, 2375, 511, 11.90%, 0, 0, 2, 241.36 7798 3112698
1601792176, 0, 47, 2392, 2376, 511, 11.90%, 0, 0, 2, 241.61 7798 3116438
1601792181, 0, 47, 2393, 2377, 511, 11.90%, 0, 0, 2, 238.65 7798 3117646
1601792201, 0, 47, 2394, 2378, 511, 11.90%, 0, 0, 2, 237.11 7798 3122494
1601792227, 0, 47, 2395, 2379, 511, 11.90%, 0, 0, 2, 239.63 7798 3128666
1601792232, 0, 47, 2396, 2380, 511, 11.90%, 0, 0, 2, 250.35 7798 3129938
1601792242, 0, 47, 2397, 2381, 511, 11.90%, 0, 0, 2, 263.33 7798 3132591
1601792248, 0, 47, 2399, 2383, 511, 11.90%, 0, 0, 2, 263.27 7801 3133957
1601792253, 0, 47, 2400, 2384, 511, 11.91%, 0, 0, 2, 263.10 7803 3135325
1601792263, 0, 47, 2401, 2385, 511, 11.91%, 0, 0, 2, 262.53 7803 3138063
1601792274, 0, 47, 2403, 2387, 511, 11.92%, 0, 0, 2, 263.17 7809 3140754
1601792279, 0, 47, 2404, 2388, 511, 11.92%, 0, 0, 2, 263.01 7809 3142127
1601792304, 0, 47, 2405, 2389, 511, 11.92%, 0, 0, 2, 261.17 7809 3148865
1601792315, 0, 47, 2406, 2390, 511, 11.92%, 0, 0, 2, 259.83 7809 3151498
1601792325, 0, 49, 2406, 2389, 523, 11.92%, 0, 0, 2, 259.47 7809 3154129
1601792335, 0, 49, 2408, 2391, 523, 11.92%, 0, 0, 2, 246.55 7809 3156673
1601792396, 0, 49, 2409, 2392, 523, 11.92%, 0, 0, 2, 221.78 7809 3171569
1601792401, 0, 49, 2417, 2400, 523, 11.92%, 0, 0, 2, 235.84 7810 3172749
1601792406, 0, 49, 2419, 2402, 523, 11.92%, 0, 0, 2, 245.77 7810 3173997
1601792411, 0, 49, 2424, 2407, 523, 11.92%, 0, 0, 2, 243.20 7810 3175261
1601792416, 0, 49, 2428, 2411, 523, 11.92%, 0, 0, 2, 242.84 7810 3176489
1601792421, 0, 49, 2431, 2414, 523, 11.92%, 0, 0, 2, 242.56 7811 3177753
1601792427, 0, 49, 2437, 2420, 523, 11.92%, 0, 0, 2, 238.92 7811 3178981
1601792432, 0, 49, 2438, 2421, 523, 11.92%, 0, 0, 2, 243.90 7811 3180157
1601792487, 0, 49, 2439, 2422, 523, 11.92%, 0, 0, 2, 246.79 7811 3193709
1601792502, 0, 49, 2440, 2423, 523, 11.92%, 0, 0, 2, 246.26 7811 3197389
1601792507, 0, 49, 2441, 2424, 523, 11.92%, 0, 0, 2, 243.98 7811 3198625
1601792522, 0, 49, 2445, 2428, 523, 11.92%, 0, 0, 2, 239.53 7811 3202265
1601792528, 0, 49, 2449, 2432, 523, 11.96%, 0, 0, 2, 237.79 7838 3203501
1601792599, 0, 49, 2453, 2436, 523, 11.96%, 0, 0, 2, 245.51 7840 3221468
1601792625, 0, 49, 2454, 2437, 523, 11.96%, 0, 0, 2, 237.37 7840 3227632
1601792646, 0, 49, 2458, 2441, 523, 11.96%, 0, 0, 2, 245.28 7840 3232708
1601792651, 0, 49, 2460, 2443, 523, 11.96%, 0, 0, 2, 256.20 7840 3233994
1601792702, 0, 49, 2461, 2444, 523, 11.96%, 0, 0, 2, 257.26 7840 3246007
1601792722, 0, 49, 2465, 2448, 523, 11.96%, 0, 0, 2, 251.43 7840 3251179
1601792732, 0, 49, 2466, 2449, 523, 11.96%, 0, 0, 2, 252.88 7841 3253727
1601792753, 0, 49, 2467, 2450, 523, 11.96%, 0, 0, 2, 246.00 7841 3258845
1601792793, 0, 49, 2468, 2451, 523, 11.96%, 0, 0, 2, 239.29 7841 3268877
1601792803, 0, 49, 2469, 2452, 523, 11.96%, 0, 0, 2, 241.75 7841 3271349
1601792824, 0, 49, 2470, 2453, 523, 11.96%, 0, 0, 2, 237.15 7841 3276209
1601792834, 0, 49, 2471, 2454, 523, 11.96%, 0, 0, 2, 239.50 7841 3278609
1601792855, 0, 49, 2472, 2455, 523, 11.96%, 0, 0, 2, 247.20 7841 3283597
1601792865, 0, 49, 2473, 2456, 523, 11.96%, 0, 0, 2, 241.91 7841 3286057
1601792880, 0, 49, 2474, 2457, 523, 11.96%, 0, 0, 2, 236.27 7841 3289729
1601793325, 0, 49, 2475, 2458, 523, 11.96%, 0, 0, 2, 228.60 7841 3396151
1601793340, 0, 49, 2476, 2459, 523, 11.96%, 0, 0, 2, 242.58 7841 3399676
1601793345, 0, 49, 2477, 2460, 523, 11.96%, 0, 0, 2, 242.16 7841 3400892
1601793355, 0, 49, 2478, 2461, 523, 11.96%, 0, 0, 2, 241.18 7841 3403254
1601793376, 0, 49, 2479, 2462, 523, 11.96%, 0, 0, 2, 247.35 7841 3408382
1601793427, 0, 49, 2481, 2464, 523, 11.96%, 0, 0, 2, 238.51 7841 3420642
1601793489, 0, 49, 2482, 2465, 523, 11.96%, 0, 0, 2, 241.66 7841 3435538
1601793550, 0, 49, 2483, 2466, 523, 11.96%, 0, 0, 2, 219.48 7841 3449630
1601793617, 0, 49, 2484, 2467, 523, 11.96%, 0, 0, 2, 216.31 7841 3464522
1601793684, 0, 49, 2485, 2468, 523, 11.96%, 0, 0, 2, 242.34 7841 3480335
1601793704, 0, 49, 2487, 2470, 523, 11.96%, 0, 0, 2, 245.24 7841 3485351
1601793709, 0, 49, 2489, 2472, 523, 11.96%, 0, 0, 2, 242.48 7841 3486555
1601793720, 0, 49, 2490, 2473, 523, 11.96%, 0, 0, 2, 242.06 7841 3488991
1601793766, 0, 49, 2491, 2474, 523, 11.96%, 0, 0, 2, 244.81 7841 3500119
1601793776, 0, 49, 2492, 2475, 523, 11.96%, 0, 0, 2, 232.98 7841 3502503
1601793807, 0, 49, 2493, 2476, 523, 11.96%, 0, 0, 2, 232.77 7841 3509679
1601793848, 0, 49, 2494, 2477, 523, 11.96%, 0, 0, 2, 237.21 7841 3519375
1601793853, 0, 49, 2497, 2480, 523, 11.96%, 0, 0, 2, 234.73 7841 3520591
1601793858, 0, 49, 2498, 2481, 523, 11.96%, 0, 0, 2, 231.65 7841 3521763
1601793884, 0, 49, 2501, 2484, 523, 11.96%, 0, 0, 2, 248.40 7841 3527766
1601793889, 0, 49, 2503, 2486, 523, 11.97%, 0, 0, 2, 263.20 7842 3529099
1601793894, 0, 49, 2504, 2487, 523, 11.97%, 0, 0, 2, 254.42 7842 3530437
1601793904, 0, 49, 2505, 2488, 523, 11.97%, 0, 0, 2, 259.45 7842 3533135
1601793925, 0, 49, 2506, 2489, 523, 11.97%, 0, 0, 2, 23.77 7842 3538353
1601793930, 0, 49, 2507, 2490, 523, 11.97%, 0, 0, 2, 265.85 7842 3539696
1601793950, 0, 49, 2508, 2491, 523, 11.97%, 0, 0, 2, 265.28 7842 3545099
1601793955, 0, 49, 2509, 2492, 523, 11.97%, 0, 0, 2, 255.01 7842 3546412
1601793965, 0, 49, 2510, 2493, 523, 11.97%, 0, 0, 2, 268.44 7842 3549155
1601793970, 0, 49, 2511, 2494, 523, 11.97%, 0, 0, 2, 265.17 7842 3550513
1601793975, 0, 49, 2512, 2495, 523, 11.97%, 0, 0, 2, 274.63 7842 3551896
1601793980, 0, 49, 2513, 2496, 523, 11.97%, 0, 0, 2, 273.19 7842 3553284
1601794001, 0, 49, 2514, 2497, 523, 11.97%, 0, 0, 2, 269.76 7842 3558717
1601794011, 0, 51, 2514, 2496, 522, 11.97%, 0, 0, 2, 244.49 7842 3561280
1601794016, 0, 51, 2518, 2500, 522, 11.97%, 0, 0, 2, 197.61 7843 3562228
1601794513, 0, 51, 2519, 2501, 522, 11.97%, 0, 0, 2, 179.44 7843 3650809
1601794518, 0, 51, 2522, 2504, 522, 11.97%, 0, 0, 2, 179.27 7845 3651736
1601794523, 0, 51, 2542, 2524, 522, 11.97%, 0, 0, 2, 168.40 7847 3652610
1601794529, 0, 51, 2554, 2536, 522, 11.98%, 0, 0, 2, 162.79 7849 3653435
1601794534, 0, 51, 2557, 2539, 522, 11.98%, 0, 0, 2, 182.78 7849 3654302
1601794539, 0, 51, 2559, 2541, 522, 11.98%, 0, 0, 2, 179.47 7849 3655200
1601794559, 0, 51, 2561, 2543, 522, 11.98%, 0, 0, 2, 179.97 7849 3658729
1601794569, 0, 51, 2562, 2544, 522, 11.98%, 0, 0, 2, 176.01 7849 3660546
1601794574, 0, 51, 2563, 2545, 522, 11.98%, 0, 0, 2, 177.94 7849 3661454
1601794585, 0, 51, 2565, 2547, 522, 11.98%, 0, 0, 2, 177.49 7849 3663288
1601794590, 0, 51, 2567, 2549, 522, 11.98%, 0, 0, 2, 173.24 7849 3664150
1601794595, 0, 51, 2568, 2550, 522, 11.98%, 0, 0, 2, 173.65 7849 3664977
1601794615, 0, 51, 2570, 2552, 522, 11.98%, 0, 0, 2, 166.93 7849 3668450
1601794626, 0, 51, 2571, 2553, 522, 11.98%, 0, 0, 2, 171.54 7849 3670156
1601794636, 0, 51, 2575, 2557, 522, 11.98%, 0, 0, 2, 173.37 7850 3671931
1601794666, 0, 51, 2577, 2559, 522, 11.98%, 0, 0, 2, 166.00 7850 3677041
1601794672, 0, 51, 2579, 2561, 522, 11.98%, 0, 0, 2, 164.09 7850 3677858
1601794677, 0, 51, 2580, 2562, 522, 11.98%, 0, 0, 2, 155.41 7850 3678649
1601794682, 0, 51, 2582, 2564, 522, 11.98%, 0, 0, 2, 163.85 7850 3679478
1601794687, 0, 51, 2583, 2565, 522, 11.98%, 0, 0, 2, 176.87 7850 3680401
1601794692, 0, 51, 2589, 2571, 522, 11.98%, 0, 0, 2, 172.31 7852 3681268
1601794697, 0, 51, 2596, 2578, 522, 11.98%, 0, 0, 2, 171.18 7852 3682119
1601794702, 0, 51, 2597, 2579, 522, 11.98%, 0, 0, 2, 176.82 7852 3683036
1601794758, 0, 51, 2598, 2580, 522, 11.98%, 0, 0, 2, 172.34 7852 3692623
1601794763, 0, 51, 2599, 2581, 522, 11.98%, 0, 0, 2, 172.08 7852 3693516
1601794769, 0, 51, 2603, 2585, 522, 11.98%, 0, 0, 2, 170.37 7852 3694373
1601794779, 0, 51, 2605, 2587, 522, 11.99%, 0, 0, 2, 181.47 7857 3696103
1601795271, 0, 51, 2607, 2589, 522, 11.99%, 0, 0, 2, 181.25 7857 3785622
1601795281, 0, 51, 2613, 2595, 522, 11.99%, 0, 0, 2, 165.57 7857 3787371
1601795302, 0, 51, 2614, 2596, 522, 11.99%, 0, 0, 2, 172.00 7857 3790907
1601795307, 0, 51, 2615, 2597, 522, 11.99%, 0, 0, 2, 171.72 7857 3791800
1601795322, 0, 51, 2616, 2598, 522, 11.99%, 0, 0, 2, 175.02 7857 3794442
1601795343, 0, 51, 2617, 2599, 522, 11.99%, 0, 0, 2, 177.97 7857 3798032
1601795373, 0, 51, 2619, 2601, 522, 11.99%, 0, 0, 2, 170.36 7857 3803287
1601795379, 0, 51, 2620, 2602, 522, 11.99%, 0, 0, 2, 169.67 7857 3804165
1601795424, 0, 51, 2621, 2603, 522, 11.99%, 0, 0, 2, 169.42 7857 3811928
1601795429, 0, 51, 2622, 2604, 522, 11.99%, 0, 0, 2, 169.90 7857 3812776
1601795445, 0, 51, 2623, 2605, 522, 11.99%, 0, 0, 2, 165.53 7857 3815307
1601795450, 0, 51, 2624, 2606, 522, 11.99%, 0, 0, 2, 164.18 7857 3816137
1601795476, 0, 51, 2626, 2608, 522, 11.99%, 0, 0, 2, 175.06 7857 3820635
1601795511, 0, 51, 2627, 2609, 522, 11.99%, 0, 0, 2, 170.26 7857 3826769
1601795521, 0, 51, 2629, 2611, 522, 11.99%, 0, 0, 2, 175.35 7857 3828588
1601796019, 0, 51, 2630, 2612, 522, 11.99%, 0, 0, 2, 181.15 7857 3919970
1601796029, 0, 51, 2631, 2613, 522, 11.99%, 0, 0, 2, 170.61 7857 3921709
1601796090, 0, 51, 2632, 2614, 522, 11.99%, 0, 0, 2, 177.51 7858 3932196
1601796095, 0, 51, 2633, 2615, 522, 11.99%, 0, 0, 2, 171.56 7858 3933059
1601796111, 0, 51, 2634, 2616, 522, 11.99%, 0, 0, 2, 173.75 7861 3935695
1601796121, 0, 51, 2635, 2617, 522, 11.99%, 0, 0, 2, 164.09 7861 3937392
1601796183, 0, 51, 2636, 2618, 522, 12.00%, 0, 0, 2, 178.40 7862 3948260
1601796188, 0, 51, 2637, 2619, 522, 12.00%, 0, 0, 2, 179.94 7862 3949192
1601796402, 0, 51, 2638, 2620, 522, 12.00%, 0, 0, 2, 173.27 7862 3986789
1601796443, 0, 51, 2639, 2621, 522, 12.00%, 0, 0, 2, 195.60 7863 3993944
1601796448, 0, 51, 2640, 2622, 522, 12.00%, 0, 0, 2, 193.38 7863 3994945
1601796545, 0, 51, 2642, 2624, 522, 12.00%, 0, 0, 2, 177.70 7863 4012433
1601796555, 0, 51, 2643, 2625, 522, 12.00%, 0, 0, 2, 154.27 7863 4014007
1601796560, 0, 51, 2644, 2626, 522, 12.00%, 0, 0, 2, 157.13 7863 4014798
1601796565, 0, 51, 2646, 2628, 522, 12.00%, 0, 0, 2, 148.68 7863 4015560
1601796571, 0, 51, 2648, 2630, 522, 12.00%, 0, 0, 2, 153.70 7864 4016360
1601796581, 0, 51, 2649, 2631, 522, 12.00%, 0, 0, 2, 166.44 7864 4018090
1601796748, 0, 51, 2650, 2632, 522, 12.00%, 0, 0, 2, 160.08 7864 4046547
1601796794, 0, 51, 2651, 2633, 522, 12.00%, 0, 0, 2, 176.51 7864 4054271
1601797259, 0, 51, 2652, 2634, 522, 12.00%, 0, 0, 2, 159.37 7864 4131372
1601797315, 0, 51, 2653, 2635, 522, 12.00%, 0, 0, 2, 164.50 7864 4140911
1601797330, 0, 51, 2654, 2636, 522, 12.00%, 0, 0, 2, 172.54 7864 4143535
1601797655, 0, 51, 2655, 2637, 522, 12.00%, 0, 0, 2, 168.88 7864 4197624
1601797752, 0, 51, 2657, 2639, 522, 12.00%, 0, 0, 2, 167.91 7864 4213792
1601798206, 0, 51, 2658, 2640, 522, 12.00%, 0, 0, 2, 175.14 7864 4291143
1601798211, 0, 51, 2659, 2641, 522, 12.00%, 0, 0, 2, 177.16 7864 4292054
1601799088, 0, 51, 2660, 2642, 522, 12.00%, 0, 0, 2, 163.95 7866 4437242
1601800666, 0, 51, 2661, 2643, 522, 12.00%, 0, 0, 2, 167.47 7866 4705520
1601800677, 0, 51, 2662, 2644, 522, 12.00%, 0, 0, 2, 178.35 7866 4707322
1601800733, 0, 51, 2663, 2645, 522, 12.00%, 0, 0, 2, 176.97 7866 4717530
1601800794, 0, 51, 2664, 2646, 522, 12.00%, 0, 0, 2, 189.03 7866 4728677
1601800809, 0, 51, 2665, 2647, 522, 12.00%, 0, 0, 2, 162.12 7866 4731253
1601800915, 0, 51, 2666, 2648, 522, 12.00%, 0, 0, 2, 174.13 7866 4750833
1601801037, 0, 51, 2667, 2649, 522, 12.00%, 0, 0, 2, 182.22 7866 4772339
1601801123, 0, 51, 2668, 2650, 522, 12.00%, 0, 0, 2, 174.25 7866 4787734
1601801160, 0, 51, 2669, 2651, 522, 12.00%, 0, 0, 2, 173.76 7866 4793979
1601801175, 0, 51, 2670, 2652, 522, 12.00%, 0, 0, 2, 170.95 7866 4796588
1601801409, 0, 51, 2671, 2653, 522, 12.00%, 0, 0, 2, 160.96 7866 4838582
1601801419, 0, 51, 2672, 2654, 522, 12.00%, 0, 0, 2, 162.78 7866 4840249
1601801424, 0, 51, 2673, 2655, 522, 12.00%, 0, 0, 2, 172.65 7866 4841133
1601801950, 0, 51, 2675, 2657, 522, 12.00%, 0, 0, 2, 169.74 7866 4930003
1601802129, 0, 51, 2676, 2658, 522, 12.00%, 0, 0, 2, 174.78 7866 4960297
1601802216, 0, 51, 2677, 2659, 522, 12.00%, 0, 0, 2, 172.00 7866 4975167
1601802226, 0, 51, 2678, 2660, 522, 12.00%, 0, 0, 2, 167.81 7866 4976852
1601802231, 0, 51, 2679, 2661, 522, 12.00%, 0, 0, 2, 171.13 7866 4977725
1601802247, 0, 51, 2680, 2662, 522, 12.00%, 0, 0, 2, 160.78 7866 4980244
1601802588, 0, 51, 2681, 2663, 522, 12.00%, 0, 0, 2, 179.30 7866 5040819
1601802634, 0, 51, 2683, 2665, 522, 12.00%, 0, 0, 2, 198.06 7866 5049185
1601802645, 0, 51, 2684, 2666, 522, 12.00%, 0, 0, 2, 221.84 7866 5051376
1601802722, 0, 51, 2685, 2667, 522, 12.00%, 0, 0, 2, 175.74 7866 5065446
1601802747, 0, 51, 2689, 2671, 522, 12.00%, 0, 0, 2, 173.11 7866 5069858
1601802752, 0, 51, 2690, 2672, 522, 12.00%, 0, 0, 2, 159.40 7866 5070661
1601802758, 0, 51, 2691, 2673, 522, 12.00%, 0, 0, 2, 154.73 7866 5071452
1601802773, 0, 51, 2693, 2675, 522, 12.00%, 0, 0, 2, 172.36 7866 5073955
1601802849, 0, 51, 2694, 2676, 522, 12.00%, 0, 0, 2, 165.27 7866 5086983
1601802909, 0, 51, 2695, 2677, 522, 12.00%, 0, 0, 2, 165.15 7866 5097341
1601803140, 0, 51, 2696, 2678, 522, 12.00%, 0, 0, 2, 170.69 7866 5137795
1601803166, 0, 51, 2697, 2679, 522, 12.00%, 0, 0, 2, 170.86 7866 5142222
1601803416, 0, 51, 2699, 2681, 522, 12.00%, 0, 0, 2, 171.02 7866 5185411
1601803432, 0, 51, 2700, 2682, 522, 12.00%, 0, 0, 2, 173.40 7866 5188159
1601803529, 0, 51, 2701, 2683, 522, 12.00%, 0, 0, 2, 159.16 7866 5204847
1601803590, 0, 51, 2702, 2684, 522, 12.00%, 0, 0, 2, 161.73 7866 5215340
1601803717, 0, 51, 2703, 2685, 522, 12.00%, 0, 0, 2, 174.98 7866 5236504
1601803738, 0, 51, 2704, 2686, 522, 12.00%, 0, 0, 2, 182.99 7866 5240243
1601803764, 0, 51, 2705, 2687, 522, 12.00%, 0, 0, 2, 166.50 7866 5244572
1601803799, 0, 51, 2706, 2688, 522, 12.01%, 0, 0, 2, 163.25 7868 5250598
1601804210, 0, 51, 2707, 2689, 522, 12.01%, 0, 0, 2, 196.35 7868 5321796
1601804225, 0, 51, 2708, 2690, 522, 12.01%, 0, 0, 2, 184.09 7868 5324594
1601804271, 0, 51, 2710, 2692, 522, 12.01%, 0, 0, 2, 241.21 7868 5333075
1601804276, 0, 51, 2713, 2695, 522, 12.01%, 0, 0, 2, 248.38 7869 5334363
1601804281, 0, 51, 2715, 2697, 522, 12.01%, 0, 0, 2, 238.46 7869 5335575
1601804286, 0, 51, 2718, 2700, 522, 12.01%, 0, 0, 2, 241.17 7869 5336811
1601804291, 0, 51, 2719, 2701, 522, 12.01%, 0, 0, 2, 237.80 7869 5338043
1601804297, 0, 51, 2720, 2702, 522, 12.01%, 0, 0, 2, 243.04 7869 5339295
1601804302, 0, 51, 2725, 2707, 522, 12.01%, 0, 0, 2, 259.35 7869 5340649
1601804322, 0, 51, 2726, 2708, 522, 12.01%, 0, 0, 2, 248.11 7869 5345791
1601804332, 0, 51, 2727, 2709, 522, 12.01%, 0, 0, 2, 264.85 7870 5348475
1601804337, 0, 51, 2728, 2710, 522, 12.01%, 0, 0, 2, 243.11 7870 5349667
1601804342, 0, 51, 2729, 2711, 522, 12.01%, 0, 0, 2, 249.04 7870 5350903
1601804347, 0, 51, 2731, 2713, 522, 12.01%, 0, 0, 2, 236.11 7870 5352075
1601804363, 0, 51, 2732, 2714, 522, 12.01%, 0, 0, 2, 245.32 7870 5355831
1601804368, 0, 53, 2733, 2714, 535, 12.01%, 0, 0, 2, 247.29 7870 5357083
1601805079, 0, 54, 2733, 2713, 534, 12.01%, 0, 0, 2, 51.42 7870 5537297
1601805099, 0, 59, 2733, 2712, 533, 12.01%, 0, 0, 2, 351.23 7870 5538976
1601805115, 0, 71, 2733, 2711, 532, 12.01%, 0, 0, 2, 313.51 7870 5543945
1601805120, 0, 71, 2734, 2712, 532, 12.01%, 0, 0, 3, 339.29 7871 5545733
1601805130, 0, 71, 2735, 2713, 532, 12.01%, 0, 0, 3, 324.07 7871 5549062
1601805171, 0, 74, 2735, 2712, 531, 12.01%, 0, 0, 3, 300.25 7871 5562158
1601805222, 0, 76, 2737, 2713, 530, 12.01%, 0, 0, 3, 316.78 7872 5578867
1601805233, 0, 76, 2738, 2714, 530, 12.01%, 0, 0, 3, 327.34 7872 5582258
1601805274, 0, 88, 2738, 2713, 530, 12.01%, 0, 0, 3, 311.74 7872 5595371
1601805320, 0, 88, 2739, 2714, 530, 12.01%, 0, 0, 3, 337.78 7873 5610058
1601805325, 0, 88, 2740, 2715, 530, 12.01%, 0, 0, 3, 312.31 7873 5611674
1601805330, 0, 88, 2741, 2716, 530, 12.01%, 0, 0, 3, 319.77 7873 5613368
1601805335, 0, 88, 2744, 2719, 530, 12.02%, 0, 0, 3, 334.70 7876 5615066
1601805340, 0, 88, 2745, 2720, 530, 12.02%, 0, 0, 3, 330.65 7878 5616760
1601805361, 0, 88, 2748, 2723, 530, 12.02%, 0, 0, 3, 328.19 7878 5623552
1601805371, 0, 88, 2750, 2725, 530, 12.02%, 0, 0, 3, 342.33 7878 5627006
1601805417, 0, 88, 2751, 2726, 530, 12.02%, 0, 0, 3, 315.55 7879 5642068
1601805423, 0, 91, 2751, 2725, 535, 12.02%, 0, 0, 3, 332.54 7879 5643806
1601805428, 0, 98, 2751, 2724, 534, 12.02%, 0, 0, 3, 337.37 7879 5645572
1601805484, 0, 101, 2751, 2723, 533, 12.02%, 0, 0, 3, 323.30 7879 5663685
1601805489, 0, 101, 2754, 2726, 533, 12.02%, 0, 0, 3, 322.40 7880 5665309
1601805534, 0, 101, 2755, 2727, 533, 12.02%, 0, 0, 3, 307.88 7880 5680240
1601805544, 0, 101, 2757, 2729, 533, 12.02%, 0, 0, 3, 308.22 7880 5683352
1601805550, 0, 101, 2759, 2731, 533, 12.02%, 0, 0, 3, 317.16 7880 5685000
1601805560, 0, 101, 2760, 2732, 533, 12.02%, 0, 0, 3, 310.14 7880 5688254
1601805570, 0, 101, 2761, 2733, 533, 12.03%, 0, 0, 3, 309.92 7882 5691448
1601805575, 0, 101, 2762, 2734, 533, 12.03%, 0, 0, 3, 326.94 7882 5693130
1601805580, 0, 101, 2763, 2735, 533, 12.03%, 0, 0, 3, 307.18 7882 5694650
1601805596, 0, 101, 2764, 2736, 533, 12.03%, 0, 0, 3, 313.15 7882 5699632
1601805601, 0, 101, 2765, 2737, 533, 12.03%, 0, 0, 3, 308.57 7882 5701212
1601805611, 0, 101, 2767, 2739, 533, 12.03%, 0, 0, 3, 302.11 7882 5704360
1601805626, 0, 101, 2768, 2740, 533, 12.03%, 0, 0, 3, 307.26 7882 5709114
1601805637, 0, 107, 2768, 2739, 534, 12.03%, 0, 0, 3, 320.48 7882 5712297
1601805682, 0, 107, 2769, 2740, 534, 12.03%, 0, 0, 3, 322.63 7882 5727488
1601805693, 0, 115, 2769, 2739, 533, 12.03%, 0, 0, 3, 336.89 7882 5730918
1601805743, 0, 122, 2769, 2738, 532, 12.03%, 0, 0, 3, 307.00 7882 5747460
1601805799, 0, 125, 2769, 2737, 531, 12.03%, 0, 0, 3, 297.27 7882 5764212
1601805850, 0, 125, 2771, 2739, 531, 12.03%, 0, 0, 3, 298.76 7883 5778741
1601805855, 0, 125, 2775, 2743, 531, 12.04%, 0, 0, 3, 295.42 7890 5780283
1601805860, 0, 125, 2777, 2745, 531, 12.04%, 0, 0, 3, 307.14 7893 5781852
1601805865, 0, 125, 2778, 2746, 531, 12.04%, 0, 0, 3, 315.38 7893 5783462
1601805871, 0, 125, 2779, 2747, 531, 12.04%, 0, 0, 3, 301.90 7893 5784964
1601805876, 0, 125, 2780, 2748, 531, 12.05%, 0, 0, 3, 308.29 7896 5786568
1601805896, 0, 125, 2781, 2749, 531, 12.05%, 0, 0, 3, 294.05 7896 5792751
1601805901, 0, 125, 2783, 2751, 531, 12.05%, 0, 0, 3, 288.63 7899 5794242
1601805906, 0, 125, 2784, 2752, 531, 12.06%, 0, 0, 3, 303.75 7901 5795798
1601805911, 0, 125, 2786, 2754, 531, 12.06%, 0, 0, 3, 287.80 7906 5797271
1601805921, 0, 125, 2787, 2755, 531, 12.06%, 0, 0, 3, 291.92 7906 5800229
1601805932, 0, 126, 2787, 2754, 534, 12.06%, 0, 0, 3, 297.04 7906 5803304
1601805992, 0, 126, 2788, 2755, 534, 12.07%, 0, 0, 3, 316.56 7907 5820995
1601805997, 0, 136, 2788, 2754, 534, 12.07%, 0, 0, 3, 298.40 7907 5822499
1601806013, 0, 136, 2789, 2755, 534, 12.07%, 0, 0, 3, 285.32 7909 5826840
1601806053, 0, 136, 2790, 2756, 534, 12.07%, 0, 0, 3, 318.12 7909 5839007
1601806058, 0, 140, 2790, 2755, 534, 12.07%, 0, 0, 3, 321.62 7909 5840676
1601806063, 0, 143, 2790, 2754, 533, 12.07%, 0, 0, 3, 310.04 7909 5842224
1601806114, 0, 144, 2790, 2753, 532, 12.07%, 0, 0, 3, 323.57 7909 5857934
1601806119, 0, 144, 2791, 2754, 532, 12.07%, 0, 0, 3, 314.70 7911 5859512
1601806170, 0, 145, 2791, 2753, 530, 12.07%, 0, 0, 3, 326.71 7911 5874914
1601806226, 0, 150, 2792, 2753, 529, 12.07%, 0, 0, 3, 302.15 7911 5892258
1601806267, 0, 150, 2793, 2754, 529, 12.07%, 0, 0, 3, 304.32 7911 5904225
1601806287, 0, 151, 2794, 2754, 528, 12.07%, 0, 0, 3, 53.19 7913 5910594
1601806308, 0, 151, 2795, 2755, 528, 12.08%, 0, 0, 3, 311.22 7914 5916884
1601806343, 0, 154, 2795, 2754, 528, 12.08%, 0, 0, 3, 306.84 7914 5928044
1601806405, 0, 154, 2797, 2756, 528, 12.08%, 0, 0, 3, 320.04 7917 5946082
1601806410, 0, 154, 2798, 2757, 528, 12.08%, 0, 0, 3, 325.80 7917 5947764
1601806425, 0, 154, 2799, 2758, 528, 12.08%, 0, 0, 3, 330.53 7917 5952830
1601806451, 0, 154, 2800, 2759, 528, 12.08%, 0, 0, 3, 317.97 7917 5961070
1601806477, 0, 156, 2800, 2758, 530, 12.08%, 0, 0, 3, 305.63 7917 5969279
1601806538, 0, 157, 2801, 2758, 529, 12.08%, 0, 0, 3, 320.38 7918 5988035
1601806543, 0, 157, 2802, 2759, 529, 12.08%, 0, 0, 3, 317.75 7918 5989690
1601806575, 0, 157, 2803, 2760, 529, 12.08%, 0, 0, 3, 319.60 7919 5999659
1601806590, 0, 157, 2804, 2761, 529, 12.09%, 0, 0, 3, 326.62 7923 6004598
1601806595, 0, 157, 2806, 2763, 529, 12.09%, 0, 0, 3, 337.56 7924 6006318
1601806600, 0, 157, 2808, 2765, 529, 12.09%, 0, 0, 3, 338.21 7924 6008026
1601806610, 0, 157, 2809, 2766, 529, 12.09%, 0, 0, 3, 318.67 7925 6011316
1601806621, 0, 157, 2810, 2767, 529, 12.10%, 0, 0, 3, 318.60 7927 6014618
1601806631, 0, 157, 2811, 2768, 529, 12.10%, 0, 0, 3, 317.60 7927 6017908
1601806636, 0, 157, 2812, 2769, 529, 12.10%, 0, 0, 3, 318.63 7929 6019554
1601806651, 0, 157, 2814, 2771, 529, 12.10%, 0, 0, 3, 313.08 7929 6024340
1601806662, 0, 157, 2815, 2772, 529, 12.10%, 0, 0, 3, 319.24 7929 6027636
1601806682, 0, 157, 2816, 2773, 529, 12.10%, 0, 0, 3, 320.12 7929 6034070
1601806692, 0, 161, 2816, 2772, 532, 12.10%, 0, 0, 3, 312.82 7929 6037323
1601806733, 0, 161, 2817, 2773, 532, 12.10%, 0, 0, 3, 297.12 7929 6049457
1601806753, 0, 164, 2817, 2772, 531, 12.10%, 0, 0, 3, 284.36 7929 6055573
1601806774, 0, 164, 2818, 2773, 531, 12.10%, 0, 0, 3, 265.63 7929 6060878
1601806784, 0, 164, 2819, 2774, 531, 12.10%, 0, 0, 3, 267.21 7930 6063595
1601806815, 0, 166, 2819, 2773, 531, 12.10%, 0, 0, 3, 294.58 7930 6072248
1601806892, 0, 167, 2819, 2772, 531, 12.10%, 0, 0, 3, 282.00 7930 6094760
1601806954, 0, 168, 2819, 2771, 530, 12.10%, 0, 0, 3, 304.84 7930 6111802
1601806959, 0, 168, 2820, 2772, 530, 12.10%, 0, 0, 3, 304.87 7931 6113372
1601807011, 0, 168, 2821, 2773, 530, 12.10%, 0, 0, 3, 323.43 7932 6129239
1601807016, 0, 168, 2823, 2775, 530, 12.11%, 0, 0, 3, 326.50 7934 6130917
1601807021, 0, 168, 2824, 2776, 530, 12.11%, 0, 0, 3, 324.12 7934 6132527
1601807051, 0, 168, 2825, 2777, 530, 12.11%, 0, 0, 3, 321.44 7934 6142285
1601807082, 0, 172, 2825, 2776, 531, 12.11%, 0, 0, 3, 318.14 7934 6152275
1601807087, 0, 172, 2826, 2777, 531, 12.11%, 0, 0, 3, 273.70 7935 6153633
1601807138, 0, 172, 2828, 2779, 531, 12.13%, 0, 0, 3, 275.11 7949 6167517
1601807154, 0, 172, 2830, 2781, 531, 12.13%, 0, 0, 3, 306.06 7951 6171917
1601807159, 0, 172, 2831, 2782, 531, 12.13%, 0, 0, 3, 322.13 7951 6173593
1601807174, 0, 172, 2832, 2783, 531, 12.13%, 0, 0, 3, 320.42 7952 6178605
1601807180, 0, 172, 2833, 2784, 531, 12.14%, 0, 0, 3, 321.63 7953 6180263
1601807205, 0, 172, 2834, 2785, 531, 12.14%, 0, 0, 3, 329.21 7953 6188581
1601807210, 0, 172, 2835, 2786, 531, 12.14%, 0, 0, 3, 327.65 7953 6190269
1601807221, 0, 172, 2837, 2788, 531, 12.14%, 0, 0, 3, 306.39 7953 6193417
1601807231, 0, 173, 2837, 2787, 538, 12.14%, 0, 0, 3, 294.68 7953 6196502
1601807287, 0, 174, 2837, 2786, 537, 12.14%, 0, 0, 3, 268.54 7953 6212992
1601807318, 0, 174, 2838, 2787, 537, 12.14%, 0, 0, 3, 254.41 7953 6220866
1601807349, 0, 174, 2839, 2788, 537, 12.14%, 0, 0, 3, 275.40 7953 6228862
1601807354, 0, 174, 2840, 2789, 537, 12.14%, 0, 0, 3, 304.06 7953 6230428
1601807359, 0, 174, 2841, 2790, 537, 12.14%, 0, 0, 3, 308.33 7953 6231996
1601807379, 0, 174, 2842, 2791, 537, 12.14%, 0, 0, 3, 313.37 7953 6238316
1601807404, 0, 174, 2843, 2792, 537, 12.14%, 0, 0, 3, 308.63 7953 6246202
1601807409, 0, 174, 2844, 2793, 537, 12.14%, 0, 0, 3, 312.46 7953 6247782
1601807430, 0, 178, 2845, 2793, 535, 12.14%, 0, 0, 3, 303.09 7953 6254078
1601807486, 0, 182, 2845, 2792, 534, 12.14%, 0, 0, 3, 318.36 7953 6270869
1601807491, 0, 182, 2846, 2793, 534, 12.14%, 0, 0, 3, 307.20 7953 6272428
1601807542, 0, 183, 2846, 2792, 533, 12.14%, 0, 0, 3, 326.12 7953 6288263
1601807603, 0, 185, 2846, 2791, 532, 12.14%, 0, 0, 3, 310.61 7953 6306662
1601807660, 0, 186, 2847, 2791, 531, 12.14%, 0, 0, 3, 294.84 7954 6324026
1601807670, 0, 186, 2848, 2792, 531, 12.14%, 0, 0, 3, 275.61 7955 6326840
1601807700, 0, 186, 2849, 2793, 531, 12.14%, 0, 0, 3, 274.09 7957 6335274
1601807721, 0, 186, 2850, 2794, 531, 12.14%, 0, 0, 3, 304.24 7957 6341029
1601807731, 0, 192, 2850, 2793, 531, 12.14%, 0, 0, 3, 283.63 7957 6344138
1601807788, 0, 192, 2851, 2794, 531, 12.14%, 0, 0, 3, 313.77 7957 6359707
1601807793, 0, 195, 2851, 2793, 530, 12.14%, 0, 0, 3, 304.80 7957 6361303
1601807850, 0, 195, 2852, 2794, 530, 12.14%, 0, 0, 3, 306.02 7958 6376815
1601807860, 0, 199, 2852, 2793, 530, 12.14%, 0, 0, 3, 300.31 7958 6380014
1601807922, 0, 199, 2853, 2794, 530, 12.14%, 0, 0, 3, 325.35 7958 6398293
1601807927, 0, 200, 2853, 2793, 529, 12.14%, 0, 0, 3, 312.56 7958 6399920
1601807994, 0, 202, 2854, 2793, 528, 12.15%, 0, 0, 3, 289.40 7960 6418446
1601808050, 0, 202, 2855, 2794, 528, 12.15%, 0, 0, 3, 310.24 7960 6434051
1601808060, 0, 204, 2857, 2795, 528, 12.15%, 0, 0, 3, 280.01 7961 6437116
1601808122, 0, 204, 2858, 2796, 528, 12.15%, 0, 0, 3, 301.38 7961 6454079
1601808127, 0, 204, 2859, 2797, 528, 12.15%, 0, 0, 3, 320.82 7962 6455753
1601808132, 0, 204, 2860, 2798, 528, 12.15%, 0, 0, 3, 325.95 7962 6457447
1601808142, 0, 204, 2861, 2799, 528, 12.15%, 0, 0, 3, 324.42 7962 6460785
1601808158, 0, 204, 2862, 2800, 528, 12.15%, 0, 0, 3, 321.66 7962 6465743
1601808168, 0, 204, 2863, 2801, 528, 12.15%, 0, 0, 3, 324.80 7962 6469105
1601808199, 0, 205, 2864, 2801, 527, 12.15%, 0, 0, 3, 314.10 7965 6479045
1601808209, 0, 205, 2865, 2802, 527, 12.16%, 0, 0, 3, 312.52 7966 6482203
1601808255, 0, 206, 2867, 2803, 528, 12.16%, 0, 0, 3, 283.93 7967 6496367
1601808260, 0, 206, 2869, 2805, 528, 12.16%, 0, 0, 3, 270.04 7972 6497750
1601808265, 0, 206, 2874, 2810, 528, 12.17%, 0, 0, 3, 265.68 7975 6499125
1601808290, 0, 206, 2875, 2811, 528, 12.17%, 0, 0, 3, 264.91 7975 6505800
1601808301, 0, 206, 2877, 2813, 528, 12.17%, 0, 0, 3, 264.67 7977 6508557
1601808316, 0, 206, 2878, 2814, 528, 12.17%, 0, 0, 3, 264.74 7979 6512654
1601808321, 0, 206, 2879, 2815, 528, 12.17%, 0, 0, 3, 302.85 7979 6514266
1601808326, 0, 206, 2880, 2816, 528, 12.17%, 0, 0, 3, 315.61 7979 6515876
1601808337, 0, 206, 2881, 2817, 528, 12.18%, 0, 0, 3, 307.68 7981 6518980
1601808342, 0, 206, 2882, 2818, 528, 12.18%, 0, 0, 3, 311.50 7981 6520530
1601808347, 0, 206, 2883, 2819, 528, 12.18%, 0, 0, 3, 313.73 7981 6522152
1601808352, 0, 206, 2884, 2820, 528, 12.18%, 0, 0, 3, 316.95 7981 6523768
1601808357, 0, 206, 2886, 2822, 528, 12.18%, 0, 0, 3, 313.58 7981 6525416
1601808388, 0, 206, 2888, 2824, 528, 12.19%, 0, 0, 3, 296.30 7986 6534636
1601808393, 0, 206, 2889, 2825, 528, 12.19%, 0, 0, 3, 306.45 7987 6536192
1601808398, 0, 209, 2891, 2826, 534, 12.19%, 0, 0, 3, 289.31 7987 6537623
1601808403, 0, 209, 2898, 2833, 534, 12.19%, 0, 0, 3, 299.11 7989 6539143
1601808408, 0, 209, 2900, 2835, 534, 12.19%, 0, 0, 3, 300.25 7989 6540655
1601808413, 0, 209, 2901, 2836, 534, 12.20%, 0, 0, 3, 302.47 7993 6542187
1601808448, 0, 209, 2902, 2837, 534, 12.20%, 0, 0, 3, 311.11 7993 6553168
1601808453, 0, 209, 2903, 2838, 534, 12.20%, 0, 0, 3, 312.70 7993 6554756
1601808469, 0, 212, 2903, 2837, 536, 12.20%, 0, 0, 3, 321.39 7993 6559653
1601808520, 0, 212, 2905, 2839, 536, 12.20%, 0, 0, 3, 330.59 7993 6576075
1601808535, 0, 212, 2906, 2840, 536, 12.20%, 0, 0, 3, 334.36 7993 6581153
1601808540, 0, 212, 2907, 2841, 536, 12.20%, 0, 0, 3, 335.64 7996 6582865
1601808551, 0, 212, 2908, 2842, 536, 12.20%, 0, 0, 3, 335.21 7996 6586275
1601808596, 0, 213, 2908, 2841, 536, 12.20%, 0, 0, 3, 281.53 7996 6601184
1601808658, 0, 214, 2908, 2840, 535, 12.20%, 0, 0, 3, 309.32 7996 6618260
1601808673, 0, 214, 2909, 2841, 535, 12.20%, 0, 0, 3, 275.96 7998 6622368
1601808735, 0, 214, 2911, 2843, 535, 12.21%, 0, 0, 3, 301.74 7999 6639169
1601808740, 0, 214, 2912, 2844, 535, 12.21%, 0, 0, 3, 318.67 7999 6640833
1601808746, 0, 214, 2913, 2845, 535, 12.21%, 0, 0, 3, 319.72 7999 6642485
1601808761, 0, 214, 2914, 2846, 535, 12.22%, 0, 0, 3, 322.83 8006 6647449
1601808782, 0, 214, 2915, 2847, 535, 12.22%, 0, 0, 3, 326.14 8006 6654159
1601808787, 0, 214, 2916, 2848, 535, 12.22%, 0, 0, 3, 326.20 8007 6655793
1601808792, 0, 214, 2917, 2849, 535, 12.22%, 0, 0, 3, 327.18 8007 6657481
1601808797, 0, 214, 2918, 2850, 535, 12.23%, 0, 0, 3, 327.37 8013 6659169
1601808812, 0, 214, 2919, 2851, 535, 12.23%, 0, 0, 3, 319.01 8013 6664031
1601808823, 0, 214, 2920, 2852, 535, 12.23%, 0, 0, 3, 325.42 8013 6667369
1601808838, 0, 215, 2920, 2851, 534, 12.23%, 0, 0, 3, 282.12 8013 6672021
1601808900, 0, 218, 2921, 2851, 533, 12.23%, 0, 0, 3, 285.68 8013 6689190
1601808905, 0, 218, 2922, 2852, 533, 12.23%, 0, 0, 3, 280.98 8013 6690542
1601808915, 0, 218, 2923, 2853, 533, 12.23%, 0, 0, 3, 274.17 8013 6693345
1601808982, 0, 218, 2924, 2854, 533, 12.23%, 0, 0, 3, 312.49 8013 6711735
1601808987, 0, 220, 2925, 2854, 532, 12.23%, 0, 0, 3, 297.71 8014 6713231
1601808998, 0, 220, 2926, 2855, 532, 12.23%, 0, 0, 3, 289.26 8015 6716243
1601809044, 0, 222, 2926, 2854, 534, 12.23%, 0, 0, 3, 315.52 8015 6729871
1601809100, 0, 238, 2926, 2853, 533, 12.23%, 0, 0, 3, 332.23 8015 6747420
1601809151, 0, 239, 2926, 2852, 532, 12.23%, 0, 0, 3, 289.75 8015 6765076
1601809156, 0, 239, 2927, 2853, 532, 12.24%, 0, 0, 3, 270.30 8019 6766456
1601809218, 0, 239, 2928, 2854, 532, 12.24%, 0, 0, 3, 310.34 8019 6783057
1601809223, 0, 246, 2928, 2853, 531, 12.24%, 0, 0, 3, 285.70 8019 6784551
1601809284, 0, 276, 2928, 2852, 530, 12.24%, 0, 0, 3, 287.19 8019 6801018
1601809405, 0, 276, 2929, 2853, 530, 12.24%, 0, 0, 3, 228.69 8020 6828697
1601810245, 0, 276, 2930, 2854, 530, 12.24%, 0, 0, 3, 201.57 8020 7012644
1601810260, 0, 276, 2931, 2855, 530, 12.24%, 0, 0, 3, 208.72 8020 7015812
1601810270, 0, 276, 2933, 2857, 530, 12.24%, 0, 0, 3, 209.10 8021 7017900
1601810352, 0, 276, 2935, 2859, 530, 12.24%, 0, 0, 3, 204.35 8022 7034632
1601810372, 0, 303, 2935, 2858, 529, 12.24%, 0, 0, 3, 224.16 8022 7039054
1601810428, 0, 303, 2938, 2861, 529, 12.25%, 0, 0, 3, 201.60 8026 7050092
1601810434, 0, 303, 2939, 2862, 529, 12.25%, 0, 0, 3, 202.21 8026 7051136
1601810444, 0, 303, 2941, 2864, 529, 12.25%, 0, 0, 3, 193.69 8026 7053169
1601810449, 0, 303, 2943, 2866, 529, 12.25%, 0, 0, 3, 190.62 8026 7054148
1601810521, 0, 303, 2944, 2867, 529, 12.25%, 0, 0, 3, 197.54 8026 7068319
1601810699, 0, 303, 2945, 2868, 529, 12.25%, 0, 0, 3, 202.90 8026 7104508
1601810965, 0, 303, 2946, 2869, 529, 12.25%, 0, 0, 3, 204.68 8026 7159068
1601811001, 0, 303, 2947, 2870, 529, 12.25%, 0, 0, 3, 194.25 8026 7166293
1601811037, 0, 303, 2948, 2871, 529, 12.25%, 0, 0, 3, 202.13 8026 7173492
1601811047, 0, 303, 2949, 2872, 529, 12.25%, 0, 0, 3, 203.60 8026 7175572
1601811206, 0, 303, 2950, 2873, 529, 12.25%, 0, 0, 3, 201.56 8026 7208017
1601811375, 0, 303, 2951, 2874, 529, 12.25%, 0, 0, 3, 206.75 8026 7242020
1601811517, 0, 303, 2952, 2875, 529, 12.25%, 0, 0, 3, 202.65 8026 7271553
1601811589, 0, 323, 2952, 2874, 529, 12.25%, 0, 0, 3, 236.52 8026 7286390
1601811660, 0, 323, 2953, 2875, 529, 12.25%, 0, 0, 3, 222.84 8026 7301696
1601811736, 0, 323, 2954, 2876, 529, 12.25%, 0, 0, 3, 217.61 8026 7317992
1601811746, 0, 323, 2955, 2877, 529, 12.25%, 0, 0, 3, 220.38 8026 7320195
1601811893, 0, 323, 2956, 2878, 529, 12.25%, 0, 0, 3, 208.70 8026 7351904
1601811984, 0, 323, 2957, 2879, 529, 12.25%, 0, 0, 3, 219.30 8026 7372072
1601812004, 0, 323, 2958, 2880, 529, 12.25%, 0, 0, 3, 244.73 8026 7376504
1601812673, 0, 372, 2958, 2879, 528, 12.25%, 0, 0, 3, 224.66 8026 7517807
1601812743, 0, 372, 2959, 2880, 528, 12.25%, 0, 0, 3, 190.84 8026 7531504
1601812749, 0, 372, 2961, 2882, 528, 12.25%, 0, 0, 3, 194.11 8026 7532519
1601812759, 0, 372, 2962, 2883, 528, 12.25%, 0, 0, 3, 203.64 8026 7534601
1601812830, 0, 372, 2963, 2884, 528, 12.25%, 0, 0, 3, 196.64 8026 7548681
1601813056, 0, 372, 2964, 2885, 528, 12.25%, 0, 0, 3, 195.01 8026 7593340
1601813128, 0, 372, 2965, 2886, 528, 12.25%, 0, 0, 3, 193.82 8026 7607382
1601813477, 0, 372, 2966, 2887, 528, 12.25%, 0, 0, 3, 201.87 8026 7676708
1601813790, 0, 372, 2967, 2888, 528, 12.25%, 0, 0, 3, 201.02 8026 7739665
1601813805, 0, 372, 2968, 2889, 528, 12.25%, 0, 0, 3, 188.81 8026 7742619
1601813913, 0, 382, 2968, 2888, 528, 12.25%, 0, 0, 3, 212.31 8026 7763254
1601813985, 0, 382, 2973, 2893, 528, 12.25%, 0, 0, 3, 208.88 8029 7777560
1601813996, 0, 382, 2974, 2894, 528, 12.25%, 0, 0, 3, 196.39 8029 7779592
1601814068, 0, 382, 2977, 2897, 528, 12.25%, 0, 0, 3, 194.93 8029 7793794
1601814150, 0, 382, 2978, 2898, 528, 12.25%, 0, 0, 3, 203.59 8029 7810015
1601814303, 0, 382, 2981, 2901, 528, 12.25%, 0, 0, 3, 204.44 8029 7841008
1601814545, 0, 382, 2982, 2902, 528, 12.25%, 0, 0, 3, 196.75 8029 7889467
1601814823, 0, 382, 2983, 2903, 528, 12.25%, 0, 0, 3, 202.87 8029 7944625
1601814982, 0, 382, 2984, 2904, 528, 12.25%, 0, 0, 3, 205.99 8029 7976334
1601814992, 0, 382, 2985, 2905, 528, 12.25%, 0, 0, 3, 211.35 8029 7978502
1601815064, 0, 382, 2986, 2906, 528, 12.25%, 0, 0, 3, 225.81 8031 7992942
1601815070, 0, 382, 2987, 2907, 528, 12.25%, 0, 0, 3, 225.34 8031 7994126
1601815080, 0, 382, 2988, 2908, 528, 12.25%, 0, 0, 3, 226.02 8031 7996550
1601815101, 0, 385, 2988, 2907, 526, 12.25%, 0, 0, 3, 224.40 8031 8001194
1601815183, 0, 385, 2989, 2908, 526, 12.25%, 0, 0, 3, 191.28 8031 8017408
1601815255, 0, 385, 2990, 2909, 526, 12.25%, 0, 0, 3, 195.03 8031 8031690
1601815481, 0, 385, 2991, 2910, 526, 12.25%, 0, 0, 3, 183.52 8031 8075865
1601816267, 0, 387, 2991, 2909, 525, 12.25%, 0, 0, 3, 226.83 8031 8227800
1601816339, 0, 387, 2997, 2915, 525, 12.26%, 0, 0, 3, 210.49 8036 8242518
1601816349, 0, 387, 2998, 2916, 525, 12.26%, 0, 0, 3, 207.00 8036 8244658
1601816416, 0, 387, 2999, 2917, 525, 12.27%, 0, 0, 3, 204.19 8043 8258426
1601817123, 0, 387, 3000, 2918, 525, 12.27%, 0, 0, 3, 210.55 8043 8404387
1601817297, 0, 387, 3001, 2919, 525, 12.29%, 0, 0, 3, 199.86 8052 8440764
1601817373, 0, 393, 3001, 2918, 530, 12.29%, 0, 0, 3, 248.84 8052 8457603
1601817434, 0, 393, 3002, 2919, 530, 12.29%, 0, 0, 3, 221.94 8052 8471181
1601817450, 0, 393, 3003, 2920, 530, 12.29%, 0, 0, 3, 221.28 8052 8474541
1601818424, 0, 419, 3003, 2919, 530, 12.29%, 0, 0, 3, 243.07 8052 8686698
1601819083, 0, 419, 3004, 2920, 530, 12.29%, 0, 0, 3, 202.02 8055 8820401
1601819641, 0, 423, 3004, 2919, 530, 12.29%, 0, 0, 3, 219.89 8055 8931562
1601819707, 0, 423, 3005, 2920, 530, 12.29%, 0, 0, 3, 200.14 8055 8944672
1601819784, 0, 423, 3006, 2921, 530, 12.29%, 0, 0, 3, 199.93 8055 8960088
1601820030, 0, 423, 3007, 2922, 530, 12.29%, 0, 0, 3, 199.08 8057 9009553
1601820871, 0, 440, 3007, 2921, 531, 12.29%, 0, 0, 3, 234.16 8057 9176754
1601820937, 0, 440, 3008, 2922, 531, 12.29%, 0, 0, 3, 202.84 8057 9190100
1601820952, 0, 440, 3009, 2923, 531, 12.29%, 0, 0, 3, 199.44 8057 9193152
1601820958, 0, 440, 3010, 2924, 531, 12.29%, 0, 0, 3, 204.03 8057 9194192
1601821955, 0, 440, 3011, 2925, 531, 12.29%, 0, 0, 3, 197.24 8057 9390674
1601822089, 0, 441, 3011, 2924, 530, 12.29%, 0, 0, 3, 208.68 8057 9416444
1601822171, 0, 441, 3012, 2925, 530, 12.30%, 0, 0, 3, 192.46 8062 9432118
1601822176, 0, 441, 3015, 2928, 530, 12.31%, 0, 0, 3, 196.71 8068 9433141
1601822258, 0, 441, 3018, 2931, 530, 12.32%, 0, 0, 3, 194.79 8072 9448992
1601822346, 0, 441, 3019, 2932, 530, 12.32%, 0, 0, 3, 187.89 8072 9465815
1601822568, 0, 441, 3020, 2933, 530, 12.34%, 0, 0, 3, 195.45 8086 9508667
1601822578, 0, 441, 3021, 2934, 530, 12.34%, 0, 0, 3, 195.39 8086 9510712
1601823114, 0, 441, 3022, 2935, 530, 12.34%, 0, 0, 3, 202.35 8086 9616866
1601823294, 0, 441, 3023, 2936, 530, 12.34%, 0, 0, 3, 200.22 8086 9652562
1601823336, 0, 458, 3023, 2935, 531, 12.34%, 0, 0, 3, 220.64 8086 9660956
1601823403, 0, 458, 3024, 2936, 531, 12.34%, 0, 0, 3, 191.66 8086 9673709
1601823418, 0, 458, 3025, 2937, 531, 12.34%, 0, 0, 3, 190.18 8087 9676666
1601823423, 0, 458, 3029, 2941, 531, 12.34%, 0, 0, 3, 190.60 8088 9677655
1601824601, 0, 458, 3030, 2942, 531, 12.34%, 0, 0, 3, 245.53 8088 9906215
1601824606, 0, 466, 3030, 2941, 532, 12.34%, 0, 0, 3, 271.60 8088 9907687
1601824647, 0, 466, 3031, 2942, 532, 12.34%, 0, 0, 3, 270.29 8088 9918580
1601824887, 0, 466, 3032, 2943, 532, 12.34%, 0, 0, 3, 234.67 8088 9978102
1601824907, 0, 466, 3033, 2944, 532, 12.34%, 0, 0, 3, 224.95 8088 9982702
1601825154, 0, 466, 3034, 2945, 532, 12.34%, 0, 0, 3, 224.95 8090 10038790
1601825250, 0, 466, 3035, 2946, 532, 12.34%, 0, 0, 3, 252.67 8090 10061829
1601825495, 0, 466, 3036, 2947, 532, 12.34%, 0, 0, 3, 234.93 8090 10122098
1601825592, 0, 468, 3036, 2946, 532, 12.34%, 0, 0, 3, 227.31 8090 10145125
1601825668, 0, 468, 3037, 2947, 532, 12.35%, 0, 0, 3, 207.97 8094 10161147
1601826009, 0, 468, 3038, 2948, 532, 12.35%, 0, 0, 3, 218.32 8094 10232999
1601826622, 0, 468, 3039, 2949, 532, 12.35%, 0, 0, 3, 210.45 8094 10363719
1601826720, 0, 471, 3039, 2948, 531, 12.35%, 0, 0, 3, 216.39 8094 10384466
1601826877, 0, 471, 3040, 2949, 531, 12.35%, 0, 0, 3, 219.48 8095 10417023
1601827151, 0, 471, 3042, 2951, 531, 12.35%, 0, 0, 3, 228.63 8096 10477576
1601827161, 0, 471, 3043, 2952, 531, 12.35%, 0, 0, 3, 223.45 8096 10479796
1601827810, 0, 471, 3044, 2953, 531, 12.36%, 0, 0, 3, 225.18 8098 10624845
1601827821, 0, 471, 3045, 2954, 531, 12.36%, 0, 0, 3, 255.44 8098 10627349
1601827826, 0, 471, 3046, 2955, 531, 12.36%, 0, 0, 3, 249.87 8098 10628632
1601827831, 0, 477, 3046, 2954, 536, 12.36%, 0, 0, 3, 256.35 8098 10629938
1601828238, 0, 477, 3047, 2955, 536, 12.36%, 0, 0, 3, 221.75 8098 10718892
1601828264, 0, 477, 3048, 2956, 536, 12.36%, 0, 0, 3, 225.67 8099 10724576
1601828937, 0, 477, 3049, 2957, 536, 12.36%, 0, 0, 3, 230.71 8099 10872499
1601828947, 0, 485, 3049, 2956, 535, 12.36%, 0, 0, 3, 241.38 8099 10875059
1601828998, 0, 485, 3050, 2957, 535, 12.36%, 0, 0, 3, 201.89 8099 10885889
1601830071, 0, 493, 3050, 2956, 535, 12.36%, 0, 0, 3, 234.87 8099 11114328
1601830132, 0, 493, 3051, 2957, 535, 12.36%, 0, 0, 3, 220.76 8099 11127320
1601830437, 0, 493, 3052, 2958, 535, 12.36%, 0, 0, 3, 208.34 8099 11192192
1601830921, 0, 493, 3053, 2959, 535, 12.36%, 0, 0, 3, 207.39 8099 11294371
1601831078, 0, 495, 3053, 2958, 535, 12.36%, 0, 0, 3, 227.44 8099 11326868
1601831160, 0, 495, 3054, 2959, 535, 12.36%, 0, 0, 3, 218.25 8099 11343950
1601831248, 0, 495, 3055, 2960, 535, 12.36%, 0, 0, 3, 197.37 8099 11360569
1601831366, 0, 495, 3056, 2961, 535, 12.36%, 0, 0, 3, 197.45 8099 11383625
1601832054, 0, 495, 3057, 2962, 535, 12.36%, 0, 0, 3, 204.63 8099 11520015
1601832244, 0, 495, 3058, 2963, 535, 12.36%, 0, 0, 3, 186.66 8099 11557771
1601832259, 0, 497, 3058, 2962, 534, 12.36%, 0, 0, 3, 202.79 8099 11560675
1601833542, 0, 498, 3058, 2961, 533, 12.36%, 0, 0, 3, 217.04 8099 11805630
1601834696, 0, 529, 3058, 2960, 533, 12.36%, 0, 0, 3, 216.55 8099 12039595
1601834763, 0, 529, 3059, 2961, 533, 12.36%, 0, 0, 3, 194.20 8099 12052693
1601834854, 0, 529, 3061, 2963, 533, 12.36%, 0, 0, 3, 179.31 8099 12069614
1601835107, 0, 529, 3062, 2964, 533, 12.36%, 0, 0, 3, 194.40 8099 12115715
1601835519, 0, 529, 3063, 2965, 533, 12.36%, 0, 0, 3, 182.91 8099 12192675
1601835684, 0, 529, 3064, 2966, 533, 12.36%, 0, 0, 3, 177.36 8099 12222918
1601835689, 0, 529, 3065, 2967, 533, 12.36%, 0, 0, 3, 179.85 8099 12223850
1601835968, 0, 531, 3065, 2966, 532, 12.36%, 0, 0, 3, 203.61 8099 12274518
1601836040, 0, 531, 3066, 2967, 532, 12.36%, 0, 0, 3, 174.19 8099 12287415
1601836122, 0, 531, 3067, 2968, 532, 12.36%, 0, 0, 3, 179.65 8099 12302183
1601836143, 0, 531, 3068, 2969, 532, 12.36%, 0, 0, 3, 175.34 8099 12305842
1601837059, 0, 531, 3069, 2970, 532, 12.36%, 0, 0, 3, 169.90 8102 12466086
1601837368, 0, 540, 3069, 2969, 532, 12.36%, 0, 0, 3, 199.05 8102 12519513
1601837425, 0, 540, 3070, 2970, 532, 12.39%, 0, 0, 3, 196.07 8121 12530661
1601837435, 0, 540, 3071, 2971, 532, 12.39%, 0, 0, 3, 202.09 8121 12532720
1601837451, 0, 540, 3073, 2973, 532, 12.39%, 0, 0, 3, 201.46 8121 12535784
1601837697, 0, 540, 3074, 2974, 532, 12.39%, 0, 0, 3, 197.10 8122 12585050
1601838481, 0, 540, 3075, 2975, 532, 12.39%, 0, 0, 3, 191.89 8122 12737937
1601838563, 0, 540, 3076, 2976, 532, 12.39%, 0, 0, 3, 195.50 8122 12753896
1601838584, 0, 540, 3077, 2977, 532, 12.39%, 0, 0, 3, 203.54 8122 12757906
1601838594, 0, 541, 3077, 2976, 533, 12.39%, 0, 0, 3, 228.18 8122 12760190
1601839649, 0, 553, 3077, 2975, 532, 12.39%, 0, 0, 3, 243.15 8122 12996920
1601839726, 0, 553, 3078, 2976, 532, 12.39%, 0, 0, 3, 178.55 8122 13010976
1601839736, 0, 553, 3079, 2977, 532, 12.39%, 0, 0, 3, 181.32 8122 13012823
1601839828, 0, 553, 3080, 2978, 532, 12.39%, 0, 0, 3, 172.54 8122 13029010
1601840789, 0, 553, 3081, 2979, 532, 12.39%, 0, 0, 3, 193.75 8122 13209316
1601840907, 0, 557, 3081, 2978, 531, 12.39%, 0, 0, 3, 222.48 8122 13232370
1601840995, 0, 557, 3082, 2979, 531, 12.39%, 0, 0, 3, 201.13 8122 13249308
1601841082, 0, 557, 3083, 2980, 531, 12.39%, 0, 0, 3, 186.93 8123 13265966
1601841417, 0, 557, 3084, 2981, 531, 12.39%, 0, 0, 3, 187.46 8123 13327417
1601842209, 0, 557, 3085, 2982, 531, 12.39%, 0, 0, 3, 216.18 8123 13477325
1601842214, 0, 557, 3086, 2983, 531, 12.39%, 0, 0, 3, 215.88 8123 13478421
1601842224, 0, 570, 3086, 2982, 533, 12.39%, 0, 0, 3, 223.73 8123 13480673
1601842672, 0, 570, 3087, 2983, 533, 12.39%, 0, 0, 3, 186.64 8123 13565951
1601843485, 0, 599, 3087, 2982, 533, 12.39%, 0, 0, 3, 224.55 8123 13721902
1601844719, 0, 599, 3088, 2983, 533, 12.39%, 0, 0, 3, 207.47 8123 13960233
1601844729, 0, 600, 3088, 2982, 532, 12.39%, 0, 0, 3, 213.87 8123 13962437
1601845969, 0, 603, 3088, 2981, 531, 12.39%, 0, 0, 3, 225.95 8123 14201433
1601847132, 0, 603, 3089, 2982, 531, 12.39%, 0, 0, 3, 197.07 8123 14429399
1601847198, 0, 608, 3089, 2981, 531, 12.39%, 0, 0, 3, 226.72 8123 14442867
1601848396, 0, 614, 3089, 2980, 530, 12.39%, 0, 0, 3, 219.18 8123 14679123
1601848458, 0, 614, 3094, 2985, 530, 12.39%, 0, 0, 3, 185.37 8123 14690604
1601848468, 0, 614, 3095, 2986, 530, 12.39%, 0, 0, 3, 179.17 8123 14692451
1601848489, 0, 614, 3097, 2988, 530, 12.42%, 0, 0, 3, 177.37 8140 14696082
1601848551, 0, 614, 3100, 2991, 530, 12.43%, 0, 0, 3, 178.64 8148 14707275
1601848556, 0, 614, 3101, 2992, 530, 12.43%, 0, 0, 3, 181.71 8148 14708228
1601848581, 0, 614, 3102, 2993, 530, 12.43%, 0, 0, 3, 185.39 8148 14712789
1601848643, 0, 614, 3104, 2995, 530, 12.43%, 0, 0, 3, 182.90 8148 14723941
1601848669, 0, 614, 3106, 2997, 530, 12.44%, 0, 0, 3, 179.29 8154 14728523
1601848761, 0, 614, 3121, 3012, 530, 12.44%, 0, 0, 3, 179.87 8154 14745163
1601848837, 0, 614, 3122, 3013, 530, 12.44%, 0, 0, 3, 179.35 8154 14758890
1601848924, 0, 614, 3123, 3014, 530, 12.48%, 0, 0, 3, 179.21 8178 14774324
1601849284, 0, 614, 3124, 3015, 530, 12.48%, 0, 0, 3, 190.18 8178 14840366
1601849458, 0, 614, 3125, 3016, 530, 12.48%, 0, 0, 3, 184.34 8180 14872629
1601849746, 0, 614, 3126, 3017, 530, 12.48%, 0, 0, 3, 202.70 8180 14926325
1601849751, 0, 614, 3127, 3018, 530, 12.48%, 0, 0, 3, 221.79 8180 14927453
1601849766, 0, 640, 3127, 3017, 533, 12.48%, 0, 0, 3, 224.25 8180 14930919
1601849833, 0, 640, 3129, 3019, 533, 12.48%, 0, 0, 3, 194.54 8182 14943957
1601849838, 0, 640, 3130, 3020, 533, 12.48%, 0, 0, 3, 192.20 8182 14944955
1601849848, 0, 640, 3131, 3021, 533, 12.48%, 0, 0, 3, 193.71 8182 14946943
1601849915, 0, 640, 3134, 3024, 533, 12.48%, 0, 0, 3, 201.04 8182 14960270
1601850824, 0, 640, 3135, 3025, 533, 12.49%, 0, 0, 3, 202.86 8183 15142860
1601850911, 0, 642, 3135, 3024, 534, 12.49%, 0, 0, 3, 219.19 8183 15160026
1601851990, 0, 642, 3136, 3025, 534, 12.49%, 0, 0, 3, 227.07 8183 15373965
1601851995, 0, 665, 3136, 3024, 533, 12.49%, 0, 0, 3, 232.91 8183 15375129
1601852310, 0, 665, 3137, 3025, 533, 12.49%, 0, 0, 3, 231.57 8183 15447923
1601853023, 0, 666, 3137, 3024, 532, 12.49%, 0, 0, 3, 245.67 8183 15613939
1601853228, 0, 666, 3138, 3025, 532, 12.49%, 0, 0, 3, 226.70 8183 15663401
1601853418, 0, 666, 3139, 3026, 532, 12.49%, 0, 0, 3, 243.44 8183 15707425
1601854001, 0, 668, 3139, 3025, 531, 12.49%, 0, 0, 3, 262.25 8183 15852332
1601854058, 0, 668, 3140, 3026, 531, 12.50%, 0, 0, 3, 237.65 8190 15866016
1601854063, 0, 668, 3141, 3027, 531, 12.50%, 0, 0, 3, 239.42 8190 15867248
1601854283, 0, 668, 3142, 3028, 531, 12.50%, 0, 0, 3, 256.38 8190 15921734
1601854528, 0, 668, 3144, 3030, 531, 12.50%, 0, 0, 3, 252.89 8190 15982398
1601854948, 0, 675, 3144, 3029, 531, 12.50%, 0, 0, 3, 250.73 8190 16089511
1601855004, 0, 675, 3146, 3031, 531, 12.52%, 0, 0, 3, 210.50 8206 16101297
1601856113, 0, 679, 3146, 3030, 530, 12.52%, 0, 0, 3, 225.48 8206 16335261
1601856195, 0, 679, 3147, 3031, 530, 12.52%, 0, 0, 3, 202.95 8206 16351783
1601857304, 0, 682, 3147, 3030, 530, 12.52%, 0, 0, 3, 234.95 8206 16580233
1601857361, 0, 682, 3151, 3034, 530, 12.52%, 0, 0, 3, 205.42 8206 16592015
1601857366, 0, 682, 3154, 3037, 530, 12.53%, 0, 0, 3, 206.49 8209 16593079
1601857372, 0, 682, 3158, 3041, 530, 12.54%, 0, 0, 3, 205.61 8219 16594135
1601857377, 0, 682, 3165, 3048, 530, 12.55%, 0, 0, 3, 207.18 8222 16595167
1601857382, 0, 682, 3166, 3049, 530, 12.55%, 0, 0, 3, 200.28 8228 16596171
1601857387, 0, 682, 3168, 3051, 530, 12.57%, 0, 0, 3, 205.85 8238 16597207
1601857448, 0, 682, 3169, 3052, 530, 12.57%, 0, 0, 3, 212.85 8238 16609947
1601857453, 0, 682, 3173, 3056, 530, 12.58%, 0, 0, 3, 212.85 8246 16611035
1601857458, 0, 682, 3174, 3057, 530, 12.58%, 0, 0, 3, 206.12 8247 16612047
1601857541, 0, 682, 3175, 3058, 530, 12.62%, 0, 0, 3, 205.55 8272 16629110
1601857561, 0, 682, 3176, 3059, 530, 12.62%, 0, 0, 3, 207.65 8272 16633335
1601857632, 0, 682, 3177, 3060, 530, 12.63%, 0, 0, 3, 198.51 8275 16648303
1601857638, 0, 682, 3178, 3061, 530, 12.63%, 0, 0, 3, 198.29 8275 16649319
1601857683, 0, 682, 3179, 3062, 530, 12.63%, 0, 0, 3, 207.04 8279 16658543
1601857688, 0, 682, 3180, 3063, 530, 12.63%, 0, 0, 3, 201.93 8279 16659555
1601857694, 0, 682, 3182, 3065, 530, 12.64%, 0, 0, 3, 198.57 8281 16660574
1601857775, 0, 682, 3184, 3067, 530, 12.64%, 0, 0, 3, 206.21 8281 16676627
1601857979, 0, 682, 3185, 3068, 530, 12.64%, 0, 0, 3, 192.92 8282 16716853
1601858286, 0, 682, 3187, 3070, 530, 12.64%, 0, 0, 3, 189.29 8282 16777402
1601858420, 0, 682, 3188, 3071, 530, 12.64%, 0, 0, 3, 189.89 8283 16802834
1601858487, 0, 682, 3189, 3072, 530, 12.64%, 0, 0, 3, 193.97 8283 16815760
1601858569, 0, 682, 3191, 3074, 530, 12.65%, 0, 0, 3, 186.93 8293 16831410
1601858574, 0, 682, 3192, 3075, 530, 12.65%, 0, 0, 3, 207.29 8293 16832518
1601858590, 0, 683, 3192, 3074, 543, 12.65%, 0, 0, 3, 205.90 8293 16835798
1601858677, 0, 683, 3193, 3075, 543, 12.65%, 0, 0, 3, 177.21 8293 16851501
1601858682, 0, 683, 3205, 3087, 543, 12.68%, 0, 0, 3, 179.33 8310 16852404
1601858687, 0, 683, 3207, 3089, 543, 12.68%, 0, 0, 3, 173.31 8310 16853293
1601858754, 0, 683, 3208, 3090, 543, 12.69%, 0, 0, 3, 179.85 8314 16865349
1601858775, 0, 683, 3210, 3092, 543, 12.70%, 0, 0, 3, 188.80 8320 16869063
1601858862, 0, 683, 3211, 3093, 543, 12.70%, 0, 0, 3, 182.37 8320 16885022
1601859089, 0, 683, 3212, 3094, 543, 12.70%, 0, 0, 3, 185.09 8320 16927012
1601859786, 0, 683, 3213, 3095, 543, 12.70%, 0, 0, 3, 186.03 8320 17056853
1601859946, 0, 685, 3213, 3094, 546, 12.70%, 0, 0, 3, 212.93 8320 17086528
1601861130, 0, 692, 3213, 3093, 545, 12.70%, 0, 0, 3, 218.90 8320 17323544
1601862330, 0, 701, 3213, 3092, 544, 12.70%, 0, 0, 3, 213.12 8320 17561443
1601863578, 0, 703, 3213, 3091, 543, 12.70%, 0, 0, 3, 216.50 8320 17807273
1601864842, 0, 705, 3213, 3090, 542, 12.70%, 0, 0, 3, 219.29 8320 18052087
