# unix_time, cycles_done, cur_path, paths_total, pending_total, pending_favs, map_size, unique_crashes, unique_hangs, max_depth, execs_per_sec, edge_coverage, total_execs
1605134599, 0, 0, 1, 1, 1, 1.91%, 0, 0, 1, 71.30, 1252, 40
1605134604, 0, 0, 15, 15, 1, 1.94%, 0, 0, 2, 100.76, 1273, 2284
1605134609, 0, 0, 32, 32, 1, 2.05%, 0, 0, 2, 101.89, 1343, 2816
1605134614, 0, 0, 57, 57, 1, 2.12%, 0, 0, 2, 112.90, 1392, 3378
1605134619, 0, 0, 157, 157, 1, 2.42%, 0, 0, 2, 300.64, 1587, 4884
1605134624, 0, 0, 235, 235, 1, 2.49%, 0, 0, 2, 419.73, 1633, 7126
1605134629, 0, 0, 262, 262, 1, 2.51%, 0, 0, 2, 352.07, 1648, 8892
1605134634, 0, 0, 293, 293, 1, 2.57%, 0, 0, 2, 289.27, 1686, 9992
1605134640, 0, 0, 333, 333, 1, 2.59%, 0, 0, 2, 408.44, 1696, 12294
1605134645, 0, 0, 348, 348, 1, 2.59%, 0, 0, 2, 123.93, 1697, 13892
1605134650, 0, 0, 370, 370, 1, 2.60%, 0, 0, 2, 216.69, 1703, 15174
1605134655, 0, 0, 389, 389, 1, 2.61%, 0, 0, 2, 262.38, 1708, 16754
1605134660, 0, 0, 405, 405, 1, 2.61%, 0, 0, 2, 339.41, 1708, 18424
1605134665, 0, 0, 416, 416, 1, 2.61%, 0, 0, 2, 335.71, 1710, 20256
1605134670, 0, 0, 424, 424, 1, 2.61%, 0, 0, 2, 337.72, 1712, 21904
1605134675, 0, 0, 433, 433, 1, 2.62%, 0, 0, 2, 337.41, 1714, 23530
1605134680, 0, 0, 440, 440, 1, 2.62%, 0, 0, 2, 290.55, 1718, 25106
1605134685, 0, 0, 442, 442, 1, 2.62%, 0, 0, 2, 186.83, 1719, 25896
1605134690, 0, 0, 443, 443, 1, 2.62%, 0, 0, 2, 129.26, 1719, 26470
1605134701, 0, 0, 445, 445, 1, 2.62%, 0, 0, 2, 96.26, 1720, 27391
1605134706, 0, 0, 448, 448, 1, 2.62%, 0, 0, 2, 108.78, 1720, 27934
1605134716, 0, 0, 449, 449, 1, 2.63%, 0, 0, 2, 119.55, 1721, 29236
1605134721, 0, 0, 450, 450, 1, 2.63%, 0, 0, 2, 146.73, 1721, 29950
1605134731, 0, 0, 451, 451, 1, 2.63%, 0, 0, 2, 162.02, 1722, 31572
1605134736, 0, 0, 452, 452, 1, 2.63%, 0, 0, 2, 128.20, 1722, 32194
1605134752, 0, 0, 454, 454, 1, 2.63%, 0, 0, 2, 127.98, 1722, 34102
1605134762, 0, 0, 455, 455, 1, 2.63%, 0, 0, 2, 94.92, 1724, 35033
1605134767, 0, 0, 456, 456, 1, 2.63%, 0, 0, 2, 122.43, 1725, 35688
1605134772, 0, 0, 457, 457, 1, 2.63%, 0, 0, 2, 134.49, 1725, 36372
1605134782, 0, 0, 458, 458, 1, 2.63%, 0, 0, 2, 112.75, 1726, 37486
1605134787, 0, 0, 459, 459, 1, 2.63%, 0, 0, 2, 110.83, 1726, 38046
1605134792, 0, 0, 460, 460, 1, 2.63%, 0, 0, 2, 110.34, 1726, 38608
1605134797, 0, 0, 461, 461, 1, 2.63%, 0, 0, 2, 118.99, 1726, 39220
1605134802, 0, 0, 463, 463, 1, 2.64%, 0, 0, 2, 128.05, 1728, 39856
1605134808, 0, 0, 465, 465, 1, 2.64%, 0, 0, 2, 110.51, 1729, 40434
1605134818, 0, 0, 466, 466, 1, 2.64%, 0, 0, 2, 96.60, 1729, 41461
1605134823, 0, 0, 467, 467, 1, 2.64%, 0, 0, 2, 118.46, 1730, 42062
1605134853, 0, 0, 468, 468, 1, 2.64%, 0, 0, 2, 110.16, 1730, 45628
1605134864, 0, 0, 469, 469, 1, 2.64%, 0, 0, 2, 100.51, 1731, 46640
1605134879, 0, 0, 470, 470, 1, 2.64%, 0, 0, 2, 98.03, 1732, 48202
1605134894, 0, 0, 471, 471, 1, 2.64%, 0, 0, 2, 101.60, 1732, 49848
1605134899, 0, 0, 473, 473, 1, 2.64%, 0, 0, 2, 126.49, 1733, 50474
1605134920, 0, 0, 474, 474, 1, 2.64%, 0, 0, 2, 128.18, 1733, 52988
1605134940, 0, 0, 476, 476, 1, 2.65%, 0, 0, 2, 119.29, 1734, 55262
1605134950, 0, 0, 477, 477, 1, 2.65%, 0, 0, 2, 99.86, 1735, 56328
1605134955, 0, 0, 478, 478, 1, 2.65%, 0, 0, 2, 115.71, 1736, 56956
1605135021, 0, 0, 479, 479, 1, 2.65%, 0, 0, 2, 132.42, 1736, 64732
1605135088, 0, 0, 480, 480, 1, 2.65%, 0, 0, 2, 103.97, 1736, 72314
1605135098, 0, 0, 482, 482, 1, 2.65%, 0, 0, 2, 107.98, 1737, 73436
1605135128, 0, 0, 483, 483, 1, 2.65%, 0, 0, 2, 130.87, 1737, 76996
1605135138, 0, 0, 484, 484, 1, 2.65%, 0, 0, 2, 147.70, 1737, 78438
1605135143, 0, 0, 485, 485, 1, 2.65%, 0, 0, 2, 135.44, 1738, 79096
1605135148, 0, 0, 486, 486, 1, 2.65%, 0, 0, 2, 135.08, 1739, 79804
1605135174, 0, 0, 487, 487, 1, 2.65%, 0, 0, 2, 140.98, 1739, 83086
1605135179, 0, 0, 488, 488, 1, 2.66%, 0, 0, 2, 125.15, 1745, 83714
1605135184, 0, 0, 489, 489, 1, 2.66%, 0, 0, 2, 124.15, 1745, 84340
1605135200, 0, 0, 491, 491, 1, 2.67%, 0, 0, 2, 116.84, 1747, 86188
1605135210, 0, 0, 494, 494, 1, 2.67%, 0, 0, 2, 118.16, 1748, 87410
1605135225, 0, 0, 495, 495, 1, 2.67%, 0, 0, 2, 127.63, 1748, 89336
1605135276, 0, 0, 496, 496, 1, 2.67%, 0, 0, 2, 95.14, 1749, 95298
1605135281, 0, 0, 497, 497, 1, 2.68%, 0, 0, 2, 93.97, 1755, 95788
1605135291, 0, 0, 498, 498, 1, 2.68%, 0, 0, 2, 86.70, 1756, 96677
1605135296, 0, 0, 502, 502, 1, 2.68%, 0, 0, 2, 110.29, 1757, 97246
1605135332, 0, 0, 503, 503, 1, 2.68%, 0, 0, 2, 120.89, 1758, 101008
1605135352, 0, 0, 504, 504, 1, 2.68%, 0, 0, 2, 118.77, 1758, 103142
1605135362, 0, 0, 505, 505, 1, 2.68%, 0, 0, 2, 120.67, 1758, 104262
1605135373, 0, 0, 506, 506, 1, 2.69%, 0, 0, 2, 121.83, 1759, 105498
1605135383, 0, 0, 507, 507, 1, 2.69%, 0, 0, 2, 110.80, 1761, 106572
1605135398, 0, 0, 508, 508, 1, 2.69%, 0, 0, 2, 119.07, 1761, 108346
1605135423, 0, 0, 509, 509, 1, 2.69%, 0, 0, 2, 121.48, 1762, 111342
1605135438, 0, 0, 510, 510, 1, 2.69%, 0, 0, 2, 118.35, 1763, 113012
1605135454, 0, 0, 511, 511, 1, 2.69%, 0, 0, 2, 81.98, 1764, 114538
1605135459, 0, 0, 512, 512, 1, 2.69%, 0, 0, 2, 100.83, 1764, 115066
1605135494, 0, 0, 513, 513, 1, 2.69%, 0, 0, 2, 116.28, 1764, 118894
1605135505, 0, 0, 514, 514, 1, 2.69%, 0, 0, 2, 121.97, 1766, 120154
1605135520, 0, 0, 516, 516, 1, 2.70%, 0, 0, 2, 104.57, 1767, 121808
1605135535, 0, 0, 519, 519, 1, 2.72%, 0, 0, 2, 110.98, 1781, 123554
1605135555, 0, 0, 521, 521, 1, 2.72%, 0, 0, 2, 104.39, 1782, 125770
1605135576, 0, 0, 522, 522, 1, 2.72%, 0, 0, 2, 111.38, 1783, 128106
1605135581, 0, 0, 523, 523, 1, 2.72%, 0, 0, 2, 114.17, 1784, 128698
1605135586, 0, 0, 525, 525, 1, 2.73%, 0, 0, 2, 113.22, 1787, 129264
1605135591, 0, 0, 526, 526, 1, 2.74%, 0, 0, 2, 120.85, 1793, 129870
1605135601, 0, 0, 536, 536, 1, 2.74%, 0, 0, 2, 120.75, 1797, 131098
1605135606, 0, 0, 563, 563, 1, 2.74%, 0, 0, 2, 105.09, 1798, 131645
1605135611, 0, 0, 584, 584, 1, 2.75%, 0, 0, 2, 96.90, 1799, 132131
1605135616, 0, 0, 605, 605, 1, 2.76%, 0, 0, 2, 93.31, 1809, 132634
1605135621, 0, 0, 621, 621, 1, 2.76%, 0, 0, 2, 114.04, 1810, 133245
1605135626, 0, 0, 625, 625, 1, 2.76%, 0, 0, 2, 128.23, 1812, 133870
1605135631, 0, 0, 639, 639, 1, 2.77%, 0, 0, 2, 98.02, 1813, 134360
1605135637, 0, 0, 651, 651, 1, 2.77%, 0, 0, 2, 83.85, 1813, 134792
1605135642, 0, 0, 660, 660, 1, 2.77%, 0, 0, 2, 81.66, 1813, 135212
1605135652, 0, 0, 663, 663, 1, 2.77%, 0, 0, 2, 83.24, 1813, 136093
1605135657, 0, 0, 668, 668, 1, 2.77%, 0, 0, 2, 81.60, 1813, 136519
1605135662, 0, 0, 671, 671, 1, 2.77%, 0, 0, 2, 78.79, 1813, 136934
1605135667, 0, 0, 672, 672, 1, 2.77%, 0, 0, 2, 88.01, 1813, 137407
1605135673, 0, 0, 673, 673, 1, 2.77%, 0, 0, 2, 98.16, 1814, 137918
1605135698, 0, 0, 676, 676, 1, 2.77%, 0, 0, 2, 100.85, 1814, 140504
1605135703, 0, 0, 677, 677, 1, 2.77%, 0, 0, 2, 110.85, 1814, 141074
1605135708, 0, 0, 678, 678, 1, 2.77%, 0, 0, 2, 113.95, 1814, 141664
1605135723, 0, 0, 679, 679, 1, 2.77%, 0, 0, 2, 116.39, 1814, 143382
1605135729, 0, 0, 680, 680, 1, 2.77%, 0, 0, 2, 110.06, 1814, 143972
1605135734, 0, 0, 682, 682, 1, 2.80%, 0, 0, 2, 111.32, 1832, 144520
1605135744, 0, 0, 684, 684, 1, 2.80%, 0, 0, 2, 115.69, 1833, 145712
1605135749, 0, 0, 687, 687, 1, 2.80%, 0, 0, 2, 113.41, 1834, 146286
1605135764, 0, 0, 688, 688, 1, 2.80%, 0, 0, 2, 95.50, 1835, 147798
1605135774, 0, 0, 689, 689, 1, 2.80%, 0, 0, 2, 114.58, 1835, 148970
1605135784, 0, 0, 691, 691, 1, 2.80%, 0, 0, 2, 109.58, 1835, 150056
1605135794, 0, 0, 692, 692, 1, 2.80%, 0, 0, 2, 98.76, 1835, 151108
1605135804, 0, 0, 693, 693, 1, 2.80%, 0, 0, 2, 116.38, 1835, 152212
1605135820, 0, 0, 694, 694, 1, 2.80%, 0, 0, 2, 103.54, 1835, 153790
1605135881, 0, 0, 695, 695, 1, 2.80%, 0, 0, 2, 103.19, 1837, 160280
1605135906, 0, 0, 696, 696, 1, 2.81%, 0, 0, 2, 104.33, 1842, 163004
1605135926, 0, 0, 697, 697, 1, 2.81%, 0, 0, 2, 104.78, 1842, 165212
1605135941, 0, 0, 698, 698, 1, 2.81%, 0, 0, 2, 106.69, 1844, 166804
1605135947, 0, 0, 699, 699, 1, 2.82%, 0, 0, 2, 108.89, 1845, 167344
1605135962, 0, 0, 700, 700, 1, 2.82%, 0, 0, 2, 108.83, 1845, 168992
1605135967, 0, 0, 701, 701, 1, 2.82%, 0, 0, 2, 112.41, 1847, 169560
1605135987, 0, 0, 702, 702, 1, 2.82%, 0, 0, 2, 103.58, 1848, 171646
1605135997, 0, 0, 703, 703, 1, 2.82%, 0, 0, 2, 104.05, 1848, 172652
1605136002, 0, 0, 704, 704, 1, 2.82%, 0, 0, 2, 104.73, 1848, 173168
1605136007, 0, 0, 705, 705, 1, 2.82%, 0, 0, 2, 106.52, 1848, 173712
1605136012, 0, 0, 706, 706, 1, 2.82%, 0, 0, 2, 102.96, 1848, 174216
1605136032, 0, 0, 707, 707, 1, 2.82%, 0, 0, 2, 104.95, 1848, 176330
1605136048, 0, 0, 708, 708, 1, 2.82%, 0, 0, 2, 108.13, 1848, 178034
1605136053, 0, 0, 709, 709, 1, 2.82%, 0, 0, 2, 109.80, 1849, 178606
1605136058, 0, 0, 710, 710, 1, 2.82%, 0, 0, 2, 100.30, 1849, 179092
1605136073, 0, 0, 711, 711, 1, 2.82%, 0, 0, 2, 114.55, 1850, 180710
1605136078, 0, 0, 712, 712, 1, 2.82%, 0, 0, 2, 107.83, 1851, 181254
1605136104, 0, 0, 713, 713, 1, 2.83%, 0, 0, 2, 116.12, 1852, 184008
1605136114, 0, 0, 714, 714, 1, 2.83%, 0, 0, 2, 111.90, 1853, 185102
1605136304, 0, 0, 715, 715, 1, 2.83%, 0, 0, 2, 73.69, 1854, 200064
1605136433, 0, 0, 715, 715, 1, 2.83%, 4, 0, 2, 78.32, 1854, 210101
1605136458, 0, 0, 716, 716, 1, 2.83%, 4, 0, 2, 72.45, 1855, 212024
1605136484, 0, 0, 717, 717, 1, 2.83%, 4, 0, 2, 75.78, 1856, 214051
1605136592, 0, 0, 719, 719, 1, 2.84%, 4, 0, 2, 77.17, 1860, 222371
1605136654, 0, 0, 721, 721, 1, 2.84%, 4, 0, 2, 87.57, 1863, 227310
1605136705, 0, 0, 722, 722, 1, 2.84%, 4, 0, 2, 75.68, 1863, 231121
1605136726, 0, 0, 723, 723, 1, 2.85%, 4, 0, 2, 74.26, 1868, 232695
1605136731, 0, 0, 724, 724, 1, 2.85%, 4, 0, 2, 75.65, 1869, 233096
1605136746, 0, 0, 725, 725, 1, 2.86%, 4, 0, 2, 74.93, 1876, 234230
1605136772, 0, 0, 726, 726, 1, 2.87%, 4, 0, 2, 72.70, 1881, 236146
1605136792, 0, 0, 727, 727, 1, 2.87%, 4, 0, 2, 74.30, 1882, 237642
1605136797, 0, 0, 728, 728, 1, 2.87%, 4, 0, 2, 77.35, 1883, 238037
1605136803, 0, 0, 729, 729, 1, 2.87%, 4, 0, 2, 81.73, 1883, 238456
1605136828, 0, 0, 730, 730, 1, 2.88%, 4, 0, 2, 83.77, 1885, 240444
1605136833, 0, 0, 731, 731, 1, 2.88%, 4, 0, 2, 75.50, 1886, 240825
1605136859, 0, 0, 732, 732, 1, 2.88%, 4, 0, 2, 77.09, 1887, 242922
1605136869, 0, 0, 733, 733, 1, 2.88%, 4, 0, 2, 72.27, 1888, 243644
1605136947, 0, 0, 734, 734, 1, 2.89%, 4, 0, 2, 82.83, 1893, 249643
1605136967, 0, 0, 736, 736, 1, 2.89%, 4, 0, 2, 83.98, 1895, 251347
1605136972, 0, 0, 737, 737, 1, 2.89%, 4, 0, 2, 80.51, 1895, 251766
1605136993, 0, 0, 738, 738, 1, 2.89%, 4, 0, 2, 79.63, 1895, 253423
1605136998, 0, 0, 739, 739, 1, 2.89%, 4, 0, 2, 82.10, 1895, 253840
1605137014, 0, 0, 740, 740, 1, 2.89%, 4, 0, 2, 77.83, 1895, 255040
1605137019, 0, 0, 741, 741, 1, 2.89%, 4, 0, 2, 74.47, 1896, 255421
1605137040, 0, 0, 742, 742, 1, 2.89%, 4, 0, 2, 78.14, 1896, 257046
1605137075, 0, 0, 743, 743, 1, 2.89%, 4, 0, 2, 81.71, 1897, 259867
1605137111, 0, 0, 744, 744, 1, 2.90%, 4, 0, 2, 75.92, 1898, 262684
1605137137, 0, 0, 745, 745, 1, 2.90%, 4, 0, 2, 80.35, 1898, 264703
1605137153, 0, 0, 746, 746, 1, 2.90%, 4, 0, 2, 79.11, 1903, 265969
1605137173, 0, 0, 747, 747, 1, 2.91%, 4, 0, 2, 79.13, 1905, 267576
1605137209, 0, 0, 748, 748, 1, 2.92%, 4, 0, 2, 79.47, 1916, 270288
1605137234, 0, 0, 749, 749, 1, 2.92%, 4, 0, 2, 78.18, 1916, 272272
1605137353, 0, 0, 750, 750, 1, 2.92%, 4, 0, 2, 80.93, 1916, 281557
1605137389, 0, 0, 751, 751, 1, 2.92%, 4, 0, 2, 87.45, 1916, 284389
1605137394, 0, 0, 752, 752, 1, 2.93%, 4, 0, 2, 79.71, 1917, 284793
1605137435, 0, 0, 753, 753, 1, 2.93%, 4, 0, 2, 75.57, 1917, 287971
1605137456, 0, 0, 754, 754, 1, 2.93%, 4, 0, 2, 76.54, 1917, 289529
1605137461, 0, 0, 755, 755, 1, 2.93%, 4, 0, 2, 79.38, 1917, 289946
1605137492, 0, 0, 756, 756, 1, 2.93%, 4, 0, 2, 77.80, 1920, 292273
1605137497, 0, 0, 757, 757, 1, 2.93%, 4, 0, 2, 74.42, 1921, 292651
1605138578, 0, 0, 758, 758, 1, 2.93%, 4, 0, 2, 79.51, 1922, 299323
1605138639, 0, 0, 759, 759, 1, 2.93%, 4, 0, 2, 81.80, 1923, 304175
1605138711, 0, 0, 760, 760, 1, 2.94%, 4, 0, 2, 78.29, 1926, 309868
1605138722, 0, 0, 762, 762, 1, 2.94%, 4, 0, 2, 78.79, 1927, 310701
1605138727, 0, 0, 763, 763, 1, 2.94%, 4, 0, 2, 79.82, 1929, 311122
1605138783, 0, 0, 764, 764, 1, 2.95%, 4, 0, 2, 80.64, 1932, 315493
1605138845, 0, 0, 765, 765, 1, 2.96%, 4, 0, 2, 85.48, 1937, 320397
1605138886, 0, 0, 766, 766, 1, 2.96%, 4, 0, 2, 84.76, 1937, 323866
1605138896, 0, 0, 768, 768, 1, 2.96%, 4, 0, 2, 100.45, 1938, 324856
1605138912, 0, 0, 769, 769, 1, 2.96%, 4, 0, 2, 98.61, 1938, 326380
1605138927, 0, 0, 770, 770, 1, 2.96%, 4, 0, 2, 97.06, 1941, 327918
1605138948, 0, 0, 771, 771, 1, 2.97%, 4, 0, 2, 100.08, 1944, 329989
1605138968, 0, 0, 772, 772, 1, 2.97%, 4, 0, 2, 99.60, 1944, 332002
1605138974, 0, 0, 774, 774, 1, 2.97%, 4, 0, 2, 97.24, 1944, 332496
1605139010, 0, 0, 775, 775, 1, 2.97%, 4, 0, 2, 96.42, 1944, 336004
1605139020, 0, 0, 776, 776, 1, 2.97%, 4, 0, 2, 98.26, 1944, 336992
1605139045, 0, 0, 777, 777, 1, 2.97%, 4, 0, 2, 98.31, 1944, 339512
1605139051, 0, 0, 778, 778, 1, 2.97%, 4, 0, 2, 97.36, 1944, 340016
1605139061, 0, 0, 779, 779, 1, 2.97%, 4, 0, 2, 97.45, 1944, 341013
1605139071, 0, 0, 780, 780, 1, 2.97%, 4, 0, 2, 93.40, 1944, 341956
1605139087, 0, 0, 782, 782, 1, 2.97%, 4, 0, 2, 95.53, 1946, 343431
1605139092, 0, 0, 783, 783, 1, 2.97%, 4, 0, 2, 95.37, 1946, 343916
1605139097, 0, 0, 784, 784, 1, 2.97%, 4, 0, 2, 94.90, 1946, 344406
1605139128, 0, 0, 785, 785, 1, 2.97%, 4, 0, 2, 97.10, 1947, 347316
1605139148, 0, 0, 787, 787, 1, 2.97%, 4, 0, 2, 100.16, 1948, 349248
1605139174, 0, 0, 788, 788, 1, 2.97%, 4, 0, 2, 91.59, 1949, 351567
1605139179, 0, 0, 789, 789, 1, 2.97%, 4, 0, 2, 91.62, 1949, 352040
1605139184, 0, 0, 791, 791, 1, 2.98%, 4, 0, 2, 94.34, 1950, 352527
1605139194, 0, 0, 792, 792, 1, 2.98%, 4, 0, 2, 90.16, 1950, 353459
1605139205, 0, 0, 794, 794, 1, 2.98%, 4, 0, 2, 95.03, 1950, 354420
1605139225, 0, 0, 795, 795, 1, 2.98%, 4, 0, 2, 90.81, 1950, 356311
1605139256, 0, 0, 796, 796, 1, 2.98%, 4, 0, 2, 94.03, 1950, 359209
1605139261, 0, 0, 798, 798, 1, 2.98%, 4, 0, 2, 97.43, 1950, 359713
1605139292, 0, 0, 799, 799, 1, 2.98%, 4, 0, 2, 89.41, 1950, 362534
1605139302, 0, 0, 800, 800, 1, 2.98%, 4, 0, 2, 93.82, 1950, 363494
1605139343, 0, 0, 801, 801, 1, 2.98%, 4, 0, 2, 92.95, 1951, 367269
1605139364, 0, 0, 802, 802, 1, 2.98%, 4, 0, 2, 95.86, 1952, 369212
1605139395, 0, 0, 804, 804, 1, 2.98%, 4, 0, 2, 97.95, 1953, 372244
1605139405, 0, 0, 806, 806, 1, 2.98%, 4, 0, 2, 100.13, 1954, 373257
1605139420, 0, 0, 807, 807, 1, 2.98%, 4, 0, 2, 99.48, 1954, 374801
1605139466, 0, 0, 808, 808, 1, 2.98%, 4, 0, 2, 98.10, 1954, 379354
1605139492, 0, 0, 809, 809, 1, 2.99%, 4, 0, 2, 97.83, 1957, 381837
1605139497, 0, 0, 810, 810, 1, 2.99%, 4, 0, 2, 97.17, 1957, 382335
1605139553, 0, 0, 811, 811, 1, 2.99%, 4, 0, 2, 94.20, 1957, 387692
1605139584, 0, 0, 812, 812, 1, 2.99%, 4, 0, 2, 95.71, 1957, 390571
1605139604, 0, 0, 813, 813, 1, 2.99%, 4, 0, 2, 93.18, 1959, 392496
1605139635, 0, 0, 814, 814, 1, 2.99%, 4, 0, 2, 94.17, 1959, 395357
1605139640, 0, 0, 815, 815, 1, 2.99%, 4, 0, 2, 93.78, 1959, 395837
1605139681, 0, 0, 816, 816, 1, 2.99%, 4, 0, 2, 93.90, 1959, 399691
1605139712, 0, 0, 817, 817, 1, 2.99%, 4, 0, 2, 90.66, 1959, 402532
1605139722, 0, 0, 819, 819, 1, 2.99%, 4, 0, 2, 92.37, 1959, 403479
1605139733, 0, 0, 820, 820, 1, 2.99%, 4, 0, 2, 92.66, 1961, 404431
1605139815, 0, 0, 821, 821, 1, 2.99%, 4, 0, 2, 92.36, 1962, 412034
1605139886, 0, 0, 822, 822, 1, 2.99%, 4, 0, 2, 90.30, 1962, 418558
1605139943, 0, 0, 823, 823, 1, 2.99%, 4, 0, 2, 92.45, 1962, 423668
1605139948, 0, 0, 824, 824, 1, 2.99%, 4, 0, 2, 93.95, 1962, 424146
1605139994, 0, 0, 826, 826, 1, 3.00%, 4, 0, 2, 88.26, 1963, 428276
1605140020, 0, 0, 827, 827, 1, 3.00%, 4, 0, 2, 91.57, 1963, 430566
1605140040, 0, 0, 829, 829, 1, 3.00%, 4, 0, 2, 93.39, 1964, 432434
1605140122, 0, 0, 830, 830, 1, 3.00%, 4, 0, 2, 90.00, 1964, 439783
1605140153, 0, 0, 831, 831, 1, 3.00%, 4, 0, 2, 88.27, 1964, 442489
1605140163, 0, 0, 832, 832, 1, 3.00%, 4, 0, 2, 89.46, 1964, 443400
1605140215, 0, 0, 833, 833, 1, 3.00%, 4, 0, 2, 87.21, 1965, 447996
1605140287, 0, 0, 834, 834, 1, 3.00%, 4, 0, 2, 88.09, 1965, 454370
1605140297, 0, 0, 835, 835, 1, 3.00%, 4, 0, 2, 92.60, 1966, 455313
1605140338, 0, 0, 836, 836, 1, 3.00%, 4, 0, 2, 87.54, 1967, 458943
1605140379, 0, 0, 837, 837, 1, 3.00%, 4, 0, 2, 90.22, 1968, 462603
1605140384, 0, 0, 838, 838, 1, 3.00%, 4, 0, 2, 91.65, 1969, 463074
1605140425, 0, 0, 839, 839, 1, 3.00%, 4, 0, 2, 90.15, 1969, 466711
1605140430, 0, 0, 840, 840, 1, 3.01%, 4, 0, 2, 88.19, 1971, 467165
1605140708, 0, 0, 841, 841, 1, 3.01%, 4, 0, 2, 85.71, 1972, 490862
1605140739, 0, 0, 842, 842, 1, 3.01%, 4, 0, 2, 81.46, 1972, 493365
1605140806, 0, 0, 843, 843, 1, 3.01%, 4, 0, 2, 81.39, 1974, 498928
1605140893, 0, 0, 848, 848, 1, 3.02%, 4, 0, 2, 98.19, 1976, 505882
1605140898, 0, 0, 858, 858, 1, 3.02%, 4, 0, 2, 274.09, 1978, 507148
1605140913, 0, 0, 859, 859, 1, 3.02%, 4, 0, 2, 355.78, 1978, 512871
1605140924, 0, 0, 861, 861, 1, 3.02%, 4, 0, 2, 306.67, 1978, 516236
1605140934, 0, 0, 862, 862, 1, 3.02%, 4, 0, 2, 336.49, 1978, 519742
1605140939, 0, 0, 863, 863, 1, 3.02%, 4, 0, 2, 326.10, 1978, 521388
1605140949, 0, 0, 865, 865, 1, 3.02%, 4, 0, 2, 251.62, 1978, 524389
1605140954, 0, 0, 866, 866, 1, 3.02%, 4, 0, 2, 153.38, 1979, 525074
1605140995, 0, 0, 867, 867, 1, 3.02%, 4, 0, 2, 173.12, 1980, 530310
1605141132, 0, 0, 868, 868, 1, 3.02%, 4, 0, 2, 108.86, 1981, 546662
1605141148, 0, 0, 869, 869, 1, 3.02%, 4, 0, 2, 105.78, 1981, 548350
1605141606, 0, 0, 870, 870, 1, 3.02%, 4, 0, 2, 117.38, 1981, 603146
1605141698, 0, 0, 871, 871, 1, 3.02%, 4, 0, 2, 101.05, 1982, 613286
1605141744, 0, 0, 872, 872, 1, 3.03%, 4, 0, 2, 115.15, 1983, 618126
1605141810, 0, 0, 873, 873, 1, 3.03%, 4, 0, 2, 110.69, 1983, 625504
1605141835, 0, 0, 876, 876, 1, 3.03%, 4, 0, 2, 120.41, 1983, 628502
1605141840, 0, 0, 877, 877, 1, 3.03%, 4, 0, 2, 130.35, 1984, 629202
1605141845, 0, 0, 878, 878, 1, 3.03%, 4, 0, 2, 134.16, 1984, 629898
1605141850, 0, 0, 879, 879, 1, 3.03%, 4, 0, 2, 132.01, 1984, 630576
1605141855, 0, 0, 881, 881, 1, 3.03%, 4, 0, 2, 97.61, 1984, 631038
1605141886, 0, 0, 882, 882, 1, 3.03%, 4, 0, 2, 81.18, 1984, 633628
1605141927, 0, 0, 882, 882, 1, 3.03%, 5, 0, 2, 113.39, 1984, 637928
1605141993, 0, 0, 883, 883, 1, 3.03%, 5, 0, 2, 109.18, 1984, 645268
1605142115, 0, 0, 884, 884, 1, 3.03%, 5, 0, 2, 109.72, 1985, 658090
1605142231, 0, 0, 885, 885, 1, 3.03%, 5, 0, 2, 100.09, 1986, 670150
1605142513, 0, 0, 886, 886, 1, 3.03%, 5, 0, 2, 78.43, 1987, 694200
1605142590, 0, 0, 887, 887, 1, 3.03%, 5, 0, 2, 71.30, 1987, 699844
1605142673, 0, 0, 887, 887, 1, 3.03%, 8, 0, 2, 70.09, 1987, 705939
1605143125, 0, 0, 888, 888, 1, 3.03%, 8, 0, 2, 75.24, 1987, 738338
1605143332, 0, 0, 889, 889, 1, 3.03%, 8, 0, 2, 74.18, 1987, 753686
1605143497, 0, 0, 890, 890, 1, 3.03%, 8, 0, 2, 70.60, 1988, 766048
1605143945, 0, 0, 891, 891, 1, 3.03%, 8, 0, 2, 69.85, 1989, 798388
1605143971, 0, 0, 892, 892, 1, 3.03%, 8, 0, 2, 73.57, 1989, 800271
1605144027, 0, 0, 893, 893, 1, 3.03%, 8, 0, 2, 75.07, 1989, 804495
1605144033, 0, 0, 894, 894, 1, 3.03%, 8, 0, 2, 76.58, 1989, 804887
1605144485, 0, 0, 895, 895, 1, 3.03%, 8, 0, 2, 91.40, 1989, 843750
1605144747, 0, 0, 896, 896, 1, 3.03%, 8, 0, 2, 91.59, 1989, 867157
1605144758, 0, 0, 897, 897, 1, 3.03%, 8, 0, 2, 95.11, 1989, 868120
1605144773, 0, 0, 898, 898, 1, 3.04%, 8, 0, 2, 91.44, 1990, 869551
1605144932, 0, 0, 899, 899, 1, 3.04%, 8, 0, 2, 90.47, 1991, 884019
1605145040, 0, 0, 900, 900, 1, 3.04%, 8, 0, 2, 88.74, 1991, 893576
1605145102, 0, 0, 901, 901, 1, 3.04%, 8, 0, 2, 91.24, 1992, 899028
1605145179, 0, 0, 902, 902, 1, 3.04%, 8, 0, 2, 85.46, 1992, 905785
1605145291, 0, 0, 903, 903, 1, 3.04%, 8, 0, 2, 85.94, 1992, 915426
1605145312, 0, 0, 904, 904, 1, 3.04%, 8, 0, 2, 85.32, 1993, 917162
1605145482, 0, 0, 905, 905, 1, 3.04%, 8, 0, 2, 85.49, 1993, 931571
1605145611, 0, 0, 906, 906, 1, 3.04%, 8, 0, 2, 85.20, 1993, 942440
1605145616, 0, 0, 907, 907, 1, 3.04%, 8, 0, 2, 87.37, 1993, 942891
1605145780, 0, 0, 908, 908, 1, 3.04%, 8, 0, 2, 84.35, 1994, 956725
1605145837, 0, 0, 909, 909, 1, 3.04%, 8, 0, 2, 78.82, 1995, 961402
1605145852, 0, 0, 910, 910, 1, 3.04%, 8, 0, 2, 83.65, 1995, 962678
1605146315, 0, 0, 912, 912, 1, 3.05%, 8, 0, 2, 105.31, 1998, 1000175
1605146321, 0, 0, 917, 917, 1, 3.06%, 8, 0, 2, 349.34, 2003, 1002043
1605146331, 0, 0, 919, 919, 1, 3.06%, 8, 0, 2, 395.19, 2004, 1005968
1605146346, 0, 0, 920, 920, 1, 3.06%, 8, 0, 2, 364.72, 2004, 1011744
1605146351, 0, 0, 921, 921, 1, 3.06%, 8, 0, 2, 368.37, 2004, 1013663
1605146498, 0, 0, 922, 922, 1, 3.06%, 8, 0, 2, 133.98, 2004, 1038507
1605146504, 0, 0, 923, 923, 1, 3.06%, 8, 0, 2, 131.40, 2004, 1039189
1605146580, 0, 0, 924, 924, 1, 3.06%, 8, 0, 2, 147.42, 2005, 1050425
1605146636, 0, 0, 925, 925, 1, 3.06%, 8, 0, 2, 145.60, 2005, 1059361
1605146661, 0, 0, 926, 926, 1, 3.06%, 8, 0, 2, 147.31, 2005, 1063183
1605146692, 0, 0, 927, 927, 1, 3.06%, 8, 0, 2, 140.69, 2005, 1067353
1605146910, 0, 0, 928, 928, 1, 3.06%, 8, 0, 2, 127.31, 2006, 1097889
1605147104, 0, 0, 929, 929, 1, 3.06%, 8, 0, 2, 134.54, 2006, 1122413
1605147130, 0, 0, 930, 930, 1, 3.06%, 8, 0, 2, 92.95, 2006, 1125650
1605147656, 0, 0, 931, 931, 1, 3.06%, 8, 0, 2, 68.71, 2007, 1183072
1605147877, 0, 0, 931, 931, 1, 3.06%, 9, 0, 2, 72.02, 2007, 1199752
1605148067, 0, 0, 932, 932, 1, 3.06%, 9, 0, 2, 80.63, 2007, 1214007
1605148279, 0, 0, 933, 933, 1, 3.06%, 9, 0, 2, 73.48, 2008, 1229347
1605149401, 0, 0, 934, 934, 1, 3.06%, 9, 0, 2, 98.59, 2008, 1315811
1605149436, 0, 0, 935, 935, 1, 3.06%, 9, 0, 2, 98.37, 2008, 1319412
1605149559, 0, 0, 936, 936, 1, 3.06%, 9, 0, 2, 97.33, 2008, 1331548
1605149646, 0, 0, 937, 937, 1, 3.06%, 9, 0, 2, 89.67, 2008, 1339714
1605149729, 0, 0, 938, 938, 1, 3.07%, 9, 0, 2, 95.83, 2009, 1347529
1605149974, 0, 0, 939, 939, 1, 3.07%, 9, 0, 2, 96.12, 2009, 1371102
1605150108, 0, 0, 940, 940, 1, 3.07%, 9, 0, 2, 92.41, 2009, 1383519
1605150231, 0, 0, 941, 941, 1, 3.07%, 9, 0, 2, 92.88, 2010, 1394949
1605150518, 0, 0, 942, 942, 1, 3.07%, 9, 0, 2, 91.43, 2011, 1420660
1605150549, 0, 0, 943, 943, 1, 3.07%, 9, 0, 2, 88.41, 2011, 1423357
1605150775, 0, 0, 944, 944, 1, 3.07%, 9, 0, 2, 89.12, 2011, 1443130
1605150970, 0, 0, 945, 945, 1, 3.07%, 9, 0, 2, 82.85, 2012, 1459966
1605151171, 0, 0, 946, 946, 1, 3.07%, 9, 0, 2, 80.56, 2013, 1476711
1605151284, 0, 0, 947, 947, 1, 3.07%, 9, 0, 2, 82.87, 2013, 1485900
1605151473, 0, 0, 948, 948, 1, 3.07%, 9, 0, 2, 134.80, 2013, 1510626
1605151936, 0, 0, 949, 949, 1, 3.07%, 9, 0, 2, 86.76, 2014, 1551683
1605151977, 0, 0, 950, 950, 1, 3.07%, 10, 0, 2, 190.88, 2014, 1555550
1605152146, 0, 0, 951, 951, 1, 3.07%, 10, 0, 2, 81.30, 2015, 1580964
1605152546, 0, 0, 953, 953, 1, 3.07%, 11, 0, 2, 197.48, 2015, 1617228
1605152592, 0, 0, 954, 954, 1, 3.13%, 11, 0, 2, 173.70, 2053, 1628096
1605152879, 0, 0, 955, 955, 1, 3.13%, 11, 0, 2, 108.90, 2054, 1658279
1605152900, 0, 0, 956, 956, 1, 3.14%, 11, 0, 2, 102.35, 2055, 1660401
1605153022, 0, 0, 957, 957, 1, 3.14%, 11, 0, 2, 90.66, 2055, 1672186
1605153033, 0, 0, 958, 958, 1, 3.14%, 11, 0, 2, 90.68, 2055, 1673120
1605153099, 0, 0, 962, 962, 1, 3.14%, 11, 0, 2, 67.82, 2056, 1679368
1605153124, 0, 0, 963, 963, 1, 3.14%, 11, 0, 2, 98.52, 2056, 1681853
1605153130, 0, 0, 964, 964, 1, 3.14%, 11, 0, 2, 100.72, 2057, 1682348
1605153135, 0, 0, 965, 965, 1, 3.14%, 11, 0, 2, 91.25, 2057, 1682804
1605153150, 0, 0, 969, 969, 1, 3.16%, 11, 0, 2, 326.94, 2068, 1685394
1605153155, 0, 0, 971, 971, 1, 3.16%, 11, 0, 2, 372.89, 2070, 1687544
1605153160, 0, 0, 976, 976, 1, 3.16%, 11, 0, 2, 427.59, 2070, 1689826
1605153175, 0, 0, 977, 977, 1, 3.16%, 11, 0, 2, 456.96, 2070, 1696663
1605153226, 0, 0, 978, 978, 1, 3.16%, 11, 0, 2, 433.72, 2070, 1716122
1605153333, 0, 0, 979, 979, 1, 3.16%, 11, 0, 2, 358.19, 2070, 1756957
1605153383, 0, 0, 980, 980, 1, 3.16%, 11, 0, 2, 349.21, 2070, 1774708
1605153404, 0, 0, 981, 981, 1, 3.16%, 11, 0, 2, 347.86, 2070, 1781352
1605153720, 0, 0, 982, 982, 1, 3.16%, 11, 0, 2, 179.07, 2070, 1844978
1605154427, 0, 0, 983, 983, 1, 3.16%, 11, 0, 2, 162.10, 2070, 1956424
1605154813, 0, 0, 984, 984, 1, 3.16%, 11, 0, 2, 141.29, 2071, 2016254
1605155713, 0, 0, 985, 985, 1, 3.16%, 11, 0, 2, 184.67, 2072, 2157436
1605156651, 0, 0, 986, 986, 1, 3.16%, 11, 0, 2, 113.71, 2073, 2298612
1605157100, 0, 0, 987, 987, 1, 3.16%, 11, 0, 2, 151.32, 2074, 2354308
1605157125, 0, 0, 988, 988, 1, 3.17%, 11, 0, 2, 145.43, 2075, 2357758
1605157176, 0, 0, 989, 989, 1, 3.17%, 11, 0, 2, 154.68, 2076, 2364170
1605157885, 0, 0, 990, 990, 1, 3.17%, 11, 0, 2, 156.35, 2077, 2454882
1605157920, 0, 0, 991, 991, 1, 3.17%, 11, 0, 2, 139.41, 2077, 2460068
1605158197, 0, 0, 992, 992, 1, 3.17%, 11, 0, 2, 128.94, 2079, 2497600
1605158452, 0, 0, 994, 994, 1, 3.17%, 11, 0, 2, 136.55, 2080, 2532810
1605158457, 0, 0, 995, 995, 1, 3.17%, 11, 0, 2, 145.41, 2080, 2533578
1605158473, 0, 0, 996, 996, 1, 3.17%, 11, 0, 2, 142.43, 2080, 2535966
1605158509, 0, 0, 997, 997, 1, 3.17%, 11, 0, 2, 151.92, 2080, 2541445
1605158555, 0, 0, 998, 998, 1, 3.17%, 11, 0, 2, 153.87, 2080, 2548107
1605158606, 0, 0, 999, 999, 1, 3.17%, 11, 0, 2, 78.39, 2080, 2552850
1605158683, 0, 0, 1000, 1000, 1, 3.17%, 11, 0, 2, 99.38, 2080, 2559970
1605158989, 0, 0, 1001, 1001, 1, 3.17%, 11, 0, 2, 117.67, 2080, 2593386
1605159056, 0, 0, 1002, 1002, 1, 3.18%, 11, 0, 2, 124.18, 2081, 2602444
1605159122, 0, 0, 1003, 1003, 1, 3.18%, 11, 0, 2, 132.11, 2081, 2611892
1605159460, 0, 0, 1004, 1004, 1, 3.18%, 11, 0, 2, 118.45, 2081, 2654384
1605159871, 0, 0, 1005, 1005, 1, 3.18%, 11, 0, 2, 122.52, 2081, 2703158
1605160071, 0, 0, 1006, 1006, 1, 3.18%, 11, 0, 2, 112.45, 2081, 2726908
1605160592, 0, 0, 1007, 1007, 1, 3.18%, 11, 0, 2, 124.68, 2081, 2789308
1605163744, 0, 0, 1007, 1007, 1, 3.18%, 14, 0, 2, 72.60, 2081, 3070381
1605164245, 0, 0, 1008, 1008, 1, 3.18%, 14, 0, 2, 79.02, 2082, 3106989
1605165911, 0, 0, 1009, 1009, 1, 3.18%, 14, 0, 2, 70.14, 2082, 3232033
1605168338, 0, 0, 1010, 1010, 1, 3.18%, 14, 0, 2, 90.29, 2082, 3416928
1605170392, 0, 0, 1011, 1011, 1, 3.18%, 14, 0, 2, 74.09, 2082, 3573906
1605173471, 0, 0, 1012, 1012, 1, 3.18%, 14, 0, 2, 66.72, 2083, 3803276
1605174388, 0, 0, 1013, 1013, 1, 3.18%, 14, 0, 2, 97.22, 2083, 3883774
1605175143, 0, 0, 1014, 1014, 1, 3.18%, 14, 0, 2, 96.08, 2083, 3960282
1605175589, 0, 0, 1015, 1015, 1, 3.18%, 14, 0, 2, 87.81, 2083, 4003899
1605176301, 0, 0, 1016, 1016, 1, 3.18%, 14, 0, 2, 96.93, 2083, 4071465
1605177957, 0, 0, 1017, 1017, 1, 3.18%, 14, 0, 2, 90.85, 2084, 4230235
1605178049, 0, 0, 1018, 1018, 1, 3.18%, 14, 0, 2, 95.71, 2084, 4238871
1605179172, 0, 0, 1019, 1019, 1, 3.18%, 14, 0, 2, 91.46, 2085, 4342972
1605180603, 0, 0, 1020, 1020, 1, 3.18%, 14, 0, 2, 85.88, 2085, 4472938
1605181562, 0, 0, 1021, 1021, 1, 3.18%, 14, 0, 2, 90.28, 2085, 4558388
1605181629, 0, 0, 1022, 1022, 1, 3.18%, 14, 0, 2, 89.10, 2085, 4564297
1605181896, 0, 0, 1023, 1023, 1, 3.18%, 14, 0, 2, 86.52, 2086, 4587624
1605181927, 0, 0, 1024, 1024, 1, 3.18%, 14, 0, 2, 86.61, 2086, 4590342
1605183339, 0, 0, 1025, 1025, 1, 3.18%, 14, 0, 2, 84.64, 2087, 4714026
1605183370, 0, 0, 1026, 1026, 1, 3.19%, 14, 0, 2, 88.64, 2088, 4716651
1605184505, 0, 0, 1027, 1027, 1, 3.19%, 14, 0, 2, 88.05, 2088, 4814300
1605186597, 0, 0, 1028, 1028, 1, 3.19%, 14, 0, 2, 77.35, 2088, 4990928
1605188135, 0, 0, 1029, 1029, 1, 3.19%, 14, 0, 2, 446.42, 2088, 5121125
1605189612, 0, 0, 1030, 1030, 1, 3.19%, 14, 0, 2, 89.96, 2089, 5355341
1605190136, 0, 0, 1031, 1031, 1, 3.19%, 14, 0, 2, 74.79, 2090, 5398800
1605191829, 0, 0, 1032, 1032, 1, 3.19%, 14, 0, 2, 93.98, 2091, 5553794
1605192857, 0, 0, 1033, 1033, 1, 3.19%, 14, 0, 2, 86.23, 2092, 5650897
1605192883, 0, 0, 1034, 1034, 1, 3.19%, 14, 0, 2, 91.27, 2093, 5653233
1605193647, 0, 0, 1035, 1035, 1, 3.19%, 14, 0, 2, 113.19, 2093, 5722583
1605194152, 0, 0, 1036, 1036, 1, 3.19%, 14, 0, 2, 149.60, 2093, 5817377
1605194157, 0, 0, 1037, 1037, 1, 3.19%, 14, 0, 2, 152.52, 2093, 5818179
1605195861, 0, 0, 1038, 1038, 1, 3.20%, 14, 0, 2, 105.08, 2094, 5980731
1605195882, 0, 0, 1039, 1039, 1, 3.20%, 14, 0, 2, 102.73, 2095, 5982843
1605195947, 0, 0, 1040, 1040, 1, 3.20%, 14, 0, 2, 99.85, 2096, 5989527
1605196552, 0, 0, 1041, 1041, 1, 3.20%, 14, 0, 2, 85.50, 2097, 6046819
1605196993, 0, 0, 1042, 1042, 1, 3.20%, 14, 0, 2, 88.42, 2098, 6085670
1605197281, 0, 0, 1044, 1044, 1, 3.20%, 14, 0, 2, 470.42, 2098, 6114242
1605197362, 0, 0, 1045, 1045, 1, 3.20%, 14, 0, 2, 370.83, 2098, 6148202
1605197372, 0, 0, 1046, 1046, 1, 3.20%, 14, 0, 2, 377.51, 2099, 6152113
1605197535, 0, 0, 1047, 1047, 1, 3.20%, 14, 0, 2, 298.06, 2099, 6200913
1605197768, 0, 0, 1048, 1048, 1, 3.20%, 14, 0, 2, 216.88, 2100, 6257179
1605198078, 0, 0, 1049, 1049, 1, 3.20%, 14, 0, 2, 212.35, 2100, 6327555
1605199134, 0, 0, 1050, 1050, 1, 3.20%, 14, 0, 2, 157.14, 2100, 6516084
1605199267, 0, 0, 1051, 1051, 1, 3.20%, 14, 0, 2, 160.68, 2100, 6537341
1605199317, 0, 0, 1052, 1052, 1, 3.20%, 14, 0, 2, 112.56, 2100, 6544145
1605199343, 0, 0, 1053, 1053, 1, 3.20%, 14, 0, 2, 133.83, 2100, 6547321
1605199394, 0, 0, 1054, 1054, 1, 3.20%, 14, 0, 2, 143.62, 2100, 6553857
1605201359, 0, 0, 1054, 1054, 1, 3.20%, 16, 0, 2, 86.47, 2100, 6801426
1605201762, 0, 0, 1055, 1055, 1, 3.21%, 16, 0, 2, 112.60, 2101, 6845563
1605202489, 0, 0, 1056, 1056, 1, 3.21%, 16, 0, 2, 78.32, 2101, 6916034
1605202643, 0, 0, 1057, 1057, 1, 3.21%, 16, 0, 2, 104.83, 2101, 6929327
1605205104, 0, 0, 1058, 1058, 1, 3.21%, 16, 0, 2, 106.85, 2101, 7172711
1605207063, 0, 0, 1059, 1059, 1, 3.21%, 16, 0, 2, 102.65, 2101, 7377543
1605211556, 0, 0, 1060, 1060, 1, 3.21%, 16, 0, 2, 88.82, 2101, 7786851
1605211957, 0, 0, 1063, 1063, 1, 3.21%, 17, 0, 2, 137.85, 2101, 7822521
1605211962, 0, 0, 1063, 1063, 1, 3.21%, 19, 0, 2, 230.10, 2101, 7823773
1605211967, 0, 0, 1068, 1068, 1, 3.22%, 19, 0, 2, 436.79, 2112, 7826101
1605211972, 0, 0, 1070, 1070, 1, 3.22%, 19, 0, 2, 464.34, 2112, 7828517
1605212043, 0, 0, 1071, 1071, 1, 3.22%, 19, 0, 2, 426.99, 2112, 7860333
1605212171, 0, 0, 1072, 1072, 1, 3.23%, 19, 0, 2, 334.19, 2114, 7906941
1605212335, 0, 0, 1073, 1073, 1, 3.23%, 19, 0, 2, 300.31, 2114, 7955556
1605212785, 0, 0, 1074, 1074, 1, 3.23%, 19, 0, 2, 235.37, 2114, 8069717
1605214813, 0, 0, 1075, 1075, 1, 3.23%, 19, 0, 2, 161.27, 2115, 8461350
1605215026, 0, 0, 1076, 1076, 1, 3.23%, 19, 0, 2, 162.56, 2115, 8495507
1605215046, 0, 0, 1077, 1077, 1, 3.23%, 19, 0, 2, 166.54, 2115, 8498899
1605215149, 0, 0, 1078, 1078, 1, 3.23%, 19, 0, 2, 139.64, 2115, 8514419
1605215809, 0, 0, 1079, 1079, 1, 3.23%, 19, 0, 2, 144.49, 2115, 8612811
1605216288, 0, 0, 1080, 1080, 1, 3.23%, 19, 0, 2, 136.41, 2116, 8680373
1605217036, 0, 0, 1081, 1081, 1, 3.23%, 19, 0, 2, 133.61, 2116, 8784237
1605218111, 0, 0, 1081, 1081, 1, 3.23%, 21, 0, 2, 115.09, 2116, 8918403
