# unix_time, cycles_done, cur_path, paths_total, pending_total, pending_favs, map_size, unique_crashes, unique_hangs, max_depth, execs_per_sec, edge_coverage, total_execs
1605463241, 0, 0, 1, 1, 1, 0.02%, 0, 0, 1, 2666.67 0 8
1605463246, 0, 13, 14, 7, 1, 0.06%, 0, 0, 7, 5419.15 40 31506
1605463251, 0, 16, 20, 10, 2, 0.07%, 0, 0, 10, 5718.33 48 61436
1605463256, 0, 21, 22, 8, 1, 0.08%, 0, 0, 12, 5728.12 50 91038
1605463261, 0, 24, 25, 9, 1, 0.09%, 0, 0, 13, 5772.78 62 120601
1605463266, 0, 27, 28, 10, 1, 0.11%, 0, 0, 15, 5515.43 70 148083
1605463271, 1, 26, 28, 6, 0, 0.11%, 0, 0, 15, 5686.22 70 176665
1605463276, 2, 28, 31, 7, 1, 0.11%, 0, 0, 17, 5633.66 74 206538
1605463282, 2, 30, 31, 6, 1, 0.11%, 0, 0, 17, 5785.47 74 236331
1605463287, 2, 31, 33, 7, 1, 0.12%, 0, 0, 19, 5534.12 76 264504
1605463292, 2, 32, 33, 6, 1, 0.12%, 0, 0, 19, 5623.97 76 292680
1605463619, 2, 33, 37, 9, 1, 0.14%, 0, 0, 21, 0.34 89 316175
1605463624, 2, 34, 38, 9, 2, 0.14%, 0, 0, 22, 5409.98 90 343179
1605463629, 2, 36, 38, 8, 2, 0.14%, 0, 0, 22, 5315.73 90 369187
1605463634, 2, 38, 39, 7, 1, 0.14%, 0, 0, 23, 5481.87 92 396401
1605463639, 3, 15, 39, 6, 0, 0.14%, 0, 0, 23, 5619.38 92 423983
1605463644, 3, 38, 39, 5, 0, 0.14%, 0, 0, 23, 5753.69 92 453636
1605463649, 5, 15, 39, 4, 0, 0.14%, 0, 0, 23, 5881.05 92 484312
1605463654, 6, 22, 39, 3, 0, 0.14%, 0, 0, 23, 5908.12 92 513922
1605463660, 6, 29, 39, 3, 0, 0.14%, 0, 0, 23, 5756.72 92 542784
1605463665, 7, 33, 39, 2, 0, 0.14%, 0, 0, 23, 5888.48 92 573507
1605463670, 8, 27, 39, 1, 0, 0.14%, 0, 0, 23, 5917.10 92 604020
1605463675, 8, 35, 39, 1, 0, 0.14%, 0, 0, 23, 5615.87 92 631327
1605463680, 10, 13, 39, 0, 0, 0.14%, 0, 0, 23, 5813.91 92 661096
1605463685, 11, 24, 39, 0, 0, 0.14%, 0, 0, 23, 5894.15 92 690709
1605463690, 13, 13, 39, 0, 0, 0.14%, 0, 0, 23, 5893.74 92 721215
1605463695, 14, 18, 39, 0, 0, 0.14%, 0, 0, 23, 5895.88 92 750804
1605463700, 15, 33, 39, 0, 0, 0.14%, 0, 0, 23, 5914.84 92 781574
1605463705, 16, 34, 39, 0, 0, 0.14%, 0, 0, 23, 5911.14 92 811199
1605463710, 17, 38, 39, 0, 0, 0.14%, 0, 0, 23, 5908.74 92 840802
1605463715, 19, 15, 39, 0, 0, 0.14%, 0, 0, 23, 5926.91 92 870543
1605463721, 20, 25, 39, 0, 0, 0.14%, 0, 0, 23, 5930.49 92 901250
1605463726, 21, 35, 39, 0, 0, 0.14%, 0, 0, 23, 5907.52 92 931942
1605463731, 22, 38, 39, 0, 0, 0.14%, 0, 0, 23, 5904.92 92 961606
1605463736, 24, 24, 39, 0, 0, 0.14%, 0, 0, 23, 5904.95 92 992095
1605463741, 25, 33, 39, 0, 0, 0.14%, 0, 0, 23, 5911.03 92 1021734
1605463746, 27, 15, 39, 0, 0, 0.14%, 0, 0, 23, 5894.59 92 1052377
1605463751, 28, 24, 39, 0, 0, 0.14%, 0, 0, 23, 5917.27 92 1082056
1605463756, 29, 36, 39, 0, 0, 0.14%, 0, 0, 23, 5903.24 92 1111732
1605463761, 30, 38, 39, 0, 0, 0.14%, 0, 0, 23, 5906.77 92 1141340
1605463766, 32, 18, 39, 0, 0, 0.14%, 0, 0, 23, 5920.46 92 1171039
1605463771, 33, 24, 39, 0, 0, 0.14%, 0, 0, 23, 5925.03 92 1201768
1605463777, 34, 36, 39, 0, 0, 0.14%, 0, 0, 23, 5901.83 92 1231382
1605463782, 36, 18, 39, 0, 0, 0.14%, 0, 0, 23, 5908.27 92 1261992
1605463787, 37, 23, 39, 0, 0, 0.14%, 0, 0, 23, 5921.72 92 1292785
1605463792, 38, 36, 39, 0, 0, 0.14%, 0, 0, 23, 5904.62 92 1322420
1605463797, 40, 15, 39, 0, 0, 0.14%, 0, 0, 23, 5915.23 92 1352177
1605463802, 41, 33, 39, 0, 0, 0.14%, 0, 0, 23, 5911.70 92 1381776
1605463807, 42, 36, 39, 0, 0, 0.14%, 0, 0, 23, 5897.66 92 1411528
1605463812, 44, 13, 39, 0, 0, 0.14%, 0, 0, 23, 5903.89 92 1442382
1605463817, 45, 24, 39, 0, 0, 0.14%, 0, 0, 23, 5901.80 92 1472097
1605463822, 46, 38, 39, 0, 0, 0.14%, 0, 0, 23, 5899.18 92 1501898
1605463827, 48, 18, 39, 0, 0, 0.14%, 0, 0, 23, 5917.31 92 1531713
1605463832, 49, 24, 39, 0, 0, 0.14%, 0, 0, 23, 5911.02 92 1561240
1605463838, 50, 36, 39, 0, 0, 0.14%, 0, 0, 23, 5918.28 92 1591985
1605463843, 52, 18, 39, 0, 0, 0.14%, 0, 0, 23, 5905.93 92 1621569
1605463848, 53, 18, 39, 0, 0, 0.14%, 0, 0, 23, 5870.54 92 1652113
1605463853, 54, 36, 39, 0, 0, 0.14%, 0, 0, 23, 5864.55 92 1681463
1605463858, 56, 15, 39, 0, 0, 0.14%, 0, 0, 23, 5891.38 92 1712147
1605463863, 57, 22, 39, 0, 0, 0.14%, 0, 0, 23, 5901.98 92 1741699
1605463868, 58, 23, 39, 0, 0, 0.14%, 0, 0, 23, 5903.52 92 1771187
1605463873, 59, 36, 39, 0, 0, 0.14%, 0, 0, 23, 5874.37 92 1800717
1605463878, 61, 13, 39, 0, 0, 0.14%, 0, 0, 23, 5883.42 92 1830599
1605463883, 62, 22, 39, 0, 0, 0.14%, 0, 0, 23, 5890.85 92 1861111
1605463888, 62, 39, 41, 2, 1, 0.14%, 0, 0, 25, 5399.15 95 1888943
1605463894, 62, 40, 42, 2, 1, 0.15%, 0, 0, 26, 5292.26 96 1916633
1605463899, 62, 41, 42, 1, 1, 0.15%, 0, 0, 26, 5266.20 96 1943421
1605463904, 63, 36, 42, 0, 0, 0.15%, 0, 0, 26, 5729.83 96 1973759
1605463909, 63, 41, 42, 0, 0, 0.15%, 0, 0, 26, 5803.19 96 2003132
1605463914, 64, 39, 42, 0, 0, 0.15%, 0, 0, 26, 5860.51 96 2033756
1605463919, 64, 42, 44, 2, 1, 0.16%, 0, 0, 27, 5191.43 103 2060055
1605463924, 64, 43, 45, 2, 1, 0.16%, 0, 0, 28, 4957.67 104 2086109
1605463929, 64, 44, 45, 1, 1, 0.16%, 0, 0, 28, 5084.35 104 2112806
1605463934, 64, 44, 46, 2, 1, 0.17%, 0, 0, 29, 5433.14 110 2140834
1605463940, 64, 45, 48, 3, 1, 0.17%, 0, 0, 30, 4842.93 112 2165598
1605463950, 64, 46, 48, 2, 2, 0.17%, 0, 0, 30, 5056.73 112 2218213
1605463955, 64, 47, 49, 2, 1, 0.17%, 0, 0, 31, 4670.22 113 2242185
1605463960, 64, 47, 50, 3, 1, 0.17%, 0, 0, 31, 5357.97 114 2269919
