# unix_time, cycles_done, cur_path, paths_total, pending_total, pending_favs, map_size, unique_crashes, unique_hangs, max_depth, execs_per_sec, edge_coverage, total_execs
1603846227, 0, 0, 1, 1, 1, 1.62%, 0, 0, 1, 243.90, 1059, 40
1603846233, 0, 0, 38, 38, 1, 1.83%, 0, 0, 2, 352.23, 1197, 1946
1603846238, 0, 0, 111, 111, 1, 2.15%, 0, 0, 2, 233.15, 1409, 3062
1603846243, 0, 0, 166, 166, 1, 2.20%, 0, 0, 2, 361.01, 1443, 5113
1603846248, 0, 0, 188, 188, 1, 2.28%, 0, 0, 2, 335.81, 1494, 6808
1603846253, 0, 0, 208, 208, 1, 2.37%, 0, 0, 2, 363.70, 1551, 8717
1603846258, 0, 0, 217, 217, 1, 2.40%, 0, 0, 2, 343.57, 1571, 10418
1603846263, 0, 0, 229, 229, 1, 2.41%, 0, 0, 2, 365.29, 1577, 12321
1603846268, 0, 0, 242, 242, 1, 2.44%, 0, 0, 2, 341.74, 1595, 14068
1603846274, 0, 0, 249, 249, 1, 2.44%, 0, 0, 2, 354.77, 1599, 15899
1603846279, 0, 0, 250, 250, 1, 2.44%, 0, 0, 2, 342.52, 1600, 17615
1603846284, 0, 0, 251, 251, 1, 2.44%, 0, 0, 2, 355.83, 1601, 19458
1603846289, 0, 0, 252, 252, 1, 2.44%, 0, 0, 2, 353.71, 1602, 21255
1603846294, 0, 0, 254, 254, 1, 2.66%, 0, 0, 2, 362.79, 1746, 23098
1603846299, 0, 0, 271, 271, 1, 2.71%, 0, 0, 2, 389.15, 1775, 25027
1603846304, 0, 0, 277, 277, 1, 2.71%, 0, 0, 2, 387.43, 1776, 27081
1603846309, 0, 0, 282, 282, 1, 2.71%, 0, 0, 2, 394.86, 1777, 29057
1603846315, 0, 0, 287, 287, 1, 2.72%, 0, 0, 2, 397.86, 1780, 31068
1603846320, 0, 0, 291, 291, 1, 2.72%, 0, 0, 2, 358.53, 1780, 32836
1603846325, 0, 0, 294, 294, 1, 2.72%, 0, 0, 2, 357.15, 1782, 34660
1603846330, 0, 0, 298, 298, 1, 2.73%, 0, 0, 2, 350.30, 1786, 36449
1603846335, 0, 0, 304, 304, 1, 2.76%, 0, 0, 2, 350.66, 1811, 37828
1603846345, 0, 0, 305, 305, 1, 2.76%, 0, 0, 2, 355.04, 1812, 41473
1603846350, 0, 0, 307, 307, 1, 2.77%, 0, 0, 2, 345.22, 1814, 43227
1603846366, 0, 0, 317, 317, 1, 2.77%, 0, 0, 2, 390.48, 1814, 49130
1603846376, 0, 0, 318, 318, 1, 2.77%, 0, 0, 2, 368.30, 1815, 53055
1603846381, 0, 0, 320, 320, 1, 2.77%, 0, 0, 2, 346.22, 1815, 54759
1603846396, 0, 0, 321, 321, 1, 2.77%, 0, 0, 2, 379.95, 1816, 60269
1603846401, 0, 0, 324, 324, 1, 2.77%, 0, 0, 2, 418.37, 1817, 62493
1603846406, 0, 0, 325, 325, 1, 2.77%, 0, 0, 2, 397.87, 1818, 64563
1603846411, 0, 0, 337, 337, 1, 2.78%, 0, 0, 2, 366.31, 1824, 66352
1603846416, 0, 0, 340, 340, 1, 2.78%, 0, 0, 2, 377.30, 1825, 68291
1603846422, 0, 0, 352, 352, 1, 2.79%, 0, 0, 2, 305.19, 1829, 69519
1603846427, 0, 0, 355, 355, 1, 2.79%, 0, 0, 2, 368.75, 1830, 71527
1603846437, 0, 0, 359, 359, 1, 2.79%, 0, 0, 2, 364.75, 1831, 75162
1603846442, 0, 0, 361, 361, 1, 2.80%, 0, 0, 2, 374.37, 1832, 77097
1603846447, 0, 0, 363, 363, 1, 2.80%, 0, 0, 2, 365.71, 1833, 78951
1603846452, 0, 0, 365, 365, 1, 2.80%, 0, 0, 2, 416.55, 1835, 81162
1603846457, 0, 0, 372, 372, 1, 2.81%, 0, 0, 2, 425.95, 1840, 83274
1603846462, 0, 0, 374, 374, 1, 2.81%, 0, 0, 2, 381.07, 1841, 85173
1603846473, 0, 0, 376, 376, 1, 2.81%, 0, 0, 2, 355.17, 1842, 88723
1603846478, 0, 0, 396, 396, 1, 2.83%, 0, 0, 2, 339.40, 1853, 90445
1603846483, 0, 0, 401, 401, 1, 2.83%, 0, 0, 2, 327.13, 1854, 92053
1603846488, 0, 0, 405, 405, 1, 2.83%, 0, 0, 2, 306.09, 1854, 93549
1603846493, 0, 0, 411, 411, 1, 2.84%, 0, 0, 2, 317.25, 1858, 95157
1603846498, 0, 0, 415, 415, 1, 2.84%, 0, 0, 2, 323.51, 1858, 96817
1603846503, 0, 0, 417, 417, 1, 2.84%, 0, 0, 2, 336.94, 1859, 98515
1603846508, 0, 0, 422, 422, 1, 2.84%, 0, 0, 2, 95.29, 1863, 99899
1603846513, 0, 0, 425, 425, 1, 2.84%, 0, 0, 2, 266.49, 1863, 101487
1603846518, 0, 0, 426, 426, 1, 2.84%, 0, 0, 2, 302.99, 1863, 103067
1603846523, 0, 0, 430, 430, 1, 2.84%, 0, 0, 2, 315.71, 1863, 104689
1603846528, 0, 0, 431, 431, 1, 2.84%, 0, 0, 2, 309.69, 1863, 106263
1603846533, 0, 0, 435, 435, 1, 2.84%, 0, 0, 2, 306.34, 1864, 107790
1603846538, 0, 0, 436, 436, 1, 2.84%, 0, 0, 2, 315.60, 1864, 109395
1603846544, 0, 0, 437, 437, 1, 2.84%, 0, 0, 2, 308.78, 1864, 110921
1603846549, 0, 0, 439, 439, 1, 2.85%, 0, 0, 2, 304.27, 1869, 112427
1603846554, 0, 0, 440, 440, 1, 2.85%, 0, 0, 2, 302.74, 1869, 113965
1603846559, 0, 0, 441, 441, 1, 2.85%, 0, 0, 2, 289.96, 1869, 115434
1603846564, 0, 0, 443, 443, 1, 2.85%, 0, 0, 2, 312.58, 1869, 117001
1603846579, 0, 0, 444, 444, 1, 2.85%, 0, 0, 2, 298.80, 1870, 121610
1603846584, 0, 2, 444, 443, 117, 2.85%, 0, 0, 2, 340.93, 1870, 123324
1603846589, 0, 3, 445, 443, 116, 2.85%, 0, 0, 3, 392.36, 1870, 125441
1603846620, 0, 3, 446, 444, 116, 2.85%, 0, 0, 3, 441.29, 1870, 138773
1603846625, 0, 3, 448, 446, 116, 2.85%, 0, 0, 3, 407.48, 1871, 140765
1603846651, 0, 3, 449, 447, 116, 2.86%, 0, 0, 3, 68.98, 1872, 150926
1603846687, 0, 3, 450, 448, 116, 2.86%, 0, 0, 3, 406.75, 1872, 165573
1603846692, 0, 5, 451, 448, 115, 2.86%, 0, 0, 3, 398.51, 1872, 167502
1603846697, 0, 5, 455, 452, 115, 2.89%, 0, 0, 3, 435.99, 1892, 169740
1603846707, 0, 10, 455, 450, 115, 2.89%, 0, 0, 3, 427.37, 1892, 174152
1603846733, 0, 10, 456, 451, 115, 2.89%, 0, 0, 3, 411.33, 1893, 184766
1603846738, 0, 10, 457, 452, 115, 2.89%, 0, 0, 3, 424.55, 1897, 186917
1603846743, 0, 14, 457, 451, 114, 2.89%, 0, 0, 3, 420.04, 1897, 189035
1603846753, 0, 14, 458, 452, 114, 2.89%, 0, 0, 3, 439.04, 1897, 193547
1603846763, 0, 14, 459, 453, 114, 2.90%, 0, 0, 3, 410.19, 1900, 197811
1603846845, 0, 14, 460, 454, 114, 2.90%, 0, 0, 3, 378.24, 1900, 232053
1603846850, 0, 21, 460, 453, 113, 2.90%, 0, 0, 3, 425.65, 1900, 234293
1603846860, 0, 21, 461, 454, 113, 2.90%, 0, 0, 3, 437.91, 1901, 238708
1603846870, 0, 21, 462, 455, 113, 2.90%, 0, 0, 3, 435.30, 1902, 243001
1603846891, 0, 21, 463, 456, 113, 2.90%, 0, 0, 3, 388.20, 1903, 251513
1603846931, 0, 21, 464, 457, 113, 2.90%, 0, 0, 3, 422.98, 1903, 269108
1603846947, 0, 21, 467, 460, 113, 2.90%, 0, 0, 3, 378.44, 1903, 275451
1603846962, 0, 21, 468, 461, 113, 2.90%, 0, 0, 3, 322.02, 1903, 280512
1603846967, 0, 21, 470, 463, 113, 2.91%, 0, 0, 3, 326.72, 1904, 282180
1603846972, 0, 21, 472, 465, 113, 2.91%, 0, 0, 3, 344.89, 1909, 283948
1603846977, 0, 21, 474, 467, 113, 2.91%, 0, 0, 3, 336.02, 1909, 285710
1603846983, 0, 21, 475, 468, 113, 2.91%, 0, 0, 3, 334.93, 1909, 287422
1603846988, 0, 21, 476, 469, 113, 2.91%, 0, 0, 3, 339.07, 1909, 289116
1603847003, 0, 21, 480, 473, 113, 2.91%, 0, 0, 3, 310.76, 1910, 294104
1603847018, 0, 25, 480, 472, 112, 2.91%, 0, 0, 3, 361.94, 1910, 299349
1603847033, 0, 25, 483, 475, 112, 2.92%, 0, 0, 3, 406.37, 1914, 305201
1603847038, 0, 40, 483, 474, 111, 2.92%, 0, 0, 3, 432.90, 1914, 307432
1603847069, 0, 42, 484, 474, 110, 2.92%, 0, 0, 3, 398.49, 1914, 319920
1603847074, 0, 42, 490, 480, 110, 2.92%, 0, 0, 3, 406.33, 1916, 321967
1603847079, 0, 42, 493, 483, 110, 2.93%, 0, 0, 3, 419.57, 1917, 324143
1603847094, 0, 42, 494, 484, 110, 2.95%, 0, 0, 3, 405.57, 1936, 330227
1603847099, 0, 42, 495, 485, 110, 2.95%, 0, 0, 3, 426.32, 1936, 332419
1603847115, 0, 42, 496, 486, 110, 2.96%, 0, 0, 3, 410.58, 1937, 338632
1603847145, 0, 42, 497, 487, 110, 2.96%, 0, 0, 3, 429.25, 1938, 351659
1603847150, 0, 42, 499, 489, 110, 3.27%, 0, 0, 3, 422.95, 2142, 353767
1603847155, 0, 42, 501, 491, 110, 3.31%, 0, 0, 3, 391.05, 2170, 355763
1603847171, 0, 42, 518, 508, 110, 3.32%, 0, 0, 3, 413.07, 2174, 362134
1603847176, 0, 43, 519, 508, 114, 3.32%, 0, 0, 3, 381.98, 2174, 363943
1603847217, 0, 43, 520, 509, 114, 3.32%, 0, 0, 3, 436.34, 2175, 381348
1603847257, 0, 43, 521, 510, 114, 3.32%, 0, 0, 3, 430.98, 2176, 398855
1603847268, 0, 43, 522, 511, 114, 3.32%, 0, 0, 3, 440.27, 2177, 403267
1603847273, 0, 43, 523, 512, 114, 3.32%, 0, 0, 3, 443.57, 2178, 405491
1603847278, 0, 44, 523, 511, 114, 3.32%, 0, 0, 3, 421.05, 2178, 407585
1603847288, 0, 44, 524, 512, 114, 3.32%, 0, 0, 3, 417.57, 2178, 411632
1603847293, 0, 44, 525, 513, 114, 3.32%, 0, 0, 3, 440.41, 2178, 413645
1603847298, 0, 44, 526, 514, 114, 3.32%, 0, 0, 3, 95.30, 2178, 414570
1603847308, 0, 44, 528, 516, 114, 3.32%, 0, 0, 3, 23.58, 2178, 417323
1603847313, 0, 44, 530, 518, 114, 3.33%, 0, 0, 3, 438.65, 2181, 417773
1603847334, 0, 44, 531, 519, 114, 3.33%, 0, 0, 3, 16.07, 2181, 426145
1603847375, 0, 44, 532, 520, 114, 3.33%, 0, 0, 3, 430.96, 2182, 443813
1603847390, 0, 49, 532, 519, 112, 3.33%, 0, 0, 3, 299.85, 2182, 449698
1603847395, 0, 49, 533, 520, 112, 3.33%, 0, 0, 3, 282.55, 2182, 450975
1603847400, 0, 49, 536, 523, 112, 3.33%, 0, 0, 3, 250.41, 2183, 452281
1603847411, 0, 49, 538, 525, 112, 3.33%, 0, 0, 3, 296.58, 2183, 454855
1603847426, 0, 49, 540, 527, 112, 3.33%, 0, 0, 3, 261.01, 2183, 458543
1603847436, 0, 49, 541, 528, 112, 3.33%, 0, 0, 3, 233.05, 2183, 460917
1603847441, 0, 49, 542, 529, 112, 3.33%, 0, 0, 3, 232.19, 2184, 462117
1603847477, 0, 49, 547, 534, 112, 3.35%, 0, 0, 3, 252.40, 2195, 469881
1603847482, 0, 49, 548, 535, 112, 3.35%, 0, 0, 3, 382.31, 2195, 472018
1603847513, 0, 49, 550, 537, 112, 3.35%, 0, 0, 3, 210.87, 2197, 480457
1603847538, 0, 49, 551, 538, 112, 3.35%, 0, 0, 3, 207.37, 2198, 485847
1603847594, 0, 49, 552, 539, 112, 3.36%, 0, 0, 3, 206.43, 2199, 501254
1603847671, 0, 49, 553, 540, 112, 3.36%, 0, 0, 3, 221.57, 2200, 520698
1603847707, 0, 49, 554, 541, 112, 3.36%, 0, 0, 3, 219.26, 2200, 530306
1603847722, 0, 49, 555, 542, 112, 3.36%, 0, 0, 3, 205.34, 2200, 533352
1603847727, 0, 49, 556, 543, 112, 3.36%, 0, 0, 3, 285.00, 2200, 534853
1603847737, 0, 54, 556, 542, 116, 3.36%, 0, 0, 3, 345.85, 2200, 538098
1603847778, 0, 56, 556, 541, 115, 3.36%, 0, 0, 3, 333.87, 2200, 553153
1603847783, 0, 56, 561, 546, 115, 3.36%, 0, 0, 3, 359.21, 2201, 554971
1603847793, 0, 56, 563, 548, 115, 3.36%, 0, 0, 3, 354.73, 2201, 558510
1603847829, 0, 56, 564, 549, 115, 3.36%, 0, 0, 3, 329.27, 2202, 570346
1603847839, 0, 56, 570, 555, 115, 3.36%, 0, 0, 3, 328.31, 2205, 573616
1603847921, 0, 56, 571, 556, 115, 3.37%, 0, 0, 3, 349.35, 2206, 603346
1603847931, 0, 56, 572, 557, 115, 3.37%, 0, 0, 3, 351.35, 2207, 606943
1603847936, 0, 56, 573, 558, 115, 3.37%, 0, 0, 3, 341.57, 2208, 608664
1603847946, 0, 56, 574, 559, 115, 3.37%, 0, 0, 3, 408.70, 2209, 612948
1603847951, 0, 56, 575, 560, 115, 3.37%, 0, 0, 3, 363.24, 2209, 614753
1603848023, 0, 60, 575, 559, 114, 3.37%, 0, 0, 3, 338.19, 2209, 640299
1603848033, 0, 60, 577, 561, 114, 3.38%, 0, 0, 3, 364.61, 2212, 644066
1603848043, 0, 60, 578, 562, 114, 3.38%, 0, 0, 3, 420.39, 2212, 648248
1603848048, 0, 60, 579, 563, 114, 3.38%, 0, 0, 3, 349.31, 2213, 650023
1603848064, 0, 60, 581, 565, 114, 3.38%, 0, 0, 3, 372.59, 2213, 655814
1603848074, 0, 60, 582, 566, 114, 3.38%, 0, 0, 3, 458.56, 2214, 660698
1603848130, 0, 60, 583, 567, 114, 3.38%, 0, 0, 3, 406.26, 2215, 684850
1603848161, 0, 60, 584, 568, 114, 3.38%, 0, 0, 3, 457.74, 2216, 698406
1603848186, 0, 60, 585, 569, 114, 3.38%, 0, 0, 3, 457.53, 2217, 709353
1603848201, 0, 60, 586, 570, 114, 3.38%, 0, 0, 3, 385.85, 2217, 715189
1603848211, 0, 62, 586, 569, 114, 3.38%, 0, 0, 3, 477.58, 2217, 719612
1603848242, 0, 63, 587, 569, 113, 3.38%, 0, 0, 3, 424.85, 2217, 734095
1603848252, 0, 63, 589, 571, 113, 3.38%, 0, 0, 3, 444.61, 2218, 738663
1603848262, 0, 63, 590, 572, 113, 3.39%, 0, 0, 3, 432.49, 2219, 742980
1603848288, 0, 63, 595, 577, 113, 3.39%, 0, 0, 3, 446.64, 2219, 753794
1603848334, 0, 63, 596, 578, 113, 3.39%, 0, 0, 3, 416.16, 2220, 773532
1603848435, 0, 63, 597, 579, 113, 3.39%, 0, 0, 3, 392.62, 2220, 818695
1603848440, 0, 71, 597, 578, 114, 3.39%, 0, 0, 3, 394.04, 2220, 820661
1603848455, 0, 71, 598, 579, 114, 3.39%, 0, 0, 3, 487.21, 2221, 828210
1603848532, 0, 73, 598, 578, 114, 3.39%, 0, 0, 3, 464.43, 2221, 865532
1603848578, 0, 73, 599, 579, 114, 3.39%, 0, 0, 3, 513.80, 2222, 888512
1603848618, 0, 74, 599, 578, 113, 3.39%, 0, 0, 3, 489.85, 2222, 909098
1603848704, 0, 75, 599, 577, 112, 3.39%, 0, 0, 3, 463.35, 2222, 952398
1603848786, 0, 75, 600, 578, 112, 3.40%, 0, 0, 3, 483.80, 2225, 993777
1603848791, 0, 87, 600, 577, 111, 3.40%, 0, 0, 3, 467.29, 2225, 995999
1603848838, 0, 97, 600, 576, 110, 3.40%, 0, 0, 3, 444.09, 2225, 1018574
1603848899, 0, 97, 601, 577, 110, 3.40%, 0, 0, 3, 380.50, 2225, 1047265
1603848909, 0, 97, 602, 578, 110, 3.40%, 0, 0, 3, 393.00, 2226, 1050777
1603848970, 0, 97, 603, 579, 110, 3.40%, 0, 0, 3, 437.62, 2226, 1075389
1603848985, 0, 97, 604, 580, 110, 3.40%, 0, 0, 3, 372.81, 2227, 1081280
1603848991, 0, 97, 605, 581, 110, 3.40%, 0, 0, 3, 402.79, 2227, 1083338
1603849047, 0, 97, 606, 582, 110, 3.40%, 0, 0, 3, 383.09, 2227, 1104597
1603849052, 0, 97, 607, 583, 110, 3.40%, 0, 0, 3, 343.30, 2227, 1106298
1603849057, 0, 101, 607, 582, 109, 3.40%, 0, 0, 3, 348.71, 2227, 1108097
1603849143, 0, 101, 608, 583, 109, 3.40%, 0, 0, 3, 437.24, 2227, 1144375
1603849148, 0, 101, 609, 584, 109, 3.40%, 0, 0, 3, 437.41, 2228, 1146599
1603849168, 0, 108, 609, 583, 108, 3.40%, 0, 0, 3, 394.96, 2228, 1154915
1603849173, 0, 108, 610, 584, 108, 3.40%, 0, 0, 3, 448.24, 2228, 1157295
1603849189, 0, 108, 611, 585, 108, 3.40%, 0, 0, 3, 454.26, 2228, 1163903
1603849194, 0, 108, 613, 587, 108, 3.40%, 0, 0, 3, 346.44, 2231, 1165902
1603849219, 0, 108, 614, 588, 108, 3.40%, 0, 0, 3, 444.20, 2231, 1177481
1603849224, 0, 108, 616, 590, 108, 3.40%, 0, 0, 3, 385.35, 2231, 1179422
1603849235, 0, 109, 616, 589, 108, 3.40%, 0, 0, 3, 413.65, 2231, 1183227
1603849275, 0, 109, 617, 590, 108, 3.41%, 0, 0, 3, 432.38, 2232, 1200540
1603849341, 0, 112, 617, 589, 106, 3.41%, 0, 0, 3, 403.93, 2232, 1228898
1603849346, 0, 112, 620, 592, 106, 3.41%, 0, 0, 3, 408.80, 2233, 1231002
1603849367, 0, 112, 621, 593, 106, 3.41%, 0, 0, 3, 414.98, 2233, 1239214
1603849448, 0, 119, 621, 592, 107, 3.41%, 0, 0, 3, 380.68, 2233, 1273875
1603849463, 0, 119, 622, 593, 107, 3.41%, 0, 0, 3, 379.40, 2233, 1279646
1603849581, 0, 119, 623, 594, 107, 3.41%, 0, 0, 3, 359.00, 2234, 1324995
1603849586, 0, 119, 624, 595, 107, 3.41%, 0, 0, 3, 348.29, 2235, 1326696
1603849591, 0, 119, 625, 596, 107, 3.41%, 0, 0, 3, 370.27, 2236, 1328565
1603849632, 0, 123, 625, 595, 106, 3.41%, 0, 0, 3, 335.61, 2236, 1343488
1603849739, 0, 123, 626, 596, 106, 3.41%, 0, 0, 3, 426.28, 2237, 1384836
1603849755, 0, 123, 627, 597, 106, 3.41%, 0, 0, 3, 365.79, 2238, 1390726
1603849775, 0, 123, 628, 598, 106, 3.42%, 0, 0, 3, 372.25, 2239, 1398805
1603849800, 0, 123, 629, 599, 106, 3.42%, 0, 0, 3, 395.83, 2240, 1408328
1603849842, 0, 129, 629, 598, 105, 3.42%, 0, 0, 3, 367.84, 2240, 1424067
1603850000, 0, 129, 630, 599, 105, 3.42%, 0, 0, 3, 374.88, 2241, 1484419
1603850010, 0, 129, 631, 600, 105, 3.42%, 0, 0, 3, 353.00, 2241, 1487976
1603850020, 0, 129, 633, 602, 105, 3.42%, 0, 0, 3, 355.87, 2243, 1491675
1603850055, 0, 129, 634, 603, 105, 3.42%, 0, 0, 3, 355.79, 2244, 1505300
1603850065, 0, 129, 635, 604, 105, 3.43%, 0, 0, 3, 402.02, 2245, 1509143
1603850076, 0, 142, 635, 603, 103, 3.43%, 0, 0, 3, 393.22, 2245, 1513002
1603850173, 0, 152, 635, 602, 102, 3.43%, 0, 0, 3, 410.26, 2245, 1553971
1603850178, 0, 152, 636, 603, 102, 3.43%, 0, 0, 3, 428.57, 2245, 1556171
1603850275, 0, 153, 636, 602, 101, 3.43%, 0, 0, 3, 391.45, 2245, 1597271
1603850280, 0, 153, 637, 603, 101, 3.43%, 0, 0, 3, 405.77, 2245, 1599383
1603850305, 0, 153, 638, 604, 101, 3.43%, 0, 0, 3, 418.71, 2245, 1609683
1603850392, 0, 156, 638, 603, 100, 3.43%, 0, 0, 3, 418.50, 2245, 1645726
1603850484, 0, 156, 639, 604, 100, 3.43%, 0, 0, 3, 397.24, 2246, 1682810
1603850500, 0, 156, 640, 605, 100, 3.43%, 0, 0, 3, 322.16, 2247, 1688437
1603850505, 0, 159, 640, 604, 99, 3.43%, 0, 0, 3, 339.50, 2247, 1690160
1603850535, 0, 159, 641, 605, 99, 3.43%, 0, 0, 3, 364.37, 2247, 1701298
1603850555, 0, 159, 642, 606, 99, 3.43%, 0, 0, 3, 352.43, 2248, 1708555
1603850561, 0, 159, 645, 609, 99, 3.44%, 0, 0, 3, 379.57, 2253, 1710455
1603850744, 0, 160, 646, 609, 99, 3.44%, 0, 0, 3, 345.82, 2254, 1779279
1603850770, 0, 160, 647, 610, 99, 3.44%, 0, 0, 3, 347.89, 2255, 1788723
1603850984, 0, 161, 647, 609, 98, 3.44%, 0, 0, 3, 344.71, 2255, 1869500
1603851040, 0, 161, 648, 610, 98, 3.44%, 0, 0, 3, 395.17, 2256, 1890271
1603851117, 0, 161, 649, 611, 98, 3.44%, 0, 0, 3, 367.66, 2257, 1919552
1603851223, 0, 164, 649, 610, 97, 3.44%, 0, 0, 3, 358.87, 2257, 1959727
1603851233, 0, 164, 650, 611, 97, 3.44%, 0, 0, 3, 367.83, 2257, 1963545
1603851463, 0, 169, 650, 610, 96, 3.44%, 0, 0, 3, 347.52, 2257, 2049168
1603851519, 0, 169, 652, 612, 96, 3.45%, 0, 0, 3, 348.98, 2258, 2069452
1603851656, 0, 169, 653, 613, 96, 3.45%, 0, 0, 3, 358.37, 2259, 2121586
1603851661, 0, 169, 654, 614, 96, 3.45%, 0, 0, 3, 367.62, 2260, 2123453
1603851706, 0, 171, 654, 613, 96, 3.45%, 0, 0, 3, 350.96, 2260, 2140674
1603851721, 0, 171, 655, 614, 96, 3.45%, 0, 0, 3, 380.56, 2260, 2146417
1603851793, 0, 171, 656, 615, 96, 3.45%, 0, 0, 3, 354.83, 2261, 2173297
1603851798, 0, 171, 657, 616, 96, 3.45%, 0, 0, 3, 361.79, 2262, 2174814
1603851951, 0, 172, 657, 615, 96, 3.45%, 0, 0, 3, 356.25, 2262, 2232605
1603852195, 0, 175, 657, 614, 95, 3.45%, 0, 0, 3, 179.30, 2262, 2322943
1603852205, 0, 175, 658, 615, 95, 3.45%, 0, 0, 3, 120.87, 2262, 2324149
1603852981, 0, 181, 658, 614, 94, 3.45%, 0, 0, 3, 342.70, 2262, 2417989
1603852992, 0, 186, 658, 613, 93, 3.45%, 0, 0, 3, 409.85, 2262, 2421929
1603853002, 0, 186, 659, 614, 93, 3.45%, 0, 0, 3, 383.43, 2263, 2425906
1603853007, 0, 186, 661, 616, 93, 3.45%, 0, 0, 3, 380.69, 2263, 2427864
1603853012, 0, 186, 662, 617, 93, 3.45%, 0, 0, 3, 368.89, 2263, 2429566
1603853048, 0, 186, 668, 623, 93, 3.45%, 0, 0, 3, 235.09, 2263, 2441384
1603853144, 0, 186, 669, 624, 93, 3.45%, 0, 0, 3, 434.42, 2263, 2478866
1603853247, 0, 188, 669, 623, 94, 3.45%, 0, 0, 3, 418.20, 2263, 2518246
1603853252, 0, 188, 670, 624, 94, 3.47%, 0, 0, 3, 436.11, 2275, 2520490
1603853283, 0, 190, 670, 623, 94, 3.47%, 0, 0, 3, 389.78, 2275, 2532983
1603853288, 0, 190, 673, 626, 94, 3.47%, 0, 0, 3, 347.30, 2276, 2534718
1603853298, 0, 190, 675, 628, 94, 3.47%, 0, 0, 3, 242.85, 2276, 2538328
1603853309, 0, 190, 676, 629, 94, 3.47%, 0, 0, 3, 355.05, 2276, 2541849
1603853329, 0, 190, 683, 636, 94, 3.47%, 0, 0, 3, 304.99, 2276, 2549041
1603853349, 0, 190, 684, 637, 94, 3.47%, 0, 0, 3, 363.44, 2276, 2557131
1603853416, 0, 190, 685, 638, 94, 3.47%, 0, 0, 3, 433.74, 2276, 2582113
1603853452, 0, 190, 687, 640, 94, 3.47%, 0, 0, 3, 363.99, 2276, 2595788
1603853487, 0, 192, 687, 639, 95, 3.47%, 0, 0, 3, 327.89, 2276, 2608895
1603853493, 0, 192, 689, 641, 95, 3.47%, 0, 0, 3, 372.17, 2277, 2610870
1603853498, 0, 192, 692, 644, 95, 3.47%, 0, 0, 3, 374.58, 2277, 2612786
1603853503, 0, 192, 693, 645, 95, 3.47%, 0, 0, 3, 387.42, 2277, 2614768
1603853513, 0, 192, 694, 646, 95, 3.48%, 0, 0, 3, 379.07, 2278, 2618529
1603853579, 0, 192, 695, 647, 95, 3.48%, 0, 0, 3, 362.35, 2278, 2642855
1603853641, 0, 192, 696, 648, 95, 3.48%, 0, 0, 3, 370.44, 2278, 2665719
1603853646, 0, 192, 697, 649, 95, 3.48%, 0, 0, 3, 411.62, 2278, 2667800
1603853656, 0, 192, 698, 650, 95, 3.48%, 0, 0, 3, 363.66, 2279, 2671594
1603853696, 0, 192, 699, 651, 95, 3.48%, 0, 0, 3, 394.47, 2280, 2686760
1603853753, 0, 202, 699, 650, 98, 3.48%, 0, 0, 3, 333.79, 2280, 2707252
1603853804, 0, 202, 700, 651, 98, 3.48%, 0, 0, 3, 349.15, 2280, 2725567
1603853932, 0, 202, 701, 652, 98, 3.48%, 0, 0, 3, 366.34, 2280, 2773461
1603854014, 0, 202, 703, 654, 98, 3.48%, 0, 0, 3, 320.72, 2280, 2803370
1603854024, 0, 202, 704, 655, 98, 3.48%, 0, 0, 3, 318.63, 2280, 2806546
1603854049, 0, 212, 704, 654, 98, 3.48%, 0, 0, 3, 336.96, 2280, 2814755
1603854309, 0, 215, 704, 653, 97, 3.48%, 0, 0, 3, 320.25, 2280, 2911800
1603854350, 0, 232, 704, 652, 96, 3.48%, 0, 0, 3, 409.50, 2280, 2928176
1603854463, 0, 233, 704, 651, 95, 3.48%, 0, 0, 3, 403.82, 2280, 2974912
1603854483, 0, 233, 705, 652, 95, 3.48%, 0, 0, 3, 401.75, 2280, 2983443
1603854545, 0, 233, 711, 658, 95, 3.48%, 0, 0, 3, 381.37, 2280, 3008378
1603854570, 0, 233, 712, 659, 95, 3.48%, 0, 0, 3, 419.97, 2280, 3019154
1603854580, 0, 239, 712, 658, 93, 3.48%, 0, 0, 3, 408.19, 2280, 3023290
1603854749, 0, 240, 712, 657, 92, 3.48%, 0, 0, 3, 385.65, 2280, 3089570
1603854779, 0, 240, 714, 659, 92, 3.48%, 0, 0, 3, 363.82, 2282, 3100852
1603854825, 0, 240, 715, 660, 92, 3.48%, 0, 0, 3, 301.87, 2282, 3118219
1603854937, 0, 240, 716, 661, 92, 3.48%, 0, 0, 3, 344.35, 2282, 3161021
1603854973, 0, 253, 716, 660, 93, 3.48%, 0, 0, 3, 350.04, 2282, 3174177
1603854978, 0, 253, 717, 661, 93, 3.49%, 0, 0, 3, 369.42, 2284, 3176091
1603854983, 0, 253, 718, 662, 93, 3.49%, 0, 0, 3, 385.69, 2285, 3178038
1603855003, 0, 253, 719, 663, 93, 3.49%, 0, 0, 3, 393.78, 2286, 3185774
1603855059, 0, 253, 720, 664, 93, 3.57%, 0, 0, 3, 383.45, 2339, 3207335
1603855064, 0, 253, 722, 666, 93, 3.60%, 0, 0, 3, 388.37, 2357, 3209323
1603855080, 0, 253, 724, 668, 93, 3.60%, 0, 0, 3, 399.95, 2357, 3215301
1603855085, 0, 253, 748, 692, 93, 3.60%, 0, 0, 3, 373.88, 2359, 3217093
1603855105, 0, 267, 751, 694, 100, 3.60%, 0, 0, 3, 324.21, 2359, 3224391
1603855115, 0, 267, 753, 696, 100, 3.62%, 0, 0, 3, 350.94, 2372, 3227992
1603856049, 0, 267, 754, 697, 100, 3.62%, 0, 0, 3, 0.01, 2372, 3233356
1603856064, 0, 267, 760, 703, 100, 3.62%, 0, 0, 3, 225.83, 2372, 3237350
1603856069, 0, 267, 761, 704, 100, 3.62%, 0, 0, 3, 351.73, 2372, 3239292
1603856191, 0, 267, 762, 705, 100, 3.62%, 0, 0, 3, 374.23, 2373, 3283893
1603856217, 0, 267, 763, 706, 100, 3.62%, 0, 0, 3, 371.57, 2374, 3293634
1603856227, 0, 269, 763, 705, 102, 3.62%, 0, 0, 3, 343.03, 2374, 3297103
1603856232, 0, 269, 764, 706, 102, 3.62%, 0, 0, 3, 363.55, 2374, 3298930
1603856278, 0, 269, 765, 707, 102, 3.62%, 0, 0, 3, 378.50, 2374, 3315338
1603856298, 0, 269, 766, 708, 102, 3.62%, 0, 0, 3, 359.33, 2374, 3323333
1603856384, 0, 269, 767, 709, 102, 3.62%, 0, 0, 3, 335.93, 2374, 3355743
1603856420, 0, 269, 768, 710, 102, 3.62%, 0, 0, 3, 392.46, 2374, 3369387
1603856465, 0, 269, 769, 711, 102, 3.62%, 0, 0, 3, 331.75, 2374, 3386183
1603856470, 0, 270, 772, 713, 102, 3.62%, 0, 0, 3, 336.49, 2374, 3387926
1603856481, 0, 270, 773, 714, 102, 3.62%, 0, 0, 3, 355.20, 2374, 3391632
1603856526, 0, 270, 784, 725, 102, 3.62%, 0, 0, 3, 269.67, 2374, 3407648
1603856664, 0, 270, 785, 726, 102, 3.62%, 0, 0, 3, 363.55, 2374, 3458673
1603856715, 0, 270, 788, 729, 102, 3.62%, 0, 0, 3, 261.22, 2374, 3477659
1603856746, 0, 284, 788, 728, 101, 3.62%, 0, 0, 3, 409.81, 2374, 3489375
1603856863, 0, 285, 788, 727, 100, 3.62%, 0, 0, 3, 385.06, 2374, 3538445
1603856985, 0, 299, 788, 726, 99, 3.62%, 0, 0, 3, 344.53, 2374, 3588775
1603856990, 0, 299, 789, 727, 99, 3.62%, 0, 0, 3, 61.50, 2374, 3589121
1603857297, 0, 299, 790, 728, 99, 3.62%, 0, 0, 3, 284.67, 2374, 3611164
1603857486, 0, 299, 791, 729, 99, 3.62%, 0, 0, 3, 53.18, 2375, 3624822
1603858245, 0, 300, 791, 728, 99, 3.62%, 0, 0, 3, 315.75, 2375, 3689700
1603858438, 0, 300, 792, 729, 99, 3.63%, 0, 0, 3, 372.05, 2376, 3763142
1603858515, 0, 301, 793, 729, 100, 3.63%, 0, 0, 3, 350.66, 2380, 3792269
1603858729, 0, 301, 794, 730, 100, 3.63%, 0, 0, 3, 355.02, 2381, 3873233
1603858760, 0, 301, 795, 731, 100, 3.63%, 0, 0, 3, 412.71, 2381, 3884979
1603858785, 0, 307, 795, 730, 100, 3.63%, 0, 0, 3, 369.76, 2381, 3894579
1603858867, 0, 307, 796, 731, 100, 3.63%, 0, 0, 3, 431.93, 2382, 3925594
1603858984, 0, 312, 796, 730, 100, 3.63%, 0, 0, 3, 347.51, 2382, 3971105
1603859259, 0, 324, 796, 729, 99, 3.63%, 0, 0, 3, 340.73, 2382, 4073707
1603859274, 0, 332, 796, 728, 98, 3.63%, 0, 0, 3, 366.76, 2382, 4078995
1603859559, 0, 335, 796, 727, 97, 3.63%, 0, 0, 3, 254.51, 2382, 4181447
1603859620, 0, 335, 797, 728, 97, 3.63%, 0, 0, 3, 219.87, 2382, 4194882
1603860023, 0, 336, 797, 727, 96, 3.63%, 0, 0, 3, 302.31, 2382, 4285747
1603860074, 0, 336, 798, 728, 96, 3.63%, 0, 0, 3, 340.72, 2382, 4303975
1603860217, 0, 336, 799, 729, 96, 3.64%, 0, 0, 3, 414.46, 2383, 4363161
1603860253, 0, 346, 799, 728, 95, 3.64%, 0, 0, 3, 391.81, 2383, 4377382
1603860355, 0, 347, 800, 728, 95, 3.64%, 0, 0, 3, 420.99, 2383, 4417785
1603860412, 0, 347, 802, 730, 95, 3.64%, 0, 0, 3, 368.84, 2383, 4441320
1603860417, 0, 348, 802, 729, 93, 3.64%, 0, 0, 3, 372.92, 2383, 4443153
1603860549, 0, 356, 802, 728, 92, 3.64%, 0, 0, 3, 383.47, 2383, 4497582
1603860670, 0, 356, 803, 729, 92, 3.64%, 0, 0, 3, 436.93, 2383, 4544185
1603860706, 0, 356, 804, 730, 92, 3.64%, 0, 0, 3, 380.39, 2384, 4557824
1603860818, 0, 356, 805, 731, 92, 3.64%, 0, 0, 3, 345.32, 2387, 4600080
1603860823, 0, 364, 805, 730, 93, 3.64%, 0, 0, 3, 413.89, 2387, 4602237
1603860895, 0, 367, 805, 729, 92, 3.64%, 0, 0, 3, 398.60, 2387, 4632132
1603860997, 0, 377, 805, 728, 91, 3.64%, 0, 0, 3, 376.00, 2387, 4674829
1603861012, 0, 377, 806, 729, 91, 3.64%, 0, 0, 3, 400.71, 2387, 4681120
1603861124, 0, 377, 807, 730, 91, 3.64%, 0, 0, 3, 327.95, 2387, 4726925
1603861129, 0, 385, 807, 729, 91, 3.64%, 0, 0, 3, 381.14, 2387, 4728894
1603861190, 0, 395, 807, 728, 91, 3.64%, 0, 0, 3, 404.13, 2387, 4752738
1603861211, 0, 395, 808, 729, 91, 3.66%, 0, 0, 3, 402.92, 2396, 4760407
1603861221, 0, 397, 808, 728, 91, 3.66%, 0, 0, 3, 358.34, 2396, 4764306
1603861226, 0, 397, 809, 729, 91, 3.66%, 0, 0, 3, 354.12, 2397, 4765907
1603861328, 0, 397, 810, 730, 91, 3.66%, 0, 0, 3, 392.48, 2397, 4801210
1603861425, 0, 398, 812, 731, 90, 3.66%, 0, 0, 3, 406.81, 2397, 4840583
1603861436, 0, 398, 813, 732, 90, 3.66%, 0, 0, 3, 436.42, 2401, 4844881
1603861446, 0, 399, 813, 731, 90, 3.66%, 0, 0, 3, 430.09, 2401, 4849271
1603861497, 0, 399, 814, 732, 90, 3.66%, 0, 0, 3, 366.93, 2401, 4868382
1603861604, 0, 399, 815, 733, 90, 3.66%, 0, 0, 3, 397.78, 2401, 4910640
1603861690, 0, 409, 815, 732, 89, 3.66%, 0, 0, 3, 358.87, 2401, 4944263
1603861757, 0, 409, 816, 733, 89, 3.66%, 0, 0, 3, 443.95, 2401, 4970155
1603861956, 0, 410, 816, 732, 88, 3.66%, 0, 0, 3, 414.13, 2401, 5048682
1603862002, 0, 410, 817, 733, 88, 3.66%, 0, 0, 3, 374.07, 2401, 5065953
1603862007, 0, 410, 819, 735, 88, 3.67%, 0, 0, 3, 366.15, 2402, 5067789
1603862012, 0, 410, 821, 737, 88, 3.67%, 0, 0, 3, 358.35, 2402, 5069597
1603862053, 0, 410, 823, 739, 88, 3.67%, 0, 0, 3, 357.91, 2406, 5084467
1603862073, 0, 412, 823, 738, 88, 3.67%, 0, 0, 3, 371.01, 2406, 5091877
1603862150, 0, 412, 824, 739, 88, 3.67%, 0, 0, 3, 378.70, 2407, 5121447
1603862349, 0, 412, 825, 740, 88, 3.67%, 0, 0, 3, 320.69, 2407, 5196114
1603862354, 0, 412, 826, 741, 88, 3.67%, 0, 0, 3, 319.76, 2408, 5197720
1603862369, 0, 419, 826, 740, 88, 3.67%, 0, 0, 3, 299.70, 2408, 5202525
1603862466, 0, 419, 827, 741, 88, 3.68%, 0, 0, 3, 427.50, 2409, 5237243
1603862532, 0, 430, 827, 740, 87, 3.68%, 0, 0, 3, 389.94, 2409, 5261259
1603862568, 0, 450, 827, 738, 85, 3.68%, 0, 0, 3, 429.66, 2409, 5276324
1603862579, 0, 454, 828, 737, 83, 3.68%, 0, 0, 4, 429.18, 2413, 5280716
1603862584, 0, 456, 828, 736, 83, 3.68%, 0, 0, 4, 64.55, 2413, 5281416
1603863832, 0, 458, 828, 735, 82, 3.68%, 0, 0, 4, 452.21, 2413, 5360532
1603863837, 0, 462, 829, 735, 81, 3.68%, 0, 0, 4, 410.61, 2413, 5362585
1603863990, 0, 462, 830, 736, 81, 3.68%, 0, 0, 4, 414.82, 2413, 5423956
1603864041, 0, 467, 830, 735, 81, 3.68%, 0, 0, 4, 380.66, 2413, 5444877
1603864077, 0, 471, 831, 735, 80, 3.68%, 0, 0, 4, 346.16, 2413, 5459572
1603864214, 0, 476, 831, 734, 79, 3.68%, 0, 0, 4, 379.52, 2413, 5516766
1603864311, 0, 478, 831, 733, 78, 3.68%, 0, 0, 4, 434.61, 2413, 5558870
1603864321, 0, 478, 832, 734, 78, 3.69%, 0, 0, 4, 465.87, 2419, 5563528
1603864347, 0, 480, 832, 733, 78, 3.69%, 0, 0, 4, 407.00, 2419, 5574213
1603864357, 0, 481, 832, 732, 77, 3.69%, 0, 0, 4, 399.37, 2419, 5578068
1603864367, 0, 482, 832, 731, 76, 3.69%, 0, 0, 4, 402.96, 2419, 5581704
1603864372, 0, 489, 832, 730, 75, 3.69%, 0, 0, 4, 411.83, 2419, 5583838
1603864382, 0, 489, 833, 731, 75, 3.69%, 0, 0, 4, 427.66, 2420, 5588267
1603864398, 0, 489, 834, 732, 75, 3.69%, 0, 0, 4, 441.64, 2421, 5594762
1603864494, 0, 489, 835, 733, 75, 3.70%, 0, 0, 4, 357.86, 2424, 5636538
1603864499, 0, 490, 835, 732, 75, 3.70%, 0, 0, 4, 383.47, 2424, 5638523
1603864510, 0, 490, 836, 733, 75, 3.70%, 0, 0, 4, 393.37, 2424, 5642582
1603864525, 0, 490, 839, 736, 75, 3.70%, 0, 0, 4, 433.21, 2424, 5648321
1603864576, 0, 490, 840, 737, 75, 3.70%, 0, 0, 4, 425.76, 2424, 5670130
1603864581, 0, 490, 841, 738, 75, 3.70%, 0, 0, 4, 15.84, 2424, 5672256
1603864586, 0, 490, 842, 739, 75, 3.70%, 0, 0, 4, 426.38, 2426, 5673161
1603864627, 0, 494, 842, 738, 75, 3.70%, 0, 0, 4, 416.98, 2426, 5690451
1603864637, 0, 494, 843, 739, 75, 3.70%, 0, 0, 4, 421.33, 2426, 5694754
1603864703, 0, 494, 844, 740, 75, 3.70%, 0, 0, 4, 429.92, 2428, 5723186
1603864724, 0, 494, 845, 741, 75, 3.70%, 0, 0, 4, 412.90, 2428, 5731965
1603864750, 0, 497, 845, 740, 75, 3.70%, 0, 0, 4, 377.57, 2428, 5742690
1603864755, 0, 497, 863, 758, 75, 3.72%, 0, 0, 4, 359.02, 2436, 5744581
1603864760, 0, 497, 867, 762, 75, 3.72%, 0, 0, 4, 359.66, 2436, 5746427
1603864765, 0, 497, 872, 767, 75, 3.75%, 0, 0, 4, 366.72, 2460, 5748315
1603864770, 0, 497, 874, 769, 75, 3.76%, 0, 0, 4, 390.98, 2461, 5750311
1603864790, 0, 497, 879, 774, 75, 3.76%, 0, 0, 4, 345.80, 2465, 5757825
1603864795, 0, 497, 880, 775, 75, 3.76%, 0, 0, 4, 403.85, 2465, 5759951
1603864811, 0, 497, 881, 776, 75, 3.76%, 0, 0, 4, 359.51, 2466, 5765837
1603864872, 0, 497, 889, 784, 75, 3.77%, 0, 0, 4, 364.68, 2471, 5789915
1603864877, 0, 497, 893, 788, 75, 3.77%, 0, 0, 4, 156.60, 2472, 5791387
1603864882, 0, 497, 894, 789, 75, 3.77%, 0, 0, 4, 348.98, 2472, 5793419
1603864887, 0, 497, 897, 792, 75, 3.77%, 0, 0, 4, 354.11, 2472, 5795239
1603864897, 0, 497, 898, 793, 75, 3.77%, 0, 0, 4, 387.21, 2472, 5799034
1603864944, 0, 497, 900, 795, 75, 3.77%, 0, 0, 4, 374.68, 2472, 5816576
1603864954, 0, 499, 900, 794, 88, 3.77%, 0, 0, 4, 377.38, 2472, 5820192
1603864985, 0, 499, 901, 795, 88, 3.77%, 0, 0, 4, 415.95, 2473, 5832578
1603865087, 0, 506, 901, 794, 88, 3.77%, 0, 0, 4, 384.42, 2473, 5873037
1603865097, 0, 506, 903, 796, 88, 3.77%, 0, 0, 4, 408.84, 2473, 5877199
1603865118, 0, 506, 904, 797, 88, 3.77%, 0, 0, 4, 414.33, 2473, 5885407
1603865235, 0, 508, 904, 796, 88, 3.77%, 0, 0, 4, 371.34, 2473, 5931444
1603865240, 0, 508, 912, 804, 88, 3.77%, 0, 0, 4, 382.53, 2473, 5933252
1603865245, 0, 508, 914, 806, 88, 3.77%, 0, 0, 4, 396.38, 2473, 5935277
1603865281, 0, 508, 916, 808, 88, 3.77%, 0, 0, 4, 381.18, 2473, 5948779
1603865367, 0, 508, 918, 810, 88, 3.77%, 0, 0, 4, 403.05, 2473, 5983679
1603865377, 0, 508, 920, 812, 88, 3.78%, 0, 0, 4, 309.07, 2474, 5987407
1603865454, 0, 519, 920, 811, 89, 3.78%, 0, 0, 4, 364.95, 2474, 6017250
1603865642, 0, 533, 920, 810, 88, 3.78%, 0, 0, 4, 363.69, 2474, 6099445
1603865652, 0, 533, 921, 811, 88, 3.78%, 0, 0, 4, 269.93, 2474, 6102092
1603865663, 0, 533, 922, 812, 88, 3.78%, 0, 0, 4, 311.05, 2474, 6104800
1603865683, 0, 533, 923, 813, 88, 3.78%, 0, 0, 4, 260.75, 2474, 6109989
1603865887, 0, 533, 924, 814, 88, 3.78%, 0, 0, 4, 301.82, 2474, 6164207
1603866041, 0, 537, 924, 813, 87, 3.78%, 0, 0, 4, 221.30, 2474, 6204307
1603866046, 0, 537, 926, 815, 87, 3.78%, 0, 0, 4, 19.04, 2474, 6205074
1603866051, 0, 537, 928, 817, 87, 3.78%, 0, 0, 4, 226.61, 2474, 6206471
1603866067, 0, 537, 929, 818, 87, 3.78%, 0, 0, 4, 240.35, 2474, 6209539
1603866083, 0, 537, 930, 819, 87, 3.78%, 0, 0, 4, 259.72, 2474, 6212736
1603866144, 0, 537, 931, 820, 87, 3.78%, 0, 0, 4, 199.60, 2474, 6223814
1603866149, 0, 537, 936, 825, 87, 3.78%, 0, 0, 4, 377.56, 2475, 6225797
1603866343, 0, 537, 938, 827, 87, 3.78%, 0, 0, 4, 395.00, 2475, 6268168
1603866482, 0, 537, 942, 831, 87, 3.78%, 0, 0, 4, 268.18, 2475, 6295841
1603866539, 0, 542, 946, 834, 88, 3.78%, 0, 0, 4, 191.04, 2477, 6309005
1603866544, 0, 542, 948, 836, 88, 3.78%, 0, 0, 4, 164.17, 2477, 6309814
1603866549, 0, 542, 956, 844, 88, 3.78%, 0, 0, 4, 121.17, 2477, 6309997
1603866554, 0, 542, 973, 861, 88, 3.78%, 0, 0, 4, 200.92, 2477, 6311236
1603866559, 0, 542, 1028, 916, 88, 3.79%, 0, 0, 4, 154.67, 2484, 6311942
1603866564, 0, 542, 1052, 940, 88, 3.79%, 0, 0, 4, 154.21, 2485, 6312693
1603866574, 0, 542, 1054, 942, 88, 3.79%, 0, 0, 4, 208.07, 2485, 6314485
1603866579, 0, 542, 1058, 946, 88, 3.79%, 0, 0, 4, 181.40, 2485, 6315468
1603866594, 0, 542, 1060, 948, 88, 3.79%, 0, 0, 4, 265.08, 2485, 6318282
1603866599, 0, 542, 1062, 950, 88, 3.79%, 0, 0, 4, 170.69, 2485, 6319016
1603866728, 0, 542, 1063, 951, 88, 3.79%, 0, 0, 4, 144.73, 2485, 6342408
1603866804, 0, 542, 1064, 952, 88, 3.79%, 0, 0, 4, 202.66, 2485, 6358526
1603866810, 0, 542, 1065, 953, 88, 3.79%, 0, 0, 4, 164.31, 2485, 6359320
1603866871, 0, 542, 1069, 957, 88, 3.79%, 0, 0, 4, 179.17, 2485, 6371110
1603866891, 0, 542, 1070, 958, 88, 3.79%, 0, 0, 4, 234.93, 2485, 6374669
1603866968, 0, 542, 1072, 960, 88, 3.79%, 0, 0, 4, 180.84, 2485, 6389472
1603866978, 0, 542, 1073, 961, 88, 3.79%, 0, 0, 4, 149.60, 2485, 6390951
1603866984, 0, 542, 1074, 962, 88, 3.79%, 0, 0, 4, 147.47, 2485, 6391703
1603866989, 0, 542, 1075, 963, 88, 3.79%, 0, 0, 4, 144.50, 2485, 6392429
1603867071, 0, 542, 1076, 964, 88, 3.79%, 0, 0, 4, 160.75, 2485, 6409360
1603867086, 0, 542, 1077, 965, 88, 3.79%, 0, 0, 4, 146.11, 2485, 6411599
1603867101, 0, 542, 1079, 967, 88, 3.79%, 0, 0, 4, 292.68, 2485, 6414926
1603867112, 0, 544, 1079, 966, 92, 3.79%, 0, 0, 4, 272.73, 2485, 6417829
1603867484, 0, 597, 1079, 965, 91, 3.79%, 0, 0, 4, 352.15, 2485, 6522219
1603867688, 0, 599, 1079, 964, 90, 3.79%, 0, 0, 4, 397.55, 2485, 6608394
1603867693, 0, 599, 1080, 965, 90, 3.79%, 0, 0, 4, 415.22, 2485, 6610587
1603867805, 0, 612, 1080, 964, 89, 3.79%, 0, 0, 4, 429.36, 2485, 6658993
1603867872, 0, 612, 1082, 966, 89, 3.79%, 0, 0, 4, 358.63, 2485, 6686788
1603867877, 0, 614, 1082, 965, 88, 3.79%, 0, 0, 4, 354.28, 2485, 6688569
1603867938, 0, 618, 1082, 964, 87, 3.79%, 0, 0, 4, 376.37, 2485, 6709887
1603867943, 0, 618, 1084, 966, 87, 3.79%, 0, 0, 4, 394.09, 2485, 6711964
1603868081, 0, 618, 1085, 967, 87, 3.79%, 0, 0, 4, 389.26, 2485, 6766503
1603868122, 0, 618, 1086, 968, 87, 3.79%, 0, 0, 4, 371.66, 2486, 6782483
1603868148, 0, 619, 1086, 967, 87, 3.79%, 0, 0, 4, 388.58, 2486, 6792680
1603868204, 0, 619, 1087, 968, 87, 3.79%, 0, 0, 4, 440.92, 2487, 6816099
1603868275, 0, 630, 1087, 967, 86, 3.79%, 0, 0, 4, 319.15, 2487, 6846133
1603868280, 0, 630, 1088, 968, 86, 3.79%, 0, 0, 4, 52.73, 2487, 6846478
1603868290, 0, 630, 1089, 969, 86, 3.79%, 0, 0, 4, 40.51, 2487, 6846888
1603869234, 0, 630, 1090, 970, 86, 3.79%, 0, 0, 4, 40.70, 2487, 6901905
1603869336, 0, 630, 1091, 971, 86, 3.79%, 0, 0, 4, 461.02, 2487, 6910746
1603869989, 0, 643, 1091, 970, 86, 3.79%, 0, 0, 4, 244.57, 2487, 6950610
1603870116, 0, 647, 1091, 969, 85, 3.79%, 0, 0, 4, 357.76, 2487, 7003999
1603870127, 0, 647, 1092, 970, 85, 3.79%, 0, 0, 4, 13.06, 2487, 7007807
1603870321, 0, 651, 1093, 970, 85, 3.79%, 0, 0, 4, 23.10, 2487, 7084892
1603870473, 0, 651, 1094, 971, 85, 3.79%, 0, 0, 4, 268.96, 2487, 7144746
1603870565, 0, 654, 1094, 970, 84, 3.79%, 0, 0, 4, 370.52, 2487, 7180940
1603870646, 0, 654, 1095, 971, 84, 3.79%, 0, 0, 4, 373.54, 2487, 7211500
1603870835, 0, 654, 1096, 972, 84, 3.80%, 0, 0, 4, 350.30, 2491, 7284355
1603870845, 0, 661, 1096, 971, 83, 3.80%, 0, 0, 4, 10.46, 2491, 7286452
1603870871, 0, 661, 1097, 972, 83, 3.80%, 0, 0, 4, 10.30, 2491, 7286807
1603871133, 0, 661, 1098, 973, 83, 3.80%, 0, 0, 4, 10.47, 2491, 7290593
1603871158, 0, 661, 1099, 974, 83, 3.80%, 0, 0, 4, 65.10, 2491, 7290936
1603871358, 0, 661, 1100, 975, 83, 3.80%, 0, 0, 4, 236.52, 2491, 7294496
1603872280, 0, 661, 1101, 976, 83, 3.80%, 0, 0, 4, 21.13, 2491, 7308070
1603872342, 0, 661, 1102, 977, 83, 3.80%, 0, 0, 4, 10.50, 2491, 7310030
1603876594, 0, 661, 1103, 978, 83, 3.80%, 0, 0, 4, 10.61, 2492, 7384369
1603876869, 0, 668, 1103, 977, 82, 3.80%, 0, 0, 4, 317.40, 2492, 7388574
1603877002, 0, 668, 1104, 978, 82, 3.80%, 0, 0, 4, 375.02, 2493, 7437464
1603877145, 0, 669, 1104, 977, 81, 3.80%, 0, 0, 4, 375.06, 2493, 7490949
1603877191, 0, 674, 1104, 976, 80, 3.80%, 0, 0, 4, 376.17, 2493, 7509585
1603877226, 0, 674, 1105, 977, 80, 3.80%, 0, 0, 4, 203.98, 2493, 7521316
1603877267, 0, 674, 1106, 978, 80, 3.80%, 0, 0, 4, 15.05, 2493, 7535386
1603877379, 0, 674, 1107, 979, 80, 3.80%, 0, 0, 4, 355.84, 2493, 7579388
1603877384, 0, 678, 1107, 978, 79, 3.80%, 0, 0, 4, 346.91, 2493, 7581087
1603877431, 0, 678, 1108, 979, 79, 3.80%, 0, 0, 4, 322.10, 2493, 7597282
1603877624, 0, 692, 1109, 979, 78, 3.80%, 0, 0, 4, 357.73, 2493, 7669293
1603877629, 0, 692, 1110, 980, 78, 3.80%, 0, 0, 4, 370.09, 2493, 7671156
1603877818, 0, 694, 1110, 979, 78, 3.80%, 0, 0, 4, 66.92, 2493, 7739636
1603879018, 0, 694, 1111, 980, 78, 3.81%, 0, 0, 4, 54.40, 2494, 7827670
1603879211, 0, 698, 1111, 979, 77, 3.81%, 0, 0, 4, 305.56, 2494, 7843555
1603879324, 0, 698, 1112, 980, 77, 3.81%, 0, 0, 4, 398.62, 2494, 7886804
1603879481, 0, 700, 1112, 979, 77, 3.81%, 0, 0, 4, 363.04, 2494, 7948988
1603879757, 0, 706, 1112, 978, 76, 3.81%, 0, 0, 4, 366.08, 2494, 8054369
1603879762, 0, 706, 1114, 980, 76, 3.81%, 0, 0, 4, 405.54, 2494, 8056311
1603879909, 0, 707, 1114, 979, 75, 3.81%, 0, 0, 4, 372.97, 2494, 8114579
1603880083, 0, 712, 1114, 978, 74, 3.81%, 0, 0, 4, 372.42, 2494, 8182943
1603880113, 0, 712, 1115, 979, 74, 3.81%, 0, 0, 4, 345.98, 2496, 8194148
1603880251, 0, 712, 1116, 980, 74, 3.81%, 0, 0, 4, 358.86, 2497, 8247155
1603880358, 0, 713, 1116, 979, 74, 3.81%, 0, 0, 4, 358.78, 2497, 8288148
1603880363, 0, 713, 1117, 980, 74, 3.81%, 0, 0, 4, 400.73, 2497, 8290222
1603880475, 0, 713, 1119, 982, 74, 3.82%, 0, 0, 4, 376.90, 2501, 8336144
1603880496, 0, 716, 1119, 981, 76, 3.82%, 0, 0, 4, 369.14, 2501, 8342657
1603880618, 0, 717, 1119, 980, 75, 3.82%, 0, 0, 4, 379.69, 2501, 8395433
1603880745, 0, 720, 1119, 979, 74, 3.82%, 0, 0, 4, 391.52, 2501, 8450035
1603880760, 0, 720, 1120, 980, 74, 3.82%, 0, 0, 4, 433.96, 2501, 8456465
1603880786, 0, 720, 1121, 981, 74, 3.82%, 0, 0, 4, 435.14, 2502, 8467263
1603880847, 0, 720, 1123, 983, 74, 3.82%, 0, 0, 4, 395.04, 2502, 8493209
1603880872, 0, 737, 1123, 982, 74, 3.82%, 0, 0, 4, 377.09, 2502, 8503846
1603880877, 0, 737, 1132, 991, 74, 3.82%, 0, 0, 4, 366.09, 2506, 8504734
1603880883, 0, 737, 1134, 993, 74, 3.82%, 0, 0, 4, 363.49, 2506, 8506683
1603880888, 0, 737, 1137, 996, 74, 3.82%, 0, 0, 4, 386.63, 2506, 8508569
1603880893, 0, 737, 1139, 998, 74, 3.82%, 0, 0, 4, 383.41, 2506, 8510447
1603880923, 0, 737, 1141, 1000, 74, 3.82%, 0, 0, 4, 273.06, 2506, 8521781
1603880944, 0, 737, 1144, 1003, 74, 3.83%, 0, 0, 4, 396.55, 2510, 8530013
1603881010, 0, 737, 1145, 1004, 74, 3.83%, 0, 0, 4, 304.62, 2510, 8556741
1603881021, 0, 737, 1147, 1006, 74, 3.83%, 0, 0, 4, 445.24, 2510, 8560007
1603881026, 0, 737, 1148, 1007, 74, 3.83%, 0, 0, 4, 388.46, 2510, 8561971
1603881067, 0, 737, 1149, 1008, 74, 3.83%, 0, 0, 4, 385.68, 2512, 8578176
1603881092, 0, 737, 1150, 1009, 74, 3.83%, 0, 0, 4, 361.61, 2512, 8588555
1603881097, 0, 752, 1150, 1008, 75, 3.83%, 0, 0, 4, 354.50, 2512, 8590305
1603881103, 0, 752, 1154, 1012, 75, 3.83%, 0, 0, 4, 436.52, 2512, 8591784
1603881139, 0, 752, 1158, 1016, 75, 3.83%, 0, 0, 4, 334.05, 2512, 8605517
1603881230, 0, 752, 1159, 1017, 75, 3.83%, 0, 0, 4, 400.75, 2513, 8642049
1603881261, 0, 752, 1160, 1018, 75, 3.83%, 0, 0, 4, 413.75, 2513, 8654249
1603881292, 0, 783, 1160, 1017, 75, 3.83%, 0, 0, 4, 363.81, 2513, 8666334
1603881328, 0, 783, 1162, 1019, 75, 3.83%, 0, 0, 4, 425.25, 2513, 8679975
1603881460, 0, 790, 1162, 1018, 75, 3.83%, 0, 0, 4, 53.19, 2513, 8733145
1603882762, 0, 791, 1162, 1017, 74, 3.83%, 0, 0, 4, 252.33, 2513, 8837459
1603883037, 0, 794, 1162, 1016, 73, 3.83%, 0, 0, 4, 369.78, 2513, 8941959
1603883241, 0, 794, 1163, 1017, 73, 3.83%, 0, 0, 4, 408.67, 2513, 9019193
1603883317, 0, 804, 1163, 1016, 73, 3.83%, 0, 0, 4, 363.87, 2513, 9047867
1603883343, 0, 804, 1164, 1017, 73, 3.84%, 0, 0, 4, 396.11, 2516, 9057714
1603883593, 0, 805, 1164, 1016, 73, 3.84%, 0, 0, 4, 371.66, 2516, 9152999
1603883720, 0, 807, 1164, 1015, 72, 3.84%, 0, 0, 4, 366.94, 2516, 9205040
1603883731, 0, 807, 1165, 1016, 72, 3.84%, 0, 0, 4, 333.93, 2516, 9208774
1603883751, 0, 812, 1166, 1016, 71, 3.84%, 0, 0, 4, 406.77, 2516, 9216854
1603883776, 0, 817, 1166, 1015, 70, 3.84%, 0, 0, 4, 436.12, 2516, 9227767
1603883812, 0, 817, 1167, 1016, 70, 3.84%, 0, 0, 4, 399.60, 2516, 9242258
1603883817, 0, 819, 1168, 1016, 69, 3.84%, 0, 0, 4, 357.20, 2516, 9244014
1603883895, 0, 821, 1169, 1016, 68, 3.84%, 0, 0, 4, 362.04, 2516, 9270956
1603883905, 0, 821, 1170, 1017, 68, 3.84%, 0, 0, 4, 310.40, 2516, 9274089
1603883946, 0, 822, 1170, 1016, 67, 3.84%, 0, 0, 4, 377.28, 2516, 9284930
1603883991, 0, 823, 1171, 1016, 66, 3.84%, 0, 0, 4, 356.40, 2516, 9301394
1603884277, 0, 826, 1171, 1015, 65, 3.84%, 0, 0, 4, 369.56, 2516, 9407073
1603884481, 0, 829, 1171, 1013, 63, 3.84%, 0, 0, 4, 398.52, 2516, 9484732
1603884710, 0, 831, 1172, 1013, 62, 3.84%, 0, 0, 5, 376.11, 2517, 9570430
1603884735, 0, 831, 1173, 1014, 62, 3.84%, 0, 0, 5, 425.75, 2519, 9580980
1603884751, 0, 831, 1174, 1015, 62, 3.85%, 0, 0, 5, 399.94, 2521, 9587255
1603884756, 0, 834, 1174, 1014, 64, 3.85%, 0, 0, 5, 415.24, 2521, 9589396
1603884893, 0, 835, 1174, 1013, 63, 3.85%, 0, 0, 5, 378.60, 2521, 9645964
1603884985, 0, 835, 1175, 1014, 63, 3.85%, 0, 0, 5, 422.74, 2521, 9682937
1603885052, 0, 837, 1175, 1013, 62, 3.85%, 0, 0, 5, 354.14, 2521, 9709189
1603885190, 0, 837, 1176, 1014, 62, 3.85%, 0, 0, 5, 400.97, 2521, 9763911
1603885272, 0, 842, 1176, 1013, 61, 3.85%, 0, 0, 5, 378.93, 2521, 9795170
1603885348, 0, 842, 1177, 1014, 61, 3.85%, 0, 0, 5, 415.54, 2522, 9826198
1603885353, 0, 842, 1178, 1015, 61, 3.85%, 0, 0, 5, 410.66, 2522, 9828225
1603885404, 0, 842, 1179, 1016, 61, 3.85%, 0, 0, 5, 345.42, 2523, 9848805
1603885420, 0, 860, 1180, 1016, 62, 3.85%, 0, 0, 5, 398.00, 2523, 9854162
1603885491, 0, 860, 1181, 1017, 62, 3.85%, 0, 0, 5, 397.32, 2524, 9882830
1603885547, 0, 868, 1181, 1016, 61, 3.85%, 0, 0, 5, 351.05, 2524, 9904648
1603885552, 0, 868, 1188, 1023, 61, 3.85%, 0, 0, 5, 377.60, 2524, 9906635
1603885557, 0, 868, 1192, 1027, 61, 3.86%, 0, 0, 5, 374.59, 2527, 9908533
1603885593, 0, 868, 1193, 1028, 61, 3.86%, 0, 0, 5, 360.83, 2527, 9921796
1603885598, 0, 868, 1194, 1029, 61, 3.86%, 0, 0, 5, 411.94, 2527, 9923996
1603885695, 0, 868, 1195, 1030, 61, 3.86%, 0, 0, 5, 412.13, 2527, 9961482
1603885777, 0, 869, 1195, 1029, 65, 3.86%, 0, 0, 5, 367.93, 2527, 9992998
1603885919, 0, 869, 1196, 1030, 65, 3.86%, 0, 0, 5, 219.87, 2527, 10048185
1603886006, 0, 870, 1196, 1029, 64, 3.86%, 0, 0, 5, 358.22, 2527, 10080174
1603886012, 0, 870, 1197, 1030, 64, 3.86%, 0, 0, 5, 390.71, 2527, 10082227
1603886088, 0, 870, 1198, 1031, 64, 3.86%, 0, 0, 5, 347.06, 2528, 10110477
1603886236, 0, 871, 1198, 1030, 64, 3.86%, 0, 0, 5, 346.41, 2528, 10168194
1603886466, 0, 872, 1198, 1029, 63, 3.86%, 0, 0, 5, 360.53, 2528, 10256230
1603886594, 0, 872, 1199, 1030, 63, 3.86%, 0, 0, 5, 358.83, 2528, 10308675
1603886605, 0, 872, 1200, 1031, 63, 3.86%, 0, 0, 5, 328.83, 2532, 10312020
1603886630, 0, 874, 1200, 1030, 63, 3.86%, 0, 0, 5, 357.73, 2532, 10320668
1603886768, 0, 874, 1201, 1031, 63, 3.86%, 0, 0, 5, 10.95, 2532, 10372553
1603886865, 0, 875, 1201, 1030, 62, 3.86%, 0, 0, 5, 337.12, 2532, 10407831
1603886870, 0, 875, 1203, 1032, 62, 3.86%, 0, 0, 5, 391.57, 2532, 10409891
1603886875, 0, 875, 1206, 1035, 62, 3.86%, 0, 0, 5, 388.86, 2532, 10411862
1603886880, 0, 875, 1207, 1036, 62, 3.86%, 0, 0, 5, 393.21, 2532, 10413872
1603886905, 0, 875, 1209, 1038, 62, 3.86%, 0, 0, 5, 431.05, 2532, 10423467
1603887043, 0, 875, 1210, 1039, 62, 3.86%, 0, 0, 5, 374.17, 2532, 10476702
1603887058, 0, 878, 1210, 1038, 63, 3.86%, 0, 0, 5, 374.06, 2532, 10481980
1603887063, 0, 878, 1216, 1044, 63, 3.86%, 0, 0, 5, 208.86, 2532, 10482982
1603887104, 0, 878, 1217, 1045, 63, 3.86%, 0, 0, 5, 11.92, 2532, 10498729
1603887109, 0, 878, 1219, 1047, 63, 3.86%, 0, 0, 5, 199.93, 2532, 10499151
1603887155, 0, 878, 1220, 1048, 63, 3.86%, 0, 0, 5, 445.53, 2532, 10516036
1603887293, 0, 880, 1220, 1047, 65, 3.86%, 0, 0, 5, 390.99, 2532, 10570770
1603887430, 0, 881, 1220, 1046, 64, 3.86%, 0, 0, 5, 362.73, 2532, 10626026
1603887623, 0, 882, 1220, 1045, 63, 3.86%, 0, 0, 5, 363.27, 2532, 10703893
1603887838, 0, 883, 1220, 1044, 62, 3.86%, 0, 0, 5, 355.60, 2532, 10791083
1603888037, 0, 883, 1221, 1045, 62, 3.87%, 0, 0, 5, 424.30, 2533, 10871600
1603888052, 0, 883, 1222, 1046, 62, 3.87%, 0, 0, 5, 352.11, 2533, 10877632
1603888067, 0, 883, 1223, 1047, 62, 3.87%, 0, 0, 5, 341.63, 2535, 10882897
1603888078, 0, 883, 1225, 1049, 62, 3.87%, 0, 0, 5, 341.99, 2535, 10886351
1603888123, 0, 884, 1226, 1049, 61, 3.87%, 0, 0, 5, 392.50, 2536, 10902088
1603888333, 0, 885, 1226, 1048, 61, 3.87%, 0, 0, 5, 366.61, 2536, 10988214
1603888400, 0, 885, 1227, 1049, 61, 3.87%, 0, 0, 5, 405.18, 2536, 11015029
1603888557, 0, 886, 1227, 1048, 61, 3.87%, 0, 0, 5, 399.16, 2536, 11077857
1603888690, 0, 889, 1227, 1047, 60, 3.87%, 0, 0, 5, 332.74, 2536, 11132468
1603888848, 0, 889, 1229, 1049, 60, 3.87%, 0, 0, 5, 379.27, 2538, 11192891
1603888919, 0, 896, 1229, 1048, 61, 3.87%, 0, 0, 5, 351.58, 2538, 11220810
1603888929, 0, 896, 1230, 1049, 61, 3.87%, 0, 0, 5, 394.18, 2538, 11224850
1603888939, 0, 896, 1231, 1050, 61, 3.87%, 0, 0, 5, 387.12, 2538, 11228875
1603889149, 0, 902, 1231, 1049, 61, 3.87%, 0, 0, 5, 382.15, 2538, 11311238
1603889250, 0, 902, 1232, 1050, 61, 3.87%, 0, 0, 5, 424.15, 2538, 11354796
1603889281, 0, 903, 1232, 1049, 61, 3.87%, 0, 0, 5, 385.79, 2538, 11367368
1603889428, 0, 913, 1233, 1049, 60, 3.87%, 0, 0, 5, 378.50, 2538, 11429858
1603889433, 0, 913, 1234, 1050, 60, 3.87%, 0, 0, 5, 405.35, 2538, 11431957
1603889438, 0, 913, 1235, 1051, 60, 3.87%, 0, 0, 5, 389.40, 2538, 11433956
1603889474, 0, 913, 1236, 1052, 60, 3.87%, 0, 0, 5, 408.74, 2538, 11447689
1603889642, 0, 913, 1237, 1053, 60, 3.87%, 0, 0, 5, 345.78, 2538, 11515176
1603889657, 0, 914, 1237, 1052, 61, 3.87%, 0, 0, 5, 353.02, 2538, 11520169
1603889754, 0, 914, 1239, 1054, 61, 3.87%, 0, 0, 5, 396.29, 2538, 11558147
1603889805, 0, 916, 1239, 1053, 60, 3.87%, 0, 0, 5, 34.38, 2538, 11577635
1603889825, 0, 916, 1240, 1054, 60, 3.87%, 0, 0, 5, 11.31, 2539, 11577912
1603889903, 0, 916, 1241, 1055, 60, 3.87%, 0, 0, 5, 11.42, 2539, 11578831
1603889908, 0, 916, 1242, 1056, 60, 3.87%, 0, 0, 5, 12.00, 2539, 11578930
1603890175, 0, 916, 1243, 1057, 60, 3.87%, 0, 0, 5, 12.13, 2539, 11583994
1603890647, 0, 916, 1244, 1058, 60, 3.87%, 0, 0, 5, 11.22, 2539, 11591545
1603890959, 0, 916, 1245, 1059, 60, 3.87%, 0, 0, 5, 12.34, 2539, 11597332
1603892033, 0, 916, 1246, 1060, 60, 3.87%, 0, 0, 5, 11.31, 2539, 11621593
1603892551, 0, 916, 1247, 1061, 60, 3.87%, 0, 0, 5, 14.87, 2539, 11632541
1603893886, 0, 919, 1247, 1060, 60, 3.87%, 0, 0, 5, 154.52, 2539, 11662540
1603893891, 0, 919, 1248, 1061, 60, 3.87%, 0, 0, 5, 238.66, 2539, 11663884
1603894166, 0, 923, 1248, 1060, 59, 3.87%, 0, 0, 5, 289.16, 2539, 11749330
1603894417, 0, 923, 1249, 1061, 59, 3.87%, 0, 0, 5, 304.41, 2539, 11814821
1603894529, 0, 923, 1250, 1062, 59, 3.87%, 0, 0, 5, 409.86, 2539, 11843430
1603894570, 0, 933, 1250, 1061, 58, 3.87%, 0, 0, 5, 300.78, 2539, 11854509
1603894581, 0, 933, 1251, 1062, 58, 3.87%, 0, 0, 5, 267.23, 2539, 11856760
1603895066, 0, 933, 1252, 1063, 58, 3.87%, 0, 0, 5, 273.54, 2539, 11959268
1603895076, 0, 948, 1252, 1062, 57, 3.87%, 0, 0, 5, 29.39, 2539, 11962039
1603895137, 0, 948, 1253, 1063, 57, 3.87%, 0, 0, 5, 27.34, 2539, 11964669
1603895316, 0, 948, 1254, 1064, 57, 3.87%, 0, 0, 5, 26.94, 2539, 11971533
1603895362, 0, 948, 1255, 1065, 57, 3.87%, 0, 0, 5, 36.36, 2539, 11973564
1603895887, 0, 948, 1256, 1066, 57, 3.87%, 0, 0, 5, 26.03, 2539, 11994285
1603896040, 0, 948, 1257, 1067, 57, 3.87%, 0, 0, 5, 28.42, 2539, 11999286
1603896937, 0, 948, 1258, 1068, 57, 3.87%, 0, 0, 5, 26.43, 2539, 12041554
1603897549, 0, 981, 1258, 1067, 56, 3.87%, 0, 0, 5, 193.79, 2539, 12066410
1603898040, 0, 981, 1259, 1068, 56, 3.88%, 0, 0, 5, 181.73, 2540, 12165288
1603898076, 0, 981, 1260, 1069, 56, 3.88%, 0, 0, 5, 272.72, 2540, 12171592
1603898086, 0, 1051, 1260, 1068, 56, 3.88%, 0, 0, 5, 209.59, 2540, 12174069
1603898331, 0, 1051, 1261, 1069, 56, 3.88%, 0, 0, 5, 223.51, 2540, 12222314
1603898495, 0, 1051, 1262, 1070, 56, 3.88%, 0, 0, 5, 164.23, 2541, 12253523
1603898638, 0, 1053, 1262, 1069, 56, 3.88%, 0, 0, 5, 232.10, 2541, 12280025
1603898842, 0, 1053, 1263, 1070, 56, 3.88%, 0, 0, 5, 209.91, 2541, 12330286
1603899056, 0, 1053, 1264, 1071, 56, 3.88%, 0, 0, 5, 284.80, 2541, 12384113
1603899066, 0, 1054, 1264, 1070, 56, 3.88%, 0, 0, 5, 266.11, 2541, 12387116
1603899500, 0, 1069, 1264, 1069, 55, 3.88%, 0, 0, 5, 9.47, 2541, 12492133
1603899659, 0, 1069, 1265, 1070, 55, 3.88%, 0, 0, 5, 10.51, 2541, 12494576
1603899664, 0, 1069, 1266, 1071, 55, 3.88%, 0, 0, 5, 9.72, 2541, 12494625
1603899670, 0, 1069, 1267, 1072, 55, 3.88%, 0, 0, 5, 9.94, 2541, 12494676
1603899690, 0, 1069, 1268, 1073, 55, 3.88%, 0, 0, 5, 8.68, 2541, 12494863
1603899711, 0, 1069, 1269, 1074, 55, 3.88%, 0, 0, 5, 8.77, 2541, 12495050
1603899716, 0, 1069, 1270, 1075, 55, 3.88%, 0, 0, 5, 9.10, 2541, 12495097
1603899726, 0, 1069, 1271, 1076, 55, 3.88%, 0, 0, 5, 9.30, 2541, 12495191
1603900166, 0, 1069, 1272, 1077, 55, 3.88%, 0, 0, 5, 8.62, 2541, 12501348
1603900171, 0, 1069, 1273, 1078, 55, 3.88%, 0, 0, 5, 9.29, 2541, 12501397
1603900202, 0, 1069, 1274, 1079, 55, 3.88%, 0, 0, 5, 9.29, 2541, 12501685
1603900931, 0, 1069, 1275, 1080, 55, 3.88%, 0, 0, 5, 9.60, 2541, 12509869
1603901562, 0, 1069, 1276, 1081, 55, 3.88%, 0, 0, 5, 9.49, 2541, 12521899
1603902363, 0, 1069, 1277, 1082, 55, 3.88%, 0, 0, 5, 9.48, 2541, 12530234
1603902777, 0, 1069, 1278, 1083, 55, 3.88%, 0, 0, 5, 9.84, 2541, 12540847
1603903174, 0, 1069, 1279, 1084, 55, 3.88%, 0, 0, 5, 9.47, 2541, 12544753
1603905978, 0, 1069, 1280, 1085, 55, 3.88%, 0, 0, 5, 9.52, 2541, 12583070
1603906398, 0, 1069, 1281, 1086, 55, 3.88%, 0, 0, 5, 8.95, 2541, 12593166
1603906419, 0, 1069, 1282, 1087, 55, 3.88%, 0, 0, 5, 9.36, 2541, 12593359
1603906660, 0, 1078, 1282, 1086, 55, 3.88%, 0, 0, 5, 154.23, 2541, 12596568
1603907181, 0, 1082, 1282, 1085, 54, 3.88%, 0, 0, 5, 366.53, 2541, 12703383
1603907319, 0, 1083, 1282, 1084, 53, 3.88%, 0, 0, 5, 348.20, 2541, 12757986
1603907477, 0, 1088, 1282, 1083, 52, 3.88%, 0, 0, 5, 49.50, 2541, 12818492
1603908380, 0, 1091, 1282, 1082, 51, 3.88%, 0, 0, 5, 29.15, 2541, 12922929
1603908447, 0, 1091, 1283, 1083, 51, 3.88%, 0, 0, 5, 25.19, 2541, 12925612
1603909677, 0, 1091, 1284, 1084, 51, 3.88%, 0, 0, 5, 11.57, 2541, 12950771
1603912723, 0, 1091, 1285, 1085, 51, 3.88%, 0, 0, 5, 8.93, 2541, 13014687
1603912949, 0, 1095, 1285, 1084, 51, 3.88%, 0, 0, 5, 219.48, 2541, 13018154
1603913046, 0, 1095, 1286, 1085, 51, 3.88%, 0, 0, 5, 342.17, 2542, 13052861
1603913245, 0, 1097, 1286, 1084, 50, 3.88%, 0, 0, 5, 10.70, 2542, 13126111
1603919226, 0, 1109, 1287, 1084, 50, 3.88%, 0, 0, 5, 393.04, 2542, 13228237
1603919459, 0, 1111, 1287, 1083, 49, 3.88%, 0, 0, 5, 355.52, 2542, 13312662
1603919740, 0, 1114, 1288, 1083, 48, 3.88%, 0, 0, 5, 330.07, 2542, 13418892
1603920026, 0, 1117, 1288, 1082, 47, 3.88%, 0, 0, 5, 406.31, 2542, 13527662
1603920154, 0, 1118, 1289, 1082, 46, 3.88%, 0, 0, 5, 350.58, 2542, 13578912
1603920225, 0, 1118, 1290, 1083, 46, 3.88%, 0, 0, 5, 314.73, 2542, 13602518
1603920230, 0, 1120, 1290, 1082, 45, 3.88%, 0, 0, 5, 378.68, 2542, 13604484
1603920367, 0, 1121, 1290, 1081, 44, 3.88%, 0, 0, 5, 379.81, 2542, 13660892
1603920449, 0, 1121, 1291, 1082, 44, 3.88%, 0, 0, 5, 396.50, 2542, 13694796
1603920505, 0, 1125, 1291, 1081, 43, 3.88%, 0, 0, 5, 328.24, 2542, 13717183
1603920556, 0, 1125, 1292, 1082, 43, 3.88%, 0, 0, 5, 60.19, 2542, 13721521
1603920561, 0, 1125, 1294, 1084, 43, 3.88%, 0, 0, 5, 81.40, 2542, 13722176
1603920591, 0, 1125, 1298, 1088, 43, 3.88%, 0, 0, 5, 131.84, 2542, 13724809
1603920765, 0, 1125, 1299, 1089, 43, 3.88%, 0, 0, 5, 69.13, 2543, 13738802
1603920791, 0, 1125, 1300, 1090, 43, 3.88%, 0, 0, 5, 127.33, 2543, 13742877
1603920796, 0, 1125, 1301, 1091, 43, 3.88%, 0, 0, 5, 76.48, 2543, 13743198
1603920898, 0, 1125, 1302, 1092, 43, 3.88%, 0, 0, 5, 59.21, 2544, 13749875
1603921082, 0, 1125, 1303, 1093, 43, 3.88%, 0, 0, 5, 144.92, 2544, 13770893
1603921117, 0, 1125, 1304, 1094, 43, 3.88%, 0, 0, 5, 276.60, 2544, 13773326
1603921235, 0, 1125, 1305, 1095, 43, 3.88%, 0, 0, 5, 225.83, 2544, 13786044
1603921388, 0, 1125, 1307, 1097, 43, 3.88%, 0, 0, 5, 65.77, 2544, 13801631
1603921404, 0, 1136, 1307, 1096, 45, 3.88%, 0, 0, 5, 21.95, 2544, 13803745
1603921409, 0, 1136, 1308, 1097, 45, 3.88%, 0, 0, 5, 20.88, 2544, 13803890
1603921444, 0, 1136, 1309, 1098, 45, 3.88%, 0, 0, 5, 20.67, 2544, 13804665
1603921475, 0, 1136, 1310, 1099, 45, 3.88%, 0, 0, 5, 25.60, 2544, 13806127
1603922137, 0, 1136, 1311, 1100, 45, 3.88%, 0, 0, 5, 22.41, 2545, 13829229
1603922162, 0, 1136, 1312, 1101, 45, 3.88%, 0, 0, 5, 21.54, 2545, 13829801
1603922548, 0, 1136, 1313, 1102, 45, 3.88%, 0, 0, 5, 21.67, 2545, 13845308
1603923158, 0, 1136, 1314, 1103, 45, 3.88%, 0, 0, 5, 27.63, 2546, 13865897
1603923296, 0, 1136, 1315, 1104, 45, 3.88%, 0, 0, 5, 275.39, 2546, 13872907
1603923685, 0, 1136, 1316, 1105, 45, 3.88%, 0, 0, 5, 30.07, 2546, 13887971
1603923705, 0, 1139, 1316, 1104, 45, 3.88%, 0, 0, 5, 239.34, 2546, 13889194
1603923726, 0, 1139, 1317, 1105, 45, 3.88%, 0, 0, 5, 157.92, 2546, 13891862
1603923767, 0, 1139, 1318, 1106, 45, 3.88%, 0, 0, 5, 143.75, 2546, 13897059
1603924326, 0, 1143, 1318, 1105, 45, 3.88%, 0, 0, 5, 345.04, 2546, 13977732
1603924331, 0, 1143, 1319, 1106, 45, 3.88%, 0, 0, 5, 388.81, 2546, 13979793
1603924336, 0, 1143, 1320, 1107, 45, 3.88%, 0, 0, 5, 401.65, 2546, 13981775
1603924346, 0, 1143, 1321, 1108, 45, 3.88%, 0, 0, 5, 372.90, 2546, 13985749
1603924479, 0, 1153, 1321, 1107, 46, 3.88%, 0, 0, 5, 347.78, 2546, 14039710
1603924765, 0, 1156, 1321, 1106, 45, 3.88%, 0, 0, 5, 377.48, 2546, 14146292
1603924780, 0, 1156, 1322, 1107, 45, 3.88%, 0, 0, 5, 389.26, 2546, 14152279
1603924795, 0, 1156, 1323, 1108, 45, 3.88%, 0, 0, 5, 235.79, 2546, 14158002
1603924933, 0, 1159, 1323, 1107, 44, 3.88%, 0, 0, 5, 359.89, 2546, 14214418
1603924995, 0, 1159, 1324, 1108, 44, 3.88%, 0, 0, 5, 370.09, 2546, 14238771
1603925127, 0, 1161, 1324, 1107, 44, 3.88%, 0, 0, 5, 377.67, 2546, 14292153
1603925275, 0, 1161, 1325, 1108, 44, 3.88%, 0, 0, 5, 407.41, 2546, 14351756
1603925382, 0, 1162, 1325, 1107, 43, 3.88%, 0, 0, 5, 372.38, 2546, 14394000
1603925654, 0, 1163, 1325, 1106, 42, 3.88%, 0, 0, 5, 366.39, 2546, 14501596
1603925899, 0, 1165, 1325, 1105, 41, 3.88%, 0, 0, 5, 391.72, 2546, 14599224
1603925929, 0, 1165, 1329, 1109, 41, 3.89%, 0, 0, 5, 425.47, 2550, 14611454
1603925940, 0, 1165, 1330, 1110, 41, 3.89%, 0, 0, 5, 426.25, 2550, 14615654
1603925950, 0, 1165, 1331, 1111, 41, 3.89%, 0, 0, 5, 415.23, 2550, 14619878
1603925986, 0, 1171, 1331, 1110, 42, 3.89%, 0, 0, 5, 421.36, 2550, 14634541
1603926027, 0, 1172, 1331, 1109, 41, 3.89%, 0, 0, 5, 438.39, 2550, 14652573
1603926032, 0, 1172, 1332, 1110, 41, 3.89%, 0, 0, 6, 461.41, 2552, 14654935
1603926067, 0, 1173, 1332, 1109, 41, 3.89%, 0, 0, 6, 408.53, 2552, 14670251
1603926103, 0, 1176, 1332, 1108, 40, 3.89%, 0, 0, 6, 356.15, 2552, 14685070
1603926307, 0, 1178, 1332, 1107, 39, 3.89%, 0, 0, 6, 366.63, 2552, 14771645
1603926507, 0, 1190, 1332, 1106, 38, 3.89%, 0, 0, 6, 344.53, 2552, 14851117
1603926517, 0, 1190, 1333, 1107, 38, 3.89%, 0, 0, 6, 408.97, 2552, 14854934
1603926558, 0, 1190, 1335, 1109, 38, 3.89%, 0, 0, 6, 396.01, 2552, 14869202
1603926736, 0, 1192, 1335, 1108, 37, 3.89%, 0, 0, 6, 370.88, 2552, 14939447
1603926746, 0, 1192, 1336, 1109, 37, 3.89%, 0, 0, 6, 415.25, 2552, 14943537
1603926766, 0, 1192, 1337, 1110, 37, 3.89%, 0, 0, 6, 421.24, 2552, 14951713
1603926878, 0, 1193, 1342, 1114, 36, 3.89%, 0, 0, 6, 385.55, 2552, 14998207
1603926894, 0, 1193, 1343, 1115, 36, 3.89%, 0, 0, 6, 444.65, 2552, 15004086
1603927062, 0, 1196, 1343, 1114, 35, 3.89%, 0, 0, 6, 314.33, 2552, 15069388
1603927296, 0, 1203, 1343, 1113, 34, 3.89%, 0, 0, 6, 330.94, 2552, 15158196
1603927439, 0, 1204, 1343, 1112, 33, 3.89%, 0, 0, 6, 365.37, 2552, 15216415
1603927444, 0, 1204, 1344, 1113, 33, 3.89%, 0, 0, 6, 410.05, 2552, 15218481
1603927449, 0, 1204, 1345, 1114, 33, 3.89%, 0, 0, 6, 403.72, 2552, 15220521
1603927582, 0, 1205, 1345, 1113, 32, 3.89%, 0, 0, 6, 367.18, 2552, 15273828
1603927638, 0, 1205, 1346, 1114, 32, 3.89%, 0, 0, 6, 467.98, 2552, 15295558
1603927724, 0, 1208, 1346, 1113, 31, 3.89%, 0, 0, 6, 342.90, 2552, 15331659
1603927872, 0, 1210, 1346, 1112, 30, 3.89%, 0, 0, 6, 309.49, 2552, 15390758
1603927877, 0, 1210, 1347, 1113, 30, 3.89%, 0, 0, 6, 25.81, 2552, 15390861
1603929361, 0, 1210, 1348, 1114, 30, 3.89%, 0, 0, 6, 36.53, 2552, 15437404
1603930246, 0, 1215, 1348, 1113, 30, 3.89%, 0, 0, 6, 203.49, 2552, 15475977
1603930251, 0, 1215, 1349, 1114, 30, 3.89%, 0, 0, 6, 368.11, 2552, 15478058
1603930276, 0, 1215, 1350, 1115, 30, 3.89%, 0, 0, 6, 19.18, 2552, 15487581
1603930399, 0, 1221, 1350, 1114, 29, 3.89%, 0, 0, 6, 363.50, 2552, 15537380
1603930541, 0, 1225, 1350, 1113, 28, 3.89%, 0, 0, 6, 347.98, 2552, 15595747
1603930771, 0, 1226, 1350, 1112, 27, 3.89%, 0, 0, 6, 368.32, 2552, 15684536
1603931000, 0, 1227, 1350, 1111, 26, 3.89%, 0, 0, 6, 374.66, 2552, 15773505
1603931224, 0, 1228, 1350, 1110, 25, 3.89%, 0, 0, 6, 354.20, 2552, 15861885
1603931458, 0, 1229, 1350, 1109, 24, 3.89%, 0, 0, 6, 363.26, 2552, 15952432
1603931463, 0, 1229, 1351, 1110, 24, 3.89%, 0, 0, 6, 389.20, 2552, 15954499
1603931473, 0, 1229, 1352, 1111, 24, 3.89%, 0, 0, 6, 402.79, 2552, 15958524
1603931666, 0, 1231, 1352, 1110, 24, 3.89%, 0, 0, 6, 338.18, 2552, 16034157
1603931849, 0, 1232, 1352, 1109, 23, 3.89%, 0, 0, 6, 362.75, 2552, 16106292
1603931854, 0, 1232, 1356, 1113, 23, 3.89%, 0, 0, 6, 407.11, 2552, 16108415
1603931860, 0, 1232, 1357, 1114, 23, 3.89%, 0, 0, 6, 408.71, 2552, 16110510
1603931900, 0, 1232, 1359, 1116, 23, 3.89%, 0, 0, 6, 416.11, 2552, 16126554
1603932017, 0, 1233, 1360, 1116, 22, 3.89%, 0, 0, 6, 147.19, 2552, 16173833
1603932217, 0, 1236, 1360, 1115, 21, 3.89%, 0, 0, 6, 362.93, 2552, 16252914
1603932222, 0, 1236, 1362, 1117, 21, 3.89%, 0, 0, 6, 279.14, 2552, 16254828
1603932227, 0, 1236, 1363, 1118, 21, 3.89%, 0, 0, 6, 373.66, 2552, 16256817
1603932278, 0, 1236, 1364, 1119, 21, 3.90%, 0, 0, 6, 416.46, 2553, 16276711
1603932304, 0, 1236, 1365, 1120, 21, 3.90%, 0, 0, 6, 420.50, 2553, 16286383
1603932405, 0, 1237, 1365, 1119, 21, 3.90%, 0, 0, 6, 332.83, 2553, 16327111
1603932477, 0, 1237, 1366, 1120, 21, 3.90%, 0, 0, 6, 399.41, 2554, 16355771
1603932619, 0, 1258, 1366, 1119, 20, 3.90%, 0, 0, 6, 485.75, 2554, 16416831
