# unix_time, cycles_done, cur_path, paths_total, pending_total, pending_favs, map_size, unique_crashes, unique_hangs, max_depth, execs_per_sec, edge_coverage, total_execs
1602101825, 0, 0, 1, 1, 1, 1.74%, 0, 0, 1, 1000.00 0 8
1602101830, 0, 0, 51, 51, 1, 2.25%, 0, 0, 2, 1104.74 1473 5836
1602101835, 0, 0, 70, 70, 1, 2.28%, 0, 0, 2, 1130.96 1491 11563
1602101840, 0, 0, 76, 76, 1, 2.28%, 0, 0, 2, 1139.58 1492 17353
1602101845, 0, 0, 80, 80, 1, 2.28%, 0, 0, 2, 1134.42 1496 23127
1602101850, 0, 0, 81, 81, 1, 2.28%, 0, 0, 2, 1122.42 1496 28899
1602101856, 0, 0, 83, 83, 1, 2.28%, 0, 0, 2, 1140.98 1496 34704
1602101861, 0, 1, 84, 83, 46, 2.28%, 0, 0, 2, 1146.66 1496 40463
1602101866, 0, 3, 84, 82, 45, 2.28%, 0, 0, 2, 1151.44 1496 46239
1602101871, 0, 6, 84, 80, 43, 2.28%, 0, 0, 2, 1143.27 1496 51959
1602101876, 0, 7, 88, 83, 42, 2.33%, 0, 0, 3, 1132.72 1525 57676
1602101881, 0, 9, 95, 89, 43, 2.34%, 0, 0, 3, 1128.10 1532 63407
1602101886, 0, 11, 96, 89, 50, 2.34%, 0, 0, 3, 1131.35 1535 69165
1602101891, 0, 13, 97, 89, 49, 2.34%, 0, 0, 3, 1124.90 1535 74900
1602101896, 0, 14, 100, 91, 48, 2.38%, 0, 0, 3, 1128.67 1562 80638
1602101901, 0, 15, 101, 91, 50, 2.41%, 0, 0, 3, 1108.45 1582 86310
1602101906, 0, 15, 103, 93, 50, 2.42%, 0, 0, 3, 1105.28 1586 91898
1602101911, 0, 15, 106, 96, 50, 2.42%, 0, 0, 3, 1126.26 1586 97664
1602101916, 0, 16, 107, 96, 49, 2.42%, 0, 0, 3, 1107.46 1586 103259
1602101921, 0, 17, 107, 95, 49, 2.42%, 0, 0, 3, 1113.66 1586 108905
1602101926, 0, 21, 107, 94, 48, 2.42%, 0, 0, 3, 1117.45 1586 114489
1602101931, 0, 22, 107, 93, 47, 2.42%, 0, 0, 3, 1109.37 1586 120133
1602101942, 0, 24, 108, 92, 46, 2.42%, 0, 0, 3, 1125.67 1588 131529
1602101947, 0, 24, 111, 95, 46, 2.44%, 0, 0, 3, 1111.19 1598 137116
1602101952, 0, 27, 111, 93, 46, 2.44%, 0, 0, 3, 1123.36 1598 142830
1602101957, 0, 27, 112, 94, 46, 2.44%, 0, 0, 3, 1103.42 1598 148490
1602101962, 0, 28, 112, 93, 45, 2.44%, 0, 0, 3, 1276.29 1598 154709
1602101967, 0, 32, 113, 92, 44, 2.44%, 0, 0, 3, 1553.69 1598 163192
1602101972, 0, 34, 114, 92, 44, 2.44%, 0, 0, 3, 1328.40 1598 170045
1602101977, 0, 35, 115, 92, 43, 2.44%, 0, 0, 3, 1151.69 1598 175584
1602101982, 0, 35, 116, 93, 43, 2.44%, 0, 0, 3, 1121.00 1598 181282
1602101988, 0, 38, 117, 92, 42, 2.44%, 0, 0, 3, 1226.39 1598 188346
1602101993, 0, 38, 118, 93, 42, 2.44%, 0, 0, 3, 1106.41 1598 193725
1602101998, 0, 39, 119, 93, 41, 2.44%, 0, 0, 3, 1115.68 1598 199378
1602102003, 0, 40, 120, 93, 40, 2.44%, 0, 0, 3, 1091.63 1598 204887
1602102008, 0, 41, 120, 92, 39, 2.44%, 0, 0, 3, 1114.41 1598 210581
1602102013, 0, 42, 121, 92, 38, 2.44%, 0, 0, 3, 1096.19 1598 216093
1602102018, 0, 43, 122, 92, 37, 2.44%, 0, 0, 3, 1099.04 1598 221851
1602102023, 0, 44, 123, 92, 36, 2.44%, 0, 0, 3, 1069.85 1598 227243
1602102028, 0, 45, 123, 91, 35, 2.44%, 0, 0, 3, 1071.42 1598 232804
1602102033, 0, 46, 123, 90, 34, 2.44%, 0, 0, 3, 1092.19 1598 238342
1602102038, 0, 46, 124, 91, 34, 2.44%, 0, 0, 3, 1097.32 1598 244047
1602102044, 0, 47, 125, 91, 34, 2.44%, 0, 0, 3, 1106.04 1598 249600
1602102049, 0, 48, 125, 90, 33, 2.44%, 0, 0, 3, 1091.74 1598 255137
1602102054, 0, 50, 126, 90, 32, 2.44%, 0, 0, 3, 1063.69 1598 260494
1602102059, 0, 55, 127, 89, 30, 2.44%, 0, 0, 3, 1089.49 1598 266008
1602102064, 0, 58, 127, 87, 29, 2.44%, 0, 0, 3, 1113.39 1598 271682
1602102069, 0, 59, 127, 86, 28, 2.44%, 0, 0, 3, 1109.57 1598 277295
1602102074, 0, 63, 128, 86, 27, 2.44%, 0, 0, 3, 1081.04 1598 282727
1602102079, 0, 64, 128, 85, 26, 2.44%, 0, 0, 3, 1097.42 1598 288235
1602102084, 0, 65, 131, 87, 25, 2.44%, 0, 0, 3, 1119.23 1601 293954
1602102089, 0, 65, 133, 89, 25, 2.45%, 0, 0, 3, 1098.83 1603 299628
1602102094, 0, 74, 133, 88, 28, 2.45%, 0, 0, 3, 1073.28 1603 305099
1602102099, 0, 77, 134, 88, 27, 2.45%, 0, 0, 3, 1097.45 1603 310646
1602102104, 0, 85, 135, 88, 26, 2.45%, 0, 0, 4, 1092.25 1606 316163
1602102115, 0, 86, 135, 87, 26, 2.45%, 0, 0, 4, 1095.14 1606 327253
1602102120, 0, 87, 137, 88, 26, 2.45%, 0, 0, 4, 1088.16 1606 332770
1602102125, 0, 88, 137, 87, 25, 2.45%, 0, 0, 4, 1097.73 1606 338301
1602102130, 0, 89, 137, 86, 24, 2.45%, 0, 0, 4, 1093.65 1606 343793
1602102135, 0, 90, 137, 85, 23, 2.45%, 0, 0, 4, 1094.73 1606 349328
1602102140, 0, 91, 137, 84, 22, 2.45%, 0, 0, 4, 1096.45 1606 354853
1602102145, 0, 92, 137, 83, 21, 2.45%, 0, 0, 4, 1088.60 1606 360375
1602102150, 0, 93, 137, 82, 20, 2.45%, 0, 0, 4, 1094.84 1606 365875
1602102155, 0, 94, 137, 81, 19, 2.45%, 0, 0, 4, 1096.92 1606 371423
1602102160, 0, 95, 137, 80, 18, 2.45%, 0, 0, 4, 1113.72 1606 377042
1602102165, 0, 98, 137, 79, 17, 2.45%, 0, 0, 4, 1098.45 1606 382745
1602102170, 0, 99, 137, 78, 16, 2.45%, 0, 0, 4, 1080.20 1606 388203
1602102175, 0, 99, 138, 79, 16, 2.45%, 0, 0, 4, 1099.55 1606 393744
1602102180, 0, 106, 138, 77, 14, 2.45%, 0, 0, 4, 1094.57 1606 399242
1602102190, 0, 109, 139, 76, 12, 2.45%, 0, 0, 4, 1109.96 1606 410371
1602102201, 0, 110, 139, 75, 11, 2.45%, 0, 0, 4, 1097.34 1606 421371
1602102206, 0, 112, 139, 74, 10, 2.45%, 0, 0, 4, 1081.38 1606 426820
1602102211, 0, 113, 140, 74, 9, 2.46%, 0, 0, 4, 1060.72 1610 432117
1602102216, 0, 116, 140, 73, 9, 2.46%, 0, 0, 4, 1080.25 1610 437638
1602102221, 0, 123, 140, 72, 8, 2.46%, 0, 0, 4, 1100.37 1610 443206
1602102231, 0, 128, 140, 71, 7, 2.46%, 0, 0, 4, 1090.55 1610 454208
1602102236, 0, 129, 140, 70, 6, 2.46%, 0, 0, 4, 1097.20 1610 459736
1602102241, 0, 130, 140, 69, 5, 2.46%, 0, 0, 4, 1112.18 1610 465387
1602102246, 0, 131, 140, 68, 4, 2.46%, 0, 0, 4, 1086.31 1610 471043
1602102261, 0, 131, 141, 69, 4, 2.46%, 0, 0, 4, 1083.68 1614 487496
1602102266, 0, 134, 141, 68, 4, 2.46%, 0, 0, 4, 1086.58 1614 492998
1602102271, 0, 134, 142, 69, 4, 2.46%, 0, 0, 5, 1102.11 1614 498497
1602102276, 0, 134, 143, 70, 4, 2.46%, 0, 0, 5, 1103.68 1614 504071
1602102282, 0, 135, 143, 69, 3, 2.46%, 0, 0, 5, 1100.45 1614 509667
1602102297, 0, 135, 144, 70, 3, 2.50%, 0, 0, 5, 1104.07 1636 526338
1602102302, 0, 139, 144, 69, 3, 2.50%, 0, 0, 5, 1095.63 1636 532019
1602102307, 0, 140, 144, 68, 2, 2.50%, 0, 0, 5, 1089.06 1636 537568
1602102312, 0, 140, 145, 69, 2, 2.51%, 0, 0, 5, 1085.09 1644 543077
1602102327, 0, 144, 145, 68, 1, 2.51%, 0, 0, 5, 1086.28 1644 559650
1602102343, 0, 144, 146, 69, 1, 2.51%, 0, 0, 6, 1081.82 1644 576230
1602102348, 1, 146, 147, 69, 1, 2.53%, 0, 0, 6, 1084.53 1656 581728
1602102353, 1, 146, 149, 71, 1, 2.53%, 0, 0, 6, 1096.51 1658 587248
1602102358, 1, 147, 149, 70, 2, 2.53%, 0, 0, 6, 1074.63 1658 592742
1602102363, 1, 148, 149, 69, 1, 2.53%, 0, 0, 6, 1095.39 1658 598284
1602102368, 1, 148, 150, 70, 1, 2.53%, 0, 0, 6, 1082.40 1658 603710
1602102373, 1, 148, 151, 71, 1, 2.53%, 0, 0, 6, 1096.65 1658 609262
1602102383, 2, 2, 151, 70, 0, 2.53%, 0, 0, 6, 1107.98 1658 620478
1602102388, 2, 8, 151, 69, 0, 2.53%, 0, 0, 6, 1091.69 1658 626018
1602102393, 2, 18, 151, 68, 0, 2.53%, 0, 0, 6, 1094.00 1658 631558
1602102398, 2, 22, 151, 67, 0, 2.53%, 0, 0, 6, 1087.93 1658 637004
1602102404, 2, 33, 151, 66, 0, 2.53%, 0, 0, 6, 1097.27 1658 642740
1602102414, 2, 49, 151, 65, 0, 2.53%, 0, 0, 6, 1092.45 1658 653815
1602102419, 2, 51, 151, 64, 0, 2.53%, 0, 0, 6, 1095.83 1658 659337
1602102424, 2, 67, 152, 64, 0, 2.53%, 0, 0, 6, 1096.75 1658 664862
1602102429, 2, 68, 152, 63, 0, 2.53%, 0, 0, 6, 1101.43 1658 670370
1602102434, 2, 77, 154, 64, 0, 2.54%, 0, 0, 6, 1072.31 1663 675924
1602102439, 2, 152, 154, 64, 1, 2.54%, 0, 0, 6, 1040.04 1663 681222
1602102490, 2, 152, 155, 65, 1, 2.54%, 0, 0, 6, 1039.86 1663 734290
1602102536, 2, 152, 156, 66, 1, 2.54%, 0, 0, 6, 1074.55 1663 782073
1602102602, 2, 152, 157, 67, 1, 2.54%, 0, 0, 6, 1042.79 1663 852153
1602102638, 2, 152, 163, 73, 1, 2.55%, 0, 0, 6, 1041.58 1669 889867
1602102663, 2, 152, 164, 74, 1, 2.55%, 0, 0, 6, 1064.92 1669 916952
1602102668, 2, 157, 164, 73, 1, 2.55%, 0, 0, 6, 1031.96 1669 922196
1602102771, 2, 157, 165, 74, 1, 2.55%, 0, 0, 6, 1307.51 1669 1031282
1602102776, 2, 162, 166, 74, 0, 2.55%, 0, 0, 6, 1437.11 1670 1039069
1602102786, 2, 162, 167, 75, 0, 2.55%, 0, 0, 6, 1073.24 1670 1050095
1602103565, 2, 162, 169, 77, 0, 2.55%, 0, 0, 6, 953.15 1670 1863534
1602103575, 2, 165, 170, 77, 1, 2.55%, 0, 0, 6, 973.77 1670 1873423
1602104502, 2, 165, 171, 78, 1, 2.55%, 0, 0, 6, 978.47 1670 2694899
1602104508, 2, 165, 172, 79, 1, 2.55%, 0, 0, 6, 989.73 1670 2699951
1602104518, 3, 10, 172, 78, 0, 2.55%, 0, 0, 6, 1084.73 1670 2710417
1602104523, 3, 19, 173, 78, 0, 2.55%, 0, 0, 6, 1117.02 1670 2716056
1602104533, 3, 26, 174, 78, 0, 2.55%, 0, 0, 6, 1125.82 1670 2727480
1602104538, 3, 46, 174, 77, 0, 2.55%, 0, 0, 6, 1134.91 1670 2733400
1602104543, 3, 73, 174, 77, 0, 2.55%, 0, 0, 6, 1127.99 1670 2739291
1602104548, 3, 73, 175, 78, 0, 2.55%, 0, 0, 6, 1120.89 1670 2744919
1602104553, 3, 82, 176, 78, 0, 2.55%, 0, 0, 6, 1114.65 1670 2750529
1602104563, 3, 83, 178, 79, 0, 2.55%, 0, 0, 6, 1116.44 1670 2761831
1602104574, 3, 103, 178, 78, 0, 2.55%, 0, 0, 6, 1137.21 1670 2773445
1602104589, 3, 111, 179, 78, 0, 2.55%, 0, 0, 6, 1127.59 1670 2790689
1602104594, 3, 115, 179, 77, 0, 2.55%, 0, 0, 6, 1126.01 1670 2796406
1602104599, 3, 118, 182, 79, 0, 2.55%, 0, 0, 6, 1134.73 1670 2802176
1602104604, 3, 118, 183, 80, 0, 2.55%, 0, 0, 6, 1117.18 1670 2807777
1602104609, 3, 133, 185, 81, 0, 2.55%, 0, 0, 6, 1126.16 1670 2813468
1602104619, 3, 136, 186, 81, 0, 2.55%, 0, 0, 6, 1129.71 1670 2825025
1602104624, 3, 173, 186, 80, 1, 2.55%, 0, 0, 6, 1133.81 1670 2830746
1602104630, 3, 173, 187, 81, 1, 2.57%, 0, 0, 6, 1138.22 1685 2836478
1602104635, 3, 186, 187, 80, 1, 2.57%, 0, 0, 6, 1125.33 1685 2842259
1602104640, 4, 3, 187, 79, 0, 2.57%, 0, 0, 6, 1143.34 1685 2848039
1602104645, 4, 20, 187, 79, 0, 2.57%, 0, 0, 6, 1134.58 1685 2853726
1602104650, 4, 43, 187, 78, 0, 2.57%, 0, 0, 6, 1138.42 1685 2859661
1602104655, 4, 75, 187, 77, 0, 2.57%, 0, 0, 6, 1141.60 1685 2865560
1602104665, 4, 76, 187, 76, 0, 2.57%, 0, 0, 6, 1125.83 1685 2876925
1602104675, 4, 79, 187, 75, 0, 2.57%, 0, 0, 6, 1119.06 1685 2888360
1602104680, 4, 79, 188, 76, 0, 2.57%, 0, 0, 6, 1121.72 1685 2894081
1602104686, 4, 80, 188, 75, 0, 2.57%, 0, 0, 6, 1133.04 1685 2899830
1602104691, 4, 81, 188, 74, 0, 2.57%, 0, 0, 6, 1123.91 1685 2905593
1602104696, 4, 86, 188, 73, 0, 2.57%, 0, 0, 6, 1134.16 1685 2911353
1602104701, 4, 96, 188, 73, 0, 2.57%, 0, 0, 6, 1135.63 1685 2917058
1602104706, 4, 107, 188, 71, 0, 2.57%, 0, 0, 6, 1140.18 1685 2922783
1602104711, 4, 122, 188, 71, 0, 2.57%, 0, 0, 6, 1140.56 1685 2928540
1602104716, 4, 138, 189, 71, 0, 2.57%, 0, 0, 6, 1135.64 1685 2934247
1602104726, 4, 138, 190, 72, 0, 2.57%, 0, 0, 6, 1141.18 1685 2945831
1602104731, 4, 143, 190, 71, 0, 2.57%, 0, 0, 6, 1132.56 1685 2951611
1602104747, 4, 143, 192, 73, 0, 2.63%, 0, 0, 6, 1120.92 1725 2968980
1602104752, 4, 143, 193, 74, 0, 2.63%, 0, 0, 6, 1083.26 1725 2974429
1602104762, 4, 190, 193, 73, 2, 2.63%, 0, 0, 6, 1120.20 1725 2985768
1602104782, 4, 190, 196, 76, 2, 2.63%, 0, 0, 7, 1122.89 1725 3007968
1602104787, 4, 190, 197, 77, 2, 2.66%, 0, 0, 7, 1118.60 1741 3013762
1602104808, 4, 191, 198, 77, 2, 2.66%, 0, 0, 7, 1118.91 1742 3036881
1602104813, 4, 191, 199, 78, 2, 2.66%, 0, 0, 7, 1106.60 1745 3042467
1602104833, 4, 196, 199, 77, 3, 2.66%, 0, 0, 7, 1118.70 1745 3065232
1602104864, 4, 197, 199, 76, 2, 2.66%, 0, 0, 7, 1111.92 1745 3099242
1602104889, 4, 198, 199, 75, 1, 2.66%, 0, 0, 7, 1115.28 1745 3127530
1602104915, 5, 24, 199, 74, 0, 2.66%, 0, 0, 7, 1125.80 1745 3156085
1602104920, 5, 52, 199, 74, 0, 2.66%, 0, 0, 7, 1136.79 1745 3161974
1602104925, 5, 61, 199, 73, 0, 2.66%, 0, 0, 7, 1129.70 1745 3167702
1602104930, 5, 72, 199, 72, 0, 2.66%, 0, 0, 7, 1120.16 1745 3173391
1602104935, 5, 74, 199, 71, 0, 2.66%, 0, 0, 7, 1130.60 1745 3179140
1602104940, 5, 119, 199, 71, 0, 2.66%, 0, 0, 7, 1129.29 1745 3184776
1602104950, 5, 132, 199, 70, 0, 2.66%, 0, 0, 7, 1119.76 1745 3196178
1602104956, 5, 140, 199, 69, 0, 2.66%, 0, 0, 7, 1119.90 1745 3201810
1602104961, 5, 145, 199, 69, 0, 2.66%, 0, 0, 7, 1109.70 1745 3207404
1602104981, 5, 149, 199, 68, 0, 2.66%, 0, 0, 7, 1090.90 1745 3229888
1602104991, 5, 149, 200, 69, 0, 2.66%, 0, 0, 7, 1118.21 1745 3241278
1602104996, 5, 151, 200, 68, 0, 2.66%, 0, 0, 7, 1086.73 1745 3246713
1602105001, 5, 165, 200, 67, 0, 2.66%, 0, 0, 7, 1085.69 1745 3252226
1602105006, 5, 168, 200, 67, 0, 2.66%, 0, 0, 7, 980.67 1745 3257083
1602105892, 5, 168, 201, 68, 0, 2.66%, 0, 0, 7, 934.66 1745 4087429
1602105902, 5, 169, 201, 67, 0, 2.66%, 0, 0, 7, 944.23 1745 4096925
1602106770, 5, 186, 201, 66, 0, 2.66%, 0, 0, 7, 1015.39 1745 4924896
1602106775, 5, 194, 201, 66, 0, 2.66%, 0, 0, 7, 1096.72 1745 4930665
1602106801, 6, 17, 201, 65, 0, 2.66%, 0, 0, 7, 1107.39 1745 4958433
1602106806, 6, 63, 201, 65, 0, 2.66%, 0, 0, 7, 1104.69 1745 4964043
1602106811, 6, 85, 201, 64, 0, 2.66%, 0, 0, 7, 1112.07 1745 4969711
1602106816, 6, 108, 201, 64, 0, 2.66%, 0, 0, 7, 1103.65 1745 4975290
1602106821, 6, 116, 201, 63, 0, 2.66%, 0, 0, 7, 1088.46 1745 4980772
1602106826, 6, 120, 201, 63, 0, 2.66%, 0, 0, 7, 1090.25 1745 4986317
1602106831, 6, 126, 201, 62, 0, 2.66%, 0, 0, 7, 1096.55 1745 4991834
1602106836, 6, 140, 202, 62, 0, 2.66%, 0, 0, 7, 1124.06 1745 4997488
1602106841, 6, 141, 203, 63, 0, 2.66%, 0, 0, 7, 1090.69 1745 5003125
1602106852, 6, 152, 203, 62, 0, 2.66%, 0, 0, 7, 1098.23 1745 5014101
1602106857, 6, 153, 203, 62, 0, 2.66%, 0, 0, 7, 1067.29 1745 5019515
1602106862, 6, 156, 203, 61, 0, 2.66%, 0, 0, 7, 1082.83 1745 5024977
1602108172, 6, 158, 203, 60, 0, 2.66%, 0, 0, 7, 1057.42 1745 6394749
1602108279, 6, 163, 203, 59, 0, 2.66%, 0, 0, 7, 1023.32 1745 6507216
1602109177, 6, 177, 203, 58, 0, 2.66%, 0, 0, 7, 1009.81 1745 7348343
1602109187, 6, 177, 206, 61, 0, 2.66%, 0, 0, 7, 1077.84 1745 7359417
1602109192, 6, 177, 207, 62, 0, 2.66%, 0, 0, 7, 1093.27 1745 7364969
1602109218, 6, 185, 208, 62, 0, 2.66%, 0, 0, 7, 1087.13 1745 7392243
1602109228, 6, 185, 209, 63, 0, 2.66%, 0, 0, 7, 1091.69 1745 7403202
1602109233, 6, 186, 209, 62, 0, 2.66%, 0, 0, 7, 1096.67 1745 7408748
1602109238, 6, 189, 210, 63, 0, 2.66%, 0, 0, 7, 1082.65 1745 7414289
1602109253, 6, 189, 211, 64, 0, 2.66%, 0, 0, 7, 1085.77 1745 7430889
1602109258, 6, 189, 212, 65, 0, 2.66%, 0, 0, 7, 1094.86 1745 7436420
1602109279, 6, 193, 214, 66, 0, 2.66%, 0, 0, 7, 1087.03 1745 7458560
1602109299, 6, 193, 215, 67, 0, 2.66%, 0, 0, 8, 1091.74 1745 7480726
1602109309, 6, 195, 215, 66, 0, 2.66%, 0, 0, 8, 1049.64 1745 7491582
1602109335, 6, 201, 215, 65, 0, 2.66%, 0, 0, 8, 1047.93 1745 7518849
1602109340, 6, 201, 216, 66, 0, 2.66%, 0, 0, 8, 1046.38 1745 7524089
1602109350, 6, 201, 217, 67, 0, 2.66%, 0, 0, 8, 1080.32 1745 7535131
1602109355, 6, 201, 218, 68, 0, 2.66%, 0, 0, 8, 1046.66 1745 7540356
1602109380, 6, 205, 219, 68, 0, 2.66%, 0, 0, 8, 1049.03 1745 7567580
1602109401, 6, 205, 220, 69, 0, 2.66%, 0, 0, 8, 1089.56 1745 7589429
1602109406, 6, 217, 220, 68, 0, 2.66%, 0, 0, 8, 1088.76 1745 7594964
1602109421, 6, 217, 221, 69, 0, 2.66%, 0, 0, 8, 1041.06 1745 7611009
1602109426, 6, 217, 223, 71, 0, 2.66%, 0, 0, 8, 1062.19 1745 7616390
1602109452, 6, 219, 223, 70, 0, 2.66%, 0, 0, 8, 1075.56 1745 7644021
1602109467, 6, 219, 224, 71, 0, 2.66%, 0, 0, 8, 1069.16 1745 7660476
1602109482, 7, 2, 224, 70, 0, 2.66%, 0, 0, 8, 1049.81 1745 7676619
1602109487, 7, 42, 224, 70, 0, 2.66%, 0, 0, 8, 1077.72 1745 7682143
1602109492, 7, 54, 224, 70, 0, 2.66%, 0, 0, 8, 1096.16 1745 7687747
1602109503, 7, 70, 224, 69, 0, 2.66%, 0, 0, 8, 1095.07 1745 7698862
1602109513, 7, 78, 224, 68, 0, 2.66%, 0, 0, 8, 1103.02 1745 7710325
1602109518, 7, 84, 224, 67, 0, 2.66%, 0, 0, 8, 1093.34 1745 7715859
1602109523, 7, 87, 224, 66, 0, 2.66%, 0, 0, 8, 1090.17 1745 7721348
1602109528, 7, 97, 225, 67, 0, 2.66%, 0, 0, 8, 1076.85 1745 7726870
1602109538, 7, 115, 226, 67, 0, 2.66%, 0, 0, 8, 1092.94 1745 7737913
1602109543, 7, 125, 226, 67, 0, 2.66%, 0, 0, 8, 1080.37 1745 7743458
1602109549, 7, 142, 226, 66, 0, 2.66%, 0, 0, 8, 1092.12 1745 7749023
1602109559, 7, 147, 226, 65, 0, 2.66%, 0, 0, 8, 1084.84 1745 7760041
1602109564, 7, 155, 226, 65, 0, 2.66%, 0, 0, 8, 1067.40 1745 7765487
1602110687, 7, 174, 226, 64, 0, 2.66%, 0, 0, 8, 1024.26 1745 9140617
1602110702, 7, 178, 226, 63, 0, 2.66%, 0, 0, 8, 1089.80 1745 9156833
1602110707, 7, 187, 226, 62, 0, 2.66%, 0, 0, 8, 1097.05 1745 9162584
1602110728, 7, 187, 227, 63, 0, 2.68%, 0, 0, 8, 1064.87 1755 9184184
1602110733, 7, 226, 228, 63, 1, 2.68%, 0, 0, 8, 1090.15 1756 9189709
1602110758, 7, 226, 229, 64, 1, 2.68%, 0, 0, 8, 1102.53 1756 9217392
1602110768, 7, 227, 229, 63, 1, 2.68%, 0, 0, 8, 1088.65 1756 9228483
1602110789, 7, 227, 230, 64, 1, 2.68%, 0, 0, 8, 1096.93 1756 9250651
1602110804, 7, 228, 231, 64, 0, 2.68%, 0, 0, 8, 1088.93 1756 9267265
1602110824, 7, 228, 232, 65, 0, 2.68%, 0, 0, 8, 1079.90 1756 9289365
1602110834, 7, 228, 234, 67, 0, 2.68%, 0, 0, 8, 1097.03 1756 9300427
1602110839, 7, 228, 235, 68, 0, 2.68%, 0, 0, 8, 1094.33 1756 9305958
1602110855, 8, 22, 235, 67, 0, 2.68%, 0, 0, 8, 1100.94 1756 9323046
1602110860, 8, 30, 235, 67, 0, 2.68%, 0, 0, 8, 1087.37 1756 9328535
1602110865, 8, 48, 235, 66, 0, 2.68%, 0, 0, 8, 1082.70 1756 9334046
1602110870, 8, 111, 235, 66, 0, 2.68%, 0, 0, 8, 1108.89 1756 9339686
1602110875, 8, 121, 235, 66, 0, 2.68%, 0, 0, 8, 1101.63 1756 9345437
1602110880, 8, 124, 235, 65, 0, 2.68%, 0, 0, 8, 1105.02 1756 9351023
1602110886, 8, 140, 235, 64, 0, 2.68%, 0, 0, 8, 1103.83 1756 9356774
1602110891, 8, 154, 235, 64, 0, 2.68%, 0, 0, 8, 1068.37 1756 9362323
1602112193, 8, 159, 235, 63, 0, 2.68%, 0, 0, 8, 1044.41 1756 10736056
1602112300, 8, 164, 235, 62, 0, 2.68%, 0, 0, 8, 1093.85 1756 10849343
1602112325, 8, 165, 235, 61, 0, 2.68%, 0, 0, 8, 1083.70 1756 10877305
1602112330, 8, 167, 235, 61, 0, 2.68%, 0, 0, 8, 967.51 1756 10882057
1602113218, 8, 167, 236, 62, 0, 2.68%, 0, 0, 8, 952.83 1756 11712199
1602113223, 8, 175, 236, 61, 0, 2.68%, 0, 0, 8, 993.31 1756 11717164
1602113238, 8, 176, 236, 60, 0, 2.68%, 0, 0, 8, 1088.11 1756 11733832
1602113248, 8, 184, 237, 60, 0, 2.68%, 0, 0, 8, 1092.78 1756 11744858
1602113259, 8, 192, 237, 59, 0, 2.68%, 0, 0, 8, 1095.60 1756 11755880
1602113289, 8, 203, 237, 58, 0, 2.68%, 0, 0, 8, 1092.73 1756 11789305
1602113309, 8, 206, 237, 57, 0, 2.68%, 0, 0, 8, 1089.12 1756 11811068
1602113330, 8, 213, 238, 57, 0, 2.68%, 0, 0, 8, 1058.02 1756 11833012
1602113355, 8, 218, 238, 56, 0, 2.68%, 0, 0, 8, 1075.56 1756 11860095
1602113375, 8, 229, 238, 55, 0, 2.68%, 0, 0, 8, 1016.14 1756 11881549
1602113391, 8, 229, 239, 56, 0, 2.68%, 0, 0, 8, 1061.32 1756 11897699
1602113401, 8, 229, 240, 57, 0, 2.68%, 0, 0, 8, 1039.91 1756 11908228
1602113406, 8, 229, 243, 60, 0, 2.68%, 0, 0, 8, 1078.80 1756 11913699
1602113411, 8, 229, 244, 61, 0, 2.68%, 0, 0, 8, 1081.67 1757 11919230
1602113432, 8, 243, 244, 60, 1, 2.68%, 0, 0, 8, 1066.77 1757 11941000
1602113462, 8, 243, 245, 61, 1, 2.68%, 0, 0, 8, 1056.22 1757 11972584
1602113467, 8, 243, 246, 62, 1, 2.68%, 0, 0, 8, 1073.23 1757 11978115
1602113472, 8, 243, 247, 63, 1, 2.68%, 0, 0, 8, 1056.45 1757 11983541
1602113488, 8, 244, 247, 62, 0, 2.68%, 0, 0, 8, 1061.81 1757 11999586
1602113533, 9, 1, 247, 61, 0, 2.68%, 0, 0, 8, 1046.89 1757 12047807
1602113538, 9, 12, 247, 61, 0, 2.68%, 0, 0, 8, 1044.95 1757 12053070
1602113544, 9, 34, 247, 60, 0, 2.68%, 0, 0, 8, 1075.47 1757 12058562
1602113549, 9, 37, 247, 60, 0, 2.68%, 0, 0, 8, 1084.69 1757 12064093
1602113554, 9, 86, 247, 59, 0, 2.68%, 0, 0, 8, 1097.69 1757 12069663
1602113559, 9, 129, 248, 60, 0, 2.68%, 0, 0, 8, 1091.25 1757 12075261
1602113564, 9, 150, 249, 61, 0, 2.68%, 0, 0, 8, 1078.00 1757 12080750
1602113579, 9, 172, 249, 60, 0, 2.68%, 0, 0, 8, 1067.27 1757 12097069
1602113584, 9, 173, 249, 59, 0, 2.68%, 0, 0, 8, 1076.61 1757 12102558
1602113589, 9, 204, 251, 61, 0, 2.68%, 0, 0, 8, 1067.12 1757 12108143
1602113625, 9, 204, 252, 62, 0, 2.68%, 0, 0, 8, 1093.31 1757 12146083
1602113635, 9, 208, 252, 61, 0, 2.68%, 0, 0, 8, 1054.51 1757 12156988
1602113656, 9, 221, 253, 61, 0, 2.68%, 0, 0, 8, 1076.65 1757 12178826
1602113671, 9, 221, 256, 64, 0, 2.68%, 0, 0, 8, 1080.23 1757 12195264
1602113681, 9, 221, 257, 65, 0, 2.68%, 0, 0, 8, 1086.56 1757 12206339
1602113692, 9, 221, 258, 66, 0, 2.68%, 0, 0, 8, 1079.38 1757 12217393
1602113702, 9, 224, 258, 65, 0, 2.68%, 0, 0, 8, 1060.42 1757 12228087
1602113717, 9, 224, 259, 66, 0, 2.68%, 0, 0, 8, 1092.95 1757 12244697
1602113722, 9, 224, 260, 67, 0, 2.68%, 0, 0, 8, 1059.09 1757 12249997
1602113742, 9, 235, 260, 66, 0, 2.68%, 0, 0, 8, 1031.45 1757 12271630
1602114622, 9, 235, 261, 67, 0, 2.68%, 0, 0, 8, 958.92 1757 13099371
1602114633, 9, 240, 261, 66, 0, 2.68%, 0, 0, 8, 1022.07 1757 13109496
1602114673, 9, 240, 262, 67, 0, 2.68%, 0, 0, 8, 1064.13 1757 13152371
1602114683, 9, 243, 262, 66, 0, 2.68%, 0, 0, 8, 1063.55 1757 13162938
1602114689, 9, 249, 262, 66, 0, 2.68%, 0, 0, 8, 1076.99 1757 13168444
1602114704, 9, 249, 263, 67, 0, 2.68%, 0, 0, 8, 1089.74 1757 13184903
1602114719, 9, 253, 263, 66, 0, 2.68%, 0, 0, 8, 1053.47 1757 13201128
1602114745, 9, 256, 263, 65, 0, 2.68%, 0, 0, 8, 1073.47 1757 13228350
1602114780, 9, 256, 265, 67, 0, 2.68%, 0, 0, 8, 1073.64 1757 13265666
1602114785, 9, 256, 267, 69, 0, 2.68%, 0, 0, 8, 1086.79 1757 13271184
1602114801, 9, 256, 268, 70, 0, 2.68%, 0, 0, 8, 1089.25 1757 13287803
1602114811, 9, 263, 268, 69, 0, 2.68%, 0, 0, 8, 1063.03 1757 13298735
1602114852, 9, 263, 269, 70, 0, 2.68%, 0, 0, 9, 1066.25 1757 13342096
1602114862, 9, 263, 270, 71, 0, 2.68%, 0, 0, 9, 1078.31 1757 13353171
1602114872, 9, 264, 270, 70, 0, 2.68%, 0, 0, 9, 1078.93 1757 13364257
1602114938, 10, 22, 270, 69, 0, 2.68%, 0, 0, 9, 1079.87 1757 13434497
1602114944, 10, 54, 270, 69, 0, 2.68%, 0, 0, 9, 1078.82 1757 13439915
1602114949, 10, 102, 270, 69, 0, 2.68%, 0, 0, 9, 1099.25 1757 13445523
1602114954, 10, 107, 270, 68, 0, 2.68%, 0, 0, 9, 1100.68 1757 13451046
1602114959, 10, 137, 272, 70, 0, 2.68%, 0, 0, 9, 1090.64 1757 13456572
1602114974, 10, 186, 272, 69, 0, 2.68%, 0, 0, 9, 1037.64 1757 13473023
1602114979, 10, 200, 272, 69, 0, 2.68%, 0, 0, 9, 970.42 1757 13478021
1602115869, 10, 202, 272, 68, 0, 2.68%, 0, 0, 9, 1053.21 1757 14311664
1602115879, 10, 202, 273, 69, 0, 2.68%, 0, 0, 9, 1089.40 1757 14322712
1602115884, 10, 202, 275, 71, 0, 2.68%, 0, 0, 9, 1103.61 1757 14328272
1602115895, 10, 202, 276, 72, 0, 2.68%, 0, 0, 9, 1100.95 1757 14339566
1602115910, 10, 211, 277, 72, 0, 2.68%, 0, 0, 9, 1090.60 1757 14355970
1602115935, 10, 223, 277, 71, 0, 2.68%, 0, 0, 9, 1083.36 1757 14383615
1602115966, 10, 225, 277, 70, 0, 2.68%, 0, 0, 9, 1094.86 1757 14416805
1602115986, 10, 225, 279, 72, 0, 2.68%, 0, 0, 9, 1096.76 1757 14438932
1602116002, 10, 225, 280, 73, 0, 2.68%, 0, 0, 9, 1102.87 1757 14455899
1602116012, 10, 227, 280, 72, 0, 2.68%, 0, 0, 9, 1097.99 1757 14467172
1602116017, 10, 236, 281, 73, 0, 2.68%, 0, 0, 9, 1095.31 1757 14472674
1602116032, 10, 238, 281, 72, 0, 2.68%, 0, 0, 9, 1079.68 1757 14489177
1602116058, 10, 238, 282, 73, 0, 2.69%, 0, 0, 9, 1086.11 1760 14516082
1602116073, 10, 281, 283, 73, 1, 2.69%, 0, 0, 9, 1039.01 1760 14532296
1602116103, 10, 282, 283, 72, 0, 2.69%, 0, 0, 9, 1091.18 1760 14564583
1602116108, 10, 282, 284, 73, 0, 2.69%, 0, 0, 10, 1085.68 1760 14570062
1602116129, 10, 282, 285, 74, 0, 2.69%, 0, 0, 10, 1090.59 1760 14592206
1602116134, 10, 282, 286, 75, 0, 2.69%, 0, 0, 10, 1091.82 1760 14597758
1602116149, 10, 283, 286, 74, 1, 2.69%, 0, 0, 10, 1085.01 1760 14614381
1602116180, 10, 285, 286, 73, 0, 2.69%, 0, 0, 10, 1088.53 1760 14647421
1602116185, 10, 285, 287, 74, 0, 2.69%, 0, 0, 11, 1076.65 1760 14652888
1602116215, 11, 39, 287, 73, 0, 2.69%, 0, 0, 11, 1105.28 1760 14685919
1602116220, 11, 91, 288, 74, 0, 2.69%, 0, 0, 11, 1099.32 1760 14691488
1602116226, 11, 105, 289, 75, 0, 2.69%, 0, 0, 11, 1089.64 1760 14697193
1602116236, 11, 127, 289, 74, 0, 2.69%, 0, 0, 11, 1087.30 1760 14708200
1602116241, 11, 130, 290, 74, 0, 2.69%, 0, 0, 11, 1103.28 1760 14713794
1602116246, 11, 171, 290, 74, 0, 2.69%, 0, 0, 11, 1056.06 1760 14719307
1602117137, 11, 196, 290, 73, 0, 2.69%, 0, 0, 11, 1019.12 1760 15556897
1602117142, 11, 222, 290, 73, 0, 2.69%, 0, 0, 11, 1079.63 1760 15562501
1602117163, 11, 230, 290, 72, 0, 2.69%, 0, 0, 11, 1083.99 1760 15584573
1602117193, 11, 231, 290, 71, 0, 2.69%, 0, 0, 11, 1075.14 1760 15616993
1602117229, 11, 232, 290, 70, 0, 2.69%, 0, 0, 11, 1082.31 1760 15655119
1602117265, 11, 234, 290, 69, 0, 2.69%, 0, 0, 11, 1068.21 1760 15693427
1602117306, 11, 245, 291, 69, 0, 2.69%, 0, 0, 11, 1071.72 1760 15737573
1602117326, 11, 245, 293, 71, 0, 2.69%, 0, 0, 11, 1037.28 1760 15759329
1602117351, 11, 290, 293, 70, 1, 2.69%, 0, 0, 11, 1048.60 1760 15786206
1602117382, 11, 292, 293, 69, 0, 2.69%, 0, 0, 11, 1090.63 1760 15819180
1602117428, 12, 40, 293, 68, 0, 2.69%, 0, 0, 11, 1111.08 1760 15868076
1602117433, 12, 93, 294, 69, 0, 2.69%, 0, 0, 11, 1105.07 1760 15873658
1602117438, 12, 140, 294, 69, 0, 2.69%, 0, 0, 11, 1116.05 1760 15879276
1602117443, 12, 166, 294, 69, 0, 2.69%, 0, 0, 11, 1026.77 1760 15884426
1602123429, 12, 180, 294, 68, 0, 2.69%, 0, 0, 11, 1043.34 1760 21501124
1602123444, 12, 194, 295, 68, 0, 2.69%, 0, 0, 11, 1117.91 1760 21518112
1602123449, 12, 207, 296, 69, 0, 2.69%, 0, 0, 11, 1106.55 1760 21523843
1602123465, 12, 210, 296, 68, 0, 2.69%, 0, 0, 11, 1114.56 1760 21540945
1602123490, 12, 212, 296, 67, 0, 2.69%, 0, 0, 11, 1106.93 1760 21569203
1602123516, 12, 215, 296, 66, 0, 2.69%, 0, 0, 11, 1077.20 1760 21597058
1602123536, 12, 216, 296, 65, 0, 2.69%, 0, 0, 11, 1081.22 1760 21619444
1602123556, 12, 220, 296, 64, 0, 2.69%, 0, 0, 11, 1110.28 1760 21641989
1602123577, 12, 248, 296, 63, 0, 2.69%, 0, 0, 11, 1081.39 1760 21664396
1602123587, 12, 248, 297, 64, 0, 2.69%, 0, 0, 11, 1131.86 1760 21675692
1602123602, 12, 250, 298, 64, 0, 2.69%, 0, 0, 11, 1092.50 1760 21692397
1602123638, 12, 250, 299, 65, 0, 2.69%, 0, 0, 11, 1120.87 1760 21731622
1602123648, 12, 251, 300, 65, 0, 2.69%, 0, 0, 11, 1104.97 1760 21743131
1602123684, 12, 257, 300, 64, 0, 2.69%, 0, 0, 11, 1103.66 1760 21782171
1602123725, 12, 260, 301, 64, 0, 2.69%, 0, 0, 11, 1027.08 1760 21826280
1602124000, 12, 260, 302, 65, 0, 2.69%, 0, 0, 11, 959.23 1760 22087698
1602124595, 12, 265, 303, 65, 0, 2.69%, 0, 0, 11, 946.65 1760 22665020
1602124630, 12, 265, 304, 66, 0, 2.69%, 0, 0, 11, 887.97 1760 22696402
1602126285, 12, 265, 305, 67, 0, 2.69%, 0, 0, 11, 890.51 1760 24155379
1602126310, 12, 268, 305, 66, 0, 2.69%, 0, 0, 11, 864.75 1760 24177660
1602126315, 12, 268, 306, 67, 0, 2.69%, 0, 0, 11, 1028.72 1760 24183218
1602126382, 12, 268, 308, 69, 0, 2.69%, 0, 0, 11, 1097.96 1760 24254507
1602126397, 12, 268, 309, 70, 0, 2.69%, 0, 0, 11, 1104.49 1760 24271217
1602126402, 12, 278, 310, 70, 0, 2.69%, 0, 0, 11, 1087.79 1760 24276696
1602126433, 12, 278, 312, 72, 0, 2.69%, 0, 0, 11, 1102.59 1760 24310178
1602126438, 12, 278, 313, 73, 0, 2.69%, 0, 0, 11, 1114.50 1760 24315884
1602126458, 12, 283, 313, 72, 0, 2.69%, 0, 0, 11, 1113.72 1760 24338510
1602126463, 12, 284, 313, 72, 0, 2.69%, 0, 0, 11, 1080.21 1760 24344082
1602126514, 12, 287, 314, 72, 0, 2.69%, 0, 0, 11, 1111.16 1760 24399581
1602126530, 12, 288, 314, 71, 0, 2.69%, 0, 0, 11, 1123.91 1760 24416722
1602126545, 12, 291, 314, 70, 0, 2.69%, 0, 0, 11, 1093.45 1760 24433425
1602126571, 12, 291, 315, 71, 0, 2.69%, 0, 0, 11, 1098.98 1760 24461142
1602126591, 12, 296, 315, 70, 0, 2.69%, 0, 0, 11, 1108.68 1760 24483677
1602126596, 12, 296, 316, 71, 0, 2.69%, 0, 0, 11, 1100.48 1760 24489332
1602126606, 12, 296, 317, 72, 0, 2.69%, 0, 0, 11, 1117.17 1760 24500649
1602126617, 12, 300, 317, 71, 0, 2.69%, 0, 0, 11, 1113.74 1760 24512105
1602127496, 12, 304, 317, 70, 0, 2.69%, 0, 0, 11, 927.15 1760 25351274
1602129440, 12, 306, 318, 70, 0, 2.69%, 0, 0, 11, 1007.30 1760 27038260
1602129475, 12, 312, 319, 70, 0, 2.69%, 0, 0, 11, 1060.99 1760 27076787
1602129526, 12, 312, 320, 71, 0, 2.69%, 0, 0, 11, 1085.84 1760 27131008
1602129531, 12, 312, 321, 72, 0, 2.69%, 0, 0, 11, 1087.25 1760 27136560
1602129546, 12, 312, 322, 73, 0, 2.69%, 0, 0, 11, 1088.62 1760 27153179
1602129552, 12, 313, 323, 73, 0, 2.69%, 0, 0, 11, 1095.78 1760 27158735
1602129567, 12, 313, 324, 74, 0, 2.69%, 0, 0, 11, 1072.42 1760 27175323
1602129577, 12, 314, 324, 73, 0, 2.69%, 0, 0, 11, 1065.47 1760 27186162
1602129592, 12, 314, 325, 74, 0, 2.69%, 0, 0, 11, 1081.31 1760 27202762
1602129602, 12, 316, 325, 73, 0, 2.69%, 0, 0, 11, 1095.12 1760 27213847
1602129618, 12, 316, 326, 74, 0, 2.69%, 0, 0, 11, 1093.59 1760 27230466
1602129633, 12, 319, 328, 75, 0, 2.69%, 0, 0, 11, 1067.07 1760 27247217
1602129638, 12, 319, 329, 76, 0, 2.69%, 0, 0, 11, 1065.11 1760 27252678
1602129704, 12, 325, 329, 75, 0, 2.69%, 0, 0, 11, 1068.70 1760 27322404
1602129730, 12, 326, 329, 74, 0, 2.69%, 0, 0, 11, 1062.88 1760 27349848
1602129785, 12, 326, 330, 75, 0, 2.69%, 0, 0, 11, 1067.67 1760 27408587
1602129806, 12, 327, 330, 74, 0, 2.69%, 0, 0, 11, 1061.55 1760 27430575
1602129872, 13, 4, 330, 73, 0, 2.69%, 0, 0, 11, 1111.31 1760 27499110
1602129877, 13, 28, 330, 72, 0, 2.69%, 0, 0, 11, 1108.26 1760 27504788
1602129882, 13, 88, 330, 72, 0, 2.69%, 0, 0, 11, 1111.21 1760 27510420
1602129887, 13, 134, 330, 72, 0, 2.69%, 0, 0, 11, 1110.99 1760 27516025
1602129893, 13, 170, 330, 72, 0, 2.69%, 0, 0, 11, 1040.74 1760 27521485
1602130772, 13, 181, 330, 71, 0, 2.69%, 0, 0, 11, 1039.48 1760 28356661
1602130788, 13, 182, 330, 70, 0, 2.69%, 0, 0, 11, 1085.66 1760 28373105
1602130798, 13, 183, 330, 69, 0, 2.69%, 0, 0, 11, 1088.67 1760 28384153
1602130808, 13, 186, 330, 68, 0, 2.69%, 0, 0, 11, 1105.03 1760 28395251
1602130813, 13, 209, 330, 68, 0, 2.69%, 0, 0, 11, 1097.58 1760 28400942
1602130838, 13, 214, 330, 67, 0, 2.69%, 0, 0, 11, 1106.33 1760 28428749
1602130869, 13, 255, 331, 67, 0, 2.69%, 0, 0, 11, 1082.26 1760 28463041
1602130895, 13, 258, 331, 66, 0, 2.69%, 0, 0, 11, 1088.39 1760 28490689
1602130915, 13, 261, 331, 65, 0, 2.69%, 0, 0, 11, 1096.98 1760 28512902
1602130920, 13, 261, 332, 66, 0, 2.69%, 0, 0, 11, 1054.81 1760 28518266
1602130951, 13, 261, 333, 67, 0, 2.69%, 0, 0, 11, 1043.34 1760 28549852
1602130991, 13, 261, 334, 68, 0, 2.69%, 0, 0, 11, 1078.25 1760 28592970
1602131007, 13, 270, 334, 67, 0, 2.69%, 0, 0, 11, 1097.89 1760 28609737
1602131022, 13, 270, 335, 68, 0, 2.69%, 0, 0, 11, 1120.57 1760 28626566
1602131027, 13, 270, 336, 69, 0, 2.69%, 0, 0, 11, 1102.99 1760 28632206
1602131047, 13, 286, 336, 68, 0, 2.69%, 0, 0, 11, 1080.23 1760 28654258
1602131078, 13, 295, 338, 69, 0, 2.69%, 0, 0, 11, 1096.28 1760 28687397
1602131098, 13, 295, 339, 70, 0, 2.69%, 0, 0, 11, 1094.55 1760 28709498
1602131103, 13, 297, 340, 70, 0, 2.69%, 0, 0, 11, 1089.13 1760 28715020
1602131144, 13, 303, 340, 69, 0, 2.69%, 0, 0, 11, 1011.83 1760 28758163
1602165718, 13, 309, 340, 68, 0, 2.69%, 0, 0, 11, 944.35 1760 39016365
1602165753, 13, 315, 340, 67, 0, 2.69%, 0, 0, 11, 1120.32 1760 39055797
1602165774, 13, 324, 340, 66, 0, 2.69%, 0, 0, 11, 1117.02 1760 39078342
1602165799, 13, 333, 340, 65, 0, 2.69%, 0, 0, 11, 1096.37 1760 39106515
1602165845, 13, 333, 341, 66, 0, 2.69%, 0, 0, 11, 1039.24 1760 39154220
1602165850, 13, 333, 342, 67, 0, 2.69%, 0, 0, 11, 1052.87 1760 39159552
1602165916, 13, 333, 343, 68, 0, 2.69%, 0, 0, 11, 1067.24 1760 39228561
1602165921, 13, 333, 344, 69, 0, 2.69%, 0, 0, 11, 1093.07 1760 39234113
1602165931, 13, 333, 345, 70, 0, 2.69%, 0, 0, 11, 1093.32 1760 39245167
1602165941, 13, 339, 345, 69, 0, 2.69%, 0, 0, 11, 1097.31 1760 39256413
1602165982, 14, 35, 345, 68, 0, 2.69%, 0, 0, 11, 1126.81 1760 39301438
1602165987, 14, 60, 345, 68, 0, 2.69%, 0, 0, 11, 1129.74 1760 39307111
1602165997, 14, 62, 345, 67, 0, 2.69%, 0, 0, 11, 1112.46 1760 39318488
1602166003, 14, 72, 345, 66, 0, 2.69%, 0, 0, 11, 1082.31 1760 39324099
1602166008, 14, 114, 346, 67, 0, 2.69%, 0, 0, 11, 1086.23 1760 39329748
1602166018, 14, 160, 346, 66, 0, 2.69%, 0, 0, 11, 1107.68 1760 39340895
1602166354, 14, 161, 346, 65, 0, 2.69%, 0, 0, 11, 1017.49 1760 39658010
1602170172, 14, 164, 346, 64, 0, 2.69%, 0, 0, 11, 988.41 1760 40386221
1602170178, 14, 188, 346, 64, 0, 2.69%, 0, 0, 11, 1075.11 1760 40391756
1602170193, 14, 191, 346, 63, 0, 2.69%, 0, 0, 11, 1090.50 1760 40407940
1602170198, 14, 241, 346, 63, 0, 2.69%, 0, 0, 11, 1015.45 1760 40413033
1602170254, 14, 246, 347, 63, 0, 2.69%, 0, 0, 11, 1101.68 1760 40472625
1602170310, 14, 252, 347, 62, 0, 2.69%, 0, 0, 11, 1068.34 1760 40532384
1602170335, 14, 267, 347, 61, 0, 2.69%, 0, 0, 11, 999.56 1760 40559486
1602171926, 14, 269, 347, 60, 0, 2.69%, 0, 0, 11, 1030.97 1760 42026710
1602172013, 14, 274, 348, 60, 0, 2.69%, 0, 0, 11, 1091.14 1760 42118059
1602172033, 14, 274, 350, 62, 0, 2.69%, 0, 0, 11, 1088.74 1760 42139911
1602172048, 14, 274, 352, 64, 0, 2.69%, 0, 0, 11, 1090.23 1760 42156538
1602172058, 14, 280, 352, 63, 0, 2.69%, 0, 0, 11, 1094.12 1760 42167617
1602172069, 14, 280, 353, 64, 0, 2.69%, 0, 0, 11, 1077.60 1760 42178626
1602172084, 14, 286, 353, 63, 0, 2.69%, 0, 0, 11, 1088.19 1760 42195181
1602172089, 14, 300, 353, 63, 0, 2.69%, 0, 0, 11, 999.99 1760 42200271
1602172094, 14, 302, 353, 63, 0, 2.69%, 0, 0, 11, 903.24 1760 42204720
1602173841, 14, 320, 354, 63, 0, 2.69%, 0, 0, 11, 940.57 1760 43709502
1602173846, 14, 320, 356, 65, 0, 2.69%, 0, 0, 11, 1020.35 1760 43714695
1602173943, 14, 320, 357, 66, 0, 2.69%, 0, 0, 11, 1066.12 1760 43813502
1602173953, 14, 324, 357, 65, 0, 2.69%, 0, 0, 11, 1091.55 1760 43824594
1602173958, 14, 338, 357, 65, 0, 2.69%, 0, 0, 11, 1062.70 1760 43830080
1602173978, 14, 343, 357, 64, 0, 2.69%, 0, 0, 11, 1053.21 1760 43852457
1602174019, 14, 343, 358, 65, 0, 2.69%, 0, 0, 11, 1025.77 1760 43894590
1602174142, 14, 343, 359, 66, 0, 2.69%, 0, 0, 11, 1057.00 1760 44019711
1602174147, 14, 343, 361, 68, 0, 2.69%, 0, 0, 11, 1062.86 1760 44025208
1602174152, 14, 343, 363, 70, 0, 2.69%, 0, 0, 11, 1074.72 1760 44030705
1602174162, 14, 347, 363, 69, 0, 2.69%, 0, 0, 11, 1035.31 1760 44041405
1602174193, 14, 349, 363, 68, 0, 2.69%, 0, 0, 11, 1097.35 1760 44074029
1602174218, 14, 350, 363, 67, 0, 2.69%, 0, 0, 11, 1061.90 1760 44101449
1602174239, 14, 350, 364, 68, 0, 2.69%, 0, 0, 11, 1080.64 1760 44123372
1602174254, 14, 354, 364, 67, 0, 2.69%, 0, 0, 11, 1063.29 1760 44139906
1602174335, 14, 354, 365, 68, 0, 2.69%, 0, 0, 11, 1052.38 1760 44224482
1602174350, 14, 356, 365, 67, 0, 2.69%, 0, 0, 11, 1091.27 1760 44240496
1602174356, 14, 356, 367, 69, 0, 2.69%, 0, 0, 11, 1024.65 1760 44245767
1602174452, 14, 356, 368, 70, 0, 2.69%, 0, 0, 11, 1021.79 1760 44344271
1602174503, 14, 356, 369, 71, 0, 2.69%, 0, 0, 11, 1043.92 1760 44396611
1602174513, 15, 7, 369, 70, 0, 2.69%, 0, 0, 11, 1093.90 1760 44407575
1602174518, 15, 48, 369, 70, 0, 2.69%, 0, 0, 11, 1088.98 1760 44413144
1602174523, 15, 110, 369, 70, 0, 2.69%, 0, 0, 11, 1085.13 1760 44418562
1602174528, 15, 159, 369, 70, 0, 2.69%, 0, 0, 11, 1093.32 1760 44424144
1602174533, 15, 179, 370, 71, 0, 2.69%, 0, 0, 11, 1103.48 1760 44429658
1602174543, 15, 193, 370, 70, 0, 2.69%, 0, 0, 11, 1114.69 1760 44440941
1602174548, 15, 199, 370, 70, 0, 2.69%, 0, 0, 11, 1112.37 1760 44446539
1602174574, 15, 239, 370, 69, 0, 2.69%, 0, 0, 11, 1075.80 1760 44474225
1602174605, 15, 273, 370, 68, 0, 2.69%, 0, 0, 11, 1113.40 1760 44507279
1602174625, 15, 275, 370, 67, 0, 2.69%, 0, 0, 11, 1101.87 1760 44529920
1602174651, 15, 277, 370, 66, 0, 2.69%, 0, 0, 11, 1110.96 1760 44557565
1602174681, 15, 294, 371, 66, 0, 2.69%, 0, 0, 11, 1101.25 1760 44591065
1602174712, 15, 310, 371, 65, 0, 2.69%, 0, 0, 11, 1074.08 1760 44623823
1602174752, 15, 321, 371, 64, 0, 2.69%, 0, 0, 11, 1052.69 1760 44667436
1602174848, 15, 328, 371, 63, 0, 2.69%, 0, 0, 11, 1074.55 1760 44767484
1602174920, 15, 334, 371, 62, 0, 2.69%, 0, 0, 11, 1060.22 1760 44844090
1602174940, 15, 336, 372, 62, 0, 2.69%, 0, 0, 11, 1069.16 1760 44866083
1602174961, 15, 340, 372, 61, 0, 2.69%, 0, 0, 11, 1058.12 1760 44888285
1602175093, 15, 358, 372, 60, 0, 2.69%, 0, 0, 11, 1045.04 1760 45023499
1602175251, 15, 358, 373, 61, 0, 2.69%, 0, 0, 12, 1040.51 1760 45182801
1602175271, 15, 358, 374, 62, 0, 2.69%, 0, 0, 12, 1054.13 1760 45204174
1602175276, 15, 360, 374, 61, 0, 2.69%, 0, 0, 12, 1006.65 1760 45209361
1602175470, 15, 360, 375, 62, 0, 2.69%, 0, 0, 12, 973.38 1760 45400036
1602175485, 15, 364, 375, 61, 0, 2.69%, 0, 0, 12, 1038.53 1760 45415794
1602175587, 15, 370, 375, 60, 0, 2.69%, 0, 0, 12, 1094.48 1760 45522477
1602175607, 15, 370, 376, 61, 0, 2.69%, 0, 0, 12, 1084.01 1760 45544323
1602175617, 15, 375, 376, 60, 0, 2.69%, 0, 0, 12, 1092.76 1760 45555468
1602175627, 15, 375, 377, 61, 0, 2.69%, 0, 0, 12, 1056.95 1760 45566420
1602175658, 16, 28, 377, 60, 0, 2.69%, 0, 0, 12, 1095.65 1760 45598956
1602175663, 16, 66, 377, 60, 0, 2.69%, 0, 0, 12, 1087.63 1760 45604517
1602175673, 16, 86, 377, 59, 0, 2.69%, 0, 0, 12, 1090.72 1760 45615571
1602175678, 16, 130, 377, 59, 0, 2.69%, 0, 0, 12, 1089.51 1760 45621203
1602175683, 16, 158, 377, 59, 0, 2.69%, 0, 0, 12, 1078.39 1760 45626705
1602175688, 16, 233, 377, 59, 0, 2.69%, 0, 0, 12, 1076.30 1760 45632046
1602175714, 16, 253, 377, 58, 0, 2.69%, 0, 0, 12, 1073.69 1760 45659302
1602175719, 16, 254, 377, 58, 0, 2.69%, 0, 0, 12, 1073.44 1760 45664803
1602175755, 16, 255, 377, 57, 0, 2.69%, 0, 0, 12, 1059.63 1760 45702674
1602175760, 16, 267, 377, 57, 0, 2.69%, 0, 0, 12, 965.24 1760 45707604
1602175765, 16, 271, 377, 57, 0, 2.69%, 0, 0, 12, 1030.69 1760 45712820
1602175770, 16, 271, 378, 58, 0, 2.69%, 0, 0, 12, 1073.66 1760 45718269
1602175785, 16, 271, 379, 59, 0, 2.69%, 0, 0, 12, 1099.96 1760 45734867
1602175800, 16, 281, 379, 58, 0, 2.69%, 0, 0, 12, 1107.12 1760 45751660
1602175805, 16, 307, 379, 58, 0, 2.69%, 0, 0, 12, 994.43 1760 45756822
1602175912, 16, 308, 379, 57, 0, 2.69%, 0, 0, 12, 1023.74 1760 45869059
1602176030, 16, 311, 379, 56, 0, 2.69%, 0, 0, 12, 1070.99 1760 45990710
1602176080, 16, 322, 379, 55, 0, 2.69%, 0, 0, 12, 1083.50 1760 46044236
1602176101, 16, 323, 379, 54, 0, 2.69%, 0, 0, 12, 1080.26 1760 46066442
1602176126, 16, 342, 379, 53, 0, 2.69%, 0, 0, 12, 1061.64 1760 46093974
1602176248, 16, 365, 379, 52, 0, 2.69%, 0, 0, 12, 1053.99 1760 46219297
1602176375, 16, 365, 380, 53, 0, 2.69%, 0, 0, 12, 1055.77 1760 46348766
1602176390, 17, 24, 380, 52, 0, 2.69%, 0, 0, 12, 1071.60 1760 46365396
1602176395, 17, 69, 380, 52, 0, 2.69%, 0, 0, 12, 1092.13 1760 46370998
1602176406, 17, 91, 380, 51, 0, 2.69%, 0, 0, 12, 1110.00 1760 46382163
1602176411, 17, 101, 380, 51, 0, 2.69%, 0, 0, 12, 1122.03 1760 46387881
1602176416, 17, 117, 380, 50, 0, 2.69%, 0, 0, 12, 1097.15 1760 46393376
1602176426, 17, 152, 380, 49, 0, 2.69%, 0, 0, 12, 1102.80 1760 46404517
1602176431, 17, 196, 380, 49, 0, 2.69%, 0, 0, 12, 1046.51 1760 46409655
1602176436, 17, 239, 380, 49, 0, 2.69%, 0, 0, 12, 1082.42 1760 46415197
1602176441, 17, 242, 380, 49, 0, 2.69%, 0, 0, 12, 1059.48 1760 46420672
1602176497, 17, 256, 380, 48, 0, 2.69%, 0, 0, 12, 1088.03 1760 46480061
1602176502, 17, 299, 380, 48, 0, 2.69%, 0, 0, 12, 1075.60 1760 46485542
1602176538, 17, 317, 380, 47, 0, 2.69%, 0, 0, 12, 1073.20 1760 46524176
1602176568, 17, 317, 381, 48, 0, 2.69%, 0, 0, 12, 1112.48 1760 46557657
1602176584, 17, 324, 381, 47, 0, 2.69%, 0, 0, 12, 1086.37 1760 46574684
1602176589, 17, 331, 381, 47, 0, 2.69%, 0, 0, 12, 1048.83 1760 46580059
1602176670, 17, 337, 381, 46, 0, 2.69%, 0, 0, 12, 1057.18 1760 46665363
1602176686, 17, 353, 381, 45, 0, 2.69%, 0, 0, 12, 1092.41 1760 46682084
1602176797, 17, 355, 381, 44, 0, 2.69%, 0, 0, 12, 1020.20 1760 46796724
1602176904, 17, 365, 381, 43, 0, 2.69%, 0, 0, 12, 1068.04 1760 46906767
1602176909, 17, 366, 381, 43, 0, 2.69%, 0, 0, 12, 1029.39 1760 46911919
1602177322, 17, 374, 381, 42, 0, 2.69%, 0, 0, 12, 978.63 1760 47042118
1602177992, 18, 20, 381, 41, 0, 2.69%, 0, 0, 12, 1089.69 1760 47236002
1602177997, 18, 64, 381, 41, 0, 2.69%, 0, 0, 12, 1107.35 1760 47241645
1602178002, 18, 123, 382, 42, 0, 2.69%, 0, 0, 12, 1105.29 1760 47247241
1602178007, 18, 173, 382, 42, 0, 2.69%, 0, 0, 12, 1081.04 1760 47252671
1602178012, 18, 259, 382, 42, 0, 2.69%, 0, 0, 12, 1074.99 1760 47258110
1602179449, 18, 264, 382, 41, 0, 2.69%, 0, 0, 12, 903.97 1760 48528321
1602179454, 18, 269, 382, 41, 0, 2.69%, 0, 0, 12, 1027.15 1760 48533659
1602179459, 18, 276, 382, 41, 0, 2.69%, 0, 0, 12, 1046.71 1760 48538931
1602179480, 18, 276, 383, 42, 0, 2.69%, 0, 0, 12, 1057.34 1760 48560588
1602179490, 18, 310, 383, 41, 0, 2.69%, 0, 0, 12, 1070.14 1760 48571641
1602179495, 18, 330, 384, 42, 0, 2.69%, 0, 0, 12, 1077.71 1760 48577147
1602179525, 18, 344, 384, 41, 0, 2.69%, 0, 0, 12, 1027.22 1760 48609493
1602179663, 18, 352, 384, 40, 0, 2.69%, 0, 0, 12, 1050.41 1760 48748901
1602179683, 18, 359, 384, 39, 0, 2.69%, 0, 0, 12, 1045.88 1760 48770364
1602179852, 18, 361, 384, 38, 0, 2.69%, 0, 0, 12, 1021.17 1760 48939810
1602180111, 18, 361, 385, 39, 0, 2.69%, 0, 0, 12, 1042.10 1760 49193597
1602180122, 18, 363, 385, 38, 0, 2.69%, 0, 0, 12, 1051.34 1760 49204133
1602180147, 18, 363, 386, 39, 0, 2.69%, 0, 0, 12, 1087.95 1760 49231654
1602180162, 18, 363, 387, 40, 0, 2.69%, 0, 0, 12, 1069.95 1760 49247727
1602180167, 18, 368, 387, 39, 0, 2.69%, 0, 0, 12, 1031.74 1760 49253034
1602180178, 18, 368, 388, 40, 0, 2.69%, 0, 0, 12, 962.55 1760 49262742
1602180406, 18, 368, 389, 41, 0, 2.69%, 0, 0, 12, 1014.63 1760 49482288
1602180426, 18, 373, 389, 40, 0, 2.69%, 0, 0, 12, 1027.49 1760 49503324
1602180752, 18, 376, 389, 39, 0, 2.69%, 0, 0, 12, 1088.50 1760 49818894
1602180798, 18, 376, 390, 40, 0, 2.69%, 0, 0, 12, 1083.93 1760 49868487
1602180813, 18, 378, 390, 39, 0, 2.69%, 0, 0, 12, 1123.95 1760 49885517
1602180828, 18, 378, 391, 40, 0, 2.69%, 0, 0, 12, 1081.31 1760 49902291
1602180843, 18, 379, 391, 39, 0, 2.69%, 0, 0, 12, 1089.53 1760 49919055
1602181047, 18, 382, 391, 38, 0, 2.69%, 0, 0, 12, 1089.92 1760 50122562
1602181093, 18, 383, 391, 37, 0, 2.69%, 0, 0, 12, 1115.18 1760 50172593
1602181119, 18, 384, 391, 36, 0, 2.69%, 0, 0, 12, 1115.03 1760 50201302
1602181572, 18, 384, 392, 37, 0, 2.69%, 0, 0, 13, 948.63 1760 50618776
1602181613, 18, 384, 393, 38, 0, 2.69%, 0, 0, 13, 1007.86 1760 50657694
1602181623, 18, 384, 395, 40, 0, 2.69%, 0, 0, 13, 1017.53 1760 50668210
1602181628, 18, 388, 395, 39, 0, 2.69%, 0, 0, 13, 961.96 1760 50673033
1602181638, 18, 388, 398, 42, 0, 2.69%, 0, 0, 13, 873.82 1760 50682036
1602181664, 18, 388, 399, 43, 0, 2.69%, 0, 0, 13, 897.61 1760 50704970
1602181684, 18, 388, 401, 45, 0, 2.69%, 0, 0, 13, 906.97 1760 50722943
1602181694, 18, 388, 402, 46, 0, 2.69%, 0, 0, 13, 922.96 1760 50732203
1602181918, 18, 388, 403, 47, 0, 2.69%, 0, 0, 13, 913.71 1760 50935497
1602182046, 18, 388, 404, 48, 0, 2.69%, 0, 0, 13, 1059.31 1760 51052606
1602182066, 18, 390, 404, 47, 0, 2.69%, 0, 0, 13, 1099.35 1760 51074304
1602182091, 18, 390, 405, 48, 0, 2.69%, 0, 0, 13, 1110.29 1760 51102047
1602182101, 18, 393, 405, 47, 0, 2.69%, 0, 0, 13, 968.36 1760 51112494
1602182591, 19, 5, 405, 46, 0, 2.69%, 0, 0, 13, 1051.42 1760 51557304
1602182596, 19, 47, 405, 46, 0, 2.69%, 0, 0, 13, 1101.65 1760 51562926
1602182601, 19, 112, 405, 46, 0, 2.69%, 0, 0, 13, 1119.40 1760 51568536
1602182606, 19, 162, 405, 46, 0, 2.69%, 0, 0, 13, 1073.60 1760 51574005
1602182611, 19, 198, 405, 46, 0, 2.69%, 0, 0, 13, 1097.07 1760 51579536
1602182616, 19, 245, 405, 46, 0, 2.69%, 0, 0, 13, 1105.38 1760 51585144
1602182621, 19, 273, 405, 46, 0, 2.69%, 0, 0, 13, 1098.42 1760 51590650
1602182626, 19, 293, 405, 46, 0, 2.69%, 0, 0, 13, 1101.24 1760 51596176
1602182641, 19, 293, 407, 48, 0, 2.69%, 0, 0, 13, 1113.21 1760 51612888
1602182667, 19, 341, 407, 47, 0, 2.69%, 0, 0, 13, 1053.83 1760 51640859
1602182798, 19, 346, 407, 46, 0, 2.69%, 0, 0, 13, 1037.12 1760 51774045
1602182854, 19, 366, 407, 45, 0, 2.69%, 0, 0, 13, 1080.61 1760 51833080
1602182859, 19, 376, 407, 45, 0, 2.69%, 0, 0, 13, 1097.06 1760 51838630
1602182864, 19, 377, 407, 45, 0, 2.69%, 0, 0, 13, 1094.23 1760 51844166
1602182885, 19, 386, 407, 44, 0, 2.69%, 0, 0, 13, 1070.81 1760 51866261
1602182931, 19, 386, 408, 45, 0, 2.69%, 0, 0, 13, 1094.20 1760 51915797
1602182951, 19, 391, 409, 45, 0, 2.69%, 0, 0, 14, 969.90 1760 51937230
1602183450, 19, 397, 409, 44, 0, 2.69%, 0, 0, 14, 990.31 1760 52385319
1602183811, 19, 405, 409, 43, 0, 2.69%, 0, 0, 14, 1031.96 1760 52716772
1602183831, 19, 405, 411, 45, 0, 2.69%, 0, 0, 14, 1054.23 1760 52738242
1602183857, 19, 406, 411, 44, 0, 2.69%, 0, 0, 14, 1090.68 1760 52765946
1602183882, 20, 27, 411, 43, 0, 2.69%, 0, 0, 14, 1094.19 1760 52793630
1602183887, 20, 74, 411, 43, 0, 2.69%, 0, 0, 14, 1104.52 1760 52799228
1602183893, 20, 128, 411, 43, 0, 2.69%, 0, 0, 14, 1077.95 1760 52804680
1602183898, 20, 164, 411, 43, 0, 2.69%, 0, 0, 14, 1047.54 1760 52810048
1602183903, 20, 227, 411, 43, 0, 2.69%, 0, 0, 14, 1070.59 1760 52815583
1602183908, 20, 255, 411, 43, 0, 2.69%, 0, 0, 14, 1088.52 1760 52821110
1602183913, 20, 272, 411, 43, 0, 2.69%, 0, 0, 14, 1086.66 1760 52826651
1602183938, 20, 289, 411, 42, 0, 2.69%, 0, 0, 14, 1081.71 1760 52853710
1602183954, 20, 349, 411, 41, 0, 2.69%, 0, 0, 14, 1101.05 1760 52870526
1602183959, 20, 371, 412, 42, 0, 2.69%, 0, 0, 14, 1102.61 1760 52876049
1602183979, 20, 392, 412, 41, 0, 2.69%, 0, 0, 14, 1035.55 1760 52897915
1602184585, 20, 393, 412, 40, 0, 2.69%, 0, 0, 14, 974.44 1760 53426541
1602184590, 20, 401, 412, 40, 0, 2.69%, 0, 0, 14, 942.29 1760 53431314
1602184952, 20, 402, 412, 39, 0, 2.69%, 0, 0, 14, 975.73 1760 53758311
1602185302, 20, 403, 412, 38, 0, 2.69%, 0, 0, 14, 1048.25 1760 54083975
1602185908, 20, 409, 412, 37, 0, 2.69%, 0, 0, 14, 1023.41 1760 54603524
1602185913, 20, 409, 413, 38, 0, 2.69%, 0, 0, 14, 1075.36 1760 54608978
1602185933, 20, 411, 413, 37, 0, 2.69%, 0, 0, 14, 1091.49 1760 54631124
1602185949, 20, 411, 414, 38, 0, 2.69%, 0, 0, 14, 1097.32 1760 54647709
1602185969, 20, 412, 414, 37, 0, 2.69%, 0, 0, 14, 1098.65 1760 54670330
1602185984, 20, 412, 415, 38, 0, 2.69%, 0, 0, 14, 1043.67 1760 54686649
1602186000, 20, 413, 415, 37, 0, 2.69%, 0, 0, 14, 1091.92 1760 54703149
1602186025, 20, 413, 416, 38, 0, 2.69%, 0, 0, 14, 1094.21 1760 54730826
1602186040, 21, 17, 416, 37, 0, 2.69%, 0, 0, 14, 1106.41 1760 54747331
1602186045, 21, 50, 416, 37, 0, 2.69%, 0, 0, 14, 1105.37 1760 54752941
1602186050, 21, 112, 416, 37, 0, 2.69%, 0, 0, 14, 1111.77 1760 54758573
1602186055, 21, 161, 416, 37, 0, 2.69%, 0, 0, 14, 1088.73 1760 54764048
1602186061, 21, 197, 416, 37, 0, 2.69%, 0, 0, 14, 1073.18 1760 54769365
1602186066, 21, 266, 416, 37, 0, 2.69%, 0, 0, 14, 1077.46 1760 54774888
1602186137, 21, 268, 416, 36, 0, 2.69%, 0, 0, 14, 1070.93 1760 54849086
1602186142, 21, 332, 416, 36, 0, 2.69%, 0, 0, 14, 1081.59 1760 54854557
1602186223, 21, 372, 416, 35, 0, 2.69%, 0, 0, 14, 1076.78 1760 54940158
1602186365, 21, 394, 416, 34, 0, 2.69%, 0, 0, 14, 1056.59 1760 55085959
1602187002, 21, 394, 417, 35, 0, 2.69%, 0, 0, 14, 942.86 1760 55642056
1602187023, 21, 399, 417, 34, 0, 2.69%, 0, 0, 14, 982.40 1760 55662081
1602187383, 21, 404, 417, 33, 0, 2.69%, 0, 0, 14, 1032.91 1760 55990005
1602187424, 21, 404, 419, 35, 0, 2.69%, 0, 0, 14, 1074.55 1760 56033174
1602187450, 21, 408, 419, 34, 0, 2.69%, 0, 0, 14, 1071.94 1760 56060818
1602187739, 21, 408, 420, 35, 0, 2.69%, 0, 0, 15, 1027.73 1760 56351975
1602187749, 21, 408, 421, 36, 0, 2.69%, 0, 0, 15, 1063.76 1760 56362728
1602187769, 21, 414, 421, 35, 0, 2.69%, 0, 0, 15, 1083.39 1760 56384279
1602187775, 21, 414, 422, 36, 0, 2.69%, 0, 0, 15, 1057.37 1760 56389709
1602187805, 21, 415, 422, 35, 0, 2.69%, 0, 0, 15, 1103.06 1760 56423114
1602187836, 21, 415, 423, 36, 0, 2.69%, 0, 0, 15, 1101.25 1760 56456246
1602187851, 21, 415, 424, 37, 0, 2.69%, 0, 0, 15, 1108.64 1760 56473018
1602187856, 21, 418, 425, 37, 0, 2.69%, 0, 0, 15, 1110.18 1760 56478662
1602187902, 21, 418, 426, 38, 0, 2.69%, 0, 0, 15, 1099.19 1760 56528297
1602187922, 22, 17, 426, 37, 0, 2.69%, 0, 0, 15, 1135.64 1760 56550715
1602187927, 22, 74, 426, 37, 0, 2.69%, 0, 0, 15, 1128.62 1760 56556559
1602187932, 22, 129, 426, 37, 0, 2.69%, 0, 0, 15, 1101.04 1760 56562147
1602187937, 22, 165, 426, 37, 0, 2.69%, 0, 0, 15, 1073.52 1760 56567558
1602187943, 22, 283, 426, 37, 0, 2.69%, 0, 0, 15, 1084.53 1760 56572993
1602187948, 22, 288, 426, 37, 0, 2.69%, 0, 0, 15, 1112.65 1760 56578613
1602187953, 22, 301, 426, 37, 0, 2.69%, 0, 0, 15, 1029.08 1760 56583773
