# unix_time, cycles_done, cur_path, paths_total, pending_total, pending_favs, map_size, unique_crashes, unique_hangs, max_depth, execs_per_sec, edge_coverage, total_execs
1605478375, 0, 0, 1, 1, 1, 0.03%, 0, 0, 1, 1600.00 0 8
1605478380, 0, 4, 25, 24, 3, 0.04%, 0, 0, 2, 5695.86 26 34407
1605478385, 0, 26, 36, 32, 1, 0.06%, 0, 0, 4, 5984.03 40 64759
1605478390, 0, 34, 38, 32, 3, 0.07%, 0, 0, 5, 5351.27 45 92797
1605478395, 0, 36, 40, 32, 3, 0.08%, 0, 0, 5, 4918.32 50 115906
1605478400, 0, 38, 40, 30, 1, 0.08%, 0, 0, 5, 4810.76 50 140368
1605478405, 0, 41, 43, 32, 2, 0.08%, 0, 0, 6, 4339.00 54 161596
1605478410, 0, 42, 44, 32, 2, 0.09%, 0, 0, 7, 4314.01 57 183805
1605478415, 0, 43, 46, 33, 1, 0.09%, 0, 0, 8, 3967.08 59 203548
1605478420, 0, 44, 48, 34, 2, 0.09%, 0, 0, 9, 4103.69 61 224245
1605478425, 0, 46, 49, 34, 3, 0.10%, 0, 0, 9, 4168.53 65 246429
1605478430, 0, 47, 49, 33, 2, 0.10%, 0, 0, 9, 3638.31 65 264598
1605478435, 0, 48, 50, 33, 1, 0.11%, 0, 0, 10, 3616.21 73 283144
1605478441, 0, 49, 50, 32, 1, 0.11%, 0, 0, 10, 3766.48 73 302524
1605478446, 0, 50, 51, 32, 1, 0.11%, 0, 0, 11, 3868.57 74 321812
1605478451, 0, 51, 53, 33, 1, 0.12%, 0, 0, 13, 3972.28 81 341491
1605478456, 0, 51, 54, 34, 1, 0.13%, 0, 0, 13, 3348.69 84 358256
1605478461, 0, 53, 57, 36, 3, 0.13%, 0, 0, 14, 3357.09 87 375561
1605478466, 0, 53, 59, 38, 3, 0.14%, 0, 0, 14, 3572.46 89 392802
1605478471, 0, 55, 60, 38, 3, 0.14%, 0, 0, 14, 3860.65 90 414379
1605478476, 0, 56, 60, 37, 2, 0.14%, 0, 0, 14, 3456.02 90 430941
1605478481, 0, 56, 61, 38, 2, 0.14%, 0, 0, 15, 3454.02 91 448321
1605478486, 0, 59, 62, 38, 2, 0.14%, 0, 0, 15, 3483.34 92 465017
1605478496, 0, 61, 62, 37, 1, 0.14%, 0, 0, 15, 3333.82 92 496188
1605478501, 0, 61, 65, 40, 1, 0.14%, 0, 0, 16, 3158.61 95 511802
1605478506, 0, 64, 66, 40, 1, 0.15%, 0, 0, 17, 3464.91 96 529862
1605478511, 0, 65, 66, 39, 1, 0.15%, 0, 0, 17, 3601.82 96 546863
1605478522, 1, 28, 66, 32, 0, 0.15%, 0, 0, 17, 5068.53 96 590096
1605478527, 1, 52, 66, 31, 0, 0.15%, 0, 0, 17, 4011.20 96 611045
1605478532, 1, 58, 66, 30, 0, 0.15%, 0, 0, 17, 3699.60 96 628538
1605478542, 1, 60, 66, 29, 0, 0.15%, 0, 0, 17, 3625.99 96 663374
1605478552, 2, 33, 66, 22, 0, 0.15%, 0, 0, 17, 4638.57 96 705140
1605478557, 2, 62, 66, 21, 0, 0.15%, 0, 0, 17, 5051.39 96 731127
1605478568, 3, 24, 66, 20, 0, 0.15%, 0, 0, 17, 4124.19 96 767762
1605478573, 3, 32, 66, 18, 0, 0.15%, 0, 0, 17, 4644.33 96 791518
1605478578, 3, 45, 66, 17, 0, 0.15%, 0, 0, 17, 4354.45 96 814216
1605478583, 3, 59, 66, 16, 0, 0.15%, 0, 0, 17, 4825.32 96 837038
1605478588, 4, 31, 66, 13, 0, 0.15%, 0, 0, 17, 4976.61 96 863983
1605478593, 4, 57, 66, 12, 0, 0.15%, 0, 0, 17, 5044.18 96 888765
1605478603, 4, 63, 66, 11, 0, 0.15%, 0, 0, 17, 4166.82 96 925617
1605478613, 5, 23, 66, 10, 0, 0.15%, 0, 0, 17, 4321.58 96 962430
1605478618, 5, 39, 66, 8, 0, 0.15%, 0, 0, 17, 4358.13 96 985411
1605478629, 5, 46, 67, 8, 0, 0.15%, 0, 0, 17, 3581.12 96 1015868
1605478634, 5, 66, 67, 8, 0, 0.15%, 0, 0, 17, 4250.69 96 1040776
1605478654, 6, 45, 67, 4, 0, 0.15%, 0, 0, 17, 4893.70 96 1106964
1605478659, 7, 47, 67, 4, 0, 0.15%, 0, 0, 17, 5319.64 96 1134328
1605478664, 7, 54, 67, 4, 0, 0.15%, 0, 0, 17, 3904.40 96 1152476
1605478669, 7, 56, 67, 3, 0, 0.15%, 0, 0, 17, 3875.66 96 1169392
1605478675, 8, 65, 67, 3, 0, 0.15%, 0, 0, 17, 5103.66 96 1197649
1605478680, 10, 38, 67, 3, 0, 0.15%, 0, 0, 17, 5481.18 96 1226468
1605478685, 11, 19, 67, 3, 0, 0.15%, 0, 0, 17, 5379.35 96 1253418
1605478690, 12, 36, 67, 2, 0, 0.15%, 0, 0, 17, 5487.19 96 1281079
1605478695, 13, 38, 67, 2, 0, 0.15%, 0, 0, 17, 5518.83 96 1308742
1605478700, 14, 40, 67, 2, 0, 0.15%, 0, 0, 17, 5217.70 96 1335239
1605478705, 14, 55, 67, 1, 0, 0.15%, 0, 0, 17, 4776.12 96 1357092
1605478710, 15, 48, 67, 1, 0, 0.15%, 0, 0, 17, 5365.55 96 1384524
1605478715, 16, 38, 67, 0, 0, 0.15%, 0, 0, 17, 5476.57 96 1411920
1605478720, 17, 47, 67, 0, 0, 0.15%, 0, 0, 17, 5445.29 96 1439275
1605478725, 18, 55, 67, 0, 0, 0.15%, 0, 0, 17, 5495.25 96 1466867
1605478730, 19, 56, 67, 0, 0, 0.15%, 0, 0, 17, 5495.82 96 1494637
1605478735, 20, 59, 67, 0, 0, 0.15%, 0, 0, 17, 5497.39 96 1523086
1605478740, 21, 56, 67, 0, 0, 0.15%, 0, 0, 17, 5464.40 96 1551253
1605478745, 21, 67, 68, 1, 1, 0.15%, 0, 0, 18, 4251.24 99 1573404
1605478751, 21, 67, 69, 2, 1, 0.15%, 0, 0, 19, 2973.88 100 1588046
1605478756, 21, 67, 71, 4, 1, 0.16%, 0, 0, 19, 4584.99 103 1613687
1605478761, 21, 70, 71, 3, 1, 0.16%, 0, 0, 19, 4242.28 103 1636021
1605478771, 21, 71, 72, 3, 1, 0.16%, 0, 0, 20, 4661.42 104 1676026
1605478781, 21, 71, 74, 5, 1, 0.17%, 0, 0, 21, 4228.64 112 1713301
1605478786, 21, 73, 74, 4, 1, 0.17%, 0, 0, 21, 5070.00 112 1739421
1605478796, 21, 73, 75, 5, 1, 0.17%, 1, 0, 22, 2482.72 113 1767495
