# unix_time, cycles_done, cur_path, paths_total, pending_total, pending_favs, map_size, unique_crashes, unique_hangs, max_depth, execs_per_sec, edge_coverage, total_execs
1606750517, 0, 0, 2, 2, 2, 7.53%, 0, 0, 1, 27.16, 4936, 16
1606750523, 0, 0, 15, 15, 2, 7.79%, 0, 0, 2, 14.15, 5104, 367
1606750533, 0, 0, 27, 27, 2, 8.52%, 0, 0, 2, 12.18, 5581, 611
1606750538, 0, 0, 35, 35, 2, 8.59%, 0, 0, 2, 13.30, 5630, 680
1606750543, 0, 0, 43, 43, 2, 8.62%, 0, 0, 2, 13.28, 5651, 749
1606750548, 0, 0, 50, 50, 2, 8.75%, 0, 0, 2, 12.85, 5732, 815
1606750553, 0, 0, 57, 57, 2, 8.75%, 0, 0, 2, 13.22, 5736, 881
1606750559, 0, 0, 65, 65, 2, 8.76%, 0, 0, 2, 13.89, 5743, 953
1606750564, 0, 0, 72, 72, 2, 8.76%, 0, 0, 2, 12.99, 5744, 1016
1606750569, 0, 0, 80, 80, 2, 8.76%, 0, 0, 2, 12.78, 5744, 1082
1606750574, 0, 0, 87, 87, 2, 8.76%, 0, 0, 2, 13.10, 5744, 1151
1606750579, 0, 0, 94, 94, 2, 8.77%, 0, 0, 2, 13.24, 5745, 1217
1606750584, 0, 0, 101, 101, 2, 8.77%, 0, 0, 2, 12.98, 5745, 1283
1606750589, 0, 0, 108, 108, 2, 8.77%, 0, 0, 2, 13.34, 5748, 1352
1606750594, 0, 0, 115, 115, 2, 8.77%, 0, 0, 2, 13.04, 5748, 1418
1606750599, 0, 0, 122, 122, 2, 8.77%, 0, 0, 2, 12.65, 5748, 1481
1606750605, 0, 0, 130, 130, 2, 8.77%, 0, 0, 2, 12.98, 5748, 1547
1606750610, 0, 0, 136, 136, 2, 8.77%, 0, 0, 2, 12.50, 5748, 1610
1606750615, 0, 0, 142, 142, 2, 8.77%, 0, 0, 2, 13.19, 5748, 1679
1606750620, 0, 0, 149, 149, 2, 8.78%, 0, 0, 2, 12.47, 5752, 1742
1606750625, 0, 0, 155, 155, 2, 8.78%, 0, 0, 2, 12.12, 5752, 1802
1606750630, 0, 0, 161, 161, 2, 8.78%, 0, 0, 2, 12.53, 5755, 1865
1606750635, 0, 0, 165, 165, 2, 8.78%, 0, 0, 2, 12.29, 5755, 1931
1606750641, 0, 0, 169, 169, 2, 8.78%, 0, 0, 2, 12.96, 5755, 1997
1606750646, 0, 0, 174, 174, 2, 8.78%, 0, 0, 2, 12.25, 5755, 2060
1606750651, 0, 0, 175, 175, 2, 8.78%, 0, 0, 2, 12.64, 5755, 2123
1606750666, 0, 0, 184, 184, 2, 8.81%, 0, 0, 2, 11.64, 5772, 2412
1606750671, 0, 0, 190, 190, 2, 8.81%, 0, 0, 2, 11.62, 5774, 2472
1606750676, 0, 0, 197, 197, 2, 8.81%, 0, 0, 2, 11.96, 5774, 2535
1606750682, 0, 0, 203, 203, 2, 8.81%, 0, 0, 2, 12.22, 5774, 2598
1606750687, 0, 0, 206, 206, 2, 8.81%, 0, 0, 2, 12.55, 5774, 2664
1606750723, 0, 0, 232, 232, 2, 8.94%, 0, 0, 2, 507.08, 5862, 3415
1606750728, 0, 0, 286, 286, 2, 9.18%, 0, 0, 2, 11.98, 6015, 4285
1606750733, 0, 0, 301, 301, 2, 9.20%, 0, 0, 2, 12.07, 6031, 4434
1606750739, 0, 0, 309, 309, 2, 9.22%, 0, 0, 2, 14.59, 6040, 4519
1606750744, 0, 0, 317, 317, 2, 9.22%, 0, 0, 2, 14.59, 6040, 4597
1606750749, 0, 0, 323, 323, 2, 9.22%, 0, 0, 2, 12.96, 6044, 4662
1606750754, 0, 0, 330, 330, 2, 9.22%, 0, 0, 2, 13.27, 6044, 4729
1606750759, 0, 0, 341, 341, 2, 9.22%, 0, 0, 2, 10.88, 6045, 5028
1606750764, 0, 0, 353, 353, 2, 9.25%, 0, 0, 2, 14.40, 6064, 5302
1606750769, 0, 0, 361, 361, 2, 9.32%, 0, 0, 2, 12.67, 6106, 5394
1606750775, 0, 0, 375, 375, 2, 9.35%, 0, 0, 2, 14.95, 6127, 5620
1606750780, 0, 0, 380, 380, 2, 9.35%, 0, 0, 2, 13.32, 6127, 5683
1606750785, 0, 0, 387, 387, 2, 9.35%, 0, 0, 2, 12.80, 6127, 5746
1606750790, 0, 0, 392, 392, 2, 9.35%, 0, 0, 2, 12.94, 6127, 5812
1606750795, 0, 0, 397, 397, 2, 9.35%, 0, 0, 2, 12.22, 6127, 5872
1606750800, 0, 0, 403, 403, 2, 9.35%, 0, 0, 2, 11.39, 6127, 5928
1606750805, 0, 0, 409, 409, 2, 9.35%, 0, 0, 2, 12.36, 6127, 5991
1606750810, 0, 0, 414, 414, 2, 9.35%, 0, 0, 2, 10.64, 6127, 6043
1606750815, 0, 0, 420, 420, 2, 9.35%, 0, 0, 2, 10.89, 6127, 6099
1606750820, 0, 0, 426, 426, 2, 9.36%, 0, 0, 2, 12.07, 6131, 6166
1606750826, 0, 0, 432, 432, 2, 9.36%, 0, 0, 2, 10.93, 6131, 6220
1606750831, 0, 0, 437, 437, 2, 9.36%, 0, 0, 2, 11.34, 6131, 6277
1606750836, 0, 0, 441, 441, 2, 9.36%, 0, 0, 2, 12.16, 6131, 6337
1606750841, 0, 0, 448, 448, 2, 9.36%, 0, 0, 2, 14.24, 6134, 6419
1606750846, 0, 0, 454, 454, 2, 9.36%, 0, 0, 2, 12.19, 6134, 6476
1606750851, 0, 0, 460, 460, 2, 9.39%, 0, 0, 2, 11.72, 6155, 6536
1606750856, 0, 0, 467, 467, 2, 9.39%, 0, 0, 2, 13.59, 6157, 6610
1606750861, 0, 0, 473, 473, 2, 9.39%, 0, 0, 2, 14.43, 6157, 6690
1606750866, 0, 0, 477, 477, 2, 9.40%, 0, 0, 2, 13.02, 6158, 6753
1606750872, 0, 0, 482, 482, 2, 9.40%, 0, 0, 2, 14.03, 6160, 6824
1606750877, 0, 0, 487, 487, 2, 9.40%, 0, 0, 2, 12.83, 6160, 6887
1606750882, 0, 0, 492, 492, 2, 9.40%, 0, 0, 2, 13.57, 6160, 6954
1606750887, 0, 0, 497, 497, 2, 9.40%, 0, 0, 2, 16.46, 6160, 7039
1606750892, 0, 0, 501, 501, 2, 9.40%, 0, 0, 2, 16.39, 6160, 7124
1606750897, 0, 0, 505, 505, 2, 9.40%, 0, 0, 2, 15.05, 6160, 7200
1606750902, 0, 0, 509, 509, 2, 9.40%, 0, 0, 2, 12.93, 6160, 7261
1606750907, 0, 0, 514, 514, 2, 9.40%, 0, 0, 2, 13.61, 6160, 7331
1606750912, 0, 0, 518, 518, 2, 9.40%, 0, 0, 2, 12.23, 6160, 7389
1606750917, 0, 0, 524, 524, 2, 9.40%, 0, 0, 2, 12.47, 6160, 7453
1606750923, 0, 0, 529, 529, 2, 9.43%, 0, 0, 2, 12.69, 6177, 7517
1606750928, 0, 0, 533, 533, 2, 9.43%, 0, 0, 2, 15.54, 6183, 7602
1606750933, 0, 0, 539, 539, 2, 9.43%, 0, 0, 2, 12.48, 6183, 7658
1606750938, 0, 0, 544, 544, 2, 9.43%, 0, 0, 2, 11.96, 6183, 7734
1606750943, 0, 0, 549, 549, 2, 9.43%, 0, 0, 2, 11.74, 6183, 7794
1606750948, 0, 0, 554, 554, 2, 9.43%, 0, 0, 2, 11.65, 6183, 7852
1606750953, 0, 0, 559, 559, 2, 9.43%, 0, 0, 2, 11.57, 6183, 7910
1606750958, 0, 0, 565, 565, 2, 9.44%, 0, 0, 2, 12.82, 6187, 7978
1606750963, 0, 0, 572, 572, 2, 9.50%, 0, 0, 2, 12.92, 6228, 8127
1606750973, 0, 0, 576, 576, 2, 9.51%, 0, 0, 2, 11.06, 6231, 8304
1606750978, 0, 0, 582, 582, 2, 9.51%, 0, 0, 2, 11.31, 6231, 8361
1606750983, 0, 0, 587, 587, 2, 9.51%, 0, 0, 2, 10.69, 6231, 8416
1606750989, 0, 0, 592, 592, 2, 9.51%, 0, 0, 2, 11.70, 6231, 8478
1606750994, 0, 0, 596, 596, 2, 9.51%, 0, 0, 2, 11.13, 6231, 8534
1606750999, 0, 0, 598, 598, 2, 9.51%, 0, 0, 2, 11.03, 6231, 8591
1606751004, 0, 0, 601, 601, 2, 9.51%, 0, 0, 2, 11.37, 6231, 8651
1606751009, 0, 0, 603, 603, 2, 9.51%, 0, 0, 2, 10.88, 6231, 8706
1606751020, 0, 0, 604, 604, 2, 9.51%, 0, 0, 2, 11.29, 6231, 8824
1606751040, 0, 0, 605, 605, 2, 9.51%, 0, 0, 2, 10.20, 6231, 9103
1606751086, 0, 0, 620, 620, 2, 9.57%, 0, 0, 2, 14.44, 6270, 10274
1606751091, 0, 0, 626, 626, 2, 9.57%, 0, 0, 2, 13.63, 6272, 10378
1606751096, 0, 0, 631, 631, 2, 9.57%, 0, 0, 2, 105.00, 6272, 10674
1606751101, 0, 0, 638, 638, 2, 9.60%, 0, 0, 2, 14.27, 6292, 10928
1606751106, 0, 0, 640, 640, 2, 9.60%, 0, 0, 2, 16.72, 6292, 11081
1606751111, 0, 0, 643, 643, 2, 9.61%, 0, 0, 2, 15.24, 6298, 11160
1606751116, 0, 0, 648, 648, 2, 9.61%, 0, 0, 2, 11.87, 6301, 11214
1606751121, 0, 0, 651, 651, 2, 9.61%, 0, 0, 2, 12.83, 6301, 11280
1606751127, 0, 0, 655, 655, 2, 9.61%, 0, 0, 2, 12.53, 6301, 11341
1606751132, 0, 0, 660, 660, 2, 9.61%, 0, 0, 2, 13.58, 6301, 11420
1606751137, 0, 0, 664, 664, 2, 9.61%, 0, 0, 2, 14.04, 6301, 11491
1606751142, 0, 0, 667, 667, 2, 9.61%, 0, 0, 2, 15.73, 6301, 11577
1606751147, 0, 0, 669, 669, 2, 9.61%, 0, 0, 2, 17.13, 6301, 11664
1606751152, 0, 0, 673, 673, 2, 9.61%, 0, 0, 2, 21.66, 6301, 11785
1606751157, 0, 0, 675, 675, 2, 9.61%, 0, 0, 2, 18.88, 6301, 11880
1606751162, 0, 0, 678, 678, 2, 9.61%, 0, 0, 2, 16.18, 6301, 11949
1606751168, 0, 0, 681, 681, 2, 9.61%, 0, 0, 2, 14.47, 6301, 12019
1606751173, 0, 0, 685, 685, 2, 9.62%, 0, 0, 2, 12.98, 6304, 12087
1606751178, 0, 0, 689, 689, 2, 9.62%, 0, 0, 2, 14.00, 6304, 12165
1606751183, 0, 0, 692, 692, 2, 9.62%, 0, 0, 2, 14.23, 6304, 12243
1606751188, 0, 0, 696, 696, 2, 9.62%, 0, 0, 2, 14.31, 6304, 12323
1606751193, 0, 0, 701, 701, 2, 9.73%, 0, 0, 2, 12.50, 6379, 12465
1606751204, 0, 0, 704, 704, 2, 9.73%, 0, 0, 2, 13.25, 6379, 12644
1606751209, 0, 0, 709, 709, 2, 9.73%, 0, 0, 2, 14.17, 6379, 12715
1606751214, 0, 0, 710, 710, 2, 9.73%, 0, 0, 2, 12.43, 6379, 12775
1606751219, 0, 0, 715, 715, 2, 9.73%, 0, 0, 2, 12.35, 6379, 12841
1606751224, 0, 0, 717, 717, 2, 9.73%, 0, 0, 2, 12.89, 6379, 12911
1606751229, 0, 0, 718, 718, 2, 9.73%, 0, 0, 2, 12.04, 6379, 12971
1606751234, 0, 0, 720, 720, 2, 9.73%, 0, 0, 2, 11.92, 6379, 13034
1606751239, 0, 0, 721, 721, 2, 9.73%, 0, 0, 2, 12.38, 6379, 13097
1606751255, 0, 0, 722, 722, 2, 9.73%, 0, 0, 2, 10.73, 6379, 13334
1606751260, 0, 0, 724, 724, 2, 9.73%, 0, 0, 2, 12.22, 6379, 13399
1606751296, 0, 0, 731, 731, 2, 9.76%, 0, 0, 2, 12.27, 6397, 14455
1606751301, 0, 0, 738, 738, 2, 9.76%, 0, 0, 2, 18.64, 6398, 14607
1606751306, 0, 0, 743, 743, 2, 9.76%, 0, 0, 2, 20.23, 6398, 15172
1606751312, 0, 0, 747, 747, 2, 9.77%, 0, 0, 2, 15.52, 6401, 15244
1606751317, 0, 0, 749, 749, 2, 9.77%, 0, 0, 2, 15.41, 6401, 15327
1606751322, 0, 0, 753, 753, 2, 9.77%, 0, 0, 2, 13.86, 6401, 15396
1606751327, 0, 0, 755, 755, 2, 9.77%, 0, 0, 2, 17.92, 6401, 15493
1606751332, 0, 0, 759, 759, 2, 9.77%, 0, 0, 2, 17.81, 6401, 15582
1606751337, 0, 0, 761, 761, 2, 9.77%, 0, 0, 2, 19.65, 6401, 15686
1606751342, 0, 0, 765, 765, 2, 9.77%, 0, 0, 2, 21.14, 6401, 15803
1606751347, 0, 0, 767, 767, 2, 9.77%, 0, 0, 2, 22.09, 6401, 15923
1606751353, 0, 0, 770, 770, 2, 9.77%, 0, 0, 2, 19.72, 6401, 16020
1606751358, 0, 0, 775, 775, 2, 9.77%, 0, 0, 2, 15.66, 6401, 16096
1606751363, 0, 0, 780, 780, 2, 9.77%, 0, 0, 2, 16.63, 6401, 16182
1606751368, 0, 0, 785, 785, 2, 9.77%, 0, 0, 2, 15.15, 6401, 16254
1606751373, 0, 0, 788, 788, 2, 9.77%, 0, 0, 2, 14.34, 6401, 16324
1606751378, 0, 0, 793, 793, 2, 9.77%, 0, 0, 2, 101.92, 6404, 16452
1606751383, 0, 0, 796, 796, 2, 9.77%, 0, 0, 2, 895.45, 6404, 16759
1606751389, 0, 0, 798, 798, 2, 9.77%, 0, 0, 2, 31.25, 6404, 16873
1606751394, 0, 0, 801, 801, 2, 9.77%, 0, 0, 2, 19.30, 6404, 16958
1606751399, 0, 0, 806, 806, 2, 9.77%, 0, 0, 2, 14.44, 6404, 17284
1606751404, 0, 0, 810, 810, 2, 9.77%, 0, 0, 2, 18.58, 6405, 17379
1606751409, 0, 0, 816, 816, 2, 9.77%, 0, 0, 2, 17.58, 6405, 17474
1606751414, 0, 0, 819, 819, 2, 9.77%, 0, 0, 2, 12.05, 6405, 17803
1606751420, 0, 0, 825, 825, 2, 9.77%, 0, 0, 2, 18.77, 6405, 17913
1606751425, 0, 0, 828, 828, 2, 9.77%, 0, 0, 2, 12.97, 6405, 18097
1606751430, 0, 0, 830, 830, 2, 9.79%, 0, 0, 2, 14.39, 6418, 18175
1606751435, 0, 0, 831, 831, 2, 9.79%, 0, 0, 2, 13.00, 6418, 18343
1606751496, 0, 0, 833, 833, 2, 9.79%, 0, 0, 2, 11.48, 6418, 19411
1606751501, 0, 0, 838, 838, 2, 9.79%, 0, 0, 2, 12.10, 6418, 19472
1606751507, 0, 0, 839, 839, 2, 9.79%, 0, 0, 2, 12.21, 6418, 19535
1606751517, 0, 0, 840, 840, 2, 9.79%, 0, 0, 2, 11.61, 6418, 19655
1606751527, 0, 0, 842, 842, 2, 9.79%, 0, 0, 2, 11.81, 6418, 19778
1606751532, 0, 0, 843, 843, 2, 9.79%, 0, 0, 2, 12.16, 6418, 19838
1606751548, 0, 0, 844, 844, 2, 9.79%, 0, 0, 2, 11.60, 6418, 20024
1606751553, 0, 0, 845, 845, 2, 9.79%, 0, 0, 2, 11.82, 6418, 20087
1606751573, 0, 0, 846, 846, 2, 9.79%, 0, 0, 2, 12.36, 6418, 20339
1606751599, 0, 0, 847, 847, 2, 9.79%, 0, 0, 2, 11.76, 6418, 20648
1606751604, 0, 0, 849, 849, 2, 9.79%, 0, 0, 2, 11.82, 6418, 20706
1606751609, 0, 0, 850, 850, 2, 9.79%, 0, 0, 2, 11.98, 6418, 20769
1606751635, 0, 0, 852, 852, 2, 9.79%, 0, 0, 2, 11.21, 6418, 21083
1606751671, 0, 0, 853, 853, 2, 9.79%, 0, 0, 2, 11.58, 6418, 21524
1606751676, 0, 0, 854, 854, 2, 9.79%, 0, 0, 2, 11.62, 6418, 21581
1606751799, 0, 0, 855, 855, 2, 9.79%, 0, 0, 2, 12.21, 6418, 23432
1606752081, 0, 0, 884, 884, 2, 9.82%, 0, 0, 2, 12.48, 6436, 29482
1606752086, 0, 0, 891, 891, 2, 9.82%, 0, 0, 2, 658.65, 6436, 29831
1606752091, 0, 0, 901, 901, 2, 9.82%, 0, 0, 2, 11.95, 6436, 31240
1606752097, 0, 0, 908, 908, 2, 9.82%, 0, 0, 2, 14.67, 6438, 31321
1606752102, 0, 0, 913, 913, 2, 9.82%, 0, 0, 2, 12.79, 6438, 31384
1606752107, 0, 0, 918, 918, 2, 9.82%, 0, 0, 2, 14.22, 6438, 31460
1606752112, 0, 0, 922, 922, 2, 9.82%, 0, 0, 2, 200.98, 6438, 31780
1606752117, 0, 0, 926, 926, 2, 9.82%, 0, 0, 2, 20.45, 6438, 31874
1606752122, 0, 0, 928, 928, 2, 9.83%, 0, 0, 2, 20.05, 6441, 31974
1606752127, 0, 0, 933, 933, 2, 9.83%, 0, 0, 2, 17.09, 6442, 32056
1606752132, 0, 0, 936, 936, 2, 9.83%, 0, 0, 2, 14.58, 6442, 32159
1606752137, 0, 0, 937, 937, 2, 9.83%, 0, 0, 2, 22.94, 6442, 32276
1606752142, 0, 0, 944, 944, 2, 9.83%, 0, 0, 2, 13.52, 6443, 34880
1606752147, 0, 0, 951, 951, 2, 9.83%, 0, 0, 2, 477.06, 6445, 35083
1606752152, 0, 0, 952, 952, 2, 9.83%, 0, 0, 2, 18.50, 6445, 35211
1606752168, 0, 0, 955, 955, 2, 9.83%, 0, 0, 2, 18.46, 6445, 36018
1606752173, 0, 0, 957, 957, 2, 9.84%, 0, 0, 2, 19.99, 6448, 36119
1606752178, 0, 0, 959, 959, 2, 9.84%, 0, 0, 2, 17.30, 6448, 36201
1606752183, 0, 0, 961, 961, 2, 9.84%, 0, 0, 2, 16.81, 6448, 36281
1606752188, 0, 0, 962, 962, 2, 9.84%, 0, 0, 2, 14.27, 6448, 36351
1606752199, 0, 0, 963, 963, 2, 9.84%, 0, 0, 2, 14.53, 6448, 36527
1606752204, 0, 0, 964, 964, 2, 9.84%, 0, 0, 2, 16.58, 6448, 36610
1606752209, 0, 0, 965, 965, 2, 9.84%, 0, 0, 2, 16.21, 6448, 36696
1606752214, 0, 0, 967, 967, 2, 9.84%, 0, 0, 2, 11.31, 6448, 36746
1606752219, 0, 0, 968, 968, 2, 9.84%, 0, 0, 2, 11.01, 6448, 36802
1606752229, 0, 0, 969, 969, 2, 9.84%, 0, 0, 2, 11.89, 6448, 36923
1606752234, 0, 0, 970, 970, 2, 9.84%, 0, 0, 2, 15.98, 6448, 37006
1606752239, 0, 0, 973, 973, 2, 9.84%, 0, 0, 2, 12.78, 6448, 37067
1606752245, 0, 0, 974, 974, 2, 9.84%, 0, 0, 2, 11.00, 6448, 37120
1606752250, 0, 0, 975, 975, 2, 9.84%, 0, 0, 2, 12.53, 6448, 37185
1606752260, 0, 0, 976, 976, 2, 9.84%, 0, 0, 2, 14.56, 6448, 37321
1606752265, 0, 0, 977, 977, 2, 9.84%, 0, 0, 2, 15.19, 6448, 37404
1606752270, 0, 0, 978, 978, 2, 9.84%, 0, 0, 2, 24.16, 6448, 37541
1606752275, 0, 0, 983, 983, 2, 9.84%, 0, 0, 2, 20.27, 6448, 37635
1606752286, 0, 0, 987, 987, 2, 9.84%, 0, 0, 2, 16.52, 6448, 37817
1606752296, 0, 0, 988, 988, 2, 9.84%, 0, 0, 2, 20.94, 6448, 38005
1606752306, 0, 0, 989, 989, 2, 9.84%, 0, 0, 2, 19.40, 6448, 38228
1606752347, 0, 0, 991, 991, 2, 9.84%, 0, 0, 2, 12.02, 6448, 39335
1606752352, 0, 0, 993, 993, 2, 9.84%, 0, 0, 2, 13.05, 6448, 39398
1606752358, 0, 0, 994, 994, 2, 9.84%, 0, 0, 2, 24.44, 6448, 39631
1606752363, 0, 0, 996, 996, 2, 9.84%, 0, 0, 2, 24.43, 6448, 39753
1606752389, 0, 0, 997, 997, 2, 9.84%, 0, 0, 2, 16.42, 6448, 40249
1606752394, 0, 0, 999, 999, 2, 9.84%, 0, 0, 2, 23.15, 6448, 40371
1606752419, 0, 0, 1001, 1001, 2, 9.84%, 0, 0, 2, 16.58, 6448, 40806
1606752424, 0, 0, 1002, 1002, 2, 9.84%, 0, 0, 2, 14.48, 6448, 40884
1606752429, 0, 0, 1003, 1003, 2, 9.84%, 0, 0, 2, 12.76, 6448, 40945
1606752440, 0, 0, 1005, 1005, 2, 9.84%, 0, 0, 2, 16.39, 6448, 41133
1606752450, 0, 0, 1009, 1009, 2, 9.84%, 0, 0, 2, 18.38, 6448, 41426
1606752455, 0, 0, 1010, 1010, 2, 9.84%, 0, 0, 2, 28.67, 6448, 41538
1606752471, 0, 0, 1012, 1012, 2, 9.84%, 0, 0, 2, 13.51, 6448, 41807
1606752476, 0, 0, 1013, 1013, 2, 9.84%, 0, 0, 2, 14.60, 6448, 41884
1606752481, 0, 0, 1014, 1014, 2, 9.84%, 0, 0, 2, 15.60, 6448, 41966
1606752486, 0, 0, 1015, 1015, 2, 9.84%, 0, 0, 2, 14.23, 6448, 42044
1606752501, 0, 0, 1016, 1016, 2, 9.84%, 0, 0, 2, 16.73, 6448, 42339
1606752506, 0, 0, 1017, 1017, 2, 9.84%, 0, 0, 2, 11.28, 6449, 42619
1606752573, 0, 0, 1019, 1019, 2, 9.84%, 0, 0, 2, 10.47, 6449, 54086
1606752578, 0, 0, 1023, 1023, 2, 9.84%, 0, 0, 2, 1389.79, 6449, 55834
1606752609, 0, 0, 1024, 1024, 2, 9.84%, 0, 0, 2, 22.09, 6449, 58258
1606752629, 0, 0, 1027, 1027, 2, 9.84%, 0, 0, 2, 502.09, 6449, 58755
1606752634, 0, 0, 1029, 1029, 2, 9.84%, 0, 0, 2, 13.28, 6451, 58963
1606752645, 0, 0, 1030, 1030, 2, 9.84%, 0, 0, 2, 3050.76, 6452, 66743
1606752650, 0, 0, 1031, 1031, 2, 9.84%, 0, 0, 2, 19.42, 6452, 69322
1606752655, 0, 0, 1034, 1034, 2, 9.85%, 0, 0, 2, 17.23, 6453, 69430
1606752660, 0, 0, 1035, 1035, 2, 9.85%, 0, 0, 2, 13.55, 6453, 69491
1606752665, 0, 0, 1036, 1036, 2, 9.85%, 0, 0, 2, 12.41, 6453, 69553
1606752681, 0, 0, 1039, 1039, 2, 9.85%, 0, 0, 2, 12.91, 6453, 69757
1606752686, 0, 0, 1040, 1040, 2, 9.85%, 0, 0, 2, 12.41, 6453, 69818
1606752706, 0, 0, 1053, 1053, 2, 9.87%, 0, 0, 2, 32.46, 6471, 70661
1606752717, 0, 0, 1059, 1059, 2, 9.87%, 0, 0, 2, 20.77, 6471, 70846
1606752722, 0, 0, 1060, 1060, 2, 9.87%, 0, 0, 2, 21.58, 6471, 70975
1606752732, 0, 0, 1061, 1061, 2, 9.87%, 0, 0, 2, 19.58, 6471, 71216
1606752737, 0, 0, 1062, 1062, 2, 9.87%, 0, 0, 2, 18.61, 6471, 71312
1606752768, 0, 0, 1066, 1066, 2, 9.88%, 0, 0, 2, 10.02, 6473, 71927
1606752773, 0, 0, 1069, 1069, 2, 9.88%, 0, 0, 2, 45.33, 6473, 72066
1606752778, 0, 0, 1071, 1071, 2, 9.88%, 0, 0, 2, 38.48, 6473, 72263
1606752783, 0, 0, 1073, 1073, 2, 9.88%, 0, 0, 2, 32.59, 6473, 72432
1606752798, 0, 0, 1074, 1074, 2, 9.88%, 0, 0, 2, 71.16, 6473, 73296
1606752814, 0, 0, 1077, 1077, 2, 9.89%, 0, 0, 2, 24.91, 6484, 76239
1606752819, 0, 0, 1079, 1079, 2, 9.90%, 0, 0, 2, 23.45, 6488, 76568
1606752824, 0, 0, 1085, 1085, 2, 9.92%, 0, 0, 2, 31.84, 6499, 76781
1606752829, 0, 0, 1086, 1086, 2, 9.92%, 0, 0, 2, 29.41, 6499, 76918
1606752835, 0, 0, 1088, 1088, 2, 9.92%, 0, 0, 2, 19.21, 6499, 76994
1606752850, 0, 0, 1089, 1089, 2, 9.92%, 0, 0, 2, 24.38, 6499, 77333
1606752855, 0, 0, 1092, 1092, 2, 9.92%, 0, 0, 2, 24.59, 6499, 77459
1606752870, 0, 0, 1094, 1094, 2, 9.92%, 0, 0, 2, 30.50, 6499, 78037
1606752876, 0, 0, 1097, 1097, 2, 9.92%, 0, 0, 2, 22.39, 6499, 78371
1606752881, 0, 0, 1098, 1098, 2, 9.92%, 0, 0, 2, 29.18, 6499, 78545
1606752891, 0, 0, 1100, 1100, 2, 9.92%, 0, 0, 2, 15.22, 6499, 78796
1606752896, 0, 0, 1101, 1101, 2, 9.92%, 0, 0, 2, 18.96, 6499, 78932
1606752901, 0, 0, 1102, 1102, 2, 9.92%, 0, 0, 2, 16.82, 6499, 79015
1606752907, 0, 0, 1105, 1105, 2, 9.92%, 0, 0, 2, 13.47, 6499, 79224
1606752922, 0, 0, 1106, 1106, 2, 9.92%, 0, 0, 2, 149.94, 6499, 79598
1606752927, 0, 0, 1107, 1107, 2, 9.92%, 0, 0, 2, 11.32, 6502, 79841
1606752973, 0, 0, 1109, 1109, 2, 9.92%, 0, 0, 2, 10.64, 6504, 80812
1606752979, 0, 0, 1112, 1112, 2, 9.92%, 0, 0, 2, 22.19, 6504, 80973
1606752984, 0, 0, 1115, 1115, 2, 9.92%, 0, 0, 2, 13.79, 6504, 81206
1606752989, 0, 0, 1117, 1117, 2, 9.92%, 0, 0, 2, 109.08, 6504, 81407
1606752994, 0, 0, 1118, 1118, 2, 9.92%, 0, 0, 2, 117.16, 6504, 81681
1606753005, 0, 0, 1121, 1121, 2, 9.92%, 0, 0, 2, 114.48, 6504, 83363
1606753010, 0, 0, 1122, 1122, 2, 9.92%, 0, 0, 2, 130.33, 6504, 83819
1606753015, 0, 0, 1127, 1127, 2, 9.93%, 0, 0, 2, 3005.17, 6505, 87255
1606753020, 0, 0, 1129, 1129, 2, 9.93%, 0, 0, 2, 35.42, 6505, 89423
1606753025, 0, 0, 1130, 1130, 2, 9.93%, 0, 0, 2, 30.93, 6505, 89940
1606753036, 0, 0, 1131, 1131, 2, 9.93%, 0, 0, 2, 11.46, 6505, 90311
1606753041, 0, 0, 1134, 1134, 2, 9.93%, 0, 0, 2, 16.40, 6505, 90431
1606753046, 0, 0, 1136, 1136, 2, 9.93%, 0, 0, 2, 14.75, 6505, 90502
1606753051, 0, 0, 1139, 1139, 2, 9.93%, 0, 0, 2, 13.36, 6505, 90575
1606753057, 0, 0, 1140, 1140, 2, 9.93%, 0, 0, 2, 15.39, 6505, 90714
1606753072, 0, 0, 1141, 1141, 2, 9.93%, 0, 0, 2, 30.76, 6505, 91108
1606753077, 0, 0, 1143, 1143, 2, 9.93%, 0, 0, 2, 22.95, 6505, 91336
1606753098, 0, 0, 1144, 1144, 2, 9.93%, 0, 0, 2, 113.28, 6505, 92209
1606753103, 0, 0, 1146, 1146, 2, 9.93%, 0, 0, 2, 164.30, 6505, 92417
1606753108, 0, 0, 1147, 1147, 2, 9.93%, 0, 0, 2, 28.52, 6505, 92755
1606753113, 0, 0, 1148, 1148, 2, 9.93%, 0, 0, 2, 24.42, 6505, 92975
1606753123, 0, 0, 1149, 1149, 2, 9.93%, 0, 0, 2, 37.03, 6505, 93392
1606753139, 0, 0, 1151, 1151, 2, 9.93%, 0, 0, 2, 28.00, 6505, 94068
1606753144, 0, 0, 1155, 1155, 2, 9.93%, 0, 0, 2, 18.58, 6505, 94141
1606753154, 0, 0, 1156, 1156, 2, 9.93%, 0, 0, 2, 25.61, 6505, 94462
1606753160, 0, 0, 1157, 1157, 2, 9.93%, 0, 0, 2, 20.78, 6505, 94557
1606753165, 0, 0, 1159, 1159, 2, 9.93%, 0, 0, 2, 11.87, 6509, 94971
1606753180, 0, 0, 1161, 1161, 2, 9.93%, 0, 0, 2, 27.12, 6509, 95244
1606753246, 0, 0, 1163, 1163, 2, 9.93%, 0, 0, 2, 9.39, 6509, 96209
1606753313, 0, 0, 1171, 1171, 2, 9.94%, 0, 0, 2, 66.02, 6513, 99018
1606753318, 0, 0, 1176, 1176, 2, 9.97%, 0, 0, 2, 9.95, 6535, 99580
1606753324, 0, 0, 1181, 1181, 2, 9.97%, 0, 0, 2, 22.78, 6535, 100337
1606753329, 0, 0, 1183, 1183, 2, 9.97%, 0, 0, 2, 154.91, 6535, 100732
1606753334, 0, 0, 1185, 1185, 2, 9.97%, 0, 0, 2, 11.89, 6536, 100950
1606753349, 0, 0, 1187, 1187, 2, 9.97%, 0, 0, 2, 9.62, 6536, 101189
1606753355, 0, 0, 1188, 1188, 2, 9.97%, 0, 0, 2, 11.58, 6536, 101251
1606753360, 0, 0, 1190, 1190, 2, 9.97%, 0, 0, 2, 12.67, 6536, 101319
1606753370, 0, 0, 1192, 1192, 2, 9.97%, 0, 0, 2, 12.83, 6536, 101451
1606753427, 0, 0, 1193, 1193, 2, 9.97%, 0, 0, 2, 12.29, 6536, 102269
1606753493, 0, 0, 1196, 1196, 2, 9.97%, 0, 0, 2, 317.01, 6536, 105540
1606753499, 0, 0, 1202, 1202, 2, 9.97%, 0, 0, 2, 38.87, 6536, 106310
1606753505, 0, 0, 1207, 1207, 2, 9.99%, 0, 0, 2, 63.24, 6548, 106769
1606753510, 0, 0, 1208, 1208, 2, 9.99%, 0, 0, 2, 27.21, 6548, 107125
1606753515, 0, 0, 1216, 1216, 2, 9.99%, 0, 0, 2, 382.76, 6550, 108273
1606753520, 0, 0, 1228, 1228, 2, 10.00%, 0, 0, 2, 904.50, 6555, 110149
1606753525, 0, 1, 1256, 1255, 156, 10.05%, 0, 0, 2, 2435.44, 6589, 118214
1606753530, 0, 1, 1257, 1256, 156, 10.07%, 0, 0, 2, 2629.92, 6599, 128614
1606753535, 0, 1, 1267, 1266, 156, 10.10%, 0, 0, 2, 2586.98, 6621, 139621
1606753540, 0, 8, 1275, 1271, 160, 10.11%, 0, 0, 2, 70.96, 6625, 150812
1606753812, 0, 8, 1276, 1272, 160, 10.12%, 0, 0, 3, 15.57, 6631, 156591
1606754764, 0, 8, 1277, 1273, 160, 10.12%, 0, 0, 3, 40.67, 6633, 178235
1606754769, 0, 8, 1278, 1274, 160, 10.12%, 0, 0, 3, 26.97, 6635, 178877
1606755992, 0, 11, 1278, 1273, 161, 10.12%, 0, 0, 3, 2357.86, 6635, 253426
1606755998, 0, 11, 1279, 1274, 161, 10.12%, 0, 0, 3, 246.74, 6635, 259613
1606756049, 0, 14, 1279, 1273, 160, 10.12%, 0, 0, 3, 2336.05, 6635, 318213
1606756054, 0, 15, 1279, 1272, 159, 10.12%, 0, 0, 3, 2426.43, 6635, 330699
1606756089, 0, 15, 1281, 1274, 159, 10.12%, 0, 0, 3, 2361.42, 6635, 418221
1606756094, 0, 17, 1281, 1273, 158, 10.12%, 0, 0, 3, 2661.57, 6635, 432079
1606756104, 0, 18, 1281, 1272, 157, 10.12%, 0, 0, 3, 3069.02, 6635, 462245
1606756110, 0, 20, 1281, 1271, 156, 10.12%, 0, 0, 3, 3122.66, 6635, 478711
1606756115, 0, 21, 1284, 1273, 155, 10.12%, 0, 0, 3, 3166.51, 6635, 495125
1606756120, 0, 22, 1284, 1272, 154, 10.12%, 0, 0, 3, 2555.54, 6635, 507111
1606756156, 0, 27, 1284, 1271, 153, 10.12%, 0, 0, 3, 130.70, 6635, 594124
1606756259, 0, 27, 1286, 1273, 153, 10.12%, 0, 0, 3, 55.08, 6635, 595999
1606756265, 0, 27, 1288, 1275, 153, 10.12%, 0, 0, 3, 15.97, 6635, 596297
1606756321, 0, 27, 1289, 1276, 153, 10.12%, 0, 0, 3, 11.81, 6635, 597513
1606756424, 0, 27, 1291, 1278, 153, 10.12%, 0, 0, 3, 21.72, 6635, 599402
1606756429, 0, 27, 1292, 1279, 153, 10.12%, 0, 0, 3, 15.16, 6635, 599946
1606756444, 0, 27, 1293, 1280, 153, 10.12%, 0, 0, 3, 16.41, 6635, 600201
1606756450, 0, 27, 1294, 1281, 153, 10.12%, 0, 0, 3, 16.06, 6635, 600288
1606756465, 0, 27, 1295, 1282, 153, 10.12%, 0, 0, 3, 16.74, 6635, 600618
1606756470, 0, 27, 1296, 1283, 153, 10.12%, 0, 0, 3, 20.18, 6635, 600718
1606756578, 0, 27, 1297, 1284, 153, 10.12%, 0, 0, 3, 68.42, 6635, 603185
1606756588, 0, 27, 1298, 1285, 153, 10.12%, 0, 0, 3, 14.82, 6635, 603417
1606756619, 0, 27, 1299, 1286, 153, 10.12%, 0, 0, 3, 18.34, 6635, 604065
1606756631, 0, 27, 1300, 1287, 153, 10.12%, 0, 0, 3, 14.07, 6635, 604497
1606756646, 0, 27, 1301, 1288, 153, 10.12%, 0, 0, 3, 24.51, 6635, 605049
1606756805, 0, 27, 1302, 1289, 153, 10.12%, 0, 0, 3, 11.83, 6635, 607692
1606757047, 0, 27, 1304, 1291, 153, 10.12%, 0, 0, 3, 10.86, 6635, 610739
1606757355, 0, 27, 1307, 1294, 153, 10.12%, 0, 0, 3, 12.42, 6635, 616621
1606757360, 0, 27, 1310, 1297, 153, 10.13%, 0, 0, 3, 23.81, 6638, 618245
1606757370, 0, 27, 1311, 1298, 153, 10.13%, 0, 0, 3, 32.77, 6638, 618755
1606757380, 0, 27, 1312, 1299, 153, 10.13%, 0, 0, 3, 189.19, 6638, 620287
1606757385, 0, 27, 1313, 1300, 153, 10.13%, 0, 0, 3, 42.18, 6638, 621765
1606757462, 0, 27, 1314, 1301, 153, 10.13%, 0, 0, 3, 13.72, 6638, 623510
1606757488, 0, 27, 1315, 1302, 153, 10.13%, 0, 0, 3, 25.49, 6638, 623934
1606757493, 0, 27, 1317, 1304, 153, 10.13%, 0, 0, 3, 17.70, 6638, 624021
1606757498, 0, 27, 1319, 1306, 153, 10.13%, 0, 0, 3, 17.43, 6638, 624101
1606757652, 0, 27, 1320, 1307, 153, 10.13%, 0, 0, 3, 20.29, 6638, 627624
1606757657, 0, 27, 1321, 1308, 153, 10.13%, 0, 0, 3, 14.13, 6638, 627751
1606757677, 0, 27, 1322, 1309, 153, 10.13%, 0, 0, 3, 15.91, 6638, 628118
1606757817, 0, 27, 1323, 1310, 153, 10.13%, 0, 0, 3, 14.97, 6638, 644709
1606757849, 0, 27, 1324, 1311, 153, 10.13%, 0, 0, 3, 13.24, 6638, 655532
1606757998, 0, 27, 1325, 1312, 153, 10.13%, 0, 0, 3, 23.17, 6638, 662579
1606758146, 0, 27, 1326, 1313, 153, 10.13%, 0, 0, 3, 123.19, 6638, 668735
1606758167, 0, 27, 1327, 1314, 153, 10.13%, 0, 0, 3, 27.54, 6638, 675218
1606758172, 0, 27, 1328, 1315, 153, 10.13%, 0, 0, 3, 27.98, 6638, 675366
1606758177, 0, 27, 1329, 1316, 153, 10.13%, 0, 0, 3, 29.60, 6638, 675583
1606758182, 0, 27, 1330, 1317, 153, 10.13%, 0, 0, 3, 20.05, 6638, 675686
1606758187, 0, 27, 1331, 1318, 153, 10.13%, 0, 0, 3, 18.85, 6638, 675778
1606758208, 0, 27, 1332, 1319, 153, 10.13%, 0, 0, 3, 29.11, 6638, 676326
1606758213, 0, 27, 1335, 1322, 153, 10.13%, 0, 0, 3, 19.50, 6638, 676545
1606758239, 0, 27, 1336, 1323, 153, 10.13%, 0, 0, 3, 47.96, 6638, 677853
1606758280, 0, 27, 1337, 1324, 153, 10.13%, 0, 0, 3, 32.41, 6638, 679590
1606758439, 0, 27, 1339, 1326, 153, 10.13%, 0, 0, 3, 9.17, 6638, 684579
1606758444, 0, 27, 1340, 1327, 153, 10.13%, 0, 0, 3, 168.69, 6638, 685617
1606758464, 0, 27, 1341, 1328, 153, 10.13%, 0, 0, 3, 9.69, 6638, 686124
1606758629, 0, 27, 1342, 1329, 153, 10.13%, 0, 0, 3, 23.97, 6638, 692343
1606758634, 0, 178, 1342, 1328, 154, 10.13%, 0, 0, 3, 2652.33, 6638, 701415
1606758645, 0, 204, 1342, 1327, 153, 10.13%, 0, 0, 3, 65.01, 6638, 726719
1606758650, 0, 204, 1343, 1328, 153, 10.13%, 0, 0, 3, 10.94, 6640, 726808
1606758660, 0, 204, 1344, 1329, 153, 10.13%, 0, 0, 3, 11.36, 6640, 726961
1606758670, 0, 204, 1345, 1330, 153, 10.13%, 0, 0, 3, 11.60, 6640, 727080
1606758752, 0, 204, 1346, 1331, 153, 10.13%, 0, 0, 3, 46.02, 6640, 728620
1606758768, 0, 204, 1347, 1332, 153, 10.13%, 0, 0, 3, 12.86, 6640, 729303
1606758778, 0, 204, 1349, 1334, 153, 10.13%, 0, 0, 3, 13.20, 6640, 729448
1606758794, 0, 204, 1350, 1335, 153, 10.13%, 0, 0, 3, 21.03, 6640, 729734
1606758819, 0, 204, 1351, 1336, 153, 10.13%, 0, 0, 3, 13.21, 6642, 730157
1606758829, 0, 204, 1352, 1337, 153, 10.13%, 0, 0, 3, 11.06, 6642, 730314
1606758922, 0, 204, 1353, 1338, 153, 10.13%, 0, 0, 3, 11.38, 6642, 731945
1606758937, 0, 204, 1354, 1339, 153, 10.13%, 0, 0, 3, 14.52, 6642, 732681
1606758948, 0, 204, 1355, 1340, 153, 10.13%, 0, 0, 3, 16.26, 6642, 732850
1606758978, 0, 204, 1356, 1341, 153, 10.15%, 0, 0, 3, 11.02, 6649, 733462
1606759086, 0, 204, 1357, 1342, 153, 10.15%, 0, 0, 3, 16.84, 6649, 735897
1606759096, 0, 204, 1358, 1343, 153, 10.15%, 0, 0, 3, 14.27, 6649, 736048
1606759112, 0, 204, 1359, 1344, 153, 10.15%, 0, 0, 3, 26.87, 6649, 736412
1606759132, 0, 204, 1360, 1345, 153, 10.15%, 0, 0, 3, 21.12, 6649, 736802
1606759148, 0, 204, 1361, 1346, 153, 10.15%, 0, 0, 3, 22.24, 6649, 737544
1606759250, 0, 204, 1362, 1347, 153, 10.15%, 0, 0, 3, 11.26, 6649, 739553
1606759286, 0, 204, 1363, 1348, 153, 10.15%, 0, 0, 3, 11.65, 6649, 739966
1606759880, 0, 204, 1364, 1349, 153, 10.15%, 0, 0, 3, 1796.52, 6649, 749101
1606759885, 0, 204, 1367, 1352, 153, 10.15%, 0, 0, 3, 30.78, 6649, 750754
1606759890, 0, 204, 1371, 1356, 153, 10.15%, 0, 0, 3, 17.32, 6652, 750828
1606759895, 0, 204, 1375, 1360, 153, 10.15%, 0, 0, 3, 541.32, 6652, 751053
1606759900, 0, 204, 1376, 1361, 153, 10.15%, 0, 0, 3, 21.26, 6652, 751285
1606759905, 0, 204, 1377, 1362, 153, 10.15%, 0, 0, 3, 24.46, 6652, 751418
1606759947, 0, 204, 1379, 1364, 153, 10.15%, 0, 0, 3, 16.67, 6652, 755390
1606759967, 0, 204, 1380, 1365, 153, 10.15%, 0, 0, 3, 13.74, 6652, 755711
1606759972, 0, 204, 1383, 1368, 153, 10.15%, 0, 0, 3, 15.75, 6652, 755796
1606759987, 0, 204, 1384, 1369, 153, 10.15%, 0, 0, 3, 11.86, 6652, 755980
1606760018, 0, 204, 1385, 1370, 153, 10.15%, 0, 0, 3, 12.15, 6652, 756370
1606760080, 0, 204, 1386, 1371, 153, 10.15%, 0, 0, 3, 32.65, 6652, 757746
1606760162, 0, 204, 1387, 1372, 153, 10.15%, 0, 0, 3, 15.20, 6652, 759625
1606760167, 0, 204, 1388, 1373, 153, 10.15%, 0, 0, 3, 15.87, 6652, 759701
1606760187, 0, 204, 1390, 1375, 153, 10.15%, 0, 0, 3, 23.19, 6652, 760065
1606760300, 0, 204, 1391, 1376, 153, 10.15%, 0, 0, 3, 12.41, 6652, 762358
1606760320, 0, 204, 1392, 1377, 153, 10.15%, 0, 0, 3, 362.37, 6652, 775971
1606760397, 0, 204, 1393, 1378, 153, 10.15%, 0, 0, 3, 12.04, 6652, 788165
1606760423, 0, 204, 1394, 1379, 153, 10.15%, 0, 0, 3, 11.50, 6652, 788495
1606760479, 0, 204, 1395, 1380, 153, 10.15%, 0, 0, 3, 11.00, 6652, 789981
1606760506, 0, 204, 1396, 1381, 153, 10.15%, 0, 0, 3, 11.18, 6652, 790416
1606760569, 0, 204, 1398, 1383, 153, 10.15%, 0, 0, 3, 16.93, 6652, 795373
1606760697, 0, 204, 1399, 1384, 153, 10.15%, 0, 0, 3, 10.38, 6652, 799017
1606760703, 0, 204, 1400, 1385, 153, 10.15%, 0, 0, 3, 43.94, 6652, 799256
1606760724, 0, 204, 1401, 1386, 153, 10.15%, 0, 0, 3, 83.85, 6652, 801490
1606760755, 0, 204, 1402, 1387, 153, 10.15%, 0, 0, 3, 28.73, 6652, 808363
1606760760, 0, 204, 1403, 1388, 153, 10.15%, 0, 0, 3, 19.06, 6652, 808466
1606760811, 0, 204, 1404, 1389, 153, 10.15%, 0, 0, 3, 14.48, 6652, 810277
1606760842, 0, 204, 1405, 1390, 153, 10.15%, 0, 0, 3, 32.34, 6652, 811884
1606760863, 0, 204, 1406, 1391, 153, 10.15%, 0, 0, 3, 24.32, 6652, 812454
1606760883, 0, 204, 1407, 1392, 153, 10.15%, 0, 0, 3, 12.21, 6652, 813111
1606761048, 0, 204, 1408, 1393, 153, 10.15%, 0, 0, 3, 9.94, 6655, 818850
1606761073, 0, 204, 1409, 1394, 153, 10.15%, 0, 0, 3, 13.34, 6655, 819179
1606761197, 0, 204, 1410, 1395, 153, 10.15%, 0, 0, 3, 67.42, 6655, 824159
1606761217, 0, 204, 1411, 1396, 153, 10.15%, 0, 0, 3, 10.05, 6655, 824968
1606761227, 0, 213, 1411, 1395, 154, 10.15%, 0, 0, 3, 2960.03, 6655, 841998
1606761237, 0, 215, 1411, 1394, 153, 10.15%, 0, 0, 3, 3098.50, 6655, 873861
1606761247, 0, 217, 1411, 1393, 152, 10.15%, 0, 0, 3, 3134.32, 6655, 905969
1606761263, 0, 219, 1411, 1392, 151, 10.15%, 0, 0, 3, 3225.92, 6655, 955057
1606761273, 0, 222, 1411, 1391, 150, 10.15%, 0, 0, 3, 2689.97, 6655, 984632
1606761303, 0, 223, 1411, 1390, 149, 10.15%, 0, 0, 3, 2990.70, 6655, 1061054
1606761313, 0, 227, 1412, 1390, 148, 10.15%, 0, 0, 3, 2850.49, 6655, 1091995
1606761324, 0, 227, 1415, 1393, 148, 10.16%, 0, 0, 3, 2680.81, 6659, 1118084
1606761334, 0, 227, 1418, 1396, 148, 10.16%, 0, 0, 3, 2626.87, 6659, 1145809
1606761344, 0, 229, 1418, 1395, 148, 10.16%, 0, 0, 3, 2926.97, 6659, 1173959
1606761359, 0, 234, 1418, 1394, 147, 10.16%, 0, 0, 3, 2836.98, 6659, 1220899
1606761370, 0, 240, 1418, 1393, 146, 10.16%, 0, 0, 3, 2810.95, 6659, 1251711
1606761395, 0, 240, 1420, 1395, 146, 10.17%, 0, 0, 3, 2506.50, 6664, 1312723
1606761400, 0, 241, 1423, 1397, 143, 10.17%, 0, 0, 3, 2299.84, 6664, 1324276
1606761416, 0, 246, 1423, 1396, 142, 10.17%, 0, 0, 3, 2651.75, 6664, 1367343
1606761431, 0, 250, 1423, 1395, 141, 10.17%, 0, 0, 3, 2668.45, 6664, 1410629
1606761446, 0, 263, 1423, 1394, 140, 10.17%, 0, 0, 3, 2773.17, 6664, 1452969
1606761466, 0, 265, 1423, 1393, 139, 10.17%, 0, 0, 3, 2570.47, 6664, 1508656
1606761482, 0, 265, 1424, 1394, 139, 10.17%, 0, 0, 3, 2925.49, 6666, 1551024
1606761487, 0, 268, 1424, 1393, 138, 10.17%, 0, 0, 3, 2631.65, 6666, 1563931
1606761507, 0, 270, 1425, 1393, 137, 10.17%, 0, 0, 3, 2605.49, 6666, 1619041
1606761527, 0, 272, 1425, 1392, 136, 10.17%, 0, 0, 3, 2562.23, 6666, 1674335
1606761548, 0, 284, 1426, 1392, 135, 10.17%, 0, 0, 3, 14.40, 6666, 1726188
1606761553, 0, 284, 1427, 1393, 135, 10.17%, 0, 0, 3, 9.81, 6666, 1726280
1606761563, 0, 284, 1429, 1395, 135, 10.17%, 0, 0, 3, 11.04, 6666, 1726422
1606761568, 0, 284, 1431, 1397, 135, 10.17%, 0, 0, 3, 10.34, 6666, 1726473
1606761573, 0, 284, 1432, 1398, 135, 10.17%, 0, 0, 3, 10.15, 6667, 1726525
1606761579, 0, 284, 1433, 1399, 135, 10.17%, 0, 0, 3, 9.91, 6667, 1726577
1606761589, 0, 284, 1434, 1400, 135, 10.17%, 0, 0, 3, 9.89, 6667, 1726678
1606761676, 0, 284, 1438, 1404, 135, 10.17%, 0, 0, 3, 34.12, 6667, 1728140
1606761681, 0, 284, 1440, 1406, 135, 10.17%, 0, 0, 3, 20.18, 6667, 1728226
1606761686, 0, 284, 1441, 1407, 135, 10.17%, 0, 0, 3, 10.25, 6667, 1728744
1606761696, 0, 284, 1442, 1408, 135, 10.17%, 0, 0, 3, 12.12, 6667, 1728870
1606761701, 0, 284, 1443, 1409, 135, 10.17%, 0, 0, 3, 13.25, 6667, 1728942
1606761717, 0, 284, 1444, 1410, 135, 10.17%, 0, 0, 3, 12.95, 6667, 1729158
1606761727, 0, 284, 1446, 1412, 135, 10.17%, 0, 0, 3, 14.52, 6667, 1729335
1606761752, 0, 284, 1448, 1414, 135, 10.17%, 0, 0, 3, 68.97, 6667, 1729715
1606761824, 0, 284, 1449, 1415, 135, 10.17%, 0, 0, 3, 9.85, 6667, 1730517
1606761870, 0, 284, 1452, 1418, 135, 10.17%, 0, 0, 3, 8.93, 6667, 1731540
1606761880, 0, 284, 1453, 1419, 135, 10.17%, 0, 0, 3, 13.15, 6667, 1732181
1606761936, 0, 284, 1454, 1420, 135, 10.17%, 0, 0, 3, 9.72, 6667, 1733119
1606761972, 0, 284, 1456, 1422, 135, 10.17%, 0, 0, 3, 9.79, 6667, 1733524
1606762049, 0, 284, 1458, 1424, 135, 10.17%, 0, 0, 3, 9.16, 6667, 1734885
1606762054, 0, 284, 1459, 1425, 135, 10.17%, 0, 0, 3, 11.15, 6667, 1735507
1606762059, 0, 284, 1460, 1426, 135, 10.17%, 0, 0, 3, 13.57, 6667, 1735578
1606762064, 0, 284, 1462, 1428, 135, 10.17%, 0, 0, 3, 12.37, 6667, 1735642
1606762095, 0, 284, 1463, 1429, 135, 10.17%, 0, 0, 3, 16.06, 6667, 1736217
1606762126, 0, 284, 1464, 1430, 135, 10.17%, 0, 0, 3, 23.77, 6667, 1737205
1606762474, 0, 284, 1465, 1431, 135, 10.17%, 0, 0, 3, 9.56, 6667, 1741511
1606762951, 0, 284, 1466, 1432, 135, 10.17%, 0, 0, 3, 261.68, 6667, 1748802
1606762956, 0, 284, 1470, 1436, 135, 10.17%, 0, 0, 3, 10.71, 6667, 1750404
1606762961, 0, 284, 1474, 1440, 135, 10.17%, 0, 0, 3, 13.07, 6667, 1750479
1606762966, 0, 284, 1478, 1444, 135, 10.17%, 0, 0, 3, 58.37, 6667, 1750700
1606762971, 0, 284, 1479, 1445, 135, 10.17%, 0, 0, 3, 40.79, 6667, 1750905
1606762976, 0, 284, 1480, 1446, 135, 10.17%, 0, 0, 3, 26.76, 6667, 1751015
1606762981, 0, 284, 1481, 1447, 135, 10.17%, 0, 0, 3, 16.41, 6667, 1751148
1606762987, 0, 284, 1482, 1448, 135, 10.17%, 0, 0, 3, 1890.17, 6667, 1752499
1606763043, 0, 284, 1483, 1449, 135, 10.17%, 0, 0, 3, 12.80, 6667, 1755338
1606763054, 0, 284, 1484, 1450, 135, 10.17%, 0, 0, 3, 12.77, 6667, 1755491
1606763069, 0, 284, 1485, 1451, 135, 10.17%, 0, 0, 3, 17.22, 6667, 1755757
1606763115, 0, 284, 1486, 1452, 135, 10.17%, 0, 0, 3, 16.84, 6667, 1756485
1606763187, 0, 284, 1487, 1453, 135, 10.17%, 0, 0, 3, 25.61, 6667, 1758054
1606763238, 0, 284, 1488, 1454, 135, 10.17%, 0, 0, 3, 12.98, 6667, 1759064
1606763320, 0, 284, 1489, 1455, 135, 10.17%, 0, 0, 3, 12.90, 6667, 1760450
1606763325, 0, 284, 1490, 1456, 135, 10.17%, 0, 0, 3, 10.95, 6667, 1760503
1606763455, 0, 284, 1491, 1457, 135, 10.17%, 0, 0, 3, 21.04, 6667, 1776570
1606763501, 0, 284, 1492, 1458, 135, 10.17%, 0, 0, 3, 13.84, 6667, 1787589
1606763517, 0, 284, 1493, 1459, 135, 10.17%, 0, 0, 3, 11.30, 6667, 1787763
1606763578, 0, 284, 1494, 1460, 135, 10.17%, 0, 0, 3, 16.21, 6667, 1789154
1606763624, 0, 284, 1495, 1461, 135, 10.17%, 0, 0, 3, 36.26, 6667, 1790043
1606763629, 0, 284, 1496, 1462, 135, 10.17%, 0, 0, 3, 36.75, 6667, 1790232
1606763639, 0, 284, 1497, 1463, 135, 10.17%, 0, 0, 3, 40.92, 6667, 1790649
1606763650, 0, 284, 1498, 1464, 135, 10.17%, 0, 0, 3, 62.18, 6667, 1791210
1606763829, 0, 284, 1499, 1465, 135, 10.17%, 0, 0, 3, 21.94, 6667, 1798459
1606763834, 0, 284, 1500, 1466, 135, 10.17%, 0, 0, 3, 31.82, 6667, 1798652
1606763850, 0, 284, 1502, 1468, 135, 10.17%, 0, 0, 3, 13.77, 6667, 1799454
1606763855, 0, 284, 1503, 1469, 135, 10.17%, 0, 0, 3, 185.81, 6667, 1800081
1606763886, 0, 284, 1504, 1470, 135, 10.17%, 0, 0, 3, 16.96, 6667, 1807605
1606763901, 0, 284, 1506, 1472, 135, 10.17%, 0, 0, 3, 21.71, 6667, 1808055
1606763922, 0, 284, 1507, 1473, 135, 10.17%, 0, 0, 3, 26.80, 6667, 1808593
1606763927, 0, 284, 1509, 1475, 135, 10.17%, 0, 0, 3, 40.38, 6667, 1808853
1606763937, 0, 284, 1510, 1476, 135, 10.17%, 0, 0, 3, 30.02, 6667, 1809227
1606763973, 0, 284, 1511, 1477, 135, 10.17%, 0, 0, 3, 37.17, 6667, 1810749
1606763978, 0, 284, 1512, 1478, 135, 10.17%, 0, 0, 3, 652.63, 6667, 1811032
1606764014, 0, 284, 1513, 1479, 135, 10.17%, 0, 0, 3, 9.97, 6667, 1812317
1606764377, 0, 284, 1514, 1480, 135, 10.17%, 0, 0, 3, 538.22, 6667, 1823342
1606764417, 0, 284, 1516, 1482, 135, 10.17%, 0, 0, 3, 33.08, 6668, 1825348
1606764422, 0, 284, 1519, 1485, 135, 10.17%, 0, 0, 3, 17.23, 6668, 1825415
1606764427, 0, 284, 1520, 1486, 135, 10.17%, 0, 0, 3, 24.06, 6668, 1825536
1606764438, 0, 284, 1522, 1488, 135, 10.17%, 0, 0, 3, 22.97, 6668, 1825859
1606764443, 0, 286, 1523, 1488, 134, 10.17%, 0, 0, 3, 2119.51, 6668, 1836518
1606764473, 0, 289, 1523, 1487, 133, 10.17%, 0, 0, 3, 2385.95, 6668, 1909164
1606764478, 0, 289, 1524, 1488, 133, 10.17%, 0, 0, 3, 2454.82, 6668, 1921814
1606764504, 0, 321, 1524, 1487, 133, 10.17%, 0, 0, 3, 104.09, 6668, 1976708
1606764519, 0, 321, 1525, 1488, 133, 10.17%, 0, 0, 3, 11.02, 6668, 1976937
1606764612, 0, 321, 1526, 1489, 133, 10.17%, 0, 0, 3, 47.73, 6668, 1978583
1606764663, 0, 321, 1527, 1490, 133, 10.17%, 0, 0, 3, 18.63, 6668, 1979884
1606765737, 0, 321, 1529, 1492, 133, 10.17%, 0, 0, 3, 58.57, 6668, 2000628
1606765742, 0, 321, 1532, 1495, 133, 10.17%, 0, 0, 3, 12.27, 6668, 2000995
1606765747, 0, 321, 1533, 1496, 133, 10.17%, 0, 0, 3, 17.99, 6668, 2001097
1606765844, 0, 321, 1534, 1497, 133, 10.17%, 0, 0, 3, 13.28, 6668, 2005959
1606766325, 0, 321, 1535, 1498, 133, 10.18%, 0, 0, 3, 34.35, 6671, 2040147
1606766520, 0, 321, 1536, 1499, 133, 10.18%, 0, 0, 3, 44.27, 6671, 2049169
1606766567, 0, 321, 1537, 1500, 133, 10.18%, 0, 0, 3, 25.81, 6671, 2057956
1606766623, 0, 321, 1539, 1502, 133, 10.18%, 0, 0, 3, 36.75, 6671, 2060118
1606766634, 0, 321, 1540, 1503, 133, 10.18%, 0, 0, 3, 30.16, 6671, 2060489
1606766696, 0, 321, 1541, 1504, 133, 10.18%, 0, 0, 3, 11.19, 6671, 2062650
1606767040, 0, 321, 1542, 1505, 133, 10.18%, 0, 0, 3, 20.96, 6671, 2075376
1606767055, 0, 321, 1544, 1507, 133, 10.18%, 0, 0, 3, 24.42, 6671, 2075844
1606767060, 0, 322, 1544, 1506, 134, 10.18%, 0, 0, 3, 33.07, 6671, 2076275
1606767163, 0, 322, 1545, 1507, 134, 10.18%, 0, 0, 3, 42.08, 6671, 2078048
1606767544, 0, 322, 1546, 1508, 134, 10.18%, 0, 0, 3, 28.43, 6671, 2086516
1606767564, 0, 322, 1547, 1509, 134, 10.18%, 0, 0, 3, 11.31, 6671, 2087521
1606767646, 0, 322, 1548, 1510, 134, 10.18%, 0, 0, 3, 11.10, 6671, 2088817
1606767651, 0, 322, 1549, 1511, 134, 10.18%, 0, 0, 3, 10.83, 6671, 2088871
1606768909, 0, 322, 1550, 1512, 134, 10.18%, 0, 0, 3, 79.25, 6671, 2140879
1606769171, 0, 322, 1551, 1513, 134, 10.18%, 0, 0, 3, 28.84, 6671, 2159588
1606769372, 0, 322, 1552, 1514, 134, 10.18%, 0, 0, 3, 11.19, 6671, 2167519
1606769402, 0, 322, 1553, 1515, 134, 10.18%, 0, 0, 3, 13.57, 6671, 2167966
1606769581, 0, 347, 1554, 1515, 134, 10.18%, 0, 0, 3, 2055.54, 6671, 2186053
1606769607, 0, 362, 1555, 1515, 133, 10.18%, 0, 0, 3, 2493.48, 6671, 2254703
1606769632, 0, 363, 1557, 1516, 133, 10.19%, 0, 0, 3, 2566.70, 6677, 2323557
1606769658, 0, 365, 1557, 1515, 134, 10.19%, 0, 0, 3, 2490.98, 6677, 2386375
1606769688, 0, 366, 1557, 1514, 133, 10.19%, 0, 0, 3, 2588.88, 6677, 2463579
1606769714, 0, 367, 1557, 1513, 132, 10.19%, 0, 0, 3, 2505.36, 6677, 2527148
1606769739, 0, 368, 1557, 1512, 131, 10.19%, 0, 0, 3, 2425.40, 6677, 2590996
1606769770, 0, 369, 1557, 1511, 130, 10.19%, 0, 0, 3, 2427.39, 6677, 2666495
1606769801, 0, 424, 1557, 1510, 129, 10.19%, 0, 0, 3, 22.73, 6677, 2730920
1606769811, 0, 424, 1558, 1511, 129, 10.19%, 0, 0, 3, 11.40, 6677, 2731079
1606769857, 0, 424, 1559, 1512, 129, 10.19%, 0, 0, 3, 11.37, 6677, 2731657
1606769903, 0, 424, 1560, 1513, 129, 10.19%, 0, 0, 3, 40.71, 6677, 2732802
1606769908, 0, 424, 1562, 1515, 129, 10.19%, 0, 0, 3, 12.07, 6677, 2733318
1606770063, 0, 424, 1564, 1517, 129, 10.19%, 0, 0, 3, 34.22, 6677, 2736116
1606770068, 0, 424, 1566, 1519, 129, 10.19%, 0, 0, 3, 18.34, 6677, 2736651
1606770212, 0, 424, 1567, 1520, 129, 10.19%, 0, 0, 3, 100.18, 6677, 2739424
1606770274, 0, 424, 1568, 1521, 129, 10.19%, 0, 0, 3, 21.88, 6677, 2741588
1606770984, 0, 424, 1570, 1523, 129, 10.19%, 0, 0, 3, 336.86, 6677, 2754798
1606770989, 0, 424, 1571, 1524, 129, 10.19%, 0, 0, 3, 103.17, 6677, 2755175
1606770999, 0, 424, 1572, 1525, 129, 10.19%, 0, 0, 3, 23.36, 6677, 2755440
1606771010, 0, 424, 1574, 1527, 129, 10.19%, 0, 0, 3, 24.61, 6677, 2758306
1606771465, 0, 424, 1575, 1528, 129, 10.19%, 0, 0, 3, 13.81, 6677, 2791962
1606771619, 0, 424, 1576, 1529, 129, 10.19%, 0, 0, 3, 25.01, 6677, 2798943
1606771758, 0, 424, 1577, 1530, 129, 10.19%, 0, 0, 3, 21.65, 6677, 2803025
1606772071, 0, 424, 1578, 1531, 129, 10.19%, 0, 0, 3, 111.19, 6677, 2822035
1606772236, 0, 424, 1579, 1532, 129, 10.19%, 0, 0, 3, 11.44, 6677, 2826628
1606772277, 0, 424, 1580, 1533, 129, 10.19%, 0, 0, 3, 18.46, 6677, 2829587
1606772287, 0, 424, 1582, 1535, 129, 10.19%, 0, 0, 3, 31.78, 6677, 2829967
1606772293, 0, 424, 1585, 1538, 129, 10.19%, 0, 0, 3, 488.15, 6678, 2830723
1606772298, 0, 424, 1588, 1541, 129, 10.19%, 0, 0, 3, 523.14, 6678, 2833440
1606772303, 0, 424, 1589, 1542, 129, 10.19%, 0, 0, 3, 407.99, 6678, 2835706
1606772308, 0, 446, 1591, 1543, 131, 10.19%, 0, 0, 3, 31.94, 6678, 2836845
1606772328, 0, 446, 1593, 1545, 131, 10.19%, 0, 0, 3, 11.52, 6678, 2837162
1606772359, 0, 446, 1594, 1546, 131, 10.19%, 0, 0, 3, 10.83, 6678, 2837614
1606772400, 0, 446, 1595, 1547, 131, 10.19%, 0, 0, 3, 42.52, 6678, 2838762
1606772405, 0, 446, 1597, 1549, 131, 10.19%, 0, 0, 3, 20.41, 6678, 2839299
1606772483, 0, 446, 1598, 1550, 131, 10.19%, 0, 0, 3, 13.15, 6678, 2840600
1606772544, 0, 446, 1600, 1552, 131, 10.19%, 0, 0, 3, 16.75, 6678, 2842065
1606772595, 0, 446, 1601, 1553, 131, 10.19%, 0, 0, 3, 14.58, 6678, 2843539
1606772682, 0, 446, 1602, 1554, 131, 10.19%, 0, 0, 3, 1295.00, 6678, 2845700
1606773352, 0, 446, 1603, 1555, 131, 10.19%, 0, 0, 3, 10.84, 6678, 2859307
1606773357, 0, 446, 1605, 1557, 131, 10.19%, 0, 0, 3, 11.65, 6678, 2860822
1606773378, 0, 446, 1607, 1559, 131, 10.19%, 0, 0, 3, 20.50, 6678, 2861524
1606773485, 0, 446, 1608, 1560, 131, 10.19%, 0, 0, 3, 13.78, 6678, 2866469
1606773490, 0, 446, 1609, 1561, 131, 10.19%, 0, 0, 3, 18.87, 6678, 2866579
1606773546, 0, 446, 1610, 1562, 131, 10.19%, 0, 0, 3, 20.15, 6678, 2867820
1606773593, 0, 446, 1611, 1563, 131, 10.19%, 0, 0, 3, 18.40, 6678, 2869103
1606773685, 0, 446, 1612, 1564, 131, 10.19%, 0, 0, 3, 19.10, 6678, 2871012
1606773817, 0, 446, 1613, 1565, 131, 10.19%, 0, 0, 3, 11.97, 6680, 2897961
1606773828, 0, 446, 1615, 1567, 131, 10.19%, 0, 0, 3, 12.17, 6680, 2898088
1606773843, 0, 446, 1616, 1568, 131, 10.19%, 0, 0, 3, 13.83, 6680, 2898322
1606773910, 0, 446, 1618, 1570, 131, 10.19%, 0, 0, 3, 11.60, 6680, 2900221
1606774034, 0, 446, 1619, 1571, 131, 10.19%, 0, 0, 3, 17.43, 6680, 2907320
1606774100, 0, 446, 1620, 1572, 131, 10.19%, 0, 0, 3, 20.66, 6680, 2909608
1606774157, 0, 446, 1621, 1573, 131, 10.19%, 0, 0, 3, 23.17, 6680, 2918552
1606774167, 0, 446, 1622, 1574, 131, 10.19%, 0, 0, 3, 18.49, 6680, 2918758
1606774534, 0, 446, 1623, 1575, 131, 10.19%, 0, 0, 3, 18.55, 6680, 2934049
1606774580, 0, 458, 1623, 1574, 130, 10.19%, 0, 0, 3, 64.85, 6680, 2936525
1606774600, 0, 458, 1624, 1575, 130, 10.19%, 0, 0, 3, 12.31, 6680, 2936784
1606774611, 0, 458, 1625, 1576, 130, 10.19%, 0, 0, 3, 10.81, 6680, 2936897
1606774862, 0, 458, 1626, 1577, 130, 10.19%, 0, 0, 3, 1453.82, 6680, 2941634
1606774878, 0, 458, 1628, 1579, 130, 10.19%, 0, 0, 3, 13.53, 6680, 2942357
1606775866, 0, 458, 1631, 1582, 130, 10.19%, 0, 0, 3, 23.62, 6680, 2960404
1606775871, 0, 458, 1634, 1585, 130, 10.19%, 0, 0, 3, 584.82, 6680, 2960632
1606775877, 0, 458, 1635, 1586, 130, 10.19%, 0, 0, 3, 16.27, 6680, 2960859
1606775882, 0, 458, 1637, 1588, 130, 10.19%, 0, 0, 3, 12.58, 6680, 2960917
1606775892, 0, 458, 1640, 1591, 130, 10.19%, 0, 0, 3, 15.57, 6680, 2961123
1606775897, 0, 458, 1641, 1592, 130, 10.19%, 0, 0, 3, 9.08, 6680, 2962522
1606775902, 0, 458, 1642, 1593, 130, 10.19%, 0, 0, 3, 23.51, 6680, 2963988
1606776103, 0, 458, 1643, 1594, 130, 10.19%, 0, 0, 3, 27.37, 6680, 2968194
1606776501, 0, 458, 1644, 1595, 130, 10.19%, 0, 0, 3, 42.43, 6680, 2999996
1606776752, 0, 458, 1646, 1597, 130, 10.19%, 0, 0, 3, 24.11, 6680, 3017802
1606776778, 0, 458, 1647, 1598, 130, 10.19%, 0, 0, 3, 19.62, 6680, 3018358
1606777045, 0, 458, 1648, 1599, 130, 10.19%, 0, 0, 3, 10.73, 6680, 3028230
1606777199, 0, 458, 1649, 1600, 130, 10.19%, 0, 0, 3, 24.53, 6680, 3033817
1606777240, 0, 460, 1649, 1599, 129, 10.19%, 0, 0, 3, 24.39, 6680, 3035978
1606777409, 0, 460, 1650, 1600, 129, 10.19%, 0, 0, 3, 12.34, 6680, 3039165
1606777538, 0, 460, 1651, 1601, 129, 10.19%, 0, 0, 3, 1350.00, 6680, 3040929
1606777711, 0, 460, 1652, 1602, 129, 10.19%, 0, 0, 3, 99.08, 6680, 3045043
1606777716, 0, 460, 1653, 1603, 129, 10.19%, 0, 0, 3, 11.97, 6680, 3045192
1606778019, 0, 460, 1654, 1604, 129, 10.19%, 0, 0, 3, 10.39, 6680, 3050221
1606778627, 0, 460, 1656, 1606, 129, 10.19%, 0, 0, 3, 53.59, 6680, 3060009
1606778632, 0, 460, 1657, 1607, 129, 10.20%, 0, 0, 3, 31.24, 6683, 3060416
1606778683, 0, 460, 1658, 1608, 129, 10.20%, 0, 0, 3, 13.46, 6683, 3064484
1606778831, 0, 460, 1659, 1609, 129, 10.20%, 0, 0, 3, 19.07, 6683, 3067026
1606779295, 0, 460, 1660, 1610, 129, 10.20%, 0, 0, 3, 71.88, 6683, 3099369
1606779300, 0, 460, 1661, 1611, 129, 10.20%, 0, 0, 3, 9.76, 6683, 3099559
1606779428, 0, 460, 1662, 1612, 129, 10.20%, 0, 0, 3, 25.02, 6683, 3106365
1606779521, 0, 460, 1663, 1613, 129, 10.20%, 0, 0, 3, 82.67, 6683, 3108707
1606779864, 0, 460, 1664, 1614, 129, 10.20%, 0, 0, 3, 8.72, 6683, 3125966
1606779895, 0, 460, 1665, 1615, 129, 10.20%, 0, 0, 3, 10.40, 6683, 3127695
1606780069, 0, 460, 1666, 1616, 129, 10.20%, 0, 0, 3, 169.97, 6683, 3132965
1606780084, 0, 460, 1667, 1617, 129, 10.20%, 0, 0, 3, 24.28, 6683, 3133365
1606780131, 0, 476, 1667, 1616, 130, 10.20%, 0, 0, 3, 11.24, 6683, 3135605
1606780352, 0, 476, 1668, 1617, 130, 10.20%, 0, 0, 3, 10.94, 6683, 3139666
1606781326, 0, 476, 1669, 1618, 130, 10.20%, 0, 0, 3, 69.60, 6683, 3159744
1606781731, 0, 476, 1670, 1619, 130, 10.20%, 0, 0, 3, 453.14, 6683, 3181319
1606781992, 0, 476, 1671, 1620, 130, 10.20%, 0, 0, 3, 309.05, 6683, 3204468
1606782614, 0, 476, 1672, 1621, 130, 10.20%, 0, 0, 3, 28.80, 6683, 3234522
1606782620, 0, 567, 1672, 1620, 130, 10.20%, 0, 0, 3, 2196.46, 6683, 3241416
1606782661, 0, 568, 1672, 1619, 129, 10.20%, 0, 0, 3, 2250.39, 6683, 3337613
1606782706, 0, 569, 1672, 1618, 128, 10.20%, 0, 0, 3, 2365.55, 6683, 3445400
1606782748, 0, 611, 1672, 1616, 126, 10.20%, 0, 0, 3, 2494.74, 6683, 3544268
1606782758, 0, 611, 1673, 1617, 126, 10.20%, 0, 0, 3, 2402.63, 6683, 3569105
1606782774, 0, 611, 1674, 1618, 126, 10.20%, 0, 0, 3, 2725.13, 6683, 3610959
1606782779, 0, 611, 1678, 1622, 126, 10.20%, 0, 0, 3, 2492.14, 6683, 3623352
1606782784, 0, 612, 1679, 1622, 125, 10.20%, 0, 0, 3, 2470.40, 6683, 3635670
1606782804, 0, 633, 1680, 1622, 124, 10.20%, 0, 0, 3, 12.15, 6683, 3679200
1606782814, 0, 633, 1681, 1623, 124, 10.20%, 0, 0, 3, 10.06, 6683, 3679360
1606782902, 0, 633, 1682, 1624, 124, 10.20%, 0, 0, 3, 12.01, 6683, 3681040
1606782917, 0, 633, 1684, 1626, 124, 10.20%, 0, 0, 3, 19.01, 6683, 3681750
1606782937, 0, 633, 1685, 1627, 124, 10.20%, 0, 0, 3, 19.34, 6683, 3682118
1606782963, 0, 633, 1686, 1628, 124, 10.20%, 0, 0, 3, 14.45, 6683, 3682554
1606783060, 0, 633, 1688, 1630, 124, 10.20%, 0, 0, 3, 1502.04, 6683, 3684789
1606783086, 0, 633, 1689, 1631, 124, 10.20%, 0, 0, 3, 22.15, 6683, 3685426
1606783111, 0, 633, 1690, 1632, 124, 10.20%, 0, 0, 3, 12.25, 6683, 3685894
