# unix_time, cycles_done, cur_path, paths_total, pending_total, pending_favs, map_size, unique_crashes, unique_hangs, max_depth, execs_per_sec, edge_coverage, total_execs
1606977962, 0, 0, 1, 1, 1, 0.34%, 0, 0, 1, 200.00, 223, 8
1606977967, 0, 0, 103, 103, 1, 0.93%, 0, 0, 2, 624.20, 610, 3716
1606977972, 0, 0, 120, 120, 1, 1.10%, 0, 0, 2, 720.84, 718, 7586
1606977977, 0, 0, 132, 132, 1, 1.16%, 0, 0, 2, 747.12, 757, 11490
1606977982, 0, 0, 141, 141, 1, 1.23%, 0, 0, 2, 756.37, 808, 15348
1606977987, 0, 0, 149, 149, 1, 1.26%, 0, 0, 2, 759.15, 822, 19168
1606977992, 0, 0, 154, 154, 1, 1.28%, 0, 0, 2, 746.12, 842, 22982
1606978003, 0, 0, 159, 159, 1, 1.30%, 0, 0, 2, 749.68, 855, 30726
1606978008, 0, 0, 164, 164, 1, 1.34%, 0, 0, 2, 739.94, 876, 34550
1606978013, 0, 21, 165, 163, 63, 1.34%, 0, 0, 2, 748.25, 877, 38433
1606978018, 0, 25, 166, 163, 62, 1.34%, 0, 0, 3, 751.67, 877, 42282
1606978023, 0, 25, 167, 164, 62, 1.34%, 0, 0, 3, 738.39, 881, 45997
1606978028, 0, 35, 167, 162, 61, 1.34%, 0, 0, 3, 731.85, 881, 49660
1606978033, 0, 36, 167, 161, 60, 1.34%, 0, 0, 3, 746.62, 881, 53522
1606978038, 0, 37, 167, 160, 59, 1.34%, 0, 0, 3, 736.96, 881, 57222
1606978044, 0, 38, 167, 159, 58, 1.34%, 0, 0, 3, 727.31, 881, 60887
1606978049, 0, 40, 170, 161, 57, 1.34%, 0, 0, 3, 732.93, 881, 64668
1606978054, 0, 49, 171, 161, 56, 1.34%, 0, 0, 3, 744.58, 881, 68520
1606978059, 0, 50, 173, 162, 56, 1.34%, 0, 0, 3, 740.66, 881, 72223
1606978064, 0, 50, 178, 167, 56, 1.35%, 0, 0, 3, 737.71, 888, 76041
1606978074, 0, 50, 179, 168, 56, 1.35%, 0, 0, 3, 744.79, 888, 83749
1606978085, 0, 50, 180, 169, 56, 1.37%, 0, 0, 3, 747.72, 895, 91443
1606978090, 0, 50, 182, 171, 56, 1.37%, 0, 0, 3, 745.39, 896, 95295
1606978095, 0, 66, 183, 170, 55, 1.37%, 0, 0, 3, 742.24, 898, 99147
1606978100, 0, 68, 184, 170, 54, 1.39%, 0, 0, 3, 749.54, 912, 103024
1606978105, 0, 68, 185, 171, 54, 1.39%, 0, 0, 3, 746.72, 912, 106890
1606978110, 0, 69, 186, 171, 54, 1.40%, 1, 0, 3, 751.05, 917, 110658
1606978116, 0, 74, 186, 169, 53, 1.40%, 1, 0, 3, 745.68, 917, 114476
1606978121, 0, 74, 188, 171, 53, 1.42%, 1, 0, 3, 747.15, 930, 118316
1606978126, 0, 75, 190, 172, 53, 1.42%, 1, 0, 3, 753.48, 933, 122143
1606978131, 0, 78, 191, 172, 53, 1.42%, 1, 0, 3, 750.56, 933, 125990
1606978136, 0, 81, 191, 170, 52, 1.42%, 1, 0, 3, 748.90, 933, 129770
1606978141, 0, 83, 193, 171, 51, 1.43%, 1, 0, 3, 739.81, 935, 133576
1606978146, 0, 85, 194, 171, 52, 1.43%, 1, 0, 3, 740.56, 938, 137410
1606978151, 0, 89, 194, 169, 50, 1.43%, 1, 0, 3, 743.98, 938, 141124
1606978156, 0, 92, 194, 167, 48, 1.43%, 1, 0, 3, 742.83, 938, 144975
1606978162, 0, 92, 197, 170, 48, 1.44%, 1, 0, 3, 736.89, 946, 148805
1606978167, 0, 97, 199, 170, 49, 1.44%, 1, 0, 3, 742.90, 946, 152670
1606978172, 0, 98, 201, 171, 49, 1.45%, 1, 0, 3, 743.85, 951, 156380
1606978177, 0, 104, 203, 171, 48, 1.45%, 1, 0, 3, 742.64, 953, 160226
1606978182, 0, 108, 204, 171, 49, 1.48%, 1, 0, 3, 746.33, 969, 164084
1606978187, 0, 112, 211, 176, 47, 1.52%, 1, 0, 3, 745.31, 995, 167802
1606978192, 0, 113, 211, 175, 50, 1.52%, 1, 0, 3, 744.58, 995, 171643
1606978198, 0, 121, 213, 175, 49, 1.54%, 1, 0, 3, 747.09, 1011, 175508
1606978203, 0, 129, 215, 175, 49, 1.59%, 1, 0, 3, 746.20, 1039, 179357
1606978208, 0, 130, 215, 174, 48, 1.59%, 1, 0, 3, 743.20, 1039, 183230
1606978213, 0, 134, 220, 177, 51, 1.63%, 1, 0, 3, 746.63, 1070, 187083
1606978218, 0, 135, 222, 178, 50, 1.64%, 1, 0, 3, 739.47, 1074, 190786
