# unix_time, cycles_done, cur_path, paths_total, pending_total, pending_favs, map_size, unique_crashes, unique_hangs, max_depth, execs_per_sec, edge_coverage, total_execs
1602101824, 0, 0, 1, 1, 1, 0.96%, 0, 0, 1, 1600.00 0 8
1602101830, 0, 0, 96, 96, 1, 1.58%, 0, 0, 2, 2200.18 1034 12184
1602101835, 0, 0, 102, 102, 1, 1.58%, 0, 0, 2, 2214.72 1034 23600
1602101840, 0, 0, 108, 108, 1, 1.58%, 0, 0, 2, 2419.82 1034 35830
1602101845, 0, 0, 110, 110, 1, 1.58%, 0, 0, 2, 2425.62 1035 48573
1602101850, 0, 0, 113, 113, 1, 1.58%, 0, 0, 2, 2143.48 1035 59295
1602101856, 0, 0, 118, 118, 1, 1.58%, 0, 0, 2, 2122.62 1035 70171
1602101866, 0, 0, 119, 119, 1, 1.58%, 0, 0, 2, 2143.02 1035 91767
1602101876, 0, 0, 127, 127, 1, 1.61%, 0, 0, 2, 2284.67 1054 115922
1602101881, 0, 0, 128, 128, 1, 1.61%, 0, 0, 2, 2245.84 1054 127687
1602101886, 0, 0, 130, 130, 1, 1.61%, 0, 0, 2, 2102.72 1054 138014
1602101901, 0, 0, 132, 132, 1, 1.61%, 0, 0, 2, 2017.33 1054 170743
1602101906, 0, 0, 133, 133, 1, 1.61%, 0, 0, 2, 1997.22 1054 181135
1602101917, 0, 0, 144, 144, 1, 1.63%, 0, 0, 2, 2477.41 1069 205146
1602101922, 0, 0, 145, 145, 1, 1.63%, 0, 0, 2, 2208.62 1069 215996
1602101932, 0, 0, 146, 146, 1, 1.63%, 0, 0, 2, 2050.90 1069 236804
1602101937, 0, 1, 146, 145, 54, 1.63%, 0, 0, 2, 2241.42 1069 247967
1602101942, 0, 5, 147, 143, 52, 1.63%, 0, 0, 3, 2776.98 1071 262779
1602101947, 0, 8, 148, 141, 49, 1.63%, 0, 0, 3, 2936.80 1071 278175
1602101952, 0, 12, 149, 139, 47, 1.64%, 0, 0, 3, 2903.64 1072 292818
1602101967, 0, 28, 150, 138, 46, 1.64%, 0, 0, 3, 3616.91 1073 340974
1602101972, 0, 29, 157, 144, 45, 1.65%, 0, 0, 3, 2850.53 1079 355963
1602101983, 0, 29, 159, 146, 45, 1.65%, 0, 0, 3, 2153.61 1079 377537
1602101993, 0, 29, 161, 148, 45, 1.65%, 0, 0, 3, 2234.83 1079 403341
1602102023, 0, 29, 163, 150, 45, 1.65%, 0, 0, 3, 2277.47 1081 468262
1602102028, 0, 29, 164, 151, 45, 1.65%, 0, 0, 3, 2129.64 1081 479115
1602102043, 0, 29, 165, 152, 45, 1.65%, 0, 0, 3, 2193.04 1081 511793
1602102089, 0, 32, 166, 151, 45, 1.65%, 0, 0, 3, 2624.35 1081 610008
1602102094, 0, 33, 166, 150, 44, 1.65%, 0, 0, 3, 2620.86 1081 623682
1602102100, 0, 35, 188, 170, 42, 1.65%, 0, 0, 3, 2571.80 1083 636553
1602102105, 0, 35, 217, 199, 42, 1.65%, 0, 0, 3, 1174.22 1083 640862
1602102110, 0, 35, 220, 202, 42, 1.65%, 0, 0, 3, 800.35 1083 644392
1602102115, 0, 35, 228, 210, 42, 1.72%, 0, 0, 3, 851.89 1124 649449
1602102125, 0, 35, 229, 211, 42, 1.72%, 0, 0, 3, 871.48 1124 658054
1602102135, 0, 35, 230, 212, 42, 1.72%, 0, 0, 3, 1013.08 1124 666438
1602102140, 0, 35, 233, 215, 42, 1.82%, 0, 0, 3, 2057.49 1193 677982
1602102145, 0, 35, 234, 216, 42, 1.82%, 0, 0, 3, 1249.06 1193 683730
1602102222, 0, 35, 236, 218, 42, 1.83%, 0, 0, 3, 1327.53 1198 744691
1602102232, 0, 35, 239, 221, 42, 1.83%, 0, 0, 3, 1518.92 1198 756625
1602102334, 0, 35, 241, 223, 42, 1.83%, 0, 0, 3, 914.12 1198 848871
1602102380, 0, 38, 241, 222, 43, 1.83%, 0, 0, 3, 862.60 1198 881158
1602102385, 0, 41, 242, 222, 43, 1.83%, 0, 0, 3, 2307.91 1201 894745
1602102390, 0, 47, 242, 221, 42, 1.83%, 0, 0, 3, 2562.90 1201 907920
1602102400, 0, 51, 243, 221, 42, 1.84%, 0, 0, 3, 2592.55 1203 934613
1602102406, 0, 54, 244, 221, 41, 1.84%, 0, 0, 3, 2610.55 1203 947980
1602102416, 0, 58, 245, 221, 40, 1.84%, 0, 0, 3, 2541.37 1203 974236
1602102426, 0, 59, 246, 221, 39, 1.84%, 0, 0, 3, 2535.25 1203 1000035
1602102441, 0, 65, 246, 220, 37, 1.84%, 0, 0, 3, 2346.02 1203 1037821
1602102502, 0, 65, 247, 221, 37, 1.84%, 0, 0, 3, 1993.43 1204 1150951
1602102574, 0, 76, 247, 220, 37, 1.84%, 0, 0, 3, 1728.13 1204 1280578
1602102579, 0, 76, 248, 221, 37, 1.84%, 0, 0, 3, 2242.60 1204 1292585
1602102589, 0, 76, 250, 223, 37, 1.84%, 0, 0, 3, 2368.52 1204 1316334
1602102614, 0, 93, 252, 224, 36, 1.84%, 0, 0, 3, 2412.75 1204 1377024
1602102629, 0, 94, 253, 224, 35, 1.84%, 0, 0, 3, 2471.90 1204 1415472
1602102635, 0, 94, 254, 225, 35, 1.84%, 0, 0, 3, 2401.95 1204 1427355
1602102665, 0, 108, 255, 225, 35, 1.84%, 0, 0, 3, 2141.06 1206 1499887
1602102777, 0, 119, 255, 224, 34, 1.84%, 0, 0, 3, 2976.02 1206 1740885
1602102782, 0, 120, 255, 223, 33, 1.84%, 0, 0, 3, 2868.67 1206 1756219
1602102787, 0, 125, 255, 221, 31, 1.84%, 0, 0, 3, 3215.20 1206 1771736
1602102792, 0, 129, 255, 219, 28, 1.84%, 0, 0, 3, 3519.70 1206 1790418
1602102854, 0, 134, 255, 217, 26, 1.84%, 0, 0, 3, 3347.42 1206 1962334
1602102859, 0, 139, 255, 214, 23, 1.84%, 0, 0, 3, 3736.62 1206 1982559
1602102864, 0, 140, 255, 213, 22, 1.84%, 0, 0, 3, 3687.00 1206 2001013
1602102869, 0, 142, 256, 213, 21, 1.84%, 0, 0, 3, 3641.93 1206 2019853
1602102879, 0, 143, 256, 212, 20, 1.84%, 0, 0, 3, 3611.02 1206 2056668
1602102904, 0, 149, 256, 208, 16, 1.84%, 0, 0, 3, 3619.22 1206 2129333
1602102914, 0, 157, 256, 207, 15, 1.84%, 0, 0, 3, 2464.68 1206 2159173
1602103031, 0, 161, 262, 212, 14, 1.84%, 0, 0, 4, 1960.35 1206 2406985
1602103036, 0, 161, 264, 214, 14, 1.84%, 0, 0, 4, 2050.17 1206 2417581
1602103052, 0, 161, 265, 215, 14, 1.84%, 0, 0, 4, 2866.94 1206 2455287
1602103057, 0, 161, 266, 216, 14, 1.84%, 0, 0, 4, 2465.53 1206 2467053
1602103067, 0, 165, 266, 215, 13, 1.84%, 0, 0, 4, 2374.93 1206 2490884
1602103072, 0, 186, 272, 220, 12, 1.84%, 0, 0, 4, 1501.10 1206 2498841
1602103077, 0, 186, 273, 221, 12, 1.84%, 0, 0, 4, 1266.15 1206 2504104
1602103087, 0, 186, 276, 224, 12, 1.84%, 0, 0, 4, 1173.54 1206 2514850
1602103097, 0, 186, 279, 227, 12, 1.84%, 0, 0, 4, 1334.63 1206 2525997
1602103108, 0, 186, 280, 228, 12, 1.84%, 0, 0, 4, 1731.83 1206 2548685
1602103113, 0, 186, 281, 229, 12, 1.84%, 0, 0, 4, 1354.86 1206 2555608
1602103153, 0, 186, 282, 230, 12, 1.84%, 0, 0, 4, 1503.34 1206 2604553
1602103158, 0, 186, 284, 232, 12, 1.84%, 0, 0, 4, 2153.83 1206 2614304
1602103255, 0, 188, 284, 231, 13, 1.84%, 0, 0, 4, 1705.40 1206 2740291
1602103260, 0, 188, 285, 232, 13, 1.84%, 0, 0, 4, 2258.57 1206 2752885
1602103270, 0, 188, 287, 234, 13, 1.84%, 0, 0, 4, 2509.18 1206 2777957
1602103286, 0, 231, 320, 266, 16, 1.84%, 0, 0, 4, 3321.73 1206 2826338
1602103291, 0, 231, 338, 284, 16, 1.84%, 0, 0, 4, 1665.80 1206 2832686
1602103296, 0, 231, 342, 288, 16, 1.84%, 0, 0, 4, 1366.70 1206 2839954
1602103301, 0, 231, 344, 290, 16, 1.84%, 0, 0, 4, 1127.51 1206 2845087
1602103311, 0, 231, 347, 293, 16, 1.84%, 0, 0, 4, 180.95 1206 2853828
1602103316, 0, 231, 353, 299, 16, 1.84%, 0, 0, 4, 2156.04 1206 2864565
1602103403, 0, 232, 371, 316, 16, 1.84%, 0, 0, 4, 1663.71 1206 2963444
1602103408, 0, 232, 386, 331, 16, 1.84%, 0, 0, 4, 939.77 1206 2967347
1602103413, 0, 232, 387, 332, 16, 1.84%, 0, 0, 4, 1141.84 1206 2972385
1602103424, 0, 232, 389, 334, 16, 1.84%, 0, 0, 4, 1109.71 1206 2981397
1602103434, 0, 232, 390, 335, 16, 1.84%, 0, 0, 4, 830.76 1206 2989210
1602103439, 0, 232, 396, 341, 16, 1.84%, 0, 0, 4, 2037.28 1206 2998456
1602103444, 0, 232, 397, 342, 16, 1.84%, 0, 0, 4, 1523.73 1206 3006768
1602103464, 0, 232, 398, 343, 16, 1.84%, 0, 0, 4, 1528.47 1206 3033869
1602103475, 0, 232, 399, 344, 16, 1.84%, 0, 0, 4, 1493.80 1206 3049227
1602103500, 0, 234, 406, 350, 16, 1.84%, 0, 0, 4, 1451.40 1206 3082027
1602103505, 0, 234, 409, 353, 16, 1.84%, 0, 0, 4, 1647.54 1206 3090751
1602103515, 0, 234, 410, 354, 16, 1.84%, 0, 0, 4, 1613.77 1206 3107219
1602103526, 0, 234, 412, 356, 16, 1.84%, 0, 0, 4, 2358.48 1206 3131048
1602103531, 0, 234, 414, 358, 16, 1.84%, 0, 0, 4, 2405.83 1206 3143214
1602103536, 0, 234, 415, 359, 16, 1.84%, 0, 0, 4, 2405.59 1206 3155223
1602103541, 0, 234, 417, 361, 16, 1.85%, 0, 0, 4, 2258.22 1214 3167076
1602103546, 0, 242, 417, 359, 16, 1.85%, 0, 0, 4, 2741.04 1214 3181224
1602103551, 0, 254, 417, 357, 14, 1.85%, 0, 0, 4, 2672.06 1214 3194851
1602103582, 0, 259, 418, 357, 13, 1.85%, 0, 0, 5, 2323.45 1214 3273231
1602103622, 0, 264, 418, 356, 13, 1.85%, 0, 0, 5, 2196.50 1214 3369340
1602103658, 0, 264, 419, 357, 13, 1.85%, 0, 0, 5, 2432.23 1214 3454410
1602103663, 0, 265, 419, 356, 12, 1.85%, 0, 0, 5, 2373.34 1214 3466362
1602103693, 0, 272, 422, 358, 12, 1.86%, 0, 0, 5, 2543.64 1218 3543157
1602103699, 0, 272, 427, 363, 12, 1.86%, 0, 0, 5, 1534.69 1218 3550277
1602103709, 0, 272, 428, 364, 12, 1.86%, 0, 0, 5, 1461.12 1218 3564769
1602103957, 0, 282, 428, 363, 12, 1.86%, 0, 0, 5, 1441.91 1218 3789525
1602103962, 0, 282, 430, 365, 12, 1.86%, 0, 0, 5, 1514.98 1218 3797760
1602103977, 0, 282, 431, 366, 12, 1.86%, 0, 0, 5, 2174.63 1218 3822500
1602103992, 0, 282, 432, 367, 12, 1.86%, 0, 0, 5, 2326.57 1218 3856213
1602104013, 0, 284, 437, 371, 14, 1.86%, 0, 0, 5, 2215.16 1218 3898927
1602104033, 0, 284, 442, 376, 14, 1.86%, 0, 0, 5, 2500.37 1218 3949073
1602104038, 0, 284, 443, 377, 14, 1.86%, 0, 0, 5, 2551.25 1218 3962398
1602104043, 0, 284, 444, 378, 14, 1.86%, 0, 0, 5, 2602.89 1218 3975633
1602104048, 0, 306, 446, 379, 16, 1.86%, 0, 0, 5, 475.52 1218 3986658
1602104053, 0, 306, 450, 383, 16, 1.86%, 0, 0, 5, 312.65 1218 3988077
1602104058, 0, 306, 452, 385, 16, 1.86%, 0, 0, 5, 252.99 1218 3989321
1602104074, 0, 306, 454, 387, 16, 1.86%, 0, 0, 5, 368.82 1218 3996358
1602104089, 0, 306, 455, 388, 16, 1.86%, 0, 0, 5, 429.53 1218 4005113
1602104110, 0, 306, 456, 389, 16, 1.86%, 0, 0, 5, 459.78 1218 4011328
1602104125, 0, 306, 457, 390, 16, 1.86%, 0, 0, 5, 602.60 1218 4032022
1602104140, 0, 306, 458, 391, 16, 1.86%, 0, 0, 5, 296.19 1218 4036753
1602104176, 0, 306, 459, 392, 16, 1.86%, 0, 0, 5, 237.38 1218 4048125
1602104461, 0, 306, 460, 393, 16, 1.86%, 0, 0, 5, 310.69 1218 4145199
1602104741, 0, 308, 461, 393, 16, 1.86%, 0, 0, 5, 1575.79 1218 4232110
1602104746, 0, 308, 462, 394, 16, 1.86%, 0, 0, 5, 1544.02 1218 4240174
1602104761, 0, 308, 463, 395, 16, 1.86%, 0, 0, 5, 2096.52 1218 4266532
1602104772, 0, 308, 464, 396, 16, 1.86%, 0, 0, 5, 2181.19 1218 4287681
1602104792, 0, 311, 465, 396, 15, 1.86%, 0, 0, 5, 2282.75 1218 4333750
1602104828, 0, 314, 465, 395, 14, 1.86%, 0, 0, 5, 2415.98 1218 4424900
1602104863, 0, 370, 466, 395, 13, 1.86%, 0, 0, 5, 2561.31 1218 4510456
1602104884, 0, 370, 470, 399, 13, 1.86%, 0, 0, 5, 2635.19 1218 4563030
1602104899, 0, 374, 470, 398, 13, 1.86%, 0, 0, 5, 2207.27 1218 4601583
1602104909, 0, 374, 471, 399, 13, 1.86%, 0, 0, 5, 1809.65 1218 4619766
1602104924, 0, 374, 472, 400, 13, 1.86%, 0, 0, 5, 2533.14 1218 4656005
1602104940, 0, 410, 474, 401, 13, 1.86%, 0, 0, 5, 2423.95 1218 4693233
1602104945, 0, 410, 476, 403, 13, 1.86%, 0, 0, 5, 2397.93 1218 4705515
1602104950, 0, 410, 477, 404, 13, 1.86%, 0, 0, 5, 2294.98 1218 4716423
1602104975, 0, 416, 477, 403, 12, 1.86%, 0, 0, 5, 2569.39 1218 4778554
1602104986, 0, 416, 478, 404, 12, 1.86%, 0, 0, 5, 2682.46 1219 4805919
1602104991, 0, 421, 484, 409, 12, 1.86%, 0, 0, 6, 1720.61 1219 4814150
1602105006, 0, 421, 485, 410, 12, 1.86%, 0, 0, 6, 1429.64 1219 4836449
1602105123, 0, 421, 486, 411, 12, 1.86%, 0, 0, 6, 1704.28 1219 5017666
1602105154, 0, 429, 486, 410, 13, 1.86%, 0, 0, 6, 2051.20 1219 5061706
1602105189, 0, 432, 490, 413, 12, 1.86%, 0, 0, 6, 2309.52 1219 5146888
1602105225, 0, 434, 490, 412, 11, 1.86%, 0, 0, 6, 2383.25 1219 5230534
1602105250, 0, 434, 492, 414, 11, 1.86%, 0, 0, 6, 2471.95 1219 5292643
1602105260, 0, 436, 492, 413, 10, 1.86%, 0, 0, 6, 2500.23 1219 5318066
1602105296, 0, 446, 492, 412, 9, 1.86%, 0, 0, 6, 2520.52 1219 5406257
1602105383, 0, 462, 492, 411, 9, 1.86%, 0, 0, 6, 1711.78 1219 5515301
1602105424, 0, 467, 492, 410, 9, 1.86%, 0, 0, 6, 2386.84 1219 5607944
1602105434, 0, 467, 493, 411, 9, 1.86%, 0, 0, 6, 2424.27 1219 5632367
1602105459, 0, 471, 493, 410, 8, 1.86%, 0, 0, 6, 2031.23 1219 5692521
1602105500, 0, 473, 493, 409, 7, 1.86%, 0, 0, 6, 2257.93 1219 5783318
1602105535, 0, 475, 493, 408, 6, 1.86%, 0, 0, 6, 2402.45 1219 5865856
1602105541, 0, 475, 494, 409, 6, 1.86%, 0, 0, 6, 2329.87 1219 5877882
1602105571, 0, 477, 494, 408, 5, 1.86%, 0, 0, 6, 2482.16 1219 5950635
1602105581, 0, 493, 495, 408, 4, 1.86%, 0, 0, 7, 2508.68 1219 5976855
1602105617, 0, 494, 495, 407, 4, 1.86%, 0, 0, 7, 2410.81 1219 6061457
1602105642, 0, 494, 496, 408, 4, 1.86%, 0, 0, 8, 2458.48 1219 6121912
1602105657, 1, 14, 496, 407, 3, 1.86%, 0, 0, 8, 2331.96 1219 6158213
1602105765, 1, 90, 496, 406, 2, 1.86%, 0, 0, 8, 2146.83 1219 6401288
1602105780, 1, 90, 497, 407, 2, 1.86%, 0, 0, 8, 2362.35 1221 6434272
1602105882, 1, 101, 497, 406, 2, 1.86%, 0, 0, 8, 2147.11 1221 6642989
1602106009, 1, 104, 497, 405, 2, 1.86%, 0, 0, 8, 2047.13 1221 6891883
1602106126, 1, 271, 497, 404, 1, 1.86%, 0, 0, 8, 2026.30 1221 7134524
1602106202, 1, 337, 497, 403, 1, 1.86%, 0, 0, 8, 1676.21 1221 7268507
1602106294, 1, 344, 497, 402, 1, 1.86%, 0, 0, 8, 1479.90 1221 7386510
1602106315, 1, 344, 498, 403, 1, 1.86%, 0, 0, 8, 620.55 1221 7397106
1602106559, 1, 366, 498, 402, 1, 1.86%, 0, 0, 8, 1033.51 1221 7561839
1602106569, 1, 366, 499, 403, 1, 1.86%, 0, 0, 8, 979.22 1221 7571519
1602106589, 1, 366, 500, 404, 1, 1.86%, 0, 0, 8, 2455.57 1221 7596692
1602106635, 1, 460, 500, 403, 1, 1.86%, 0, 0, 8, 1463.97 1221 7666936
1602106711, 1, 496, 500, 402, 1, 1.86%, 0, 0, 8, 1917.79 1221 7790208
1602106717, 1, 496, 501, 403, 1, 1.86%, 0, 0, 8, 2056.39 1222 7801218
1602106824, 1, 500, 501, 402, 1, 1.86%, 0, 0, 8, 2297.91 1222 8033784
1602106941, 2, 27, 502, 402, 1, 1.87%, 0, 0, 8, 2390.58 1224 8283759
1602106946, 2, 209, 502, 401, 1, 1.87%, 0, 0, 8, 2343.25 1224 8296449
1602107017, 2, 209, 504, 403, 1, 1.87%, 0, 0, 8, 1645.38 1224 8413624
1602107022, 2, 502, 505, 403, 1, 1.87%, 0, 0, 8, 2326.84 1226 8426560
1602107109, 2, 502, 506, 404, 1, 1.87%, 0, 0, 8, 2540.13 1226 8642225
1602107114, 2, 504, 506, 403, 1, 1.87%, 0, 0, 8, 2527.79 1226 8655084
1602107206, 3, 13, 506, 402, 0, 1.87%, 0, 0, 8, 2564.72 1226 8884986
1602107308, 3, 14, 506, 401, 0, 1.87%, 0, 0, 8, 2395.83 1226 9127978
1602107313, 3, 22, 506, 401, 0, 1.87%, 0, 0, 8, 2128.08 1226 9138572
1602107420, 3, 30, 506, 400, 0, 1.87%, 0, 0, 8, 2138.92 1226 9358136
1602107533, 3, 39, 506, 399, 0, 1.87%, 0, 0, 8, 2539.76 1226 9609426
1602107548, 3, 42, 506, 398, 0, 1.87%, 0, 0, 8, 2748.83 1226 9651075
1602107553, 3, 46, 506, 397, 0, 1.87%, 0, 0, 8, 2707.77 1226 9665019
1602107569, 3, 48, 506, 396, 0, 1.87%, 0, 0, 8, 2739.89 1226 9706324
1602107574, 3, 56, 506, 395, 0, 1.87%, 0, 0, 8, 2752.42 1226 9720663
1602107584, 3, 57, 506, 394, 0, 1.87%, 0, 0, 8, 2727.48 1226 9748670
1602107599, 3, 60, 506, 393, 0, 1.87%, 0, 0, 8, 2544.65 1226 9788894
1602107655, 3, 69, 506, 392, 0, 1.87%, 0, 0, 8, 2242.96 1226 9924093
1602107766, 3, 71, 506, 391, 0, 1.87%, 0, 0, 8, 2330.68 1226 10165117
1602107802, 3, 75, 506, 390, 0, 1.87%, 0, 0, 8, 2312.91 1226 10255655
1602107929, 3, 77, 506, 389, 0, 1.87%, 0, 0, 8, 2088.90 1226 10508095
1602108051, 3, 204, 507, 389, 1, 1.87%, 0, 0, 8, 1699.70 1228 10751201
1602108107, 3, 280, 507, 388, 1, 1.87%, 0, 0, 8, 1791.05 1228 10853900
1602108336, 3, 506, 507, 387, 1, 1.87%, 0, 0, 8, 1442.71 1228 11099681
1602108342, 4, 10, 507, 386, 0, 1.87%, 0, 0, 8, 2582.45 1228 11114751
1602108347, 4, 16, 507, 385, 0, 1.87%, 0, 0, 8, 2434.69 1228 11127205
1602108449, 4, 23, 508, 385, 1, 1.88%, 0, 0, 8, 2452.69 1231 11367975
1602108454, 4, 158, 508, 384, 1, 1.88%, 0, 0, 8, 2421.72 1231 11381348
1602108576, 4, 169, 508, 383, 1, 1.88%, 0, 0, 8, 337.89 1231 11626385
1602109175, 4, 203, 508, 382, 1, 1.88%, 0, 0, 8, 1548.74 1231 11874827
1602109231, 4, 208, 508, 381, 1, 1.88%, 0, 0, 8, 1670.17 1231 11978512
1602109298, 4, 213, 508, 380, 1, 1.88%, 0, 0, 8, 1286.37 1231 12091898
1602109399, 4, 273, 508, 379, 1, 1.88%, 0, 0, 8, 1380.78 1231 12229896
1602109424, 4, 273, 509, 380, 1, 1.88%, 0, 0, 8, 1287.63 1231 12259067
1602109552, 4, 368, 509, 379, 1, 1.88%, 0, 0, 8, 1465.79 1231 12426633
1602109587, 4, 368, 510, 380, 1, 1.88%, 0, 0, 8, 1730.80 1231 12460258
1602109649, 4, 433, 510, 379, 1, 1.88%, 0, 0, 8, 2079.16 1231 12548506
1602109679, 4, 460, 510, 378, 1, 1.88%, 0, 0, 8, 2584.46 1231 12626487
1602109684, 4, 507, 510, 378, 1, 1.88%, 0, 0, 8, 2611.48 1231 12639941
1602109695, 4, 508, 510, 377, 0, 1.88%, 0, 0, 8, 2240.18 1231 12665699
1602109842, 4, 508, 511, 378, 0, 1.88%, 0, 0, 8, 1735.27 1234 12860192
1602109847, 4, 510, 516, 382, 1, 1.88%, 0, 0, 8, 2315.97 1234 12872730
1602109862, 4, 510, 518, 384, 1, 1.88%, 0, 0, 8, 2601.82 1234 12911804
1602109867, 4, 510, 520, 386, 1, 1.88%, 0, 0, 8, 2815.86 1234 12926024
1602109873, 4, 510, 521, 387, 1, 1.88%, 0, 0, 8, 2865.56 1234 12940833
1602109878, 4, 511, 521, 386, 1, 1.88%, 0, 0, 8, 2763.80 1234 12955007
1602109893, 4, 516, 522, 386, 0, 1.88%, 0, 0, 8, 2763.58 1234 12997449
1602109913, 5, 18, 522, 385, 0, 1.88%, 0, 0, 8, 2599.88 1234 13052224
1602110020, 5, 21, 522, 384, 0, 1.88%, 0, 0, 8, 2835.56 1234 13297014
1602110107, 5, 43, 522, 383, 0, 1.88%, 0, 0, 8, 2986.26 1234 13542861
1602110112, 5, 45, 522, 382, 0, 1.88%, 0, 0, 8, 3566.35 1234 13561585
1602110117, 5, 79, 522, 381, 0, 1.88%, 0, 0, 8, 3511.79 1234 13579344
1602110203, 5, 86, 522, 380, 0, 1.88%, 0, 0, 8, 2941.26 1234 13826897
1602110290, 5, 87, 522, 379, 0, 1.88%, 0, 0, 8, 3035.61 1234 14079026
1602110346, 5, 88, 522, 378, 0, 1.88%, 0, 0, 8, 2189.90 1234 14250680
1602110432, 5, 89, 522, 377, 0, 1.88%, 0, 0, 8, 2973.08 1234 14493014
1602110538, 5, 92, 522, 376, 0, 1.88%, 0, 0, 8, 2298.73 1234 14738113
1602110650, 5, 95, 522, 375, 0, 1.88%, 0, 0, 8, 2184.62 1234 14991249
1602110756, 5, 98, 522, 374, 0, 1.88%, 0, 0, 8, 2099.53 1234 15223006
1602110884, 5, 100, 522, 373, 0, 1.88%, 0, 0, 8, 2005.68 1234 15468576
1602110955, 5, 108, 522, 372, 0, 1.88%, 0, 0, 8, 2333.05 1234 15635861
1602110960, 5, 111, 522, 372, 0, 1.88%, 0, 0, 8, 2213.81 1234 15646800
1602111077, 5, 113, 522, 371, 0, 1.88%, 0, 0, 8, 1941.11 1234 15889297
1602111204, 5, 114, 522, 370, 0, 1.88%, 0, 0, 8, 1872.72 1234 16136061
1602111331, 5, 115, 522, 369, 0, 1.88%, 0, 0, 8, 1827.50 1234 16382165
1602111458, 5, 116, 522, 368, 0, 1.88%, 0, 0, 8, 1816.49 1234 16630403
1602111580, 5, 121, 522, 367, 0, 1.88%, 0, 0, 8, 2197.50 1234 16871722
1602111585, 5, 122, 522, 366, 0, 1.88%, 0, 0, 8, 2125.50 1234 16883003
1602111621, 5, 130, 522, 365, 0, 1.88%, 0, 0, 8, 2516.54 1234 16968032
1602111747, 5, 137, 522, 364, 0, 1.88%, 0, 0, 8, 2083.76 1234 17220006
1602111798, 5, 140, 522, 363, 0, 1.88%, 0, 0, 8, 2288.17 1234 17336147
1602111803, 5, 152, 522, 363, 0, 1.88%, 0, 0, 8, 1409.82 1234 17343401
1602112063, 5, 156, 522, 362, 0, 1.88%, 0, 0, 8, 1577.46 1234 17589403
1602112180, 5, 160, 522, 361, 0, 1.88%, 0, 0, 8, 2084.89 1234 17838837
1602112292, 5, 177, 522, 360, 0, 1.88%, 0, 0, 8, 2098.30 1234 18079811
1602112302, 5, 177, 523, 361, 0, 1.88%, 0, 0, 8, 233.15 1234 18082493
1602113128, 5, 183, 523, 360, 0, 1.88%, 0, 0, 8, 955.76 1234 18326913
1602113133, 5, 183, 524, 361, 0, 1.88%, 0, 0, 8, 540.72 1234 18329056
1602113558, 5, 187, 524, 360, 0, 1.88%, 0, 0, 8, 854.77 1234 18569673
1602113573, 5, 191, 524, 359, 0, 1.88%, 0, 0, 8, 2631.85 1234 18610340
1602113614, 5, 193, 524, 358, 0, 1.88%, 0, 0, 8, 1971.88 1234 18703923
1602113654, 5, 215, 524, 357, 0, 1.88%, 0, 0, 8, 2050.37 1234 18792346
1602113818, 5, 216, 524, 356, 0, 1.88%, 0, 0, 8, 1191.80 1234 18964268
1602113982, 5, 219, 524, 355, 0, 1.88%, 0, 0, 8, 1234.99 1234 19135364
1602114155, 5, 220, 524, 354, 0, 1.88%, 0, 0, 8, 689.38 1234 19312219
1602114692, 5, 222, 526, 355, 0, 1.88%, 0, 0, 8, 1424.67 1234 19558087
1602114723, 5, 222, 527, 356, 0, 1.88%, 0, 0, 8, 1043.91 1234 19584792
1602114849, 5, 226, 527, 355, 0, 1.88%, 0, 0, 8, 1104.16 1234 19721729
1602114951, 5, 229, 527, 354, 0, 1.88%, 0, 0, 8, 1097.30 1234 19863624
1602115099, 5, 244, 527, 353, 0, 1.88%, 0, 0, 8, 2273.76 1234 20043972
1602115109, 5, 249, 527, 352, 0, 1.88%, 0, 0, 8, 2500.78 1234 20070920
1602115145, 5, 257, 527, 351, 0, 1.88%, 0, 0, 8, 2501.49 1234 20158986
1602115150, 5, 257, 528, 352, 0, 1.88%, 0, 0, 8, 1201.23 1234 20164088
1602115247, 5, 257, 529, 353, 0, 1.88%, 0, 0, 8, 1080.62 1234 20252186
1602115252, 5, 257, 530, 354, 0, 1.88%, 0, 0, 8, 780.72 1234 20255666
1602115333, 5, 260, 530, 353, 0, 1.88%, 0, 0, 8, 1577.90 1234 20332602
1602115374, 5, 269, 530, 352, 0, 1.88%, 0, 0, 8, 2064.17 1234 20423171
1602115599, 5, 274, 530, 351, 0, 1.88%, 0, 0, 8, 1220.58 1234 20672265
1602115776, 5, 286, 531, 351, 0, 1.88%, 0, 0, 8, 2019.77 1234 20890936
1602115812, 5, 292, 531, 350, 0, 1.88%, 0, 0, 8, 308.84 1234 20974719
1602116728, 5, 293, 531, 349, 0, 1.88%, 0, 0, 8, 1636.14 1234 21220291
1602117349, 5, 295, 531, 348, 0, 1.88%, 0, 0, 8, 1122.80 1234 21468373
1602117507, 5, 296, 531, 347, 0, 1.88%, 0, 0, 8, 1349.69 1234 21617491
1602117644, 5, 299, 531, 346, 0, 1.88%, 0, 0, 8, 1325.05 1234 21758468
1602117767, 5, 303, 531, 345, 0, 1.88%, 0, 0, 8, 1320.00 1234 21895748
1602119357, 5, 305, 531, 344, 0, 1.88%, 0, 0, 8, 178.98 1234 22143491
1602120435, 5, 313, 531, 343, 0, 1.88%, 0, 0, 8, 1843.66 1234 22391691
1602120476, 5, 318, 531, 342, 0, 1.88%, 0, 0, 8, 1873.14 1234 22485639
1602120516, 5, 320, 531, 341, 0, 1.88%, 0, 0, 8, 1654.68 1234 22573129
1602120567, 5, 325, 531, 340, 0, 1.88%, 0, 0, 8, 1562.07 1234 22668060
1602120618, 5, 331, 531, 339, 0, 1.88%, 0, 0, 8, 1725.82 1234 22762775
1602120685, 5, 345, 531, 338, 0, 1.88%, 0, 0, 8, 2113.91 1234 22871445
1602120715, 5, 350, 531, 337, 0, 1.88%, 0, 0, 8, 2482.88 1234 22950026
1602120879, 5, 351, 531, 336, 0, 1.88%, 0, 0, 8, 954.36 1234 23099691
1602122726, 5, 353, 531, 335, 0, 1.88%, 0, 0, 8, 113.15 1234 23347220
1602125671, 5, 357, 531, 334, 0, 1.88%, 0, 0, 8, 2466.42 1234 23590318
1602125728, 5, 357, 532, 335, 0, 1.88%, 0, 0, 8, 1565.91 1234 23621589
1602125896, 5, 360, 532, 334, 0, 1.88%, 0, 0, 8, 984.66 1234 23744175
1602125982, 5, 369, 532, 333, 0, 1.88%, 0, 0, 8, 1288.12 1234 23854811
1602126018, 5, 375, 532, 332, 0, 1.88%, 0, 0, 8, 2372.90 1234 23944495
1602126059, 5, 379, 532, 331, 0, 1.88%, 0, 0, 8, 2287.23 1234 24033030
1602126105, 5, 380, 532, 330, 0, 1.88%, 0, 0, 8, 1916.19 1234 24123943
1602126156, 5, 385, 532, 329, 0, 1.88%, 0, 0, 8, 1651.51 1234 24216856
1602126217, 5, 398, 532, 328, 0, 1.88%, 0, 0, 8, 2122.61 1234 24317656
1602126252, 5, 401, 532, 327, 0, 1.88%, 0, 0, 8, 1453.82 1234 24402139
1602126329, 5, 405, 532, 326, 0, 1.88%, 0, 0, 8, 1645.91 1234 24509931
1602126369, 5, 415, 532, 325, 0, 1.88%, 0, 0, 8, 2226.96 1234 24598062
1602126415, 5, 418, 532, 324, 0, 1.88%, 0, 0, 8, 2220.00 1234 24693953
1602126451, 5, 422, 532, 323, 0, 1.88%, 0, 0, 8, 2440.53 1234 24779485
1602126456, 5, 422, 533, 324, 0, 1.88%, 0, 0, 8, 2012.56 1234 24789381
1602126522, 5, 482, 533, 323, 1, 1.88%, 0, 0, 8, 2052.78 1234 24924065
1602126573, 5, 532, 533, 322, 1, 1.88%, 0, 0, 8, 2168.86 1234 25040262
1602126644, 6, 15, 533, 321, 0, 1.88%, 0, 0, 8, 2521.65 1234 25187276
1602126751, 6, 40, 533, 320, 0, 1.88%, 0, 0, 8, 2670.05 1234 25440414
1602126756, 6, 68, 533, 319, 0, 1.88%, 0, 0, 8, 2461.35 1234 25453310
1602126878, 6, 82, 533, 318, 0, 1.88%, 0, 0, 8, 2127.99 1234 25699020
1602127005, 6, 85, 533, 317, 0, 1.88%, 0, 0, 8, 1797.48 1234 25951402
1602127132, 6, 99, 533, 316, 0, 1.88%, 0, 0, 8, 2395.66 1234 26198998
1602127158, 6, 105, 533, 315, 0, 1.88%, 0, 0, 8, 2281.05 1234 26263626
1602127274, 6, 106, 533, 314, 0, 1.88%, 0, 0, 8, 2121.58 1234 26508115
1602127391, 6, 107, 533, 313, 0, 1.88%, 0, 0, 8, 2148.25 1234 26754943
1602127508, 6, 128, 533, 312, 0, 1.88%, 0, 0, 8, 2128.45 1234 27003599
1602127636, 6, 138, 533, 311, 0, 1.88%, 0, 0, 8, 2278.71 1234 27251309
1602127641, 6, 145, 533, 310, 0, 1.88%, 0, 0, 8, 2285.11 1234 27263568
1602127757, 6, 151, 533, 309, 0, 1.88%, 0, 0, 8, 2118.94 1234 27511036
1602127869, 6, 174, 533, 308, 0, 1.88%, 0, 0, 8, 2115.67 1234 27751875
1602128190, 6, 175, 533, 307, 0, 1.88%, 0, 0, 8, 1199.34 1234 27999929
1602128414, 6, 181, 533, 306, 0, 1.88%, 0, 0, 8, 1246.07 1234 28215715
1602129001, 6, 185, 533, 305, 0, 1.88%, 0, 0, 8, 1838.52 1234 28461255
1602129298, 6, 189, 533, 304, 0, 1.88%, 0, 0, 8, 1064.24 1234 28705766
1602129333, 6, 192, 533, 303, 0, 1.88%, 0, 0, 8, 2306.65 1234 28795467
1602129374, 6, 195, 533, 302, 0, 1.88%, 0, 0, 8, 1926.01 1234 28887267
1602129414, 6, 200, 533, 301, 0, 1.88%, 0, 0, 8, 2166.62 1234 28976496
1602129470, 6, 201, 533, 300, 0, 1.88%, 0, 0, 8, 1596.71 1234 29083609
1602129521, 6, 207, 533, 299, 0, 1.88%, 0, 0, 8, 1724.61 1234 29183142
1602129587, 6, 214, 533, 298, 0, 1.88%, 0, 0, 8, 1389.00 1234 29294902
1602129730, 6, 225, 533, 297, 0, 1.88%, 0, 0, 8, 1696.58 1234 29459426
1602129765, 6, 227, 533, 296, 0, 1.88%, 0, 0, 8, 2189.25 1234 29544008
1602129872, 6, 230, 533, 295, 0, 1.88%, 0, 0, 8, 1084.19 1234 29686519
1602130183, 6, 248, 533, 294, 0, 1.88%, 0, 0, 8, 1259.63 1234 29930788
1602130224, 6, 263, 533, 293, 0, 1.88%, 0, 0, 8, 2205.15 1234 30032427
1602130260, 6, 266, 533, 292, 0, 1.88%, 0, 0, 8, 2479.82 1234 30118279
1602130539, 6, 276, 533, 291, 0, 1.88%, 0, 0, 8, 1218.99 1234 30368945
1602130763, 6, 279, 533, 290, 0, 1.88%, 0, 0, 8, 1485.62 1234 30614632
1602130993, 6, 283, 533, 289, 0, 1.88%, 0, 0, 8, 1147.01 1234 30863883
1602131227, 6, 298, 533, 288, 0, 1.88%, 0, 0, 8, 1043.98 1234 31111362
1602131350, 6, 302, 533, 287, 0, 1.88%, 0, 0, 8, 154.35 1234 31247529
1602136157, 6, 307, 533, 286, 0, 1.88%, 0, 0, 8, 1000.10 1234 31493488
1602136488, 6, 310, 533, 285, 0, 1.88%, 0, 0, 8, 948.47 1234 31677408
1602136672, 6, 316, 533, 284, 0, 1.88%, 0, 0, 8, 1622.79 1234 31814903
1602136713, 6, 319, 533, 283, 0, 1.88%, 0, 0, 8, 2364.88 1234 31903027
1602136759, 6, 328, 533, 282, 0, 1.88%, 0, 0, 8, 1914.94 1234 31996061
1602136815, 6, 333, 533, 281, 0, 1.88%, 0, 0, 8, 1652.47 1234 32094245
1602136896, 6, 334, 533, 280, 0, 1.88%, 0, 0, 8, 1388.33 1234 32205732
1602136978, 6, 336, 533, 279, 0, 1.88%, 0, 0, 8, 1288.97 1234 32317719
1602137059, 6, 340, 533, 278, 0, 1.88%, 0, 0, 8, 1473.18 1234 32428465
1602137172, 6, 364, 533, 277, 0, 1.88%, 0, 0, 8, 228.52 1234 32561012
1602142683, 6, 371, 533, 276, 0, 1.88%, 0, 0, 8, 1446.61 1234 32809602
1602142719, 6, 378, 533, 275, 0, 1.88%, 0, 0, 8, 2487.75 1234 32896414
1602142765, 6, 382, 533, 274, 0, 1.88%, 0, 0, 8, 2261.18 1234 32985432
1602142826, 6, 383, 533, 273, 0, 1.88%, 0, 0, 8, 1310.59 1234 33086166
1602142882, 6, 386, 533, 272, 0, 1.88%, 0, 0, 8, 1187.05 1234 33180722
1602142973, 6, 388, 533, 271, 0, 1.88%, 0, 0, 8, 995.49 1234 33294837
1602143086, 6, 403, 533, 270, 0, 1.88%, 0, 0, 8, 1635.50 1234 33417671
1602143122, 6, 414, 533, 269, 0, 1.88%, 0, 0, 8, 2451.53 1234 33502379
1602143157, 6, 416, 533, 268, 0, 1.88%, 0, 0, 8, 2612.91 1234 33588073
1602143163, 6, 419, 533, 268, 0, 1.88%, 0, 0, 8, 1609.54 1234 33595929
1602144955, 6, 424, 533, 267, 0, 1.88%, 0, 0, 8, 1739.48 1234 33839514
1602145021, 6, 431, 535, 268, 0, 1.88%, 0, 0, 8, 1747.27 1234 33976921
1602145031, 6, 431, 536, 269, 0, 1.88%, 0, 0, 8, 1616.27 1234 33992580
1602145037, 6, 431, 537, 270, 0, 1.88%, 0, 0, 8, 1654.49 1234 34000807
1602145067, 6, 435, 537, 269, 0, 1.88%, 0, 0, 8, 2277.76 1234 34070865
1602145103, 6, 437, 537, 268, 0, 1.88%, 0, 0, 8, 2430.54 1234 34159799
1602145138, 6, 438, 537, 267, 0, 1.88%, 0, 0, 8, 2527.92 1234 34248830
1602145174, 6, 439, 537, 266, 0, 1.88%, 0, 0, 8, 2517.29 1234 34340453
1602145204, 6, 443, 537, 265, 0, 1.88%, 0, 0, 8, 2633.06 1234 34419936
1602145240, 6, 452, 537, 264, 0, 1.88%, 0, 0, 8, 2315.40 1234 34506591
1602145986, 6, 453, 537, 263, 0, 1.88%, 0, 0, 8, 321.71 1234 34754403
1602146664, 6, 457, 537, 262, 0, 1.88%, 0, 0, 8, 300.65 1234 35001029
1602154232, 6, 458, 537, 261, 0, 1.88%, 0, 0, 8, 1161.23 1234 35247395
1602155863, 6, 464, 537, 260, 0, 1.88%, 0, 0, 8, 1401.01 1234 35399637
1602155899, 6, 465, 537, 259, 0, 1.88%, 0, 0, 8, 2613.84 1234 35484866
1602155935, 6, 470, 537, 258, 0, 1.88%, 0, 0, 8, 2177.71 1234 35575487
1602156396, 6, 476, 537, 257, 0, 1.88%, 0, 0, 8, 2511.15 1234 35669781
1602156432, 6, 481, 537, 256, 0, 1.88%, 0, 0, 8, 2123.49 1234 35754197
1602156969, 6, 487, 537, 255, 0, 1.88%, 0, 0, 8, 2221.99 1234 35980324
1602156999, 6, 490, 537, 254, 0, 1.88%, 0, 0, 8, 2632.11 1234 36060140
1602158609, 6, 493, 537, 253, 0, 1.88%, 0, 0, 8, 2644.46 1234 36145317
1602158614, 6, 513, 537, 253, 0, 1.88%, 0, 0, 8, 2713.10 1234 36158998
1602158634, 6, 517, 537, 252, 0, 1.88%, 0, 0, 8, 2714.65 1234 36214218
1602158866, 6, 521, 537, 251, 0, 1.88%, 0, 0, 8, 2916.57 1234 36252613
1602158891, 6, 529, 537, 250, 0, 1.88%, 0, 0, 8, 1600.65 1234 36317219
1602160639, 6, 530, 540, 252, 0, 1.88%, 0, 0, 8, 2106.47 1234 36490162
1602160669, 6, 530, 542, 254, 0, 1.88%, 0, 0, 8, 2636.41 1234 36569647
1602160679, 6, 531, 542, 253, 0, 1.88%, 0, 0, 8, 1354.25 1234 36589639
1602160863, 6, 535, 542, 252, 0, 1.88%, 0, 0, 8, 1704.14 1234 36735518
1602161456, 6, 540, 542, 251, 0, 1.88%, 0, 0, 8, 2482.53 1234 36996169
1602161461, 6, 540, 543, 252, 0, 1.88%, 0, 0, 8, 2519.49 1234 37008889
1602161476, 6, 540, 544, 253, 0, 1.88%, 0, 0, 8, 2827.22 1234 37050696
1602161482, 6, 540, 545, 254, 0, 1.90%, 0, 0, 8, 2874.57 1242 37065377
1602161487, 6, 544, 545, 253, 1, 1.90%, 0, 0, 8, 2734.56 1242 37079041
1602161502, 7, 25, 545, 252, 0, 1.90%, 0, 0, 8, 2647.80 1242 37121242
1602161619, 7, 37, 545, 251, 0, 1.90%, 0, 0, 8, 2632.29 1242 37375974
1602161624, 7, 44, 545, 250, 0, 1.90%, 0, 0, 8, 2742.08 1242 37389904
1602161629, 7, 49, 545, 249, 0, 1.90%, 0, 0, 8, 2731.61 1242 37404163
1602161634, 7, 55, 545, 248, 0, 1.90%, 0, 0, 8, 2751.42 1242 37418165
1602161644, 7, 66, 545, 247, 0, 1.90%, 0, 0, 8, 2464.15 1242 37445323
1602161772, 7, 81, 545, 246, 0, 1.90%, 0, 0, 8, 1995.89 1242 37692910
1602161893, 7, 109, 545, 245, 0, 1.90%, 0, 0, 8, 2251.57 1242 37939509
1602162015, 7, 112, 545, 244, 0, 1.90%, 0, 0, 8, 2111.64 1242 38189199
1602162132, 7, 124, 545, 243, 0, 1.90%, 0, 0, 8, 2290.72 1242 38434625
1602162137, 7, 170, 545, 242, 0, 1.90%, 0, 0, 8, 2613.94 1242 38448532
1602164849, 7, 179, 545, 241, 0, 1.90%, 0, 0, 8, 1696.04 1242 38693014
1602165654, 7, 199, 545, 240, 0, 1.90%, 0, 0, 8, 1690.34 1242 38943975
1602165705, 7, 205, 545, 239, 0, 1.90%, 0, 0, 8, 1759.38 1242 39043782
1602165766, 7, 217, 545, 238, 0, 1.90%, 0, 0, 8, 1380.01 1242 39152342
1602165930, 7, 223, 545, 237, 0, 1.90%, 0, 0, 8, 1217.65 1242 39324784
1602166118, 7, 224, 545, 236, 0, 1.90%, 0, 0, 8, 1265.97 1242 39566641
1602166304, 7, 228, 545, 235, 0, 1.90%, 0, 0, 8, 1085.91 1242 39730645
1602167145, 7, 239, 545, 234, 0, 1.90%, 0, 0, 8, 1091.64 1242 39979071
1602169994, 7, 253, 545, 233, 0, 1.90%, 0, 0, 8, 2222.06 1242 40233992
1602170025, 7, 275, 545, 232, 0, 1.90%, 0, 0, 8, 1572.44 1242 40308384
1602170259, 7, 285, 545, 231, 0, 1.90%, 0, 0, 8, 1909.27 1242 40557007
1602170295, 7, 297, 545, 230, 0, 1.90%, 0, 0, 8, 1826.56 1242 40643243
1602170412, 7, 312, 545, 229, 0, 1.90%, 0, 0, 8, 1878.63 1242 40783065
1602170448, 7, 332, 545, 228, 0, 1.90%, 0, 0, 8, 2355.17 1242 40870091
1602170519, 7, 343, 545, 227, 0, 1.90%, 0, 0, 8, 1519.36 1242 40977027
1602170672, 7, 349, 545, 226, 0, 1.90%, 0, 0, 8, 1265.52 1242 41125235
1602170780, 7, 354, 545, 225, 0, 1.90%, 0, 0, 8, 125.92 1242 41255048
1602173262, 7, 355, 545, 224, 0, 1.90%, 0, 0, 8, 158.33 1242 41500353
1602175226, 7, 356, 545, 223, 0, 1.90%, 0, 0, 8, 910.77 1242 41745181
1602175607, 7, 361, 545, 222, 0, 1.90%, 0, 0, 8, 900.69 1242 41920983
1602175700, 7, 372, 545, 221, 0, 1.90%, 0, 0, 8, 1617.85 1242 42036810
1602175735, 7, 373, 545, 220, 0, 1.90%, 0, 0, 8, 2492.08 1242 42120627
1602175776, 7, 389, 545, 219, 0, 1.90%, 0, 0, 8, 1816.67 1242 42210190
1602175980, 7, 391, 545, 218, 0, 1.90%, 0, 0, 8, 108.56 1242 42352219
1602179270, 7, 408, 545, 217, 0, 1.90%, 0, 0, 8, 1821.17 1242 42601187
1602179311, 7, 411, 545, 216, 0, 1.90%, 0, 0, 8, 2347.15 1242 42688837
1602179346, 7, 416, 545, 215, 0, 1.90%, 0, 0, 8, 2535.23 1242 42772401
1602179351, 7, 417, 545, 215, 0, 1.90%, 0, 0, 8, 2170.79 1242 42783035
1602179387, 7, 420, 545, 214, 0, 1.90%, 0, 0, 8, 2451.22 1242 42867348
1602179565, 7, 428, 545, 213, 0, 1.90%, 0, 0, 8, 1634.65 1242 43115050
1602179840, 7, 444, 545, 212, 0, 1.90%, 0, 0, 8, 1590.30 1242 43363011
1602179881, 7, 445, 545, 211, 0, 1.90%, 0, 0, 8, 1860.44 1242 43458476
1602179926, 7, 448, 545, 210, 0, 1.90%, 0, 0, 8, 1284.61 1242 43552577
1602180035, 7, 449, 545, 209, 0, 1.90%, 0, 0, 8, 949.87 1242 43664473
1602180177, 7, 459, 545, 208, 0, 1.90%, 0, 0, 8, 1068.55 1242 43787118
1602180907, 7, 463, 545, 207, 0, 1.90%, 0, 0, 8, 1979.16 1242 44037526
1602180948, 7, 474, 545, 206, 0, 1.90%, 0, 0, 8, 2408.23 1242 44130204
1602180984, 7, 479, 545, 205, 0, 1.90%, 0, 0, 8, 2053.60 1242 44216047
1602181141, 7, 489, 545, 204, 0, 1.90%, 0, 0, 8, 2272.94 1242 44468647
1602181172, 7, 491, 545, 203, 0, 1.90%, 0, 0, 8, 2620.90 1242 44547988
1602181207, 7, 495, 545, 202, 0, 1.90%, 0, 0, 8, 2422.00 1242 44640628
1602181243, 7, 512, 546, 202, 0, 1.90%, 0, 0, 8, 2705.29 1242 44729697
1602181264, 7, 515, 546, 201, 0, 1.90%, 0, 0, 8, 2809.52 1242 44786841
1602181284, 7, 519, 546, 200, 0, 1.90%, 0, 0, 8, 2837.63 1242 44843099
1602181310, 7, 519, 547, 201, 0, 1.90%, 0, 0, 8, 2874.75 1242 44913063
1602181320, 7, 522, 547, 200, 0, 1.90%, 0, 0, 8, 289.99 1242 44931622
1602182126, 7, 532, 547, 199, 0, 1.90%, 0, 0, 8, 1553.42 1242 45175914
1602182131, 7, 536, 547, 199, 0, 1.90%, 0, 0, 8, 232.22 1242 45179275
1602183145, 7, 538, 547, 198, 0, 1.90%, 0, 0, 8, 1438.79 1242 45424091
1602183170, 7, 543, 547, 197, 0, 1.90%, 0, 0, 8, 2790.09 1242 45492741
1602183206, 8, 9, 547, 196, 0, 1.90%, 0, 0, 8, 2862.11 1242 45587625
1602183211, 8, 19, 547, 196, 0, 1.90%, 0, 0, 8, 2346.86 1242 45599181
1602183323, 8, 36, 547, 194, 0, 1.90%, 0, 0, 8, 2668.53 1242 45849700
1602183328, 8, 53, 547, 193, 0, 1.90%, 0, 0, 8, 2691.48 1242 45863211
1602183338, 8, 131, 547, 192, 0, 1.90%, 0, 0, 8, 2588.78 1242 45890459
1602183470, 8, 141, 547, 191, 0, 1.90%, 0, 0, 8, 2402.37 1242 46143079
1602183480, 8, 155, 547, 190, 0, 1.90%, 0, 0, 8, 2685.51 1242 46170412
1602183597, 8, 162, 547, 189, 0, 1.90%, 0, 0, 8, 2125.52 1242 46417719
1602183642, 8, 171, 547, 188, 0, 1.90%, 0, 0, 8, 2292.98 1242 46522822
1602184121, 8, 172, 547, 187, 0, 1.90%, 0, 0, 8, 2092.07 1242 46769141
1602184509, 8, 184, 547, 186, 0, 1.90%, 0, 0, 8, 1364.34 1242 47019783
1602184575, 8, 190, 547, 185, 0, 1.90%, 0, 0, 8, 1869.57 1242 47146215
1602184611, 8, 196, 547, 184, 0, 1.90%, 0, 0, 8, 2525.58 1242 47234122
1602184661, 8, 206, 547, 183, 0, 1.90%, 0, 0, 8, 1519.67 1242 47334763
1602184728, 8, 238, 547, 182, 0, 1.90%, 0, 0, 8, 1869.80 1242 47447345
1602184768, 8, 245, 547, 181, 0, 1.90%, 0, 0, 8, 2538.46 1242 47545665
1602184783, 8, 246, 547, 180, 0, 1.90%, 0, 0, 8, 2157.46 1242 47583035
1602184819, 8, 250, 547, 179, 0, 1.90%, 0, 0, 8, 2440.44 1242 47664749
1602184834, 8, 255, 547, 178, 0, 1.90%, 0, 0, 8, 2647.28 1242 47705106
1602184849, 8, 262, 547, 177, 0, 1.90%, 0, 0, 8, 2287.62 1242 47744200
1602184885, 8, 277, 547, 176, 0, 1.90%, 0, 0, 8, 2421.87 1242 47830955
1602185119, 8, 287, 547, 175, 0, 1.90%, 0, 0, 8, 2200.00 1242 48078828
1602187018, 8, 300, 547, 174, 0, 1.90%, 0, 0, 8, 1117.65 1242 48326681
1602187145, 8, 321, 547, 173, 0, 1.90%, 0, 0, 8, 1507.66 1242 48468429
1602187196, 8, 326, 547, 172, 0, 1.90%, 0, 0, 8, 1872.55 1242 48562779
1602187252, 8, 329, 547, 171, 0, 1.90%, 0, 0, 8, 1596.92 1242 48660764
1602187308, 8, 335, 547, 170, 0, 1.90%, 0, 0, 8, 1866.83 1242 48756818
1602187399, 8, 347, 547, 169, 0, 1.90%, 0, 0, 8, 1135.86 1242 48875180
1602187532, 8, 358, 547, 168, 0, 1.90%, 0, 0, 8, 1356.41 1242 49016036
1602187655, 8, 362, 547, 167, 0, 1.90%, 0, 0, 8, 1239.86 1242 49141203
1602187752, 8, 363, 547, 166, 0, 1.90%, 0, 0, 8, 125.08 1242 49256875
