# unix_time, cycles_done, cur_path, paths_total, pending_total, pending_favs, map_size, unique_crashes, unique_hangs, max_depth, execs_per_sec, edge_coverage, total_execs
1603932809, 0, 0, 1, 1, 1, 0.88%, 0, 0, 1, 222.22, 575, 8
1603932814, 0, 0, 62, 62, 1, 1.37%, 0, 0, 2, 498.86, 899, 2973
1603932819, 0, 0, 88, 88, 1, 1.40%, 0, 0, 2, 533.66, 915, 5697
1603932824, 0, 0, 94, 94, 1, 1.40%, 0, 0, 2, 546.40, 919, 8531
1603932829, 0, 0, 99, 99, 1, 1.43%, 0, 0, 2, 565.12, 937, 11389
1603932834, 0, 0, 101, 101, 1, 1.43%, 0, 0, 2, 572.69, 937, 14287
1603932839, 0, 0, 107, 107, 1, 1.43%, 0, 0, 2, 564.90, 940, 17148
1603932845, 0, 0, 109, 109, 1, 1.44%, 0, 0, 2, 565.50, 941, 19990
1603932850, 0, 0, 113, 113, 1, 1.44%, 0, 0, 2, 567.81, 942, 22881
1603932855, 0, 0, 116, 116, 1, 1.44%, 0, 0, 2, 564.56, 942, 25776
1603932860, 0, 0, 120, 120, 1, 1.44%, 0, 0, 2, 568.54, 944, 28664
1603932865, 0, 0, 123, 123, 1, 1.44%, 0, 0, 2, 562.59, 944, 31517
1603932870, 0, 0, 127, 127, 1, 1.45%, 0, 0, 2, 583.93, 948, 34476
1603932880, 0, 0, 128, 128, 1, 1.45%, 0, 0, 2, 583.68, 950, 40501
1603932890, 0, 0, 129, 129, 1, 1.45%, 0, 0, 2, 582.46, 951, 46547
1603932895, 0, 0, 131, 131, 1, 1.45%, 0, 0, 2, 563.29, 952, 49367
1603932901, 0, 0, 135, 135, 1, 1.46%, 0, 0, 2, 551.80, 954, 52125
1603932906, 0, 0, 136, 136, 1, 1.46%, 0, 0, 2, 548.60, 954, 54961
1603932916, 0, 0, 138, 138, 1, 1.46%, 0, 0, 2, 553.08, 956, 60573
1603932921, 0, 0, 144, 144, 1, 1.46%, 0, 0, 2, 541.07, 957, 63381
1603932926, 0, 0, 145, 145, 1, 1.46%, 0, 0, 2, 547.96, 958, 66151
1603932941, 0, 0, 146, 146, 1, 1.46%, 0, 0, 2, 533.97, 959, 74501
1603932957, 0, 0, 149, 149, 1, 1.47%, 0, 0, 2, 543.08, 961, 82899
1603932967, 0, 0, 150, 150, 1, 1.47%, 0, 0, 2, 539.94, 962, 88399
1603932982, 0, 0, 151, 151, 1, 1.47%, 0, 0, 2, 576.10, 963, 97029
1603932993, 0, 0, 152, 152, 1, 1.47%, 0, 0, 2, 558.89, 963, 102856
1603933008, 0, 0, 154, 154, 1, 1.49%, 0, 0, 2, 574.93, 976, 111475
1603933018, 0, 0, 158, 158, 1, 1.49%, 0, 0, 2, 563.64, 978, 117148
1603933024, 0, 0, 162, 162, 1, 1.50%, 0, 0, 2, 561.73, 985, 120094
1603933034, 0, 0, 163, 163, 1, 1.50%, 0, 0, 2, 550.95, 985, 125822
1603933059, 0, 0, 165, 165, 1, 1.51%, 0, 0, 2, 552.97, 987, 139872
1603933064, 0, 0, 166, 166, 1, 1.51%, 0, 0, 2, 551.96, 988, 142662
1603933105, 0, 0, 167, 167, 1, 1.51%, 0, 0, 2, 543.09, 989, 165627
1603933110, 0, 0, 168, 168, 1, 1.51%, 0, 0, 2, 541.74, 989, 168429
1603933116, 0, 0, 169, 169, 1, 1.51%, 0, 0, 2, 543.34, 989, 171207
1603933121, 0, 0, 170, 170, 1, 1.51%, 0, 0, 2, 550.04, 990, 174077
1603933126, 0, 0, 171, 171, 1, 1.51%, 0, 0, 2, 546.46, 991, 176897
1603933136, 0, 0, 172, 172, 1, 1.51%, 0, 0, 2, 543.09, 991, 182415
1603933157, 0, 0, 177, 177, 1, 1.53%, 0, 0, 2, 569.69, 1000, 193764
1603933162, 0, 0, 181, 181, 1, 1.53%, 0, 0, 2, 586.37, 1003, 196794
1603933167, 0, 0, 183, 183, 1, 1.53%, 0, 0, 2, 589.65, 1005, 199824
1603933172, 0, 0, 184, 184, 1, 1.54%, 0, 0, 2, 586.53, 1006, 202846
1603933187, 0, 0, 185, 185, 1, 1.54%, 0, 0, 2, 553.44, 1006, 211544
1603933228, 0, 0, 186, 186, 1, 1.54%, 0, 0, 2, 551.10, 1006, 234124
1603933249, 0, 0, 187, 187, 1, 1.54%, 0, 0, 2, 558.65, 1007, 245494
1603933254, 0, 0, 189, 189, 1, 1.54%, 0, 0, 2, 574.07, 1009, 248404
1603933259, 0, 0, 192, 192, 1, 1.55%, 0, 0, 2, 581.65, 1018, 251442
1603933264, 0, 0, 195, 195, 1, 1.56%, 0, 0, 2, 582.71, 1025, 254457
1603933269, 0, 0, 196, 196, 1, 1.57%, 0, 0, 2, 593.09, 1026, 257489
1603933285, 0, 0, 198, 198, 1, 1.57%, 0, 0, 2, 597.20, 1030, 266602
1603933310, 0, 1, 198, 197, 56, 1.57%, 0, 0, 2, 582.29, 1030, 281580
1603933315, 0, 3, 199, 197, 56, 1.57%, 0, 0, 3, 611.63, 1031, 284700
1603933320, 0, 6, 199, 196, 55, 1.57%, 0, 0, 3, 619.05, 1031, 287838
1603933330, 0, 7, 200, 196, 54, 1.57%, 0, 0, 3, 597.18, 1032, 294035
1603933335, 0, 9, 200, 195, 53, 1.57%, 0, 0, 3, 600.80, 1032, 297051
1603933341, 0, 11, 200, 194, 52, 1.57%, 0, 0, 3, 602.94, 1032, 300114
1603933356, 0, 12, 200, 193, 51, 1.57%, 0, 0, 3, 602.28, 1032, 309321
1603933423, 0, 19, 202, 194, 51, 1.58%, 0, 0, 3, 587.76, 1036, 348949
1603933520, 0, 19, 203, 195, 51, 1.58%, 0, 0, 3, 557.95, 1037, 404170
1603933530, 0, 19, 204, 196, 51, 1.58%, 0, 0, 3, 555.40, 1038, 409864
1603933556, 0, 19, 205, 197, 51, 1.59%, 0, 0, 3, 550.34, 1039, 424011
1603933628, 0, 19, 206, 198, 51, 1.59%, 0, 0, 3, 576.28, 1040, 464059
1603933643, 0, 19, 208, 200, 51, 1.59%, 0, 0, 3, 559.53, 1042, 472840
1603933674, 0, 19, 209, 201, 51, 1.59%, 0, 0, 3, 555.17, 1043, 489754
1603933705, 0, 19, 210, 202, 51, 1.59%, 0, 0, 3, 558.65, 1043, 507225
1603933725, 0, 19, 211, 203, 51, 1.59%, 0, 0, 3, 546.86, 1044, 518443
1603933833, 0, 19, 212, 204, 51, 1.59%, 0, 0, 3, 550.66, 1045, 578871
1603933863, 0, 21, 214, 205, 52, 1.60%, 0, 0, 3, 559.32, 1047, 595727
1603933889, 0, 21, 215, 206, 52, 1.60%, 0, 0, 3, 555.89, 1048, 609760
1603933919, 0, 21, 216, 207, 52, 1.60%, 0, 0, 3, 587.79, 1048, 626932
1603934139, 0, 21, 217, 208, 52, 1.60%, 0, 0, 3, 574.99, 1049, 749586
1603934149, 0, 21, 218, 209, 52, 1.60%, 0, 0, 3, 547.06, 1050, 755141
1603934190, 0, 21, 220, 211, 52, 1.61%, 0, 0, 3, 540.51, 1052, 777371
1603934200, 0, 21, 221, 212, 52, 1.61%, 0, 0, 3, 547.02, 1053, 782951
1603934262, 0, 21, 222, 213, 52, 1.61%, 0, 0, 3, 556.25, 1054, 817898
1603934303, 0, 23, 222, 212, 52, 1.61%, 0, 0, 3, 567.16, 1054, 840254
1603934318, 0, 24, 222, 211, 51, 1.61%, 0, 0, 3, 601.45, 1054, 849487
1603934333, 0, 25, 222, 210, 50, 1.61%, 0, 0, 3, 602.65, 1054, 858808
1603934338, 0, 25, 224, 212, 50, 1.61%, 0, 0, 3, 578.12, 1054, 861670
1603934348, 0, 25, 225, 213, 50, 1.61%, 0, 0, 3, 558.52, 1055, 867320
1603934353, 0, 25, 226, 214, 50, 1.61%, 0, 0, 3, 563.13, 1055, 870178
1603934528, 0, 25, 227, 215, 50, 1.61%, 0, 0, 3, 573.91, 1057, 967660
1603934538, 0, 25, 229, 217, 50, 1.61%, 0, 0, 3, 556.61, 1057, 973288
1603934548, 0, 25, 230, 218, 50, 1.61%, 0, 0, 3, 574.17, 1058, 979279
1603934779, 0, 29, 233, 220, 49, 1.63%, 0, 0, 3, 573.71, 1066, 1106920
1603934784, 0, 29, 238, 225, 49, 1.63%, 0, 0, 3, 559.34, 1067, 1109764
1603934810, 0, 29, 239, 226, 49, 1.63%, 0, 0, 3, 568.27, 1067, 1124117
1603934820, 0, 29, 240, 227, 49, 1.63%, 0, 0, 3, 544.44, 1067, 1129796
1603934861, 0, 29, 241, 228, 49, 1.63%, 0, 0, 3, 561.03, 1067, 1153320
1603934871, 0, 29, 242, 229, 49, 1.63%, 0, 0, 3, 556.73, 1067, 1158938
1603934973, 0, 29, 243, 230, 49, 1.63%, 0, 0, 3, 563.26, 1067, 1214871
1603934983, 0, 29, 244, 231, 49, 1.63%, 0, 0, 3, 569.07, 1068, 1220609
1603934998, 0, 29, 245, 232, 49, 1.63%, 0, 0, 3, 558.28, 1068, 1229153
1603935131, 0, 29, 246, 233, 49, 1.63%, 0, 0, 3, 596.81, 1069, 1303138
1603935197, 0, 29, 247, 234, 49, 1.63%, 0, 0, 3, 555.32, 1070, 1340633
1603935218, 0, 31, 247, 233, 49, 1.63%, 0, 0, 3, 593.68, 1070, 1352311
1603935233, 0, 34, 247, 232, 48, 1.63%, 0, 0, 3, 614.19, 1070, 1361614
1603935248, 0, 35, 266, 250, 47, 1.64%, 0, 0, 3, 489.88, 1072, 1370304
1603935254, 0, 35, 278, 262, 47, 1.64%, 0, 0, 3, 461.12, 1072, 1372884
1603935259, 0, 35, 291, 275, 47, 1.64%, 0, 0, 3, 369.29, 1072, 1374690
1603935264, 0, 35, 297, 281, 47, 1.64%, 0, 0, 3, 339.22, 1072, 1376372
1603935274, 0, 35, 302, 286, 47, 1.68%, 0, 0, 3, 432.47, 1104, 1380132
1603935279, 0, 35, 304, 288, 47, 1.68%, 0, 0, 3, 407.39, 1104, 1382332
1603935284, 0, 35, 307, 291, 47, 1.69%, 0, 0, 3, 353.72, 1105, 1384115
1603935299, 0, 35, 308, 292, 47, 1.69%, 0, 0, 3, 496.58, 1105, 1389971
1603935310, 0, 35, 309, 293, 47, 1.69%, 0, 0, 3, 353.18, 1106, 1393637
1603935330, 0, 35, 310, 294, 47, 1.69%, 0, 0, 3, 445.54, 1106, 1401321
1603935335, 0, 35, 314, 298, 47, 1.77%, 0, 0, 3, 543.83, 1159, 1404026
1603935345, 0, 35, 316, 300, 47, 1.77%, 0, 0, 3, 582.93, 1161, 1410008
1603935375, 0, 35, 317, 301, 47, 1.77%, 0, 0, 3, 359.25, 1162, 1422825
1603935421, 0, 35, 318, 302, 47, 1.77%, 0, 0, 3, 335.64, 1163, 1438406
1603935452, 0, 35, 319, 303, 47, 1.78%, 0, 0, 3, 325.59, 1164, 1448340
1603935487, 0, 35, 320, 304, 47, 1.78%, 0, 0, 3, 321.72, 1164, 1459892
1603935492, 0, 35, 321, 305, 47, 1.78%, 0, 0, 3, 349.80, 1165, 1461629
1603935498, 0, 35, 322, 306, 47, 1.78%, 0, 0, 3, 546.71, 1166, 1464723
1603935533, 0, 35, 324, 308, 47, 1.78%, 0, 0, 3, 484.83, 1169, 1479910
1603935549, 0, 35, 327, 311, 47, 1.78%, 0, 0, 3, 378.90, 1169, 1485107
1603935650, 0, 35, 328, 312, 47, 1.78%, 0, 0, 3, 441.16, 1169, 1526421
1603935696, 0, 35, 329, 313, 47, 1.78%, 0, 0, 3, 330.91, 1169, 1542013
1603935788, 0, 35, 330, 314, 47, 1.79%, 0, 0, 3, 388.71, 1170, 1578470
1603935803, 0, 35, 331, 315, 47, 1.79%, 0, 0, 3, 378.38, 1170, 1584071
1603935905, 0, 38, 331, 314, 57, 1.79%, 0, 0, 3, 528.96, 1170, 1618407
1603935925, 0, 42, 331, 313, 56, 1.79%, 0, 0, 3, 583.16, 1170, 1630420
1603935941, 0, 44, 331, 312, 55, 1.79%, 0, 0, 3, 595.58, 1170, 1639330
1603935946, 0, 44, 332, 313, 55, 1.79%, 0, 0, 3, 592.58, 1171, 1642359
1603935972, 0, 53, 332, 312, 54, 1.79%, 0, 0, 3, 593.59, 1171, 1657601
1603936003, 0, 56, 332, 311, 53, 1.79%, 0, 0, 3, 589.76, 1171, 1675805
1603936054, 0, 81, 332, 310, 52, 1.79%, 0, 0, 3, 584.33, 1171, 1705456
1603936172, 0, 81, 333, 311, 52, 1.79%, 0, 0, 3, 546.50, 1171, 1770349
1603936463, 0, 81, 334, 312, 52, 1.79%, 0, 0, 3, 531.48, 1172, 1930857
1603936504, 0, 96, 340, 317, 52, 1.79%, 0, 0, 3, 570.64, 1172, 1952999
1603936509, 0, 96, 341, 318, 52, 1.79%, 0, 0, 3, 555.29, 1172, 1955856
1603936668, 0, 96, 342, 319, 52, 1.79%, 0, 0, 3, 581.89, 1173, 2044136
1603936786, 0, 96, 344, 321, 52, 1.79%, 0, 0, 3, 551.23, 1173, 2110662
1603936884, 0, 96, 345, 322, 52, 1.79%, 0, 0, 3, 556.87, 1174, 2164921
1603936945, 0, 97, 345, 321, 52, 1.79%, 0, 0, 3, 581.56, 1174, 2198399
1603936950, 0, 97, 347, 323, 52, 1.79%, 0, 0, 3, 584.95, 1174, 2201363
1603936960, 0, 97, 348, 324, 52, 1.79%, 0, 0, 3, 583.98, 1175, 2207190
1603936975, 0, 97, 349, 325, 52, 1.79%, 0, 0, 3, 584.69, 1175, 2215998
1603937174, 0, 97, 350, 326, 52, 1.79%, 0, 0, 3, 571.98, 1176, 2331395
1603937209, 0, 97, 351, 327, 52, 1.79%, 0, 0, 3, 573.37, 1176, 2352187
1603937286, 0, 97, 352, 328, 52, 1.79%, 0, 0, 3, 587.33, 1176, 2395459
1603937297, 0, 97, 353, 329, 52, 1.79%, 0, 0, 3, 560.91, 1176, 2401209
1603937374, 0, 98, 353, 328, 52, 1.79%, 0, 0, 3, 571.98, 1176, 2444375
1603937435, 0, 98, 354, 329, 52, 1.79%, 0, 0, 3, 598.43, 1176, 2480734
1603937440, 0, 99, 354, 328, 51, 1.79%, 0, 0, 3, 584.06, 1176, 2483812
1603937451, 0, 99, 355, 329, 51, 1.79%, 0, 0, 3, 577.01, 1176, 2489633
1603937573, 0, 101, 356, 329, 52, 1.80%, 0, 0, 3, 587.50, 1179, 2562013
1603938013, 0, 104, 356, 328, 51, 1.80%, 0, 0, 3, 577.02, 1179, 2809261
1603938305, 0, 104, 357, 329, 51, 1.80%, 0, 0, 3, 555.84, 1179, 2972370
1603938447, 0, 126, 357, 328, 50, 1.80%, 0, 0, 3, 575.37, 1179, 3053183
1603938452, 0, 126, 358, 329, 50, 1.80%, 0, 0, 3, 576.38, 1179, 3056084
1603938886, 0, 152, 359, 329, 49, 1.80%, 0, 0, 3, 578.32, 1179, 3300958
1603938901, 0, 153, 359, 328, 48, 1.80%, 0, 0, 3, 594.39, 1179, 3310111
1603938917, 0, 157, 360, 328, 47, 1.80%, 0, 0, 3, 595.08, 1180, 3319126
1603938932, 0, 158, 360, 327, 46, 1.80%, 0, 0, 3, 583.71, 1180, 3328201
1603938952, 0, 159, 360, 326, 45, 1.80%, 0, 0, 3, 584.04, 1180, 3340134
1603938968, 0, 160, 360, 325, 44, 1.80%, 0, 0, 3, 599.32, 1180, 3349372
1603938983, 0, 173, 360, 324, 43, 1.80%, 0, 0, 3, 602.83, 1180, 3358661
1603938988, 0, 174, 360, 323, 42, 1.80%, 0, 0, 3, 581.81, 1180, 3361630
1603938993, 0, 175, 360, 322, 41, 1.80%, 0, 0, 3, 601.90, 1180, 3364655
1603939003, 0, 176, 360, 321, 40, 1.80%, 0, 0, 3, 593.13, 1180, 3370751
1603939009, 0, 179, 360, 320, 39, 1.80%, 0, 0, 3, 587.95, 1180, 3373798
1603939029, 0, 180, 360, 319, 38, 1.80%, 0, 0, 3, 580.30, 1180, 3385945
1603939076, 0, 181, 360, 318, 37, 1.80%, 0, 0, 3, 595.40, 1180, 3413194
1603939091, 0, 181, 361, 319, 37, 1.80%, 0, 0, 3, 605.99, 1180, 3422339
1603939096, 0, 181, 362, 320, 37, 1.80%, 0, 0, 3, 593.36, 1181, 3425314
1603939111, 0, 181, 363, 321, 37, 1.80%, 0, 0, 3, 581.82, 1182, 3434299
1603939127, 0, 182, 363, 320, 36, 1.80%, 0, 0, 3, 592.01, 1182, 3443474
1603939188, 0, 183, 363, 319, 35, 1.80%, 0, 0, 3, 593.33, 1182, 3479637
1603939250, 0, 183, 364, 320, 35, 1.81%, 0, 0, 3, 585.00, 1183, 3515943
1603939296, 0, 187, 364, 319, 34, 1.81%, 0, 0, 3, 597.32, 1183, 3543067
1603939301, 0, 188, 364, 318, 33, 1.81%, 0, 0, 3, 597.98, 1183, 3546149
1603939306, 0, 189, 364, 317, 32, 1.81%, 0, 0, 3, 599.31, 1183, 3549182
1603939348, 0, 190, 364, 316, 31, 1.81%, 0, 0, 3, 585.28, 1183, 3573257
1603939378, 0, 190, 365, 317, 31, 1.81%, 0, 0, 3, 585.00, 1184, 3591117
1603939409, 0, 191, 365, 316, 30, 1.81%, 0, 0, 3, 587.79, 1184, 3608816
1603939460, 0, 191, 366, 317, 30, 1.81%, 0, 0, 3, 590.07, 1185, 3638558
1603939465, 0, 196, 366, 316, 30, 1.81%, 0, 0, 3, 587.26, 1185, 3641497
1603939480, 0, 197, 366, 315, 29, 1.81%, 0, 0, 3, 569.75, 1185, 3650439
1603939496, 0, 197, 367, 316, 29, 1.81%, 0, 0, 3, 562.19, 1186, 3658849
1603939935, 0, 200, 367, 314, 28, 1.81%, 0, 0, 3, 588.59, 1186, 3899363
1603939951, 0, 218, 367, 313, 27, 1.81%, 0, 0, 3, 584.62, 1186, 3908534
1603940391, 0, 226, 367, 312, 26, 1.81%, 0, 0, 3, 577.15, 1186, 4152649
1603940396, 0, 226, 379, 324, 26, 1.81%, 0, 0, 4, 452.27, 1186, 4154937
1603940401, 0, 226, 384, 329, 26, 1.81%, 0, 0, 4, 247.42, 1186, 4155936
1603940406, 0, 226, 385, 330, 26, 1.81%, 0, 0, 4, 205.88, 1186, 4156925
1603940412, 0, 226, 386, 331, 26, 1.81%, 0, 0, 4, 189.84, 1186, 4157872
1603940442, 0, 226, 387, 332, 26, 1.81%, 0, 0, 4, 241.30, 1186, 4164809
1603940483, 0, 226, 388, 333, 26, 1.81%, 0, 0, 4, 236.90, 1186, 4173848
1603940493, 0, 226, 389, 334, 26, 1.81%, 0, 0, 4, 201.40, 1186, 4175880
1603941008, 0, 226, 390, 335, 26, 1.81%, 0, 0, 4, 501.24, 1186, 4298251
1603941064, 0, 226, 391, 336, 26, 1.81%, 0, 0, 4, 235.88, 1186, 4317165
1603941402, 0, 237, 392, 336, 26, 1.81%, 0, 0, 4, 530.02, 1187, 4399827
1603941774, 0, 237, 393, 337, 26, 1.81%, 0, 0, 4, 570.04, 1188, 4638541
1603941784, 0, 244, 393, 336, 26, 1.81%, 0, 0, 4, 658.48, 1188, 4645031
1603942163, 0, 253, 396, 338, 25, 1.81%, 0, 0, 4, 645.73, 1188, 4890865
1603942168, 0, 253, 402, 344, 25, 1.81%, 0, 0, 4, 482.84, 1188, 4893762
1603942184, 0, 253, 405, 347, 25, 1.81%, 0, 0, 4, 596.64, 1188, 4902094
1603942189, 0, 253, 406, 348, 25, 1.81%, 0, 0, 4, 532.21, 1189, 4904726
1603942209, 0, 253, 407, 349, 25, 1.82%, 0, 0, 4, 504.52, 1190, 4915603
1603942225, 0, 253, 410, 352, 25, 1.82%, 0, 0, 4, 680.80, 1190, 4924087
1603942332, 0, 253, 412, 354, 25, 1.82%, 0, 0, 4, 125.74, 1190, 4982547
1603942511, 0, 253, 414, 356, 25, 1.82%, 0, 0, 4, 605.61, 1190, 5083092
1603942562, 0, 253, 415, 357, 25, 1.82%, 0, 0, 4, 508.87, 1191, 5112126
1603942613, 0, 265, 420, 361, 25, 1.82%, 0, 0, 4, 641.23, 1191, 5138931
1603942618, 0, 265, 422, 363, 25, 1.82%, 0, 0, 4, 502.19, 1191, 5141345
1603942633, 0, 265, 423, 364, 25, 1.82%, 0, 0, 4, 532.15, 1191, 5148671
1603942644, 0, 265, 424, 365, 25, 1.82%, 0, 0, 4, 434.57, 1191, 5153191
1603942649, 0, 265, 425, 366, 25, 1.82%, 0, 0, 4, 532.26, 1191, 5155794
1603942674, 0, 265, 427, 368, 25, 1.82%, 0, 0, 4, 548.59, 1191, 5168145
1603942730, 0, 265, 428, 369, 25, 1.82%, 0, 0, 4, 434.94, 1191, 5198703
1603942833, 0, 265, 429, 370, 25, 1.82%, 0, 0, 4, 567.13, 1191, 5246537
1603943139, 0, 313, 441, 381, 25, 1.82%, 0, 0, 4, 336.63, 1191, 5383528
1603943144, 0, 313, 461, 401, 25, 1.82%, 0, 0, 4, 514.03, 1191, 5385970
1603943149, 0, 313, 465, 405, 25, 1.82%, 0, 0, 4, 406.55, 1194, 5387894
1603943164, 0, 313, 467, 407, 25, 1.82%, 0, 0, 4, 486.04, 1194, 5394022
1603943174, 0, 313, 468, 408, 25, 1.82%, 0, 0, 4, 381.81, 1195, 5397992
1603943185, 0, 313, 470, 410, 25, 1.82%, 0, 0, 4, 433.99, 1195, 5402013
1603943215, 0, 313, 473, 413, 25, 1.82%, 0, 0, 4, 100.97, 1195, 5414354
1603943220, 0, 313, 476, 416, 25, 1.82%, 0, 0, 4, 460.08, 1195, 5416949
1603943241, 0, 313, 477, 417, 25, 1.82%, 0, 0, 4, 506.72, 1195, 5428664
1603943261, 0, 313, 478, 418, 25, 1.82%, 0, 0, 4, 366.44, 1196, 5436350
1603943419, 0, 313, 479, 419, 25, 1.82%, 0, 0, 4, 436.64, 1196, 5498661
1603943429, 0, 313, 480, 420, 25, 1.82%, 0, 0, 4, 509.75, 1196, 5504405
1603943500, 0, 313, 481, 421, 25, 1.83%, 0, 0, 4, 592.31, 1197, 5533553
1603943510, 0, 313, 482, 422, 25, 1.83%, 0, 0, 4, 455.13, 1197, 5538788
1603943577, 0, 313, 483, 423, 25, 1.83%, 0, 0, 4, 373.25, 1197, 5563352
1603943659, 0, 313, 484, 424, 25, 1.83%, 0, 0, 4, 365.27, 1198, 5599415
1603943741, 0, 322, 489, 428, 28, 1.83%, 0, 0, 4, 486.82, 1198, 5630335
1603943746, 0, 322, 490, 429, 28, 1.83%, 0, 0, 4, 527.59, 1198, 5633115
1603943761, 0, 322, 493, 432, 28, 1.83%, 0, 0, 4, 541.61, 1198, 5640947
1603943792, 0, 322, 494, 433, 28, 1.83%, 0, 0, 4, 510.24, 1198, 5656477
1603943802, 0, 322, 495, 434, 28, 1.83%, 0, 0, 4, 546.43, 1198, 5661569
1603943919, 0, 322, 496, 435, 28, 1.83%, 0, 0, 4, 601.75, 1198, 5721858
1603943950, 0, 322, 498, 437, 28, 1.83%, 0, 0, 4, 581.30, 1198, 5738470
1603943966, 0, 322, 500, 439, 28, 1.83%, 0, 0, 4, 569.41, 1198, 5746668
1603943986, 0, 322, 501, 440, 28, 1.83%, 0, 0, 4, 499.87, 1199, 5757551
1603944114, 0, 322, 503, 442, 28, 1.83%, 0, 0, 4, 588.81, 1200, 5822656
1603944216, 0, 323, 503, 441, 30, 1.83%, 0, 0, 4, 532.62, 1200, 5875838
1603944222, 0, 323, 504, 442, 30, 1.83%, 0, 0, 4, 556.80, 1200, 5878789
1603944237, 0, 323, 505, 443, 30, 1.83%, 0, 0, 4, 573.75, 1200, 5887565
1603944273, 0, 323, 506, 444, 30, 1.83%, 0, 0, 4, 580.09, 1200, 5907804
1603944375, 0, 326, 506, 443, 28, 1.83%, 0, 0, 4, 573.75, 1200, 5967022
1603944390, 0, 326, 508, 445, 28, 1.83%, 0, 0, 4, 559.63, 1200, 5975443
1603944426, 0, 326, 509, 446, 28, 1.83%, 0, 0, 4, 554.85, 1200, 5995374
1603944534, 0, 327, 509, 445, 28, 1.83%, 0, 0, 4, 563.83, 1200, 6058646
1603945192, 0, 331, 509, 444, 27, 1.83%, 0, 0, 4, 534.10, 1200, 6306720
1603945217, 0, 332, 509, 443, 26, 1.83%, 0, 0, 4, 610.89, 1200, 6322198
1603945656, 0, 352, 509, 442, 25, 1.83%, 0, 0, 4, 576.61, 1200, 6568113
1603946045, 0, 352, 510, 443, 25, 1.83%, 0, 0, 4, 548.50, 1201, 6784844
1603946096, 0, 354, 510, 442, 25, 1.83%, 0, 0, 4, 569.87, 1201, 6812582
1603946233, 0, 355, 510, 441, 24, 1.83%, 0, 0, 4, 578.77, 1201, 6892199
1603946371, 0, 356, 510, 440, 23, 1.83%, 0, 0, 4, 587.61, 1201, 6972629
1603946734, 0, 356, 511, 441, 23, 1.83%, 0, 0, 4, 595.31, 1202, 7173196
1603946816, 0, 362, 511, 440, 22, 1.83%, 0, 0, 4, 563.88, 1202, 7217564
1603946867, 0, 365, 511, 439, 21, 1.83%, 0, 0, 4, 586.20, 1202, 7248081
1603946908, 0, 366, 511, 438, 20, 1.83%, 0, 0, 4, 578.15, 1202, 7272394
1603946929, 0, 366, 512, 439, 20, 1.84%, 0, 0, 4, 532.48, 1203, 7283521
1603947082, 0, 366, 513, 440, 20, 1.84%, 0, 0, 4, 570.29, 1204, 7368787
1603947348, 0, 381, 513, 439, 20, 1.84%, 0, 0, 4, 591.47, 1204, 7519726
1603947500, 0, 381, 514, 440, 20, 1.84%, 0, 0, 5, 521.99, 1205, 7601836
1603947811, 0, 391, 514, 439, 19, 1.84%, 0, 0, 5, 580.40, 1205, 7766147
1603948225, 0, 392, 514, 438, 18, 1.84%, 0, 0, 5, 593.66, 1205, 8013898
1603948659, 0, 400, 514, 437, 17, 1.84%, 0, 0, 5, 590.56, 1205, 8260400
1603948675, 0, 400, 515, 438, 17, 1.84%, 0, 0, 5, 583.50, 1205, 8269539
1603948711, 0, 400, 518, 441, 17, 1.84%, 0, 0, 5, 599.94, 1205, 8290996
1603948803, 0, 401, 518, 440, 16, 1.84%, 0, 0, 5, 593.52, 1205, 8346043
1603949295, 0, 402, 518, 439, 15, 1.84%, 0, 0, 5, 508.98, 1205, 8593385
1603949305, 0, 402, 519, 440, 15, 1.84%, 0, 0, 5, 159.62, 1205, 8595613
1603949361, 0, 402, 521, 442, 15, 1.84%, 0, 0, 5, 354.68, 1205, 8602993
1603949366, 0, 402, 522, 443, 15, 1.84%, 0, 0, 5, 207.47, 1205, 8604043
1603949453, 0, 402, 523, 444, 15, 1.84%, 0, 0, 5, 120.58, 1205, 8615654
1603949458, 0, 402, 524, 445, 15, 1.84%, 0, 0, 5, 109.09, 1205, 8616190
1603949514, 0, 402, 525, 446, 15, 1.84%, 0, 0, 5, 349.56, 1205, 8624903
1603950013, 0, 402, 526, 447, 15, 1.84%, 0, 0, 5, 102.81, 1205, 8696842
1603950075, 0, 402, 527, 448, 15, 1.84%, 0, 0, 5, 582.53, 1205, 8708456
1603950105, 0, 402, 528, 449, 15, 1.84%, 0, 0, 5, 120.79, 1205, 8715956
1603950982, 0, 419, 528, 448, 15, 1.84%, 0, 0, 5, 389.69, 1206, 8839142
1603951564, 0, 420, 528, 447, 15, 1.84%, 0, 0, 5, 531.68, 1206, 9086883
1603951759, 0, 420, 529, 448, 15, 1.84%, 0, 0, 5, 495.45, 1207, 9187077
1603952045, 0, 423, 529, 447, 14, 1.84%, 0, 0, 5, 556.00, 1207, 9335160
1603952065, 0, 423, 530, 448, 14, 1.84%, 0, 0, 5, 512.19, 1207, 9344021
1603952111, 0, 423, 531, 449, 14, 1.84%, 0, 0, 5, 497.59, 1207, 9363805
1603952604, 0, 431, 531, 448, 13, 1.84%, 0, 0, 5, 522.29, 1207, 9579881
1603952609, 0, 431, 532, 449, 13, 1.84%, 0, 0, 5, 521.66, 1207, 9582055
1603952815, 0, 431, 533, 450, 13, 1.84%, 0, 0, 5, 600.61, 1207, 9598570
1603952825, 0, 431, 534, 451, 13, 1.84%, 0, 0, 5, 81.93, 1207, 9600352
1603952958, 0, 431, 536, 453, 13, 1.84%, 0, 0, 5, 62.83, 1207, 9611424
1603955314, 0, 437, 536, 452, 14, 1.84%, 0, 0, 5, 488.22, 1207, 9826893
1603955319, 0, 437, 537, 453, 14, 1.84%, 0, 0, 5, 425.31, 1207, 9829063
1603955334, 0, 437, 538, 454, 14, 1.84%, 0, 0, 5, 411.04, 1207, 9834866
1603955360, 0, 437, 540, 456, 14, 1.84%, 0, 0, 5, 477.96, 1207, 9845621
1603955390, 0, 437, 543, 459, 14, 1.84%, 0, 0, 5, 486.53, 1207, 9857987
1603955421, 0, 437, 544, 460, 14, 1.84%, 0, 0, 5, 407.85, 1208, 9873991
1603955599, 0, 437, 545, 461, 14, 1.84%, 0, 0, 5, 442.15, 1208, 9947558
1603955907, 0, 442, 545, 460, 13, 1.84%, 0, 0, 5, 504.94, 1208, 10072302
1603955932, 0, 442, 547, 462, 13, 1.84%, 0, 0, 5, 505.51, 1208, 10083714
1603955983, 0, 442, 548, 463, 13, 1.84%, 0, 0, 5, 536.54, 1208, 10105776
1603956438, 0, 467, 548, 462, 12, 1.84%, 0, 0, 5, 535.46, 1208, 10301001
1603956514, 0, 467, 549, 463, 12, 1.84%, 0, 0, 5, 486.86, 1208, 10332145
1603956938, 0, 467, 550, 464, 12, 1.84%, 0, 0, 5, 394.27, 1209, 10507201
1603957045, 0, 486, 550, 463, 11, 1.84%, 0, 0, 5, 524.01, 1209, 10547502
1603957657, 0, 496, 552, 464, 11, 1.84%, 0, 0, 5, 553.60, 1209, 10795880
1603957673, 0, 496, 554, 466, 11, 1.84%, 0, 0, 5, 599.37, 1209, 10804805
1603957708, 0, 496, 556, 468, 11, 1.84%, 0, 0, 5, 598.50, 1209, 10825704
1603957800, 0, 504, 565, 476, 11, 1.85%, 0, 0, 5, 562.78, 1209, 10880948
1603957816, 0, 504, 567, 478, 11, 1.85%, 0, 0, 5, 579.91, 1210, 10890040
1603957821, 0, 504, 568, 479, 11, 1.85%, 0, 0, 5, 586.25, 1211, 10892995
1603957831, 0, 504, 570, 481, 11, 1.85%, 0, 0, 5, 598.99, 1211, 10899105
1603957852, 0, 504, 571, 482, 11, 1.85%, 0, 0, 5, 585.89, 1211, 10911122
1603957892, 0, 504, 575, 486, 11, 1.85%, 0, 0, 5, 591.03, 1211, 10935670
1603957948, 0, 508, 575, 485, 12, 1.85%, 0, 0, 5, 588.23, 1211, 10968724
1603957953, 0, 508, 587, 497, 12, 1.85%, 0, 0, 5, 440.45, 1212, 10971301
1603957969, 0, 508, 591, 501, 12, 1.85%, 0, 0, 5, 550.57, 1212, 10979711
1603957984, 0, 508, 594, 504, 12, 1.85%, 0, 0, 5, 562.40, 1212, 10988233
1603957999, 0, 508, 595, 505, 12, 1.85%, 0, 0, 5, 559.74, 1213, 10996776
1603958004, 0, 508, 603, 513, 12, 1.85%, 0, 0, 5, 521.10, 1213, 10999127
1603958045, 0, 508, 604, 514, 12, 1.85%, 0, 0, 5, 581.32, 1213, 11023304
1603958050, 0, 508, 605, 515, 12, 1.85%, 0, 0, 5, 593.75, 1213, 11026265
1603958107, 0, 511, 605, 514, 13, 1.85%, 0, 0, 5, 592.55, 1213, 11059494
1603958255, 0, 511, 606, 515, 13, 1.85%, 0, 0, 5, 540.40, 1214, 11141992
1603958368, 0, 511, 607, 516, 13, 1.85%, 0, 0, 5, 598.78, 1215, 11205638
1603958552, 0, 514, 607, 515, 12, 1.85%, 0, 0, 5, 570.02, 1215, 11307265
1603958557, 0, 514, 610, 518, 12, 1.85%, 0, 0, 6, 581.61, 1215, 11310322
1603958572, 0, 514, 613, 521, 12, 1.85%, 0, 0, 6, 566.39, 1215, 11318971
1603958603, 0, 514, 614, 522, 12, 1.85%, 0, 0, 6, 583.52, 1215, 11336793
1603958644, 0, 514, 615, 523, 12, 1.85%, 0, 0, 6, 585.60, 1215, 11360915
1603958700, 0, 531, 615, 522, 12, 1.85%, 0, 0, 6, 491.85, 1215, 11393285
1603958741, 0, 531, 616, 523, 12, 1.85%, 0, 0, 6, 65.18, 1215, 11397493
1603961410, 0, 534, 616, 522, 11, 1.85%, 0, 0, 6, 314.65, 1215, 11638809
1603961441, 0, 534, 617, 523, 11, 1.85%, 0, 0, 6, 78.44, 1215, 11642607
1603963780, 0, 537, 620, 525, 10, 1.85%, 0, 0, 6, 359.61, 1215, 11884444
1603963785, 0, 537, 621, 526, 10, 1.85%, 0, 0, 6, 424.19, 1215, 11886840
1603963810, 0, 537, 622, 527, 10, 1.85%, 0, 0, 6, 393.24, 1215, 11897101
1603963826, 0, 537, 624, 529, 10, 1.85%, 0, 0, 6, 496.51, 1215, 11903496
1603963851, 0, 537, 625, 530, 10, 1.86%, 0, 0, 6, 399.66, 1216, 11913315
1603963856, 0, 537, 628, 533, 10, 1.86%, 0, 0, 6, 466.49, 1216, 11915735
1603964056, 0, 537, 629, 534, 10, 1.86%, 0, 0, 6, 476.77, 1216, 11998983
1603964373, 0, 550, 629, 533, 10, 1.86%, 0, 0, 6, 523.37, 1216, 12131298
1603964388, 0, 550, 630, 534, 10, 1.86%, 0, 0, 6, 554.98, 1216, 12139977
1603964525, 0, 553, 630, 533, 9, 1.86%, 0, 0, 6, 598.49, 1216, 12219608
1603964531, 0, 553, 634, 537, 9, 1.86%, 0, 0, 6, 592.37, 1216, 12222618
1603964546, 0, 553, 636, 539, 9, 1.86%, 0, 0, 6, 587.63, 1219, 12231666
1603964648, 0, 553, 637, 540, 9, 1.86%, 0, 0, 6, 604.29, 1219, 12292522
1603964674, 0, 554, 639, 541, 9, 1.86%, 0, 0, 6, 583.52, 1219, 12307573
1603964832, 0, 562, 639, 540, 8, 1.86%, 0, 0, 6, 566.90, 1219, 12398322
1603964837, 0, 562, 640, 541, 8, 1.86%, 0, 0, 6, 312.05, 1219, 12399679
1603964842, 0, 562, 641, 542, 8, 1.86%, 0, 0, 6, 226.05, 1219, 12400701
1603964929, 0, 562, 642, 543, 8, 1.86%, 0, 0, 6, 200.40, 1219, 12420028
1603965112, 0, 562, 643, 544, 8, 1.86%, 0, 0, 6, 187.21, 1219, 12466871
1603965474, 0, 562, 644, 545, 8, 1.86%, 0, 0, 6, 214.79, 1219, 12554631
1603965872, 0, 563, 644, 544, 8, 1.86%, 0, 0, 6, 432.68, 1219, 12643484
1603966671, 0, 563, 645, 545, 8, 1.86%, 0, 0, 6, 228.64, 1219, 12870200
1603966757, 0, 573, 645, 544, 7, 1.86%, 0, 0, 6, 502.30, 1219, 12891618
1603966920, 0, 573, 646, 545, 7, 1.86%, 0, 0, 6, 234.20, 1219, 12938348
1603967733, 0, 573, 647, 546, 7, 1.86%, 0, 0, 6, 445.58, 1221, 13137124
1603967738, 0, 574, 647, 545, 7, 1.86%, 0, 0, 6, 539.48, 1221, 13140026
1603967886, 0, 595, 648, 545, 6, 1.86%, 0, 0, 6, 558.82, 1221, 13225776
1603968783, 0, 597, 648, 544, 5, 1.86%, 0, 0, 6, 413.80, 1221, 13469989
1603968788, 0, 597, 649, 545, 5, 1.86%, 0, 0, 6, 522.73, 1221, 13472873
1603968951, 0, 635, 656, 551, 5, 1.86%, 0, 0, 7, 571.47, 1221, 13564220
1603969098, 0, 638, 656, 550, 5, 1.86%, 0, 0, 7, 556.73, 1221, 13648522
1603969114, 0, 638, 657, 551, 5, 1.86%, 0, 0, 7, 540.17, 1221, 13657027
1603969247, 0, 641, 657, 550, 6, 1.86%, 0, 0, 7, 582.37, 1221, 13733707
1603969308, 0, 641, 658, 551, 6, 1.86%, 0, 0, 7, 426.24, 1221, 13752507
1603969384, 0, 641, 659, 552, 6, 1.86%, 0, 0, 7, 300.10, 1221, 13781718
1603970056, 0, 646, 659, 551, 5, 1.86%, 0, 0, 7, 449.04, 1221, 13980152
1603970066, 0, 655, 659, 550, 4, 1.86%, 0, 0, 7, 590.88, 1221, 13986347
1603970076, 0, 655, 660, 551, 4, 1.86%, 0, 0, 8, 578.86, 1222, 13992272
1603970215, 0, 656, 660, 550, 3, 1.86%, 0, 0, 8, 564.30, 1222, 14071962
1603970220, 0, 656, 662, 552, 3, 1.86%, 0, 0, 8, 357.56, 1222, 14074199
1603970235, 0, 656, 663, 553, 3, 1.86%, 0, 0, 8, 118.39, 1222, 14075962
1603970261, 0, 656, 664, 554, 3, 1.86%, 0, 0, 8, 95.10, 1222, 14078507
1603970271, 0, 656, 665, 555, 3, 1.86%, 0, 0, 8, 94.67, 1222, 14079474
1603970782, 0, 656, 666, 556, 3, 1.86%, 0, 0, 8, 95.03, 1222, 14149962
1603971103, 0, 656, 667, 557, 3, 1.86%, 0, 0, 8, 123.20, 1222, 14196920
1603971200, 0, 656, 668, 558, 3, 1.86%, 0, 0, 8, 93.97, 1222, 14207316
1603971823, 0, 656, 669, 559, 3, 1.86%, 0, 0, 8, 124.43, 1222, 14295662
1603972049, 0, 665, 669, 558, 2, 1.86%, 0, 0, 8, 438.68, 1222, 14319747
1603973871, 1, 10, 669, 557, 1, 1.86%, 0, 0, 8, 536.54, 1222, 14567541
1603973881, 1, 15, 669, 556, 1, 1.86%, 0, 0, 8, 599.80, 1222, 14573687
1603974314, 1, 17, 669, 555, 0, 1.86%, 0, 0, 8, 567.58, 1222, 14820838
1603974753, 1, 20, 669, 554, 0, 1.86%, 0, 0, 8, 568.83, 1222, 15066157
1603974993, 1, 28, 669, 553, 0, 1.86%, 0, 0, 8, 579.34, 1222, 15199013
1603975008, 1, 30, 669, 552, 0, 1.86%, 0, 0, 8, 573.16, 1222, 15207825
1603975443, 1, 33, 669, 551, 0, 1.86%, 0, 0, 8, 599.36, 1222, 15454089
1603975458, 1, 48, 669, 550, 0, 1.86%, 0, 0, 8, 595.45, 1222, 15463247
1603975484, 1, 52, 669, 549, 0, 1.86%, 0, 0, 8, 593.33, 1222, 15478536
1603975514, 1, 59, 669, 548, 0, 1.86%, 0, 0, 8, 599.14, 1222, 15496512
1603975959, 1, 62, 669, 547, 0, 1.86%, 0, 0, 8, 560.16, 1222, 15741853
1603976419, 1, 71, 669, 546, 0, 1.86%, 0, 0, 8, 553.09, 1222, 15988060
1603976882, 1, 80, 669, 545, 0, 1.86%, 0, 0, 8, 557.17, 1222, 16236321
1603977333, 1, 82, 669, 544, 0, 1.86%, 0, 0, 8, 565.54, 1222, 16481914
1603977777, 1, 85, 669, 543, 0, 1.86%, 0, 0, 8, 574.46, 1222, 16727747
1603978227, 1, 93, 669, 542, 0, 1.86%, 0, 0, 8, 561.64, 1222, 16972733
1603978673, 1, 99, 669, 541, 0, 1.86%, 0, 0, 8, 559.34, 1222, 17218421
1603978678, 1, 102, 669, 541, 0, 1.86%, 0, 0, 8, 574.19, 1222, 17221325
1603978786, 1, 102, 670, 542, 0, 1.86%, 0, 0, 8, 536.67, 1222, 17280142
1603979129, 1, 105, 670, 541, 0, 1.86%, 0, 0, 8, 558.03, 1222, 17464863
1603979580, 1, 108, 670, 540, 0, 1.86%, 0, 0, 8, 561.61, 1222, 17711171
1603979600, 1, 116, 670, 539, 0, 1.86%, 0, 0, 8, 572.80, 1222, 17723232
1603980050, 1, 117, 670, 538, 0, 1.86%, 0, 0, 8, 565.88, 1222, 17968945
1603980499, 1, 125, 670, 537, 0, 1.86%, 0, 0, 8, 573.68, 1222, 18215169
1603980914, 1, 126, 670, 536, 0, 1.86%, 0, 0, 8, 595.84, 1222, 18459853
1603980919, 1, 129, 670, 536, 0, 1.86%, 0, 0, 8, 562.21, 1222, 18462691
1603981365, 1, 143, 670, 535, 0, 1.86%, 0, 0, 8, 577.79, 1222, 18706971
1603981813, 1, 154, 670, 534, 0, 1.86%, 0, 0, 8, 544.63, 1222, 18953086
1603982257, 1, 161, 670, 533, 0, 1.86%, 0, 0, 8, 571.26, 1222, 19200388
1603982677, 1, 164, 670, 532, 0, 1.86%, 0, 0, 8, 671.24, 1222, 19446962
1603983063, 1, 165, 670, 531, 0, 1.86%, 0, 0, 8, 657.75, 1222, 19692821
1603983451, 1, 166, 670, 530, 0, 1.86%, 0, 0, 8, 590.55, 1222, 19938335
1603983558, 1, 166, 671, 531, 0, 1.86%, 0, 0, 8, 631.33, 1222, 20004280
1603983859, 1, 170, 671, 530, 0, 1.86%, 0, 0, 8, 574.57, 1222, 20183840
1603984287, 1, 171, 671, 529, 0, 1.86%, 0, 0, 8, 580.09, 1222, 20430752
1603984732, 1, 172, 671, 528, 0, 1.86%, 0, 0, 8, 588.42, 1222, 20677470
1603985177, 1, 177, 671, 527, 0, 1.86%, 0, 0, 8, 572.44, 1222, 20923021
1603985453, 1, 178, 671, 526, 0, 1.86%, 0, 0, 8, 584.07, 1222, 21075057
1603985468, 1, 197, 671, 525, 0, 1.86%, 0, 0, 8, 573.46, 1222, 21084213
1603985473, 1, 212, 671, 525, 0, 1.86%, 0, 0, 8, 555.18, 1222, 21087001
1603986172, 1, 215, 671, 524, 0, 1.86%, 0, 0, 8, 428.21, 1222, 21330730
1603986622, 1, 216, 671, 523, 0, 1.86%, 0, 0, 8, 557.20, 1222, 21578713
1603987091, 1, 227, 671, 522, 0, 1.86%, 0, 0, 8, 544.90, 1222, 21824749
1603987968, 1, 229, 671, 521, 0, 1.86%, 0, 0, 8, 514.49, 1222, 22071583
1603988395, 1, 241, 671, 520, 0, 1.86%, 0, 0, 8, 583.46, 1222, 22317138
1603988846, 1, 245, 671, 519, 0, 1.86%, 0, 0, 8, 573.78, 1222, 22563221
1603989265, 1, 260, 671, 518, 0, 1.86%, 0, 0, 8, 594.10, 1222, 22807413
1603990303, 1, 264, 671, 517, 0, 1.86%, 0, 0, 8, 503.35, 1222, 23055440
1603990980, 1, 266, 671, 516, 0, 1.86%, 0, 0, 8, 546.32, 1222, 23301980
1603991124, 1, 270, 671, 515, 0, 1.86%, 0, 0, 8, 580.82, 1222, 23384454
1603991307, 1, 276, 671, 514, 0, 1.86%, 0, 0, 8, 568.42, 1222, 23486317
1603991533, 1, 279, 671, 513, 0, 1.86%, 0, 0, 8, 520.43, 1222, 23604936
1603992008, 1, 281, 671, 512, 0, 1.86%, 0, 0, 8, 539.52, 1222, 23835008
1603992263, 1, 286, 671, 511, 0, 1.86%, 0, 0, 8, 539.77, 1222, 23962267
1603992696, 1, 290, 671, 510, 0, 1.86%, 0, 0, 8, 539.28, 1222, 24159099
1603993073, 1, 292, 671, 509, 0, 1.86%, 0, 0, 8, 516.14, 1222, 24324520
1603993725, 1, 293, 671, 508, 0, 1.86%, 0, 0, 8, 434.17, 1222, 24568690
1603994386, 1, 297, 671, 507, 0, 1.86%, 0, 0, 8, 493.04, 1222, 24816125
1603995160, 1, 298, 671, 506, 0, 1.86%, 0, 0, 8, 404.25, 1222, 25060831
1603996150, 1, 300, 671, 505, 0, 1.86%, 0, 0, 8, 448.78, 1222, 25308000
1603997737, 1, 304, 671, 504, 0, 1.86%, 0, 0, 8, 514.75, 1222, 25554204
1603998318, 1, 311, 671, 503, 0, 1.86%, 0, 0, 8, 494.34, 1222, 25799108
1603999027, 1, 314, 671, 502, 0, 1.86%, 0, 0, 8, 535.66, 1222, 26046898
1603999452, 1, 315, 671, 501, 0, 1.86%, 0, 0, 8, 524.07, 1222, 26291716
1604000115, 1, 317, 671, 500, 0, 1.86%, 0, 0, 8, 472.50, 1222, 26537689
1604000487, 1, 317, 672, 501, 0, 1.87%, 0, 0, 8, 329.88, 1223, 26677430
1604000772, 1, 324, 672, 500, 0, 1.87%, 0, 0, 8, 492.21, 1223, 26784114
1604001294, 1, 336, 672, 499, 0, 1.87%, 0, 0, 8, 538.64, 1223, 27030242
1604001740, 1, 339, 672, 498, 0, 1.87%, 0, 0, 8, 553.88, 1223, 27276290
1604002190, 1, 341, 672, 497, 0, 1.87%, 0, 0, 8, 548.23, 1223, 27522072
1604002654, 1, 353, 672, 496, 0, 1.87%, 0, 0, 8, 556.52, 1223, 27768678
1604002720, 1, 361, 672, 495, 0, 1.87%, 0, 0, 8, 561.06, 1223, 27806085
1604002770, 1, 369, 672, 494, 0, 1.87%, 0, 0, 8, 576.39, 1223, 27835235
1604002781, 1, 369, 673, 495, 0, 1.87%, 0, 0, 8, 318.18, 1223, 27839089
1604002847, 1, 369, 674, 496, 0, 1.87%, 0, 0, 8, 268.98, 1223, 27859041
1604003551, 1, 371, 674, 495, 0, 1.87%, 0, 0, 8, 474.81, 1223, 28082965
1604004657, 1, 378, 674, 494, 0, 1.87%, 0, 0, 8, 478.72, 1223, 28330537
1604005755, 1, 386, 674, 493, 0, 1.87%, 0, 0, 8, 498.02, 1223, 28577416
1604006896, 1, 388, 674, 492, 0, 1.87%, 0, 0, 8, 457.76, 1223, 28822727
1604007938, 1, 390, 674, 491, 0, 1.87%, 0, 0, 8, 396.71, 1223, 29067853
1604009056, 1, 397, 674, 490, 0, 1.87%, 0, 0, 8, 421.23, 1223, 29315002
1604010246, 1, 411, 674, 489, 0, 1.87%, 0, 0, 8, 467.15, 1223, 29564110
1604012081, 1, 411, 675, 490, 0, 1.87%, 0, 0, 8, 93.21, 1223, 29805518
1604012107, 1, 420, 675, 489, 0, 1.87%, 0, 0, 8, 309.86, 1223, 29808885
1604012112, 1, 421, 675, 489, 0, 1.87%, 0, 0, 8, 508.32, 1223, 29811783
1604012628, 1, 427, 675, 488, 0, 1.87%, 0, 0, 8, 526.00, 1223, 30056822
1604013244, 1, 428, 675, 487, 0, 1.87%, 0, 0, 8, 518.96, 1223, 30305390
1604013876, 1, 432, 675, 486, 0, 1.87%, 0, 0, 8, 473.58, 1223, 30551613
1604016125, 1, 433, 675, 485, 0, 1.87%, 0, 0, 8, 411.96, 1223, 30798326
1604017097, 1, 435, 675, 484, 0, 1.87%, 0, 0, 8, 508.24, 1223, 31045538
1604017768, 1, 442, 675, 483, 0, 1.87%, 0, 0, 8, 500.07, 1223, 31290694
1604017773, 1, 449, 675, 483, 0, 1.87%, 0, 0, 8, 557.12, 1223, 31293585
1604018171, 1, 460, 675, 482, 0, 1.87%, 0, 0, 8, 540.07, 1223, 31502513
1604018737, 1, 464, 675, 481, 0, 1.87%, 0, 0, 8, 540.96, 1223, 31749468
