# unix_time, cycles_done, cur_path, paths_total, pending_total, pending_favs, map_size, unique_crashes, unique_hangs, max_depth, execs_per_sec, edge_coverage, total_execs
1603080640, 0, 0, 1, 1, 1, 0.33%, 0, 0, 1, 3.81, 214, 8
1603080646, 0, 0, 104, 104, 1, 1.01%, 0, 0, 2, 53.55, 659, 4554
1603080651, 0, 26, 129, 125, 53, 1.13%, 0, 0, 3, 2139.80, 741, 15702
1603080656, 0, 38, 141, 133, 53, 1.17%, 0, 0, 3, 2373.91, 765, 28302
1603080661, 0, 66, 157, 145, 52, 1.36%, 0, 0, 3, 2342.73, 893, 40252
1603080666, 0, 78, 172, 155, 50, 1.52%, 0, 0, 3, 2381.35, 993, 52197
1603080671, 0, 88, 186, 164, 57, 1.54%, 0, 0, 3, 2364.77, 1009, 64038
1603080677, 0, 105, 198, 166, 48, 1.57%, 0, 0, 3, 2359.21, 1027, 76204
1603080682, 0, 118, 213, 175, 49, 1.62%, 0, 0, 4, 2330.73, 1059, 88003
1603080687, 0, 138, 218, 173, 46, 1.68%, 0, 0, 4, 2226.62, 1103, 98697
1603080692, 0, 144, 222, 172, 43, 1.69%, 0, 0, 4, 2316.11, 1108, 110399
1603080697, 0, 162, 237, 179, 40, 1.71%, 0, 0, 4, 2310.25, 1123, 122062
1603080702, 0, 177, 243, 177, 38, 1.73%, 0, 0, 4, 2328.56, 1135, 133790
1603080707, 0, 197, 249, 176, 35, 1.75%, 0, 0, 4, 2296.64, 1147, 145454
1603080712, 0, 204, 250, 171, 30, 1.75%, 0, 0, 5, 2314.43, 1148, 157519
1603080717, 0, 211, 268, 185, 31, 1.82%, 0, 0, 5, 2295.36, 1190, 168658
1603080722, 0, 217, 272, 185, 28, 1.82%, 0, 0, 5, 2301.30, 1190, 180646
1603080727, 0, 230, 287, 195, 31, 1.88%, 0, 0, 5, 2316.68, 1232, 192234
1603080732, 0, 239, 290, 194, 28, 1.89%, 0, 0, 5, 2282.43, 1238, 203629
1603080737, 0, 244, 294, 193, 24, 1.89%, 0, 0, 5, 2255.87, 1240, 215055
1603080743, 0, 266, 303, 194, 21, 1.92%, 0, 0, 6, 2187.76, 1260, 226281
1603080748, 0, 284, 310, 196, 18, 1.95%, 0, 0, 6, 2288.10, 1278, 236949
1603080753, 0, 293, 330, 213, 27, 2.01%, 0, 0, 6, 2323.51, 1319, 248587
1603080758, 0, 310, 343, 220, 23, 2.07%, 0, 0, 7, 2200.65, 1358, 259313
1603080763, 0, 313, 347, 221, 26, 2.08%, 0, 0, 7, 2282.22, 1362, 270912
1603080768, 0, 324, 351, 221, 23, 2.08%, 0, 0, 7, 2313.01, 1366, 282936
1603080773, 0, 336, 357, 220, 18, 2.09%, 0, 0, 8, 2276.14, 1367, 294361
1603080778, 0, 340, 360, 220, 15, 2.09%, 0, 0, 8, 2290.01, 1367, 305931
1603080783, 0, 345, 362, 219, 13, 2.09%, 0, 0, 8, 2285.97, 1370, 317550
1603080788, 0, 350, 370, 224, 10, 2.09%, 0, 0, 8, 2283.18, 1372, 329088
1603080793, 0, 366, 374, 223, 9, 2.10%, 0, 0, 9, 2263.85, 1375, 340811
1603080798, 0, 375, 378, 224, 7, 2.11%, 0, 0, 11, 2263.98, 1380, 352200
1603080804, 1, 33, 379, 220, 6, 2.11%, 0, 0, 12, 2303.21, 1380, 364254
1603080809, 1, 214, 379, 214, 2, 2.11%, 0, 0, 12, 2313.44, 1380, 376012
1603080814, 1, 292, 382, 212, 0, 2.11%, 0, 0, 12, 2267.24, 1380, 387704
1603080819, 1, 329, 390, 216, 0, 2.11%, 0, 0, 12, 2219.70, 1380, 399138
1603080824, 1, 360, 403, 227, 0, 2.11%, 0, 0, 12, 2257.15, 1380, 410477
1603080829, 1, 405, 409, 231, 1, 2.11%, 0, 0, 12, 2295.31, 1380, 422157
1603080834, 2, 12, 410, 227, 0, 2.11%, 0, 0, 12, 2294.92, 1380, 433692
1603080839, 2, 61, 410, 222, 0, 2.11%, 0, 0, 12, 2280.09, 1380, 445586
1603080844, 2, 90, 410, 216, 0, 2.11%, 0, 0, 12, 2306.41, 1380, 457200
1603080850, 2, 128, 411, 210, 0, 2.11%, 0, 0, 12, 2301.68, 1380, 469104
1603080855, 2, 181, 413, 206, 0, 2.11%, 0, 0, 12, 2297.14, 1380, 480617
1603080860, 2, 204, 414, 203, 0, 2.11%, 0, 0, 12, 2194.99, 1380, 491606
1603080865, 2, 246, 414, 197, 0, 2.11%, 0, 0, 12, 2245.49, 1380, 502970
1603080870, 2, 275, 415, 194, 0, 2.11%, 0, 0, 12, 2295.82, 1380, 514675
1603080875, 2, 291, 415, 189, 0, 2.11%, 0, 0, 12, 2288.45, 1380, 526184
1603080880, 2, 338, 416, 187, 0, 2.11%, 0, 0, 12, 2307.96, 1380, 537793
1603080885, 2, 380, 416, 183, 0, 2.11%, 0, 0, 12, 2272.78, 1380, 549226
1603080890, 2, 387, 418, 182, 0, 2.11%, 0, 0, 12, 2276.42, 1380, 560614
1603080895, 2, 393, 420, 181, 0, 2.11%, 0, 0, 12, 2295.14, 1380, 572328
1603080900, 2, 399, 420, 180, 0, 2.11%, 0, 0, 12, 2283.41, 1380, 584001
1603080905, 2, 415, 425, 182, 0, 2.11%, 0, 0, 12, 2288.54, 1380, 595642
1603080910, 2, 417, 429, 185, 0, 2.11%, 0, 0, 12, 2271.41, 1380, 607188
1603080915, 2, 427, 430, 184, 0, 2.11%, 0, 0, 12, 2187.72, 1380, 618180
1603080921, 2, 428, 434, 187, 0, 2.11%, 0, 0, 12, 2267.56, 1380, 629883
1603080926, 2, 434, 437, 189, 0, 2.11%, 0, 0, 12, 2276.94, 1380, 641324
1603080931, 2, 440, 441, 192, 0, 2.11%, 0, 0, 12, 2283.36, 1380, 652906
1603080936, 3, 9, 443, 193, 0, 2.11%, 0, 0, 12, 2306.00, 1380, 664683
1603080941, 3, 29, 443, 187, 0, 2.11%, 0, 0, 12, 2281.08, 1380, 676535
1603080946, 3, 59, 443, 181, 0, 2.11%, 0, 0, 12, 2298.42, 1380, 688139
1603080951, 3, 167, 443, 176, 0, 2.11%, 0, 0, 12, 2302.62, 1380, 699693
1603080956, 3, 190, 444, 174, 0, 2.11%, 0, 0, 12, 2258.22, 1380, 711164
1603080961, 3, 267, 444, 170, 0, 2.11%, 0, 0, 12, 2302.69, 1380, 722735
1603080966, 3, 277, 444, 167, 0, 2.11%, 0, 0, 12, 2285.67, 1380, 734190
1603080971, 3, 302, 444, 164, 0, 2.11%, 0, 0, 12, 2307.44, 1380, 745984
1603080976, 3, 344, 444, 161, 0, 2.11%, 0, 0, 12, 2315.87, 1380, 757638
1603080981, 3, 444, 448, 163, 1, 2.12%, 0, 0, 12, 2227.59, 1392, 768749
1603080986, 3, 448, 449, 161, 1, 2.13%, 0, 0, 12, 2274.84, 1393, 780311
1603080991, 4, 55, 450, 157, 0, 2.13%, 0, 0, 12, 2290.16, 1393, 791765
1603080996, 4, 98, 450, 152, 0, 2.13%, 0, 0, 12, 2287.36, 1393, 803383
1603081001, 4, 178, 450, 149, 0, 2.13%, 0, 0, 12, 2292.84, 1393, 814878
1603081007, 4, 235, 450, 146, 0, 2.13%, 0, 0, 12, 2294.31, 1393, 826730
1603081012, 4, 304, 450, 140, 0, 2.13%, 0, 0, 12, 2283.97, 1393, 838304
1603081017, 4, 323, 450, 136, 0, 2.13%, 0, 0, 12, 2307.70, 1393, 849810
1603081022, 4, 368, 451, 134, 0, 2.13%, 0, 0, 12, 2296.29, 1393, 861323
1603081027, 4, 370, 451, 133, 0, 2.13%, 0, 0, 12, 2300.73, 1393, 872950
1603081032, 4, 383, 454, 133, 0, 2.13%, 0, 0, 13, 2260.83, 1393, 884265
1603081037, 4, 388, 454, 131, 0, 2.13%, 0, 0, 13, 2277.29, 1393, 895813
1603081042, 4, 394, 454, 129, 0, 2.13%, 0, 0, 13, 2306.92, 1393, 907422
1603081047, 4, 398, 454, 127, 0, 2.13%, 0, 0, 13, 2302.77, 1393, 918962
1603081052, 4, 414, 456, 126, 0, 2.13%, 0, 0, 13, 2275.84, 1393, 930374
1603081057, 4, 425, 456, 124, 0, 2.13%, 0, 0, 13, 2153.90, 1393, 941559
1603081062, 4, 431, 456, 123, 0, 2.13%, 0, 0, 13, 2103.94, 1393, 952314
1603081067, 4, 436, 456, 122, 0, 2.13%, 0, 0, 13, 2251.25, 1393, 964117
1603081073, 4, 439, 456, 121, 0, 2.13%, 0, 0, 13, 2264.30, 1393, 975941
1603081078, 4, 457, 458, 121, 1, 2.13%, 0, 0, 13, 2213.87, 1395, 987379
1603081083, 5, 107, 458, 115, 0, 2.13%, 0, 0, 13, 2250.20, 1395, 998792
1603081088, 5, 158, 459, 112, 0, 2.13%, 0, 0, 13, 2262.70, 1395, 1010300
1603081093, 5, 460, 463, 113, 1, 2.17%, 0, 0, 13, 2249.83, 1424, 1021652
1603081098, 5, 463, 470, 117, 5, 2.27%, 0, 0, 13, 2153.74, 1490, 1032117
1603081103, 5, 465, 476, 121, 6, 2.29%, 0, 0, 13, 2157.07, 1504, 1042977
1603081108, 5, 472, 485, 126, 7, 2.31%, 0, 0, 13, 2178.00, 1514, 1054298
1603081113, 5, 474, 489, 128, 6, 2.32%, 0, 0, 13, 2139.01, 1522, 1065049
1603081118, 5, 477, 491, 127, 7, 2.33%, 0, 0, 13, 2214.68, 1528, 1076307
1603081123, 5, 486, 495, 128, 4, 2.33%, 0, 0, 13, 2228.21, 1528, 1087760
1603081128, 5, 488, 495, 126, 2, 2.33%, 0, 0, 13, 2131.91, 1528, 1098350
1603081133, 5, 493, 496, 125, 0, 2.33%, 0, 0, 13, 2158.72, 1528, 1109190
1603081139, 5, 495, 502, 130, 0, 2.33%, 0, 0, 13, 2229.34, 1528, 1120562
1603081144, 6, 121, 502, 126, 0, 2.33%, 0, 0, 13, 2279.65, 1528, 1132161
1603081149, 6, 180, 503, 125, 0, 2.33%, 0, 0, 13, 2207.30, 1528, 1143648
1603081154, 6, 233, 503, 123, 0, 2.33%, 0, 0, 13, 2222.18, 1528, 1154730
1603081159, 6, 357, 503, 120, 0, 2.33%, 0, 0, 13, 2242.29, 1528, 1166122
1603081164, 6, 453, 506, 121, 2, 2.35%, 0, 0, 13, 2151.41, 1537, 1177135
1603081169, 6, 507, 511, 124, 1, 2.35%, 0, 0, 13, 2102.10, 1537, 1187630
1603081174, 6, 511, 517, 128, 1, 2.35%, 0, 0, 13, 2128.52, 1541, 1198302
1603081179, 7, 41, 517, 122, 0, 2.35%, 0, 0, 13, 2214.05, 1541, 1209560
1603081184, 7, 239, 517, 117, 0, 2.35%, 0, 0, 13, 2230.15, 1541, 1220840
1603081189, 7, 371, 519, 116, 0, 2.35%, 0, 0, 13, 2214.24, 1541, 1231963
1603081194, 7, 402, 520, 116, 0, 2.35%, 0, 0, 13, 2263.39, 1541, 1243586
1603081199, 7, 419, 522, 116, 0, 2.35%, 0, 0, 13, 2235.30, 1541, 1255023
1603081204, 7, 432, 525, 116, 0, 2.35%, 0, 0, 13, 2212.51, 1541, 1266350
1603081210, 7, 442, 527, 117, 0, 2.35%, 0, 0, 13, 2140.68, 1541, 1277334
1603081220, 7, 455, 528, 117, 0, 2.35%, 0, 0, 13, 2230.40, 1541, 1300031
1603081225, 8, 68, 528, 114, 0, 2.35%, 0, 0, 13, 2244.96, 1541, 1311370
1603081230, 8, 140, 528, 111, 0, 2.35%, 0, 0, 13, 2219.32, 1541, 1322779
1603081235, 8, 271, 528, 107, 0, 2.35%, 0, 0, 13, 2225.90, 1541, 1334396
1603081240, 8, 530, 535, 110, 2, 2.35%, 0, 0, 13, 2246.44, 1541, 1346029
1603081245, 9, 18, 539, 111, 0, 2.35%, 0, 0, 13, 2234.09, 1541, 1357302
1603081250, 9, 213, 542, 109, 0, 2.35%, 0, 0, 13, 2194.93, 1541, 1368406
1603081256, 9, 325, 544, 107, 0, 2.35%, 0, 0, 13, 2239.72, 1541, 1380019
1603081261, 9, 365, 544, 103, 0, 2.35%, 0, 0, 13, 2199.60, 1541, 1391413
1603081266, 9, 397, 548, 105, 0, 2.35%, 0, 0, 13, 2246.78, 1541, 1402819
1603081271, 9, 424, 552, 108, 0, 2.35%, 0, 0, 13, 2225.86, 1541, 1414130
1603081276, 9, 430, 552, 107, 0, 2.35%, 0, 0, 13, 2118.32, 1541, 1424647
1603081281, 9, 435, 552, 106, 0, 2.35%, 0, 0, 13, 2245.29, 1541, 1436408
1603081286, 9, 441, 552, 104, 0, 2.35%, 0, 0, 13, 2245.76, 1541, 1447842
1603081297, 9, 445, 554, 105, 0, 2.35%, 0, 0, 13, 2255.44, 1541, 1470747
1603081302, 9, 459, 554, 103, 0, 2.35%, 0, 0, 13, 2252.74, 1541, 1482147
1603081307, 9, 482, 556, 103, 0, 2.35%, 0, 0, 13, 2164.63, 1541, 1492945
1603081312, 9, 492, 557, 102, 0, 2.35%, 0, 0, 13, 2187.36, 1541, 1504035
1603081317, 9, 501, 557, 100, 0, 2.35%, 0, 0, 13, 2231.27, 1541, 1515278
1603081322, 9, 514, 559, 100, 0, 2.35%, 0, 0, 13, 2190.19, 1541, 1526407
1603081327, 9, 523, 560, 99, 0, 2.35%, 0, 0, 13, 2189.77, 1541, 1537343
1603081332, 9, 526, 563, 100, 0, 2.35%, 0, 0, 13, 2195.98, 1541, 1548506
1603081342, 9, 536, 564, 100, 0, 2.35%, 0, 0, 13, 2185.20, 1541, 1570440
1603081347, 9, 536, 566, 102, 0, 2.35%, 0, 0, 13, 2227.74, 1541, 1581846
1603081362, 9, 539, 566, 101, 0, 2.35%, 0, 0, 13, 2273.43, 1541, 1617040
1603081378, 9, 548, 566, 100, 0, 2.35%, 0, 0, 13, 2327.69, 1541, 1651685
1603081383, 9, 550, 566, 99, 0, 2.35%, 0, 0, 13, 2241.85, 1541, 1663295
1603081398, 9, 550, 567, 100, 0, 2.35%, 0, 0, 13, 2297.22, 1541, 1697880
1603081414, 9, 556, 567, 99, 0, 2.35%, 0, 0, 13, 2268.34, 1541, 1733004
1603081480, 9, 559, 571, 101, 0, 2.35%, 0, 0, 13, 2185.03, 1541, 1874560
1603081510, 9, 571, 577, 106, 0, 2.35%, 0, 0, 13, 2272.27, 1541, 1943254
1603081531, 9, 572, 578, 106, 0, 2.35%, 0, 0, 13, 2277.97, 1541, 1990322
1603081536, 9, 572, 579, 107, 0, 2.35%, 0, 0, 13, 2280.73, 1541, 2002162
1603081582, 9, 576, 579, 106, 0, 2.35%, 0, 0, 13, 2290.82, 1541, 2106452
1603081602, 10, 85, 579, 104, 0, 2.35%, 0, 0, 13, 2303.43, 1541, 2153537
1603081607, 10, 374, 580, 102, 0, 2.35%, 0, 0, 13, 2299.82, 1541, 2165065
1603081613, 10, 400, 580, 101, 0, 2.35%, 0, 0, 13, 2226.65, 1541, 2176601
1603081618, 10, 418, 580, 100, 0, 2.35%, 0, 0, 13, 2249.64, 1541, 2187936
1603081623, 10, 450, 582, 99, 0, 2.35%, 0, 0, 13, 2235.23, 1541, 2199501
1603081628, 11, 70, 583, 96, 0, 2.35%, 0, 0, 13, 2267.96, 1541, 2210913
1603081633, 11, 396, 583, 95, 0, 2.35%, 0, 0, 13, 2306.54, 1541, 2222906
1603081638, 11, 401, 583, 94, 0, 2.35%, 0, 0, 13, 2297.42, 1541, 2234647
1603081643, 11, 409, 584, 94, 0, 2.35%, 0, 0, 13, 2303.01, 1541, 2246400
1603081648, 11, 451, 585, 94, 0, 2.35%, 0, 0, 13, 2226.22, 1541, 2257559
1603081653, 11, 467, 585, 92, 0, 2.35%, 0, 0, 13, 2175.05, 1541, 2268405
1603081659, 11, 481, 589, 94, 0, 2.35%, 0, 0, 13, 2101.00, 1541, 2279230
1603081664, 11, 499, 593, 97, 0, 2.35%, 0, 0, 13, 2181.63, 1541, 2290492
1603081669, 11, 511, 594, 96, 0, 2.35%, 0, 0, 13, 2272.00, 1541, 2302128
1603081674, 11, 520, 595, 96, 0, 2.35%, 0, 0, 13, 2236.22, 1541, 2313244
1603081679, 11, 520, 596, 97, 0, 2.35%, 0, 0, 13, 2289.76, 1541, 2324864
1603081684, 11, 521, 596, 96, 0, 2.35%, 0, 0, 13, 2235.38, 1541, 2336124
1603081689, 11, 522, 598, 97, 0, 2.35%, 0, 0, 13, 2232.68, 1541, 2347593
1603081694, 11, 542, 599, 97, 0, 2.35%, 0, 0, 13, 2255.71, 1541, 2358932
1603081704, 11, 544, 599, 96, 0, 2.35%, 0, 0, 13, 2305.76, 1541, 2382256
1603081709, 11, 546, 599, 95, 0, 2.35%, 0, 0, 13, 2285.16, 1541, 2393928
1603081720, 11, 549, 599, 94, 0, 2.35%, 0, 0, 13, 2250.27, 1541, 2416738
1603081725, 11, 562, 599, 93, 0, 2.35%, 0, 0, 13, 2311.99, 1541, 2428547
1603081730, 11, 584, 603, 95, 0, 2.35%, 0, 0, 13, 2287.32, 1541, 2440019
1603081735, 11, 584, 604, 96, 0, 2.35%, 0, 0, 13, 2307.33, 1541, 2451770
1603081740, 11, 591, 604, 94, 0, 2.35%, 0, 0, 13, 2103.60, 1541, 2462197
1603081745, 11, 599, 606, 95, 0, 2.35%, 0, 0, 13, 2110.41, 1541, 2472754
1603081755, 11, 601, 606, 94, 0, 2.35%, 0, 0, 13, 2301.72, 1541, 2496010
1603081760, 12, 268, 606, 89, 0, 2.35%, 0, 0, 13, 2231.09, 1541, 2507158
1603081765, 12, 413, 606, 89, 0, 2.35%, 0, 0, 13, 1960.72, 1541, 2516996
1603081770, 12, 506, 606, 87, 0, 2.35%, 0, 0, 13, 2105.51, 1541, 2527983
1603081775, 12, 508, 608, 88, 0, 2.35%, 1, 0, 13, 2143.64, 1541, 2538719
1603081780, 12, 534, 610, 87, 0, 2.35%, 1, 0, 13, 2172.77, 1541, 2550101
1603081786, 12, 534, 611, 88, 0, 2.35%, 1, 0, 13, 2188.70, 1541, 2561325
1603081791, 12, 537, 611, 87, 0, 2.35%, 1, 0, 13, 2224.07, 1541, 2572831
1603081796, 12, 540, 614, 88, 0, 2.35%, 1, 0, 13, 2250.31, 1541, 2584272
1603081832, 12, 551, 614, 87, 0, 2.35%, 1, 0, 13, 2199.02, 1541, 2665866
1603081842, 12, 563, 617, 89, 0, 2.35%, 1, 0, 13, 2284.76, 1541, 2688928
1603081847, 12, 563, 618, 90, 0, 2.35%, 1, 0, 13, 2133.62, 1541, 2699377
1603081857, 12, 564, 618, 89, 0, 2.35%, 1, 0, 13, 2197.09, 1541, 2721231
1603081888, 12, 570, 621, 90, 0, 2.35%, 1, 0, 13, 2265.93, 1541, 2791496
1603081918, 12, 573, 625, 93, 0, 2.35%, 1, 0, 13, 2251.84, 1541, 2861517
1603081923, 12, 573, 630, 98, 0, 2.35%, 1, 0, 13, 2259.51, 1541, 2872989
1603081954, 12, 575, 630, 97, 0, 2.35%, 1, 0, 13, 2287.52, 1541, 2942236
1603081975, 12, 578, 630, 96, 0, 2.35%, 1, 0, 13, 2313.93, 1541, 2989753
1603082030, 12, 588, 630, 94, 0, 2.35%, 1, 0, 13, 2009.71, 1541, 3114721
1603082036, 12, 593, 632, 95, 0, 2.35%, 1, 0, 13, 2178.90, 1541, 3126020
1603082051, 12, 594, 632, 94, 0, 2.35%, 1, 0, 13, 2210.54, 1541, 3160239
1603082056, 12, 602, 632, 93, 0, 2.35%, 1, 0, 13, 2230.69, 1541, 3171551
1603082061, 12, 603, 633, 93, 0, 2.35%, 1, 0, 14, 2213.34, 1541, 3182732
1603082066, 12, 603, 637, 97, 0, 2.35%, 1, 0, 14, 2262.17, 1541, 3194343
1603082071, 12, 604, 637, 96, 0, 2.35%, 1, 0, 14, 2194.80, 1541, 3205369
1603082076, 12, 605, 640, 98, 0, 2.35%, 1, 0, 14, 2077.33, 1541, 3216122
1603082081, 12, 605, 641, 99, 0, 2.35%, 1, 0, 14, 2063.46, 1541, 3226752
1603082086, 12, 614, 641, 98, 0, 2.35%, 1, 0, 14, 2227.00, 1541, 3238035
1603082117, 12, 615, 641, 97, 0, 2.35%, 1, 0, 14, 2278.41, 1541, 3307436
1603082137, 12, 616, 643, 98, 0, 2.35%, 1, 0, 14, 2196.17, 1541, 3352991
1603082163, 12, 616, 645, 100, 0, 2.35%, 1, 0, 14, 2208.29, 1541, 3409246
1603082168, 12, 623, 646, 100, 0, 2.35%, 1, 0, 14, 2207.87, 1541, 3420417
1603082173, 12, 623, 648, 102, 0, 2.35%, 1, 0, 14, 2262.04, 1541, 3432034
1603082204, 12, 635, 648, 101, 0, 2.35%, 1, 0, 14, 2384.10, 1541, 3501547
1603082219, 12, 642, 648, 100, 0, 2.35%, 1, 0, 14, 2256.39, 1541, 3537353
1603082260, 12, 642, 649, 101, 0, 2.35%, 1, 0, 14, 2313.12, 1541, 3629041
1603082265, 12, 643, 650, 101, 0, 2.35%, 1, 0, 14, 2172.90, 1541, 3639760
1603082306, 12, 644, 650, 100, 0, 2.35%, 1, 0, 14, 2123.00, 1541, 3730467
1603082382, 12, 648, 651, 100, 0, 2.35%, 1, 0, 14, 2099.42, 1541, 3891424
1603082489, 13, 236, 652, 98, 0, 2.35%, 1, 0, 14, 2286.98, 1541, 4113722
1603082494, 13, 403, 652, 96, 0, 2.35%, 1, 0, 14, 2345.58, 1541, 4125531
1603082499, 13, 487, 652, 93, 0, 2.35%, 1, 0, 14, 2257.66, 1541, 4137163
1603082504, 13, 513, 652, 92, 0, 2.35%, 1, 0, 14, 2238.20, 1541, 4148868
1603082510, 13, 543, 655, 93, 0, 2.35%, 1, 0, 14, 2312.61, 1541, 4160513
1603082515, 13, 566, 655, 91, 0, 2.35%, 1, 0, 14, 2290.63, 1541, 4172073
1603082550, 13, 579, 655, 90, 0, 2.35%, 1, 0, 14, 2275.89, 1541, 4255113
1603082612, 13, 600, 655, 89, 0, 2.35%, 1, 0, 14, 2281.35, 1541, 4394562
1603082622, 13, 601, 655, 88, 0, 2.35%, 1, 0, 14, 2350.52, 1541, 4418458
1603082627, 13, 607, 656, 89, 0, 2.35%, 1, 0, 14, 2105.93, 1541, 4429106
1603082632, 13, 617, 657, 88, 0, 2.35%, 1, 0, 14, 2179.86, 1541, 4440401
1603082648, 13, 626, 657, 87, 0, 2.35%, 1, 0, 14, 2225.78, 1541, 4473173
1603082683, 13, 640, 657, 86, 0, 2.35%, 1, 0, 14, 2218.73, 1541, 4555859
1603082688, 13, 640, 658, 87, 0, 2.35%, 1, 0, 14, 2119.52, 1541, 4566410
1603082694, 13, 650, 659, 87, 0, 2.35%, 1, 0, 14, 2073.02, 1541, 4577298
1603082826, 13, 651, 660, 87, 0, 2.35%, 1, 0, 14, 2051.01, 1541, 4843214
1603082989, 13, 653, 662, 88, 0, 2.35%, 1, 0, 14, 2305.70, 1541, 5165045
1603082994, 14, 309, 662, 86, 0, 2.35%, 1, 0, 14, 2310.90, 1541, 5176745
1603082999, 14, 407, 662, 83, 0, 2.35%, 1, 0, 14, 2342.23, 1541, 5188587
1603083004, 14, 433, 664, 84, 0, 2.35%, 1, 0, 14, 2169.23, 1542, 5199622
1603083009, 14, 586, 666, 85, 1, 2.35%, 1, 0, 14, 2098.51, 1542, 5210042
1603083014, 14, 663, 666, 84, 1, 2.35%, 1, 0, 14, 2113.28, 1542, 5220550
1603083019, 15, 356, 666, 82, 0, 2.35%, 1, 0, 14, 2261.85, 1542, 5231973
1603083024, 15, 438, 666, 82, 0, 2.35%, 1, 0, 14, 2319.50, 1542, 5243758
1603083029, 15, 497, 666, 81, 0, 2.35%, 1, 0, 14, 2250.22, 1542, 5255058
1603083034, 15, 553, 666, 80, 0, 2.35%, 1, 0, 14, 2266.87, 1542, 5266458
1603083055, 15, 554, 666, 79, 0, 2.35%, 1, 0, 14, 140.30, 1542, 5309376
1603083862, 15, 565, 666, 78, 0, 2.35%, 1, 0, 14, 2244.64, 1542, 5523146
1603083888, 15, 585, 666, 77, 0, 2.35%, 1, 0, 14, 2225.77, 1542, 5582862
1603083893, 15, 589, 666, 76, 0, 2.35%, 1, 0, 14, 2170.25, 1542, 5593543
1603083898, 15, 592, 666, 75, 0, 2.35%, 1, 0, 14, 2208.21, 1542, 5604750
1603083903, 15, 618, 668, 76, 0, 2.35%, 1, 0, 14, 2226.78, 1542, 5616053
1603083908, 15, 625, 669, 75, 0, 2.35%, 1, 0, 14, 2264.83, 1542, 5627413
1603083949, 15, 632, 671, 76, 0, 2.35%, 1, 0, 15, 2321.40, 1542, 5719541
1603083954, 15, 636, 672, 76, 0, 2.35%, 1, 0, 15, 2250.23, 1542, 5731019
1603083969, 15, 639, 672, 75, 0, 2.35%, 1, 0, 15, 2248.77, 1542, 5765500
1603083979, 15, 646, 672, 74, 0, 2.35%, 1, 0, 15, 2193.99, 1542, 5786964
1603084015, 15, 655, 672, 73, 0, 2.35%, 1, 0, 15, 2014.45, 1542, 5868214
1603084035, 15, 655, 673, 74, 0, 2.35%, 1, 0, 15, 1913.39, 1542, 5906980
1603084086, 15, 657, 675, 75, 0, 2.35%, 1, 0, 15, 1967.14, 1542, 6003720
1603084097, 15, 659, 675, 74, 0, 2.35%, 1, 0, 15, 2084.91, 1542, 6025596
1603084378, 15, 667, 680, 78, 0, 2.35%, 1, 0, 15, 2159.68, 1542, 6528659
1603084383, 15, 670, 682, 79, 0, 2.35%, 1, 0, 16, 2277.86, 1542, 6540557
1603084388, 15, 677, 684, 80, 0, 2.35%, 1, 0, 16, 2278.59, 1542, 6552158
1603084393, 15, 679, 688, 83, 0, 2.35%, 1, 0, 16, 2185.28, 1542, 6562998
1603084398, 15, 681, 688, 82, 0, 2.35%, 1, 0, 16, 2261.69, 1542, 6574617
1603084403, 15, 684, 690, 83, 0, 2.35%, 1, 0, 17, 2288.50, 1542, 6586424
1603084408, 15, 685, 693, 85, 0, 2.35%, 1, 0, 17, 2198.02, 1542, 6597385
1603084414, 15, 692, 697, 88, 0, 2.35%, 1, 0, 18, 2155.57, 1542, 6608461
1603084419, 15, 694, 700, 90, 0, 2.35%, 1, 0, 19, 2134.54, 1542, 6619462
1603084424, 16, 525, 700, 89, 0, 2.35%, 1, 0, 19, 2222.88, 1542, 6631105
1603084429, 16, 555, 700, 88, 0, 2.35%, 1, 0, 19, 2091.64, 1542, 6641656
1603084506, 16, 590, 702, 88, 0, 2.35%, 1, 0, 19, 1868.54, 1542, 6701380
1603084511, 16, 606, 702, 87, 0, 2.35%, 1, 0, 19, 2088.84, 1542, 6712244
1603084516, 16, 611, 702, 86, 0, 2.35%, 1, 0, 19, 2194.78, 1542, 6723509
1603084552, 16, 621, 703, 86, 0, 2.35%, 1, 0, 19, 2334.74, 1542, 6807151
1603084588, 16, 628, 704, 86, 0, 2.35%, 1, 0, 19, 2231.60, 1542, 6889578
1603084593, 16, 628, 705, 87, 0, 2.35%, 1, 0, 19, 2283.25, 1542, 6901201
1603084624, 16, 634, 705, 86, 0, 2.35%, 1, 0, 19, 2288.52, 1542, 6972150
1603084634, 16, 634, 706, 87, 0, 2.35%, 1, 0, 19, 2327.17, 1542, 6996104
1603084639, 16, 637, 706, 86, 0, 2.35%, 1, 0, 19, 2172.50, 1542, 7006933
1603084644, 16, 664, 706, 85, 0, 2.35%, 1, 0, 19, 2169.80, 1542, 7017780
1603084659, 16, 665, 706, 84, 0, 2.35%, 1, 0, 19, 2124.30, 1542, 7049552
1603084674, 16, 680, 707, 84, 0, 2.35%, 2, 0, 19, 2133.28, 1542, 7081818
1603084679, 16, 680, 708, 85, 0, 2.35%, 2, 0, 19, 2134.25, 1542, 7092644
1603084684, 16, 689, 712, 88, 0, 2.35%, 2, 0, 19, 2186.28, 1542, 7103741
1603084689, 16, 691, 712, 87, 0, 2.35%, 2, 0, 19, 2118.75, 1542, 7114634
1603084695, 16, 698, 713, 87, 0, 2.35%, 2, 0, 19, 2155.86, 1542, 7125894
1603084700, 16, 705, 717, 88, 0, 2.35%, 2, 0, 19, 2300.81, 1542, 7138029
1603084735, 16, 711, 721, 91, 0, 2.35%, 2, 0, 19, 2278.76, 1542, 7218964
1603084741, 16, 717, 721, 90, 0, 2.35%, 2, 0, 19, 2177.83, 1542, 7230058
1603084771, 17, 376, 721, 89, 0, 2.35%, 2, 0, 19, 2319.57, 1542, 7298992
1603084776, 17, 541, 721, 88, 0, 2.35%, 2, 0, 19, 2303.11, 1542, 7310601
1603084786, 17, 547, 721, 87, 0, 2.35%, 2, 0, 19, 2294.31, 1542, 7334070
1603084796, 17, 598, 723, 88, 0, 2.35%, 2, 0, 19, 2353.93, 1542, 7357973
1603084801, 17, 629, 723, 86, 0, 2.35%, 2, 0, 19, 2334.41, 1542, 7369788
1603084837, 17, 683, 723, 85, 0, 2.35%, 2, 0, 19, 2221.34, 1542, 7452318
1603084842, 17, 688, 723, 83, 0, 2.35%, 2, 0, 19, 2184.46, 1542, 7463590
1603084848, 17, 690, 723, 82, 0, 2.35%, 2, 0, 19, 2159.43, 1542, 7474781
1603084853, 17, 703, 723, 81, 0, 2.35%, 2, 0, 19, 2185.94, 1542, 7485791
1603084858, 17, 703, 724, 82, 0, 2.36%, 2, 0, 19, 2257.43, 1548, 7497318
1603084888, 17, 723, 724, 81, 1, 2.36%, 2, 0, 19, 2253.60, 1548, 7567968
1603084929, 18, 367, 724, 79, 0, 2.36%, 2, 0, 19, 2298.34, 1548, 7658875
1603084934, 18, 505, 724, 77, 0, 2.36%, 2, 0, 19, 2239.62, 1548, 7670145
1603084939, 18, 561, 724, 76, 0, 2.36%, 2, 0, 19, 2163.74, 1548, 7680824
1603084944, 18, 574, 726, 77, 0, 2.36%, 2, 0, 19, 2226.25, 1548, 7692118
1603084954, 18, 574, 727, 78, 0, 2.36%, 2, 0, 19, 2335.56, 1548, 7715923
1603084965, 18, 596, 727, 77, 0, 2.36%, 2, 0, 19, 2287.68, 1548, 7739794
1603084975, 18, 613, 727, 76, 0, 2.36%, 2, 0, 19, 2262.22, 1548, 7763228
1603085010, 18, 619, 727, 75, 0, 2.36%, 2, 0, 19, 2284.46, 1548, 7846148
1603085016, 18, 630, 727, 74, 0, 2.36%, 2, 0, 19, 1868.43, 1548, 7855200
1603085021, 18, 647, 727, 73, 0, 2.36%, 2, 0, 19, 2113.12, 1548, 7865767
1603085056, 18, 649, 727, 72, 0, 2.36%, 2, 0, 19, 2234.27, 1548, 7946716
1603085102, 18, 673, 728, 70, 0, 2.36%, 2, 0, 19, 2171.80, 1548, 8046545
1603085138, 18, 673, 729, 71, 0, 2.36%, 2, 0, 19, 1760.59, 1548, 8109957
1603085143, 18, 687, 729, 69, 0, 2.36%, 2, 0, 19, 2074.50, 1548, 8120784
1603085148, 18, 695, 729, 68, 0, 2.36%, 2, 0, 19, 2158.59, 1548, 8131774
1603085153, 18, 699, 731, 69, 0, 2.36%, 2, 0, 20, 2149.27, 1548, 8142541
1603085158, 18, 720, 731, 68, 0, 2.36%, 2, 0, 20, 2135.49, 1548, 8153671
1603085163, 18, 722, 731, 67, 0, 2.36%, 2, 0, 20, 2284.19, 1548, 8165571
1603085174, 18, 724, 733, 68, 0, 2.36%, 2, 0, 20, 2343.64, 1548, 8189492
1603085179, 18, 729, 733, 66, 0, 2.36%, 2, 0, 20, 2307.50, 1548, 8201321
1603085184, 18, 730, 733, 65, 0, 2.36%, 2, 0, 20, 2236.40, 1548, 8212441
1603085189, 18, 732, 733, 64, 0, 2.36%, 2, 0, 20, 2324.85, 1548, 8224136
1603085204, 19, 186, 734, 64, 0, 2.36%, 2, 0, 20, 2311.95, 1548, 8259355
1603085209, 19, 583, 734, 62, 0, 2.36%, 2, 0, 20, 2287.32, 1548, 8270835
1603085214, 19, 595, 734, 61, 0, 2.36%, 2, 0, 20, 2306.18, 1548, 8282500
1603085224, 19, 597, 734, 60, 0, 2.36%, 2, 0, 20, 2279.80, 1548, 8306105
1603085316, 19, 622, 734, 59, 0, 2.36%, 2, 0, 20, 2312.25, 1548, 8514928
1603085352, 19, 631, 734, 58, 0, 2.36%, 2, 0, 20, 2013.70, 1548, 8597467
1603085357, 19, 633, 735, 58, 0, 2.36%, 2, 0, 20, 1928.49, 1548, 8606850
1603085367, 19, 638, 735, 57, 0, 2.36%, 2, 0, 20, 2280.00, 1548, 8630890
1603085377, 19, 662, 735, 56, 0, 2.36%, 2, 0, 20, 2167.99, 1548, 8652499
1603085382, 19, 668, 735, 55, 0, 2.36%, 2, 0, 20, 2140.73, 1548, 8663576
1603085388, 19, 677, 736, 55, 0, 2.36%, 2, 0, 20, 2164.82, 1548, 8674569
1603085393, 19, 712, 736, 54, 0, 2.36%, 2, 0, 20, 2142.53, 1548, 8685533
1603085403, 19, 731, 738, 55, 0, 2.36%, 2, 0, 20, 2206.84, 1548, 8707013
1603085418, 20, 456, 738, 54, 0, 2.36%, 2, 0, 20, 2322.07, 1548, 8743061
1603085428, 20, 567, 738, 52, 0, 2.36%, 2, 0, 20, 2238.31, 1548, 8766040
1603085433, 20, 569, 738, 51, 0, 2.36%, 2, 0, 20, 2309.55, 1548, 8777658
1603085459, 20, 577, 738, 50, 0, 2.36%, 2, 0, 20, 2311.40, 1548, 8837341
1603085515, 20, 612, 738, 49, 0, 2.36%, 3, 0, 20, 2317.86, 1548, 8967530
1603085551, 20, 627, 738, 48, 0, 2.36%, 3, 0, 20, 2327.02, 1548, 9051147
1603085587, 20, 669, 738, 47, 0, 2.36%, 3, 0, 20, 2314.15, 1548, 9134676
1603085592, 20, 707, 738, 46, 0, 2.36%, 3, 0, 20, 2279.36, 1548, 9146482
1603085597, 20, 707, 739, 47, 0, 2.36%, 3, 0, 20, 2145.11, 1548, 9157114
1603085602, 20, 718, 739, 46, 0, 2.36%, 3, 0, 20, 2175.30, 1548, 9168065
1603085638, 20, 733, 740, 46, 0, 2.36%, 3, 0, 20, 2318.20, 1548, 9252107
1603085659, 20, 734, 742, 47, 0, 2.36%, 3, 0, 20, 1528.06, 1548, 9295816
1603085689, 20, 735, 743, 47, 0, 2.36%, 3, 0, 20, 1694.56, 1548, 9334980
1603085694, 20, 735, 744, 48, 0, 2.36%, 3, 0, 20, 2028.51, 1548, 9345614
1603085699, 20, 740, 744, 47, 0, 2.36%, 3, 0, 20, 1778.89, 1548, 9354526
1603085709, 20, 741, 744, 46, 0, 2.36%, 3, 0, 20, 1700.12, 1548, 9371389
1603085724, 21, 494, 744, 45, 0, 2.36%, 3, 0, 20, 2123.19, 1548, 9398063
1603085730, 21, 660, 745, 45, 0, 2.36%, 3, 0, 20, 1629.88, 1548, 9406159
1603086040, 21, 671, 745, 44, 0, 2.36%, 3, 0, 20, 2247.88, 1548, 9952138
1603086050, 21, 672, 746, 44, 0, 2.36%, 3, 0, 20, 2069.03, 1548, 9974738
1603086121, 21, 719, 746, 43, 0, 2.36%, 3, 0, 20, 2029.85, 1548, 10110175
1603086167, 22, 179, 746, 42, 0, 2.36%, 3, 0, 20, 2308.86, 1548, 10213413
1603086172, 22, 624, 746, 42, 0, 2.36%, 3, 0, 20, 2305.43, 1548, 10225016
1603086208, 22, 674, 746, 41, 0, 2.36%, 3, 0, 20, 2183.00, 1548, 10307521
1603086351, 22, 676, 747, 41, 0, 2.36%, 3, 0, 20, 2018.05, 1548, 10575329
1603086356, 22, 702, 747, 40, 0, 2.36%, 3, 0, 20, 2209.96, 1548, 10586969
1603086392, 22, 709, 747, 39, 0, 2.36%, 3, 0, 20, 2171.00, 1548, 10668592
1603086407, 22, 716, 749, 40, 0, 2.36%, 3, 0, 20, 2135.94, 1548, 10699800
1603086412, 22, 746, 749, 39, 0, 2.36%, 3, 0, 20, 1921.43, 1548, 10709291
1603086642, 23, 118, 750, 39, 0, 2.36%, 3, 0, 20, 1883.36, 1548, 11132070
1603086647, 23, 519, 750, 39, 0, 2.36%, 3, 0, 20, 2245.49, 1548, 11144084
1603086652, 23, 675, 753, 41, 0, 2.36%, 3, 0, 20, 2213.89, 1548, 11155255
1603086657, 23, 704, 753, 40, 0, 2.36%, 3, 0, 20, 2260.13, 1548, 11166782
1603086693, 23, 726, 753, 39, 0, 2.36%, 3, 0, 20, 2320.05, 1548, 11249765
1603086714, 23, 749, 755, 39, 0, 2.36%, 3, 0, 20, 2286.16, 1548, 11297365
1603087051, 23, 750, 755, 38, 0, 2.36%, 3, 0, 20, 2078.12, 1548, 11905844
1603087056, 24, 592, 755, 36, 0, 2.36%, 3, 0, 20, 2257.18, 1548, 11917822
1603087061, 24, 658, 755, 36, 0, 2.36%, 3, 0, 20, 2132.95, 1548, 11928299
1603087076, 24, 682, 756, 36, 0, 2.36%, 3, 0, 20, 2045.73, 1548, 11958702
1603087081, 24, 682, 757, 37, 0, 2.36%, 3, 0, 20, 2228.68, 1548, 11970252
1603087097, 24, 693, 759, 38, 0, 2.36%, 3, 0, 20, 2180.54, 1548, 12005119
1603087102, 24, 697, 760, 38, 0, 2.36%, 3, 0, 20, 2169.63, 1548, 12016357
1603087107, 24, 743, 765, 41, 0, 2.36%, 3, 0, 20, 2159.61, 1548, 12027327
1603087122, 24, 748, 765, 40, 0, 2.36%, 3, 0, 20, 2066.47, 1548, 12058651
1603087132, 24, 759, 767, 41, 0, 2.36%, 3, 0, 20, 2106.77, 1548, 12079829
1603087137, 24, 759, 768, 42, 0, 2.36%, 3, 0, 20, 2083.84, 1548, 12090564
1603087143, 24, 765, 769, 41, 0, 2.36%, 3, 0, 20, 2120.61, 1548, 12101720
1603087158, 24, 765, 770, 42, 0, 2.36%, 3, 0, 20, 2079.51, 1548, 12133058
1603087163, 25, 311, 771, 41, 0, 2.36%, 3, 0, 20, 2254.55, 1548, 12144957
1603087168, 25, 552, 773, 43, 0, 2.36%, 3, 0, 20, 2289.19, 1548, 12156569
1603087178, 25, 552, 774, 44, 0, 2.36%, 3, 0, 20, 2318.14, 1548, 12180212
1603087183, 25, 610, 774, 43, 0, 2.36%, 3, 0, 20, 2313.78, 1548, 12191854
1603087193, 25, 696, 774, 42, 0, 2.36%, 3, 0, 20, 2199.85, 1548, 12214648
1603087199, 25, 706, 775, 42, 0, 2.36%, 3, 0, 20, 2117.14, 1548, 12225248
1603087229, 25, 736, 776, 41, 0, 2.36%, 3, 0, 20, 2164.70, 1548, 12288930
1603087244, 25, 738, 776, 40, 0, 2.36%, 3, 0, 20, 2013.34, 1548, 12318461
1603087254, 25, 739, 776, 39, 0, 2.36%, 3, 0, 20, 2185.51, 1548, 12340119
1603087310, 25, 747, 777, 39, 0, 2.36%, 3, 0, 20, 2223.84, 1548, 12469385
1603087336, 25, 751, 777, 38, 0, 2.36%, 3, 0, 20, 2243.06, 1548, 12522973
1603087341, 25, 754, 778, 38, 0, 2.36%, 3, 0, 20, 2316.88, 1548, 12534787
1603087346, 25, 761, 780, 38, 0, 2.36%, 3, 0, 20, 2255.40, 1548, 12545972
1603087351, 25, 767, 782, 38, 0, 2.36%, 3, 0, 20, 2162.52, 1548, 12556828
1603087361, 25, 770, 782, 37, 0, 2.36%, 3, 0, 20, 1944.38, 1548, 12577335
1603087392, 25, 775, 783, 37, 0, 2.36%, 3, 0, 20, 2220.90, 1548, 12639156
1603087397, 25, 781, 787, 39, 0, 2.36%, 3, 0, 20, 2193.19, 1548, 12650238
1603087402, 26, 315, 788, 39, 0, 2.36%, 3, 0, 20, 2240.37, 1548, 12661451
1603087407, 26, 656, 788, 39, 0, 2.36%, 3, 0, 20, 2047.00, 1548, 12672105
1603087417, 26, 752, 788, 38, 0, 2.36%, 3, 0, 20, 2224.12, 1548, 12692830
1603087422, 26, 757, 788, 37, 0, 2.36%, 3, 0, 20, 2239.86, 1548, 12704142
1603087447, 26, 757, 789, 38, 0, 2.36%, 3, 0, 20, 2297.52, 1548, 12762268
1603087452, 26, 785, 789, 36, 0, 2.36%, 3, 0, 20, 2202.88, 1548, 12773298
1603087457, 26, 786, 790, 36, 0, 2.36%, 3, 0, 20, 2171.71, 1548, 12784157
1603087463, 26, 788, 790, 35, 0, 2.36%, 3, 0, 20, 2169.32, 1548, 12795231
1603087503, 27, 245, 792, 36, 0, 2.36%, 3, 0, 20, 2248.63, 1548, 12888478
1603087509, 27, 641, 792, 35, 0, 2.36%, 3, 0, 20, 2252.96, 1548, 12900260
1603087529, 27, 661, 792, 34, 0, 2.36%, 3, 0, 20, 2316.03, 1548, 12947088
1603087539, 27, 758, 792, 33, 0, 2.36%, 3, 0, 20, 2276.07, 1548, 12970430
1603087570, 27, 782, 792, 32, 0, 2.36%, 3, 0, 20, 1994.42, 1548, 13038631
1603087575, 27, 782, 793, 33, 0, 2.36%, 3, 0, 21, 1996.56, 1548, 13048652
1603087600, 27, 783, 796, 35, 0, 2.36%, 3, 0, 21, 2059.27, 1548, 13099004
1603087605, 28, 545, 796, 34, 0, 2.36%, 3, 0, 21, 2217.10, 1548, 13110341
1603087615, 28, 715, 796, 33, 0, 2.36%, 3, 0, 21, 2304.28, 1548, 13133701
1603087621, 28, 721, 796, 32, 0, 2.36%, 3, 0, 21, 2331.02, 1548, 13145720
1603087631, 28, 755, 798, 33, 0, 2.36%, 3, 0, 21, 2139.11, 1548, 13168628
1603087651, 28, 784, 798, 32, 0, 2.36%, 3, 0, 21, 2111.70, 1548, 13210056
1603087656, 28, 790, 798, 31, 0, 2.36%, 3, 0, 21, 2191.21, 1548, 13221072
1603087707, 29, 408, 798, 30, 0, 2.36%, 3, 0, 21, 2286.67, 1548, 13339131
1603087712, 29, 769, 798, 30, 0, 2.36%, 3, 0, 21, 2103.98, 1548, 13349677
1603087732, 29, 776, 798, 29, 0, 2.36%, 3, 0, 21, 2209.83, 1548, 13392353
1603087830, 29, 779, 798, 27, 0, 2.36%, 3, 0, 21, 2234.59, 1548, 13614519
1603087835, 29, 789, 799, 27, 0, 2.36%, 3, 0, 21, 2175.41, 1548, 13625493
1603087840, 30, 645, 799, 26, 0, 2.36%, 3, 0, 21, 2251.75, 1548, 13637218
1603087881, 30, 745, 799, 25, 0, 2.36%, 3, 0, 21, 2296.34, 1548, 13732837
1603087901, 30, 753, 799, 24, 0, 2.36%, 3, 0, 21, 2320.11, 1548, 13779623
1603087916, 30, 753, 800, 25, 0, 2.36%, 3, 0, 21, 2324.27, 1548, 13815254
1603087921, 30, 766, 800, 24, 0, 2.36%, 3, 0, 21, 2127.77, 1548, 13825782
1603087926, 30, 787, 802, 25, 0, 2.36%, 3, 0, 21, 2124.35, 1548, 13836697
1603087937, 30, 793, 803, 25, 0, 2.36%, 3, 0, 21, 1912.77, 1548, 13857366
1603087973, 30, 795, 803, 24, 0, 2.36%, 3, 0, 21, 1739.11, 1548, 13925001
1603088018, 30, 796, 803, 23, 0, 2.36%, 3, 0, 21, 1862.29, 1548, 14009960
1603088039, 30, 797, 803, 22, 0, 2.36%, 3, 0, 21, 2097.09, 1548, 14056381
1603088156, 30, 797, 804, 23, 0, 2.36%, 3, 0, 21, 1872.22, 1548, 14247056
1603088707, 30, 801, 805, 23, 0, 2.36%, 3, 0, 21, 1823.64, 1548, 15157530
1603088712, 30, 801, 806, 24, 0, 2.36%, 3, 0, 21, 2055.76, 1548, 15168109
1603088718, 30, 804, 807, 24, 0, 2.36%, 3, 0, 21, 1612.45, 1548, 15175784
1603090059, 31, 239, 807, 23, 0, 2.36%, 3, 0, 21, 1603.01, 1548, 17076351
1603090064, 31, 723, 807, 22, 0, 2.36%, 3, 0, 21, 2156.73, 1548, 17088297
1603090069, 31, 728, 807, 22, 0, 2.36%, 3, 0, 21, 1869.28, 1548, 17097146
1603090079, 31, 728, 808, 23, 0, 2.37%, 3, 0, 21, 1677.72, 1554, 17114533
1603090094, 31, 807, 808, 22, 1, 2.37%, 3, 0, 21, 1725.34, 1554, 17141129
1603090120, 32, 570, 808, 21, 0, 2.37%, 3, 0, 21, 2077.77, 1554, 17187459
1603090125, 32, 708, 808, 21, 0, 2.37%, 4, 0, 21, 2106.89, 1554, 17198543
1603090130, 32, 756, 808, 20, 0, 2.37%, 4, 0, 21, 2202.06, 1554, 17209573
1603090145, 32, 768, 809, 20, 0, 2.37%, 4, 0, 21, 2263.92, 1554, 17243774
1603090150, 32, 791, 811, 21, 0, 2.37%, 4, 0, 21, 2179.81, 1554, 17254758
1603090211, 32, 792, 813, 22, 0, 2.37%, 4, 0, 21, 2185.32, 1554, 17390831
1603090247, 32, 799, 813, 21, 0, 2.37%, 4, 0, 21, 2273.58, 1554, 17462516
1603090262, 32, 808, 813, 20, 0, 2.37%, 4, 0, 21, 2268.10, 1554, 17498087
1603090267, 32, 811, 814, 19, 0, 2.37%, 4, 0, 21, 2205.62, 1554, 17509188
1603090369, 33, 427, 815, 19, 0, 2.37%, 4, 0, 21, 2252.70, 1554, 17729857
1603090374, 33, 774, 816, 20, 0, 2.37%, 4, 0, 21, 2197.93, 1554, 17741216
1603090379, 33, 794, 816, 19, 0, 2.37%, 4, 0, 21, 2007.92, 1554, 17751706
1603090420, 33, 815, 816, 18, 0, 2.37%, 4, 0, 21, 1997.95, 1554, 17829562
1603090425, 34, 208, 816, 17, 0, 2.37%, 4, 0, 21, 2164.89, 1554, 17840831
1603090430, 34, 489, 816, 17, 0, 2.37%, 4, 0, 21, 2183.90, 1554, 17851911
1603090435, 34, 773, 816, 16, 0, 2.37%, 4, 0, 21, 2263.44, 1554, 17863437
1603090455, 34, 798, 816, 15, 0, 2.37%, 4, 0, 21, 2278.23, 1554, 17909931
1603090460, 34, 800, 816, 14, 0, 2.37%, 4, 0, 21, 2159.67, 1554, 17920700
1603090465, 34, 803, 817, 14, 0, 2.37%, 4, 0, 21, 1921.42, 1554, 17930497
1603091151, 34, 806, 817, 13, 0, 2.37%, 4, 0, 21, 1459.59, 1554, 19023509
1603091161, 34, 809, 818, 13, 0, 2.37%, 4, 0, 21, 2045.50, 1554, 19043808
1603091166, 34, 812, 819, 13, 0, 2.37%, 4, 0, 21, 1950.11, 1554, 19053838
1603091298, 35, 217, 819, 11, 0, 2.37%, 4, 0, 21, 2111.81, 1554, 19324121
1603091303, 35, 742, 819, 11, 0, 2.37%, 4, 0, 21, 1742.27, 1554, 19333392
1603091349, 36, 56, 819, 9, 0, 2.37%, 4, 0, 21, 1642.99, 1554, 19384226
1603091354, 36, 193, 819, 9, 0, 2.37%, 4, 0, 21, 2079.32, 1554, 19395365
1603091359, 36, 320, 819, 9, 0, 2.37%, 4, 0, 21, 2189.24, 1554, 19406656
1603091364, 36, 474, 819, 9, 0, 2.37%, 4, 0, 21, 2190.35, 1554, 19417831
1603091369, 36, 632, 820, 10, 0, 2.37%, 4, 0, 21, 2172.04, 1554, 19429035
1603091374, 36, 737, 820, 10, 0, 2.37%, 4, 0, 21, 1940.70, 1554, 19438841
1603091405, 36, 802, 820, 9, 0, 2.37%, 4, 0, 21, 1955.31, 1554, 19494971
1603091415, 36, 813, 821, 9, 0, 2.37%, 4, 0, 21, 2060.69, 1554, 19515418
1603091420, 36, 818, 823, 11, 0, 2.37%, 4, 0, 21, 2099.50, 1554, 19526240
1603091425, 36, 820, 825, 12, 0, 2.37%, 4, 0, 21, 2022.56, 1554, 19536800
1603091436, 36, 823, 826, 12, 0, 2.37%, 4, 0, 21, 1992.66, 1554, 19556476
1603091441, 37, 2, 826, 11, 0, 2.37%, 4, 0, 21, 2098.38, 1554, 19567087
1603091446, 37, 163, 826, 11, 0, 2.37%, 4, 0, 21, 2172.36, 1554, 19578284
1603091451, 37, 284, 826, 11, 0, 2.37%, 4, 0, 21, 2081.27, 1554, 19588819
1603091456, 37, 452, 826, 11, 0, 2.37%, 4, 0, 21, 2137.56, 1554, 19599755
1603091461, 38, 38, 828, 11, 0, 2.38%, 4, 0, 21, 2186.58, 1558, 19611080
1603091466, 38, 172, 828, 11, 0, 2.38%, 4, 0, 21, 2188.41, 1558, 19622224
1603091471, 38, 299, 829, 12, 0, 2.38%, 4, 0, 21, 2111.47, 1558, 19632896
1603091476, 38, 461, 829, 12, 0, 2.38%, 4, 0, 21, 2145.12, 1558, 19643831
1603091481, 38, 640, 829, 12, 0, 2.38%, 4, 0, 21, 2174.39, 1558, 19654898
1603091486, 38, 773, 831, 14, 0, 2.38%, 4, 0, 21, 2146.01, 1558, 19665576
1603091491, 38, 805, 831, 14, 0, 2.38%, 4, 0, 21, 1960.52, 1558, 19675221
1603091501, 38, 814, 831, 13, 0, 2.38%, 4, 0, 21, 1846.56, 1558, 19694573
1603091679, 38, 821, 832, 13, 0, 2.38%, 4, 0, 22, 2046.52, 1558, 20048610
1603091685, 38, 821, 833, 14, 0, 2.38%, 4, 0, 22, 2041.31, 1558, 20059022
1603091690, 38, 824, 835, 15, 0, 2.38%, 4, 0, 22, 2031.39, 1558, 20069307
1603091695, 38, 826, 836, 15, 0, 2.38%, 4, 0, 22, 2100.94, 1558, 20080003
1603091700, 38, 828, 836, 15, 0, 2.38%, 4, 0, 22, 1767.06, 1558, 20088698
1603091705, 38, 829, 836, 14, 0, 2.38%, 4, 0, 22, 1848.16, 1558, 20097934
1603091715, 38, 830, 836, 13, 0, 2.38%, 4, 0, 22, 2130.02, 1558, 20118963
1603091720, 38, 833, 836, 12, 0, 2.38%, 4, 0, 22, 2117.54, 1558, 20129977
1603091725, 38, 836, 837, 12, 0, 2.38%, 4, 0, 22, 2121.39, 1558, 20140786
1603091735, 39, 31, 838, 12, 0, 2.38%, 4, 0, 23, 2126.17, 1558, 20162008
1603091740, 39, 185, 838, 12, 0, 2.38%, 4, 0, 23, 2211.28, 1558, 20173379
1603091745, 39, 320, 838, 12, 0, 2.38%, 4, 0, 23, 2222.44, 1558, 20184599
1603091750, 39, 663, 839, 13, 1, 2.39%, 4, 0, 23, 2208.87, 1564, 20195928
1603091755, 39, 838, 839, 13, 1, 2.39%, 4, 0, 23, 2185.92, 1564, 20207004
1603091761, 40, 144, 839, 12, 0, 2.39%, 4, 0, 23, 2208.58, 1564, 20218257
1603091766, 40, 266, 839, 12, 0, 2.39%, 4, 0, 23, 2213.83, 1564, 20229497
1603091771, 40, 405, 839, 12, 0, 2.39%, 4, 0, 23, 2241.09, 1564, 20240859
1603091776, 40, 612, 839, 12, 0, 2.39%, 4, 0, 23, 2195.16, 1564, 20251959
1603091781, 40, 771, 839, 12, 0, 2.39%, 4, 0, 23, 2214.24, 1564, 20263093
1603091786, 40, 777, 839, 11, 0, 2.39%, 4, 0, 23, 2234.99, 1564, 20274472
1603091791, 40, 777, 840, 12, 0, 2.39%, 4, 0, 23, 2248.19, 1564, 20286022
1603091796, 40, 817, 841, 12, 0, 2.39%, 4, 0, 23, 2118.95, 1564, 20296707
1603091806, 40, 826, 843, 12, 0, 2.39%, 4, 0, 23, 2147.17, 1564, 20318150
1603091811, 40, 837, 843, 12, 0, 2.39%, 4, 0, 23, 2115.35, 1564, 20328846
1603091817, 40, 837, 844, 13, 0, 2.39%, 4, 0, 24, 2039.62, 1564, 20339256
1603091827, 40, 842, 845, 13, 0, 2.39%, 4, 0, 24, 1961.02, 1564, 20360043
1603091852, 41, 144, 846, 13, 0, 2.39%, 4, 0, 24, 2155.93, 1564, 20411419
1603091857, 41, 266, 846, 13, 0, 2.39%, 4, 0, 24, 2204.66, 1564, 20422640
1603091862, 41, 411, 846, 13, 0, 2.39%, 4, 0, 24, 2229.34, 1564, 20434012
1603091867, 41, 583, 846, 13, 0, 2.39%, 4, 0, 24, 2197.46, 1564, 20445119
1603091873, 41, 825, 846, 13, 0, 2.39%, 4, 0, 24, 2163.82, 1564, 20456245
1603091888, 41, 827, 847, 13, 0, 2.39%, 4, 0, 24, 2029.09, 1564, 20486054
1603091893, 41, 839, 847, 13, 0, 2.39%, 4, 0, 24, 2159.52, 1564, 20496999
1603091908, 41, 846, 847, 12, 0, 2.39%, 4, 0, 24, 2003.42, 1564, 20530356
1603091934, 42, 116, 847, 11, 0, 2.39%, 4, 0, 24, 2094.51, 1564, 20577848
1603091939, 42, 244, 847, 11, 0, 2.39%, 4, 0, 24, 2185.84, 1564, 20589131
1603091944, 42, 395, 847, 11, 0, 2.39%, 4, 0, 24, 2228.07, 1564, 20600555
1603091949, 42, 647, 847, 11, 0, 2.39%, 4, 0, 24, 2208.26, 1564, 20611834
1603091954, 42, 792, 847, 11, 0, 2.39%, 4, 0, 24, 2177.93, 1564, 20622756
1603091959, 43, 78, 847, 11, 0, 2.39%, 4, 0, 24, 2205.56, 1564, 20633971
1603091964, 43, 214, 847, 11, 0, 2.39%, 4, 0, 24, 2209.95, 1564, 20645141
1603091969, 43, 336, 848, 12, 0, 2.39%, 4, 0, 24, 2218.08, 1564, 20656482
1603091974, 43, 487, 848, 12, 0, 2.39%, 4, 0, 24, 2218.42, 1564, 20667785
1603091979, 43, 656, 848, 12, 0, 2.39%, 4, 0, 24, 2194.88, 1564, 20678801
1603091985, 43, 819, 848, 12, 0, 2.39%, 4, 0, 24, 2068.39, 1564, 20689721
1603092020, 43, 819, 849, 13, 0, 2.39%, 4, 0, 24, 1934.11, 1564, 20756942
1603092026, 43, 847, 849, 12, 0, 2.39%, 4, 0, 24, 1551.05, 1564, 20764738
1603092386, 43, 847, 850, 13, 0, 2.39%, 4, 0, 24, 1391.27, 1564, 21402688
1603092391, 43, 849, 850, 12, 0, 2.39%, 4, 0, 24, 1338.84, 1564, 21409915
1603092498, 43, 849, 851, 13, 0, 2.39%, 4, 0, 24, 1361.63, 1564, 21564360
1603092895, 43, 849, 853, 15, 0, 2.39%, 4, 0, 24, 1419.84, 1564, 22239962
1603092900, 43, 850, 853, 14, 0, 2.39%, 4, 0, 24, 1320.14, 1564, 22246663
1603093409, 43, 851, 853, 13, 0, 2.39%, 4, 0, 24, 1232.09, 1564, 23080508
1603093973, 43, 852, 853, 12, 0, 2.39%, 4, 0, 24, 1222.37, 1564, 23984198
1603094619, 44, 145, 853, 11, 0, 2.39%, 4, 0, 24, 1975.31, 1564, 24989310
1603094624, 44, 284, 853, 11, 0, 2.39%, 4, 0, 24, 2227.31, 1564, 25000909
1603094630, 44, 447, 854, 12, 0, 2.39%, 4, 0, 24, 2271.24, 1564, 25012603
1603094635, 44, 647, 854, 12, 0, 2.39%, 4, 0, 24, 2266.97, 1564, 25024125
1603094640, 44, 723, 854, 12, 0, 2.39%, 4, 0, 24, 2250.42, 1564, 25035696
1603094645, 44, 831, 854, 12, 0, 2.39%, 4, 0, 24, 2158.02, 1564, 25046654
1603094914, 44, 835, 854, 11, 0, 2.39%, 4, 0, 24, 2030.73, 1564, 25569871
1603094930, 44, 843, 855, 11, 0, 2.39%, 4, 0, 24, 2109.51, 1564, 25602624
1603094945, 44, 843, 856, 12, 0, 2.39%, 4, 0, 25, 2079.75, 1564, 25634754
1603094950, 44, 848, 856, 11, 0, 2.39%, 4, 0, 25, 1889.15, 1564, 25643974
1603094986, 44, 855, 856, 10, 0, 2.39%, 4, 0, 25, 2076.71, 1564, 25714167
1603095006, 44, 855, 858, 12, 0, 2.39%, 4, 0, 26, 2107.21, 1564, 25757325
1603095011, 44, 857, 858, 11, 0, 2.39%, 4, 0, 26, 2052.19, 1564, 25767833
1603095042, 44, 859, 860, 12, 0, 2.39%, 4, 0, 27, 2065.16, 1564, 25831125
1603095108, 45, 36, 860, 11, 0, 2.39%, 4, 0, 27, 2027.13, 1564, 25962968
1603095113, 45, 188, 860, 11, 0, 2.39%, 4, 0, 27, 2244.24, 1564, 25974651
1603095118, 45, 318, 860, 11, 0, 2.39%, 4, 0, 27, 2267.05, 1564, 25986242
1603095124, 45, 475, 860, 11, 0, 2.39%, 4, 0, 27, 2239.66, 1564, 25997793
1603095129, 45, 743, 860, 11, 0, 2.39%, 4, 0, 27, 2249.60, 1564, 26009329
1603095134, 45, 816, 861, 12, 0, 2.39%, 4, 0, 27, 2123.39, 1564, 26019885
1603095144, 45, 834, 862, 12, 0, 2.39%, 4, 0, 27, 2161.79, 1564, 26041494
1603095154, 45, 841, 862, 11, 0, 2.39%, 4, 0, 27, 2205.35, 1564, 26063813
1603095159, 45, 856, 862, 9, 0, 2.39%, 4, 0, 27, 2139.37, 1564, 26074751
1603095195, 45, 858, 862, 8, 0, 2.39%, 4, 0, 27, 2030.04, 1564, 26149842
1603095231, 46, 66, 862, 7, 0, 2.39%, 4, 0, 27, 2140.84, 1564, 26223843
1603095236, 46, 214, 863, 8, 0, 2.39%, 5, 0, 27, 2260.98, 1564, 26235474
1603095241, 46, 333, 863, 8, 0, 2.39%, 5, 0, 27, 2276.01, 1564, 26247025
1603095246, 46, 499, 863, 8, 0, 2.39%, 5, 0, 27, 2247.17, 1564, 26258540
1603095251, 46, 697, 863, 8, 0, 2.39%, 5, 0, 27, 2259.05, 1564, 26270243
1603095256, 46, 832, 864, 9, 0, 2.39%, 5, 0, 27, 2218.72, 1564, 26281689
1603095262, 46, 840, 864, 8, 0, 2.39%, 5, 0, 27, 2175.03, 1564, 26292964
1603095272, 46, 863, 867, 9, 0, 2.39%, 5, 0, 27, 2199.89, 1564, 26314675
1603095277, 46, 864, 867, 8, 0, 2.39%, 5, 0, 27, 2219.32, 1564, 26325867
1603095282, 47, 159, 867, 7, 0, 2.39%, 5, 0, 27, 2285.86, 1564, 26337510
1603095287, 47, 299, 867, 7, 0, 2.39%, 5, 0, 27, 2270.52, 1564, 26349031
1603095292, 47, 472, 867, 7, 0, 2.39%, 5, 0, 27, 2274.33, 1564, 26360673
1603095297, 47, 709, 867, 7, 0, 2.39%, 5, 0, 27, 2262.88, 1564, 26372181
1603095302, 47, 844, 867, 7, 0, 2.39%, 5, 0, 27, 2202.99, 1564, 26383644
1603095328, 48, 113, 867, 6, 0, 2.39%, 5, 0, 27, 2213.82, 1564, 26436563
1603095333, 48, 242, 867, 6, 0, 2.39%, 5, 0, 27, 2264.70, 1564, 26448192
1603095338, 48, 356, 868, 7, 0, 2.39%, 5, 0, 27, 2296.73, 1564, 26459847
1603095343, 48, 530, 868, 7, 0, 2.39%, 5, 0, 27, 2266.00, 1564, 26471374
1603095348, 48, 752, 868, 7, 0, 2.39%, 5, 0, 27, 2254.59, 1564, 26482969
1603095353, 48, 854, 868, 7, 0, 2.39%, 5, 0, 27, 2163.04, 1564, 26494189
1603095379, 48, 860, 870, 8, 0, 2.39%, 5, 0, 27, 2135.47, 1564, 26547893
1603095394, 48, 861, 870, 7, 0, 2.39%, 5, 0, 27, 1702.88, 1564, 26577672
1603095480, 48, 861, 871, 8, 0, 2.39%, 5, 0, 27, 1522.54, 1564, 26701161
1603095485, 48, 866, 873, 9, 0, 2.39%, 5, 0, 27, 2044.54, 1564, 26712071
1603095490, 48, 869, 874, 9, 0, 2.39%, 5, 0, 27, 1973.72, 1564, 26722120
1603095536, 48, 869, 876, 11, 0, 2.39%, 5, 0, 27, 1955.93, 1564, 26815086
1603095541, 48, 875, 876, 10, 0, 2.39%, 5, 0, 27, 1827.61, 1564, 26824285
1603095623, 48, 875, 877, 11, 0, 2.39%, 5, 0, 27, 1842.61, 1564, 26985204
1603095628, 49, 139, 878, 11, 0, 2.39%, 5, 0, 27, 2135.21, 1564, 26996436
1603095633, 49, 266, 878, 11, 0, 2.39%, 5, 0, 27, 2182.07, 1564, 27007542
1603095638, 49, 405, 878, 11, 0, 2.39%, 5, 0, 27, 2242.65, 1564, 27018948
1603095643, 49, 594, 878, 11, 0, 2.39%, 5, 0, 27, 2276.30, 1564, 27030623
1603095648, 49, 845, 878, 11, 0, 2.39%, 5, 0, 27, 2199.61, 1564, 27041932
1603095669, 49, 868, 878, 10, 0, 2.39%, 5, 0, 27, 2013.20, 1564, 27083910
1603095709, 49, 871, 880, 11, 0, 2.39%, 5, 0, 27, 2134.92, 1564, 27168276
1603095714, 49, 878, 882, 12, 2, 2.39%, 5, 0, 27, 2180.47, 1564, 27179457
1603095719, 50, 17, 883, 11, 0, 2.39%, 5, 0, 27, 2213.83, 1564, 27190507
1603095724, 50, 187, 883, 11, 0, 2.39%, 5, 0, 27, 2269.24, 1564, 27202097
1603095730, 50, 331, 883, 11, 0, 2.39%, 5, 0, 27, 2289.29, 1564, 27213662
1603095735, 50, 488, 883, 11, 0, 2.39%, 5, 0, 27, 2258.28, 1564, 27225176
1603095740, 50, 731, 883, 11, 0, 2.39%, 5, 0, 27, 2249.09, 1564, 27236702
1603095745, 50, 865, 883, 11, 0, 2.39%, 5, 0, 27, 2195.06, 1564, 27247989
1603095750, 50, 865, 884, 12, 0, 2.39%, 5, 0, 27, 2181.62, 1564, 27258987
1603095755, 50, 872, 885, 12, 0, 2.39%, 5, 0, 27, 2186.23, 1564, 27270077
1603095760, 50, 877, 887, 13, 0, 2.39%, 5, 0, 27, 1863.18, 1564, 27279457
1603095877, 50, 877, 888, 14, 0, 2.39%, 5, 0, 27, 1785.85, 1564, 27501455
1603095883, 50, 883, 888, 13, 0, 2.39%, 5, 0, 27, 2108.15, 1564, 27512822
1603095888, 50, 887, 888, 12, 0, 2.39%, 5, 0, 27, 1743.72, 1564, 27521648
1603096072, 50, 887, 890, 14, 0, 2.39%, 5, 0, 27, 1597.68, 1564, 27851937
1603096077, 51, 172, 890, 13, 0, 2.39%, 5, 0, 27, 2132.60, 1564, 27863453
1603096082, 51, 313, 890, 13, 0, 2.39%, 5, 0, 27, 2248.63, 1564, 27875091
1603096087, 51, 477, 890, 13, 0, 2.39%, 5, 0, 27, 2282.29, 1564, 27886719
1603096092, 51, 780, 890, 13, 0, 2.39%, 5, 0, 27, 2263.31, 1564, 27898228
1603096098, 51, 884, 891, 14, 0, 2.39%, 5, 0, 27, 2205.69, 1564, 27909695
1603096103, 51, 886, 892, 14, 0, 2.39%, 5, 0, 27, 2209.94, 1564, 27920798
1603096108, 51, 891, 892, 13, 0, 2.39%, 5, 0, 27, 2179.17, 1564, 27932008
1603096113, 52, 40, 892, 12, 0, 2.39%, 5, 0, 27, 2217.80, 1564, 27943176
1603096118, 52, 187, 892, 12, 0, 2.39%, 5, 0, 27, 2279.10, 1564, 27954791
1603096123, 52, 325, 892, 12, 0, 2.39%, 5, 0, 27, 2257.85, 1564, 27966283
1603096128, 52, 483, 892, 12, 0, 2.39%, 5, 0, 27, 2276.86, 1564, 27978009
1603096133, 52, 689, 892, 12, 0, 2.39%, 5, 0, 27, 2267.19, 1564, 27989565
1603096138, 52, 870, 892, 12, 0, 2.39%, 5, 0, 27, 1928.70, 1564, 27999559
1603096337, 52, 874, 894, 13, 0, 2.39%, 5, 0, 27, 1145.23, 1564, 28220952
1603096434, 52, 893, 894, 12, 0, 2.39%, 5, 0, 27, 1607.18, 1564, 28407097
1603096985, 53, 113, 895, 12, 0, 2.39%, 5, 0, 27, 1585.92, 1564, 28835680
1603096990, 53, 260, 895, 12, 0, 2.39%, 5, 0, 27, 2147.56, 1564, 28847336
1603096995, 53, 408, 895, 12, 0, 2.39%, 5, 0, 27, 2263.45, 1564, 28858873
1603097000, 53, 652, 895, 12, 0, 2.39%, 5, 0, 27, 2243.42, 1564, 28870339
1603097005, 53, 824, 895, 12, 0, 2.39%, 5, 0, 27, 2208.66, 1564, 28881435
1603097010, 53, 892, 895, 12, 0, 2.39%, 5, 0, 27, 1356.72, 1564, 28888225
1603097520, 53, 894, 895, 11, 0, 2.39%, 5, 0, 27, 468.25, 1564, 29291258
1603098642, 53, 895, 896, 11, 0, 2.39%, 5, 0, 27, 574.56, 1564, 29927667
1603098744, 53, 895, 897, 12, 0, 2.39%, 5, 0, 27, 624.54, 1564, 29971747
1603100300, 54, 40, 897, 11, 0, 2.39%, 5, 0, 27, 2179.64, 1564, 30728975
1603100305, 54, 185, 897, 11, 0, 2.39%, 5, 0, 27, 2227.83, 1564, 30740329
1603100310, 54, 324, 897, 11, 0, 2.39%, 5, 0, 27, 2242.59, 1564, 30751700
1603100315, 54, 488, 897, 11, 0, 2.39%, 5, 0, 27, 2212.31, 1564, 30762977
1603100320, 54, 809, 897, 11, 0, 2.39%, 5, 0, 27, 2198.57, 1564, 30774271
1603100325, 54, 880, 897, 11, 0, 2.39%, 5, 0, 27, 2160.66, 1564, 30785047
1603100330, 54, 881, 897, 10, 0, 2.39%, 5, 0, 27, 2131.85, 1564, 30796054
1603100336, 54, 896, 897, 10, 0, 2.39%, 5, 0, 27, 462.30, 1564, 30798940
1603101988, 55, 143, 897, 9, 0, 2.39%, 5, 0, 27, 2145.26, 1564, 31603752
1603101993, 55, 250, 898, 10, 0, 2.39%, 5, 0, 27, 2193.16, 1564, 31614911
1603101998, 55, 405, 898, 10, 0, 2.39%, 5, 0, 27, 2190.29, 1564, 31626061
1603102003, 55, 604, 898, 10, 0, 2.39%, 5, 0, 27, 2179.26, 1564, 31637223
1603102008, 55, 815, 898, 10, 0, 2.39%, 5, 0, 27, 2143.77, 1564, 31647937
1603102014, 55, 873, 898, 10, 0, 2.39%, 5, 0, 27, 2083.43, 1564, 31658687
1603102019, 55, 889, 898, 9, 0, 2.39%, 5, 0, 27, 1909.68, 1564, 31668815
1603102330, 55, 889, 899, 10, 0, 2.39%, 5, 0, 28, 1072.07, 1564, 32168223
1603102336, 55, 890, 901, 11, 0, 2.39%, 5, 0, 28, 1886.21, 1564, 32178995
1603102341, 55, 897, 901, 10, 0, 2.39%, 5, 0, 28, 1240.73, 1564, 32185355
1603103600, 55, 898, 901, 9, 0, 2.39%, 5, 0, 28, 863.86, 1564, 33788071
1603103911, 55, 899, 901, 8, 0, 2.39%, 5, 0, 28, 1067.91, 1564, 34285756
1603104477, 55, 900, 901, 7, 0, 2.39%, 5, 0, 28, 1838.74, 1564, 35083470
1603104482, 56, 145, 901, 6, 0, 2.39%, 5, 0, 28, 2174.07, 1564, 35094913
1603104487, 56, 273, 901, 6, 0, 2.39%, 5, 0, 28, 2235.85, 1564, 35106346
1603104492, 56, 432, 901, 6, 0, 2.39%, 5, 0, 28, 2271.96, 1564, 35117952
1603104497, 56, 663, 901, 6, 0, 2.39%, 5, 0, 28, 2242.92, 1564, 35129252
1603104502, 56, 870, 901, 6, 0, 2.39%, 5, 0, 28, 2209.92, 1564, 35140783
1603104507, 56, 885, 901, 5, 0, 2.39%, 5, 0, 28, 2207.01, 1564, 35152228
1603104518, 57, 149, 901, 4, 0, 2.39%, 5, 0, 28, 2235.22, 1564, 35174711
1603104523, 57, 272, 901, 4, 0, 2.39%, 5, 0, 28, 2258.76, 1564, 35186151
1603104528, 57, 444, 902, 5, 0, 2.39%, 5, 0, 28, 2257.20, 1564, 35197666
1603104533, 57, 693, 902, 5, 0, 2.39%, 5, 0, 28, 2234.91, 1564, 35209116
1603104538, 57, 888, 902, 5, 0, 2.39%, 5, 0, 28, 2141.94, 1564, 35219894
1603104752, 58, 106, 902, 4, 0, 2.39%, 5, 0, 28, 1850.25, 1564, 35592905
1603104757, 58, 238, 902, 4, 0, 2.39%, 5, 0, 28, 2195.41, 1564, 35604456
1603104762, 58, 344, 902, 4, 0, 2.39%, 5, 0, 28, 2248.91, 1564, 35615930
1603104767, 58, 902, 903, 5, 1, 2.39%, 5, 0, 28, 2262.83, 1566, 35627581
1603104772, 59, 163, 903, 4, 0, 2.39%, 5, 0, 28, 2269.21, 1566, 35639096
1603104777, 59, 309, 903, 4, 0, 2.39%, 5, 0, 28, 2224.09, 1566, 35650434
1603104782, 59, 477, 903, 4, 0, 2.39%, 5, 0, 28, 2171.75, 1566, 35661357
1603104787, 59, 779, 903, 4, 0, 2.39%, 5, 0, 28, 2189.65, 1566, 35672642
1603104793, 59, 876, 903, 4, 0, 2.39%, 5, 0, 28, 2026.19, 1566, 35683291
1603104895, 60, 33, 903, 3, 0, 2.39%, 5, 0, 28, 2008.98, 1566, 35878339
1603104900, 60, 170, 903, 3, 0, 2.39%, 5, 0, 28, 2199.75, 1566, 35889775
1603104905, 60, 309, 903, 3, 0, 2.39%, 5, 0, 28, 2258.02, 1566, 35901287
1603104910, 60, 461, 903, 3, 0, 2.39%, 5, 0, 28, 2256.47, 1566, 35912775
1603104915, 60, 652, 903, 3, 0, 2.39%, 5, 0, 28, 2227.71, 1566, 35924188
1603104920, 60, 832, 904, 4, 0, 2.39%, 5, 0, 28, 2231.86, 1566, 35935630
1603104925, 61, 78, 904, 4, 0, 2.39%, 5, 0, 28, 2223.50, 1566, 35947090
1603104930, 61, 225, 904, 4, 0, 2.39%, 5, 0, 28, 2254.31, 1566, 35958567
1603104935, 61, 356, 904, 4, 0, 2.39%, 5, 0, 28, 2265.83, 1566, 35970131
1603104941, 61, 618, 904, 4, 0, 2.39%, 5, 0, 28, 2235.72, 1566, 35981581
1603104946, 61, 830, 904, 4, 0, 2.39%, 5, 0, 28, 2216.34, 1566, 35993069
1603104951, 62, 113, 904, 4, 0, 2.39%, 5, 0, 28, 2230.88, 1566, 36004390
1603104956, 62, 251, 904, 4, 0, 2.39%, 5, 0, 28, 2241.08, 1566, 36015797
1603104961, 62, 387, 905, 5, 0, 2.39%, 5, 0, 28, 2256.00, 1566, 36027274
1603104966, 62, 619, 905, 5, 0, 2.39%, 5, 0, 28, 2240.89, 1566, 36038708
1603104971, 62, 875, 905, 5, 0, 2.39%, 5, 0, 28, 2182.20, 1566, 36050035
1603104976, 63, 144, 905, 5, 0, 2.39%, 5, 0, 28, 2256.90, 1566, 36061545
1603104982, 63, 279, 905, 5, 0, 2.39%, 5, 0, 28, 2245.53, 1566, 36072961
1603104987, 63, 446, 905, 5, 0, 2.39%, 5, 0, 28, 2301.02, 1566, 36084647
1603104992, 63, 687, 905, 5, 0, 2.39%, 5, 0, 28, 2265.79, 1566, 36096232
1603104997, 63, 878, 905, 5, 0, 2.39%, 5, 0, 28, 2186.45, 1566, 36107584
1603105002, 63, 901, 905, 5, 0, 2.39%, 5, 0, 28, 2277.13, 1566, 36119069
1603105007, 63, 904, 907, 6, 0, 2.39%, 5, 0, 28, 2311.85, 1566, 36130736
1603105012, 63, 906, 907, 5, 0, 2.39%, 5, 0, 28, 2312.82, 1566, 36142498
1603105017, 64, 38, 907, 4, 0, 2.39%, 5, 0, 28, 2284.15, 1566, 36153957
1603105022, 64, 200, 907, 4, 0, 2.39%, 5, 0, 28, 2264.84, 1566, 36165431
1603105027, 64, 337, 907, 4, 0, 2.39%, 5, 0, 28, 2266.83, 1566, 36176974
1603105032, 64, 582, 907, 4, 0, 2.39%, 5, 0, 28, 2207.87, 1566, 36188348
1603105038, 64, 830, 907, 4, 0, 2.39%, 5, 0, 28, 2229.40, 1566, 36199918
1603105043, 64, 905, 907, 4, 0, 2.39%, 5, 0, 28, 2281.14, 1566, 36211775
1603105048, 65, 78, 907, 3, 0, 2.39%, 5, 0, 28, 2272.67, 1566, 36223663
1603105053, 65, 225, 907, 3, 0, 2.39%, 5, 0, 28, 2275.13, 1566, 36235215
1603105058, 65, 339, 907, 3, 0, 2.39%, 5, 0, 28, 2265.65, 1566, 36246674
1603105063, 65, 508, 907, 3, 0, 2.39%, 5, 0, 28, 2238.04, 1566, 36258149
1603105068, 65, 743, 907, 3, 0, 2.39%, 5, 0, 28, 2238.24, 1566, 36269662
1603105074, 65, 867, 907, 3, 0, 2.39%, 5, 0, 28, 2271.33, 1566, 36281327
1603105079, 65, 903, 908, 3, 0, 2.39%, 5, 0, 28, 2172.11, 1566, 36292234
1603105089, 66, 124, 908, 2, 0, 2.39%, 5, 0, 28, 2194.93, 1566, 36314196
1603105094, 66, 260, 908, 2, 0, 2.39%, 5, 0, 28, 2258.47, 1566, 36325727
1603105099, 66, 376, 908, 2, 0, 2.39%, 5, 0, 28, 2269.77, 1566, 36337196
1603105104, 66, 604, 908, 2, 0, 2.39%, 5, 0, 28, 2243.28, 1566, 36348628
1603105109, 66, 857, 909, 3, 0, 2.39%, 5, 0, 28, 2222.91, 1566, 36360104
1603105114, 67, 113, 909, 3, 0, 2.39%, 5, 0, 28, 2249.32, 1566, 36371661
1603105119, 67, 260, 909, 3, 0, 2.39%, 5, 0, 28, 2253.41, 1566, 36383157
1603105125, 67, 394, 909, 3, 0, 2.39%, 5, 0, 28, 2273.59, 1566, 36394722
1603105130, 67, 663, 909, 3, 0, 2.39%, 5, 0, 28, 2225.22, 1566, 36405979
1603105135, 67, 868, 909, 3, 0, 2.39%, 5, 0, 28, 2205.43, 1566, 36417488
1603105140, 67, 907, 909, 3, 0, 2.39%, 5, 0, 28, 2126.07, 1566, 36428505
1603105150, 67, 909, 910, 2, 0, 2.39%, 5, 0, 28, 2159.10, 1566, 36450393
1603105155, 68, 38, 910, 1, 0, 2.39%, 5, 0, 28, 2181.36, 1566, 36461550
1603105161, 68, 173, 910, 1, 0, 2.39%, 5, 0, 28, 2235.92, 1566, 36473035
1603105166, 68, 310, 910, 1, 0, 2.39%, 5, 0, 28, 2279.58, 1566, 36484608
1603105171, 68, 472, 910, 1, 0, 2.39%, 5, 0, 28, 2295.70, 1566, 36496398
1603105176, 68, 710, 910, 1, 0, 2.39%, 5, 0, 28, 2212.72, 1566, 36507777
1603105181, 68, 891, 910, 1, 0, 2.39%, 5, 0, 28, 2185.74, 1566, 36519070
1603105186, 69, 161, 910, 1, 0, 2.39%, 5, 0, 28, 2241.85, 1566, 36530668
1603105191, 69, 307, 910, 1, 0, 2.39%, 5, 0, 28, 2260.94, 1566, 36542172
1603105196, 69, 471, 910, 1, 0, 2.39%, 5, 0, 28, 2246.56, 1566, 36553619
1603105201, 69, 728, 910, 1, 0, 2.39%, 5, 0, 28, 2241.35, 1566, 36565038
1603105207, 69, 879, 910, 1, 0, 2.39%, 5, 0, 28, 2199.73, 1566, 36576238
1603105217, 70, 131, 910, 0, 0, 2.39%, 5, 0, 28, 2246.09, 1566, 36598611
1603105222, 70, 272, 910, 0, 0, 2.39%, 5, 0, 28, 2246.99, 1566, 36610020
1603105227, 70, 399, 910, 0, 0, 2.39%, 5, 0, 28, 2267.29, 1566, 36621677
1603105232, 70, 911, 912, 1, 1, 2.41%, 5, 0, 28, 2233.50, 1580, 36632762
1603105237, 71, 116, 912, 0, 0, 2.41%, 5, 0, 28, 2255.37, 1580, 36644422
1603105242, 71, 253, 912, 0, 0, 2.41%, 5, 0, 28, 2258.07, 1580, 36655878
1603105247, 71, 376, 912, 0, 0, 2.41%, 5, 0, 28, 2273.33, 1580, 36667468
1603105252, 71, 600, 912, 0, 0, 2.41%, 5, 0, 28, 2257.19, 1580, 36679060
1603105258, 71, 863, 914, 2, 0, 2.41%, 5, 0, 28, 2231.93, 1580, 36690510
1603105263, 71, 912, 914, 2, 0, 2.41%, 5, 0, 28, 2262.88, 1580, 36701893
1603105303, 72, 146, 915, 2, 0, 2.41%, 5, 0, 28, 2258.15, 1580, 36794675
1603105309, 72, 294, 915, 2, 0, 2.41%, 5, 0, 28, 2268.67, 1580, 36806181
1603105314, 72, 461, 915, 2, 0, 2.41%, 5, 0, 28, 2243.29, 1580, 36817592
1603105319, 72, 717, 915, 2, 0, 2.41%, 5, 0, 28, 2228.02, 1580, 36829000
1603105324, 72, 860, 916, 3, 0, 2.41%, 5, 0, 28, 2222.54, 1580, 36840464
1603105329, 72, 914, 916, 3, 0, 2.41%, 5, 0, 28, 2221.56, 1580, 36851942
1603105401, 73, 66, 918, 4, 0, 2.41%, 5, 0, 28, 2305.29, 1580, 37014731
1603105406, 73, 189, 918, 4, 0, 2.41%, 5, 0, 28, 2278.70, 1580, 37026319
1603105411, 73, 330, 918, 4, 0, 2.41%, 5, 0, 28, 2226.36, 1580, 37037436
1603105416, 73, 487, 918, 4, 0, 2.41%, 5, 0, 28, 2237.65, 1580, 37048818
1603105421, 73, 723, 918, 4, 0, 2.41%, 5, 0, 28, 2224.01, 1580, 37060284
1603105426, 73, 910, 918, 4, 0, 2.41%, 5, 0, 28, 2216.61, 1580, 37071801
1603105431, 74, 149, 918, 4, 0, 2.41%, 5, 0, 28, 2249.02, 1580, 37083256
1603105436, 74, 294, 918, 4, 0, 2.41%, 5, 0, 28, 2256.89, 1580, 37094749
1603105441, 74, 466, 918, 4, 0, 2.41%, 5, 0, 28, 2269.04, 1580, 37106276
1603105447, 74, 721, 918, 4, 0, 2.41%, 5, 0, 28, 2198.22, 1580, 37117523
1603105452, 74, 911, 918, 4, 0, 2.41%, 5, 0, 28, 2187.29, 1580, 37128936
1603105457, 74, 913, 919, 5, 0, 2.41%, 5, 0, 28, 1806.64, 1580, 37137732
1603105630, 74, 915, 920, 5, 0, 2.41%, 5, 0, 28, 1943.80, 1580, 37470312
1603105671, 74, 920, 921, 5, 0, 2.41%, 5, 0, 28, 2064.94, 1580, 37554124
1603105742, 74, 920, 923, 7, 0, 2.41%, 5, 0, 28, 1907.29, 1580, 37693668
1603105747, 75, 143, 924, 7, 0, 2.41%, 5, 0, 28, 2181.09, 1580, 37705175
1603105752, 75, 272, 924, 7, 0, 2.41%, 5, 0, 28, 2167.03, 1580, 37716265
1603105757, 75, 437, 924, 7, 0, 2.41%, 5, 0, 28, 2172.96, 1580, 37727367
1603105762, 75, 723, 924, 7, 0, 2.41%, 5, 0, 28, 2204.68, 1580, 37738643
1603105767, 75, 847, 924, 7, 0, 2.41%, 5, 0, 28, 2208.72, 1580, 37750058
1603105772, 75, 917, 925, 8, 0, 2.41%, 5, 0, 28, 2249.68, 1580, 37761285
1603105875, 75, 922, 925, 7, 0, 2.41%, 5, 0, 28, 1890.85, 1580, 37989413
1603105987, 76, 83, 925, 6, 0, 2.41%, 5, 0, 28, 2062.74, 1580, 38202146
1603105992, 76, 241, 925, 6, 0, 2.41%, 5, 0, 28, 2250.61, 1580, 38213844
1603105997, 76, 350, 925, 6, 0, 2.41%, 5, 0, 28, 2281.73, 1580, 38225481
1603106002, 76, 497, 925, 6, 0, 2.41%, 5, 0, 28, 2183.99, 1580, 38236494
1603106008, 76, 831, 925, 6, 0, 2.41%, 5, 0, 28, 2202.34, 1580, 38247922
1603106013, 76, 918, 925, 6, 0, 2.41%, 5, 0, 28, 2249.70, 1580, 38259580
1603106018, 76, 921, 925, 5, 0, 2.41%, 5, 0, 28, 2023.35, 1580, 38269879
1603106115, 77, 87, 925, 4, 0, 2.41%, 5, 0, 28, 2075.22, 1580, 38454709
1603106120, 77, 238, 925, 4, 0, 2.41%, 5, 0, 28, 2221.63, 1580, 38466060
1603106125, 77, 350, 925, 4, 0, 2.41%, 5, 0, 28, 2247.60, 1580, 38477591
1603106130, 77, 532, 925, 4, 0, 2.41%, 5, 0, 28, 2258.84, 1580, 38489173
1603106136, 77, 774, 925, 4, 0, 2.41%, 5, 0, 28, 2229.43, 1580, 38500562
1603106141, 78, 37, 927, 5, 0, 2.41%, 5, 0, 28, 2225.37, 1581, 38511680
1603106146, 78, 185, 927, 5, 0, 2.41%, 5, 0, 28, 2272.24, 1581, 38523239
1603106151, 78, 313, 927, 5, 0, 2.41%, 5, 0, 28, 2262.33, 1581, 38534775
1603106156, 78, 485, 927, 5, 0, 2.41%, 5, 0, 28, 2250.64, 1581, 38546260
1603106161, 78, 771, 927, 5, 0, 2.41%, 5, 0, 28, 2131.09, 1581, 38557355
1603106166, 78, 880, 927, 5, 0, 2.41%, 5, 0, 28, 2148.40, 1581, 38568112
1603106171, 78, 924, 927, 5, 0, 2.41%, 5, 0, 28, 2264.12, 1581, 38579511
1603106176, 79, 88, 930, 7, 0, 2.41%, 5, 0, 28, 2269.54, 1581, 38591394
1603106181, 79, 239, 930, 7, 0, 2.41%, 5, 0, 28, 2278.12, 1581, 38602956
1603106186, 79, 373, 930, 7, 0, 2.41%, 5, 0, 28, 2265.56, 1581, 38614467
1603106192, 79, 588, 930, 7, 0, 2.41%, 5, 0, 28, 2243.06, 1581, 38625934
1603106197, 79, 857, 931, 8, 0, 2.41%, 5, 0, 28, 2246.91, 1581, 38637467
1603106202, 79, 928, 931, 7, 0, 2.41%, 5, 0, 28, 2228.96, 1581, 38649018
1603106207, 79, 928, 932, 8, 0, 2.41%, 5, 0, 28, 2303.65, 1581, 38660831
1603106212, 79, 930, 933, 8, 0, 2.41%, 5, 0, 28, 2309.96, 1581, 38672593
1603106217, 80, 131, 934, 8, 0, 2.41%, 5, 0, 28, 2267.80, 1581, 38684352
1603106222, 80, 266, 935, 9, 0, 2.41%, 5, 0, 28, 2177.55, 1581, 38695322
1603106227, 80, 392, 935, 9, 0, 2.41%, 5, 0, 28, 2208.82, 1581, 38706580
1603106233, 80, 676, 935, 9, 0, 2.41%, 5, 0, 28, 2245.16, 1581, 38718030
1603106238, 80, 846, 935, 9, 0, 2.41%, 5, 0, 28, 2219.05, 1581, 38729569
1603106243, 80, 929, 936, 10, 0, 2.41%, 5, 0, 28, 2271.20, 1581, 38741071
1603106248, 80, 930, 936, 9, 0, 2.41%, 5, 0, 28, 2300.67, 1581, 38752671
1603106253, 80, 933, 937, 10, 0, 2.41%, 5, 0, 28, 2298.31, 1581, 38764390
1603106258, 81, 157, 937, 9, 0, 2.41%, 5, 0, 28, 2282.43, 1581, 38775985
1603106263, 81, 284, 937, 9, 0, 2.41%, 5, 0, 28, 2255.52, 1581, 38787377
1603106268, 81, 461, 937, 9, 0, 2.41%, 5, 0, 28, 2268.29, 1581, 38798955
1603106273, 81, 760, 937, 9, 0, 2.41%, 5, 0, 28, 2257.06, 1581, 38810533
1603106278, 81, 911, 937, 9, 0, 2.41%, 5, 0, 28, 2215.41, 1581, 38821831
1603106284, 82, 148, 937, 9, 0, 2.41%, 5, 0, 28, 2258.10, 1581, 38833404
1603106289, 82, 281, 937, 9, 0, 2.41%, 5, 0, 28, 2275.16, 1581, 38844904
1603106294, 82, 450, 938, 10, 0, 2.41%, 5, 0, 28, 2258.05, 1581, 38856425
1603106299, 82, 664, 939, 11, 0, 2.41%, 5, 0, 28, 2253.92, 1581, 38867863
1603106304, 82, 910, 940, 12, 0, 2.41%, 5, 0, 28, 2221.82, 1581, 38879267
1603106309, 82, 919, 940, 12, 0, 2.41%, 5, 0, 28, 1603.46, 1581, 38886897
1603106645, 82, 923, 940, 11, 0, 2.41%, 5, 0, 28, 1503.45, 1581, 39458372
1603106788, 82, 938, 940, 10, 0, 2.41%, 5, 0, 28, 1970.53, 1581, 39721282
1603106804, 83, 103, 940, 9, 0, 2.41%, 5, 0, 28, 2190.65, 1581, 39753828
1603106809, 83, 248, 940, 9, 0, 2.41%, 5, 0, 28, 2248.88, 1581, 39765350
1603106814, 83, 373, 940, 9, 0, 2.41%, 5, 0, 28, 2266.75, 1581, 39776883
1603106819, 83, 603, 940, 9, 0, 2.41%, 5, 0, 28, 2239.15, 1581, 39788292
1603106824, 83, 881, 940, 9, 0, 2.41%, 5, 0, 28, 2216.14, 1581, 39799608
1603106829, 83, 932, 940, 9, 0, 2.41%, 5, 0, 28, 2267.59, 1581, 39811026
1603106839, 83, 935, 941, 9, 0, 2.41%, 5, 0, 28, 2277.87, 1581, 39834321
1603106849, 83, 941, 942, 9, 0, 2.41%, 5, 0, 28, 2135.31, 1581, 39855861
1603106875, 84, 116, 943, 9, 0, 2.41%, 5, 0, 29, 2200.40, 1581, 39909663
1603106880, 84, 247, 943, 9, 0, 2.41%, 5, 0, 29, 2260.37, 1581, 39921243
1603106885, 84, 405, 943, 9, 0, 2.41%, 5, 0, 29, 2191.31, 1581, 39932431
1603106890, 84, 684, 943, 9, 0, 2.41%, 5, 0, 29, 2174.10, 1581, 39943506
1603106895, 84, 878, 943, 9, 0, 2.41%, 5, 0, 29, 2169.78, 1581, 39954782
1603106900, 85, 118, 943, 9, 0, 2.41%, 5, 0, 29, 2243.87, 1581, 39966391
1603106906, 85, 260, 943, 9, 0, 2.41%, 5, 0, 29, 2275.96, 1581, 39977911
1603106911, 85, 373, 943, 9, 0, 2.41%, 5, 0, 29, 2257.05, 1581, 39989423
1603106916, 85, 626, 943, 9, 0, 2.41%, 5, 0, 29, 2252.53, 1581, 40000880
1603106921, 85, 801, 943, 9, 0, 2.41%, 5, 0, 29, 2225.32, 1581, 40012374
1603106926, 85, 934, 943, 9, 0, 2.41%, 5, 0, 29, 2214.45, 1581, 40023789
1603107034, 86, 43, 943, 8, 0, 2.41%, 5, 0, 29, 2240.71, 1581, 40263980
1603107039, 86, 197, 943, 8, 0, 2.41%, 5, 0, 29, 2259.96, 1581, 40275463
1603107044, 86, 330, 943, 8, 0, 2.41%, 5, 0, 29, 2255.54, 1581, 40286952
1603107049, 86, 503, 943, 8, 0, 2.41%, 5, 0, 29, 2250.20, 1581, 40298481
1603107054, 86, 826, 943, 8, 0, 2.41%, 5, 0, 29, 2171.56, 1581, 40309729
1603107059, 86, 922, 943, 8, 0, 2.41%, 5, 0, 29, 2135.01, 1581, 40320692
1603107064, 86, 931, 943, 8, 0, 2.41%, 5, 0, 29, 2239.01, 1581, 40331970
1603107069, 87, 38, 943, 7, 0, 2.41%, 5, 0, 29, 2279.25, 1581, 40343548
1603107075, 87, 188, 943, 7, 0, 2.41%, 5, 0, 29, 2267.46, 1581, 40355013
1603107080, 87, 324, 943, 7, 0, 2.41%, 5, 0, 29, 2257.23, 1581, 40366473
1603107085, 87, 485, 943, 7, 0, 2.41%, 5, 0, 29, 2171.29, 1581, 40377539
1603107090, 87, 723, 943, 7, 0, 2.41%, 5, 0, 29, 2176.85, 1581, 40388741
1603107095, 87, 925, 943, 7, 0, 2.41%, 5, 0, 29, 2175.18, 1581, 40400041
1603107100, 87, 927, 943, 7, 0, 2.41%, 5, 0, 29, 2253.38, 1581, 40411422
1603107105, 88, 113, 943, 6, 0, 2.41%, 5, 0, 29, 2226.82, 1581, 40422845
1603107110, 88, 241, 943, 6, 0, 2.41%, 5, 0, 29, 2220.60, 1581, 40434163
1603107115, 88, 351, 943, 6, 0, 2.41%, 5, 0, 29, 2228.31, 1581, 40445429
1603107121, 88, 582, 943, 6, 0, 2.41%, 5, 0, 29, 2251.29, 1581, 40456965
1603107126, 88, 936, 943, 6, 0, 2.41%, 5, 0, 29, 2185.80, 1581, 40468320
1603107136, 89, 136, 943, 5, 0, 2.41%, 5, 0, 29, 2234.92, 1581, 40491192
1603107141, 89, 272, 943, 5, 0, 2.41%, 5, 0, 29, 2213.47, 1581, 40502410
1603107146, 89, 426, 944, 6, 0, 2.41%, 5, 0, 29, 2257.25, 1581, 40513865
1603107151, 89, 615, 944, 6, 0, 2.41%, 5, 0, 29, 2216.44, 1581, 40525258
1603107156, 89, 855, 944, 6, 0, 2.41%, 5, 0, 29, 2112.17, 1581, 40536184
1603107162, 90, 78, 946, 8, 0, 2.41%, 5, 0, 29, 2175.01, 1581, 40547403
1603107167, 90, 217, 946, 8, 0, 2.41%, 5, 0, 29, 2247.02, 1581, 40558828
1603107172, 90, 332, 946, 8, 0, 2.41%, 5, 0, 29, 2244.59, 1581, 40570269
1603107177, 90, 490, 946, 8, 0, 2.41%, 5, 0, 29, 2140.53, 1581, 40581187
1603107182, 90, 795, 946, 8, 0, 2.41%, 5, 0, 29, 2137.26, 1581, 40592189
1603107187, 90, 944, 946, 8, 0, 2.41%, 6, 0, 29, 2203.17, 1581, 40603572
1603107192, 90, 945, 946, 7, 0, 2.41%, 6, 0, 29, 2093.11, 1581, 40614082
1603107218, 91, 116, 946, 6, 0, 2.41%, 6, 0, 29, 2121.39, 1581, 40665764
1603107223, 91, 253, 946, 6, 0, 2.41%, 6, 0, 29, 2235.14, 1581, 40677268
1603107228, 91, 377, 946, 6, 0, 2.41%, 6, 0, 29, 2252.80, 1581, 40688772
1603107233, 91, 631, 946, 6, 0, 2.41%, 6, 0, 29, 2159.80, 1581, 40699673
1603107238, 91, 842, 946, 6, 0, 2.41%, 6, 0, 29, 2169.45, 1581, 40710863
1603107243, 91, 942, 946, 6, 0, 2.41%, 6, 0, 29, 2134.22, 1581, 40721580
1603107274, 91, 943, 947, 6, 0, 2.41%, 6, 0, 29, 1999.87, 1581, 40784034
1603107289, 92, 40, 949, 7, 0, 2.41%, 6, 0, 29, 2159.01, 1581, 40815507
1603107294, 92, 188, 949, 7, 0, 2.41%, 6, 0, 29, 2196.81, 1581, 40826763
1603107299, 92, 326, 949, 7, 0, 2.41%, 6, 0, 29, 2187.55, 1581, 40837762
1603107304, 92, 490, 949, 7, 0, 2.41%, 6, 0, 29, 2217.12, 1581, 40849171
1603107310, 92, 814, 949, 7, 0, 2.41%, 6, 0, 29, 2245.88, 1581, 40860906
1603107315, 92, 937, 949, 7, 0, 2.41%, 6, 0, 29, 2237.61, 1581, 40872339
1603107320, 92, 948, 950, 7, 0, 2.41%, 6, 0, 29, 2107.79, 1581, 40883229
1603107350, 92, 948, 952, 9, 0, 2.41%, 6, 0, 29, 1899.13, 1581, 40942422
1603107355, 92, 951, 952, 8, 0, 2.41%, 6, 0, 29, 1579.96, 1581, 40950324
1603107422, 92, 951, 953, 9, 0, 2.41%, 6, 0, 29, 1646.22, 1581, 41054623
1603107483, 93, 69, 953, 8, 0, 2.41%, 6, 0, 29, 1644.25, 1581, 41157685
1603107488, 93, 203, 954, 9, 0, 2.41%, 6, 0, 29, 2097.60, 1581, 41169012
1603107493, 93, 330, 954, 9, 0, 2.41%, 6, 0, 29, 2209.23, 1581, 41180309
1603107498, 93, 494, 954, 9, 0, 2.41%, 6, 0, 29, 2183.38, 1581, 41191474
1603107503, 93, 788, 954, 9, 0, 2.41%, 6, 0, 29, 2206.37, 1581, 41202894
1603107509, 93, 930, 954, 9, 0, 2.41%, 6, 0, 29, 2230.57, 1581, 41214438
1603107514, 93, 946, 954, 9, 0, 2.41%, 6, 0, 29, 2027.25, 1581, 41224486
1603107529, 93, 949, 954, 8, 0, 2.41%, 6, 0, 29, 1983.51, 1581, 41255061
1603107564, 94, 149, 954, 7, 0, 2.41%, 6, 0, 29, 2126.18, 1581, 41324856
1603107569, 94, 279, 954, 7, 0, 2.41%, 6, 0, 29, 2250.00, 1581, 41336408
1603107574, 94, 444, 954, 7, 0, 2.41%, 6, 0, 29, 2245.97, 1581, 41347798
1603107580, 94, 722, 954, 7, 0, 2.41%, 6, 0, 29, 2170.05, 1581, 41358773
1603107585, 94, 901, 954, 7, 0, 2.41%, 6, 0, 29, 2102.53, 1581, 41369623
1603107590, 94, 947, 954, 7, 0, 2.41%, 6, 0, 29, 2077.90, 1581, 41380627
1603107615, 94, 950, 954, 6, 0, 2.41%, 6, 0, 29, 1905.55, 1581, 41431119
1603107661, 95, 113, 954, 5, 0, 2.41%, 6, 0, 29, 2072.30, 1581, 41517721
1603107666, 95, 244, 955, 6, 0, 2.41%, 6, 0, 29, 2219.99, 1581, 41529200
1603107671, 95, 377, 956, 7, 0, 2.41%, 6, 0, 29, 2192.17, 1581, 41540457
1603107676, 95, 663, 956, 7, 0, 2.41%, 6, 0, 29, 2168.76, 1581, 41551426
1603107682, 95, 884, 956, 7, 0, 2.41%, 6, 0, 29, 2175.59, 1581, 41562690
1603107687, 95, 916, 956, 7, 0, 2.41%, 6, 0, 29, 2266.41, 1581, 41574202
1603107738, 95, 939, 956, 6, 0, 2.41%, 6, 0, 29, 2167.83, 1581, 41689427
1603107743, 95, 939, 957, 7, 0, 2.41%, 6, 0, 29, 2141.47, 1581, 41700521
1603107748, 96, 150, 957, 6, 0, 2.41%, 6, 0, 29, 2237.44, 1581, 41711947
1603107753, 96, 296, 957, 6, 0, 2.41%, 6, 0, 29, 2245.55, 1581, 41723371
1603107758, 96, 464, 957, 6, 0, 2.41%, 6, 0, 29, 2267.03, 1581, 41734914
1603107763, 96, 958, 960, 8, 1, 2.46%, 6, 0, 29, 2199.16, 1612, 41746192
1603107768, 96, 960, 968, 15, 2, 2.51%, 6, 0, 29, 2184.17, 1644, 41757293
1603107773, 96, 966, 971, 16, 2, 2.51%, 6, 0, 29, 2194.20, 1644, 41768439
1603107778, 96, 969, 973, 17, 3, 2.51%, 6, 0, 29, 2225.54, 1646, 41779685
1603107784, 96, 970, 977, 20, 3, 2.51%, 6, 0, 29, 2164.13, 1648, 41790923
1603107789, 96, 974, 982, 23, 2, 2.52%, 6, 0, 29, 2155.15, 1649, 41801816
1603107794, 96, 977, 984, 24, 1, 2.52%, 6, 0, 29, 2166.81, 1649, 41812675
1603107799, 96, 978, 985, 24, 0, 2.52%, 6, 0, 29, 2154.25, 1649, 41823472
1603107804, 97, 149, 985, 23, 0, 2.52%, 6, 0, 29, 2224.93, 1649, 41834971
1603107809, 97, 294, 985, 23, 0, 2.52%, 6, 0, 29, 2264.75, 1649, 41846459
1603107814, 97, 475, 985, 23, 0, 2.52%, 6, 0, 29, 2243.03, 1649, 41857860
1603107819, 97, 821, 985, 23, 0, 2.52%, 6, 0, 29, 2213.38, 1649, 41869405
1603107824, 97, 954, 985, 23, 0, 2.52%, 6, 0, 29, 2137.39, 1649, 41880224
1603107875, 97, 956, 985, 22, 0, 2.52%, 6, 0, 29, 1746.10, 1649, 41966491
1603107885, 97, 961, 985, 21, 0, 2.52%, 6, 0, 29, 2146.80, 1649, 41988430
1603107890, 98, 352, 985, 19, 1, 2.52%, 6, 0, 29, 2204.34, 1649, 41999875
1603107895, 98, 962, 985, 18, 0, 2.52%, 6, 0, 29, 2194.68, 1649, 42010800
1603107900, 98, 965, 985, 17, 0, 2.52%, 6, 0, 29, 2177.28, 1649, 42022110
1603107905, 98, 969, 985, 15, 0, 2.52%, 6, 0, 29, 2180.97, 1649, 42033007
1603107910, 98, 976, 985, 15, 0, 2.52%, 6, 0, 29, 2119.97, 1649, 42043640
1603107915, 98, 982, 987, 16, 0, 2.52%, 6, 0, 29, 2160.50, 1649, 42054511
1603107920, 98, 983, 990, 18, 0, 2.52%, 6, 0, 29, 2178.93, 1649, 42065487
1603107925, 98, 985, 993, 20, 0, 2.52%, 6, 0, 29, 2118.54, 1649, 42076210
1603107930, 98, 985, 994, 21, 0, 2.52%, 6, 0, 29, 2042.45, 1649, 42086313
1603107935, 98, 986, 994, 20, 0, 2.52%, 6, 0, 29, 2010.87, 1649, 42096473
1603107941, 98, 989, 995, 20, 0, 2.52%, 6, 0, 29, 2081.76, 1649, 42106893
1603107946, 98, 992, 995, 19, 0, 2.52%, 6, 0, 29, 2148.31, 1649, 42117781
1603107956, 99, 89, 995, 18, 0, 2.52%, 6, 0, 29, 2161.00, 1649, 42139315
1603107961, 99, 234, 995, 18, 0, 2.52%, 6, 0, 29, 2231.36, 1649, 42150705
1603107966, 99, 350, 995, 18, 0, 2.52%, 6, 0, 29, 2236.29, 1649, 42162121
1603107971, 99, 530, 995, 18, 0, 2.52%, 6, 0, 29, 2129.00, 1649, 42172912
1603107976, 99, 756, 995, 18, 0, 2.52%, 6, 0, 29, 2183.20, 1649, 42184183
1603107981, 99, 898, 995, 18, 0, 2.52%, 6, 0, 29, 2183.00, 1649, 42195424
1603107987, 99, 967, 996, 19, 0, 2.52%, 6, 0, 29, 2178.49, 1649, 42206736
1603107992, 99, 972, 996, 18, 0, 2.52%, 6, 0, 29, 2174.60, 1649, 42217764
1603107997, 99, 981, 1001, 22, 0, 2.52%, 6, 0, 29, 2143.61, 1649, 42228523
1603108022, 99, 984, 1008, 28, 0, 2.52%, 6, 0, 29, 2136.67, 1649, 42282242
1603108027, 99, 993, 1008, 27, 0, 2.52%, 6, 0, 29, 2106.70, 1649, 42292812
1603108032, 99, 993, 1009, 28, 0, 2.52%, 6, 0, 29, 2041.61, 1654, 42302981
1603108037, 99, 1008, 1010, 28, 1, 2.52%, 6, 0, 29, 2043.15, 1654, 42313612
1603108043, 99, 1008, 1011, 29, 1, 2.52%, 6, 0, 29, 2039.78, 1654, 42324118
1603108048, 100, 171, 1013, 30, 0, 2.52%, 6, 0, 29, 2212.10, 1654, 42335565
1603108053, 100, 313, 1013, 30, 0, 2.52%, 6, 0, 29, 2252.27, 1654, 42347056
1603108058, 100, 487, 1013, 30, 0, 2.52%, 6, 0, 29, 2230.51, 1654, 42358518
1603108063, 100, 817, 1013, 30, 0, 2.52%, 6, 0, 29, 2218.26, 1654, 42369992
1603108068, 100, 959, 1013, 30, 0, 2.52%, 6, 0, 29, 2199.10, 1654, 42381249
1603108073, 100, 978, 1013, 30, 0, 2.52%, 6, 0, 29, 2196.93, 1654, 42392302
1603108078, 100, 996, 1014, 30, 0, 2.52%, 6, 0, 29, 2166.28, 1654, 42403207
1603108104, 100, 997, 1016, 31, 0, 2.52%, 6, 0, 29, 2115.90, 1654, 42457223
1603108135, 100, 1009, 1019, 33, 0, 2.52%, 6, 0, 29, 1944.33, 1654, 42520306
1603108165, 100, 1009, 1020, 34, 0, 2.52%, 6, 0, 29, 1859.81, 1654, 42576647
1603108170, 100, 1010, 1026, 39, 0, 2.52%, 6, 0, 29, 1918.91, 1654, 42586271
1603108180, 100, 1016, 1028, 40, 0, 2.52%, 6, 0, 29, 1996.72, 1654, 42606382
1603108195, 100, 1019, 1029, 40, 0, 2.52%, 6, 0, 29, 1897.99, 1654, 42635845
1603108231, 100, 1020, 1035, 45, 0, 2.52%, 6, 0, 29, 1795.89, 1654, 42701395
1603108292, 100, 1026, 1042, 51, 0, 2.52%, 6, 0, 29, 1899.92, 1654, 42807913
1603108302, 100, 1031, 1043, 51, 0, 2.52%, 6, 0, 29, 1916.03, 1654, 42828086
1603108369, 100, 1031, 1044, 52, 0, 2.52%, 6, 0, 29, 1780.72, 1654, 42942060
1603108374, 100, 1037, 1044, 51, 0, 2.52%, 6, 0, 29, 1600.87, 1654, 42949985
1603108445, 100, 1037, 1046, 53, 0, 2.52%, 6, 0, 29, 1674.75, 1654, 43066737
1603108450, 100, 1039, 1046, 52, 0, 2.52%, 6, 0, 29, 1565.92, 1654, 43074783
1603108531, 100, 1046, 1048, 53, 0, 2.52%, 6, 0, 29, 1694.55, 1654, 43203509
1603108536, 100, 1046, 1051, 56, 0, 2.52%, 6, 0, 29, 1405.16, 1654, 43210380
1603108541, 100, 1046, 1052, 57, 0, 2.52%, 6, 0, 29, 1379.79, 1654, 43217207
1603108694, 100, 1054, 1056, 60, 0, 2.52%, 6, 0, 29, 1450.84, 1654, 43430732
1603108847, 100, 1054, 1057, 61, 0, 2.52%, 6, 0, 29, 1042.50, 1654, 43602100
1603109010, 100, 1056, 1061, 64, 0, 2.52%, 6, 0, 29, 1378.66, 1654, 43801431
1603109289, 100, 1056, 1062, 65, 0, 2.52%, 6, 0, 29, 1186.11, 1654, 44132078
1603109320, 100, 1059, 1062, 64, 0, 2.52%, 6, 0, 29, 1098.02, 1654, 44164733
1603109784, 100, 1059, 1063, 65, 0, 2.52%, 6, 0, 29, 941.38, 1654, 44652408
1603109789, 100, 1059, 1064, 66, 0, 2.52%, 6, 0, 29, 939.36, 1654, 44657078
1603109820, 100, 1059, 1066, 68, 0, 2.52%, 6, 0, 29, 1033.79, 1654, 44683965
1603109825, 100, 1062, 1067, 68, 0, 2.52%, 6, 0, 29, 1175.88, 1654, 44690408
1603110313, 100, 1063, 1068, 68, 0, 2.52%, 6, 0, 29, 1225.52, 1654, 45211551
1603110811, 100, 1066, 1068, 67, 0, 2.52%, 6, 0, 29, 1069.89, 1654, 45738090
1603111305, 100, 1066, 1069, 68, 0, 2.52%, 6, 0, 29, 1091.23, 1654, 46255670
1603111310, 100, 1067, 1070, 68, 0, 2.52%, 6, 0, 29, 968.20, 1654, 46260788
1603111315, 100, 1067, 1071, 69, 0, 2.52%, 6, 0, 29, 803.59, 1654, 46264708
1603112481, 100, 1067, 1072, 70, 0, 2.52%, 6, 0, 29, 696.12, 1654, 47169933
1603112563, 101, 37, 1074, 71, 0, 2.52%, 6, 0, 29, 1221.97, 1654, 47221745
1603112568, 101, 185, 1074, 71, 0, 2.52%, 6, 0, 29, 1918.96, 1654, 47232408
1603112573, 101, 313, 1074, 71, 0, 2.52%, 6, 0, 29, 2054.67, 1654, 47243017
1603112578, 101, 477, 1074, 71, 0, 2.52%, 6, 0, 29, 2110.65, 1654, 47253969
1603112583, 101, 817, 1074, 71, 0, 2.52%, 6, 0, 29, 2132.43, 1654, 47264940
1603112588, 101, 925, 1074, 71, 0, 2.52%, 6, 0, 29, 2055.31, 1654, 47275547
1603112593, 101, 952, 1074, 71, 0, 2.52%, 6, 0, 29, 1715.45, 1654, 47283908
1603112726, 101, 953, 1074, 70, 0, 2.52%, 6, 0, 29, 1560.44, 1654, 47502974
1603112777, 101, 953, 1075, 71, 0, 2.52%, 6, 0, 29, 1556.14, 1654, 47574056
1603112823, 101, 957, 1075, 70, 0, 2.52%, 6, 0, 29, 1488.59, 1654, 47636975
1603112828, 101, 978, 1075, 70, 0, 2.52%, 6, 0, 29, 1988.48, 1654, 47647640
1603112833, 101, 998, 1075, 70, 0, 2.52%, 6, 0, 29, 2025.65, 1654, 47657871
1603112859, 101, 1005, 1075, 69, 0, 2.52%, 6, 0, 29, 1973.91, 1654, 47708777
1603112900, 101, 1008, 1075, 68, 0, 2.52%, 6, 0, 29, 1998.85, 1654, 47789691
1603112905, 101, 1014, 1075, 68, 0, 2.52%, 6, 0, 29, 2023.86, 1654, 47799925
1603112930, 101, 1015, 1076, 68, 0, 2.52%, 6, 0, 29, 1951.37, 1654, 47850650
1603113007, 101, 1017, 1076, 67, 0, 2.52%, 6, 0, 29, 1820.28, 1654, 47996368
1603113043, 101, 1017, 1077, 68, 0, 2.52%, 6, 0, 29, 1750.51, 1654, 48060664
1603113048, 101, 1030, 1077, 67, 0, 2.52%, 6, 0, 29, 1709.16, 1654, 48069334
1603113114, 101, 1032, 1077, 66, 0, 2.52%, 6, 0, 29, 1762.19, 1654, 48185475
1603113186, 101, 1035, 1077, 65, 0, 2.52%, 6, 0, 29, 1635.97, 1654, 48303127
1603113237, 101, 1038, 1077, 64, 0, 2.52%, 6, 0, 29, 1672.98, 1654, 48386244
1603113328, 101, 1040, 1077, 63, 0, 2.52%, 6, 0, 29, 1546.01, 1654, 48529653
1603113450, 101, 1047, 1077, 62, 0, 2.52%, 6, 0, 29, 1543.01, 1654, 48715707
1603113618, 101, 1048, 1077, 61, 0, 2.52%, 6, 0, 29, 1357.26, 1654, 48950287
1603113791, 101, 1052, 1077, 60, 0, 2.52%, 6, 0, 29, 1414.20, 1654, 49184704
1603113959, 101, 1053, 1077, 59, 0, 2.52%, 6, 0, 29, 1342.86, 1654, 49405698
1603114259, 101, 1055, 1077, 58, 0, 2.52%, 6, 0, 29, 1201.20, 1654, 49759454
1603114605, 101, 1057, 1077, 57, 0, 2.52%, 6, 0, 29, 1170.97, 1654, 50152613
1603115079, 101, 1068, 1077, 56, 0, 2.52%, 6, 0, 29, 1022.87, 1654, 50651191
1603116291, 101, 1069, 1077, 55, 0, 2.52%, 6, 0, 29, 823.31, 1654, 51606654
1603117627, 101, 1070, 1077, 54, 0, 2.52%, 6, 0, 29, 853.46, 1654, 52622874
1603118959, 101, 1072, 1077, 53, 0, 2.52%, 6, 0, 29, 790.32, 1654, 53637982
1603120534, 101, 1075, 1077, 52, 0, 2.52%, 6, 0, 29, 1663.79, 1654, 54771380
1603120580, 101, 1076, 1077, 51, 0, 2.52%, 6, 0, 29, 1928.87, 1654, 54864422
1603120616, 101, 1076, 1078, 52, 0, 2.52%, 6, 0, 29, 1808.82, 1654, 54930822
1603120621, 102, 159, 1078, 51, 0, 2.52%, 6, 0, 29, 2132.91, 1654, 54942010
1603120626, 102, 308, 1078, 51, 0, 2.52%, 6, 0, 29, 2208.89, 1654, 54953360
1603120631, 102, 474, 1078, 51, 0, 2.52%, 6, 0, 29, 2240.54, 1654, 54964821
1603120636, 102, 768, 1079, 52, 0, 2.52%, 6, 0, 29, 2178.95, 1654, 54975982
1603120641, 102, 959, 1079, 52, 0, 2.52%, 6, 0, 29, 2184.28, 1654, 54987311
1603120646, 102, 973, 1079, 52, 0, 2.52%, 6, 0, 29, 2179.90, 1654, 54998283
1603120652, 102, 1003, 1079, 51, 0, 2.52%, 6, 0, 29, 2133.35, 1654, 55009178
1603120698, 102, 1004, 1079, 50, 0, 2.52%, 6, 0, 29, 2029.15, 1654, 55104256
1603120733, 102, 1006, 1079, 49, 0, 2.52%, 6, 0, 29, 2031.05, 1654, 55176592
1603120774, 102, 1021, 1079, 48, 0, 2.52%, 6, 0, 29, 2044.08, 1654, 55259604
1603120820, 102, 1024, 1079, 47, 0, 2.52%, 6, 0, 29, 1840.82, 1654, 55343401
1603120871, 102, 1028, 1079, 46, 0, 2.52%, 6, 0, 29, 2795.93, 1654, 55454365
1603120876, 102, 1033, 1079, 45, 0, 2.52%, 6, 0, 29, 2611.25, 1654, 55467571
1603120922, 102, 1036, 1079, 44, 0, 2.52%, 6, 0, 29, 2472.98, 1654, 55581314
1603120983, 102, 1061, 1079, 43, 0, 2.52%, 6, 0, 29, 2132.96, 1654, 55725508
1603121227, 102, 1061, 1080, 44, 0, 2.52%, 6, 0, 29, 1342.22, 1654, 56048428
1603121283, 102, 1065, 1080, 43, 0, 2.52%, 6, 0, 29, 968.05, 1654, 56108198
1603122658, 102, 1065, 1081, 44, 0, 2.52%, 6, 0, 29, 829.12, 1654, 57128891
1603122663, 102, 1071, 1081, 43, 0, 2.52%, 6, 0, 29, 894.35, 1654, 57133619
1603124015, 102, 1073, 1081, 42, 0, 2.52%, 6, 0, 29, 721.20, 1654, 58158119
1603125792, 102, 1073, 1082, 43, 0, 2.52%, 6, 0, 29, 362.54, 1654, 58966535
1603127380, 102, 1073, 1083, 44, 0, 2.52%, 6, 0, 29, 454.70, 1654, 59877926
1603127947, 102, 1073, 1085, 46, 0, 2.52%, 6, 0, 29, 577.49, 1654, 60104065
1603127952, 102, 1078, 1085, 45, 0, 2.52%, 6, 0, 29, 1555.90, 1654, 60112794
1603128023, 102, 1079, 1086, 45, 0, 2.52%, 6, 0, 29, 1811.78, 1654, 60252911
1603128028, 102, 1079, 1087, 46, 0, 2.52%, 6, 0, 29, 1341.80, 1654, 60259159
1603128299, 102, 1079, 1088, 47, 0, 2.52%, 6, 0, 29, 1193.35, 1654, 60580335
1603128349, 102, 1085, 1088, 46, 0, 2.52%, 6, 0, 29, 1455.84, 1654, 60635427
1603128421, 102, 1086, 1088, 45, 0, 2.52%, 6, 0, 29, 1721.54, 1654, 60773184
1603128462, 103, 66, 1088, 44, 0, 2.52%, 6, 0, 29, 1896.66, 1654, 60842860
1603128467, 103, 188, 1088, 44, 0, 2.52%, 6, 0, 29, 2174.51, 1654, 60854260
1603128472, 103, 320, 1088, 44, 0, 2.52%, 6, 0, 29, 2164.31, 1654, 60865278
1603128477, 103, 490, 1088, 44, 0, 2.52%, 6, 0, 29, 2177.07, 1654, 60876423
1603128482, 103, 823, 1088, 44, 0, 2.52%, 6, 0, 29, 2215.36, 1654, 60887933
1603128487, 103, 940, 1089, 45, 0, 2.52%, 6, 0, 29, 2208.19, 1654, 60899316
1603128503, 103, 969, 1089, 44, 0, 2.52%, 6, 0, 29, 2188.99, 1654, 60933179
1603128508, 103, 988, 1089, 44, 0, 2.52%, 6, 0, 29, 2002.90, 1654, 60943380
1603128651, 103, 1001, 1089, 43, 0, 2.52%, 6, 0, 29, 1917.56, 1654, 61220702
1603128676, 103, 1002, 1089, 42, 0, 2.52%, 6, 0, 29, 2060.84, 1654, 61272785
1603128697, 103, 1023, 1089, 41, 0, 2.52%, 6, 0, 29, 1992.33, 1654, 61315081
1603128737, 103, 1034, 1089, 40, 0, 2.52%, 6, 0, 29, 1696.11, 1654, 61389264
1603128809, 103, 1058, 1089, 39, 0, 2.52%, 6, 0, 29, 1279.08, 1654, 61504318
1603129400, 103, 1064, 1089, 38, 0, 2.52%, 6, 0, 29, 1253.39, 1654, 62091589
1603129639, 103, 1077, 1089, 37, 0, 2.52%, 6, 0, 29, 1632.59, 1654, 62399328
1603129675, 103, 1077, 1090, 38, 0, 2.52%, 6, 0, 29, 1825.95, 1654, 62466121
1603129680, 103, 1081, 1090, 37, 0, 2.52%, 6, 0, 29, 1166.43, 1654, 62472063
1603133153, 103, 1083, 1090, 36, 0, 2.52%, 6, 0, 29, 585.52, 1654, 64305254
1603137702, 103, 1089, 1090, 35, 0, 2.52%, 6, 0, 29, 1376.79, 1654, 66430629
1603137743, 104, 83, 1090, 34, 0, 2.52%, 6, 0, 29, 1982.24, 1654, 66504449
1603137748, 104, 217, 1090, 34, 0, 2.52%, 6, 0, 29, 2145.28, 1654, 66515516
1603137753, 104, 339, 1090, 34, 0, 2.52%, 6, 0, 29, 2139.52, 1654, 66526420
1603137758, 104, 503, 1090, 34, 0, 2.52%, 6, 0, 29, 2074.13, 1654, 66536890
1603137763, 104, 829, 1090, 34, 0, 2.52%, 6, 0, 29, 2052.92, 1654, 66547517
1603137769, 104, 962, 1090, 34, 0, 2.52%, 6, 0, 29, 2062.26, 1654, 66558180
1603137774, 104, 975, 1090, 34, 0, 2.52%, 6, 0, 29, 2080.14, 1654, 66568692
1603137779, 104, 980, 1090, 33, 0, 2.52%, 6, 0, 29, 2040.09, 1654, 66579096
1603137784, 104, 991, 1090, 32, 0, 2.52%, 6, 0, 29, 1963.37, 1654, 66588937
1603137794, 104, 1007, 1090, 31, 0, 2.52%, 6, 0, 29, 1985.91, 1654, 66608739
1603137820, 104, 1022, 1090, 30, 0, 2.52%, 6, 0, 29, 1780.72, 1654, 66658695
1603137896, 104, 1041, 1090, 29, 0, 2.52%, 6, 0, 29, 1933.21, 1654, 66789677
1603137907, 104, 1044, 1090, 28, 0, 2.52%, 6, 0, 29, 1554.49, 1654, 66807448
1603138034, 104, 1045, 1090, 27, 0, 2.52%, 6, 0, 29, 1472.59, 1654, 66989933
1603138176, 104, 1051, 1090, 26, 0, 2.52%, 6, 0, 29, 1436.16, 1654, 67190417
1603138335, 105, 40, 1090, 25, 0, 2.52%, 6, 0, 29, 1763.14, 1654, 67408795
1603138340, 105, 197, 1090, 25, 0, 2.52%, 6, 0, 29, 2091.98, 1654, 67419827
1603138345, 105, 332, 1090, 25, 0, 2.52%, 6, 0, 29, 2144.20, 1654, 67430784
1603138350, 105, 503, 1090, 25, 0, 2.52%, 6, 0, 29, 2073.87, 1654, 67441253
1603138355, 105, 800, 1090, 25, 0, 2.52%, 6, 0, 29, 2084.76, 1654, 67451951
1603138360, 105, 906, 1090, 25, 0, 2.52%, 6, 0, 29, 2127.07, 1654, 67462728
1603138365, 105, 962, 1090, 25, 0, 2.52%, 6, 0, 29, 2134.01, 1654, 67473527
1603138370, 105, 1000, 1090, 25, 0, 2.52%, 6, 0, 29, 2021.96, 1654, 67483730
1603138385, 105, 1018, 1090, 24, 0, 2.52%, 6, 0, 29, 1883.54, 1654, 67513510
1603138427, 105, 1050, 1090, 23, 0, 2.52%, 6, 0, 29, 1750.50, 1654, 67587078
1603138610, 105, 1082, 1090, 22, 0, 2.52%, 6, 0, 29, 986.52, 1654, 67831642
1603142484, 105, 1082, 1092, 24, 0, 2.52%, 6, 0, 29, 608.45, 1654, 69784397
1603142489, 105, 1084, 1093, 24, 0, 2.52%, 6, 0, 29, 676.08, 1654, 69788213
1603145800, 105, 1091, 1093, 23, 0, 2.52%, 6, 0, 29, 466.38, 1654, 71570037
1603151956, 106, 40, 1093, 22, 0, 2.52%, 6, 0, 29, 816.68, 1654, 74083463
1603151961, 106, 188, 1093, 22, 0, 2.52%, 6, 0, 29, 1945.79, 1654, 74094671
1603151967, 106, 320, 1093, 22, 0, 2.52%, 6, 0, 29, 2133.62, 1654, 74105768
1603151972, 106, 487, 1093, 22, 0, 2.52%, 6, 0, 29, 2118.96, 1654, 74116484
1603151977, 106, 826, 1093, 22, 0, 2.52%, 6, 0, 29, 2133.91, 1654, 74127474
1603151982, 106, 966, 1093, 22, 0, 2.52%, 6, 0, 29, 2173.64, 1654, 74138730
1603151987, 106, 990, 1093, 22, 0, 2.52%, 6, 0, 29, 2131.79, 1654, 74149510
1603151997, 106, 1011, 1093, 21, 0, 2.52%, 6, 0, 29, 1968.80, 1654, 74170538
1603152043, 106, 1025, 1093, 20, 0, 2.52%, 6, 0, 29, 1757.85, 1654, 74254303
1603152115, 106, 1060, 1093, 19, 0, 2.52%, 6, 0, 29, 1362.83, 1654, 74374412
1603152822, 106, 1090, 1093, 18, 0, 2.52%, 6, 0, 29, 977.45, 1654, 75013469
1603157791, 107, 88, 1093, 17, 0, 2.52%, 6, 0, 29, 1540.78, 1654, 77270264
1603157797, 107, 236, 1093, 17, 0, 2.52%, 6, 0, 29, 2116.03, 1654, 77281723
1603157802, 107, 351, 1093, 17, 0, 2.52%, 6, 0, 29, 2208.99, 1654, 77293017
1603157807, 107, 617, 1093, 17, 0, 2.52%, 6, 0, 29, 2208.33, 1654, 77304272
1603157812, 107, 890, 1093, 17, 0, 2.52%, 6, 0, 29, 2191.49, 1654, 77315416
1603157817, 107, 971, 1093, 17, 0, 2.52%, 6, 0, 29, 2173.28, 1654, 77326346
1603157822, 107, 979, 1093, 17, 0, 2.52%, 6, 0, 29, 2142.37, 1654, 77337527
1603157827, 107, 987, 1093, 16, 0, 2.52%, 6, 0, 29, 2153.97, 1654, 77348724
1603157832, 107, 1042, 1093, 15, 0, 2.52%, 6, 0, 29, 2048.45, 1654, 77359206
1603157847, 107, 1042, 1094, 16, 0, 2.52%, 6, 0, 29, 1882.31, 1654, 77388059
1603157853, 107, 1074, 1094, 15, 0, 2.52%, 6, 0, 29, 1812.69, 1654, 77397773
1603157960, 107, 1088, 1094, 14, 0, 2.52%, 6, 0, 29, 1824.04, 1654, 77548398
1603157976, 107, 1092, 1095, 14, 0, 2.52%, 6, 0, 29, 269.02, 1654, 77579057
1603157981, 107, 1092, 1096, 15, 0, 2.52%, 6, 0, 29, 367.21, 1654, 77580927
