# unix_time, cycles_done, cur_path, paths_total, pending_total, pending_favs, map_size, unique_crashes, unique_hangs, max_depth, execs_per_sec, edge_coverage, total_execs
1606834362, 0, 0, 1, 1, 1, 2.33%, 0, 0, 1, 20.67, 1529, 8
1606834367, 0, 0, 12, 12, 1, 2.35%, 0, 0, 2, 24.29, 1539, 2194
1606834372, 0, 0, 17, 17, 1, 2.39%, 0, 0, 2, 29.41, 1568, 2416
1606834377, 0, 0, 28, 28, 1, 2.46%, 0, 0, 2, 32.52, 1615, 2586
1606834383, 0, 0, 38, 38, 1, 2.48%, 0, 0, 2, 31.81, 1627, 2741
1606834388, 0, 0, 44, 44, 1, 2.49%, 0, 0, 2, 33.55, 1630, 2929
1606834393, 0, 0, 59, 59, 1, 2.65%, 0, 0, 2, 41.39, 1739, 3167
1606834398, 0, 0, 153, 153, 1, 2.84%, 0, 0, 2, 523.50, 1862, 4392
1606834403, 0, 0, 229, 229, 1, 2.91%, 0, 0, 2, 440.21, 1910, 5542
1606834408, 0, 0, 264, 264, 1, 2.93%, 0, 0, 2, 297.11, 1917, 6890
1606834413, 0, 0, 277, 277, 1, 2.93%, 0, 0, 2, 197.24, 1918, 7801
1606834418, 0, 0, 292, 292, 1, 2.95%, 0, 0, 2, 137.03, 1935, 8463
1606834424, 0, 0, 307, 307, 1, 3.00%, 0, 0, 2, 74.96, 1965, 8724
1606834429, 0, 0, 315, 315, 1, 3.00%, 0, 0, 2, 93.45, 1966, 9135
1606834434, 0, 0, 342, 342, 1, 3.00%, 0, 0, 2, 292.18, 1967, 10741
1606834439, 0, 0, 366, 366, 1, 3.01%, 0, 0, 2, 47.08, 1974, 11847
1606834444, 0, 0, 384, 384, 1, 3.01%, 0, 0, 2, 207.85, 1974, 13002
1606834449, 0, 0, 393, 393, 1, 3.01%, 0, 0, 2, 157.95, 1974, 13708
1606834454, 0, 0, 402, 402, 1, 3.02%, 0, 0, 2, 23.10, 1982, 14365
1606834459, 0, 0, 416, 416, 1, 3.03%, 0, 0, 2, 283.27, 1985, 15168
1606834464, 0, 0, 420, 420, 1, 3.03%, 0, 0, 2, 34.18, 1985, 15812
1606834469, 0, 0, 431, 431, 1, 3.03%, 0, 0, 2, 60.24, 1986, 16175
1606834474, 0, 0, 435, 435, 1, 3.03%, 0, 0, 2, 108.07, 1986, 16842
1606834480, 0, 0, 450, 450, 1, 3.03%, 0, 0, 2, 207.75, 1987, 18066
1606834485, 0, 0, 461, 461, 1, 3.03%, 0, 0, 2, 211.60, 1987, 19182
1606834490, 0, 0, 468, 468, 1, 3.03%, 0, 0, 2, 170.35, 1988, 19970
1606834495, 0, 0, 473, 473, 1, 3.03%, 0, 0, 2, 158.97, 1988, 20790
1606834500, 0, 0, 479, 479, 1, 3.03%, 0, 0, 2, 152.08, 1989, 21608
1606834505, 0, 0, 484, 484, 1, 3.04%, 0, 0, 2, 136.68, 1992, 22310
1606834510, 0, 0, 489, 489, 1, 3.04%, 0, 0, 2, 191.01, 1992, 23399
1606834515, 0, 0, 493, 493, 1, 3.04%, 0, 0, 2, 182.27, 1993, 24349
1606834582, 0, 0, 494, 494, 1, 3.04%, 0, 0, 2, 42.68, 1993, 26951
1606834658, 0, 0, 495, 495, 1, 3.04%, 0, 0, 2, 51.55, 1993, 30942
1606834700, 0, 0, 496, 496, 1, 3.04%, 0, 0, 2, 46.48, 1993, 32762
1606834802, 0, 0, 498, 498, 1, 3.04%, 0, 0, 2, 42.71, 1993, 36977
1606834807, 0, 0, 499, 499, 1, 3.04%, 0, 0, 2, 46.90, 1993, 37225
1606834873, 0, 0, 500, 500, 1, 3.04%, 0, 0, 2, 36.78, 1993, 39929
1606834904, 0, 0, 501, 501, 1, 3.04%, 0, 0, 2, 45.83, 1993, 41241
1606834940, 0, 0, 502, 502, 1, 3.04%, 0, 0, 2, 42.92, 1993, 42820
1606834971, 0, 0, 503, 503, 1, 3.04%, 0, 0, 2, 49.20, 1993, 44181
1606835078, 0, 0, 504, 504, 1, 3.04%, 0, 0, 2, 39.95, 1993, 48308
1606835094, 0, 0, 505, 505, 1, 3.04%, 0, 0, 2, 43.99, 1993, 48882
1606835150, 0, 0, 506, 506, 1, 3.04%, 0, 0, 2, 47.75, 1993, 51559
1606835186, 0, 0, 507, 507, 1, 3.04%, 0, 0, 2, 42.64, 1993, 53042
1606835196, 0, 0, 508, 508, 1, 3.04%, 0, 0, 2, 50.08, 1993, 53524
1606835472, 0, 0, 509, 509, 1, 3.04%, 0, 0, 2, 53.40, 1993, 65959
1606835585, 0, 0, 510, 510, 1, 3.04%, 0, 0, 2, 39.46, 1993, 70810
1606835610, 0, 0, 511, 511, 1, 3.04%, 0, 0, 2, 45.29, 1993, 71901
1606835682, 0, 0, 512, 512, 1, 3.04%, 0, 0, 2, 57.96, 1993, 74969
1606835717, 0, 0, 513, 513, 1, 3.04%, 0, 0, 2, 60.77, 1993, 76881
1606835825, 0, 0, 514, 514, 1, 3.05%, 0, 0, 2, 45.16, 2002, 82119
1606835871, 0, 0, 515, 515, 1, 3.06%, 0, 0, 2, 43.64, 2003, 84229
1606835896, 0, 0, 517, 517, 1, 3.06%, 0, 0, 2, 51.86, 2004, 85372
1606835902, 0, 0, 518, 518, 1, 3.06%, 0, 0, 2, 45.82, 2004, 85598
1606835968, 0, 0, 519, 519, 1, 3.06%, 0, 0, 2, 50.52, 2004, 88716
1606836009, 0, 0, 520, 520, 1, 3.06%, 0, 0, 2, 54.36, 2004, 90807
1606836055, 0, 0, 521, 521, 1, 3.06%, 0, 0, 2, 34.94, 2004, 92675
1606836095, 0, 0, 522, 522, 1, 3.07%, 0, 0, 2, 31.60, 2010, 94095
1606836137, 0, 0, 525, 525, 1, 3.07%, 0, 0, 2, 44.03, 2010, 95515
1606836310, 0, 0, 526, 526, 1, 3.07%, 0, 0, 2, 39.26, 2010, 101986
1606836407, 0, 0, 527, 527, 1, 3.07%, 0, 0, 2, 48.11, 2010, 106142
1606836566, 0, 0, 528, 528, 1, 3.07%, 0, 0, 2, 43.15, 2010, 112872
1606836602, 0, 0, 529, 529, 1, 3.07%, 0, 0, 2, 43.21, 2010, 114449
1606836668, 0, 0, 530, 530, 1, 3.07%, 0, 0, 2, 44.99, 2010, 116993
1606836720, 0, 0, 532, 532, 1, 3.07%, 0, 0, 2, 37.09, 2013, 119293
1606836725, 0, 0, 533, 533, 1, 3.07%, 0, 0, 2, 36.18, 2013, 119480
1606836730, 0, 0, 534, 534, 1, 3.07%, 0, 0, 2, 36.12, 2013, 119666
1606836771, 0, 0, 535, 535, 1, 3.09%, 0, 0, 2, 40.70, 2027, 121438
1606836776, 0, 0, 537, 537, 1, 3.09%, 0, 0, 2, 41.26, 2028, 121649
1606836827, 0, 0, 538, 538, 1, 3.09%, 0, 0, 2, 38.09, 2028, 123750
1606836853, 0, 0, 539, 539, 1, 3.09%, 0, 0, 2, 42.72, 2028, 124890
1606836894, 0, 0, 540, 540, 1, 3.10%, 0, 0, 2, 44.32, 2029, 126719
1606836899, 0, 0, 541, 541, 1, 3.10%, 0, 0, 2, 43.46, 2031, 126931
1606836909, 0, 0, 542, 542, 1, 3.10%, 0, 0, 2, 47.96, 2031, 127387
1606836919, 0, 0, 543, 543, 1, 3.11%, 0, 0, 2, 49.47, 2037, 127872
1606836925, 0, 0, 544, 544, 1, 3.11%, 0, 0, 2, 49.99, 2037, 128137
1606836940, 0, 0, 547, 547, 1, 3.11%, 0, 0, 2, 47.58, 2041, 128839
1606836945, 0, 0, 558, 558, 1, 3.12%, 0, 0, 2, 44.80, 2042, 129060
1606836950, 0, 0, 568, 568, 1, 3.12%, 0, 0, 2, 39.09, 2042, 129265
1606836955, 0, 0, 578, 578, 1, 3.12%, 0, 0, 2, 36.81, 2043, 129461
1606836960, 0, 0, 590, 590, 1, 3.12%, 0, 0, 2, 34.45, 2043, 129633
1606836965, 0, 0, 601, 601, 1, 3.12%, 0, 0, 2, 35.84, 2043, 129814
1606836971, 0, 0, 610, 610, 1, 3.12%, 0, 0, 2, 36.00, 2043, 130011
1606836976, 0, 0, 617, 617, 1, 3.14%, 0, 0, 2, 38.62, 2056, 130217
1606836981, 0, 0, 628, 628, 1, 3.14%, 0, 0, 2, 36.27, 2056, 130395
1606836986, 0, 0, 637, 637, 1, 3.14%, 0, 0, 2, 36.54, 2056, 130573
1606836991, 0, 0, 643, 643, 1, 3.14%, 0, 0, 2, 47.43, 2058, 130824
1606836996, 0, 0, 652, 652, 1, 3.14%, 0, 0, 2, 42.45, 2058, 131021
1606837001, 0, 0, 659, 659, 1, 3.14%, 0, 0, 2, 39.43, 2058, 131215
1606837006, 0, 0, 661, 661, 1, 3.14%, 0, 0, 2, 45.32, 2060, 131446
1606837016, 0, 0, 665, 665, 1, 3.14%, 0, 0, 2, 52.12, 2061, 132001
1606837021, 0, 0, 674, 674, 1, 3.14%, 0, 0, 2, 34.67, 2061, 132158
1606837027, 0, 0, 683, 683, 1, 3.14%, 0, 0, 2, 29.04, 2061, 132302
1606837032, 0, 0, 690, 690, 1, 3.14%, 0, 0, 2, 34.67, 2061, 132479
1606837037, 0, 0, 697, 697, 1, 3.14%, 0, 0, 2, 28.83, 2061, 132621
1606837042, 0, 0, 703, 703, 1, 3.14%, 0, 0, 2, 30.40, 2061, 132777
1606837047, 0, 0, 708, 708, 1, 3.14%, 0, 0, 2, 29.15, 2061, 132920
1606837052, 0, 0, 711, 711, 1, 3.14%, 0, 0, 2, 28.17, 2061, 133069
1606837057, 0, 0, 714, 714, 1, 3.14%, 0, 0, 2, 30.66, 2061, 133230
1606837062, 0, 0, 716, 716, 1, 3.14%, 0, 0, 2, 35.72, 2061, 133408
1606837067, 0, 0, 718, 718, 1, 3.14%, 0, 0, 2, 31.23, 2061, 133551
1606837073, 0, 0, 719, 719, 1, 3.14%, 0, 0, 2, 34.32, 2061, 133740
1606837078, 0, 0, 721, 721, 1, 3.14%, 0, 0, 2, 30.71, 2061, 133898
1606837088, 0, 0, 722, 722, 1, 3.14%, 0, 0, 2, 31.11, 2061, 134210
1606837098, 0, 0, 723, 723, 1, 3.14%, 0, 0, 2, 27.89, 2061, 134532
1606837104, 0, 0, 726, 726, 1, 3.14%, 0, 0, 2, 33.19, 2061, 134712
1606837109, 0, 0, 727, 727, 1, 3.14%, 0, 0, 2, 29.69, 2061, 134860
1606837114, 0, 0, 728, 728, 1, 3.14%, 0, 0, 2, 27.17, 2061, 134999
1606837196, 0, 0, 729, 729, 1, 3.14%, 0, 0, 2, 44.48, 2061, 138118
1606837206, 0, 0, 731, 731, 1, 3.14%, 0, 0, 2, 38.71, 2061, 138512
1606837221, 0, 0, 732, 732, 1, 3.14%, 0, 0, 2, 47.71, 2061, 139214
1606837252, 0, 0, 733, 733, 1, 3.14%, 0, 0, 2, 45.38, 2061, 140594
1606837278, 0, 0, 734, 734, 1, 3.14%, 0, 0, 2, 47.38, 2061, 141793
1606837293, 0, 0, 736, 736, 1, 3.17%, 0, 0, 2, 40.29, 2078, 142401
1606837324, 0, 0, 737, 737, 1, 3.17%, 0, 0, 2, 42.65, 2078, 143788
1606837329, 0, 0, 738, 738, 1, 3.17%, 0, 0, 2, 46.26, 2078, 144038
1606837396, 0, 0, 741, 741, 1, 3.17%, 0, 0, 2, 41.30, 2078, 146731
1606837416, 0, 0, 742, 742, 1, 3.17%, 0, 0, 2, 38.08, 2078, 147594
1606837426, 0, 0, 743, 743, 1, 3.17%, 0, 0, 2, 41.62, 2078, 148010
1606837442, 0, 0, 744, 744, 1, 3.17%, 0, 0, 2, 40.25, 2078, 148642
1606837472, 0, 0, 745, 745, 1, 3.17%, 0, 0, 2, 40.46, 2078, 149856
1606837585, 0, 0, 746, 746, 1, 3.17%, 0, 0, 2, 42.25, 2078, 154430
1606837677, 0, 0, 747, 747, 1, 3.17%, 0, 0, 2, 42.45, 2079, 158160
1606837744, 0, 0, 748, 748, 1, 3.18%, 0, 0, 2, 40.03, 2083, 160848
1606837790, 0, 0, 749, 749, 1, 3.18%, 0, 0, 2, 40.68, 2083, 162747
1606837831, 0, 0, 750, 750, 1, 3.18%, 0, 0, 2, 38.76, 2085, 164323
1606837841, 0, 0, 751, 751, 1, 3.18%, 0, 0, 2, 39.07, 2085, 164736
1606837902, 0, 0, 752, 752, 1, 3.18%, 0, 0, 2, 43.55, 2087, 167270
1606837913, 0, 0, 753, 753, 1, 3.18%, 0, 0, 2, 38.62, 2087, 167682
1606837985, 0, 0, 754, 754, 1, 3.18%, 0, 0, 2, 36.79, 2087, 170422
1606837995, 0, 0, 755, 755, 1, 3.18%, 0, 0, 2, 37.54, 2087, 170811
1606838005, 0, 0, 756, 756, 1, 3.18%, 0, 0, 2, 40.28, 2087, 171222
1606838025, 0, 0, 757, 757, 1, 3.18%, 0, 0, 2, 38.27, 2087, 172004
1606838071, 0, 0, 758, 758, 1, 3.18%, 0, 0, 2, 39.71, 2087, 173837
1606838123, 0, 0, 759, 759, 1, 3.18%, 0, 0, 2, 41.25, 2087, 176027
1606838138, 0, 0, 760, 760, 1, 3.18%, 0, 0, 2, 38.00, 2087, 176625
1606838256, 0, 0, 761, 761, 1, 3.19%, 0, 0, 2, 43.18, 2088, 181504
1606838762, 0, 0, 762, 762, 1, 3.19%, 0, 0, 2, 32.19, 2088, 196231
