# unix_time, cycles_done, cur_path, paths_total, pending_total, pending_favs, map_size, unique_crashes, unique_hangs, max_depth, execs_per_sec, edge_coverage, total_execs
1601778722, 0, 0, 4, 4, 4, 3.95%, 0, 0, 1, 56.24 0 32
1601778727, 0, 0, 28, 28, 4, 4.25%, 0, 0, 2, 58.68 2786 336
1601778732, 0, 0, 47, 47, 4, 4.41%, 0, 0, 2, 59.24 2893 637
1601778737, 0, 0, 58, 58, 4, 4.53%, 0, 0, 2, 60.12 2971 940
1601778742, 0, 0, 63, 63, 4, 4.54%, 0, 0, 2, 59.00 2978 1247
1601778747, 0, 0, 70, 70, 4, 4.58%, 0, 0, 2, 59.16 3002 1555
1601778752, 0, 0, 75, 75, 4, 4.60%, 0, 0, 2, 58.45 3013 1856
1601778758, 0, 0, 80, 80, 4, 4.62%, 0, 0, 2, 58.58 3030 2156
1601778763, 0, 0, 88, 88, 4, 4.65%, 0, 0, 2, 59.22 3045 2462
1601778773, 0, 0, 90, 90, 4, 4.65%, 0, 0, 2, 60.14 3050 3083
1601778778, 0, 0, 91, 91, 4, 4.66%, 0, 0, 2, 59.13 3051 3388
1601778799, 0, 0, 97, 97, 4, 4.66%, 0, 0, 2, 57.48 3054 4574
1601778809, 0, 0, 114, 114, 4, 4.70%, 0, 0, 2, 59.45 3080 5185
1601778814, 0, 0, 126, 126, 4, 4.73%, 0, 0, 2, 58.64 3101 5488
1601778819, 0, 0, 134, 134, 4, 4.73%, 0, 0, 2, 59.52 3103 5785
1601778830, 0, 0, 135, 135, 4, 4.74%, 0, 0, 2, 58.96 3104 6401
1601778835, 0, 0, 136, 136, 4, 4.74%, 0, 0, 2, 58.14 3104 6700
1601778840, 0, 0, 147, 147, 4, 4.79%, 0, 0, 2, 58.10 3139 7000
1601778845, 0, 0, 151, 151, 4, 4.79%, 0, 0, 2, 59.73 3139 7310
1601778850, 0, 0, 152, 152, 4, 4.79%, 0, 0, 2, 60.06 3139 7622
1601778856, 0, 0, 153, 153, 4, 4.79%, 0, 0, 2, 61.39 3139 7932
1601778876, 0, 0, 168, 168, 4, 4.95%, 0, 0, 2, 58.48 3243 9131
1601778881, 0, 0, 174, 174, 4, 5.04%, 0, 0, 2, 58.71 3300 9434
1601778891, 0, 0, 178, 178, 4, 5.04%, 0, 0, 2, 60.38 3301 10048
1601778897, 0, 0, 182, 182, 4, 5.06%, 0, 0, 2, 60.09 3314 10360
1601778902, 0, 0, 183, 183, 4, 5.06%, 0, 0, 2, 58.58 3314 10663
1601778917, 0, 0, 184, 184, 4, 5.07%, 0, 0, 2, 58.40 3321 11566
1601778923, 0, 0, 192, 192, 4, 5.11%, 0, 0, 2, 58.16 3349 11866
1601778928, 0, 0, 195, 195, 4, 5.13%, 0, 0, 2, 57.76 3359 12154
1601778938, 0, 0, 197, 197, 4, 5.13%, 0, 0, 2, 58.36 3359 12765
1601778964, 0, 0, 198, 198, 4, 5.13%, 0, 0, 2, 57.81 3361 14268
1601778974, 0, 0, 209, 209, 4, 5.14%, 0, 0, 2, 58.23 3371 14856
1601778979, 0, 0, 223, 223, 4, 5.16%, 0, 0, 2, 59.16 3383 15137
1601778984, 0, 0, 235, 235, 4, 5.17%, 0, 0, 2, 59.09 3390 15437
1601778989, 0, 0, 244, 244, 4, 5.19%, 0, 0, 2, 58.91 3402 15737
1601778994, 0, 0, 254, 254, 4, 5.21%, 0, 0, 2, 58.81 3416 16037
1601778999, 0, 0, 259, 259, 4, 5.24%, 0, 0, 2, 59.04 3434 16337
1601779004, 0, 0, 267, 267, 4, 5.29%, 0, 0, 2, 60.15 3465 16642
1601779010, 0, 0, 271, 271, 4, 5.30%, 0, 0, 2, 59.99 3476 16952
1601779015, 0, 0, 275, 275, 4, 5.30%, 0, 0, 2, 59.31 3476 17253
1601779020, 0, 0, 278, 278, 4, 5.30%, 0, 0, 2, 59.43 3476 17553
1601779025, 0, 0, 285, 285, 4, 5.31%, 0, 0, 2, 59.32 3478 17857
1601779030, 0, 0, 288, 288, 4, 5.32%, 0, 0, 2, 59.50 3489 18161
1601779035, 0, 0, 290, 290, 4, 5.32%, 0, 0, 2, 64.33 3489 18481
1601779040, 0, 0, 295, 295, 4, 5.38%, 0, 0, 2, 60.31 3524 18785
1601779045, 0, 0, 301, 301, 4, 5.39%, 0, 0, 2, 59.11 3530 19087
1601779050, 0, 0, 305, 305, 4, 5.47%, 0, 0, 2, 59.14 3587 19387
1601779055, 0, 0, 310, 310, 4, 5.49%, 0, 0, 2, 58.94 3596 19687
1601779060, 0, 0, 314, 314, 4, 5.50%, 0, 0, 2, 59.21 3604 19987
1601779066, 0, 0, 315, 315, 4, 5.50%, 0, 0, 2, 59.24 3606 20288
1601779071, 0, 0, 319, 319, 4, 5.52%, 0, 0, 2, 59.04 3617 20588
1601779076, 0, 0, 324, 324, 4, 5.52%, 0, 0, 2, 59.14 3619 20890
1601779081, 0, 0, 330, 330, 4, 5.52%, 0, 0, 2, 59.50 3620 21193
1601779086, 0, 0, 331, 331, 4, 5.52%, 0, 0, 2, 59.65 3620 21498
1601779096, 0, 0, 335, 335, 4, 5.53%, 0, 0, 2, 59.67 3626 22086
1601779106, 0, 0, 339, 339, 4, 5.54%, 0, 0, 2, 59.43 3630 22690
1601779111, 0, 0, 340, 340, 4, 5.54%, 0, 0, 2, 59.48 3630 22990
1601779116, 0, 0, 344, 344, 4, 5.57%, 0, 0, 2, 59.67 3652 23293
1601779121, 0, 0, 347, 347, 4, 5.58%, 0, 0, 2, 59.64 3657 23594
1601779127, 0, 0, 348, 348, 4, 5.58%, 0, 0, 2, 59.81 3658 23899
1601779137, 0, 0, 349, 349, 4, 5.58%, 0, 0, 2, 59.10 3659 24501
1601779142, 0, 0, 350, 350, 4, 5.58%, 0, 0, 2, 59.10 3659 24801
1601779147, 0, 0, 352, 352, 4, 5.58%, 0, 0, 2, 59.09 3659 25101
1601779152, 0, 0, 355, 355, 4, 5.59%, 0, 0, 2, 59.17 3663 25402
1601779157, 0, 0, 356, 356, 4, 5.59%, 0, 0, 2, 60.94 3663 25714
1601779162, 0, 0, 358, 358, 4, 5.59%, 0, 0, 2, 59.88 3665 26020
1601779167, 0, 0, 359, 359, 4, 5.59%, 0, 0, 2, 59.51 3665 26322
1601779172, 0, 0, 361, 361, 4, 5.60%, 0, 0, 2, 59.33 3673 26623
1601779177, 0, 0, 365, 365, 4, 5.61%, 0, 0, 2, 59.05 3679 26923
1601779183, 0, 0, 367, 367, 4, 5.63%, 0, 0, 2, 59.23 3691 27224
1601779188, 0, 0, 369, 369, 4, 5.68%, 0, 0, 2, 59.68 3722 27528
1601779193, 0, 0, 370, 370, 4, 5.68%, 0, 0, 2, 59.36 3722 27828
1601779198, 0, 0, 374, 374, 4, 5.69%, 0, 0, 2, 59.34 3730 28128
1601779203, 0, 0, 375, 375, 4, 5.70%, 0, 0, 2, 59.18 3735 28428
1601779208, 0, 0, 377, 377, 4, 5.70%, 0, 0, 2, 59.37 3738 28731
1601779213, 0, 0, 380, 380, 4, 5.71%, 0, 0, 2, 59.11 3745 29031
1601779218, 0, 0, 383, 383, 4, 5.72%, 0, 0, 2, 59.83 3746 29341
1601779223, 0, 0, 384, 384, 4, 5.74%, 0, 0, 2, 59.17 3762 29641
1601779228, 0, 0, 385, 385, 4, 5.74%, 0, 0, 2, 58.59 3764 29943
1601779239, 0, 0, 386, 386, 4, 5.74%, 0, 0, 2, 59.26 3764 30542
1601779244, 0, 0, 389, 389, 4, 5.74%, 0, 0, 2, 59.46 3764 30843
1601779249, 0, 0, 390, 390, 4, 5.76%, 0, 0, 2, 59.66 3772 31147
1601779254, 0, 0, 391, 391, 4, 5.76%, 0, 0, 2, 59.54 3772 31448
1601779259, 0, 0, 392, 392, 4, 5.76%, 0, 0, 2, 59.33 3772 31749
1601779269, 0, 0, 395, 395, 4, 5.77%, 0, 0, 2, 58.99 3784 32350
1601779279, 0, 1, 402, 401, 143, 5.78%, 0, 0, 2, 56.44 3791 32942
1601779284, 0, 1, 422, 421, 143, 5.81%, 0, 0, 2, 55.83 3805 33220
1601779289, 0, 1, 433, 432, 143, 5.88%, 0, 0, 2, 55.36 3852 33507
1601779295, 0, 1, 452, 451, 143, 5.93%, 0, 0, 2, 55.50 3885 33795
1601779300, 0, 1, 469, 468, 143, 6.03%, 0, 0, 2, 54.17 3953 34069
1601779305, 0, 1, 475, 474, 143, 6.15%, 0, 0, 2, 54.14 4028 34344
1601779315, 0, 1, 476, 475, 143, 6.15%, 0, 0, 2, 54.17 4028 34898
1601779325, 0, 1, 482, 481, 143, 6.15%, 0, 0, 2, 53.93 4030 35448
1601779330, 0, 1, 486, 485, 143, 6.16%, 0, 0, 2, 53.84 4037 35723
1601779336, 0, 1, 493, 492, 143, 6.16%, 0, 0, 2, 5.90 4040 35989
1601779341, 0, 1, 499, 498, 143, 6.18%, 0, 0, 2, 53.75 4049 36264
1601779346, 0, 1, 501, 500, 143, 6.18%, 0, 0, 2, 55.19 4050 36543
1601779351, 0, 1, 504, 503, 143, 6.18%, 0, 0, 2, 55.21 4050 36831
1601779356, 0, 1, 507, 506, 143, 6.18%, 0, 0, 2, 53.49 4050 37106
1601779377, 0, 1, 508, 507, 143, 6.18%, 0, 0, 2, 53.56 4050 38196
1601779382, 0, 1, 512, 511, 143, 6.20%, 0, 0, 2, 53.59 4064 38471
1601779387, 0, 1, 515, 514, 143, 6.21%, 0, 0, 2, 52.72 4067 38744
1601779392, 0, 1, 519, 518, 143, 6.21%, 0, 0, 2, 54.22 4073 39025
1601779397, 0, 1, 520, 519, 143, 6.22%, 0, 0, 2, 57.23 4074 39285
1601779402, 0, 1, 524, 523, 143, 6.23%, 0, 0, 2, 54.99 4086 39571
1601779407, 0, 1, 527, 526, 143, 6.24%, 0, 0, 2, 53.88 4089 39846
1601779413, 0, 1, 528, 527, 143, 6.24%, 0, 0, 2, 53.72 4089 40121
1601779428, 0, 1, 529, 528, 143, 6.24%, 0, 0, 2, 52.87 4089 40934
1601779433, 0, 1, 531, 530, 143, 6.24%, 0, 0, 2, 53.90 4089 41209
1601779438, 0, 1, 533, 532, 143, 6.24%, 0, 0, 2, 54.26 4090 41486
1601779448, 0, 1, 534, 533, 143, 6.25%, 0, 0, 2, 54.42 4098 42047
1601779454, 0, 1, 538, 537, 143, 6.29%, 0, 0, 2, 54.64 4121 42328
1601779459, 0, 1, 540, 539, 143, 6.29%, 0, 0, 2, 54.57 4121 42591
1601779464, 0, 1, 542, 541, 143, 6.29%, 0, 0, 2, 55.36 4121 42870
1601779469, 0, 1, 544, 543, 143, 6.29%, 0, 0, 2, 54.93 4123 43154
1601779479, 0, 1, 545, 544, 143, 6.29%, 0, 0, 2, 55.61 4125 43720
1601779495, 0, 1, 546, 545, 143, 6.30%, 0, 0, 2, 54.25 4126 44576
1601779510, 0, 1, 548, 547, 143, 6.30%, 0, 0, 2, 54.95 4132 45427
1601779515, 0, 1, 550, 549, 143, 6.30%, 0, 0, 2, 54.59 4132 45707
1601779520, 0, 1, 555, 554, 143, 6.30%, 0, 0, 2, 54.17 4132 45992
1601779526, 0, 1, 557, 556, 143, 6.30%, 0, 0, 2, 53.22 4132 46267
1601779546, 0, 1, 562, 561, 143, 6.34%, 0, 0, 2, 53.95 4157 47369
1601779700, 0, 1, 564, 563, 143, 6.34%, 0, 0, 2, 54.02 4157 55547
1601779725, 0, 1, 565, 564, 143, 6.34%, 0, 0, 2, 53.90 4157 56922
1601779746, 0, 1, 568, 567, 143, 6.35%, 0, 0, 2, 53.83 4160 58019
1601779751, 0, 1, 569, 568, 143, 6.35%, 0, 0, 2, 53.80 4162 58294
1601779776, 0, 1, 570, 569, 143, 6.35%, 0, 0, 2, 53.54 4162 59670
1601779787, 0, 1, 572, 571, 143, 6.35%, 0, 0, 2, 54.92 4163 60229
1601779792, 0, 1, 576, 575, 143, 6.36%, 0, 0, 2, 56.06 4170 60524
1601779797, 0, 1, 579, 578, 143, 6.37%, 0, 0, 2, 53.74 4173 60799
1601779812, 0, 1, 580, 579, 143, 6.37%, 0, 0, 2, 53.88 4173 61624
1601779818, 0, 1, 581, 580, 143, 6.38%, 0, 0, 2, 55.25 4178 61905
1601779823, 0, 1, 582, 581, 143, 6.38%, 0, 0, 2, 56.20 4179 62190
1601779849, 0, 1, 583, 582, 143, 6.38%, 0, 0, 2, 58.64 4181 63694
1601779854, 0, 1, 584, 583, 143, 6.38%, 0, 0, 2, 53.98 4181 63967
1601779864, 0, 1, 585, 584, 143, 6.38%, 0, 0, 2, 53.99 4182 64519
1601779981, 0, 1, 587, 586, 143, 6.38%, 0, 0, 2, 55.73 4182 70795
1601780028, 0, 1, 588, 587, 143, 6.38%, 0, 0, 2, 58.46 4182 73439
1601780038, 0, 1, 589, 588, 143, 6.38%, 0, 0, 2, 54.50 4182 73990
1601780175, 0, 1, 590, 589, 143, 6.38%, 0, 0, 2, 53.81 4182 81409
1601780231, 0, 1, 598, 597, 143, 6.41%, 0, 0, 2, 55.85 4202 84454
1601780236, 0, 1, 600, 599, 143, 6.42%, 0, 0, 2, 56.57 4207 84739
1601780242, 0, 1, 602, 601, 143, 6.42%, 0, 0, 2, 57.18 4207 85027
1601780252, 0, 1, 603, 602, 143, 6.42%, 0, 0, 2, 56.81 4207 85610
1601780257, 0, 1, 605, 604, 143, 6.43%, 0, 0, 2, 56.84 4217 85897
1601780262, 0, 1, 607, 606, 143, 6.49%, 0, 0, 2, 56.63 4255 86183
1601780272, 0, 1, 608, 607, 143, 6.49%, 0, 0, 2, 58.83 4255 86749
1601780277, 0, 1, 609, 608, 143, 6.49%, 0, 0, 2, 58.17 4255 87049
1601780282, 0, 1, 616, 615, 143, 6.61%, 0, 0, 2, 57.01 4334 87345
1601780288, 0, 1, 617, 616, 143, 6.61%, 0, 0, 2, 57.39 4334 87642
1601780293, 0, 1, 626, 625, 143, 6.80%, 0, 0, 2, 55.78 4459 87931
1601780298, 0, 1, 632, 631, 143, 6.82%, 0, 0, 2, 54.52 4467 88206
1601780303, 0, 1, 633, 632, 143, 6.82%, 0, 0, 2, 54.38 4467 88482
1601780313, 0, 1, 636, 635, 143, 6.82%, 0, 0, 2, 53.75 4467 89032
1601780323, 0, 1, 637, 636, 143, 6.82%, 0, 0, 2, 53.89 4469 89581
1601780329, 0, 1, 640, 639, 143, 6.83%, 0, 0, 2, 52.55 4475 89858
1601780339, 0, 1, 641, 640, 143, 6.83%, 0, 0, 2, 53.61 4475 90402
1601780349, 0, 1, 643, 642, 143, 6.83%, 0, 0, 2, 53.41 4475 90952
1601780395, 0, 1, 644, 643, 143, 6.83%, 0, 0, 2, 53.91 4475 93389
1601780405, 0, 1, 645, 644, 143, 6.83%, 0, 0, 2, 53.45 4475 93939
1601780416, 0, 1, 646, 645, 143, 6.83%, 0, 0, 2, 53.51 4475 94488
1601780421, 0, 1, 648, 647, 143, 6.83%, 0, 0, 2, 53.62 4475 94735
1601780426, 0, 1, 651, 650, 143, 6.83%, 0, 0, 2, 53.91 4475 95010
1601780456, 0, 1, 652, 651, 143, 6.83%, 0, 0, 2, 53.80 4475 96640
1601780482, 0, 1, 653, 652, 143, 6.83%, 0, 0, 2, 53.86 4476 98015
1601780502, 0, 1, 654, 653, 143, 6.83%, 0, 0, 2, 53.59 4476 99107
1601780513, 0, 1, 655, 654, 143, 6.83%, 0, 0, 2, 53.23 4476 99640
1601780518, 0, 1, 656, 655, 143, 6.83%, 0, 0, 2, 53.22 4477 99915
1601780528, 0, 1, 657, 656, 143, 6.83%, 0, 0, 2, 53.75 4477 100466
1601780533, 0, 1, 658, 657, 143, 6.83%, 0, 0, 2, 53.62 4477 100741
1601780538, 0, 1, 660, 659, 143, 6.83%, 0, 0, 2, 53.78 4477 101015
1601780543, 0, 1, 662, 661, 143, 6.83%, 0, 0, 2, 41.39 4477 101269
1601780548, 0, 1, 664, 663, 143, 6.83%, 0, 0, 2, 51.43 4477 101545
1601780553, 0, 1, 669, 668, 143, 6.84%, 0, 0, 2, 53.08 4483 101820
1601780564, 0, 1, 670, 669, 143, 6.84%, 0, 0, 2, 54.25 4483 102372
1601780569, 0, 1, 672, 671, 143, 6.84%, 0, 0, 2, 54.48 4483 102648
1601780574, 0, 1, 676, 675, 143, 6.86%, 0, 0, 2, 54.22 4494 102923
1601780579, 0, 1, 679, 678, 143, 6.86%, 0, 0, 2, 56.44 4496 103213
1601780624, 0, 1, 684, 683, 143, 6.89%, 0, 0, 2, 55.64 4515 105777
1601780630, 0, 1, 686, 685, 143, 6.89%, 0, 0, 2, 54.12 4516 106052
1601780635, 0, 1, 688, 687, 143, 6.89%, 0, 0, 2, 54.82 4516 106335
1601780640, 0, 1, 691, 690, 143, 6.90%, 0, 0, 2, 55.13 4519 106619
1601780645, 0, 1, 692, 691, 143, 6.90%, 0, 0, 2, 53.91 4519 106894
1601780650, 0, 1, 693, 692, 143, 6.90%, 0, 0, 2, 54.02 4519 107169
1601780875, 0, 1, 694, 693, 143, 6.92%, 0, 0, 2, 53.59 4535 119134
1601780885, 0, 1, 695, 694, 143, 6.92%, 0, 0, 2, 53.62 4535 119662
1601780926, 0, 1, 696, 695, 143, 6.94%, 0, 0, 2, 54.27 4546 121867
1601780936, 0, 1, 697, 696, 143, 6.94%, 0, 0, 2, 55.25 4547 122402
1601780982, 0, 1, 700, 699, 143, 6.94%, 0, 0, 2, 54.00 4548 124859
1601780987, 0, 1, 711, 710, 143, 6.94%, 0, 0, 2, 55.32 4549 125140
1601780992, 0, 1, 717, 716, 143, 6.94%, 0, 0, 2, 56.46 4549 125422
1601780997, 0, 1, 725, 724, 143, 6.94%, 0, 0, 2, 55.89 4549 125702
1601781002, 0, 1, 729, 728, 143, 6.95%, 0, 0, 2, 56.40 4557 125987
1601781007, 0, 1, 734, 733, 143, 6.96%, 0, 0, 2, 56.49 4560 126273
1601781012, 0, 1, 742, 741, 143, 6.96%, 0, 0, 2, 56.46 4561 126556
1601781017, 0, 1, 744, 743, 143, 6.96%, 0, 0, 2, 57.11 4561 126844
1601781022, 0, 1, 751, 750, 143, 6.96%, 0, 0, 2, 57.07 4563 127130
1601781027, 0, 1, 758, 757, 143, 6.97%, 0, 0, 2, 56.68 4566 127414
1601781032, 0, 1, 761, 760, 143, 6.97%, 0, 0, 2, 56.62 4566 127700
1601781037, 0, 1, 765, 764, 143, 6.97%, 0, 0, 2, 56.56 4567 127982
1601781043, 0, 1, 771, 770, 143, 6.97%, 0, 0, 2, 56.84 4567 128279
1601781048, 0, 1, 774, 773, 143, 6.97%, 0, 0, 2, 56.70 4567 128564
1601781053, 0, 1, 780, 779, 143, 6.97%, 0, 0, 2, 56.65 4569 128850
1601781058, 0, 1, 785, 784, 143, 6.98%, 0, 0, 2, 56.70 4574 129135
1601781063, 0, 1, 786, 785, 143, 6.98%, 0, 0, 2, 57.03 4574 129421
1601781068, 0, 1, 791, 790, 143, 6.99%, 0, 0, 2, 56.83 4578 129708
1601781073, 0, 1, 795, 794, 143, 6.99%, 0, 0, 2, 57.02 4580 129995
1601781078, 0, 1, 797, 796, 143, 6.99%, 0, 0, 2, 57.30 4582 130293
1601781083, 0, 1, 799, 798, 143, 7.00%, 0, 0, 2, 57.38 4588 130582
1601781088, 0, 1, 802, 801, 143, 7.00%, 0, 0, 2, 56.88 4588 130869
1601781098, 0, 1, 805, 804, 143, 7.00%, 0, 0, 2, 57.20 4588 131443
1601781103, 0, 1, 809, 808, 143, 7.00%, 0, 0, 2, 56.79 4588 131727
1601781108, 0, 1, 811, 810, 143, 7.00%, 0, 0, 2, 57.20 4588 132014
1601781113, 0, 1, 812, 811, 143, 7.00%, 0, 0, 2, 56.34 4588 132290
1601781118, 0, 1, 815, 814, 143, 7.01%, 0, 0, 2, 56.63 4595 132576
1601781123, 0, 1, 821, 820, 143, 7.01%, 0, 0, 2, 56.63 4596 132860
1601781128, 0, 1, 823, 822, 143, 7.01%, 0, 0, 2, 56.77 4596 133148
1601781133, 0, 1, 825, 824, 143, 7.02%, 0, 0, 2, 56.88 4600 133436
1601781138, 0, 1, 826, 825, 143, 7.02%, 0, 0, 2, 56.78 4600 133722
1601781144, 0, 1, 828, 827, 143, 7.02%, 0, 0, 2, 56.64 4600 133980
1601781149, 0, 1, 830, 829, 143, 7.02%, 0, 0, 2, 57.35 4600 134268
1601781159, 0, 1, 831, 830, 143, 7.02%, 0, 0, 2, 57.07 4600 134843
1601781164, 0, 1, 834, 833, 143, 7.02%, 0, 0, 2, 57.12 4600 135131
1601781169, 0, 1, 838, 837, 143, 7.02%, 0, 0, 2, 56.69 4600 135418
1601781179, 0, 1, 841, 840, 143, 7.02%, 0, 0, 2, 57.58 4601 135985
1601781184, 0, 1, 844, 843, 143, 7.02%, 0, 0, 2, 57.08 4602 136271
1601781189, 0, 1, 848, 847, 143, 7.03%, 0, 0, 2, 56.63 4607 136558
1601781194, 0, 1, 849, 848, 143, 7.03%, 0, 0, 2, 56.48 4607 136845
1601781199, 0, 1, 851, 850, 143, 7.03%, 0, 0, 2, 56.30 4607 137127
1601781204, 0, 1, 852, 851, 143, 7.06%, 0, 0, 2, 57.48 4627 137420
1601781214, 0, 1, 855, 854, 143, 7.07%, 0, 0, 2, 56.84 4635 137993
1601781219, 0, 1, 857, 856, 143, 7.10%, 0, 0, 2, 56.54 4655 138278
1601781224, 0, 2, 857, 855, 243, 7.10%, 0, 0, 2, 57.40 4655 138522
1601781229, 0, 2, 879, 877, 243, 7.17%, 0, 0, 2, 57.44 4701 138810
1601781234, 0, 2, 894, 892, 243, 7.35%, 0, 0, 2, 56.67 4818 139095
1601781240, 0, 2, 897, 895, 243, 7.37%, 0, 0, 2, 57.23 4827 139383
1601781245, 0, 2, 898, 896, 243, 7.37%, 0, 0, 2, 57.29 4827 139670
1601781250, 0, 2, 900, 898, 243, 7.37%, 0, 0, 2, 57.09 4828 139958
1601781255, 0, 2, 904, 902, 243, 7.38%, 0, 0, 2, 57.52 4836 140246
1601781265, 0, 2, 906, 904, 243, 7.38%, 0, 0, 2, 57.99 4837 140848
1601781270, 0, 2, 911, 909, 243, 7.40%, 0, 0, 2, 57.51 4848 141136
1601781275, 0, 2, 914, 912, 243, 7.42%, 0, 0, 2, 57.46 4864 141424
1601781280, 0, 2, 917, 915, 243, 7.44%, 0, 0, 2, 57.01 4874 141712
1601781285, 0, 2, 921, 919, 243, 7.45%, 0, 0, 2, 56.16 4885 141994
1601781295, 0, 2, 922, 920, 243, 7.45%, 0, 0, 2, 55.71 4885 142542
1601781316, 0, 2, 927, 925, 243, 7.47%, 0, 0, 2, 56.88 4897 143694
1601781326, 0, 2, 929, 927, 243, 7.47%, 0, 0, 2, 57.30 4898 144283
1601781331, 0, 2, 931, 929, 243, 7.48%, 0, 0, 2, 56.85 4899 144571
1601781336, 0, 2, 933, 931, 243, 7.48%, 0, 0, 2, 56.33 4899 144859
1601781367, 0, 2, 934, 932, 243, 7.48%, 0, 0, 2, 56.45 4899 146582
1601781372, 0, 2, 935, 933, 243, 7.48%, 0, 0, 2, 56.45 4899 146869
1601781387, 0, 2, 936, 934, 243, 7.60%, 0, 0, 2, 49.90 4980 147711
1601781392, 0, 2, 937, 935, 243, 7.60%, 0, 0, 2, 56.22 4982 148011
1601781397, 0, 2, 938, 936, 243, 7.60%, 0, 0, 2, 57.22 4982 148299
1601781402, 0, 2, 943, 941, 243, 7.72%, 0, 0, 2, 57.13 5061 148586
1601781412, 0, 2, 952, 950, 243, 7.75%, 0, 0, 2, 58.02 5078 149166
1601781417, 0, 2, 956, 954, 243, 7.75%, 0, 0, 2, 57.05 5078 149454
1601781423, 0, 2, 960, 958, 243, 7.76%, 0, 0, 2, 56.73 5083 149742
1601781428, 0, 2, 962, 960, 243, 7.76%, 0, 0, 2, 56.55 5086 150030
1601781438, 0, 2, 963, 961, 243, 7.77%, 0, 0, 2, 57.46 5094 150606
1601781448, 0, 2, 964, 962, 243, 7.78%, 0, 0, 2, 57.09 5099 151180
1601781509, 0, 2, 966, 964, 243, 7.79%, 0, 0, 2, 57.62 5102 154627
1601781514, 0, 2, 967, 965, 243, 7.79%, 0, 0, 2, 58.01 5102 154927
1601781519, 0, 2, 968, 966, 243, 7.79%, 0, 0, 2, 58.50 5102 155227
1601781525, 0, 2, 969, 967, 243, 7.79%, 0, 0, 2, 58.32 5102 155527
1601781530, 0, 2, 970, 968, 243, 7.79%, 0, 0, 2, 58.07 5106 155827
1601781535, 0, 2, 971, 969, 243, 7.79%, 0, 0, 2, 57.84 5106 156112
1601781540, 0, 2, 972, 970, 243, 7.79%, 0, 0, 2, 58.03 5106 156412
1601781555, 0, 2, 973, 971, 243, 7.82%, 0, 0, 2, 58.06 5126 157299
1601781566, 0, 2, 974, 972, 243, 7.82%, 0, 0, 2, 58.35 5126 157899
1601781571, 0, 2, 975, 973, 243, 7.82%, 0, 0, 2, 57.94 5126 158199
1601781576, 0, 2, 977, 975, 243, 7.82%, 0, 0, 2, 57.71 5126 158498
1601781586, 0, 2, 979, 977, 243, 7.82%, 0, 0, 2, 58.47 5128 159097
1601781591, 0, 2, 980, 978, 243, 7.82%, 0, 0, 2, 59.30 5128 159401
1601781602, 0, 2, 981, 979, 243, 7.82%, 0, 0, 2, 57.72 5128 159989
1601781612, 0, 2, 982, 980, 243, 7.82%, 0, 0, 2, 58.13 5128 160589
1601781637, 0, 2, 983, 981, 243, 7.82%, 0, 0, 2, 58.94 5128 162091
1601781643, 0, 2, 985, 983, 243, 7.83%, 0, 0, 2, 58.65 5132 162391
1601781653, 0, 2, 986, 984, 243, 7.83%, 0, 0, 2, 56.45 5132 162967
1601781658, 0, 2, 987, 985, 243, 7.83%, 0, 0, 2, 58.26 5133 163267
1601781699, 0, 2, 988, 986, 243, 7.83%, 0, 0, 2, 58.18 5133 165669
1601781714, 0, 2, 989, 987, 243, 7.83%, 0, 0, 2, 59.47 5134 166575
1601781724, 0, 2, 990, 988, 243, 7.83%, 0, 0, 2, 58.90 5134 167175
1601781750, 0, 2, 991, 989, 243, 7.84%, 0, 0, 2, 59.01 5138 168676
1601781760, 0, 2, 993, 991, 243, 7.84%, 0, 0, 2, 58.93 5139 169276
1601781786, 0, 3, 993, 990, 301, 7.84%, 0, 0, 2, 56.56 5139 170775
1601781806, 0, 3, 997, 994, 301, 7.86%, 0, 0, 2, 61.66 5152 171818
1601781883, 0, 3, 1000, 997, 301, 7.87%, 0, 0, 2, 53.18 5159 175917
1601782048, 0, 3, 1001, 998, 301, 7.87%, 0, 0, 2, 53.38 5159 184598
1601782162, 0, 3, 1003, 1000, 301, 7.87%, 0, 0, 2, 53.60 5159 190598
1601782228, 0, 3, 1004, 1001, 301, 7.87%, 0, 0, 2, 52.63 5159 194065
1601782274, 0, 3, 1005, 1002, 301, 7.87%, 0, 0, 2, 51.95 5159 196454
1601782284, 0, 3, 1006, 1003, 301, 7.87%, 0, 0, 2, 50.58 5159 196967
1601782289, 0, 3, 1009, 1006, 301, 7.87%, 0, 0, 2, 52.05 5159 197231
1601782320, 0, 3, 1010, 1007, 301, 7.87%, 0, 0, 2, 52.31 5159 198807
1601782350, 0, 3, 1011, 1008, 301, 7.87%, 0, 0, 2, 52.08 5159 200404
1601782371, 0, 3, 1012, 1009, 301, 7.87%, 0, 0, 2, 53.09 5160 201479
1601782381, 0, 3, 1013, 1010, 301, 7.87%, 0, 0, 2, 53.12 5160 202026
1601782386, 0, 3, 1014, 1011, 301, 7.87%, 0, 0, 2, 53.11 5160 202301
1601782412, 0, 3, 1016, 1013, 301, 7.88%, 0, 0, 2, 53.24 5162 203688
1601782464, 0, 3, 1017, 1014, 301, 7.88%, 0, 0, 2, 54.24 5162 206442
1601782479, 0, 3, 1018, 1015, 301, 7.88%, 0, 0, 2, 53.84 5162 207270
1601782494, 0, 3, 1019, 1016, 301, 7.88%, 0, 0, 2, 54.18 5162 208096
1601782571, 0, 3, 1020, 1017, 301, 7.88%, 0, 0, 2, 52.52 5162 212191
1601782944, 0, 3, 1021, 1018, 301, 7.88%, 0, 0, 2, 51.57 5162 231030
1601783839, 0, 3, 1022, 1019, 301, 7.89%, 0, 0, 2, 53.45 5168 276932
1601783922, 0, 3, 1023, 1020, 301, 7.89%, 0, 0, 2, 53.48 5168 281255
1601784003, 0, 3, 1024, 1021, 301, 7.89%, 0, 0, 2, 55.58 5168 285548
1601784008, 0, 3, 1027, 1024, 301, 7.90%, 0, 0, 2, 54.63 5180 285818
1601784526, 0, 3, 1028, 1025, 301, 7.91%, 0, 0, 2, 53.66 5183 313595
1601784715, 0, 3, 1029, 1026, 301, 7.91%, 0, 0, 2, 54.30 5183 323790
1601784736, 0, 3, 1030, 1027, 301, 7.91%, 0, 0, 2, 53.52 5183 324902
1601784803, 0, 3, 1031, 1028, 301, 7.92%, 0, 0, 2, 54.35 5190 328454
1601784808, 0, 3, 1032, 1029, 301, 7.93%, 0, 0, 2, 54.31 5194 328732
1601786434, 0, 3, 1033, 1030, 301, 7.93%, 0, 0, 2, 53.72 5194 415231
1601786454, 0, 3, 1034, 1031, 301, 7.93%, 0, 0, 2, 53.85 5194 416319
1601787295, 0, 3, 1035, 1032, 301, 7.93%, 0, 0, 2, 53.20 5194 460870
1601787315, 0, 3, 1036, 1033, 301, 7.93%, 0, 0, 2, 54.47 5194 461984
1601787320, 0, 3, 1037, 1034, 301, 7.93%, 0, 0, 2, 54.50 5194 462265
1601787724, 0, 3, 1038, 1035, 301, 7.93%, 0, 0, 2, 53.39 5194 483913
1601787739, 0, 3, 1039, 1036, 301, 7.93%, 0, 0, 2, 53.82 5194 484746
1601787831, 0, 3, 1040, 1037, 301, 7.93%, 0, 0, 2, 54.09 5194 489703
1601787847, 0, 3, 1041, 1038, 301, 7.93%, 0, 0, 2, 54.17 5194 490529
1601787888, 0, 3, 1043, 1040, 301, 7.93%, 0, 0, 2, 53.56 5200 492682
1601787939, 0, 3, 1044, 1041, 301, 7.93%, 0, 0, 2, 53.42 5200 495443
1601788149, 0, 3, 1045, 1042, 301, 7.94%, 0, 0, 2, 5.00 5201 506618
1601788170, 0, 3, 1048, 1045, 301, 7.94%, 0, 0, 2, 53.66 5201 507717
1601788419, 0, 3, 1049, 1046, 301, 7.94%, 0, 0, 2, 53.22 5201 520785
1601788429, 0, 3, 1050, 1047, 301, 7.94%, 0, 0, 2, 54.01 5201 521308
1601788909, 0, 3, 1051, 1048, 301, 7.94%, 0, 0, 2, 54.56 5202 547028
1601789229, 0, 3, 1052, 1049, 301, 7.94%, 0, 0, 2, 55.23 5202 564604
1601791569, 0, 3, 1053, 1050, 301, 7.94%, 0, 0, 2, 55.05 5202 690005
1601794412, 0, 3, 1054, 1051, 301, 7.94%, 0, 0, 2, 52.48 5202 842456
1601794604, 0, 3, 1056, 1053, 301, 7.94%, 0, 0, 2, 54.76 5206 852560
1601794609, 0, 3, 1058, 1055, 301, 7.96%, 0, 0, 2, 55.09 5216 852839
1601794743, 0, 3, 1059, 1056, 301, 7.96%, 0, 0, 2, 53.71 5216 860007
1601794835, 0, 3, 1061, 1058, 301, 7.96%, 0, 0, 2, 53.85 5216 864990
1601795162, 0, 3, 1062, 1059, 301, 7.96%, 0, 0, 2, 55.22 5217 882692
1601797187, 0, 3, 1063, 1060, 301, 7.96%, 0, 0, 2, 53.62 5217 991216
1601797208, 0, 3, 1064, 1061, 301, 7.96%, 0, 0, 2, 52.30 5217 992291
1601798093, 0, 3, 1065, 1062, 301, 7.96%, 0, 0, 2, 48.43 5217 1040013
1601798118, 0, 3, 1066, 1063, 301, 7.96%, 0, 0, 2, 50.18 5217 1041268
1601798139, 0, 3, 1067, 1064, 301, 7.96%, 0, 0, 2, 49.74 5217 1042282
1601798773, 0, 3, 1068, 1065, 301, 7.97%, 0, 0, 2, 53.59 5220 1074539
1601799041, 0, 3, 1070, 1067, 301, 7.97%, 0, 0, 2, 52.11 5222 1088792
1601799046, 0, 3, 1071, 1068, 301, 7.97%, 0, 0, 2, 51.93 5225 1089054
1601799056, 0, 3, 1073, 1070, 301, 7.98%, 0, 0, 2, 51.75 5228 1089578
1601799066, 0, 3, 1074, 1071, 301, 7.98%, 0, 0, 2, 52.62 5228 1090105
1601799071, 0, 3, 1075, 1072, 301, 7.99%, 0, 0, 2, 52.68 5237 1090371
1601799353, 0, 3, 1078, 1075, 301, 8.00%, 0, 0, 2, 49.54 5242 1104356
1601799358, 0, 3, 1080, 1077, 301, 8.00%, 0, 0, 2, 48.98 5242 1104608
1601804707, 0, 3, 1082, 1079, 301, 8.00%, 0, 0, 2, 56.13 5242 1398167
1601804712, 0, 3, 1091, 1088, 301, 8.00%, 0, 0, 2, 57.24 5244 1398455
1601804718, 0, 3, 1092, 1089, 301, 8.00%, 0, 0, 2, 57.96 5244 1398755
1601804723, 0, 3, 1097, 1094, 301, 8.01%, 0, 0, 2, 57.22 5248 1399043
1601804728, 0, 3, 1103, 1100, 301, 8.01%, 0, 0, 2, 56.59 5251 1399329
1601804733, 0, 3, 1109, 1106, 301, 8.02%, 0, 0, 2, 57.01 5258 1399617
1601804738, 0, 3, 1112, 1109, 301, 8.02%, 0, 0, 2, 57.02 5258 1399905
1601804743, 0, 3, 1113, 1110, 301, 8.02%, 0, 0, 2, 57.38 5258 1400193
1601804748, 0, 3, 1119, 1116, 301, 8.03%, 0, 0, 2, 57.22 5260 1400479
1601804753, 0, 3, 1122, 1119, 301, 8.03%, 0, 0, 2, 57.10 5261 1400766
1601804763, 0, 3, 1123, 1120, 301, 8.03%, 0, 0, 2, 57.84 5261 1401366
1601804768, 0, 3, 1125, 1122, 301, 8.03%, 0, 0, 2, 57.73 5262 1401666
1601804789, 0, 3, 1127, 1124, 301, 8.03%, 0, 0, 2, 57.44 5262 1402819
1601804794, 0, 3, 1128, 1125, 301, 8.03%, 0, 0, 2, 57.48 5262 1403107
1601804804, 0, 3, 1130, 1127, 301, 8.03%, 0, 0, 2, 57.41 5263 1403683
1601804809, 0, 3, 1131, 1128, 301, 8.03%, 0, 0, 2, 57.55 5263 1403971
1601804814, 0, 3, 1132, 1129, 301, 8.03%, 0, 0, 2, 57.40 5264 1404259
1601804829, 0, 3, 1133, 1130, 301, 8.04%, 0, 0, 2, 57.73 5266 1405135
1601804834, 0, 3, 1134, 1131, 301, 8.04%, 0, 0, 2, 58.06 5267 1405435
1601804839, 0, 3, 1136, 1133, 301, 8.04%, 0, 0, 2, 57.90 5267 1405735
1601804850, 0, 3, 1137, 1134, 301, 8.04%, 0, 0, 2, 57.68 5267 1406335
1601804855, 0, 3, 1138, 1135, 301, 8.04%, 0, 0, 2, 57.88 5267 1406635
1601804870, 0, 3, 1141, 1138, 301, 8.04%, 0, 0, 2, 57.83 5271 1407534
1601804876, 0, 3, 1143, 1140, 301, 8.04%, 0, 0, 2, 57.80 5271 1407833
1601804881, 0, 3, 1144, 1141, 301, 8.04%, 0, 0, 2, 57.91 5271 1408133
1601804886, 0, 3, 1145, 1142, 301, 8.05%, 0, 0, 2, 57.86 5274 1408433
1601804891, 0, 3, 1146, 1143, 301, 8.05%, 0, 0, 2, 57.98 5274 1408733
1601804896, 0, 3, 1147, 1144, 301, 8.05%, 0, 0, 2, 57.75 5274 1409033
1601804901, 0, 3, 1150, 1147, 301, 8.05%, 0, 0, 2, 58.01 5274 1409333
1601804907, 0, 3, 1152, 1149, 301, 8.05%, 0, 0, 2, 57.75 5278 1409634
1601804912, 0, 3, 1153, 1150, 301, 8.05%, 0, 0, 2, 57.68 5278 1409934
1601804927, 0, 3, 1155, 1152, 301, 8.05%, 0, 0, 2, 57.50 5278 1410810
1601804937, 0, 3, 1156, 1153, 301, 8.05%, 0, 0, 2, 56.55 5278 1411384
1601804942, 0, 3, 1159, 1156, 301, 8.05%, 0, 0, 2, 57.08 5278 1411672
1601804952, 0, 3, 1160, 1157, 301, 8.07%, 0, 0, 2, 56.79 5286 1412247
1601804957, 0, 3, 1162, 1159, 301, 8.07%, 0, 0, 2, 57.35 5287 1412535
1601804972, 0, 3, 1163, 1160, 301, 8.07%, 0, 0, 2, 57.40 5288 1413393
1601804977, 0, 3, 1165, 1162, 301, 8.07%, 0, 0, 2, 57.47 5290 1413681
1601804983, 0, 3, 1166, 1163, 301, 8.07%, 0, 0, 2, 57.51 5290 1413969
1601804998, 0, 3, 1167, 1164, 301, 8.07%, 0, 0, 2, 57.39 5290 1414822
1601805008, 0, 11, 1167, 1163, 332, 8.07%, 0, 0, 2, 58.80 5290 1415408
1601805018, 0, 11, 1168, 1164, 332, 8.07%, 0, 0, 3, 59.29 5291 1416012
1601805201, 0, 11, 1169, 1165, 332, 8.07%, 0, 0, 3, 60.47 5291 1426882
1601805206, 0, 11, 1170, 1166, 332, 8.07%, 0, 0, 3, 60.20 5291 1427183
1601805232, 0, 17, 1170, 1165, 332, 8.07%, 0, 0, 3, 59.83 5291 1428716
1601805421, 0, 17, 1172, 1167, 332, 8.07%, 0, 0, 3, 60.64 5291 1440069
1601805432, 0, 17, 1173, 1168, 332, 8.07%, 0, 0, 3, 60.87 5291 1440693
1601805457, 0, 17, 1174, 1169, 332, 8.07%, 0, 0, 3, 60.44 5291 1442222
1601805503, 0, 17, 1175, 1170, 332, 8.07%, 0, 0, 3, 60.58 5291 1444989
1601805513, 0, 17, 1176, 1171, 332, 8.08%, 0, 0, 3, 60.20 5294 1445589
1601805528, 0, 17, 1178, 1173, 332, 8.08%, 0, 0, 3, 60.30 5294 1446510
1601805574, 0, 17, 1179, 1174, 332, 8.08%, 0, 0, 3, 60.87 5294 1449258
1601805599, 0, 17, 1180, 1175, 332, 8.09%, 0, 0, 3, 60.39 5299 1450800
1601805614, 0, 17, 1181, 1176, 332, 8.09%, 0, 0, 3, 60.20 5299 1451726
1601805676, 0, 17, 1182, 1177, 332, 8.09%, 0, 0, 3, 60.06 5299 1455429
1601805681, 0, 17, 1183, 1178, 332, 8.09%, 0, 0, 3, 60.24 5299 1455731
1601805686, 0, 17, 1184, 1179, 332, 8.09%, 0, 0, 3, 60.46 5304 1456037
1601805691, 0, 22, 1184, 1178, 335, 8.09%, 0, 0, 3, 60.68 5304 1456343
1601805883, 0, 23, 1184, 1177, 334, 8.09%, 0, 0, 3, 61.23 5304 1468090
1601806076, 0, 25, 1184, 1176, 333, 8.09%, 0, 0, 3, 61.28 5304 1479758
1601806269, 0, 26, 1184, 1175, 332, 8.09%, 0, 0, 3, 61.13 5304 1491423
1601806462, 0, 27, 1184, 1174, 331, 8.09%, 0, 0, 3, 60.93 5304 1503161
1601806649, 0, 28, 1184, 1173, 330, 8.09%, 0, 0, 3, 58.44 5304 1514609
1601806841, 0, 30, 1184, 1172, 329, 8.09%, 0, 0, 3, 60.43 5304 1526337
1601806872, 0, 30, 1185, 1173, 329, 8.09%, 0, 0, 3, 61.29 5305 1528194
1601807009, 0, 30, 1186, 1174, 329, 8.09%, 0, 0, 3, 4.60 5305 1536588
1601807025, 0, 31, 1186, 1173, 328, 8.09%, 0, 0, 3, 61.17 5305 1537511
1601807192, 0, 31, 1187, 1174, 328, 8.10%, 0, 0, 3, 58.87 5311 1547613
1601807202, 0, 31, 1188, 1175, 328, 8.10%, 0, 0, 3, 60.88 5311 1548234
1601807223, 0, 31, 1189, 1176, 328, 8.11%, 0, 0, 3, 60.99 5314 1549475
1601807258, 0, 31, 1190, 1177, 328, 8.11%, 0, 0, 3, 60.91 5314 1551624
1601807279, 0, 31, 1191, 1178, 328, 8.11%, 0, 0, 3, 60.70 5314 1552855
1601807289, 0, 31, 1192, 1179, 328, 8.11%, 0, 0, 3, 61.24 5314 1553453
1601807340, 0, 31, 1193, 1180, 328, 8.11%, 0, 0, 3, 58.01 5314 1556536
1601807462, 0, 34, 1193, 1179, 329, 8.11%, 0, 0, 3, 61.32 5314 1563899
1601807650, 0, 34, 1194, 1180, 329, 8.11%, 0, 0, 3, 61.26 5317 1575374
1601807690, 0, 34, 1195, 1181, 329, 8.12%, 0, 0, 3, 60.93 5321 1577848
1601807705, 0, 36, 1195, 1180, 330, 8.12%, 0, 0, 3, 60.22 5321 1578758
1601807873, 0, 36, 1196, 1181, 330, 8.12%, 0, 0, 3, 60.55 5321 1588977
1601807878, 0, 36, 1197, 1182, 330, 8.13%, 0, 0, 3, 60.47 5325 1589283
1601807883, 0, 36, 1198, 1183, 330, 8.13%, 0, 0, 3, 60.71 5325 1589577
1601807939, 0, 37, 1198, 1182, 330, 8.13%, 0, 0, 3, 60.97 5325 1592926
1601808112, 0, 37, 1199, 1183, 330, 8.13%, 0, 0, 3, 60.44 5325 1603461
1601808122, 0, 42, 1199, 1182, 329, 8.13%, 0, 0, 3, 61.01 5325 1604076
1601808296, 0, 45, 1199, 1181, 328, 8.13%, 0, 0, 3, 60.66 5325 1614563
1601808509, 0, 45, 1201, 1183, 328, 8.13%, 0, 0, 3, 60.21 5327 1627497
1601808514, 0, 45, 1202, 1184, 328, 8.13%, 0, 0, 3, 58.15 5327 1627772
1601808571, 0, 47, 1202, 1183, 328, 8.13%, 0, 0, 3, 60.02 5327 1631144
1601808805, 0, 50, 1202, 1182, 327, 8.13%, 0, 0, 3, 60.45 5327 1645125
1601808810, 0, 50, 1203, 1183, 327, 8.13%, 0, 0, 3, 59.56 5329 1645425
1601808932, 0, 50, 1204, 1184, 327, 8.15%, 0, 0, 3, 59.07 5340 1652597
1601808973, 0, 50, 1205, 1185, 327, 8.15%, 0, 0, 3, 59.23 5344 1654971
1601809009, 0, 50, 1206, 1186, 327, 8.16%, 0, 0, 3, 58.97 5347 1657074
1601809029, 0, 59, 1206, 1185, 328, 8.16%, 0, 0, 3, 61.16 5347 1658297
1601809222, 0, 60, 1206, 1184, 327, 8.16%, 0, 0, 3, 61.49 5347 1670090
1601809445, 0, 60, 1207, 1185, 327, 8.16%, 0, 0, 3, 60.93 5347 1683681
1601809461, 0, 61, 1207, 1184, 326, 8.16%, 0, 0, 3, 60.74 5347 1684594
1601809552, 0, 61, 1208, 1185, 326, 8.17%, 0, 0, 3, 61.26 5352 1690200
1601809567, 0, 61, 1209, 1186, 326, 8.17%, 0, 0, 3, 63.06 5352 1691139
1601809628, 0, 61, 1210, 1187, 326, 8.17%, 0, 0, 3, 61.20 5354 1694848
1601809638, 0, 64, 1210, 1186, 327, 8.17%, 0, 0, 3, 61.34 5354 1695462
1601809807, 0, 67, 1210, 1185, 326, 8.17%, 0, 0, 3, 58.90 5354 1705860
1601809985, 0, 69, 1210, 1184, 325, 8.17%, 0, 0, 3, 60.35 5354 1716539
1601810225, 0, 74, 1210, 1183, 324, 8.17%, 0, 0, 3, 59.76 5354 1730755
1601810230, 0, 74, 1211, 1184, 324, 8.18%, 0, 0, 3, 59.37 5361 1731059
1601810235, 0, 74, 1212, 1185, 324, 8.18%, 0, 0, 3, 59.71 5362 1731368
1601810245, 0, 74, 1215, 1188, 324, 8.18%, 0, 0, 3, 59.70 5364 1731985
1601810424, 0, 75, 1215, 1187, 326, 8.18%, 0, 0, 3, 60.65 5364 1742533
1601810592, 0, 75, 1216, 1188, 326, 8.19%, 0, 0, 3, 60.17 5365 1752737
1601810608, 0, 87, 1216, 1187, 324, 8.19%, 0, 0, 3, 61.28 5365 1753670
1601810628, 0, 87, 1217, 1188, 324, 8.19%, 0, 0, 3, 60.89 5366 1754912
1601810790, 0, 87, 1219, 1190, 324, 8.19%, 0, 0, 3, 60.69 5366 1764826
1601810821, 0, 88, 1219, 1189, 324, 8.19%, 0, 0, 3, 61.53 5366 1766695
1601811055, 0, 95, 1219, 1188, 323, 8.19%, 0, 0, 3, 61.42 5366 1780889
1601811127, 0, 95, 1220, 1189, 323, 8.19%, 0, 0, 3, 60.34 5366 1785200
1601811285, 0, 95, 1221, 1190, 323, 8.19%, 0, 0, 3, 61.10 5366 1794792
1601811295, 0, 96, 1221, 1189, 322, 8.19%, 0, 0, 3, 61.23 5366 1795415
1601811525, 0, 96, 1222, 1190, 322, 8.19%, 0, 0, 3, 60.95 5369 1809372
1601811530, 0, 96, 1223, 1191, 322, 8.19%, 0, 0, 3, 61.40 5369 1809684
1601811535, 0, 96, 1225, 1193, 322, 8.20%, 0, 0, 3, 61.25 5371 1809992
1601811631, 0, 96, 1226, 1194, 322, 8.21%, 0, 0, 3, 61.56 5379 1815858
1601811697, 0, 96, 1227, 1195, 322, 8.21%, 0, 0, 3, 62.07 5380 1819858
1601811702, 0, 96, 1228, 1196, 322, 8.21%, 0, 0, 3, 59.81 5380 1820161
1601811753, 0, 96, 1229, 1197, 322, 8.21%, 0, 0, 3, 60.93 5380 1823250
1601811758, 0, 96, 1230, 1198, 322, 8.21%, 0, 0, 3, 61.20 5380 1823562
1601811789, 0, 103, 1231, 1198, 325, 8.21%, 0, 0, 3, 61.22 5380 1825412
1601811963, 0, 105, 1231, 1197, 324, 8.21%, 0, 0, 3, 62.14 5380 1836231
1601812133, 0, 108, 1231, 1196, 323, 8.21%, 0, 0, 3, 61.70 5380 1846745
1601812306, 0, 119, 1231, 1195, 322, 8.21%, 0, 0, 3, 60.40 5380 1857454
1601812485, 0, 136, 1231, 1194, 321, 8.21%, 0, 0, 3, 60.48 5380 1868224
1601812495, 0, 136, 1232, 1195, 321, 8.21%, 0, 0, 3, 63.17 5382 1868874
1601812531, 0, 136, 1234, 1197, 321, 8.21%, 0, 0, 3, 62.98 5383 1871120
1601812654, 0, 137, 1234, 1196, 322, 8.21%, 0, 0, 3, 62.02 5383 1878768
1601812832, 0, 150, 1234, 1195, 321, 8.21%, 0, 0, 3, 61.41 5383 1889545
1601813016, 0, 162, 1234, 1194, 320, 8.21%, 0, 0, 3, 60.13 5383 1900544
1601813204, 0, 162, 1235, 1195, 320, 8.21%, 0, 0, 3, 61.00 5383 1911807
1601813209, 0, 162, 1236, 1196, 320, 8.21%, 0, 0, 3, 60.44 5383 1912116
1601813235, 0, 163, 1236, 1195, 319, 8.21%, 0, 0, 3, 60.69 5383 1913659
1601813255, 0, 163, 1237, 1196, 319, 8.22%, 0, 0, 3, 60.67 5386 1914866
1601813362, 0, 163, 1239, 1198, 319, 8.23%, 0, 0, 3, 59.88 5392 1921249
1601813413, 0, 171, 1244, 1202, 320, 8.24%, 0, 0, 3, 61.60 5402 1924344
1601813418, 0, 171, 1245, 1203, 320, 8.25%, 0, 0, 3, 62.11 5405 1924617
1601813423, 0, 171, 1246, 1204, 320, 8.27%, 0, 0, 3, 61.65 5421 1924925
1601813443, 0, 171, 1247, 1205, 320, 8.27%, 0, 0, 3, 61.80 5423 1926170
1601813469, 0, 171, 1248, 1206, 320, 8.28%, 0, 0, 3, 60.97 5428 1927698
1601813524, 0, 171, 1249, 1207, 320, 8.28%, 0, 0, 3, 61.73 5428 1931121
1601813585, 0, 172, 1249, 1206, 326, 8.28%, 0, 0, 3, 61.51 5428 1934830
1601813590, 0, 172, 1259, 1216, 326, 8.30%, 0, 0, 3, 61.92 5438 1935141
1601813595, 0, 172, 1260, 1217, 326, 8.30%, 0, 0, 3, 62.24 5441 1935453
1601813600, 0, 172, 1261, 1218, 326, 8.31%, 0, 0, 3, 62.68 5444 1935768
1601813620, 0, 172, 1263, 1220, 326, 8.32%, 0, 0, 3, 62.23 5452 1937026
1601813625, 0, 172, 1264, 1221, 326, 8.33%, 0, 0, 3, 62.29 5459 1937338
1601813646, 0, 172, 1265, 1222, 326, 8.34%, 0, 0, 3, 62.08 5463 1938571
1601813707, 0, 172, 1267, 1224, 326, 8.34%, 0, 0, 3, 62.71 5467 1942374
1601813778, 0, 172, 1268, 1225, 326, 8.34%, 0, 0, 3, 57.33 5468 1946682
1601813788, 0, 173, 1268, 1224, 342, 8.34%, 0, 0, 3, 60.69 5468 1947300
1601813884, 0, 173, 1269, 1225, 342, 8.35%, 0, 0, 3, 59.77 5469 1953216
1601813961, 0, 174, 1269, 1224, 342, 8.35%, 0, 0, 3, 62.14 5469 1957905
1601814132, 0, 174, 1270, 1225, 342, 8.35%, 0, 0, 3, 60.98 5471 1968500
1601814143, 0, 179, 1270, 1224, 341, 8.35%, 0, 0, 3, 60.48 5471 1969090
1601814371, 0, 183, 1270, 1223, 340, 8.35%, 0, 0, 3, 60.87 5471 1983105
1601814544, 0, 183, 1271, 1224, 340, 8.35%, 0, 0, 3, 60.18 5474 1993447
1601814605, 0, 201, 1271, 1223, 340, 8.35%, 0, 0, 3, 60.24 5474 1997118
1601814620, 0, 202, 1271, 1222, 339, 8.35%, 0, 0, 3, 60.05 5474 1998041
1601814630, 0, 205, 1271, 1221, 338, 8.35%, 0, 0, 3, 60.75 5474 1998656
1601814757, 0, 208, 1271, 1220, 337, 8.35%, 0, 0, 3, 60.57 5474 2006431
1601814921, 0, 216, 1271, 1219, 336, 8.35%, 0, 0, 3, 59.79 5474 2016094
1601814931, 0, 216, 1273, 1221, 336, 8.35%, 0, 0, 3, 60.77 5475 2016713
1601814936, 0, 216, 1274, 1222, 336, 8.35%, 0, 0, 3, 60.50 5475 2017024
1601814962, 0, 219, 1274, 1221, 333, 8.35%, 0, 0, 3, 61.52 5475 2018548
1601815058, 0, 221, 1274, 1220, 332, 8.35%, 0, 0, 3, 59.95 5475 2024417
1601815064, 0, 221, 1275, 1221, 332, 8.35%, 0, 0, 3, 59.50 5475 2024723
1601815079, 0, 221, 1276, 1222, 332, 8.35%, 0, 0, 3, 59.78 5475 2025637
1601815115, 0, 232, 1278, 1223, 332, 8.35%, 0, 0, 3, 59.12 5475 2027754
1601815125, 0, 232, 1279, 1224, 332, 8.35%, 0, 0, 3, 59.01 5475 2028354
1601815140, 0, 232, 1280, 1225, 332, 8.36%, 0, 0, 3, 59.00 5476 2029236
1601815216, 0, 232, 1281, 1226, 332, 8.36%, 0, 0, 3, 59.09 5476 2033706
1601815299, 0, 232, 1282, 1227, 332, 8.36%, 0, 0, 3, 59.75 5476 2038506
1601815314, 0, 237, 1282, 1226, 332, 8.36%, 0, 0, 3, 58.33 5476 2039412
1601815339, 0, 237, 1283, 1227, 332, 8.36%, 0, 0, 3, 59.42 5478 2040927
1601815436, 0, 241, 1283, 1226, 332, 8.36%, 0, 0, 3, 60.04 5478 2046685
1601815533, 0, 241, 1284, 1227, 332, 8.36%, 0, 0, 3, 59.58 5478 2052431
1601815614, 0, 244, 1284, 1226, 331, 8.36%, 0, 0, 3, 60.17 5478 2057295
1601815675, 0, 245, 1284, 1225, 330, 8.36%, 0, 0, 3, 59.66 5478 2060990
1601815895, 0, 246, 1284, 1224, 329, 8.36%, 0, 0, 3, 61.48 5478 2074075
1601815916, 0, 250, 1284, 1223, 328, 8.36%, 0, 0, 3, 58.60 5478 2075281
1601816018, 0, 250, 1285, 1224, 328, 8.36%, 0, 0, 3, 59.04 5478 2081307
1601816094, 0, 253, 1285, 1223, 327, 8.36%, 0, 0, 3, 58.84 5478 2085765
1601816274, 0, 256, 1285, 1222, 326, 8.36%, 0, 0, 3, 60.32 5478 2096327
1601816365, 0, 256, 1286, 1223, 326, 8.36%, 0, 0, 3, 58.44 5480 2101783
1601816396, 0, 256, 1287, 1224, 326, 8.36%, 0, 0, 3, 59.39 5480 2103618
1601816447, 0, 257, 1289, 1225, 326, 8.36%, 0, 0, 3, 60.11 5480 2106663
1601816488, 0, 258, 1289, 1224, 325, 8.36%, 0, 0, 3, 58.92 5480 2109083
1601816514, 0, 258, 1290, 1225, 325, 8.36%, 0, 0, 3, 59.94 5481 2110623
1601816529, 0, 259, 1290, 1224, 326, 8.36%, 0, 0, 3, 60.66 5481 2111523
1601816534, 0, 259, 1291, 1225, 326, 8.36%, 0, 0, 3, 60.13 5481 2111834
1601816539, 0, 259, 1292, 1226, 326, 8.37%, 0, 0, 3, 60.84 5484 2112140
1601816544, 0, 259, 1293, 1227, 326, 8.37%, 0, 0, 3, 61.34 5484 2112452
1601816554, 0, 262, 1293, 1226, 325, 8.37%, 0, 0, 3, 61.15 5484 2113054
1601816747, 0, 265, 1293, 1225, 324, 8.37%, 0, 0, 3, 60.26 5484 2124924
1601816925, 0, 265, 1294, 1226, 324, 8.37%, 0, 0, 3, 60.02 5484 2135568
1601816936, 0, 266, 1294, 1225, 324, 8.37%, 0, 0, 3, 58.49 5484 2136183
1601816956, 0, 266, 1295, 1226, 324, 8.37%, 0, 0, 3, 59.64 5484 2137395
1601816992, 0, 267, 1295, 1225, 323, 8.37%, 0, 0, 3, 59.63 5484 2139525
1601817200, 0, 268, 1295, 1224, 322, 8.37%, 0, 0, 3, 60.03 5484 2151886
1601817348, 0, 268, 1296, 1225, 322, 8.37%, 0, 0, 3, 60.56 5485 2160731
1601817368, 0, 268, 1297, 1226, 322, 8.37%, 0, 0, 3, 60.16 5486 2161962
1601817635, 0, 283, 1297, 1225, 323, 8.37%, 0, 0, 3, 59.41 5486 2177923
1601817731, 0, 283, 1298, 1226, 323, 8.37%, 0, 0, 3, 59.51 5486 2183639
1601817813, 0, 287, 1298, 1225, 322, 8.37%, 0, 0, 3, 59.21 5486 2188455
1601817904, 0, 292, 1298, 1224, 321, 8.37%, 0, 0, 3, 61.37 5486 2193934
1601818000, 0, 294, 1298, 1223, 320, 8.37%, 0, 0, 3, 60.93 5486 2199822
1601818031, 0, 294, 1299, 1224, 320, 8.37%, 0, 0, 3, 60.13 5486 2201681
1601818184, 0, 304, 1299, 1223, 320, 8.37%, 0, 0, 3, 59.88 5486 2210890
1601818418, 0, 304, 1300, 1224, 320, 8.37%, 0, 0, 3, 58.80 5488 2224724
1601818602, 0, 305, 1300, 1223, 320, 8.37%, 0, 0, 3, 61.32 5488 2235602
1601818622, 0, 313, 1300, 1222, 319, 8.37%, 0, 0, 3, 58.79 5488 2236834
1601818627, 0, 313, 1301, 1223, 319, 8.37%, 0, 0, 3, 59.34 5488 2237137
1601818668, 0, 313, 1302, 1224, 319, 8.38%, 0, 0, 3, 58.68 5492 2239530
1601818935, 0, 313, 1303, 1225, 319, 8.38%, 0, 0, 3, 58.96 5495 2255155
1601818945, 0, 313, 1304, 1226, 319, 8.39%, 0, 0, 3, 59.04 5498 2255757
1601819186, 0, 314, 1304, 1225, 321, 8.39%, 0, 0, 3, 59.51 5498 2269851
1601819192, 0, 314, 1305, 1226, 321, 8.39%, 0, 0, 3, 57.05 5498 2270154
1601819238, 0, 314, 1306, 1227, 321, 8.39%, 0, 0, 3, 59.54 5499 2272879
1601819268, 0, 315, 1306, 1226, 321, 8.39%, 0, 0, 3, 59.93 5499 2274711
1601819273, 0, 315, 1307, 1227, 321, 8.40%, 0, 0, 3, 59.40 5504 2275010
1601819329, 0, 315, 1308, 1228, 321, 8.40%, 0, 0, 3, 58.56 5504 2278307
1601819508, 0, 315, 1309, 1229, 321, 8.40%, 0, 0, 3, 59.55 5505 2288752
1601819691, 0, 315, 1310, 1230, 321, 8.40%, 0, 0, 3, 59.62 5506 2299571
1601819696, 0, 316, 1310, 1229, 323, 8.40%, 0, 0, 3, 59.69 5506 2299880
1601820119, 0, 317, 1310, 1228, 323, 8.40%, 0, 0, 3, 59.90 5506 2324815
1601820145, 0, 317, 1311, 1229, 323, 8.41%, 0, 0, 3, 59.67 5509 2326343
1601820160, 0, 318, 1311, 1228, 323, 8.41%, 0, 0, 3, 60.03 5509 2327255
1601820272, 0, 318, 1314, 1231, 323, 8.41%, 0, 0, 3, 59.57 5509 2333850
1601820344, 0, 321, 1314, 1230, 323, 8.41%, 0, 0, 3, 60.26 5509 2338092
1601820349, 0, 321, 1315, 1231, 323, 8.41%, 0, 0, 3, 60.34 5513 2338395
1601820415, 0, 321, 1316, 1232, 323, 8.41%, 0, 0, 3, 60.77 5514 2342390
1601820461, 0, 323, 1316, 1231, 320, 8.41%, 0, 0, 3, 58.36 5514 2345078
1601820610, 0, 332, 1316, 1230, 319, 8.41%, 0, 0, 3, 58.00 5514 2353755
1601820620, 0, 332, 1317, 1231, 319, 8.42%, 0, 0, 3, 57.91 5515 2354355
1601820625, 0, 332, 1318, 1232, 319, 8.42%, 0, 0, 3, 57.78 5515 2354655
1601820718, 0, 332, 1319, 1233, 319, 8.42%, 0, 0, 3, 57.46 5515 2359987
1601820795, 0, 332, 1320, 1234, 319, 8.42%, 0, 0, 3, 58.69 5515 2364462
1601820810, 0, 335, 1320, 1233, 318, 8.42%, 0, 0, 3, 58.48 5515 2365362
1601820841, 0, 335, 1321, 1234, 318, 8.42%, 0, 0, 3, 58.61 5515 2367133
1601820851, 0, 335, 1322, 1235, 318, 8.42%, 0, 0, 3, 58.90 5515 2367733
1601820872, 0, 343, 1322, 1234, 316, 8.42%, 0, 0, 3, 58.19 5515 2368933
1601820975, 0, 343, 1323, 1235, 316, 8.43%, 0, 0, 3, 58.48 5523 2374912
1601821057, 0, 345, 1323, 1234, 316, 8.43%, 0, 0, 3, 58.87 5523 2379712
1601821068, 0, 345, 1324, 1235, 316, 8.43%, 0, 0, 3, 58.61 5523 2380314
1601821073, 0, 345, 1325, 1236, 316, 8.43%, 0, 0, 3, 58.37 5523 2380614
1601821093, 0, 346, 1325, 1235, 316, 8.43%, 0, 0, 3, 58.22 5523 2381802
1601821155, 0, 346, 1326, 1236, 316, 8.43%, 0, 0, 3, 58.87 5523 2385399
1601821165, 0, 348, 1326, 1235, 315, 8.43%, 0, 0, 3, 58.61 5523 2385999
1601821185, 0, 348, 1327, 1236, 315, 8.44%, 0, 0, 3, 58.79 5528 2387205
1601821206, 0, 350, 1327, 1235, 315, 8.44%, 0, 0, 3, 58.97 5528 2388407
1601821263, 0, 350, 1328, 1236, 315, 8.44%, 0, 0, 3, 58.35 5528 2391680
1601821309, 0, 353, 1328, 1235, 314, 8.44%, 0, 0, 3, 57.93 5528 2394356
1601821458, 0, 353, 1329, 1236, 314, 8.44%, 0, 0, 3, 57.27 5528 2402889
1601821493, 0, 356, 1329, 1235, 313, 8.44%, 0, 0, 3, 57.90 5528 2404940
1601821504, 0, 356, 1330, 1236, 313, 8.44%, 0, 0, 3, 56.93 5529 2405526
1601821529, 0, 356, 1331, 1237, 313, 8.44%, 0, 0, 3, 57.13 5529 2406974
1601821549, 0, 361, 1331, 1236, 314, 8.44%, 0, 0, 3, 56.55 5529 2408141
1601821565, 0, 361, 1332, 1237, 314, 8.44%, 0, 0, 3, 56.45 5529 2408998
1601821575, 0, 361, 1333, 1238, 314, 8.44%, 0, 0, 3, 57.11 5529 2409575
1601821616, 0, 361, 1334, 1239, 314, 8.44%, 0, 0, 3, 58.29 5529 2411935
1601821626, 0, 364, 1334, 1238, 312, 8.44%, 0, 0, 3, 58.94 5529 2412535
1601821749, 0, 365, 1334, 1237, 311, 8.44%, 0, 0, 3, 58.29 5529 2419777
1601821800, 0, 366, 1342, 1244, 310, 8.48%, 0, 0, 3, 57.14 5560 2422757
1601821806, 0, 366, 1343, 1245, 310, 8.48%, 0, 0, 3, 56.61 5560 2423045
1601821816, 0, 366, 1346, 1248, 310, 8.50%, 0, 0, 3, 57.34 5571 2423609
1601821826, 0, 366, 1348, 1250, 310, 8.53%, 0, 0, 3, 56.93 5587 2424185
1601821851, 0, 366, 1355, 1257, 310, 8.56%, 0, 0, 3, 57.41 5607 2425629
1601821861, 0, 366, 1357, 1259, 310, 8.56%, 0, 0, 3, 57.46 5608 2426205
1601822048, 0, 366, 1361, 1263, 310, 8.56%, 0, 0, 3, 57.39 5611 2436861
1601822054, 0, 366, 1363, 1265, 310, 8.58%, 0, 0, 3, 56.96 5626 2437149
1601822059, 0, 366, 1365, 1267, 310, 8.59%, 0, 0, 3, 56.68 5629 2437437
1601822064, 0, 366, 1366, 1268, 310, 8.60%, 0, 0, 3, 56.72 5633 2437725
1601822124, 0, 366, 1367, 1269, 310, 8.60%, 0, 0, 3, 57.41 5637 2441166
1601822134, 0, 366, 1371, 1273, 310, 8.63%, 0, 0, 3, 57.08 5653 2441742
1601822230, 0, 366, 1372, 1274, 310, 8.63%, 0, 0, 3, 56.43 5653 2447236
1601822235, 0, 366, 1374, 1276, 310, 8.63%, 0, 0, 3, 57.82 5657 2447536
1601822251, 0, 366, 1375, 1277, 310, 8.63%, 0, 0, 3, 58.01 5657 2448435
1601822256, 0, 366, 1376, 1278, 310, 8.63%, 0, 0, 3, 58.08 5657 2448735
1601822287, 0, 366, 1377, 1279, 310, 8.63%, 0, 0, 3, 58.08 5659 2450517
1601822292, 0, 366, 1378, 1280, 310, 8.63%, 0, 0, 3, 57.01 5659 2450801
1601822307, 0, 366, 1380, 1282, 310, 8.63%, 0, 0, 3, 58.13 5659 2451701
1601822312, 0, 366, 1381, 1283, 310, 8.64%, 0, 0, 3, 58.34 5660 2452001
1601822333, 0, 366, 1383, 1285, 310, 8.64%, 0, 0, 3, 57.89 5661 2453190
1601822343, 0, 366, 1384, 1286, 310, 8.64%, 0, 0, 3, 57.72 5661 2453789
1601822369, 0, 366, 1387, 1289, 310, 8.65%, 0, 0, 3, 58.03 5668 2455266
1601822374, 0, 366, 1388, 1290, 310, 8.65%, 0, 0, 3, 58.13 5668 2455566
1601822390, 0, 366, 1389, 1291, 310, 8.65%, 0, 0, 3, 58.61 5669 2456444
1601822405, 0, 366, 1392, 1294, 310, 8.65%, 0, 0, 3, 57.96 5669 2457344
1601822415, 0, 366, 1394, 1296, 310, 8.65%, 0, 0, 3, 57.01 5669 2457914
1601822421, 0, 366, 1395, 1297, 310, 8.65%, 0, 0, 3, 57.94 5669 2458214
1601822426, 0, 366, 1397, 1299, 310, 8.65%, 0, 0, 3, 57.77 5669 2458512
1601822441, 0, 366, 1398, 1300, 310, 8.65%, 0, 0, 3, 58.08 5669 2459412
1601822446, 0, 366, 1399, 1301, 310, 8.65%, 0, 0, 3, 58.28 5669 2459712
1601822452, 0, 366, 1400, 1302, 310, 8.65%, 0, 0, 3, 58.07 5669 2460012
1601822477, 0, 366, 1401, 1303, 310, 8.65%, 0, 0, 3, 58.09 5669 2461512
1601822493, 0, 366, 1402, 1304, 310, 8.65%, 0, 0, 3, 57.99 5669 2462412
1601822508, 0, 366, 1403, 1305, 310, 8.65%, 0, 0, 3, 58.40 5669 2463313
1601822513, 0, 366, 1404, 1306, 310, 8.65%, 0, 0, 3, 58.55 5670 2463613
1601822518, 0, 367, 1404, 1305, 329, 8.65%, 0, 0, 3, 57.46 5670 2463900
1601822524, 0, 367, 1406, 1307, 329, 8.66%, 0, 0, 3, 57.11 5673 2464188
1601822584, 0, 367, 1410, 1311, 329, 8.67%, 0, 0, 3, 57.12 5681 2467637
1601822650, 0, 367, 1411, 1312, 329, 8.68%, 0, 0, 3, 56.72 5687 2471379
1601822762, 0, 367, 1412, 1313, 329, 8.68%, 0, 0, 3, 56.92 5687 2477693
1601822782, 0, 367, 1416, 1317, 329, 8.68%, 0, 0, 3, 56.89 5690 2478845
1601822787, 0, 367, 1417, 1318, 329, 8.68%, 0, 0, 3, 56.86 5690 2479133
1601822950, 0, 367, 1420, 1321, 329, 8.68%, 0, 0, 3, 57.92 5690 2488275
1601822955, 0, 367, 1424, 1325, 329, 8.68%, 0, 0, 3, 58.40 5691 2488575
1601822965, 0, 367, 1428, 1329, 329, 8.68%, 0, 0, 3, 58.40 5691 2489175
1601822970, 0, 367, 1431, 1332, 329, 8.68%, 0, 0, 3, 58.40 5691 2489475
1601822975, 0, 367, 1432, 1333, 329, 8.68%, 0, 0, 3, 58.43 5691 2489775
1601822996, 0, 367, 1434, 1335, 329, 8.68%, 0, 0, 3, 58.43 5691 2490975
1601823001, 0, 367, 1435, 1336, 329, 8.68%, 0, 0, 3, 58.70 5691 2491276
1601823021, 0, 367, 1437, 1338, 329, 8.68%, 0, 0, 3, 58.96 5691 2492478
1601823026, 0, 367, 1438, 1339, 329, 8.68%, 0, 0, 3, 58.78 5691 2492779
1601823047, 0, 367, 1439, 1340, 329, 8.68%, 0, 0, 3, 58.25 5691 2493980
1601823052, 0, 367, 1441, 1342, 329, 8.68%, 0, 0, 3, 58.07 5691 2494280
1601823057, 0, 367, 1444, 1345, 329, 8.69%, 0, 0, 3, 57.79 5693 2494580
1601823093, 0, 367, 1445, 1346, 329, 8.69%, 0, 0, 3, 57.94 5693 2496680
1601823114, 0, 367, 1446, 1347, 329, 8.69%, 0, 0, 3, 57.88 5693 2497857
1601823145, 0, 367, 1447, 1348, 329, 8.69%, 0, 0, 3, 58.06 5693 2499640
1601823222, 0, 367, 1449, 1350, 329, 8.69%, 0, 0, 3, 55.95 5693 2504113
1601823233, 0, 370, 1449, 1349, 335, 8.69%, 0, 0, 3, 57.56 5693 2504711
1601823335, 0, 375, 1449, 1348, 334, 8.69%, 0, 0, 3, 59.03 5693 2510675
1601823648, 0, 375, 1450, 1349, 334, 8.69%, 0, 0, 3, 58.74 5693 2528986
1601823664, 0, 378, 1450, 1348, 333, 8.69%, 0, 0, 3, 58.43 5693 2529890
1601823849, 0, 378, 1451, 1349, 333, 8.70%, 0, 0, 3, 57.85 5701 2540628
1601823972, 0, 383, 1451, 1348, 333, 8.70%, 0, 0, 3, 59.24 5701 2547769
1601823978, 0, 383, 1452, 1349, 333, 8.70%, 0, 0, 3, 58.95 5703 2548072
1601823983, 0, 383, 1453, 1350, 333, 8.70%, 0, 0, 3, 59.25 5703 2548375
1601823988, 0, 383, 1456, 1353, 333, 8.71%, 0, 0, 3, 58.67 5706 2548675
1601823998, 0, 384, 1456, 1352, 335, 8.71%, 0, 0, 3, 60.12 5706 2549291
1601824003, 0, 384, 1457, 1353, 335, 8.71%, 0, 0, 3, 60.49 5706 2549596
1601824018, 0, 394, 1457, 1352, 334, 8.71%, 0, 0, 3, 60.24 5706 2550511
1601824444, 0, 399, 1457, 1351, 334, 8.71%, 0, 0, 3, 58.72 5706 2575188
1601824577, 0, 399, 1458, 1352, 334, 8.71%, 0, 0, 3, 58.77 5706 2582979
1601825068, 0, 411, 1458, 1351, 333, 8.71%, 0, 0, 3, 58.29 5706 2611751
1601825073, 0, 411, 1459, 1352, 333, 8.71%, 0, 0, 3, 58.34 5706 2612051
1601825797, 0, 412, 1459, 1351, 330, 8.71%, 0, 0, 3, 56.54 5706 2653857
1601826289, 0, 413, 1459, 1350, 329, 8.71%, 0, 0, 3, 57.30 5706 2682009
1601826793, 0, 424, 1459, 1349, 328, 8.71%, 0, 0, 3, 56.69 5706 2710437
1601827993, 0, 424, 1460, 1350, 328, 8.71%, 0, 0, 3, 54.90 5706 2776785
1601828457, 0, 449, 1460, 1349, 327, 8.71%, 0, 0, 3, 56.60 5706 2802397
1601828462, 0, 449, 1461, 1350, 327, 8.71%, 0, 0, 3, 56.79 5706 2802685
1601828514, 0, 449, 1462, 1351, 327, 8.71%, 0, 0, 3, 58.00 5706 2805672
1601829183, 0, 469, 1462, 1350, 327, 8.71%, 0, 0, 3, 55.15 5706 2843977
1601829193, 0, 469, 1464, 1352, 327, 8.71%, 0, 0, 3, 54.16 5706 2844538
1601829219, 0, 469, 1465, 1353, 327, 8.71%, 0, 0, 3, 53.41 5706 2845912
1601829394, 0, 469, 1466, 1354, 327, 8.71%, 0, 0, 3, 54.03 5706 2855294
1601829625, 0, 469, 1467, 1355, 327, 8.72%, 0, 0, 3, 53.47 5712 2867597
1601829677, 0, 469, 1469, 1357, 327, 8.72%, 0, 0, 3, 53.99 5714 2870316
1601830189, 0, 469, 1470, 1358, 327, 8.72%, 0, 0, 3, 54.56 5714 2898097
1601830516, 0, 469, 1471, 1359, 327, 8.72%, 0, 0, 3, 54.05 5715 2915726
1601830912, 0, 469, 1472, 1360, 327, 8.72%, 0, 0, 3, 56.63 5715 2936774
1601830917, 0, 469, 1474, 1362, 327, 8.72%, 0, 0, 3, 56.27 5715 2937060
1601830932, 0, 469, 1475, 1363, 327, 8.72%, 0, 0, 3, 56.36 5715 2937903
1601830937, 0, 469, 1477, 1365, 327, 8.72%, 0, 0, 3, 56.52 5715 2938189
1601830948, 0, 469, 1479, 1367, 327, 8.72%, 0, 0, 3, 56.17 5715 2938758
1601830953, 0, 469, 1480, 1368, 327, 8.72%, 0, 0, 3, 56.63 5715 2939045
1601830968, 0, 469, 1481, 1369, 327, 8.72%, 0, 0, 3, 56.81 5715 2939888
1601830988, 0, 469, 1483, 1371, 327, 8.72%, 0, 0, 3, 55.88 5715 2941030
1601830993, 0, 469, 1484, 1372, 327, 8.72%, 0, 0, 3, 55.97 5715 2941315
1601831008, 0, 469, 1485, 1373, 327, 8.72%, 0, 0, 3, 56.22 5715 2942167
1601831024, 0, 469, 1487, 1375, 327, 8.72%, 0, 0, 3, 55.92 5715 2943000
1601831039, 0, 469, 1488, 1376, 327, 8.72%, 0, 0, 3, 55.55 5715 2943852
1601831044, 0, 469, 1489, 1377, 327, 8.72%, 0, 0, 3, 55.25 5715 2944128
1601831049, 0, 469, 1490, 1378, 327, 8.72%, 0, 0, 3, 55.12 5715 2944406
1601831074, 0, 469, 1491, 1379, 327, 8.72%, 0, 0, 3, 56.66 5715 2945834
1601831079, 0, 469, 1493, 1381, 327, 8.72%, 0, 0, 3, 56.37 5715 2946118
1601831089, 0, 469, 1494, 1382, 327, 8.72%, 0, 0, 3, 56.92 5715 2946692
1601831094, 0, 469, 1495, 1383, 327, 8.72%, 0, 0, 3, 56.42 5715 2946977
1601831099, 0, 469, 1497, 1385, 327, 8.72%, 0, 0, 3, 56.74 5716 2947261
1601831114, 0, 469, 1498, 1386, 327, 8.72%, 0, 0, 3, 56.23 5716 2948101
1601831125, 0, 475, 1498, 1385, 329, 8.72%, 0, 0, 3, 55.08 5716 2948670
1601832881, 0, 488, 1498, 1384, 328, 8.72%, 0, 0, 3, 54.89 5716 3043941
1601832896, 0, 488, 1499, 1385, 328, 8.72%, 0, 0, 3, 54.45 5716 3044778
1601832978, 0, 488, 1500, 1386, 328, 8.72%, 0, 0, 3, 56.44 5716 3049205
1601833279, 0, 488, 1501, 1387, 328, 8.72%, 0, 0, 3, 53.94 5716 3065398
1601833319, 0, 488, 1502, 1388, 328, 8.72%, 0, 0, 3, 54.27 5716 3067599
1601833820, 0, 488, 1503, 1389, 328, 8.72%, 0, 0, 3, 57.04 5716 3095236
1601833845, 0, 488, 1504, 1390, 328, 8.72%, 0, 0, 3, 57.47 5716 3096721
1601834422, 0, 488, 1505, 1391, 328, 8.72%, 0, 0, 3, 53.92 5716 3127920
1601834658, 0, 494, 1505, 1390, 328, 8.72%, 0, 0, 3, 54.64 5716 3140657
1601834801, 0, 494, 1506, 1391, 328, 8.72%, 0, 0, 3, 54.49 5716 3148379
1601834806, 0, 494, 1507, 1392, 328, 8.72%, 0, 0, 3, 53.85 5716 3148645
1601834898, 0, 494, 1508, 1393, 328, 8.72%, 0, 0, 3, 53.61 5717 3153625
1601835635, 0, 494, 1509, 1394, 328, 8.73%, 0, 0, 3, 54.29 5721 3193767
1601835646, 0, 494, 1510, 1395, 328, 8.73%, 0, 0, 3, 55.58 5722 3194323
1601835872, 0, 494, 1513, 1398, 328, 8.74%, 0, 0, 3, 53.82 5731 3206403
1601836479, 0, 494, 1514, 1399, 328, 8.74%, 0, 0, 3, 56.54 5731 3239330
1601836484, 0, 494, 1516, 1401, 328, 8.74%, 0, 0, 3, 56.39 5731 3239616
1601836489, 0, 494, 1517, 1402, 328, 8.74%, 0, 0, 3, 54.61 5731 3239883
1601836520, 0, 494, 1518, 1403, 328, 8.74%, 0, 0, 3, 56.05 5731 3241580
1601836550, 0, 494, 1519, 1404, 328, 8.74%, 0, 0, 3, 57.02 5731 3243282
1601836585, 0, 494, 1520, 1405, 328, 8.75%, 0, 0, 3, 55.58 5734 3245258
1601836636, 0, 494, 1521, 1406, 328, 8.75%, 0, 0, 3, 56.93 5734 3248132
1601836641, 0, 494, 1522, 1407, 328, 8.75%, 0, 0, 3, 57.05 5734 3248421
1601836661, 0, 494, 1523, 1408, 328, 8.75%, 0, 0, 3, 56.48 5734 3249574
1601836682, 0, 494, 1524, 1409, 328, 8.75%, 0, 0, 3, 56.77 5734 3250704
1601836692, 0, 494, 1526, 1411, 328, 8.75%, 0, 0, 3, 56.62 5737 3251278
1601836707, 0, 494, 1527, 1412, 328, 8.75%, 0, 0, 3, 56.94 5737 3252139
1601836752, 0, 494, 1528, 1413, 328, 8.75%, 0, 0, 3, 56.86 5737 3254715
1601836757, 0, 494, 1529, 1414, 328, 8.76%, 0, 0, 3, 57.09 5742 3255001
1601836767, 0, 520, 1529, 1413, 333, 8.76%, 0, 0, 3, 57.32 5742 3255576
1601837021, 0, 520, 1530, 1414, 333, 8.76%, 0, 0, 3, 58.64 5743 3270276
1601837423, 0, 523, 1530, 1413, 332, 8.76%, 0, 0, 3, 57.50 5743 3293563
1601839042, 0, 531, 1530, 1412, 331, 8.76%, 0, 0, 3, 55.44 5743 3384405
1601839190, 0, 531, 1531, 1413, 331, 8.78%, 0, 0, 3, 53.86 5755 3392436
1601840598, 0, 531, 1532, 1414, 331, 8.78%, 0, 0, 3, 53.48 5755 3468503
1601840930, 0, 533, 1532, 1413, 331, 8.78%, 0, 0, 3, 55.41 5755 3486477
1601841078, 0, 533, 1533, 1414, 331, 8.78%, 0, 0, 3, 54.63 5755 3494531
1601842235, 0, 533, 1534, 1415, 331, 8.78%, 0, 0, 3, 53.03 5756 3557758
1601842808, 0, 534, 1534, 1414, 331, 8.78%, 0, 0, 3, 54.89 5756 3588443
1601842850, 0, 534, 1536, 1416, 331, 8.78%, 0, 0, 3, 52.90 5756 3590653
1601842901, 0, 534, 1539, 1419, 331, 8.79%, 0, 0, 3, 52.74 5759 3593333
1601842947, 0, 534, 1540, 1420, 331, 8.79%, 0, 0, 3, 53.13 5759 3595777
1601843259, 0, 534, 1543, 1423, 331, 8.79%, 0, 0, 3, 53.06 5759 3612351
1601843325, 0, 534, 1544, 1424, 331, 8.79%, 0, 0, 3, 53.10 5760 3615865
1601844036, 0, 534, 1545, 1425, 331, 8.79%, 0, 0, 3, 53.47 5762 3654268
1601844046, 0, 534, 1546, 1426, 331, 8.79%, 0, 0, 3, 53.68 5762 3654801
1601844719, 0, 534, 1547, 1427, 331, 8.79%, 0, 0, 3, 56.82 5762 3690773
1601844724, 0, 534, 1549, 1429, 331, 8.79%, 0, 0, 3, 56.49 5762 3691058
1601844729, 0, 534, 1550, 1430, 331, 8.79%, 0, 0, 3, 56.78 5762 3691345
1601844774, 0, 534, 1551, 1431, 331, 8.79%, 0, 0, 3, 56.22 5763 3693884
1601844856, 0, 534, 1552, 1432, 331, 8.79%, 0, 0, 3, 56.52 5763 3698430
1601844861, 0, 534, 1553, 1433, 331, 8.79%, 0, 0, 3, 56.34 5763 3698716
1601844881, 0, 534, 1554, 1434, 331, 8.79%, 0, 0, 3, 56.16 5763 3699857
1601844922, 0, 534, 1556, 1436, 331, 8.79%, 0, 0, 3, 55.92 5763 3702116
1601844927, 0, 544, 1556, 1435, 335, 8.79%, 0, 0, 3, 55.09 5763 3702401
1601844932, 0, 544, 1557, 1436, 335, 8.79%, 0, 0, 3, 54.31 5763 3702678
1601845143, 0, 544, 1558, 1437, 335, 8.80%, 0, 0, 3, 54.75 5764 3714014
1601845928, 0, 544, 1559, 1438, 335, 8.80%, 0, 0, 3, 54.16 5765 3756995
1601845933, 0, 544, 1560, 1439, 335, 8.80%, 0, 0, 3, 54.08 5765 3757270
1601846574, 0, 544, 1561, 1440, 335, 8.80%, 0, 0, 3, 52.96 5766 3791525
1601846805, 0, 544, 1562, 1441, 335, 8.80%, 0, 0, 3, 51.83 5766 3803776
1601846816, 0, 544, 1563, 1442, 335, 8.80%, 0, 0, 3, 56.31 5766 3804346
1601846826, 0, 544, 1564, 1443, 335, 8.80%, 0, 0, 3, 56.58 5766 3804918
1601846836, 0, 544, 1565, 1444, 335, 8.80%, 0, 0, 3, 54.14 5766 3805474
1601846866, 0, 544, 1566, 1445, 335, 8.80%, 0, 0, 3, 56.04 5766 3807160
1601846877, 0, 544, 1567, 1446, 335, 8.80%, 0, 0, 3, 56.08 5766 3807730
1601846907, 0, 544, 1568, 1447, 335, 8.80%, 0, 0, 3, 55.57 5766 3809422
1601846927, 0, 544, 1569, 1448, 335, 8.80%, 0, 0, 3, 56.21 5766 3810561
1601846948, 0, 544, 1570, 1449, 335, 8.80%, 0, 0, 3, 56.40 5766 3811705
1601846958, 0, 544, 1571, 1450, 335, 8.80%, 0, 0, 3, 56.90 5767 3812249
1601846983, 0, 544, 1572, 1451, 335, 8.80%, 0, 0, 3, 56.13 5767 3813677
1601846993, 0, 544, 1573, 1452, 335, 8.80%, 0, 0, 3, 56.40 5767 3814219
1601847034, 0, 544, 1574, 1453, 335, 8.80%, 0, 0, 3, 56.31 5767 3816483
1601847044, 0, 544, 1575, 1454, 335, 8.80%, 0, 0, 3, 56.81 5767 3817059
1601847049, 0, 544, 1576, 1455, 335, 8.80%, 0, 0, 3, 56.10 5767 3817344
1601847069, 0, 544, 1577, 1456, 335, 8.80%, 0, 0, 3, 55.78 5767 3818468
1601847074, 0, 544, 1578, 1457, 335, 8.80%, 0, 0, 3, 56.11 5767 3818751
1601847090, 0, 544, 1579, 1458, 335, 8.80%, 0, 0, 3, 56.31 5767 3819610
1601847105, 0, 545, 1579, 1457, 339, 8.80%, 0, 0, 3, 54.93 5767 3820461
1601849000, 0, 546, 1579, 1456, 338, 8.80%, 0, 0, 3, 57.17 5767 3922480
1601849764, 0, 558, 1579, 1455, 337, 8.80%, 0, 0, 3, 55.02 5767 3966194
1601851630, 0, 558, 1580, 1456, 337, 8.80%, 0, 0, 3, 56.07 5767 4067632
1601851645, 0, 561, 1580, 1455, 336, 8.80%, 0, 0, 3, 56.42 5767 4068489
1601851773, 0, 561, 1581, 1456, 336, 8.80%, 0, 0, 3, 53.65 5767 4075410
1601852131, 0, 561, 1582, 1457, 336, 8.80%, 0, 0, 3, 55.01 5767 4094785
1601852561, 0, 561, 1583, 1458, 336, 8.80%, 0, 0, 3, 57.02 5767 4118464
1601852601, 0, 561, 1584, 1459, 336, 8.80%, 0, 0, 3, 58.13 5767 4120790
1601852937, 0, 561, 1585, 1460, 336, 8.80%, 0, 0, 3, 56.83 5767 4139057
1601853523, 0, 565, 1585, 1459, 336, 8.80%, 0, 0, 3, 55.28 5767 4170719
1601853534, 0, 565, 1586, 1460, 336, 8.80%, 0, 0, 3, 54.32 5767 4171283
1601853727, 0, 565, 1587, 1461, 336, 8.80%, 0, 0, 3, 55.41 5767 4181823
1601855396, 0, 570, 1587, 1460, 336, 8.80%, 0, 0, 3, 57.53 5767 4272600
1601855818, 0, 580, 1587, 1459, 335, 8.80%, 0, 0, 3, 58.98 5767 4297606
1601855971, 0, 580, 1588, 1460, 335, 8.81%, 0, 0, 3, 54.36 5774 4305912
1601855981, 0, 580, 1589, 1461, 335, 8.81%, 0, 0, 3, 55.81 5774 4306476
1601856303, 0, 580, 1590, 1462, 335, 8.81%, 0, 0, 3, 56.01 5774 4323833
1601856329, 0, 580, 1591, 1463, 335, 8.82%, 0, 0, 3, 53.56 5778 4325208
1601857675, 0, 580, 1592, 1464, 335, 8.82%, 0, 0, 3, 51.92 5781 4397803
1601857711, 0, 581, 1592, 1463, 336, 8.82%, 0, 0, 3, 56.69 5781 4399754
1601858143, 0, 582, 1592, 1462, 335, 8.82%, 0, 0, 3, 57.64 5781 4424938
1601858878, 0, 591, 1592, 1461, 334, 8.82%, 0, 0, 3, 57.81 5781 4467158
1601859020, 0, 591, 1593, 1462, 334, 8.83%, 0, 0, 3, 59.40 5786 4475575
1601859030, 0, 591, 1594, 1463, 334, 8.83%, 0, 0, 3, 59.25 5787 4476179
1601859306, 0, 592, 1594, 1462, 335, 8.83%, 0, 0, 3, 56.35 5787 4492418
1601859346, 0, 592, 1595, 1463, 335, 8.83%, 0, 0, 3, 53.77 5787 4494628
1601860308, 0, 592, 1596, 1464, 335, 8.83%, 0, 0, 3, 53.92 5787 4546824
1601861185, 0, 593, 1596, 1463, 335, 8.83%, 0, 0, 3, 56.06 5787 4594344
1601861195, 0, 593, 1597, 1464, 335, 8.83%, 0, 0, 3, 55.31 5787 4594915
1601862135, 0, 593, 1598, 1465, 335, 8.83%, 0, 0, 3, 57.62 5787 4646433
1601862181, 0, 593, 1599, 1466, 335, 8.83%, 0, 0, 3, 54.29 5787 4648971
1601862323, 0, 593, 1600, 1467, 335, 8.90%, 0, 0, 3, 54.01 5832 4656683
1601863052, 0, 593, 1601, 1468, 335, 8.90%, 0, 0, 3, 55.88 5832 4696132
1601863067, 0, 594, 1601, 1467, 337, 8.90%, 0, 0, 3, 55.42 5832 4696981
1601863108, 0, 594, 1602, 1468, 337, 8.90%, 0, 0, 3, 53.99 5832 4699189
1601863540, 0, 594, 1603, 1469, 337, 8.90%, 0, 0, 3, 56.92 5832 4722804
1601864073, 0, 594, 1604, 1470, 337, 8.90%, 0, 0, 3, 52.33 5832 4751581
1601864955, 0, 597, 1604, 1469, 337, 8.90%, 0, 0, 3, 55.47 5832 4798878
1601864996, 0, 597, 1605, 1470, 337, 8.90%, 0, 0, 3, 53.90 5832 4801081
