# unix_time, cycles_done, cur_path, paths_total, pending_total, pending_favs, map_size, unique_crashes, unique_hangs, max_depth, execs_per_sec, edge_coverage, total_execs
1601778667, 0, 0, 1, 1, 1, 1.51%, 0, 0, 1, 52.63 0 8
1601778677, 0, 0, 6, 6, 1, 1.58%, 0, 0, 2, 80.79 1037 821
1601778687, 0, 0, 17, 17, 1, 1.65%, 0, 0, 2, 79.86 1081 1609
1601778692, 0, 0, 18, 18, 1, 1.65%, 0, 0, 2, 73.99 1082 1984
1601778703, 0, 0, 24, 24, 1, 1.68%, 0, 0, 2, 50.47 1099 2698
1601778825, 0, 0, 26, 26, 1, 1.70%, 0, 0, 2, 27.15 1113 6535
1601778861, 0, 0, 29, 29, 1, 1.70%, 0, 0, 2, 27.52 1114 7557
1601778866, 0, 0, 30, 30, 1, 1.70%, 0, 0, 2, 27.19 1114 7694
1601778891, 0, 0, 31, 31, 1, 1.70%, 0, 0, 2, 26.40 1114 8375
1601779074, 0, 0, 33, 33, 1, 1.70%, 0, 0, 2, 27.42 1114 13371
1601779104, 0, 0, 34, 34, 1, 1.70%, 0, 0, 2, 26.71 1114 14210
1601779301, 0, 0, 38, 38, 1, 1.74%, 0, 0, 2, 27.41 1139 19590
1601779306, 0, 0, 39, 39, 1, 1.74%, 0, 0, 2, 27.35 1139 19728
1601779327, 0, 0, 41, 41, 1, 1.75%, 0, 0, 2, 30.67 1147 20673
1601779601, 0, 0, 43, 43, 1, 1.75%, 0, 0, 2, 27.35 1148 28648
1601779611, 0, 0, 44, 44, 1, 1.76%, 0, 0, 2, 27.02 1152 28918
1601779616, 0, 0, 45, 45, 1, 1.76%, 0, 0, 2, 27.22 1152 29055
1601779652, 0, 0, 47, 47, 1, 1.76%, 0, 0, 2, 26.58 1152 30186
1601779657, 0, 0, 48, 48, 1, 1.76%, 0, 0, 2, 27.10 1152 30324
1601779758, 0, 0, 50, 50, 1, 1.79%, 0, 0, 2, 25.91 1176 33453
1601779779, 0, 0, 51, 51, 1, 1.80%, 0, 0, 2, 27.30 1177 34057
1601779789, 0, 0, 52, 52, 1, 1.80%, 0, 0, 2, 47.09 1178 34441
1601779804, 0, 1, 52, 51, 31, 1.80%, 0, 0, 2, 50.34 1178 35273
1601780993, 0, 2, 52, 50, 30, 1.80%, 0, 0, 2, 39.51 1178 69725
1601782189, 0, 3, 52, 49, 29, 1.80%, 0, 0, 2, 37.98 1178 104087
1601783369, 0, 4, 52, 48, 28, 1.80%, 0, 0, 2, 45.49 1178 139856
1601783405, 0, 4, 53, 49, 28, 1.80%, 0, 0, 3, 32.39 1179 141052
1601784075, 0, 4, 55, 51, 28, 1.81%, 0, 0, 3, 38.66 1185 161941
1601784090, 0, 5, 55, 50, 29, 1.81%, 0, 0, 3, 91.32 1185 162995
1601784095, 0, 5, 56, 51, 29, 1.81%, 0, 0, 3, 286.69 1186 164708
1601784110, 0, 5, 57, 52, 29, 1.81%, 0, 0, 3, 335.60 1187 169785
1601784115, 0, 6, 57, 51, 30, 1.81%, 0, 0, 3, 332.64 1187 171472
1601784136, 0, 7, 58, 51, 29, 1.81%, 0, 0, 3, 319.54 1187 177969
1601784141, 0, 7, 59, 52, 29, 1.81%, 0, 0, 3, 311.70 1188 179549
1601784197, 0, 7, 61, 54, 29, 1.81%, 0, 0, 3, 28.60 1188 196484
1601784222, 0, 7, 62, 55, 29, 1.82%, 0, 0, 3, 284.75 1191 203461
1601784227, 0, 7, 64, 57, 29, 1.82%, 0, 0, 3, 258.93 1191 204787
1601784233, 0, 7, 66, 59, 29, 1.82%, 0, 0, 3, 258.76 1191 206098
1601784238, 0, 7, 67, 60, 29, 1.82%, 0, 0, 3, 234.03 1191 207320
1601784243, 0, 7, 69, 62, 29, 1.82%, 0, 0, 3, 273.24 1196 208502
1601784274, 0, 12, 69, 61, 30, 1.82%, 0, 0, 3, 38.99 1196 215658
1601784522, 0, 14, 69, 60, 29, 1.82%, 0, 0, 3, 29.50 1196 224515
1601785278, 0, 15, 69, 59, 28, 1.82%, 0, 0, 3, 55.69 1196 247331
1601785993, 0, 16, 69, 58, 27, 1.82%, 0, 0, 3, 54.78 1196 268935
1601786692, 0, 17, 69, 57, 26, 1.82%, 0, 0, 3, 48.56 1196 290163
1601787211, 0, 18, 69, 56, 25, 1.82%, 0, 0, 3, 66.97 1196 306457
1601788032, 0, 19, 69, 55, 24, 1.82%, 0, 0, 3, 64.84 1196 330795
1601788907, 0, 20, 69, 54, 23, 1.82%, 0, 0, 3, 46.53 1196 356883
1601789620, 0, 20, 71, 56, 23, 1.82%, 0, 0, 3, 25.75 1196 377506
1601789845, 0, 21, 71, 55, 22, 1.82%, 0, 0, 3, 49.62 1196 384715
1601790761, 0, 22, 71, 54, 21, 1.82%, 0, 0, 3, 57.77 1196 412112
1601791685, 0, 23, 71, 53, 20, 1.82%, 0, 0, 3, 56.51 1196 439743
1601792819, 0, 24, 71, 52, 19, 1.82%, 0, 0, 3, 43.07 1196 473027
1601794003, 0, 25, 71, 51, 18, 1.82%, 0, 0, 3, 41.50 1196 507644
1601795194, 0, 34, 71, 50, 17, 1.82%, 0, 0, 3, 51.12 1196 542202
1601796388, 0, 35, 71, 49, 16, 1.82%, 0, 0, 3, 42.49 1196 576907
1601797569, 0, 36, 71, 48, 15, 1.82%, 0, 0, 3, 41.98 1196 611432
1601798720, 0, 37, 71, 47, 14, 1.82%, 0, 0, 3, 41.84 1196 646146
1601799901, 0, 40, 71, 46, 13, 1.82%, 0, 0, 3, 40.77 1196 680833
1601800628, 0, 40, 72, 47, 13, 1.82%, 0, 0, 3, 28.30 1196 703093
1601800638, 0, 41, 72, 46, 13, 1.82%, 0, 0, 3, 52.83 1196 703672
1601801544, 0, 43, 72, 45, 12, 1.82%, 0, 0, 3, 52.61 1196 731311
1601802722, 0, 48, 72, 44, 11, 1.82%, 0, 0, 3, 43.56 1196 767276
1601802798, 0, 48, 73, 45, 11, 1.83%, 0, 0, 3, 27.41 1197 769507
1601803287, 0, 48, 74, 46, 11, 1.83%, 0, 0, 3, 27.86 1198 783787
1601803425, 0, 48, 75, 47, 11, 1.98%, 0, 0, 3, 27.21 1297 788221
1601803634, 0, 50, 75, 46, 13, 1.98%, 0, 0, 3, 42.43 1297 795094
1601804781, 0, 51, 75, 45, 12, 1.98%, 0, 0, 3, 44.97 1297 829733
1601805878, 0, 52, 75, 44, 11, 1.98%, 0, 0, 3, 338.11 1297 863956
1601806010, 0, 55, 75, 43, 10, 1.98%, 0, 0, 3, 333.85 1297 907591
1601806036, 0, 57, 75, 41, 8, 1.98%, 0, 0, 3, 355.72 1297 916565
1601806056, 0, 63, 75, 40, 7, 1.98%, 0, 0, 3, 350.01 1297 923922
1601806154, 0, 65, 75, 39, 6, 1.98%, 0, 0, 3, 330.27 1297 955455
1601806159, 0, 65, 76, 40, 6, 1.98%, 0, 0, 4, 331.76 1297 957149
1601806235, 0, 65, 77, 41, 6, 1.98%, 0, 0, 4, 39.55 1298 982286
1601806250, 0, 65, 78, 42, 6, 1.98%, 0, 0, 4, 295.56 1298 986518
1601806255, 0, 65, 81, 45, 6, 1.98%, 0, 0, 4, 253.81 1298 987767
1601806261, 0, 65, 82, 46, 6, 1.98%, 0, 0, 4, 259.84 1298 989050
1601806266, 0, 65, 84, 48, 6, 1.98%, 0, 0, 4, 251.47 1298 990286
1601806286, 0, 65, 85, 49, 6, 1.98%, 0, 0, 4, 253.08 1298 995529
1601806291, 0, 65, 87, 51, 6, 1.98%, 0, 0, 4, 269.32 1298 996730
1601806301, 0, 68, 87, 50, 6, 1.98%, 0, 0, 4, 314.22 1298 999688
1601806409, 0, 71, 87, 49, 6, 1.98%, 0, 0, 4, 32.73 1298 1033555
1601807161, 0, 71, 88, 50, 6, 1.99%, 0, 0, 4, 30.90 1301 1057164
1601807171, 0, 72, 88, 49, 6, 1.99%, 0, 0, 4, 53.72 1301 1057705
1601808068, 0, 73, 88, 48, 5, 1.99%, 0, 0, 4, 55.51 1301 1085437
1601808972, 0, 74, 88, 47, 4, 1.99%, 0, 0, 4, 46.13 1301 1113313
1601809033, 0, 74, 93, 52, 4, 2.02%, 0, 0, 4, 26.96 1323 1115035
1601809043, 0, 74, 95, 54, 4, 2.02%, 0, 0, 4, 27.66 1324 1115314
1601809171, 0, 74, 97, 56, 4, 2.02%, 0, 0, 4, 26.00 1326 1118950
1601809309, 0, 74, 98, 57, 4, 2.04%, 0, 0, 4, 24.62 1335 1122842
1601809411, 0, 74, 99, 58, 4, 2.04%, 0, 0, 4, 30.93 1337 1125699
1601809814, 0, 74, 100, 59, 4, 2.08%, 0, 0, 4, 28.50 1365 1137926
1601809819, 0, 74, 102, 61, 4, 2.09%, 0, 0, 4, 26.43 1370 1138061
1601809824, 0, 74, 103, 62, 4, 2.09%, 0, 0, 4, 26.89 1370 1138197
1601809931, 0, 74, 105, 64, 4, 2.09%, 0, 0, 4, 35.94 1371 1141548
1601809936, 0, 74, 106, 65, 4, 2.09%, 0, 0, 4, 29.39 1372 1141686
1601809952, 0, 74, 107, 66, 4, 2.10%, 0, 0, 4, 27.93 1373 1142118
1601810024, 0, 76, 107, 65, 19, 2.10%, 0, 0, 4, 52.16 1373 1144606
1601810491, 0, 76, 108, 66, 19, 2.10%, 0, 0, 5, 28.68 1373 1158216
1601812646, 0, 76, 110, 68, 19, 2.10%, 0, 0, 5, 28.21 1373 1220759
1601812651, 0, 76, 111, 69, 19, 2.10%, 0, 0, 5, 28.23 1375 1220903
1601812702, 0, 88, 111, 68, 17, 2.10%, 0, 0, 5, 64.32 1375 1222921
1601813683, 0, 89, 111, 67, 16, 2.10%, 0, 0, 5, 42.95 1375 1252854
1601814111, 0, 89, 113, 69, 16, 2.10%, 0, 0, 5, 30.57 1376 1265187
1601814768, 0, 90, 113, 68, 16, 2.10%, 0, 0, 5, 64.34 1376 1285845
1601815795, 0, 91, 113, 67, 15, 2.10%, 0, 0, 5, 28.61 1376 1317351
1601816851, 0, 92, 113, 66, 14, 2.10%, 0, 0, 5, 55.19 1376 1349081
1601817897, 0, 94, 113, 65, 13, 2.10%, 0, 0, 5, 63.98 1376 1380461
1601818976, 0, 95, 113, 64, 13, 2.10%, 0, 0, 5, 54.52 1376 1412427
1601820014, 0, 96, 113, 63, 12, 2.10%, 0, 0, 5, 54.96 1376 1443838
1601821077, 0, 97, 113, 62, 11, 2.10%, 0, 0, 5, 43.21 1376 1475293
1601822330, 0, 99, 113, 61, 10, 2.10%, 0, 0, 5, 60.01 1376 1508236
1601822396, 0, 99, 114, 62, 10, 2.10%, 0, 0, 5, 27.30 1376 1510141
1601822406, 0, 99, 115, 63, 10, 2.10%, 0, 0, 5, 26.39 1378 1510412
1601822411, 0, 99, 116, 64, 10, 2.10%, 0, 0, 5, 37.04 1379 1510548
1601823325, 0, 99, 117, 65, 10, 2.13%, 0, 0, 5, 70.91 1393 1539525
1601823350, 0, 100, 117, 64, 12, 2.13%, 0, 0, 5, 62.59 1393 1541394
1601824267, 0, 101, 117, 63, 11, 2.13%, 0, 0, 5, 51.97 1393 1573002
1601824927, 0, 101, 118, 64, 11, 2.13%, 0, 0, 5, 30.95 1393 1595326
1601825174, 0, 102, 118, 63, 10, 2.13%, 0, 0, 5, 62.25 1393 1604434
1601826108, 0, 103, 118, 62, 9, 2.13%, 0, 0, 5, 53.50 1393 1635850
1601827049, 0, 103, 119, 63, 9, 2.13%, 0, 0, 5, 61.03 1399 1666829
1601827069, 0, 105, 119, 62, 9, 2.13%, 0, 0, 5, 49.73 1399 1668178
1601827979, 0, 105, 120, 63, 9, 2.13%, 0, 0, 5, 33.55 1399 1698365
1601828045, 0, 106, 120, 62, 9, 2.13%, 0, 0, 5, 57.82 1399 1701081
1601828974, 0, 110, 120, 61, 8, 2.13%, 0, 0, 5, 71.34 1399 1732727
1601829062, 0, 110, 121, 62, 8, 2.13%, 0, 0, 6, 32.35 1399 1735643
1601830750, 0, 110, 122, 63, 8, 2.13%, 0, 0, 6, 34.63 1399 1791661
1601831293, 0, 111, 122, 62, 8, 2.13%, 0, 0, 6, 59.20 1399 1810515
1601832237, 0, 111, 123, 63, 8, 2.14%, 0, 0, 6, 61.08 1402 1843014
1601832258, 0, 112, 123, 62, 8, 2.14%, 0, 0, 6, 51.49 1402 1844445
1601832981, 0, 112, 124, 63, 8, 2.14%, 0, 0, 6, 32.50 1402 1868879
1601833213, 0, 114, 124, 62, 8, 2.14%, 0, 0, 6, 57.45 1402 1877566
1601833275, 0, 114, 125, 63, 8, 2.28%, 0, 0, 6, 35.03 1494 1879603
1601834122, 0, 115, 125, 62, 8, 2.28%, 0, 0, 6, 48.26 1494 1909137
1601834184, 0, 115, 126, 63, 8, 2.28%, 0, 0, 6, 32.06 1494 1911228
1601835024, 0, 116, 126, 62, 8, 2.28%, 0, 0, 6, 64.77 1494 1940547
1601835354, 0, 118, 126, 61, 7, 2.28%, 0, 0, 6, 78.70 1494 1954030
1601835359, 0, 118, 127, 62, 7, 2.28%, 0, 0, 6, 42.41 1497 1954198
1601835714, 0, 118, 128, 63, 7, 2.28%, 0, 0, 6, 127.00 1497 1968365
1601835724, 0, 119, 128, 62, 8, 2.28%, 0, 0, 6, 88.30 1497 1969601
1601836713, 0, 121, 128, 61, 7, 2.28%, 0, 0, 6, 125.19 1497 2002975
1601838676, 0, 121, 129, 62, 7, 2.28%, 0, 0, 7, 33.57 1497 2068247
1601839047, 0, 122, 129, 61, 9, 2.28%, 0, 0, 7, 83.80 1497 2081145
1601839052, 0, 122, 132, 64, 9, 2.30%, 0, 0, 7, 43.26 1507 2081312
1601839088, 0, 122, 133, 65, 9, 2.31%, 0, 0, 7, 38.86 1511 2082539
1601839181, 0, 122, 143, 75, 9, 2.36%, 0, 0, 7, 32.65 1547 2085721
1601839330, 0, 123, 143, 74, 22, 2.36%, 0, 0, 7, 70.69 1547 2093136
1601840366, 0, 124, 143, 73, 21, 2.36%, 0, 0, 7, 51.52 1547 2126590
1601841235, 0, 124, 144, 74, 21, 2.38%, 0, 0, 7, 32.20 1560 2156135
1601841287, 0, 124, 145, 75, 21, 2.41%, 0, 0, 7, 76.12 1579 2158836
1601841307, 0, 125, 145, 74, 22, 2.41%, 0, 0, 7, 67.75 1579 2160403
1601841374, 0, 125, 146, 75, 22, 2.41%, 0, 0, 7, 32.05 1579 2162655
1601842279, 0, 126, 146, 74, 22, 2.41%, 0, 0, 7, 54.88 1579 2194164
1601842639, 0, 127, 146, 73, 21, 2.41%, 0, 0, 7, 211.21 1579 2209051
1601842670, 0, 128, 146, 72, 20, 2.41%, 0, 0, 7, 43.74 1579 2218636
1601845014, 0, 128, 148, 74, 20, 2.41%, 0, 0, 8, 87.56 1579 2296878
1601845050, 0, 129, 148, 73, 19, 2.41%, 0, 0, 8, 89.09 1579 2300189
1601845328, 0, 129, 149, 74, 19, 2.41%, 0, 0, 8, 138.00 1579 2312199
1601845333, 0, 130, 149, 73, 18, 2.41%, 0, 0, 8, 150.22 1579 2312961
1601845616, 0, 131, 149, 72, 17, 2.41%, 0, 0, 8, 67.18 1579 2324950
1601845894, 0, 132, 149, 71, 16, 2.41%, 0, 0, 8, 72.95 1579 2336763
1601846168, 0, 133, 149, 70, 15, 2.41%, 0, 0, 8, 157.75 1579 2348489
1601846451, 0, 134, 149, 69, 14, 2.41%, 0, 0, 8, 59.92 1579 2360475
1601846725, 0, 135, 149, 68, 13, 2.41%, 0, 0, 8, 147.20 1579 2372159
1601847004, 0, 136, 149, 67, 12, 2.41%, 0, 0, 8, 85.53 1579 2384099
1601847282, 0, 137, 149, 66, 11, 2.41%, 0, 0, 8, 72.81 1579 2395950
1601847555, 0, 138, 149, 65, 10, 2.41%, 0, 0, 8, 159.27 1579 2407669
1601847839, 0, 139, 149, 64, 9, 2.41%, 0, 0, 8, 68.04 1579 2419633
1601848116, 0, 140, 149, 63, 8, 2.41%, 0, 0, 8, 32.70 1579 2431437
1601848394, 0, 141, 149, 62, 7, 2.41%, 0, 0, 8, 67.03 1579 2443302
1601848673, 0, 142, 149, 61, 6, 2.41%, 0, 0, 8, 84.27 1579 2455127
1601848951, 0, 143, 149, 60, 5, 2.41%, 0, 0, 8, 80.77 1579 2466987
1601849876, 0, 144, 149, 59, 4, 2.41%, 0, 0, 8, 56.12 1579 2499617
1601850748, 0, 144, 150, 60, 4, 2.41%, 0, 0, 8, 32.22 1581 2529128
1601850753, 0, 144, 151, 61, 4, 2.42%, 0, 0, 8, 33.85 1587 2529302
1601850809, 0, 145, 151, 60, 4, 2.42%, 0, 0, 8, 50.69 1587 2532205
1601851527, 0, 145, 152, 61, 4, 2.42%, 0, 0, 8, 32.21 1589 2556343
1601851789, 0, 150, 152, 60, 4, 2.42%, 0, 0, 8, 68.14 1589 2566149
1601852725, 0, 151, 152, 59, 3, 2.42%, 0, 0, 8, 48.23 1589 2599551
1601852793, 0, 151, 153, 60, 3, 2.42%, 0, 0, 9, 34.00 1589 2601807
1601852891, 0, 151, 154, 61, 3, 2.43%, 0, 0, 9, 32.47 1590 2605064
1601852896, 0, 151, 155, 62, 3, 2.43%, 0, 0, 9, 32.26 1590 2605225
1601853009, 0, 151, 156, 63, 3, 2.43%, 0, 0, 9, 32.41 1590 2608975
1601853706, 0, 152, 156, 62, 5, 2.43%, 0, 0, 9, 65.16 1590 2633985
1601853778, 0, 152, 157, 63, 5, 2.43%, 0, 0, 10, 32.13 1590 2636387
1601854756, 0, 153, 157, 62, 5, 2.43%, 0, 0, 10, 51.54 1590 2670453
1601855742, 0, 154, 157, 61, 4, 2.43%, 0, 0, 10, 60.61 1590 2704887
1601856740, 0, 156, 157, 60, 3, 2.43%, 0, 0, 10, 51.85 1590 2739636
1601857500, 0, 156, 158, 61, 3, 2.43%, 0, 0, 11, 32.23 1595 2765042
1601857789, 0, 157, 158, 60, 3, 2.43%, 0, 0, 11, 73.21 1595 2775935
1601857860, 0, 157, 159, 61, 3, 2.43%, 0, 0, 12, 31.99 1595 2778309
1601858085, 0, 157, 160, 62, 3, 2.43%, 0, 0, 12, 31.99 1595 2785621
1601858717, 0, 157, 161, 63, 3, 2.43%, 0, 0, 12, 31.76 1595 2807265
1601858846, 0, 159, 161, 62, 3, 2.43%, 0, 0, 12, 70.00 1595 2812457
1601859898, 1, 9, 161, 61, 2, 2.43%, 0, 0, 12, 68.09 1595 2848885
1601861277, 1, 9, 162, 62, 2, 2.43%, 0, 0, 12, 53.49 1595 2895123
1601861292, 1, 75, 162, 61, 2, 2.43%, 0, 0, 12, 265.72 1595 2897434
1601861390, 1, 75, 164, 63, 2, 2.43%, 0, 0, 12, 293.90 1595 2928923
1601861395, 1, 75, 165, 64, 2, 2.43%, 0, 0, 12, 289.60 1595 2930328
1601861410, 1, 75, 166, 65, 2, 2.43%, 0, 0, 12, 283.37 1595 2934641
1601861436, 1, 120, 166, 64, 2, 2.43%, 0, 0, 12, 48.74 1595 2941309
1601863836, 1, 120, 167, 65, 2, 2.43%, 0, 0, 12, 68.73 1595 3020352
1601863856, 1, 162, 167, 64, 2, 2.43%, 0, 0, 12, 229.33 1595 3022972
1601863861, 1, 162, 168, 65, 2, 2.43%, 0, 0, 12, 317.76 1595 3024736
1601864090, 1, 162, 171, 68, 2, 2.43%, 0, 0, 12, 295.75 1595 3102195
1601864095, 1, 162, 172, 69, 2, 2.43%, 0, 0, 12, 277.39 1595 3103533
1601864131, 1, 166, 172, 68, 1, 2.43%, 0, 0, 12, 37.57 1595 3113319
