# unix_time, cycles_done, cur_path, paths_total, pending_total, pending_favs, map_size, unique_crashes, unique_hangs, max_depth, execs_per_sec, edge_coverage, total_execs
1604873481, 0, 0, 3, 3, 2, 4.54%, 0, 0, 1, 4.38, 2975, 24
1604873487, 0, 0, 98, 98, 2, 5.02%, 0, 0, 2, 453.42, 3289, 2391
1604873492, 0, 0, 117, 117, 2, 5.07%, 0, 0, 2, 435.58, 3320, 4587
1604873497, 0, 0, 141, 141, 2, 5.15%, 0, 0, 2, 420.98, 3374, 6715
1604873502, 0, 0, 178, 178, 2, 5.24%, 0, 0, 2, 417.91, 3436, 8795
1604873507, 0, 0, 188, 188, 2, 5.26%, 0, 0, 2, 429.32, 3449, 10947
1604873512, 0, 0, 189, 189, 2, 5.26%, 0, 0, 2, 435.72, 3450, 13163
1604873517, 0, 0, 193, 193, 2, 5.27%, 0, 0, 2, 419.53, 3453, 15275
1604873522, 0, 0, 198, 198, 2, 5.29%, 0, 0, 2, 410.91, 3469, 17403
1604873527, 0, 0, 203, 203, 2, 5.30%, 0, 0, 2, 420.81, 3475, 19554
1604873532, 0, 0, 206, 206, 2, 5.38%, 0, 0, 2, 427.51, 3526, 21762
1604873538, 0, 0, 208, 208, 2, 5.38%, 0, 0, 2, 421.35, 3527, 23890
1604873543, 0, 0, 209, 209, 2, 5.42%, 0, 0, 2, 421.40, 3550, 26042
1604873548, 0, 0, 210, 210, 2, 5.42%, 0, 0, 2, 411.56, 3551, 28159
1604873553, 0, 0, 221, 221, 2, 5.42%, 0, 0, 2, 434.80, 3553, 30332
1604873558, 0, 0, 228, 228, 2, 5.45%, 0, 0, 2, 452.78, 3571, 32636
1604873563, 0, 0, 234, 234, 2, 5.52%, 0, 0, 2, 450.26, 3620, 34900
1604873568, 0, 0, 237, 237, 2, 5.53%, 0, 0, 2, 421.32, 3622, 37084
1604873583, 0, 0, 238, 238, 2, 5.53%, 0, 0, 2, 429.64, 3622, 43748
1604873588, 0, 0, 239, 239, 2, 5.53%, 0, 0, 2, 432.85, 3623, 45940
1604873593, 0, 0, 240, 240, 2, 5.53%, 0, 0, 2, 426.88, 3623, 48108
1604873614, 0, 0, 248, 248, 2, 5.54%, 0, 0, 2, 407.73, 3633, 56596
1604873619, 0, 0, 250, 250, 2, 5.54%, 0, 0, 2, 402.02, 3633, 58655
1604873624, 0, 0, 251, 251, 2, 5.55%, 0, 0, 2, 439.77, 3637, 60937
1604873645, 0, 0, 263, 263, 2, 5.59%, 0, 0, 2, 413.32, 3665, 69841
1604873650, 0, 0, 277, 277, 2, 5.62%, 0, 0, 2, 420.37, 3685, 71992
1604873655, 0, 0, 279, 279, 2, 5.63%, 0, 0, 2, 431.56, 3688, 74248
1604873670, 0, 0, 281, 281, 2, 5.64%, 0, 0, 2, 412.35, 3694, 80752
1604873681, 0, 0, 285, 285, 2, 5.69%, 0, 0, 2, 398.90, 3730, 84816
1604873686, 0, 0, 291, 291, 2, 5.70%, 0, 0, 2, 421.46, 3736, 87054
1604873691, 0, 0, 295, 295, 2, 5.71%, 0, 0, 2, 428.07, 3741, 89310
1604873716, 0, 0, 298, 298, 2, 5.71%, 0, 0, 2, 413.98, 3745, 100062
1604873732, 0, 0, 299, 299, 2, 5.71%, 0, 0, 2, 403.73, 3745, 106382
1604873742, 0, 0, 304, 304, 2, 5.72%, 0, 0, 2, 423.13, 3748, 110577
1604873747, 0, 0, 311, 311, 2, 5.72%, 0, 0, 2, 453.15, 3748, 112900
1604873752, 0, 4, 313, 311, 137, 5.72%, 0, 0, 2, 473.52, 3748, 115373
1604873818, 0, 6, 313, 310, 136, 5.72%, 0, 0, 2, 495.25, 3748, 146428
1604873833, 0, 6, 314, 311, 136, 5.72%, 0, 0, 3, 503.46, 3748, 154227
1604873839, 0, 9, 315, 311, 137, 5.72%, 0, 0, 3, 498.09, 3749, 156797
1604873844, 0, 13, 315, 310, 136, 5.72%, 0, 0, 3, 493.22, 3749, 159260
1604873900, 0, 14, 315, 309, 135, 5.72%, 0, 0, 3, 493.08, 3749, 187585
1604873961, 0, 15, 315, 308, 134, 5.72%, 0, 0, 3, 493.07, 3749, 217817
1604874018, 0, 18, 315, 307, 133, 5.72%, 0, 0, 3, 482.70, 3749, 245874
1604874084, 0, 18, 316, 308, 133, 5.72%, 0, 0, 3, 452.00, 3749, 275487
1604874196, 0, 18, 317, 309, 133, 5.72%, 0, 0, 3, 450.93, 3749, 326592
1604874201, 0, 20, 317, 308, 132, 5.72%, 0, 0, 3, 484.15, 3749, 329049
1604874262, 0, 21, 317, 307, 131, 5.72%, 0, 0, 3, 494.94, 3749, 359493
1604874318, 0, 21, 318, 308, 131, 5.72%, 0, 0, 3, 499.32, 3749, 387504
1604874323, 0, 22, 318, 307, 131, 5.72%, 0, 0, 3, 496.54, 3749, 389986
1604874384, 0, 23, 318, 306, 130, 5.72%, 0, 0, 3, 475.49, 3749, 420358
1604874445, 0, 24, 318, 305, 129, 5.72%, 0, 0, 3, 479.86, 3749, 448696
1604874506, 0, 25, 318, 304, 128, 5.72%, 0, 0, 3, 498.55, 3749, 479859
1604874562, 0, 25, 319, 305, 128, 5.72%, 0, 0, 3, 493.81, 3749, 507705
1604874567, 0, 27, 319, 304, 127, 5.72%, 0, 0, 3, 478.15, 3749, 510077
1604874628, 0, 28, 320, 304, 126, 5.72%, 0, 0, 3, 460.43, 3749, 541102
1604874644, 0, 28, 323, 307, 126, 5.72%, 0, 0, 3, 399.61, 3749, 547317
1604874700, 0, 28, 324, 308, 126, 5.72%, 0, 0, 3, 417.27, 3749, 569884
1604874879, 0, 28, 325, 309, 126, 5.72%, 0, 0, 3, 399.61, 3749, 645045
1604874890, 0, 32, 325, 308, 125, 5.72%, 0, 0, 3, 449.04, 3749, 649438
1604874951, 0, 32, 326, 309, 125, 5.72%, 0, 0, 3, 478.87, 3751, 677962
1604874956, 0, 36, 329, 311, 124, 5.73%, 0, 0, 3, 446.58, 3753, 680306
1604874961, 0, 36, 330, 312, 124, 5.73%, 0, 0, 3, 411.85, 3753, 682410
1604874972, 0, 36, 331, 313, 124, 5.73%, 0, 0, 3, 396.69, 3753, 686522
1604874977, 0, 36, 332, 314, 124, 5.73%, 0, 0, 3, 411.73, 3753, 688594
1604875028, 0, 36, 333, 315, 124, 5.73%, 0, 0, 3, 427.26, 3753, 709331
1604875125, 0, 36, 334, 316, 124, 5.73%, 0, 0, 3, 433.23, 3755, 750004
1604875156, 0, 36, 336, 318, 124, 5.73%, 0, 0, 3, 428.07, 3755, 762884
1604875217, 0, 37, 336, 317, 125, 5.73%, 0, 0, 3, 452.42, 3755, 789065
1604875283, 0, 40, 336, 316, 124, 5.73%, 0, 0, 3, 483.75, 3755, 819944
1604875349, 0, 47, 336, 315, 123, 5.73%, 0, 0, 3, 480.93, 3755, 853000
1604875420, 0, 48, 337, 315, 122, 5.74%, 0, 0, 3, 439.82, 3759, 888196
1604875425, 0, 48, 339, 317, 122, 5.74%, 0, 0, 3, 399.78, 3759, 890172
1604875435, 0, 48, 340, 318, 122, 5.74%, 0, 0, 3, 396.79, 3759, 894167
1604875681, 0, 49, 340, 317, 123, 5.74%, 0, 0, 3, 430.17, 3759, 996038
1604875702, 0, 49, 341, 318, 123, 5.74%, 0, 0, 3, 470.71, 3759, 1005870
1604875748, 0, 49, 342, 319, 123, 5.74%, 0, 0, 3, 483.59, 3759, 1028106
1604875753, 0, 54, 342, 318, 122, 5.74%, 0, 0, 3, 478.87, 3759, 1030585
1604875845, 0, 59, 342, 317, 121, 5.74%, 0, 0, 3, 472.32, 3759, 1073216
1604875920, 0, 60, 342, 316, 120, 5.74%, 0, 0, 3, 474.34, 3759, 1108855
1604875997, 0, 64, 342, 315, 119, 5.74%, 0, 0, 3, 478.80, 3759, 1144600
1604876063, 0, 64, 343, 316, 119, 5.74%, 0, 0, 3, 480.87, 3760, 1176565
1604876068, 0, 67, 343, 315, 119, 5.74%, 0, 0, 3, 476.20, 3760, 1179043
1604876149, 0, 68, 343, 314, 118, 5.74%, 0, 0, 3, 472.51, 3760, 1216932
1604876226, 0, 69, 345, 315, 117, 5.75%, 0, 0, 3, 477.46, 3768, 1253162
1604876293, 0, 69, 347, 317, 117, 5.76%, 0, 0, 3, 477.30, 3773, 1285214
1604876303, 0, 70, 349, 318, 119, 5.76%, 0, 0, 3, 475.91, 3774, 1290091
1604876379, 0, 71, 349, 317, 118, 5.76%, 0, 0, 3, 477.98, 3774, 1326698
1604876456, 0, 73, 349, 316, 117, 5.76%, 0, 0, 3, 464.04, 3774, 1362367
1604876532, 0, 76, 351, 317, 116, 5.76%, 0, 0, 3, 446.03, 3774, 1399234
1604876538, 0, 76, 352, 318, 116, 5.76%, 0, 0, 3, 409.03, 3774, 1401338
1604876609, 0, 76, 353, 319, 116, 5.79%, 0, 0, 3, 415.47, 3797, 1430251
1604876793, 0, 78, 353, 318, 117, 5.79%, 0, 0, 3, 460.34, 3797, 1507795
1604876870, 0, 81, 354, 318, 117, 5.79%, 0, 0, 3, 487.27, 3797, 1545274
1604876946, 0, 84, 354, 317, 116, 5.79%, 0, 0, 3, 488.22, 3797, 1583582
1604876952, 0, 84, 355, 318, 116, 5.79%, 0, 0, 3, 434.76, 3797, 1585783
1604876972, 0, 84, 356, 319, 116, 5.79%, 0, 0, 3, 412.82, 3797, 1593919
1604877028, 0, 84, 357, 320, 116, 5.79%, 0, 0, 3, 423.25, 3797, 1616816
1604877207, 0, 89, 357, 319, 115, 5.79%, 0, 0, 3, 433.04, 3797, 1692071
1604877289, 0, 93, 357, 318, 114, 5.79%, 0, 0, 3, 463.45, 3797, 1731654
1604877391, 0, 94, 359, 319, 113, 5.79%, 0, 0, 3, 458.13, 3797, 1780736
1604877432, 0, 94, 360, 320, 113, 5.80%, 0, 0, 3, 449.54, 3798, 1798964
1604877585, 0, 96, 360, 319, 113, 5.80%, 0, 0, 3, 457.53, 3798, 1867677
1604877625, 0, 96, 361, 320, 113, 5.80%, 0, 0, 3, 448.97, 3799, 1885777
1604877778, 0, 97, 361, 319, 113, 5.80%, 0, 0, 3, 455.85, 3799, 1955001
1604877972, 0, 98, 361, 318, 112, 5.80%, 0, 0, 3, 460.19, 3799, 2042512
1604878013, 0, 98, 362, 319, 112, 5.80%, 0, 0, 3, 451.11, 3800, 2060752
1604878171, 0, 99, 364, 320, 112, 5.80%, 0, 0, 3, 459.23, 3800, 2131847
1604878212, 0, 99, 365, 321, 112, 5.80%, 0, 0, 3, 442.52, 3801, 2149784
1604878370, 0, 100, 366, 321, 112, 5.80%, 0, 0, 3, 436.93, 3801, 2220601
1604878416, 0, 100, 367, 322, 112, 5.82%, 0, 0, 3, 418.89, 3816, 2239136
1604878564, 0, 100, 368, 323, 112, 5.82%, 0, 0, 3, 409.25, 3816, 2300886
1604878630, 0, 101, 368, 322, 112, 5.82%, 0, 0, 3, 448.84, 3816, 2329508
1604878671, 0, 101, 369, 323, 112, 5.82%, 0, 0, 3, 449.23, 3817, 2347787
1604878825, 0, 102, 369, 322, 112, 5.82%, 0, 0, 3, 449.99, 3817, 2417381
1604878865, 0, 102, 370, 323, 112, 5.83%, 0, 0, 3, 445.00, 3818, 2434344
1604878984, 0, 102, 370, 323, 112, 5.83%, 0, 1, 3, 0.34, 3818, 2459459
1604878995, 0, 102, 370, 323, 112, 5.83%, 0, 2, 3, 0.99, 3818, 2459474
1604879070, 0, 102, 370, 323, 112, 5.83%, 0, 3, 3, 1.44, 3818, 2459528
1604879076, 0, 102, 370, 323, 112, 5.83%, 0, 5, 3, 1.37, 3818, 2459534
1604879177, 0, 104, 370, 322, 112, 5.83%, 0, 5, 3, 455.16, 3818, 2505458
1604879218, 0, 104, 371, 323, 112, 5.83%, 0, 5, 3, 449.71, 3819, 2524048
1604879366, 0, 105, 371, 322, 112, 5.83%, 0, 5, 3, 444.70, 3819, 2592029
1604879412, 0, 105, 372, 323, 112, 5.83%, 0, 5, 3, 438.66, 3820, 2612734
1604879565, 0, 106, 372, 322, 112, 5.83%, 0, 5, 3, 460.08, 3820, 2682522
1604879605, 0, 106, 373, 323, 112, 5.83%, 0, 5, 3, 454.35, 3821, 2700897
1604879758, 0, 107, 375, 324, 112, 5.83%, 0, 5, 3, 435.09, 3821, 2770388
1604879799, 0, 107, 376, 325, 112, 5.83%, 0, 5, 3, 421.68, 3822, 2787147
1604880014, 0, 108, 376, 324, 113, 5.83%, 0, 5, 3, 435.59, 3822, 2877851
1604880019, 0, 108, 377, 325, 113, 5.83%, 0, 5, 3, 427.71, 3822, 2879995
1604880060, 0, 108, 378, 326, 113, 5.83%, 0, 5, 3, 426.40, 3823, 2896602
1604880274, 0, 115, 378, 325, 113, 5.83%, 0, 5, 3, 450.99, 3823, 2986704
1604880279, 0, 115, 381, 328, 113, 5.83%, 0, 5, 3, 457.31, 3823, 2989062
1604880396, 0, 115, 383, 330, 113, 5.83%, 0, 5, 3, 479.42, 3823, 3043729
1604880422, 0, 119, 387, 333, 112, 5.83%, 0, 5, 3, 470.24, 3823, 3055696
1604880432, 0, 119, 393, 339, 112, 5.84%, 0, 5, 3, 459.72, 3828, 3060433
1604880437, 0, 119, 397, 343, 112, 5.84%, 0, 5, 3, 460.11, 3830, 3062805
1604880473, 0, 119, 398, 344, 112, 5.84%, 0, 5, 3, 451.68, 3830, 3079299
1604880540, 0, 119, 399, 345, 112, 5.84%, 0, 5, 3, 463.63, 3830, 3110063
1604880560, 0, 119, 401, 347, 112, 5.84%, 0, 5, 3, 456.07, 3830, 3119421
1604880591, 0, 119, 405, 351, 112, 5.84%, 0, 5, 3, 462.25, 3830, 3133694
1604880601, 0, 120, 405, 350, 112, 5.84%, 0, 5, 3, 455.16, 3830, 3138327
1604880749, 0, 121, 405, 349, 111, 5.84%, 0, 5, 3, 470.59, 3830, 3207047
1604880897, 0, 123, 405, 348, 110, 5.84%, 0, 5, 3, 466.42, 3830, 3275426
1604881049, 0, 126, 405, 347, 109, 5.84%, 0, 5, 3, 458.02, 3830, 3346172
1604881060, 0, 126, 406, 348, 109, 5.85%, 0, 5, 3, 460.94, 3834, 3350923
1604881197, 0, 127, 406, 347, 109, 5.85%, 0, 5, 3, 466.97, 3834, 3415341
1604881350, 0, 133, 406, 346, 108, 5.85%, 0, 5, 3, 467.67, 3834, 3486902
1604881386, 0, 133, 407, 347, 108, 5.85%, 0, 5, 3, 465.81, 3834, 3503540
1604881499, 0, 141, 407, 346, 106, 5.85%, 0, 5, 3, 463.56, 3834, 3556152
1604881672, 0, 144, 407, 345, 105, 5.85%, 0, 5, 3, 372.93, 3834, 3632949
1604881896, 0, 149, 408, 345, 104, 5.85%, 0, 5, 3, 351.26, 3834, 3714889
1604881901, 0, 149, 409, 346, 104, 5.85%, 0, 5, 3, 337.46, 3834, 3716626
1604882157, 0, 157, 409, 345, 103, 5.85%, 0, 5, 3, 364.08, 3834, 3804022
1604882422, 0, 160, 409, 344, 102, 5.85%, 0, 5, 3, 352.42, 3834, 3895833
1604882693, 0, 162, 410, 344, 101, 5.85%, 0, 5, 3, 361.14, 3834, 3987132
1604882698, 0, 162, 411, 345, 101, 5.85%, 0, 5, 3, 338.23, 3834, 3988807
1604882908, 0, 162, 412, 346, 101, 5.85%, 0, 5, 3, 352.81, 3834, 4059889
1604882959, 0, 162, 414, 348, 101, 5.85%, 0, 5, 3, 341.75, 3834, 4077718
1604882964, 0, 165, 415, 348, 100, 5.85%, 0, 5, 3, 362.97, 3834, 4079546
1604882984, 0, 165, 416, 349, 100, 5.85%, 0, 5, 3, 329.02, 3834, 4086370
1604883229, 0, 165, 417, 350, 100, 5.85%, 0, 5, 3, 334.06, 3835, 4169783
1604883235, 0, 169, 417, 349, 99, 5.85%, 0, 5, 3, 348.47, 3835, 4171598
1604883451, 0, 169, 418, 350, 99, 5.85%, 0, 5, 3, 329.32, 3835, 4244217
1604883512, 0, 169, 419, 351, 99, 5.85%, 0, 5, 3, 349.05, 3835, 4265747
1604883517, 0, 175, 420, 351, 98, 5.85%, 0, 5, 3, 353.40, 3835, 4267552
1604883537, 0, 175, 421, 352, 98, 5.85%, 0, 5, 3, 328.16, 3835, 4274059
1604883563, 0, 175, 423, 354, 98, 5.85%, 0, 5, 3, 320.10, 3835, 4282341
1604883761, 0, 175, 425, 356, 98, 5.85%, 0, 5, 3, 317.87, 3835, 4348718
1604883843, 0, 176, 425, 355, 97, 5.85%, 0, 5, 3, 353.10, 3835, 4376263
1604883848, 0, 176, 426, 356, 97, 5.85%, 0, 5, 3, 338.43, 3835, 4377953
1604883939, 0, 176, 427, 357, 97, 5.85%, 0, 5, 3, 344.85, 3835, 4407120
1604884168, 0, 177, 427, 356, 96, 5.85%, 0, 5, 3, 354.64, 3835, 4484935
1604884413, 0, 179, 427, 355, 95, 5.85%, 0, 5, 3, 372.60, 3835, 4574182
1604884490, 0, 180, 427, 354, 94, 5.85%, 0, 5, 3, 383.16, 3835, 4602568
1604884566, 0, 181, 427, 353, 93, 5.85%, 0, 5, 3, 397.64, 3835, 4631833
1604884643, 0, 185, 427, 352, 92, 5.85%, 0, 5, 3, 405.65, 3835, 4663165
1604884730, 0, 186, 427, 351, 91, 5.85%, 0, 5, 3, 403.46, 3835, 4697769
1604884811, 0, 188, 427, 350, 90, 5.85%, 0, 5, 3, 403.12, 3835, 4730593
1604884903, 0, 189, 427, 349, 89, 5.85%, 0, 5, 3, 401.50, 3835, 4767641
1604885083, 0, 190, 427, 348, 88, 5.85%, 0, 5, 3, 396.03, 3835, 4837126
1604885261, 0, 191, 427, 347, 87, 5.85%, 0, 5, 3, 394.63, 3835, 4906623
1604885445, 0, 193, 427, 346, 86, 5.85%, 0, 5, 3, 392.29, 3835, 4977935
1604885639, 0, 197, 427, 345, 85, 5.85%, 0, 5, 3, 340.12, 3835, 5049873
1604885731, 0, 197, 428, 346, 85, 5.85%, 0, 5, 3, 339.19, 3835, 5079650
1604885910, 0, 203, 428, 345, 84, 5.85%, 0, 5, 3, 360.55, 3835, 5141083
1604885956, 0, 203, 429, 346, 84, 5.85%, 0, 5, 3, 384.47, 3835, 5158789
1604886007, 0, 205, 429, 345, 83, 5.85%, 0, 5, 3, 375.42, 3835, 5178267
1604886012, 0, 205, 430, 346, 83, 5.85%, 0, 5, 3, 367.60, 3836, 5180116
1604886251, 0, 207, 430, 345, 83, 5.85%, 0, 5, 3, 371.23, 3836, 5266964
1604886439, 0, 208, 430, 344, 82, 5.85%, 0, 5, 3, 369.58, 3836, 5335472
1604886459, 0, 208, 432, 346, 82, 5.85%, 0, 5, 3, 320.12, 3836, 5342134
1604886485, 0, 208, 433, 347, 82, 5.85%, 0, 5, 3, 314.44, 3836, 5350480
1604886618, 0, 208, 435, 349, 82, 5.87%, 0, 5, 3, 346.54, 3846, 5395447
1604886710, 0, 209, 435, 348, 81, 5.87%, 0, 5, 3, 357.16, 3846, 5426954
1604886802, 0, 222, 435, 347, 80, 5.87%, 0, 5, 3, 367.14, 3846, 5460179
1604886807, 0, 222, 436, 348, 80, 5.87%, 0, 5, 3, 343.86, 3847, 5461922
1604886893, 0, 222, 437, 349, 80, 5.87%, 0, 5, 3, 334.98, 3848, 5489577
1604887015, 0, 222, 438, 350, 80, 5.87%, 0, 5, 3, 333.40, 3848, 5530158
1604887051, 0, 222, 439, 351, 80, 5.87%, 0, 5, 3, 312.21, 3848, 5542040
1604887061, 0, 222, 440, 352, 80, 5.87%, 0, 5, 3, 351.61, 3848, 5545500
1604887132, 0, 224, 440, 351, 81, 5.87%, 0, 5, 3, 344.72, 3848, 5569505
1604887224, 0, 227, 441, 351, 82, 5.87%, 0, 5, 3, 370.16, 3850, 5602814
1604887316, 0, 231, 441, 350, 81, 5.87%, 0, 5, 3, 368.97, 3850, 5635988
1604887321, 0, 231, 443, 352, 81, 5.88%, 0, 5, 3, 343.64, 3851, 5637731
1604887346, 0, 231, 444, 353, 81, 5.88%, 0, 5, 3, 324.82, 3851, 5645795
1604887372, 0, 231, 445, 354, 81, 5.88%, 0, 5, 3, 327.39, 3851, 5654002
1604887377, 0, 231, 446, 355, 81, 5.88%, 0, 5, 3, 325.47, 3851, 5655642
1604887417, 0, 231, 447, 356, 81, 5.88%, 0, 5, 3, 330.13, 3851, 5668776
1604887437, 0, 231, 449, 358, 81, 5.88%, 0, 5, 3, 324.78, 3851, 5675524
1604887442, 0, 231, 450, 359, 81, 5.88%, 0, 5, 3, 338.29, 3851, 5677248
1604887645, 0, 232, 451, 359, 81, 5.88%, 0, 5, 3, 344.80, 3851, 5745359
1604887650, 0, 232, 455, 363, 81, 5.88%, 0, 5, 3, 335.00, 3851, 5747047
1604887676, 0, 232, 458, 366, 81, 5.89%, 0, 5, 3, 323.73, 3857, 5755313
1604887702, 0, 232, 460, 368, 81, 5.89%, 0, 5, 3, 334.62, 3861, 5763630
1604887742, 0, 232, 461, 369, 81, 5.89%, 0, 5, 3, 347.56, 3861, 5776824
1604887747, 0, 232, 463, 371, 81, 5.90%, 0, 5, 3, 339.99, 3865, 5778502
1604887752, 0, 232, 464, 372, 81, 5.90%, 0, 5, 3, 333.79, 3865, 5780196
1604887910, 0, 232, 466, 374, 81, 5.90%, 0, 5, 3, 364.41, 3869, 5833294
1604887976, 0, 233, 466, 373, 88, 5.90%, 0, 5, 3, 354.11, 3869, 5855254
1604887981, 0, 233, 467, 374, 88, 5.90%, 0, 5, 3, 330.86, 3869, 5856901
1604888006, 0, 233, 468, 375, 88, 5.90%, 0, 5, 3, 333.01, 3869, 5865049
1604888037, 0, 233, 469, 376, 88, 5.90%, 0, 5, 3, 326.34, 3869, 5874756
1604888093, 0, 233, 470, 377, 88, 5.90%, 0, 5, 3, 348.89, 3869, 5893260
1604888239, 0, 233, 471, 378, 88, 5.90%, 0, 5, 3, 354.50, 3869, 5942042
1604888306, 0, 235, 471, 377, 86, 5.90%, 0, 5, 3, 352.54, 3869, 5964457
1604888413, 0, 238, 471, 376, 85, 5.90%, 0, 5, 3, 372.18, 3869, 6005488
1604888602, 0, 242, 471, 375, 84, 5.90%, 0, 5, 3, 350.87, 3869, 6074623
1604888781, 0, 242, 472, 376, 84, 5.91%, 0, 5, 3, 347.32, 3876, 6134374
1604888806, 0, 242, 473, 377, 84, 5.91%, 0, 5, 3, 329.58, 3876, 6143052
1604888873, 0, 243, 473, 376, 84, 5.91%, 0, 5, 3, 343.95, 3876, 6166267
1604889046, 0, 243, 474, 377, 84, 5.91%, 0, 5, 3, 359.39, 3876, 6224096
1604889144, 0, 244, 474, 376, 83, 5.91%, 0, 5, 3, 344.27, 3876, 6257850
1604889414, 0, 245, 474, 375, 82, 5.91%, 0, 5, 3, 356.47, 3876, 6349266
1604889434, 0, 245, 477, 378, 82, 5.91%, 0, 5, 3, 315.90, 3876, 6355765
1604889581, 0, 245, 478, 379, 82, 5.91%, 0, 5, 3, 318.86, 3876, 6403592
1604889586, 0, 245, 479, 380, 82, 5.91%, 0, 5, 3, 313.53, 3876, 6405178
1604889662, 0, 245, 481, 382, 82, 5.91%, 0, 5, 3, 320.35, 3876, 6430953
1604889744, 0, 247, 481, 381, 82, 5.91%, 0, 5, 3, 345.58, 3876, 6458664
1604890019, 0, 250, 481, 380, 81, 5.91%, 0, 5, 3, 361.97, 3876, 6551999
1604890116, 0, 250, 482, 381, 81, 5.91%, 0, 5, 3, 343.99, 3876, 6583322
1604890349, 0, 252, 482, 380, 80, 5.91%, 0, 5, 3, 335.99, 3876, 6661358
1604890354, 0, 256, 482, 379, 79, 5.91%, 0, 5, 3, 368.77, 3876, 6663300
1604890380, 0, 256, 483, 380, 79, 5.92%, 0, 5, 3, 372.06, 3878, 6672698
1604890400, 0, 256, 484, 381, 79, 5.92%, 0, 5, 3, 380.92, 3880, 6680296
1604890436, 0, 256, 485, 382, 79, 5.92%, 0, 5, 3, 364.96, 3882, 6693612
1604890441, 0, 256, 486, 383, 79, 5.92%, 0, 5, 3, 367.63, 3882, 6695531
1604890446, 0, 258, 486, 382, 80, 5.92%, 0, 5, 3, 374.77, 3882, 6697475
1604890533, 0, 260, 486, 381, 79, 5.92%, 0, 5, 3, 372.05, 3882, 6729963
1604890621, 0, 260, 487, 382, 79, 5.92%, 0, 5, 3, 374.22, 3882, 6762697
1604890626, 0, 260, 488, 383, 79, 5.92%, 0, 5, 3, 375.10, 3883, 6764627
1604890631, 0, 261, 489, 383, 79, 5.93%, 0, 5, 3, 375.02, 3885, 6766548
1604890723, 0, 261, 490, 384, 79, 5.93%, 0, 5, 3, 372.06, 3885, 6800659
1604890733, 0, 262, 490, 383, 78, 5.93%, 0, 5, 3, 382.09, 3885, 6804501
1604890841, 0, 264, 491, 383, 77, 5.93%, 0, 5, 3, 382.21, 3885, 6845743
1604890882, 0, 264, 493, 385, 77, 5.93%, 0, 5, 3, 369.30, 3887, 6860641
1604890958, 0, 264, 494, 386, 77, 5.93%, 0, 5, 3, 366.76, 3888, 6888483
1604891035, 0, 265, 495, 386, 79, 5.94%, 0, 5, 3, 371.75, 3890, 6916836
1604891264, 0, 267, 496, 386, 78, 5.94%, 0, 5, 3, 365.45, 3890, 7000046
1604891310, 0, 267, 497, 387, 78, 5.94%, 0, 5, 3, 319.56, 3890, 7014877
1604891448, 0, 267, 498, 388, 78, 5.94%, 0, 5, 3, 344.24, 3890, 7060955
1604891545, 0, 268, 498, 387, 77, 5.94%, 0, 5, 3, 356.01, 3890, 7094341
1604891816, 0, 269, 498, 386, 76, 5.94%, 0, 5, 3, 357.25, 3890, 7185656
1604891964, 0, 269, 499, 387, 76, 5.94%, 0, 5, 3, 324.90, 3891, 7234220
1604891999, 0, 269, 500, 388, 76, 5.94%, 0, 5, 3, 343.28, 3891, 7246348
1604892096, 0, 270, 500, 387, 76, 5.94%, 0, 5, 3, 353.66, 3891, 7279783
1604892178, 0, 274, 500, 386, 75, 5.94%, 0, 5, 3, 349.89, 3891, 7309933
1604892504, 0, 276, 500, 385, 74, 5.94%, 0, 5, 3, 341.02, 3891, 7418038
1604892509, 0, 276, 501, 386, 74, 5.94%, 0, 5, 3, 338.19, 3891, 7419816
1604892529, 0, 276, 502, 387, 74, 5.94%, 0, 5, 3, 316.53, 3891, 7426220
1604892590, 0, 276, 503, 388, 74, 5.94%, 0, 5, 3, 319.74, 3891, 7445609
1604892595, 0, 276, 504, 389, 74, 5.94%, 0, 5, 3, 337.58, 3891, 7447349
1604892712, 0, 276, 505, 390, 74, 5.94%, 0, 5, 3, 340.94, 3891, 7486188
1604892757, 0, 276, 506, 391, 74, 5.94%, 0, 5, 3, 325.49, 3891, 7501349
1604892762, 0, 276, 507, 392, 74, 5.94%, 0, 5, 3, 350.51, 3891, 7503205
1604892818, 0, 276, 508, 393, 74, 5.94%, 0, 5, 3, 324.06, 3891, 7522239
1604892839, 0, 277, 508, 392, 73, 5.94%, 0, 5, 3, 363.61, 3891, 7529255
1604892931, 0, 279, 508, 391, 72, 5.94%, 0, 5, 3, 375.80, 3891, 7563446
1604893124, 0, 280, 508, 390, 71, 5.94%, 0, 5, 3, 366.76, 3891, 7634209
1604893313, 0, 280, 509, 391, 71, 5.94%, 0, 5, 3, 364.13, 3891, 7703333
1604893318, 0, 281, 509, 390, 70, 5.94%, 0, 5, 3, 369.27, 3891, 7705190
1604893323, 0, 281, 510, 391, 70, 5.94%, 0, 5, 3, 345.18, 3891, 7706949
1604893338, 0, 281, 513, 394, 70, 5.99%, 0, 5, 3, 316.07, 3923, 7711791
1604893368, 0, 281, 514, 395, 70, 5.99%, 0, 5, 3, 317.21, 3927, 7721409
1604893485, 0, 281, 517, 398, 70, 6.00%, 0, 5, 3, 317.19, 3934, 7759624
1604893531, 0, 281, 519, 400, 70, 6.01%, 0, 5, 3, 339.65, 3938, 7775141
1604893562, 0, 281, 524, 405, 70, 6.02%, 0, 5, 3, 431.58, 3944, 7788371
1604893623, 0, 288, 524, 403, 80, 6.02%, 0, 5, 3, 467.53, 3944, 7815688
1604893679, 0, 289, 524, 402, 79, 6.02%, 0, 5, 3, 491.39, 3944, 7845705
1604893699, 0, 289, 525, 403, 79, 6.03%, 0, 5, 3, 428.01, 3950, 7854289
1604893873, 0, 289, 526, 404, 79, 6.03%, 0, 5, 3, 479.48, 3950, 7931298
1604893929, 0, 291, 526, 403, 79, 6.03%, 0, 5, 3, 485.41, 3950, 7956578
1604894000, 0, 292, 526, 402, 78, 6.03%, 0, 5, 3, 501.37, 3950, 7992383
1604894067, 0, 295, 526, 401, 77, 6.03%, 0, 5, 3, 500.97, 3950, 8025779
1604894169, 0, 295, 527, 402, 77, 6.03%, 0, 5, 3, 477.70, 3951, 8068507
1604894240, 0, 296, 528, 402, 77, 6.03%, 0, 5, 3, 383.25, 3951, 8096164
1604894394, 0, 302, 528, 401, 76, 6.03%, 0, 5, 3, 503.67, 3951, 8168003
1604894501, 0, 307, 530, 402, 75, 6.03%, 0, 5, 3, 379.57, 3951, 8216402
1604894649, 0, 309, 530, 401, 74, 6.03%, 0, 5, 3, 373.45, 3951, 8272803
1604894654, 0, 309, 532, 403, 74, 6.03%, 0, 5, 3, 362.70, 3951, 8274639
1604894741, 0, 309, 533, 404, 74, 6.03%, 0, 5, 3, 359.24, 3951, 8306761
1604894782, 0, 312, 533, 403, 74, 6.03%, 0, 5, 3, 380.17, 3951, 8322293
1604894787, 0, 313, 533, 402, 73, 6.03%, 0, 5, 3, 395.61, 3951, 8324301
1604894807, 0, 313, 534, 403, 73, 6.03%, 0, 5, 4, 397.85, 3951, 8332360
1604894817, 0, 315, 534, 401, 71, 6.03%, 0, 5, 4, 385.59, 3951, 8336330
1604894904, 0, 315, 535, 402, 71, 6.03%, 0, 5, 4, 361.92, 3951, 8367751
1604895046, 0, 317, 535, 401, 70, 6.03%, 0, 5, 4, 367.62, 3951, 8419316
1604895123, 0, 317, 536, 402, 70, 6.03%, 0, 5, 4, 365.24, 3951, 8447377
1604895128, 0, 325, 537, 402, 69, 6.03%, 0, 5, 4, 369.62, 3953, 8449297
1604895210, 0, 328, 537, 401, 69, 6.03%, 0, 5, 4, 371.61, 3953, 8480049
1604895455, 0, 333, 537, 400, 68, 6.03%, 0, 5, 4, 361.98, 3953, 8567786
1604895708, 0, 333, 538, 401, 68, 6.03%, 0, 5, 4, 339.32, 3953, 8651461
1604895785, 0, 336, 539, 401, 67, 6.04%, 0, 5, 4, 363.54, 3960, 8677911
1604895811, 0, 336, 541, 403, 67, 6.05%, 0, 5, 4, 373.46, 3968, 8687541
1604895867, 0, 336, 542, 404, 67, 6.06%, 0, 5, 4, 369.54, 3969, 8708583
1604895877, 0, 342, 542, 403, 68, 6.06%, 0, 5, 4, 372.42, 3969, 8712320
1604895975, 0, 344, 543, 403, 67, 6.06%, 0, 5, 4, 355.21, 3969, 8748975
1604896066, 0, 344, 544, 404, 67, 6.06%, 0, 5, 4, 354.22, 3971, 8778816
1604896305, 0, 345, 544, 403, 67, 6.06%, 0, 5, 4, 361.40, 3971, 8858628
1604896403, 0, 346, 544, 402, 66, 6.06%, 0, 5, 4, 366.70, 3971, 8895008
1604896500, 0, 347, 544, 401, 65, 6.06%, 0, 5, 4, 375.70, 3971, 8931310
1604896525, 0, 347, 545, 402, 65, 6.07%, 0, 5, 4, 375.60, 3975, 8940953
1604896597, 0, 351, 545, 401, 65, 6.07%, 0, 5, 4, 369.77, 3975, 8967539
1604896602, 0, 351, 546, 402, 65, 6.07%, 0, 5, 4, 358.78, 3975, 8969353
1604896841, 0, 352, 546, 401, 64, 6.07%, 0, 5, 4, 373.25, 3975, 9055788
1604896866, 0, 352, 547, 402, 64, 6.07%, 0, 5, 4, 367.70, 3975, 9064983
1604896892, 0, 352, 548, 403, 64, 6.07%, 0, 5, 4, 369.95, 3978, 9074261
1604896958, 0, 359, 548, 402, 64, 6.07%, 0, 5, 4, 378.97, 3978, 9098916
1604897198, 0, 360, 548, 401, 63, 6.07%, 0, 5, 4, 369.44, 3978, 9187115
1604897437, 0, 361, 548, 400, 62, 6.07%, 0, 5, 4, 374.03, 3978, 9274568
1604897682, 0, 364, 548, 399, 61, 6.07%, 0, 5, 4, 358.11, 3978, 9363146
1604897931, 0, 366, 548, 398, 60, 6.07%, 0, 5, 4, 357.00, 3978, 9452952
1604897936, 0, 366, 549, 399, 60, 6.07%, 0, 5, 4, 334.97, 3978, 9454611
1604897987, 0, 366, 550, 400, 60, 6.07%, 0, 5, 4, 328.43, 3978, 9471036
1604898261, 0, 367, 551, 400, 59, 6.07%, 0, 5, 4, 346.97, 3978, 9562926
1604898348, 0, 367, 552, 401, 59, 6.07%, 0, 5, 4, 337.51, 3978, 9591129
1604898553, 0, 368, 552, 400, 58, 6.07%, 0, 5, 4, 361.40, 3978, 9660729
1604898797, 0, 369, 552, 399, 57, 6.07%, 0, 5, 4, 375.81, 3978, 9749773
1604899041, 0, 370, 552, 398, 56, 6.07%, 0, 5, 4, 392.85, 3978, 9839489
1604899272, 0, 371, 552, 397, 55, 6.07%, 0, 5, 4, 388.78, 3978, 9927486
1604899508, 0, 372, 552, 396, 54, 6.07%, 0, 5, 4, 393.34, 3978, 10017116
1604899743, 0, 373, 553, 396, 53, 6.07%, 0, 5, 4, 387.56, 3978, 10106973
1604899748, 0, 373, 554, 397, 53, 6.07%, 0, 5, 4, 378.33, 3978, 10108899
1604899979, 0, 375, 554, 396, 52, 6.07%, 0, 5, 4, 369.93, 3978, 10195898
1604900224, 0, 377, 554, 395, 51, 6.07%, 0, 5, 4, 363.74, 3978, 10284965
1604900468, 0, 388, 554, 394, 50, 6.07%, 0, 5, 4, 357.55, 3978, 10373897
1604900484, 0, 388, 556, 396, 50, 6.07%, 0, 5, 4, 315.90, 3978, 10378783
1604900489, 0, 388, 557, 397, 50, 6.07%, 0, 5, 4, 314.94, 3978, 10380381
1604900509, 0, 388, 558, 398, 50, 6.07%, 0, 5, 4, 314.28, 3978, 10386981
1604900539, 0, 388, 559, 399, 50, 6.07%, 0, 5, 4, 320.28, 3978, 10396712
1604900554, 0, 388, 560, 400, 50, 6.07%, 0, 5, 4, 339.75, 3978, 10401732
1604900600, 0, 388, 561, 401, 50, 6.07%, 0, 5, 4, 329.49, 3978, 10416806
1604900615, 0, 388, 564, 404, 50, 6.07%, 0, 5, 4, 323.78, 3978, 10421684
1604900671, 0, 388, 565, 405, 50, 6.07%, 0, 5, 4, 330.59, 3978, 10440702
1604900676, 0, 388, 567, 407, 50, 6.07%, 0, 5, 4, 327.51, 3978, 10442343
1604900717, 0, 388, 568, 408, 50, 6.07%, 0, 5, 4, 328.88, 3978, 10456397
1604900738, 0, 390, 568, 407, 49, 6.07%, 0, 5, 4, 353.40, 3978, 10463231
1604900942, 0, 394, 568, 406, 49, 6.07%, 0, 5, 4, 367.39, 3978, 10537726
1604901155, 0, 394, 569, 407, 49, 6.07%, 0, 5, 4, 368.08, 3978, 10615653
1604901176, 0, 398, 569, 406, 48, 6.07%, 0, 5, 4, 376.56, 3978, 10623174
1604901237, 0, 398, 570, 407, 48, 6.07%, 0, 5, 4, 370.46, 3978, 10645734
1604901350, 0, 398, 571, 408, 48, 6.07%, 0, 5, 4, 371.88, 3978, 10688056
1604901385, 0, 398, 572, 409, 48, 6.07%, 0, 5, 4, 367.31, 3978, 10701401
1604901401, 0, 398, 573, 410, 48, 6.07%, 0, 5, 4, 369.57, 3978, 10706958
1604901406, 0, 405, 574, 410, 47, 6.07%, 0, 5, 4, 362.37, 3978, 10708846
1604901676, 0, 406, 574, 409, 46, 6.07%, 0, 5, 4, 361.33, 3978, 10798600
1604901681, 0, 406, 575, 410, 46, 6.07%, 0, 5, 4, 369.23, 3981, 10800540
1604901727, 0, 406, 577, 412, 46, 6.07%, 0, 5, 4, 372.09, 3981, 10817277
1604901835, 0, 406, 578, 413, 46, 6.08%, 0, 5, 4, 378.19, 3982, 10857192
1604901860, 0, 416, 578, 412, 47, 6.08%, 0, 5, 4, 377.37, 3982, 10866960
1604901865, 0, 416, 579, 413, 47, 6.08%, 0, 5, 4, 357.83, 3982, 10868771
1604901881, 0, 416, 580, 414, 47, 6.08%, 0, 5, 4, 330.23, 3982, 10873821
1604902110, 0, 416, 582, 416, 47, 6.08%, 0, 5, 4, 317.47, 3982, 10949762
1604902191, 0, 429, 582, 415, 47, 6.08%, 0, 5, 4, 365.20, 3982, 10977586
1604902431, 0, 433, 582, 414, 46, 6.08%, 0, 5, 4, 371.92, 3982, 11065426
1604902477, 0, 433, 584, 416, 46, 6.11%, 0, 5, 4, 319.66, 4006, 11080284
1604902732, 0, 435, 584, 415, 46, 6.11%, 0, 5, 4, 349.82, 4006, 11166608
1604903058, 0, 436, 584, 414, 45, 6.11%, 0, 5, 4, 339.33, 4006, 11276308
1604903145, 0, 440, 584, 413, 44, 6.11%, 0, 5, 4, 377.82, 4006, 11309374
1604903171, 0, 440, 585, 414, 44, 6.12%, 0, 5, 4, 378.12, 4008, 11318849
1604903222, 0, 440, 586, 415, 44, 6.12%, 0, 5, 4, 377.13, 4012, 11337963
1604903232, 0, 456, 586, 414, 45, 6.12%, 0, 5, 4, 364.71, 4012, 11341750
1604903237, 0, 456, 591, 419, 45, 6.13%, 0, 5, 4, 366.22, 4016, 11343589
1604903257, 0, 456, 593, 421, 45, 6.13%, 0, 5, 4, 371.82, 4016, 11351238
1604903314, 0, 456, 594, 422, 45, 6.13%, 0, 5, 4, 364.54, 4016, 11372371
1604903329, 0, 456, 595, 423, 45, 6.13%, 0, 5, 4, 378.40, 4016, 11378215
1604903350, 0, 457, 595, 422, 46, 6.13%, 0, 5, 4, 383.04, 4016, 11385975
1604903355, 0, 457, 596, 423, 46, 6.13%, 0, 5, 4, 379.19, 4017, 11387922
1604903467, 0, 458, 597, 423, 46, 6.13%, 0, 5, 4, 401.87, 4017, 11431267
1604903559, 0, 458, 598, 424, 46, 6.13%, 0, 5, 4, 404.08, 4017, 11467802
1604903579, 0, 461, 599, 424, 45, 6.13%, 0, 5, 4, 399.99, 4019, 11476033
1604903625, 0, 461, 600, 425, 45, 6.14%, 0, 5, 4, 399.68, 4021, 11494199
1604903685, 0, 462, 600, 424, 46, 6.14%, 0, 5, 4, 404.27, 4021, 11518643
1604903803, 0, 464, 600, 423, 45, 6.14%, 0, 5, 4, 401.17, 4021, 11565393
1604903909, 0, 465, 600, 422, 44, 6.14%, 0, 5, 4, 404.88, 4021, 11608102
1604904026, 0, 470, 602, 423, 43, 6.14%, 0, 5, 4, 370.68, 4021, 11654780
1604904271, 0, 470, 603, 424, 43, 6.14%, 0, 5, 4, 373.47, 4021, 11739647
1604904332, 0, 470, 604, 425, 43, 6.14%, 0, 5, 4, 357.68, 4021, 11761251
1604904337, 0, 471, 604, 424, 42, 6.14%, 0, 5, 4, 362.27, 4021, 11763051
1604904592, 0, 482, 604, 423, 41, 6.14%, 0, 5, 4, 392.98, 4021, 11854277
1604904675, 0, 483, 604, 422, 40, 6.14%, 0, 5, 4, 409.02, 4021, 11887917
1604904758, 0, 484, 604, 421, 39, 6.14%, 0, 5, 4, 410.25, 4021, 11921608
1604904845, 0, 485, 604, 420, 38, 6.14%, 0, 5, 4, 403.46, 4021, 11957068
1604904932, 0, 488, 604, 419, 38, 6.14%, 0, 5, 4, 407.13, 4021, 11991977
1604905019, 0, 492, 604, 418, 37, 6.14%, 0, 5, 4, 405.34, 4021, 12027273
1604905208, 0, 493, 604, 417, 36, 6.14%, 0, 5, 4, 395.24, 4021, 12100418
1604905391, 0, 494, 604, 416, 35, 6.14%, 0, 5, 4, 396.06, 4021, 12171810
1604905575, 0, 498, 604, 415, 34, 6.14%, 0, 5, 4, 388.77, 4021, 12243373
1604905840, 0, 510, 604, 414, 33, 6.14%, 0, 5, 4, 361.62, 4021, 12337338
1604905855, 0, 510, 607, 417, 33, 6.14%, 0, 5, 4, 330.96, 4023, 12342431
1604905881, 0, 510, 608, 418, 33, 6.14%, 0, 5, 4, 320.57, 4023, 12350885
1604905999, 0, 510, 609, 419, 33, 6.14%, 0, 5, 4, 321.03, 4027, 12390728
1604906075, 0, 510, 611, 421, 33, 6.15%, 0, 5, 4, 333.65, 4030, 12417619
1604906141, 0, 510, 613, 423, 33, 6.16%, 0, 5, 4, 321.57, 4035, 12441079
1604906156, 0, 511, 613, 422, 37, 6.16%, 0, 5, 4, 369.23, 4035, 12446481
1604906177, 0, 511, 615, 424, 37, 6.16%, 0, 5, 4, 323.42, 4035, 12453169
1604906315, 0, 511, 616, 425, 37, 6.16%, 0, 5, 4, 334.44, 4035, 12499598
1604906396, 0, 511, 617, 426, 37, 6.16%, 0, 5, 4, 330.30, 4035, 12527959
1604906478, 0, 512, 617, 425, 37, 6.16%, 0, 5, 4, 358.96, 4035, 12556778
1604906794, 0, 513, 617, 424, 36, 6.16%, 0, 5, 4, 358.04, 4035, 12666446
1604907110, 0, 514, 618, 424, 35, 6.16%, 0, 5, 4, 362.36, 4035, 12775937
1604907426, 0, 515, 618, 423, 35, 6.16%, 0, 5, 4, 361.54, 4035, 12884964
1604907742, 0, 516, 618, 422, 34, 6.16%, 0, 5, 4, 358.96, 4035, 12994240
1604908059, 0, 517, 618, 421, 33, 6.16%, 0, 5, 4, 375.72, 4035, 13104400
1604908375, 0, 518, 618, 420, 32, 6.16%, 0, 5, 4, 368.38, 4035, 13213839
1604908697, 0, 519, 618, 419, 31, 6.16%, 0, 5, 4, 366.54, 4035, 13324236
1604909014, 0, 520, 618, 418, 30, 6.16%, 0, 5, 4, 367.91, 4035, 13433931
1604909336, 0, 521, 618, 417, 29, 6.16%, 0, 5, 4, 354.65, 4035, 13544297
1604909659, 0, 522, 618, 416, 28, 6.16%, 0, 5, 4, 344.56, 4035, 13653995
1604909674, 0, 522, 620, 418, 28, 6.16%, 0, 5, 4, 316.65, 4036, 13658987
1604909823, 0, 522, 621, 419, 28, 6.16%, 0, 5, 4, 325.30, 4037, 13709056
1604909899, 0, 522, 622, 420, 28, 6.16%, 0, 5, 4, 334.11, 4039, 13735862
1604909966, 0, 522, 624, 422, 28, 6.17%, 0, 5, 4, 333.45, 4041, 13759112
1604909976, 0, 524, 624, 421, 32, 6.17%, 0, 5, 4, 367.95, 4041, 13762786
1604910057, 0, 526, 624, 420, 31, 6.17%, 0, 5, 4, 398.79, 4041, 13794969
1604910241, 0, 536, 624, 419, 30, 6.17%, 0, 5, 4, 395.74, 4041, 13865588
1604910317, 0, 540, 624, 418, 29, 6.17%, 0, 5, 4, 395.31, 4041, 13895742
1604910404, 0, 541, 629, 422, 28, 6.17%, 0, 5, 5, 410.46, 4041, 13930851
1604910409, 0, 541, 633, 426, 28, 6.18%, 0, 5, 5, 408.23, 4047, 13932955
1604910491, 0, 541, 634, 427, 28, 6.18%, 0, 5, 5, 407.73, 4047, 13965813
1604910496, 0, 541, 635, 428, 28, 6.18%, 0, 5, 5, 403.61, 4049, 13967893
1604910501, 0, 543, 635, 427, 30, 6.18%, 0, 5, 5, 391.90, 4049, 13969916
1604910817, 0, 544, 635, 426, 29, 6.18%, 0, 5, 5, 384.65, 4049, 14079707
1604910910, 0, 549, 635, 425, 28, 6.18%, 0, 5, 5, 393.12, 4049, 14117086
1604910915, 0, 549, 636, 426, 28, 6.18%, 0, 5, 5, 380.05, 4049, 14119040
1604911146, 0, 574, 638, 427, 28, 6.18%, 0, 5, 5, 386.12, 4050, 14207218
1604911171, 0, 574, 639, 428, 28, 6.18%, 0, 5, 5, 389.18, 4053, 14217015
1604911273, 0, 574, 640, 429, 28, 6.19%, 0, 5, 5, 396.61, 4054, 14256640
1604911324, 0, 577, 641, 429, 31, 6.19%, 0, 5, 5, 395.98, 4054, 14276611
1604911458, 0, 577, 642, 430, 31, 6.19%, 0, 5, 5, 392.11, 4054, 14328045
1604911478, 0, 577, 644, 432, 31, 6.19%, 0, 5, 5, 394.96, 4054, 14336100
1604911504, 0, 577, 645, 433, 31, 6.19%, 0, 5, 5, 387.22, 4054, 14346029
1604911509, 0, 578, 646, 433, 30, 6.19%, 0, 5, 5, 367.85, 4054, 14347968
1604911826, 0, 583, 647, 433, 30, 6.19%, 0, 5, 5, 381.80, 4054, 14457332
1604912118, 0, 584, 647, 432, 29, 6.19%, 0, 5, 5, 393.74, 4054, 14559777
1604912200, 0, 585, 647, 431, 28, 6.19%, 0, 5, 5, 407.21, 4054, 14593287
1604912282, 0, 589, 648, 431, 27, 6.19%, 0, 5, 5, 395.04, 4056, 14626472
1604912389, 0, 590, 648, 430, 27, 6.19%, 0, 5, 5, 401.37, 4056, 14668787
1604912394, 0, 590, 650, 432, 27, 6.20%, 0, 5, 5, 401.83, 4062, 14670829
1604912485, 0, 590, 651, 433, 27, 6.20%, 0, 5, 5, 402.15, 4062, 14707277
1604912501, 0, 594, 651, 432, 28, 6.20%, 0, 5, 5, 405.14, 4062, 14713556
1604912526, 0, 594, 652, 433, 28, 6.20%, 0, 5, 5, 400.70, 4062, 14723604
1604912612, 0, 595, 652, 432, 27, 6.20%, 0, 5, 5, 407.51, 4062, 14758021
1604912729, 0, 597, 652, 431, 26, 6.20%, 0, 5, 5, 390.31, 4062, 14804399
1604912836, 0, 598, 652, 430, 25, 6.20%, 0, 5, 5, 402.30, 4062, 14846955
1604912841, 0, 598, 653, 431, 25, 6.20%, 0, 5, 5, 397.92, 4063, 14849038
1604912948, 0, 599, 653, 430, 25, 6.20%, 0, 5, 5, 403.64, 4063, 14891542
1604912953, 0, 599, 654, 431, 25, 6.20%, 0, 5, 5, 398.08, 4065, 14893617
1604913060, 0, 605, 654, 430, 25, 6.20%, 0, 5, 5, 394.19, 4065, 14936105
1604913080, 0, 605, 655, 431, 25, 6.20%, 0, 5, 5, 326.06, 4065, 14942771
1604913376, 0, 608, 655, 430, 24, 6.20%, 0, 5, 5, 365.42, 4065, 15045488
1604913397, 0, 608, 656, 431, 24, 6.20%, 0, 5, 5, 331.56, 4066, 15052386
1604913617, 0, 608, 658, 433, 24, 6.21%, 0, 5, 5, 332.56, 4067, 15127899
1604913678, 0, 608, 659, 434, 24, 6.21%, 0, 5, 5, 335.83, 4069, 15149572
1604913683, 0, 608, 660, 435, 24, 6.21%, 0, 5, 5, 327.57, 4071, 15151264
1604913698, 0, 609, 661, 435, 27, 6.21%, 0, 5, 5, 348.77, 4071, 15156671
1604913933, 0, 609, 662, 436, 27, 6.21%, 0, 5, 5, 322.12, 4071, 15237201
1604913999, 0, 609, 663, 437, 27, 6.21%, 0, 5, 5, 329.11, 4071, 15260755
1604914014, 0, 612, 664, 437, 26, 6.21%, 0, 5, 5, 360.73, 4071, 15266194
1604914315, 0, 612, 666, 439, 26, 6.21%, 0, 5, 5, 335.58, 4071, 15370095
1604914330, 0, 616, 666, 438, 25, 6.21%, 0, 5, 5, 357.80, 4071, 15375465
1604914611, 0, 617, 666, 437, 24, 6.21%, 0, 5, 5, 370.73, 4071, 15474147
1604914932, 0, 619, 666, 436, 23, 6.21%, 0, 5, 5, 358.36, 4071, 15585246
1604914953, 0, 619, 667, 437, 23, 6.21%, 0, 5, 5, 328.05, 4071, 15592068
1604915172, 0, 619, 668, 438, 23, 6.21%, 0, 5, 5, 361.86, 4071, 15667669
1604915249, 0, 620, 668, 437, 22, 6.21%, 0, 5, 5, 362.47, 4071, 15694929
1604915264, 0, 620, 669, 438, 22, 6.21%, 0, 5, 5, 330.87, 4071, 15700040
1604915524, 0, 622, 669, 437, 22, 6.21%, 0, 5, 5, 374.45, 4071, 15791063
1604915545, 0, 622, 670, 438, 22, 6.21%, 0, 5, 5, 330.71, 4071, 15797902
1604915830, 0, 622, 671, 439, 22, 6.21%, 0, 5, 5, 331.74, 4071, 15896805
1604915845, 0, 623, 671, 438, 22, 6.21%, 0, 5, 5, 358.81, 4071, 15902300
1604916085, 0, 623, 672, 439, 22, 6.21%, 0, 5, 5, 363.89, 4071, 15984951
1604916152, 0, 623, 673, 440, 22, 6.21%, 0, 5, 5, 338.69, 4071, 16008244
1604916162, 0, 627, 673, 439, 22, 6.21%, 0, 5, 5, 374.39, 4071, 16012004
1604916300, 0, 632, 673, 438, 21, 6.21%, 0, 5, 5, 388.26, 4071, 16064964
1604916407, 0, 632, 674, 439, 21, 6.21%, 0, 5, 6, 386.89, 4071, 16106293
1604916433, 0, 632, 675, 440, 21, 6.21%, 0, 5, 6, 392.90, 4071, 16116228
1604916458, 0, 638, 675, 439, 22, 6.21%, 0, 5, 6, 386.15, 4071, 16126084
1604916592, 0, 638, 676, 440, 22, 6.21%, 0, 5, 6, 379.65, 4071, 16176334
1604916644, 0, 639, 676, 439, 22, 6.21%, 0, 5, 6, 379.64, 4071, 16195858
1604916803, 0, 639, 677, 440, 22, 6.21%, 0, 5, 6, 381.40, 4071, 16256084
1604916834, 0, 640, 678, 440, 21, 6.21%, 0, 5, 6, 381.41, 4071, 16267801
1604917024, 0, 641, 678, 439, 20, 6.21%, 0, 5, 6, 378.80, 4071, 16339154
1604917178, 0, 641, 680, 441, 20, 6.21%, 0, 5, 6, 392.44, 4071, 16397677
1604917209, 0, 642, 680, 440, 20, 6.21%, 0, 5, 6, 381.28, 4071, 16409377
1604917368, 0, 642, 681, 441, 20, 6.21%, 0, 5, 6, 393.26, 4071, 16469131
1604917393, 0, 645, 681, 440, 19, 6.21%, 0, 5, 6, 388.08, 4071, 16478944
1604917439, 0, 645, 682, 441, 19, 6.21%, 0, 5, 6, 329.74, 4071, 16494168
1604917716, 0, 647, 682, 440, 18, 6.21%, 0, 5, 6, 359.52, 4071, 16588802
1604917721, 0, 647, 683, 441, 18, 6.21%, 0, 5, 6, 387.40, 4073, 16590809
1604917833, 0, 648, 683, 440, 18, 6.21%, 0, 5, 6, 391.41, 4073, 16634467
1604917944, 0, 650, 684, 440, 17, 6.22%, 0, 5, 6, 396.94, 4074, 16678214
1604918056, 0, 652, 684, 439, 17, 6.22%, 0, 5, 6, 398.86, 4074, 16721875
1604918061, 0, 652, 685, 440, 17, 6.22%, 0, 5, 6, 382.46, 4076, 16723787
1604918173, 0, 653, 686, 440, 17, 6.22%, 0, 5, 6, 400.19, 4078, 16767348
1604918285, 0, 655, 686, 439, 17, 6.22%, 0, 5, 6, 376.78, 4078, 16811146
1604918593, 0, 655, 687, 440, 17, 6.22%, 0, 5, 6, 325.44, 4079, 16915733
1604918608, 0, 656, 687, 439, 17, 6.22%, 0, 5, 6, 354.40, 4079, 16921179
1604918931, 0, 658, 687, 438, 16, 6.22%, 0, 5, 6, 358.12, 4079, 17031455
1604919247, 0, 659, 687, 437, 15, 6.22%, 0, 5, 6, 364.88, 4079, 17140802
1604919569, 0, 664, 687, 436, 14, 6.22%, 0, 5, 6, 365.72, 4079, 17250970
1604919589, 0, 664, 688, 437, 14, 6.22%, 0, 5, 6, 324.14, 4079, 17257694
1604919890, 0, 667, 688, 436, 13, 6.22%, 0, 5, 6, 357.60, 4079, 17361967
1604919906, 0, 667, 689, 437, 13, 6.22%, 0, 5, 6, 323.67, 4079, 17366965
1604920208, 0, 668, 689, 436, 12, 6.22%, 0, 5, 6, 372.46, 4079, 17470808
1604920488, 0, 670, 689, 435, 11, 6.22%, 0, 5, 6, 364.87, 4079, 17568331
1604920503, 0, 670, 690, 436, 11, 6.22%, 0, 5, 6, 328.76, 4079, 17573399
1604920810, 0, 671, 690, 435, 10, 6.22%, 0, 5, 6, 359.66, 4079, 17678460
1604921138, 0, 674, 691, 435, 9, 6.22%, 0, 5, 7, 373.44, 4079, 17788953
1604921169, 0, 674, 692, 436, 9, 6.22%, 0, 5, 7, 382.13, 4079, 17800731
1604921225, 0, 674, 694, 438, 9, 6.22%, 0, 5, 7, 387.63, 4079, 17822368
1604921235, 0, 674, 695, 439, 9, 6.22%, 0, 5, 7, 387.51, 4079, 17826272
1604921240, 0, 679, 695, 438, 8, 6.22%, 0, 5, 7, 386.86, 4079, 17828258
1604921378, 0, 679, 697, 440, 8, 6.22%, 0, 5, 7, 377.54, 4079, 17879504
1604921435, 0, 682, 698, 440, 7, 6.23%, 0, 5, 7, 379.77, 4082, 17900813
1604921531, 0, 682, 699, 441, 7, 6.23%, 0, 5, 7, 386.45, 4082, 17937697
1604921547, 0, 683, 699, 440, 7, 6.23%, 0, 5, 7, 388.33, 4082, 17943550
1604921665, 0, 684, 700, 440, 6, 6.23%, 0, 5, 7, 386.58, 4084, 17988905
1604921777, 0, 685, 700, 439, 6, 6.23%, 0, 5, 7, 387.24, 4084, 18031811
1604921782, 0, 685, 701, 440, 6, 6.23%, 0, 5, 7, 386.80, 4086, 18033811
1604921878, 0, 685, 702, 441, 6, 6.23%, 0, 5, 7, 384.40, 4086, 18071219
1604921894, 0, 686, 702, 440, 6, 6.23%, 0, 5, 7, 373.64, 4086, 18077054
1604922221, 0, 694, 703, 440, 5, 6.23%, 0, 5, 8, 371.42, 4086, 18187680
1604922226, 0, 694, 704, 441, 5, 6.23%, 0, 5, 8, 377.55, 4086, 18189613
1604922312, 0, 694, 705, 442, 5, 6.23%, 0, 5, 8, 375.86, 4086, 18222598
1604922328, 0, 694, 706, 443, 5, 6.23%, 0, 5, 8, 382.60, 4086, 18228552
1604922338, 0, 698, 707, 443, 4, 6.24%, 0, 5, 8, 393.88, 4087, 18232590
1604922450, 0, 699, 707, 442, 4, 6.24%, 0, 5, 8, 390.12, 4087, 18276228
1604922455, 0, 699, 708, 443, 4, 6.24%, 0, 5, 8, 370.22, 4090, 18278077
1604922552, 0, 699, 709, 444, 4, 6.24%, 0, 5, 8, 387.71, 4090, 18315089
1604922567, 0, 701, 709, 443, 4, 6.24%, 0, 5, 8, 384.72, 4090, 18321029
1604922684, 0, 706, 709, 442, 3, 6.24%, 0, 5, 8, 386.79, 4090, 18365988
1604922797, 0, 708, 709, 441, 2, 6.24%, 0, 5, 8, 388.05, 4090, 18409247
1604922915, 1, 95, 709, 440, 1, 6.24%, 0, 5, 8, 378.54, 4090, 18454207
1604923154, 1, 626, 709, 439, 1, 6.24%, 0, 5, 8, 376.21, 4090, 18542762
1604923267, 1, 631, 709, 438, 0, 6.24%, 0, 5, 8, 386.78, 4090, 18585148
1604923435, 1, 635, 709, 437, 0, 6.24%, 0, 5, 8, 364.37, 4090, 18648895
1604923762, 1, 636, 709, 436, 0, 6.24%, 0, 5, 8, 378.99, 4090, 18759122
1604923946, 1, 637, 709, 435, 0, 6.24%, 0, 5, 8, 392.07, 4090, 18828506
1604924131, 1, 644, 709, 434, 0, 6.24%, 0, 5, 8, 377.57, 4090, 18897881
1604924136, 1, 644, 710, 435, 0, 6.24%, 0, 5, 8, 377.70, 4090, 18899862
1604924316, 1, 649, 711, 435, 0, 6.24%, 0, 5, 8, 383.54, 4090, 18967773
1604924643, 1, 651, 712, 435, 0, 6.24%, 0, 5, 8, 364.31, 4090, 19078082
1604924649, 1, 651, 714, 437, 0, 6.24%, 0, 5, 8, 344.67, 4090, 19079843
1604924746, 1, 651, 715, 438, 0, 6.24%, 0, 5, 8, 340.87, 4090, 19111446
1604924976, 1, 657, 715, 437, 0, 6.24%, 0, 5, 8, 352.41, 4090, 19188799
1604924996, 1, 657, 716, 438, 0, 6.24%, 0, 5, 8, 316.38, 4090, 19195256
1604925302, 1, 715, 716, 437, 1, 6.24%, 0, 5, 8, 358.39, 4090, 19298078
1604925638, 2, 7, 716, 435, 0, 6.24%, 0, 5, 8, 377.92, 4090, 19409406
1604925648, 2, 8, 716, 434, 0, 6.24%, 0, 5, 8, 384.26, 4090, 19413357
1604925669, 2, 12, 716, 433, 0, 6.24%, 0, 5, 8, 376.42, 4090, 19421015
1604925746, 2, 19, 716, 432, 0, 6.24%, 0, 5, 8, 379.66, 4090, 19450207
1604925929, 2, 21, 716, 431, 0, 6.24%, 0, 5, 8, 381.64, 4090, 19518263
1604925935, 2, 26, 716, 431, 0, 6.24%, 0, 5, 8, 383.71, 4090, 19520273
1604926012, 2, 30, 716, 430, 0, 6.24%, 0, 5, 8, 389.95, 4090, 19549310
1604926094, 2, 39, 716, 429, 0, 6.24%, 0, 5, 8, 372.23, 4090, 19580770
1604926175, 2, 41, 716, 428, 0, 6.24%, 0, 5, 8, 373.85, 4090, 19612463
1604926262, 2, 44, 716, 427, 0, 6.24%, 0, 5, 8, 376.96, 4090, 19644878
1604926592, 2, 55, 716, 426, 0, 6.24%, 0, 5, 8, 363.20, 4090, 19755335
1604926684, 2, 63, 716, 425, 0, 6.24%, 0, 5, 8, 370.63, 4090, 19790251
1604926782, 2, 65, 716, 424, 0, 6.24%, 0, 5, 8, 382.11, 4090, 19826580
1604926874, 2, 75, 716, 423, 0, 6.24%, 0, 5, 8, 383.84, 4090, 19861995
1604927179, 2, 80, 716, 422, 0, 6.24%, 0, 5, 8, 457.77, 4090, 19972061
1604927250, 2, 90, 716, 421, 0, 6.24%, 0, 5, 8, 507.36, 4090, 20008892
1604927255, 2, 90, 718, 423, 0, 6.24%, 0, 5, 8, 461.40, 4090, 20011184
1604927515, 2, 112, 719, 423, 0, 6.24%, 0, 5, 8, 457.95, 4090, 20120527
1604927658, 2, 116, 719, 422, 0, 6.24%, 0, 5, 8, 455.74, 4090, 20187202
1604927799, 2, 117, 719, 421, 0, 6.24%, 0, 5, 8, 464.71, 4090, 20253677
1604927952, 2, 122, 719, 420, 0, 6.24%, 0, 5, 8, 448.59, 4090, 20323540
1604928105, 2, 124, 719, 419, 0, 6.24%, 0, 5, 8, 463.30, 4090, 20393798
1604928254, 2, 134, 719, 418, 0, 6.24%, 0, 5, 8, 459.98, 4090, 20461841
1604928520, 2, 138, 719, 417, 0, 6.24%, 0, 5, 8, 447.55, 4090, 20573453
1604928678, 2, 140, 719, 416, 0, 6.24%, 0, 5, 8, 465.75, 4090, 20646102
1604928846, 2, 142, 719, 415, 0, 6.24%, 0, 5, 8, 460.93, 4090, 20722919
1604929019, 2, 145, 719, 414, 0, 6.24%, 0, 5, 8, 469.37, 4090, 20801770
1604929207, 2, 150, 719, 413, 0, 6.24%, 0, 5, 8, 440.32, 4090, 20887381
1604929421, 2, 153, 719, 412, 0, 6.24%, 0, 5, 8, 428.37, 4090, 20977850
1604930157, 2, 164, 719, 411, 0, 6.24%, 0, 5, 8, 442.91, 4090, 21071816
1604930377, 2, 174, 719, 410, 0, 6.24%, 0, 5, 8, 441.92, 4090, 21165543
1604930566, 2, 195, 719, 409, 0, 6.24%, 0, 5, 8, 454.75, 4090, 21251851
1604930780, 2, 199, 720, 409, 0, 6.24%, 0, 5, 8, 456.39, 4090, 21343371
1604930852, 2, 210, 720, 408, 0, 6.24%, 0, 5, 8, 449.02, 4090, 21375946
1604931113, 2, 216, 720, 407, 0, 6.24%, 0, 5, 8, 434.63, 4090, 21484528
1604931184, 2, 216, 721, 408, 0, 6.24%, 0, 5, 8, 434.07, 4090, 21513081
1604931379, 2, 218, 721, 407, 0, 6.24%, 0, 5, 8, 431.23, 4090, 21595204
1604931641, 2, 225, 721, 406, 0, 6.24%, 0, 5, 8, 440.78, 4090, 21704841
1604931713, 2, 230, 721, 405, 0, 6.24%, 0, 5, 8, 467.71, 4090, 21737122
1604931738, 2, 230, 722, 406, 0, 6.24%, 0, 5, 8, 419.79, 4090, 21747761
1604931795, 2, 230, 723, 407, 0, 6.24%, 0, 5, 8, 421.50, 4090, 21770914
1604931980, 2, 376, 723, 406, 1, 6.24%, 0, 5, 8, 413.55, 4090, 21848690
1604933243, 2, 466, 723, 405, 1, 6.24%, 0, 5, 8, 425.11, 4090, 21956418
1604933509, 2, 501, 724, 405, 1, 6.24%, 0, 5, 8, 431.07, 4090, 22068161
1604933770, 2, 555, 725, 405, 2, 6.24%, 0, 5, 8, 426.34, 4090, 22177542
1604934005, 2, 677, 725, 404, 2, 6.24%, 0, 5, 8, 455.28, 4090, 22276211
1604934158, 2, 681, 725, 403, 2, 6.24%, 0, 5, 8, 452.08, 4090, 22346581
1604934374, 2, 721, 725, 402, 2, 6.24%, 0, 5, 8, 432.77, 4090, 22437017
1604934379, 2, 721, 727, 404, 2, 6.24%, 0, 5, 8, 461.14, 4090, 22439386
1604934440, 2, 721, 728, 405, 2, 6.24%, 0, 5, 8, 470.02, 4090, 22467863
1604934470, 2, 723, 729, 405, 2, 6.24%, 0, 5, 8, 453.66, 4090, 22482259
1604934475, 2, 723, 730, 406, 2, 6.24%, 0, 5, 8, 415.78, 4090, 22484358
1604934731, 2, 727, 730, 405, 2, 6.24%, 0, 5, 8, 434.02, 4090, 22591043
1604934736, 2, 727, 734, 409, 2, 6.24%, 0, 5, 8, 489.82, 4090, 22593581
1604934752, 2, 727, 735, 410, 2, 6.24%, 0, 5, 8, 507.84, 4090, 22601433
1604934767, 2, 727, 736, 411, 2, 6.24%, 0, 5, 8, 510.60, 4090, 22609306
1604934793, 2, 727, 738, 413, 2, 6.24%, 0, 5, 8, 506.51, 4090, 22622374
1604934818, 2, 729, 739, 413, 3, 6.24%, 0, 5, 8, 463.16, 4090, 22634813
1604934879, 2, 729, 740, 414, 3, 6.24%, 0, 5, 8, 454.83, 4090, 22661884
1604935012, 2, 734, 740, 413, 2, 6.24%, 0, 5, 8, 468.53, 4090, 22722151
1604935069, 2, 734, 741, 414, 2, 6.24%, 0, 5, 8, 506.41, 4090, 22751999
1604935094, 2, 735, 741, 413, 1, 6.24%, 0, 5, 8, 519.02, 4090, 22765050
1604935165, 2, 736, 741, 412, 0, 6.24%, 0, 5, 8, 505.44, 4090, 22802998
1604935226, 2, 736, 742, 413, 0, 6.24%, 0, 5, 8, 489.88, 4090, 22833430
1604935242, 2, 741, 742, 412, 1, 6.24%, 0, 5, 8, 480.50, 4090, 22840809
1604935247, 2, 741, 743, 413, 1, 6.24%, 0, 5, 8, 499.06, 4090, 22843391
1604935277, 2, 741, 744, 414, 1, 6.24%, 0, 5, 8, 500.23, 4090, 22858652
1604935318, 2, 743, 744, 413, 0, 6.24%, 0, 5, 8, 494.94, 4090, 22878812
1604935389, 3, 10, 744, 412, 0, 6.24%, 0, 5, 8, 480.08, 4090, 22914402
1604935410, 3, 11, 744, 411, 0, 6.24%, 0, 5, 8, 455.33, 4090, 22923909
1604935461, 3, 11, 745, 412, 0, 6.24%, 0, 5, 8, 444.80, 4090, 22946615
1604935599, 3, 28, 745, 411, 0, 6.24%, 0, 5, 8, 445.86, 4090, 23008481
1604935604, 3, 35, 745, 411, 0, 6.24%, 0, 5, 8, 450.94, 4090, 23010849
1604935675, 3, 37, 745, 410, 0, 6.24%, 0, 5, 8, 457.83, 4090, 23043118
1604935680, 3, 45, 745, 410, 0, 6.24%, 0, 5, 8, 449.02, 4090, 23045369
1604935752, 3, 62, 745, 409, 0, 6.24%, 0, 5, 8, 464.58, 4090, 23077937
1604935828, 3, 79, 745, 408, 0, 6.24%, 0, 5, 8, 486.05, 4090, 23114161
1604935905, 3, 85, 745, 407, 0, 6.24%, 0, 5, 8, 445.55, 4090, 23152187
1604936171, 3, 88, 745, 406, 0, 6.24%, 0, 5, 8, 465.52, 4090, 23262801
1604936252, 3, 109, 745, 405, 0, 6.24%, 0, 5, 8, 450.02, 4090, 23302265
1604936514, 3, 111, 745, 404, 0, 6.24%, 0, 5, 8, 439.96, 4090, 23411133
1604936626, 3, 114, 745, 403, 0, 6.24%, 0, 5, 8, 469.22, 4090, 23462311
1604936769, 3, 128, 745, 402, 0, 6.24%, 0, 5, 8, 463.73, 4090, 23528634
1604936927, 3, 136, 745, 401, 0, 6.24%, 0, 5, 8, 464.89, 4090, 23600976
1604937084, 3, 146, 745, 400, 0, 6.24%, 0, 5, 8, 462.65, 4090, 23672985
1604937298, 3, 147, 745, 399, 0, 6.24%, 0, 5, 8, 436.16, 4090, 23764261
1604937512, 3, 154, 745, 398, 0, 6.24%, 0, 5, 8, 428.85, 4090, 23855363
1604937727, 3, 155, 745, 397, 0, 6.24%, 0, 5, 8, 445.18, 4090, 23946086
1604937945, 3, 156, 745, 396, 0, 6.24%, 0, 5, 8, 429.01, 4090, 24038943
1604938206, 3, 159, 745, 395, 0, 6.24%, 0, 5, 8, 439.95, 4090, 24147616
1604938471, 3, 173, 745, 394, 0, 6.24%, 0, 5, 8, 437.02, 4090, 24258364
1604938706, 3, 183, 745, 392, 0, 6.24%, 0, 5, 8, 451.91, 4090, 24357383
1604938777, 3, 198, 745, 391, 0, 6.24%, 0, 5, 8, 492.71, 4090, 24392948
1604938793, 3, 200, 745, 390, 0, 6.24%, 0, 5, 8, 487.89, 4090, 24400631
1604938859, 3, 211, 745, 389, 0, 6.24%, 0, 5, 8, 481.94, 4090, 24433806
1604938930, 3, 213, 745, 388, 0, 6.24%, 0, 5, 8, 459.39, 4090, 24468556
1604939197, 3, 219, 745, 387, 0, 6.24%, 0, 5, 8, 456.56, 4090, 24579097
1604939299, 3, 223, 745, 386, 0, 6.24%, 0, 5, 8, 484.63, 4090, 24627827
1604939365, 3, 237, 745, 385, 0, 6.24%, 0, 5, 8, 485.16, 4090, 24660665
1604939631, 3, 240, 745, 384, 0, 6.24%, 0, 5, 8, 436.04, 4090, 24771925
1604939840, 3, 241, 745, 383, 0, 6.24%, 0, 5, 8, 445.86, 4090, 24861309
1604940059, 3, 246, 745, 382, 0, 6.24%, 0, 5, 8, 438.55, 4090, 24954297
1604940278, 3, 249, 745, 381, 0, 6.24%, 0, 5, 8, 436.25, 4090, 25047187
1604940539, 3, 253, 745, 380, 0, 6.24%, 0, 5, 8, 493.88, 4090, 25156936
1604940596, 3, 259, 745, 379, 0, 6.24%, 0, 5, 8, 481.00, 4090, 25185704
1604940666, 3, 262, 745, 378, 0, 6.24%, 0, 5, 8, 472.38, 4090, 25219134
1604940671, 3, 263, 745, 378, 0, 6.24%, 0, 5, 8, 466.38, 4090, 25221511
1604940819, 3, 283, 745, 377, 0, 6.24%, 0, 5, 8, 460.84, 4090, 25289661
1604941056, 3, 284, 745, 376, 0, 6.24%, 0, 5, 8, 433.94, 4090, 25389485
1604941091, 3, 284, 746, 377, 0, 6.24%, 0, 5, 8, 402.27, 4090, 25403997
1604941286, 3, 290, 746, 376, 0, 6.24%, 0, 5, 8, 429.43, 4090, 25486847
1604941547, 3, 299, 746, 375, 0, 6.24%, 0, 5, 8, 434.02, 4090, 25595979
1604941701, 3, 303, 747, 375, 0, 6.24%, 0, 5, 8, 458.73, 4090, 25666174
1604941842, 3, 304, 747, 374, 0, 6.24%, 0, 5, 8, 451.34, 4090, 25732767
1604942109, 3, 322, 747, 373, 0, 6.24%, 0, 5, 8, 434.17, 4090, 25843920
1604942375, 3, 323, 747, 372, 0, 6.24%, 0, 5, 8, 432.73, 4090, 25953888
1604942446, 3, 323, 748, 373, 0, 6.24%, 0, 5, 8, 427.66, 4090, 25982801
1604942641, 3, 339, 748, 372, 1, 6.24%, 0, 5, 8, 433.70, 4090, 26064589
1604942871, 3, 747, 748, 371, 1, 6.24%, 0, 5, 8, 463.75, 4090, 26162286
1604942938, 4, 3, 748, 370, 0, 6.24%, 0, 5, 8, 482.52, 4090, 26194280
1604942998, 4, 17, 748, 369, 0, 6.24%, 0, 5, 8, 464.89, 4090, 26222957
1604943136, 4, 52, 748, 368, 0, 6.24%, 0, 5, 8, 465.65, 4090, 26286453
1604943233, 4, 56, 748, 367, 0, 6.24%, 0, 5, 8, 480.57, 4090, 26332076
1604943310, 4, 57, 748, 366, 0, 6.24%, 0, 5, 8, 475.88, 4090, 26368900
1604943381, 4, 58, 748, 365, 0, 6.24%, 0, 5, 8, 483.19, 4090, 26403811
1604943457, 4, 61, 748, 364, 0, 6.24%, 0, 5, 8, 469.52, 4090, 26439489
1604943539, 4, 72, 748, 363, 0, 6.24%, 0, 5, 8, 441.70, 4090, 26477583
1604943800, 4, 74, 748, 362, 0, 6.24%, 0, 5, 8, 431.03, 4090, 26586222
1604944066, 4, 110, 748, 361, 0, 6.24%, 0, 5, 8, 452.04, 4090, 26697493
1604944265, 4, 129, 748, 360, 0, 6.24%, 0, 5, 8, 454.76, 4090, 26787443
1604944418, 4, 131, 748, 359, 0, 6.24%, 0, 5, 8, 463.16, 4090, 26857420
1604944576, 4, 137, 748, 358, 0, 6.24%, 0, 5, 8, 462.06, 4090, 26928984
1604944738, 4, 158, 748, 357, 0, 6.24%, 0, 5, 8, 454.11, 4090, 27003328
1604944958, 4, 163, 748, 356, 0, 6.24%, 0, 5, 8, 446.60, 4090, 27096628
1604945177, 4, 170, 748, 355, 0, 6.24%, 0, 5, 8, 443.17, 4090, 27189386
1604945407, 4, 171, 748, 354, 0, 6.24%, 0, 5, 8, 439.19, 4090, 27286393
1604945642, 4, 172, 748, 353, 0, 6.24%, 0, 5, 8, 440.10, 4090, 27385138
1604945871, 4, 187, 748, 352, 0, 6.24%, 0, 5, 8, 450.12, 4090, 27482236
1604945967, 4, 192, 748, 351, 0, 6.24%, 0, 5, 8, 473.60, 4090, 27527512
1604946121, 4, 194, 748, 350, 0, 6.24%, 0, 5, 8, 456.65, 4090, 27597849
1604946335, 4, 204, 748, 349, 0, 6.24%, 0, 5, 8, 418.91, 4090, 27689010
1604946601, 4, 206, 748, 348, 0, 6.24%, 0, 5, 8, 459.96, 4090, 27799770
1604946754, 4, 214, 748, 347, 0, 6.24%, 0, 5, 8, 436.13, 4090, 27869675
1604947015, 4, 226, 748, 346, 0, 6.24%, 0, 5, 8, 436.03, 4090, 27978356
1604947285, 4, 255, 748, 345, 0, 6.24%, 0, 5, 8, 440.36, 4090, 28088987
1604947352, 4, 286, 748, 344, 0, 6.24%, 0, 5, 8, 488.28, 4090, 28119889
1604947362, 4, 306, 748, 343, 0, 6.24%, 0, 5, 8, 490.74, 4090, 28124989
1604947465, 4, 308, 748, 342, 0, 6.24%, 0, 5, 8, 450.47, 4090, 28174775
1604947730, 4, 310, 748, 341, 0, 6.24%, 0, 5, 8, 424.96, 4090, 28285119
1604947997, 4, 311, 748, 340, 0, 6.24%, 0, 5, 8, 416.23, 4090, 28395571
1604948278, 4, 320, 748, 339, 0, 6.24%, 0, 5, 8, 430.59, 4090, 28511842
1604948493, 4, 335, 748, 338, 0, 6.24%, 0, 5, 8, 432.57, 4090, 28602424
1604948760, 4, 337, 748, 337, 0, 6.24%, 0, 5, 8, 427.27, 4090, 28712571
1604948775, 4, 337, 749, 338, 0, 6.24%, 0, 5, 8, 396.07, 4090, 28718744
1604949027, 4, 341, 751, 339, 0, 6.24%, 0, 5, 8, 461.72, 4090, 28822981
1604949032, 4, 341, 753, 341, 0, 6.24%, 0, 5, 8, 496.14, 4090, 28825526
1604949037, 4, 341, 756, 344, 0, 6.24%, 0, 5, 8, 503.95, 4090, 28828117
1604949129, 4, 341, 757, 345, 0, 6.24%, 0, 5, 8, 491.10, 4090, 28873838
1604949179, 4, 571, 757, 344, 1, 6.24%, 0, 5, 8, 442.73, 4090, 28898446
1604949189, 4, 571, 759, 346, 1, 6.24%, 0, 5, 8, 393.40, 4090, 28902422
1604949195, 4, 571, 760, 347, 1, 6.24%, 0, 5, 8, 387.28, 4090, 28904432
1604949230, 4, 571, 761, 348, 1, 6.24%, 0, 5, 8, 397.58, 4090, 28918697
1604949236, 4, 571, 763, 350, 1, 6.24%, 0, 5, 8, 399.98, 4090, 28920757
1604949297, 4, 571, 764, 351, 1, 6.24%, 0, 5, 8, 412.84, 4090, 28946151
1604949353, 4, 571, 765, 352, 1, 6.24%, 0, 5, 8, 409.17, 4090, 28970214
1604949415, 4, 754, 765, 351, 1, 6.24%, 0, 5, 8, 460.46, 4090, 28996714
1604949577, 4, 759, 766, 351, 0, 6.24%, 0, 5, 8, 465.67, 4090, 29077980
1604949787, 4, 759, 767, 352, 0, 6.24%, 0, 5, 8, 425.78, 4090, 29165045
1604949813, 4, 760, 767, 351, 0, 6.24%, 0, 5, 8, 461.86, 4090, 29176155
1604950017, 4, 761, 767, 350, 0, 6.24%, 0, 5, 8, 441.49, 4090, 29269388
1604950247, 4, 764, 767, 349, 0, 6.24%, 0, 5, 8, 443.88, 4090, 29365807
1604950488, 5, 53, 768, 348, 0, 6.24%, 0, 5, 8, 458.59, 4092, 29465076
1604950580, 5, 87, 768, 347, 0, 6.24%, 0, 5, 8, 461.95, 4092, 29507920
1604950846, 5, 92, 768, 346, 0, 6.24%, 0, 5, 8, 447.86, 4092, 29618676
1604950948, 5, 118, 768, 345, 0, 6.24%, 0, 5, 8, 467.37, 4092, 29667475
1604951133, 5, 132, 768, 344, 0, 6.24%, 0, 5, 8, 446.81, 4092, 29750117
1604951291, 5, 182, 768, 343, 0, 6.24%, 0, 5, 8, 454.31, 4092, 29821560
1604951368, 5, 184, 769, 343, 0, 6.24%, 0, 5, 8, 477.19, 4092, 29856258
1604951439, 5, 215, 769, 342, 0, 6.24%, 0, 5, 8, 487.01, 4092, 29891693
1604951501, 5, 221, 769, 341, 0, 6.24%, 0, 5, 8, 475.12, 4092, 29922158
1604951566, 5, 228, 769, 340, 0, 6.24%, 0, 5, 8, 438.33, 4092, 29952965
1604951832, 5, 229, 769, 339, 0, 6.24%, 0, 5, 8, 429.20, 4092, 30063842
1604952094, 5, 254, 769, 338, 0, 6.24%, 0, 5, 8, 452.34, 4092, 30173230
1604952156, 5, 257, 769, 337, 0, 6.24%, 0, 5, 8, 474.94, 4092, 30204426
1604952227, 5, 268, 769, 336, 0, 6.24%, 0, 5, 8, 457.65, 4092, 30236895
1604952232, 5, 300, 769, 336, 0, 6.24%, 0, 5, 8, 473.62, 4092, 30239356
1604952340, 5, 338, 769, 335, 0, 6.24%, 0, 5, 8, 431.29, 4092, 30290483
1604952355, 5, 338, 770, 336, 0, 6.24%, 0, 5, 8, 401.55, 4092, 30296731
1604952602, 5, 349, 770, 335, 0, 6.24%, 0, 5, 8, 431.19, 4092, 30399705
1604952867, 5, 353, 770, 334, 0, 6.24%, 0, 5, 8, 461.74, 4092, 30510664
1604952944, 5, 354, 770, 333, 0, 6.24%, 0, 5, 8, 490.69, 4092, 30549285
1604952949, 5, 354, 771, 334, 0, 6.24%, 0, 5, 8, 436.21, 4092, 30551414
1604953210, 5, 357, 771, 333, 0, 6.24%, 0, 5, 8, 448.41, 4092, 30660931
1604953404, 5, 362, 771, 332, 0, 6.24%, 0, 5, 8, 455.07, 4092, 30748284
1604953572, 5, 363, 771, 331, 0, 6.24%, 0, 5, 8, 446.12, 4092, 30825270
1604953715, 5, 381, 771, 330, 0, 6.24%, 0, 5, 8, 462.00, 4092, 30890535
1604953868, 5, 384, 771, 329, 0, 6.24%, 0, 5, 8, 462.24, 4092, 30961205
1604954026, 5, 386, 771, 328, 0, 6.24%, 0, 5, 8, 470.57, 4092, 31034255
1604954128, 5, 387, 771, 327, 0, 6.24%, 0, 5, 8, 469.73, 4092, 31083567
1604954297, 5, 396, 771, 326, 0, 6.24%, 0, 5, 8, 455.66, 4092, 31160292
1604954486, 5, 400, 771, 325, 0, 6.24%, 0, 5, 8, 443.57, 4092, 31246722
1604954497, 5, 400, 772, 326, 0, 6.24%, 0, 5, 8, 388.26, 4092, 31250785
1604954721, 5, 401, 772, 325, 0, 6.24%, 0, 5, 8, 416.01, 4092, 31343398
1604954896, 5, 401, 773, 326, 0, 6.24%, 0, 5, 8, 441.38, 4092, 31415021
1604954926, 5, 401, 774, 327, 0, 6.24%, 0, 5, 8, 408.87, 4092, 31428077
1604954941, 5, 403, 774, 326, 0, 6.24%, 0, 5, 8, 427.88, 4092, 31434599
1604955146, 5, 403, 775, 327, 0, 6.24%, 0, 5, 8, 416.25, 4092, 31519949
1604955157, 5, 408, 775, 326, 0, 6.24%, 0, 5, 8, 428.21, 4092, 31524323
1604955371, 5, 419, 775, 325, 0, 6.24%, 0, 5, 8, 432.68, 4092, 31615209
1604955376, 5, 419, 776, 326, 0, 6.24%, 0, 5, 8, 405.63, 4092, 31617241
1604955637, 5, 425, 776, 325, 0, 6.24%, 0, 5, 8, 431.05, 4092, 31724841
1604955642, 5, 425, 777, 326, 0, 6.24%, 0, 5, 8, 402.35, 4092, 31726857
1604955902, 5, 427, 777, 325, 0, 6.24%, 0, 5, 8, 429.22, 4092, 31835631
1604956004, 5, 427, 778, 326, 0, 6.24%, 0, 5, 8, 422.39, 4092, 31877288
1604956126, 5, 439, 778, 325, 0, 6.24%, 0, 5, 8, 433.49, 4092, 31929028
1604956392, 5, 444, 778, 324, 0, 6.24%, 0, 5, 8, 429.69, 4092, 32039715
1604956438, 5, 444, 779, 325, 0, 6.24%, 0, 5, 8, 412.62, 4092, 32058378
1604956654, 5, 446, 779, 324, 0, 6.24%, 0, 5, 8, 439.73, 4092, 32148991
1604956659, 5, 446, 781, 326, 0, 6.24%, 0, 5, 8, 420.52, 4092, 32151159
1604956700, 5, 446, 782, 327, 0, 6.24%, 0, 5, 8, 418.28, 4092, 32167694
1604956746, 5, 446, 783, 328, 0, 6.24%, 0, 5, 8, 433.21, 4092, 32186896
1604956921, 5, 455, 783, 327, 0, 6.24%, 0, 5, 8, 450.78, 4092, 32260572
1604957012, 5, 460, 783, 326, 0, 6.24%, 0, 5, 8, 462.73, 4092, 32303549
1604957093, 5, 460, 784, 327, 0, 6.24%, 0, 5, 8, 428.23, 4092, 32336935
1604957278, 5, 463, 784, 326, 0, 6.24%, 0, 5, 8, 430.89, 4092, 32414604
1604957538, 5, 467, 784, 325, 0, 6.24%, 0, 5, 8, 419.14, 4092, 32523104
1604957625, 5, 468, 784, 324, 0, 6.24%, 0, 5, 8, 479.84, 4092, 32565660
1604957878, 5, 468, 785, 325, 0, 6.24%, 0, 5, 8, 434.09, 4092, 32675104
1604957883, 5, 784, 785, 324, 1, 6.24%, 0, 5, 8, 470.17, 4092, 32677560
1604957980, 6, 34, 785, 323, 0, 6.24%, 0, 5, 8, 476.03, 4092, 32723549
1604958047, 6, 42, 785, 322, 0, 6.24%, 0, 5, 8, 475.94, 4092, 32757270
1604958318, 6, 50, 785, 321, 0, 6.24%, 0, 5, 8, 444.23, 4092, 32867662
1604958389, 6, 51, 785, 320, 0, 6.24%, 0, 5, 8, 469.31, 4092, 32900572
1604958466, 6, 66, 785, 319, 0, 6.24%, 0, 5, 8, 479.03, 4092, 32937524
1604958732, 6, 82, 785, 318, 0, 6.24%, 0, 5, 8, 440.93, 4092, 33048759
1604958999, 6, 83, 785, 317, 0, 6.24%, 0, 5, 8, 426.87, 4092, 33159702
1604959265, 6, 86, 785, 316, 0, 6.24%, 0, 5, 8, 432.45, 4092, 33269631
1604959532, 6, 91, 785, 315, 0, 6.24%, 0, 5, 8, 472.73, 4092, 33380537
1604959629, 6, 166, 785, 314, 0, 6.24%, 0, 5, 8, 478.11, 4092, 33427880
1604959847, 6, 172, 785, 313, 0, 6.24%, 0, 5, 8, 432.72, 4092, 33520499
1604959852, 6, 236, 785, 313, 0, 6.24%, 0, 5, 8, 435.23, 4092, 33522713
