# unix_time, cycles_done, cur_path, paths_total, pending_total, pending_favs, map_size, unique_crashes, unique_hangs, max_depth, execs_per_sec, edge_coverage, total_execs
1606849152, 0, 0, 1, 1, 1, 0.60%, 0, 0, 1, 380.95, 395, 8
1606849157, 0, 0, 123, 123, 1, 3.89%, 0, 0, 2, 435.80, 2551, 2347
1606849162, 0, 0, 215, 215, 1, 4.33%, 0, 0, 2, 457.11, 2839, 4689
1606849167, 0, 0, 355, 355, 1, 4.76%, 0, 0, 2, 463.83, 3121, 7090
1606849172, 0, 0, 441, 441, 1, 4.88%, 0, 0, 2, 469.17, 3201, 9605
1606849177, 0, 0, 492, 492, 1, 5.02%, 0, 0, 2, 494.66, 3288, 12133
1606849182, 0, 0, 533, 533, 1, 5.08%, 0, 0, 2, 492.76, 3330, 14711
1606849187, 0, 0, 567, 567, 1, 5.19%, 0, 0, 2, 503.53, 3402, 17236
1606849193, 0, 0, 598, 598, 1, 5.22%, 0, 0, 2, 499.29, 3420, 19749
1606849198, 0, 0, 611, 611, 1, 5.26%, 0, 0, 2, 514.18, 3449, 22408
1606849203, 0, 0, 628, 628, 1, 5.28%, 0, 0, 2, 507.66, 3462, 24974
1606849208, 0, 0, 656, 656, 1, 5.33%, 0, 0, 2, 514.73, 3496, 27568
1606849213, 0, 0, 675, 675, 1, 5.37%, 0, 0, 2, 516.81, 3518, 30180
1606849218, 0, 0, 692, 692, 1, 5.39%, 0, 0, 2, 527.84, 3535, 32896
1606849223, 0, 0, 709, 709, 1, 5.41%, 0, 0, 2, 518.69, 3548, 35512
1606849228, 0, 0, 723, 723, 1, 5.42%, 0, 0, 2, 515.54, 3552, 38104
1606849233, 0, 0, 732, 732, 1, 5.44%, 0, 0, 2, 517.03, 3566, 40686
1606849238, 0, 11, 735, 734, 125, 5.45%, 0, 0, 2, 570.36, 3570, 43604
1606849243, 0, 20, 736, 734, 124, 5.45%, 0, 0, 3, 487.28, 3570, 46066
1606849248, 0, 20, 737, 735, 124, 5.45%, 0, 0, 3, 494.29, 3570, 48560
1606849254, 0, 20, 745, 743, 124, 5.46%, 0, 0, 3, 523.10, 3575, 51325
1606849259, 0, 20, 756, 754, 124, 5.46%, 0, 0, 3, 525.06, 3575, 53966
1606849264, 0, 20, 761, 759, 124, 5.46%, 0, 0, 3, 526.10, 3579, 56613
1606849269, 0, 20, 767, 765, 124, 5.46%, 0, 0, 3, 526.90, 3579, 59251
1606849274, 0, 20, 776, 774, 124, 5.46%, 0, 0, 3, 529.42, 3581, 61983
1606849279, 0, 20, 783, 781, 124, 5.46%, 0, 0, 3, 523.64, 3581, 64609
1606849284, 0, 20, 788, 786, 124, 5.48%, 0, 0, 3, 523.99, 3591, 67259
1606849289, 0, 20, 795, 793, 124, 5.48%, 0, 0, 3, 525.47, 3593, 69885
1606849294, 0, 32, 801, 798, 130, 5.48%, 0, 0, 3, 525.31, 3593, 72657
1606849299, 0, 32, 802, 799, 130, 5.49%, 0, 0, 3, 473.17, 3596, 75016
1606849304, 0, 32, 811, 808, 130, 5.49%, 0, 0, 3, 505.37, 3599, 77576
1606849309, 0, 32, 817, 814, 130, 5.51%, 0, 0, 3, 516.05, 3611, 80174
1606849314, 0, 32, 826, 823, 130, 5.51%, 0, 0, 3, 524.94, 3611, 82906
1606849320, 0, 32, 831, 828, 130, 5.51%, 0, 0, 3, 534.32, 3611, 85656
1606849325, 0, 32, 836, 833, 130, 5.51%, 0, 0, 3, 532.81, 3611, 88416
1606849330, 0, 32, 846, 843, 130, 5.55%, 0, 0, 3, 527.43, 3635, 91086
1606849335, 0, 32, 850, 847, 130, 5.55%, 0, 0, 3, 528.73, 3636, 93738
1606849340, 0, 32, 854, 851, 130, 5.58%, 0, 0, 3, 530.06, 3657, 96490
1606849345, 0, 32, 857, 854, 130, 5.58%, 0, 0, 3, 526.82, 3657, 99244
1606849350, 0, 32, 862, 859, 130, 5.59%, 0, 0, 3, 528.79, 3661, 101974
1606849356, 0, 32, 868, 865, 130, 5.59%, 0, 0, 3, 528.63, 3664, 104702
1606849361, 0, 32, 873, 870, 130, 5.59%, 0, 0, 3, 536.77, 3666, 107492
