# unix_time, cycles_done, cur_path, paths_total, pending_total, pending_favs, map_size, unique_crashes, unique_hangs, max_depth, execs_per_sec, edge_coverage, total_execs
1602189251, 0, 0, 2, 2, 2, 7.53%, 0, 0, 1, 28.47 0 16
1602189256, 0, 0, 9, 9, 2, 7.73%, 0, 0, 2, 13.50 5064 292
1602189261, 0, 0, 15, 15, 2, 7.79%, 0, 0, 2, 8.00 5104 397
1602189276, 0, 0, 23, 23, 2, 7.83%, 0, 0, 2, 7.20 5132 620
1602189317, 0, 1, 106, 105, 17, 8.12%, 0, 0, 2, 1018.56 5322 3017
1602189322, 0, 1, 133, 132, 17, 8.35%, 0, 0, 2, 1667.60 5472 10226
1602189327, 0, 1, 134, 133, 17, 8.35%, 0, 0, 2, 56.38 5473 16124
1602189333, 0, 1, 139, 138, 17, 8.36%, 0, 0, 2, 854.67 5479 21344
1602189338, 0, 1, 161, 160, 17, 8.42%, 0, 0, 2, 125.68 5520 28938
1602189343, 0, 4, 194, 191, 86, 8.49%, 0, 0, 2, 23.81 5561 38187
1602189369, 0, 4, 195, 192, 86, 8.49%, 0, 0, 3, 8.05 5561 38545
1602189400, 0, 8, 195, 191, 85, 8.49%, 0, 0, 3, 84.34 5561 38981
1602189452, 0, 11, 251, 246, 84, 8.56%, 0, 0, 3, 191.93 5610 43391
1602189457, 0, 11, 265, 260, 84, 8.58%, 0, 0, 3, 1487.11 5621 47743
1602189462, 0, 11, 274, 269, 84, 8.58%, 0, 0, 3, 148.89 5626 51256
1602189467, 0, 11, 275, 270, 84, 8.58%, 0, 0, 3, 64.78 5626 51315
1602189478, 0, 11, 284, 279, 84, 8.58%, 0, 0, 3, 1598.01 5626 60870
1602189484, 0, 11, 289, 284, 84, 8.59%, 0, 0, 3, 11.32 5627 66789
1602189494, 0, 11, 290, 285, 84, 8.59%, 0, 0, 3, 1342.19 5627 72818
1602189499, 0, 11, 292, 287, 84, 8.59%, 0, 0, 3, 1568.06 5627 80991
1602189504, 0, 11, 305, 300, 84, 8.61%, 0, 0, 3, 8.27 5642 83099
1602189510, 0, 11, 318, 313, 84, 8.65%, 0, 0, 3, 1150.20 5669 87488
1602189515, 0, 11, 320, 315, 84, 8.65%, 0, 0, 3, 8.30 5672 89063
1602189525, 0, 11, 323, 318, 84, 8.65%, 0, 0, 3, 1585.65 5672 94422
1602189530, 0, 11, 327, 322, 84, 8.65%, 0, 0, 3, 1707.55 5672 100680
1602189535, 0, 11, 329, 324, 84, 8.66%, 0, 0, 3, 1573.58 5673 107891
1602189540, 0, 15, 338, 332, 114, 8.67%, 0, 0, 3, 1635.74 5682 113905
1602189546, 0, 15, 343, 337, 114, 8.67%, 0, 0, 3, 1530.79 5682 121190
1602189556, 0, 15, 344, 338, 114, 8.67%, 0, 0, 3, 1605.61 5682 137192
1602189596, 0, 15, 347, 341, 114, 8.67%, 0, 0, 3, 1568.37 5682 202256
1602189601, 0, 15, 348, 342, 114, 8.67%, 0, 0, 3, 1552.86 5682 210040
1602189606, 0, 17, 355, 348, 113, 8.67%, 0, 0, 3, 1737.96 5683 219189
1602189627, 0, 18, 358, 350, 115, 8.68%, 0, 0, 3, 2026.44 5687 258074
1602189642, 0, 20, 360, 351, 115, 8.68%, 0, 0, 3, 2158.46 5688 291126
1602189647, 0, 22, 361, 351, 114, 8.68%, 0, 0, 3, 1545.15 5688 298497
1602189704, 0, 22, 362, 352, 114, 8.68%, 0, 0, 3, 1569.57 5688 388378
1602189709, 0, 26, 363, 352, 114, 8.68%, 0, 0, 3, 1688.00 5690 396817
1602189719, 0, 37, 363, 351, 113, 8.68%, 0, 0, 3, 1963.37 5690 415867
1602189730, 0, 41, 363, 350, 112, 8.68%, 0, 0, 3, 2165.64 5690 438096
1602189740, 0, 44, 363, 349, 111, 8.68%, 0, 0, 3, 2157.81 5690 459862
1602189750, 0, 45, 363, 348, 110, 8.68%, 0, 0, 3, 2096.88 5690 481185
1602189760, 0, 49, 364, 348, 110, 8.68%, 0, 0, 3, 2144.53 5691 503380
1602189770, 0, 51, 364, 347, 109, 8.68%, 0, 0, 3, 2117.51 5691 525276
1602189781, 0, 53, 364, 346, 108, 8.68%, 0, 0, 3, 2146.57 5691 546806
1602189791, 0, 54, 365, 346, 107, 8.69%, 0, 0, 3, 1813.30 5695 566725
1602189811, 0, 56, 365, 345, 107, 8.69%, 0, 0, 3, 1655.54 5695 594005
1602189821, 0, 59, 365, 344, 106, 8.69%, 0, 0, 3, 1817.60 5695 613821
1602189832, 0, 60, 365, 343, 105, 8.69%, 0, 0, 3, 1808.72 5695 632835
1602189847, 0, 62, 365, 342, 104, 8.69%, 0, 0, 3, 1843.26 5695 660192
1602189862, 0, 63, 365, 341, 103, 8.69%, 0, 0, 3, 1820.69 5695 688000
1602189877, 0, 65, 365, 340, 102, 8.69%, 0, 0, 3, 1824.40 5695 716096
1602189892, 0, 66, 365, 339, 101, 8.69%, 0, 0, 3, 1798.30 5695 744073
1602189908, 0, 67, 365, 338, 100, 8.69%, 0, 0, 3, 1791.01 5695 771513
1602189923, 0, 73, 365, 337, 99, 8.69%, 0, 0, 3, 1776.34 5695 798974
1602189928, 0, 73, 366, 338, 99, 8.69%, 0, 0, 3, 1704.85 5695 807351
1602189938, 0, 73, 367, 339, 99, 8.69%, 0, 0, 3, 1853.05 5695 826274
1602189943, 0, 75, 367, 338, 99, 8.69%, 0, 0, 3, 1736.13 5695 834909
1602189953, 0, 75, 368, 339, 99, 8.69%, 0, 0, 3, 1785.84 5697 853510
1602189958, 0, 77, 368, 338, 99, 8.69%, 0, 0, 3, 1722.49 5697 862247
1602189973, 0, 79, 368, 337, 98, 8.69%, 0, 0, 3, 1752.27 5697 890297
1602189988, 0, 81, 368, 336, 97, 8.69%, 0, 0, 3, 1774.18 5697 918039
1602190004, 0, 83, 368, 335, 96, 8.69%, 0, 0, 3, 1742.22 5697 945961
1602190019, 0, 86, 371, 337, 95, 8.70%, 0, 0, 3, 1742.93 5699 973376
1602190024, 0, 86, 372, 338, 95, 8.70%, 0, 0, 3, 1766.09 5699 982277
1602190040, 0, 89, 375, 340, 97, 8.70%, 0, 0, 3, 1616.98 5702 1000559
1602190060, 0, 93, 377, 341, 95, 8.71%, 0, 0, 3, 1742.18 5705 1028138
1602190080, 0, 94, 377, 340, 95, 8.71%, 0, 0, 3, 1737.63 5705 1056119
1602190086, 0, 94, 378, 341, 95, 8.71%, 0, 0, 3, 1698.34 5705 1064635
1602190101, 0, 95, 378, 340, 94, 8.71%, 0, 0, 3, 1719.52 5705 1084176
1602190121, 0, 96, 378, 339, 93, 8.71%, 0, 0, 3, 1718.83 5705 1111267
1602190142, 0, 97, 378, 338, 92, 8.71%, 0, 0, 3, 1729.81 5705 1139762
1602190162, 0, 98, 378, 337, 91, 8.71%, 0, 0, 3, 1668.47 5705 1168106
1602190183, 0, 101, 378, 336, 90, 8.71%, 0, 0, 3, 1545.20 5705 1196212
1602190203, 0, 104, 378, 335, 89, 8.71%, 0, 0, 3, 1674.71 5705 1224078
1602190224, 0, 105, 379, 335, 88, 8.71%, 0, 0, 3, 1694.68 5705 1251609
1602190229, 0, 106, 380, 335, 87, 8.71%, 0, 0, 3, 1998.43 5705 1262129
1602190244, 0, 110, 383, 337, 87, 8.71%, 0, 0, 3, 1716.96 5705 1291370
1602190265, 0, 111, 388, 341, 86, 8.71%, 0, 0, 3, 1683.24 5705 1320169
1602190280, 0, 111, 392, 345, 86, 8.74%, 0, 0, 3, 1932.25 5725 1343097
1602190285, 0, 115, 393, 345, 87, 8.74%, 0, 0, 3, 2038.27 5725 1353556
1602190296, 0, 119, 397, 348, 86, 8.74%, 0, 0, 3, 1770.57 5725 1372889
1602190301, 0, 119, 398, 349, 86, 8.74%, 0, 0, 3, 121.32 5725 1380443
1602190311, 0, 119, 399, 350, 86, 8.74%, 0, 0, 3, 1698.40 5725 1392674
1602190316, 0, 123, 402, 352, 85, 8.74%, 0, 0, 3, 1693.95 5725 1401509
1602190331, 0, 126, 403, 352, 84, 8.74%, 0, 0, 3, 1717.80 5725 1428791
1602190337, 0, 126, 404, 353, 84, 8.74%, 0, 0, 3, 1708.14 5725 1437300
1602190342, 0, 128, 406, 354, 83, 8.74%, 0, 0, 3, 1708.82 5726 1445879
1602190357, 0, 129, 406, 353, 83, 8.74%, 0, 0, 3, 1788.58 5726 1474006
1602190367, 0, 130, 406, 352, 82, 8.74%, 0, 0, 3, 1842.13 5726 1493072
1602190382, 0, 131, 406, 351, 81, 8.74%, 0, 0, 3, 1761.88 5726 1520401
1602190388, 0, 131, 408, 353, 81, 8.74%, 0, 0, 3, 1807.50 5726 1529648
1602190403, 0, 136, 408, 351, 79, 8.74%, 0, 0, 3, 1939.76 5726 1550594
1602190408, 0, 140, 408, 350, 78, 8.74%, 0, 0, 3, 2094.84 5726 1561334
1602190413, 0, 143, 408, 349, 77, 8.74%, 0, 0, 3, 1950.88 5726 1571338
1602190429, 0, 152, 408, 347, 75, 8.74%, 0, 0, 3, 1820.68 5726 1599537
1602190439, 0, 154, 408, 346, 74, 8.74%, 0, 0, 3, 1804.81 5726 1618267
1602190454, 0, 155, 408, 345, 73, 8.74%, 0, 0, 3, 1816.80 5726 1645408
1602190469, 0, 155, 409, 346, 73, 8.80%, 0, 0, 3, 1216.98 5770 1670627
1602190474, 0, 157, 410, 346, 73, 8.80%, 0, 0, 3, 36.10 5770 1672863
1602190515, 0, 157, 416, 352, 73, 8.90%, 0, 0, 3, 13.46 5833 1673437
1602190520, 0, 157, 422, 358, 73, 8.99%, 0, 0, 3, 83.33 5891 1673553
1602190566, 0, 157, 426, 362, 73, 9.02%, 0, 0, 3, 20.21 5910 1674464
1602190571, 0, 157, 433, 369, 73, 9.03%, 0, 0, 3, 13.27 5917 1674606
1602190576, 0, 157, 435, 371, 73, 9.03%, 0, 0, 3, 13.10 5919 1674947
1602190618, 0, 157, 439, 375, 73, 9.03%, 0, 0, 3, 10.40 5920 1675550
1602190904, 0, 157, 442, 378, 73, 9.03%, 0, 0, 3, 11.59 5920 1680556
1602190909, 0, 157, 451, 387, 73, 9.03%, 0, 0, 3, 13.59 5920 1680640
1602190914, 0, 157, 460, 396, 73, 9.03%, 0, 0, 3, 73.41 5920 1680748
1602190919, 0, 157, 472, 408, 73, 9.03%, 0, 0, 3, 10.33 5920 1680915
1602190925, 0, 157, 478, 414, 73, 9.03%, 0, 0, 3, 2.57 5920 1681011
1602190930, 0, 157, 479, 415, 73, 9.07%, 0, 0, 3, 14.04 5942 1681154
1602191176, 0, 157, 480, 416, 73, 9.07%, 0, 0, 3, 13.14 5945 1699862
1602191263, 0, 160, 482, 417, 88, 9.09%, 0, 0, 3, 369.43 5957 1702550
1602192009, 0, 161, 482, 416, 87, 9.09%, 0, 0, 3, 1724.77 5957 1736710
1602192024, 0, 164, 487, 420, 86, 9.09%, 0, 0, 3, 1649.88 5957 1763511
1602192029, 0, 164, 488, 421, 86, 9.09%, 0, 0, 3, 1818.16 5957 1772967
1602192039, 0, 164, 489, 422, 86, 9.09%, 0, 0, 3, 1834.25 5957 1783669
1602192044, 0, 166, 489, 421, 85, 9.09%, 0, 0, 3, 1652.12 5957 1791613
1602192050, 0, 166, 490, 422, 85, 9.09%, 0, 0, 3, 1753.91 5957 1800280
1602192065, 0, 172, 490, 419, 82, 9.09%, 0, 0, 3, 1894.34 5957 1820495
1602192081, 0, 174, 490, 418, 81, 9.09%, 0, 0, 3, 2140.11 5957 1853395
1602192086, 0, 180, 490, 416, 79, 9.09%, 0, 0, 3, 2042.36 5957 1863893
1602192101, 0, 181, 491, 416, 78, 9.09%, 0, 0, 3, 2020.57 5957 1892647
1602192106, 0, 182, 491, 415, 77, 9.09%, 0, 0, 3, 2156.61 5957 1903735
1602192111, 0, 184, 491, 414, 76, 9.09%, 0, 0, 3, 2157.03 5957 1914533
1602192121, 0, 186, 492, 414, 75, 9.10%, 0, 0, 3, 12.70 5962 1933908
1602192142, 0, 186, 493, 415, 75, 9.10%, 0, 0, 3, 187.85 5962 1958858
1602192147, 0, 187, 494, 415, 77, 9.10%, 0, 0, 3, 1862.99 5962 1969276
1602192152, 0, 192, 494, 414, 76, 9.10%, 0, 0, 3, 2117.17 5962 1980610
1602192162, 0, 193, 496, 415, 75, 9.10%, 0, 0, 3, 2156.12 5962 2002419
1602192172, 0, 193, 501, 420, 75, 9.10%, 0, 0, 3, 2230.29 5962 2024383
1602192177, 0, 195, 501, 419, 76, 9.10%, 0, 0, 3, 2088.13 5962 2035212
1602192192, 0, 205, 501, 418, 75, 9.10%, 0, 0, 3, 2028.75 5962 2066581
1602192197, 0, 205, 502, 419, 75, 9.10%, 0, 0, 4, 1732.00 5962 2074868
1602192213, 0, 205, 503, 420, 75, 9.10%, 0, 0, 4, 1670.07 5963 2100158
1602192218, 0, 227, 503, 419, 75, 9.10%, 0, 0, 4, 1639.39 5963 2108421
1602192223, 0, 227, 504, 420, 75, 9.10%, 0, 0, 4, 1566.53 5963 2116164
1602192424, 0, 250, 504, 419, 74, 9.10%, 0, 0, 4, 1621.45 5963 2166827
1602192945, 0, 250, 505, 420, 74, 9.10%, 0, 0, 4, 0.02 5963 2230276
1602192951, 0, 261, 506, 420, 73, 9.10%, 0, 0, 4, 110.75 5963 2234134
1602192961, 0, 261, 507, 421, 73, 9.10%, 0, 0, 4, 8.30 5963 2241821
1602192982, 0, 261, 510, 424, 73, 9.10%, 0, 0, 4, 11.01 5963 2257253
1602193352, 0, 261, 511, 425, 73, 9.10%, 0, 0, 4, 0.00 5963 2279273
1602193383, 0, 263, 511, 424, 72, 9.10%, 0, 0, 4, 1576.30 5963 2308939
1602193429, 0, 264, 511, 423, 71, 9.10%, 0, 0, 4, 1539.10 5963 2380854
1602193470, 0, 276, 512, 423, 70, 9.10%, 0, 0, 4, 1580.06 5963 2444803
1602193490, 0, 277, 512, 422, 70, 9.10%, 0, 0, 4, 1638.33 5963 2478650
1602193521, 0, 279, 512, 421, 69, 9.10%, 0, 0, 4, 1600.68 5963 2528361
1602193526, 0, 279, 513, 422, 69, 9.10%, 0, 0, 4, 1587.66 5963 2536544
1602193541, 0, 279, 514, 423, 69, 9.10%, 0, 0, 4, 1608.04 5963 2561169
1602193562, 0, 287, 515, 423, 68, 9.10%, 0, 0, 4, 1547.16 5963 2593286
1602193608, 0, 288, 515, 422, 67, 9.10%, 0, 0, 4, 1531.05 5963 2664969
1602193649, 0, 292, 515, 421, 66, 9.10%, 0, 0, 4, 1579.53 5963 2729126
1602193679, 0, 293, 515, 420, 65, 9.10%, 0, 0, 4, 1623.78 5963 2778622
1602193710, 0, 294, 515, 419, 64, 9.10%, 0, 0, 4, 1638.75 5963 2828020
1602193746, 0, 295, 515, 418, 63, 9.10%, 0, 0, 4, 1346.40 5963 2883720
1602193776, 0, 296, 515, 417, 62, 9.10%, 0, 0, 4, 1506.61 5963 2929600
1602193812, 0, 297, 515, 416, 61, 9.10%, 0, 0, 4, 1413.47 5963 2985192
1602193817, 0, 297, 516, 417, 61, 9.10%, 0, 0, 4, 1490.71 5963 2992634
1602193842, 0, 305, 516, 416, 62, 9.10%, 0, 0, 4, 1544.02 5963 3031148
1602193847, 0, 305, 517, 417, 62, 9.10%, 0, 0, 4, 1603.39 5963 3039286
1602193858, 0, 308, 517, 416, 61, 9.10%, 0, 0, 4, 1658.28 5963 3056477
1602193888, 0, 309, 517, 415, 60, 9.10%, 0, 0, 4, 1626.35 5963 3105522
1602193919, 0, 310, 517, 414, 59, 9.10%, 0, 0, 4, 1588.99 5963 3154293
1602193949, 0, 311, 517, 413, 58, 9.10%, 0, 0, 4, 1629.08 5963 3204400
1602193981, 0, 312, 517, 412, 57, 9.10%, 0, 0, 4, 1627.15 5963 3254924
1602194012, 0, 313, 517, 411, 56, 9.10%, 0, 0, 4, 62.83 5963 3303456
1602194022, 0, 313, 518, 412, 56, 9.10%, 0, 0, 4, 1439.21 5963 3313783
1602194106, 0, 314, 518, 411, 55, 9.10%, 0, 0, 4, 1625.61 5963 3379208
1602194136, 0, 315, 518, 410, 54, 9.10%, 0, 0, 4, 671.64 5963 3426593
1602194230, 0, 328, 518, 409, 53, 9.10%, 0, 0, 4, 1626.19 5963 3501898
1602194275, 0, 329, 518, 408, 52, 9.10%, 0, 0, 4, 1418.27 5963 3570886
1602194281, 0, 329, 519, 409, 52, 9.10%, 0, 0, 4, 126.65 5963 3575623
1602194287, 0, 329, 521, 411, 52, 9.10%, 0, 0, 4, 136.51 5963 3580052
1602194340, 0, 329, 522, 412, 52, 9.10%, 0, 0, 4, 8.30 5963 3617248
1602194360, 0, 329, 523, 413, 52, 9.10%, 0, 0, 4, 1546.33 5963 3635477
1602194370, 0, 330, 523, 412, 52, 9.10%, 0, 0, 4, 1540.44 5963 3647466
1602194395, 0, 330, 524, 413, 52, 9.10%, 0, 0, 4, 1569.37 5963 3687258
1602194416, 0, 356, 525, 413, 51, 9.10%, 0, 0, 4, 1976.83 5963 3721284
1602194431, 0, 358, 525, 412, 50, 9.10%, 0, 0, 4, 2127.08 5963 3753850
1602194441, 0, 363, 525, 411, 49, 9.10%, 0, 0, 4, 2126.62 5963 3775395
1602194446, 0, 364, 525, 410, 48, 9.10%, 0, 0, 4, 2086.69 5963 3786152
1602194467, 0, 365, 525, 409, 47, 9.10%, 0, 0, 4, 1757.74 5963 3814044
1602194487, 0, 366, 525, 408, 46, 9.10%, 0, 0, 4, 1753.49 5963 3850378
1602194502, 0, 367, 525, 407, 45, 9.10%, 0, 0, 4, 1744.50 5963 3878367
1602194517, 0, 372, 525, 406, 44, 9.10%, 0, 0, 4, 1768.89 5963 3906128
1602194532, 0, 374, 527, 407, 43, 9.10%, 0, 0, 4, 1716.34 5963 3933425
1602194537, 0, 374, 528, 408, 43, 9.10%, 0, 0, 4, 1812.37 5963 3942753
1602194553, 0, 376, 536, 415, 42, 9.10%, 0, 0, 4, 1666.43 5963 3961517
1602194558, 0, 376, 539, 418, 42, 9.10%, 0, 0, 4, 1810.08 5963 3970776
1602194563, 0, 376, 541, 420, 42, 9.10%, 0, 0, 4, 1665.59 5963 3975164
1602194568, 0, 376, 542, 421, 42, 9.10%, 0, 0, 4, 1809.39 5963 3980636
1602194573, 0, 380, 542, 420, 42, 9.10%, 0, 0, 4, 1996.59 5963 3987797
1602194589, 0, 385, 543, 420, 41, 9.11%, 0, 0, 4, 1828.12 5972 4019233
1602194604, 0, 385, 545, 422, 41, 9.11%, 0, 0, 4, 1721.63 5972 4038750
1602194609, 0, 385, 546, 423, 41, 9.11%, 0, 0, 4, 1473.58 5972 4044443
1602194614, 0, 390, 546, 422, 41, 9.11%, 0, 0, 4, 12.81 5972 4046460
1602194661, 0, 390, 547, 423, 41, 9.12%, 0, 0, 4, 15.46 5976 4047337
1602194712, 0, 390, 548, 424, 41, 9.12%, 0, 0, 4, 213.60 5976 4048335
1602195309, 0, 398, 549, 424, 42, 9.12%, 0, 0, 4, 1633.40 5976 4078822
1602195331, 0, 402, 550, 424, 41, 9.12%, 0, 0, 4, 1657.25 5976 4108512
1602195341, 0, 402, 551, 425, 41, 9.12%, 0, 0, 4, 1681.60 5976 4125541
1602195346, 0, 404, 553, 426, 41, 9.12%, 0, 0, 4, 1740.55 5976 4134703
1602195351, 0, 404, 554, 427, 41, 9.12%, 0, 0, 4, 1764.31 5976 4143667
1602195356, 0, 404, 559, 432, 41, 9.13%, 0, 0, 4, 1921.38 5986 4153167
1602195361, 0, 405, 559, 431, 41, 9.13%, 0, 0, 4, 1785.06 5986 4162191
1602195371, 0, 407, 559, 430, 40, 9.13%, 0, 0, 4, 1854.64 5986 4181100
1602195376, 0, 407, 562, 433, 40, 9.13%, 0, 0, 4, 1662.05 5986 4189226
1602195397, 0, 408, 562, 432, 40, 9.13%, 0, 0, 4, 13.26 5986 4209603
1602196073, 0, 414, 563, 432, 39, 9.14%, 0, 0, 4, 11.40 5991 4236867
1602196119, 0, 414, 567, 436, 39, 9.19%, 0, 0, 4, 76.63 6025 4237511
1602196171, 0, 414, 571, 440, 39, 9.21%, 0, 0, 4, 12.57 6039 4238444
1602196222, 0, 414, 572, 441, 39, 9.21%, 0, 0, 4, 682.31 6039 4239667
1602196535, 0, 414, 582, 451, 39, 9.22%, 0, 0, 4, 9.18 6044 4244591
1602196541, 0, 414, 584, 453, 39, 9.22%, 0, 0, 4, 11.56 6044 4244653
1602196551, 0, 414, 585, 454, 39, 9.22%, 0, 0, 4, 12.35 6044 4244941
1602196892, 0, 419, 585, 453, 42, 9.22%, 0, 0, 4, 11.86 6044 4266467
1602196938, 0, 419, 587, 455, 42, 9.22%, 0, 0, 4, 292.37 6044 4267294
1602196989, 0, 419, 591, 459, 42, 9.22%, 0, 0, 4, 12.10 6044 4268071
1602197349, 0, 419, 599, 467, 42, 9.22%, 0, 0, 4, 12.81 6044 4274047
1602197354, 0, 419, 602, 470, 42, 9.22%, 0, 0, 4, 24.97 6044 4274214
1602197364, 0, 419, 603, 471, 42, 9.22%, 0, 0, 4, 14.86 6044 4274504
1602197701, 0, 421, 603, 470, 44, 9.22%, 0, 0, 4, 1304.33 6044 4298046
1602197718, 0, 429, 603, 469, 43, 9.22%, 0, 0, 4, 76.28 6044 4325603
1602197765, 0, 429, 605, 471, 43, 9.22%, 0, 0, 4, 10.92 6044 4326185
1602197817, 0, 429, 606, 472, 43, 9.22%, 0, 0, 4, 11.95 6044 4327130
1602197822, 0, 429, 607, 473, 43, 9.22%, 0, 0, 4, 13.19 6044 4327423
1602198202, 0, 429, 613, 479, 43, 9.22%, 0, 0, 4, 14.81 6044 4333165
1602198207, 0, 429, 616, 482, 43, 9.22%, 0, 0, 4, 16.91 6044 4333329
1602198212, 0, 429, 617, 483, 43, 9.22%, 0, 0, 4, 94.70 6044 4333467
1602198584, 0, 431, 618, 483, 43, 9.22%, 0, 0, 4, 1419.65 6045 4363313
1602198599, 0, 432, 619, 483, 43, 9.23%, 0, 0, 4, 1687.16 6046 4390623
1602198619, 0, 433, 619, 482, 43, 9.23%, 0, 0, 4, 1721.68 6046 4422525
1602198634, 0, 434, 619, 481, 42, 9.23%, 0, 0, 4, 1704.43 6046 4449993
1602198655, 0, 457, 633, 494, 41, 9.23%, 0, 0, 4, 1084.17 6046 4477368
1602198665, 0, 457, 649, 510, 41, 9.24%, 0, 0, 4, 1374.04 6056 4485950
1602198670, 0, 457, 651, 512, 41, 9.24%, 0, 0, 4, 1704.22 6056 4493960
1602198680, 0, 478, 651, 511, 39, 9.24%, 0, 0, 4, 14.20 6056 4503677
1602198715, 0, 478, 652, 512, 39, 9.24%, 0, 0, 4, 14.20 6056 4504191
1602198721, 0, 478, 656, 516, 39, 9.24%, 0, 0, 4, 84.39 6056 4504301
1602198767, 0, 478, 663, 523, 39, 9.24%, 0, 0, 4, 22.93 6056 4505268
1602199081, 0, 478, 665, 525, 39, 9.24%, 0, 0, 4, 14.12 6056 4511212
1602199086, 0, 478, 671, 531, 39, 9.24%, 0, 0, 4, 12.10 6056 4511273
1602199092, 0, 478, 674, 534, 39, 9.24%, 0, 0, 4, 11.54 6056 4511330
1602199097, 0, 478, 676, 536, 39, 9.24%, 0, 0, 4, 13.60 6056 4511462
1602199402, 0, 478, 677, 537, 39, 9.24%, 0, 0, 4, 1267.28 6056 4532843
1602199407, 0, 491, 677, 536, 38, 9.24%, 0, 0, 4, 13.12 6056 4533316
1602199458, 0, 491, 678, 537, 38, 9.24%, 0, 0, 4, 10.63 6056 4534050
1602200651, 0, 492, 678, 536, 37, 9.24%, 0, 0, 4, 12.77 6056 4567879
1602201761, 0, 493, 679, 536, 36, 9.24%, 0, 0, 4, 1758.39 6056 4608409
1602201776, 0, 494, 679, 535, 36, 9.24%, 0, 0, 4, 2080.94 6056 4637128
1602201786, 0, 499, 679, 534, 35, 9.24%, 0, 0, 4, 2087.62 6056 4658711
1602201802, 0, 500, 687, 541, 35, 9.24%, 0, 0, 4, 2175.31 6056 4691731
1602201812, 0, 501, 689, 542, 35, 9.26%, 0, 0, 5, 1898.32 6066 4712310
1602201817, 0, 501, 690, 543, 35, 9.26%, 0, 0, 5, 1727.65 6069 4720672
1602201827, 0, 501, 691, 544, 35, 9.26%, 0, 0, 5, 1684.98 6069 4737795
1602201838, 0, 502, 693, 545, 36, 9.27%, 0, 0, 5, 12.72 6075 4753766
1602201849, 0, 502, 694, 546, 36, 9.27%, 0, 0, 5, 196.95 6075 4770000
1602201886, 0, 506, 694, 545, 37, 9.27%, 0, 0, 5, 1573.25 6075 4826620
1602201917, 0, 506, 695, 546, 37, 9.27%, 0, 0, 5, 1603.08 6075 4876057
1602201922, 0, 506, 696, 547, 37, 9.27%, 0, 0, 5, 1559.96 6075 4884083
1602201927, 0, 513, 696, 546, 37, 9.27%, 0, 0, 5, 1613.19 6075 4892155
1602201968, 0, 515, 698, 547, 36, 9.27%, 0, 0, 5, 1449.92 6077 4957225
1602202004, 0, 519, 698, 546, 37, 9.27%, 0, 0, 5, 19.61 6077 5007303
1602202093, 0, 527, 700, 547, 36, 9.27%, 0, 0, 5, 1669.33 6077 5078042
1602202113, 0, 540, 700, 546, 36, 9.27%, 0, 0, 5, 1770.94 6077 5106512
1602202134, 0, 542, 703, 548, 35, 9.28%, 0, 0, 5, 1573.73 6080 5133964
1602202139, 0, 542, 712, 557, 35, 9.30%, 0, 0, 5, 1329.00 6094 5140370
1602202145, 0, 542, 713, 558, 35, 9.30%, 0, 0, 5, 33.79 6094 5148029
1602202163, 0, 544, 716, 560, 38, 9.30%, 0, 0, 5, 1563.98 6096 5167230
1602202168, 0, 544, 717, 561, 38, 9.30%, 0, 0, 5, 1628.60 6096 5175373
1602202188, 0, 546, 717, 560, 38, 9.30%, 0, 0, 5, 40.43 6096 5196343
1602202888, 0, 547, 717, 559, 37, 9.30%, 0, 0, 5, 481.77 6096 5224657
1602202893, 0, 547, 722, 564, 37, 9.30%, 0, 0, 5, 1368.30 6096 5230358
1602202898, 0, 547, 723, 565, 37, 9.30%, 0, 0, 5, 1525.93 6096 5232262
1602202913, 0, 552, 724, 565, 36, 9.30%, 0, 0, 5, 1771.69 6096 5256254
1602202919, 0, 557, 726, 566, 36, 9.30%, 0, 0, 5, 2023.04 6096 5267180
1602202924, 0, 557, 729, 569, 36, 9.31%, 0, 0, 5, 1778.57 6100 5275833
1602202929, 0, 557, 730, 570, 36, 9.31%, 0, 0, 5, 1744.22 6100 5284508
1602202934, 0, 561, 731, 570, 39, 9.31%, 0, 0, 5, 1761.34 6100 5293599
1602202939, 0, 561, 732, 571, 39, 9.31%, 0, 0, 5, 1691.96 6100 5301987
1602202954, 0, 562, 732, 570, 39, 9.31%, 0, 0, 5, 12.60 6100 5322497
1602203000, 0, 562, 733, 571, 39, 9.33%, 0, 0, 5, 18.48 6115 5323362
1602203138, 0, 562, 734, 572, 39, 9.34%, 0, 0, 5, 15.53 6121 5325876
1602203569, 0, 562, 735, 573, 39, 9.36%, 0, 0, 5, 13.60 6131 5338294
1602203872, 0, 562, 736, 574, 39, 9.36%, 0, 0, 5, 133.77 6131 5350942
1602204005, 0, 565, 736, 573, 40, 9.36%, 0, 0, 5, 11.62 6131 5354823
1602204046, 0, 565, 738, 575, 40, 9.36%, 0, 0, 5, 14.00 6131 5355358
1602204051, 0, 565, 739, 576, 40, 9.36%, 0, 0, 5, 14.45 6131 5355646
1602204491, 0, 565, 741, 578, 40, 9.36%, 0, 0, 5, 19.41 6131 5362462
1602204496, 0, 565, 742, 579, 40, 9.36%, 0, 0, 5, 12.35 6132 5362600
1602204868, 0, 566, 742, 578, 40, 9.36%, 0, 0, 5, 11.51 6132 5384552
1602205353, 0, 566, 743, 579, 40, 9.36%, 0, 0, 5, 12.03 6132 5392400
1602205715, 0, 590, 743, 578, 40, 9.36%, 0, 0, 5, 11.19 6132 5414251
1602205761, 0, 590, 744, 579, 40, 9.36%, 0, 0, 5, 27.11 6132 5414814
1602205818, 0, 590, 746, 581, 40, 9.36%, 0, 0, 5, 240.87 6132 5416023
1602206212, 0, 590, 747, 582, 40, 9.36%, 0, 0, 5, 243.03 6132 5421817
1602206218, 0, 590, 748, 583, 40, 9.36%, 0, 0, 5, 10.90 6132 5421947
1602206223, 0, 590, 749, 584, 40, 9.36%, 0, 0, 5, 89.93 6132 5422023
1602206610, 0, 602, 749, 583, 40, 9.36%, 0, 0, 5, 12.79 6132 5443983
1602206652, 0, 602, 752, 586, 40, 9.36%, 0, 0, 5, 12.61 6132 5444578
1602206698, 0, 602, 754, 588, 40, 9.36%, 0, 0, 5, 11.04 6132 5445496
1602206749, 0, 602, 755, 589, 40, 9.36%, 0, 0, 5, 14.87 6132 5446760
1602207036, 0, 602, 759, 593, 40, 9.36%, 0, 0, 5, 19.43 6132 5451499
1602207041, 0, 602, 760, 594, 40, 9.36%, 0, 0, 5, 28.13 6132 5451630
1602207046, 0, 602, 761, 595, 40, 9.36%, 0, 0, 5, 12.97 6132 5451753
1602207373, 0, 615, 762, 595, 39, 9.36%, 0, 0, 5, 34.63 6132 5474230
1602207379, 0, 615, 769, 602, 39, 9.36%, 0, 0, 5, 1211.28 6132 5479746
1602207389, 0, 615, 781, 614, 39, 9.36%, 0, 0, 5, 1672.20 6134 5488937
1602207399, 0, 616, 781, 613, 40, 9.36%, 0, 0, 5, 184.13 6134 5504541
1602207492, 0, 616, 782, 614, 40, 9.36%, 0, 0, 5, 11.92 6134 5506063
1602207850, 0, 616, 784, 616, 40, 9.36%, 0, 0, 5, 10.00 6134 5512036
1602207855, 0, 616, 786, 618, 40, 9.36%, 0, 0, 5, 252.17 6134 5512156
1602208198, 0, 617, 786, 617, 39, 9.36%, 0, 0, 5, 1323.79 6134 5537108
1602208214, 0, 618, 786, 616, 38, 9.36%, 0, 0, 5, 1799.61 6134 5564845
1602208234, 0, 637, 794, 623, 37, 9.36%, 0, 0, 5, 1482.86 6134 5599535
1602208249, 0, 646, 794, 622, 36, 9.36%, 0, 0, 5, 1732.28 6134 5625523
1602208254, 0, 646, 798, 626, 36, 9.36%, 0, 0, 5, 1452.41 6134 5632483
1602208259, 0, 646, 800, 628, 36, 9.36%, 0, 0, 5, 1731.78 6134 5641446
1602208270, 0, 647, 801, 628, 36, 9.36%, 0, 0, 5, 1572.58 6134 5658548
1602208290, 0, 648, 802, 628, 35, 9.36%, 0, 0, 5, 1534.74 6134 5691795
1602208305, 0, 678, 802, 627, 34, 9.36%, 0, 0, 5, 1809.76 6134 5718135
1602208326, 0, 682, 802, 626, 33, 9.36%, 0, 0, 5, 2055.50 6134 5756167
1602208331, 0, 687, 803, 626, 31, 9.36%, 0, 0, 5, 2127.77 6134 5767047
1602208336, 0, 687, 804, 627, 31, 9.36%, 0, 0, 6, 2115.97 6134 5777575
1602208351, 0, 693, 805, 627, 30, 9.36%, 0, 0, 6, 12.88 6134 5804120
1602208356, 0, 693, 806, 628, 30, 9.37%, 0, 0, 6, 13.98 6140 5804200
1602208443, 0, 693, 807, 629, 30, 9.37%, 0, 0, 6, 12.93 6140 5805448
1602208448, 0, 693, 808, 630, 30, 9.37%, 0, 0, 6, 14.10 6140 5805557
1602208463, 0, 693, 809, 631, 30, 9.38%, 0, 0, 6, 22.06 6144 5805916
1602208576, 0, 693, 810, 632, 30, 9.38%, 0, 0, 6, 15.30 6144 5807789
1602209309, 0, 693, 811, 633, 30, 9.38%, 0, 0, 6, 13.06 6144 5820090
1602210436, 0, 694, 811, 632, 33, 9.38%, 0, 0, 6, 1498.63 6144 5876366
1602210462, 0, 694, 812, 633, 33, 9.38%, 0, 0, 6, 1570.11 6144 5916900
1602210467, 0, 694, 814, 635, 33, 9.38%, 0, 0, 6, 1576.60 6144 5925140
1602210477, 0, 696, 814, 634, 32, 9.38%, 0, 0, 6, 1540.06 6144 5940865
1602210482, 0, 696, 816, 636, 32, 9.38%, 0, 0, 6, 1397.23 6144 5947669
1602210512, 0, 697, 816, 635, 31, 9.38%, 0, 0, 6, 1494.92 6144 5993130
1602210517, 0, 697, 817, 636, 31, 9.38%, 0, 0, 6, 1401.68 6144 6000074
1602210548, 0, 703, 821, 639, 30, 9.38%, 0, 0, 6, 1564.78 6144 6047034
1602210553, 0, 703, 822, 640, 30, 9.38%, 0, 0, 6, 1659.09 6144 6055535
1602210573, 0, 704, 824, 641, 30, 9.38%, 0, 0, 6, 1476.94 6144 6077273
1602210601, 0, 713, 824, 640, 29, 9.38%, 0, 0, 6, 1400.25 6144 6108133
1602210606, 0, 713, 828, 644, 29, 9.38%, 0, 0, 6, 1290.79 6147 6114352
1602210617, 0, 713, 829, 645, 29, 9.38%, 0, 0, 6, 1540.84 6147 6123622
1602210632, 0, 715, 835, 650, 32, 9.38%, 0, 0, 6, 1536.85 6150 6143251
1602210657, 0, 716, 838, 652, 31, 9.38%, 0, 0, 6, 1774.86 6150 6176920
1602210662, 0, 716, 840, 654, 31, 9.38%, 0, 0, 6, 1798.21 6150 6185685
1602210673, 0, 716, 841, 655, 31, 9.39%, 0, 0, 6, 1421.95 6151 6195993
1602210678, 0, 716, 842, 656, 31, 9.39%, 0, 0, 6, 1605.89 6151 6204049
1602210683, 0, 719, 842, 655, 31, 9.39%, 0, 0, 6, 1444.02 6151 6211351
1602210698, 0, 723, 842, 654, 30, 9.39%, 0, 0, 6, 1932.34 6151 6238320
1602210713, 0, 727, 842, 653, 29, 9.39%, 0, 0, 6, 1823.55 6151 6268899
1602210728, 0, 728, 842, 652, 28, 9.39%, 0, 0, 6, 1997.25 6151 6297063
1602210739, 0, 732, 842, 651, 27, 9.39%, 0, 0, 6, 12.55 6151 6312238
1602210785, 0, 732, 843, 652, 27, 9.39%, 0, 0, 6, 16.71 6152 6313103
1602211518, 0, 733, 843, 651, 27, 9.39%, 0, 0, 6, 13.11 6152 6340639
1602211969, 0, 733, 844, 652, 27, 9.39%, 0, 0, 6, 215.83 6153 6350221
1602212305, 0, 733, 845, 653, 27, 9.39%, 0, 0, 6, 12.24 6153 6367329
1602212439, 0, 734, 845, 652, 27, 9.39%, 0, 0, 6, 13.25 6153 6371170
1602212486, 0, 734, 846, 653, 27, 9.39%, 0, 0, 6, 14.95 6153 6372055
1602213341, 0, 741, 846, 652, 25, 9.39%, 0, 0, 6, 12.57 6153 6401666
1602213433, 0, 741, 847, 653, 25, 9.39%, 0, 0, 6, 205.67 6153 6403280
1602213484, 0, 741, 849, 655, 25, 9.39%, 0, 0, 6, 14.11 6153 6404394
1602214139, 0, 742, 849, 654, 24, 9.39%, 0, 0, 6, 12.69 6153 6431387
1602214915, 0, 748, 849, 653, 23, 9.39%, 0, 0, 6, 11.61 6153 6461136
1602214960, 0, 748, 850, 654, 23, 9.39%, 0, 0, 6, 15.14 6153 6461963
1602215012, 0, 748, 851, 655, 23, 9.39%, 0, 0, 6, 14.68 6153 6462929
1602215383, 0, 748, 853, 657, 23, 9.39%, 0, 0, 6, 13.54 6153 6468748
1602215750, 0, 773, 853, 656, 22, 9.39%, 0, 0, 6, 1181.78 6153 6491418
1602215755, 0, 773, 854, 657, 22, 9.39%, 0, 0, 6, 1320.12 6153 6498287
1602215760, 0, 773, 855, 658, 22, 9.39%, 0, 0, 6, 1479.36 6153 6506061
1602215770, 0, 776, 859, 661, 21, 9.39%, 0, 0, 6, 1608.80 6153 6523371
1602215775, 0, 776, 860, 662, 21, 9.39%, 0, 0, 6, 1369.11 6153 6530163
1602215790, 0, 777, 860, 661, 21, 9.39%, 0, 0, 6, 1626.84 6153 6556224
1602215811, 0, 778, 860, 660, 20, 9.39%, 0, 0, 6, 1515.71 6153 6588798
1602215831, 0, 779, 860, 659, 19, 9.39%, 0, 0, 6, 1447.75 6153 6621415
1602215846, 0, 799, 862, 660, 18, 9.39%, 0, 0, 6, 1647.23 6153 6647095
1602215851, 0, 799, 863, 661, 18, 9.39%, 0, 0, 6, 1479.47 6153 6654275
1602215866, 0, 808, 864, 661, 17, 9.39%, 0, 0, 7, 12.96 6153 6676485
1602215964, 0, 808, 865, 662, 17, 9.39%, 0, 0, 7, 13.92 6153 6677905
1602215979, 0, 808, 866, 663, 17, 9.39%, 0, 0, 7, 14.85 6155 6678110
1602218098, 0, 819, 868, 664, 17, 9.39%, 0, 0, 7, 1558.86 6155 6740722
1602218124, 0, 824, 868, 663, 16, 9.39%, 0, 0, 7, 1487.24 6155 6772596
1602218151, 0, 825, 869, 663, 15, 9.39%, 0, 0, 7, 1463.33 6155 6803345
1602218161, 0, 825, 870, 664, 15, 9.39%, 0, 0, 7, 1614.27 6155 6818209
1602218182, 0, 826, 872, 665, 14, 9.39%, 0, 0, 7, 1396.21 6155 6838890
1602218187, 0, 826, 873, 666, 14, 9.39%, 0, 0, 7, 1437.44 6155 6846003
1602218208, 0, 831, 873, 665, 14, 9.39%, 0, 0, 7, 1457.44 6155 6868458
1602218239, 0, 837, 874, 665, 13, 9.39%, 0, 0, 7, 1540.01 6155 6902811
1602218265, 0, 840, 874, 664, 12, 9.39%, 0, 0, 7, 1414.84 6155 6938439
1602218285, 0, 842, 875, 664, 12, 9.39%, 0, 0, 7, 1637.18 6155 6965467
1602218399, 0, 843, 875, 663, 11, 9.39%, 0, 0, 7, 13.09 6155 6995874
1602219311, 0, 845, 875, 662, 10, 9.39%, 0, 0, 7, 158.80 6155 7026278
1602219424, 0, 845, 876, 663, 10, 9.39%, 0, 0, 7, 16.95 6155 7028473
1602219439, 0, 845, 877, 664, 10, 9.39%, 0, 0, 7, 14.29 6155 7028695
1602219767, 0, 845, 878, 665, 10, 9.39%, 0, 0, 7, 13.48 6157 7036034
1602220207, 0, 865, 878, 664, 10, 9.39%, 0, 0, 7, 175.10 6157 7056941
1602220305, 0, 865, 880, 666, 10, 9.40%, 0, 0, 8, 15.23 6158 7058393
1602222087, 0, 865, 881, 667, 10, 9.40%, 0, 0, 8, 12.42 6158 7111782
1602222275, 0, 865, 882, 668, 10, 9.40%, 0, 0, 8, 24.00 6158 7115614
1602222383, 0, 872, 882, 667, 10, 9.40%, 0, 0, 8, 1045.78 6158 7124917
1602222409, 0, 874, 882, 666, 9, 9.40%, 0, 0, 8, 1531.38 6158 7153957
1602222414, 0, 874, 883, 667, 9, 9.40%, 0, 0, 8, 1612.86 6158 7162236
1602222434, 0, 877, 883, 666, 8, 9.40%, 0, 0, 8, 35.18 6158 7183994
1602222828, 0, 877, 884, 667, 8, 9.40%, 0, 0, 8, 26.34 6158 7191123
1602223327, 0, 879, 884, 666, 7, 9.40%, 0, 0, 8, 12.88 6158 7214551
1602223439, 0, 879, 885, 667, 7, 9.40%, 0, 0, 9, 199.78 6158 7216383
1602225134, 0, 879, 886, 668, 7, 9.40%, 0, 0, 9, 35.98 6158 7269215
1602225144, 0, 879, 887, 669, 7, 9.40%, 0, 0, 9, 12.15 6158 7269862
1602225297, 0, 879, 888, 670, 7, 9.40%, 0, 0, 9, 32.15 6158 7272844
1602225399, 0, 879, 889, 671, 7, 9.40%, 0, 0, 9, 215.49 6158 7276948
1602225404, 1, 90, 889, 669, 6, 9.40%, 0, 0, 9, 1908.17 6158 7284185
1602225420, 1, 124, 889, 668, 6, 9.40%, 0, 0, 9, 1951.25 6158 7312336
1602225430, 1, 133, 889, 667, 5, 9.40%, 0, 0, 9, 1894.35 6158 7333269
1602225450, 1, 144, 889, 666, 4, 9.40%, 0, 0, 9, 1674.75 6158 7360768
1602225465, 1, 284, 889, 665, 3, 9.40%, 0, 0, 9, 1726.99 6158 7388469
1602225501, 1, 322, 890, 665, 2, 9.40%, 0, 0, 9, 1629.88 6158 7446119
1602225527, 1, 379, 890, 664, 2, 9.40%, 0, 0, 9, 1771.87 6158 7488833
1602225532, 1, 554, 891, 664, 2, 9.40%, 0, 0, 9, 1817.14 6160 7498159
1602225542, 1, 655, 894, 666, 2, 9.40%, 0, 0, 9, 10.88 6160 7509919
1602225644, 1, 655, 895, 667, 2, 9.40%, 0, 0, 9, 13.60 6160 7511426
1602226044, 1, 655, 898, 670, 2, 9.40%, 0, 0, 9, 13.04 6160 7517391
1602226049, 1, 655, 899, 671, 2, 9.40%, 0, 0, 9, 12.64 6160 7517524
1602226442, 1, 893, 900, 670, 1, 9.40%, 0, 0, 9, 1907.61 6160 7548320
1602226459, 1, 897, 903, 672, 0, 9.40%, 0, 0, 9, 58.82 6160 7576495
1602227654, 2, 7, 903, 671, 0, 9.40%, 0, 0, 9, 8.27 6160 7607266
1602227707, 2, 10, 903, 669, 0, 9.40%, 0, 0, 9, 81.61 6160 7614870
1602227770, 2, 28, 903, 667, 0, 9.40%, 0, 0, 9, 2095.77 6160 7649943
1602227780, 2, 29, 903, 666, 0, 9.40%, 0, 0, 9, 2166.97 6160 7671616
1602227785, 2, 36, 903, 665, 0, 9.40%, 0, 0, 9, 2174.63 6160 7682641
1602227795, 2, 268, 904, 665, 1, 9.42%, 0, 0, 9, 2128.52 6173 7704837
1602227841, 2, 341, 904, 664, 1, 9.42%, 0, 0, 9, 1541.96 6173 7777487
1602227907, 2, 347, 904, 663, 1, 9.42%, 0, 0, 9, 1559.43 6173 7882192
1602227912, 2, 347, 905, 664, 1, 9.42%, 0, 0, 9, 1501.68 6173 7889691
1602227958, 2, 347, 906, 665, 1, 9.42%, 0, 0, 9, 1516.05 6173 7963116
1602227964, 2, 846, 907, 665, 1, 9.42%, 0, 0, 9, 176.87 6173 7970904
1602229086, 2, 855, 908, 665, 1, 9.42%, 0, 0, 9, 753.12 6173 8003742
1602229107, 2, 903, 910, 666, 1, 9.42%, 0, 0, 9, 1962.73 6173 8039177
1602229127, 2, 904, 910, 665, 0, 9.42%, 0, 0, 9, 1800.61 6173 8080130
1602229178, 2, 907, 916, 670, 0, 9.42%, 0, 0, 9, 1564.07 6173 8159829
1602229183, 2, 907, 917, 671, 0, 9.42%, 0, 0, 9, 1591.51 6173 8167342
1602229199, 2, 908, 917, 670, 0, 9.42%, 0, 0, 9, 1989.70 6173 8195995
1602229214, 2, 914, 918, 670, 0, 9.43%, 0, 0, 9, 1657.23 6177 8225049
1602229219, 2, 914, 920, 672, 0, 9.43%, 0, 0, 9, 1578.38 6177 8232776
1602229264, 2, 914, 922, 674, 0, 9.43%, 0, 0, 9, 1560.52 6177 8302467
1602229269, 2, 917, 932, 683, 2, 9.44%, 0, 0, 9, 1624.89 6187 8310982
1602229274, 2, 917, 936, 687, 2, 9.44%, 0, 0, 9, 1618.35 6187 8319219
1602229290, 2, 917, 938, 689, 2, 9.44%, 0, 0, 9, 1591.36 6189 8343139
1602229295, 2, 917, 941, 692, 2, 9.44%, 0, 0, 9, 1608.45 6189 8351653
1602229305, 2, 922, 942, 692, 6, 9.44%, 0, 0, 9, 1957.36 6189 8370147
1602229320, 2, 924, 948, 697, 5, 9.44%, 0, 0, 9, 1950.06 6189 8401720
1602229341, 2, 924, 953, 702, 5, 9.45%, 0, 0, 9, 1618.89 6191 8434231
1602229346, 2, 924, 954, 703, 5, 9.45%, 0, 0, 9, 1647.08 6192 8442494
1602229356, 2, 926, 954, 702, 5, 9.45%, 0, 0, 9, 1699.41 6192 8459138
1602229391, 2, 936, 957, 704, 4, 9.45%, 0, 0, 9, 1671.65 6192 8518090
1602229417, 2, 936, 958, 705, 4, 9.45%, 0, 0, 9, 1651.90 6192 8560960
1602229422, 2, 937, 960, 706, 4, 9.45%, 0, 0, 9, 1692.83 6192 8569411
1602229427, 2, 937, 961, 707, 4, 9.45%, 0, 0, 9, 1684.48 6192 8577801
1602229458, 2, 952, 962, 707, 3, 9.45%, 0, 0, 9, 1712.75 6192 8628719
1602229483, 2, 952, 963, 708, 3, 9.45%, 0, 0, 9, 1591.19 6192 8669026
1602229493, 2, 953, 963, 707, 2, 9.45%, 0, 0, 9, 1708.23 6192 8686104
1602229519, 2, 953, 964, 708, 2, 9.45%, 0, 0, 9, 1645.98 6192 8727355
1602229529, 2, 956, 965, 708, 2, 9.45%, 0, 0, 9, 1666.81 6192 8744251
1602229564, 2, 963, 965, 707, 2, 9.45%, 0, 0, 9, 1634.76 6192 8802915
1602229585, 2, 963, 967, 709, 2, 9.45%, 0, 0, 10, 1674.12 6192 8836645
1602229595, 2, 964, 968, 709, 1, 9.45%, 0, 0, 10, 1848.23 6192 8854205
1602229630, 2, 968, 971, 711, 1, 9.48%, 0, 0, 10, 1890.59 6211 8913061
1602229636, 2, 968, 974, 714, 1, 9.48%, 0, 0, 11, 1642.61 6216 8921153
1602229641, 2, 968, 975, 715, 1, 9.48%, 0, 0, 11, 1572.37 6216 8929361
1602229666, 2, 968, 976, 716, 1, 9.49%, 0, 0, 11, 1589.56 6219 8969726
1602229677, 2, 969, 979, 718, 3, 9.49%, 0, 0, 11, 1802.53 6219 8987402
1602229682, 2, 969, 981, 720, 3, 9.49%, 0, 0, 11, 1727.60 6219 8996145
1602229722, 2, 969, 982, 721, 3, 9.49%, 0, 0, 11, 1761.95 6219 9068776
1602229727, 2, 971, 984, 722, 3, 9.49%, 0, 0, 11, 1874.08 6219 9078357
1602229732, 2, 971, 985, 723, 3, 9.49%, 0, 0, 12, 1667.71 6219 9086381
1602229768, 2, 973, 985, 722, 2, 9.49%, 0, 0, 12, 1677.38 6219 9145270
1602229799, 2, 973, 986, 723, 2, 9.50%, 0, 0, 12, 1641.53 6224 9193926
1602229814, 2, 975, 986, 722, 2, 9.50%, 0, 0, 12, 1675.95 6224 9218745
1602229860, 2, 985, 992, 727, 1, 9.52%, 0, 0, 13, 1623.57 6240 9293304
1602229885, 2, 985, 995, 730, 1, 9.52%, 0, 0, 13, 1629.01 6240 9334124
1602229900, 2, 986, 996, 730, 4, 9.52%, 0, 0, 13, 1833.77 6240 9359713
1602229946, 2, 988, 1003, 736, 4, 9.52%, 0, 0, 14, 1756.11 6241 9434144
1602229951, 2, 988, 1004, 737, 4, 9.52%, 0, 0, 14, 1627.81 6241 9442083
1602229972, 2, 988, 1005, 738, 4, 9.52%, 0, 0, 14, 1570.85 6241 9474895
1602229992, 2, 990, 1008, 740, 4, 9.53%, 0, 0, 14, 1657.10 6248 9508562
1602229997, 2, 990, 1009, 741, 4, 9.53%, 0, 0, 14, 1591.65 6248 9516381
1602230028, 2, 990, 1010, 742, 4, 9.53%, 0, 0, 14, 1555.01 6248 9564897
1602230038, 2, 992, 1013, 744, 3, 9.54%, 0, 0, 14, 1610.08 6251 9581394
1602230043, 2, 992, 1014, 745, 3, 9.54%, 0, 0, 14, 1621.66 6251 9589695
1602230079, 2, 999, 1014, 744, 4, 9.54%, 0, 0, 14, 1691.25 6251 9645693
1602230084, 2, 999, 1015, 745, 4, 9.54%, 0, 0, 15, 1580.51 6252 9653469
1602230089, 2, 999, 1016, 746, 4, 9.54%, 0, 0, 15, 1617.25 6252 9661723
1602230094, 2, 999, 1017, 747, 4, 9.54%, 0, 0, 15, 1571.89 6252 9669707
1602230109, 2, 999, 1018, 748, 4, 9.54%, 0, 0, 15, 1591.89 6252 9694305
1602230125, 2, 999, 1019, 749, 4, 9.54%, 0, 0, 15, 1826.08 6252 9719737
1602230130, 2, 1007, 1022, 751, 5, 9.54%, 0, 0, 15, 1625.35 6255 9727830
1602230175, 2, 1012, 1023, 751, 4, 9.54%, 0, 0, 15, 1580.08 6255 9799500
1602230201, 2, 1012, 1027, 755, 4, 9.55%, 0, 0, 15, 1538.05 6260 9839846
1602230211, 2, 1012, 1031, 759, 4, 9.55%, 0, 0, 15, 1610.58 6260 9856677
1602230216, 2, 1014, 1031, 758, 7, 9.55%, 0, 0, 15, 1722.29 6260 9865488
1602230221, 2, 1014, 1032, 759, 7, 9.55%, 0, 0, 16, 1644.10 6260 9873558
1602230262, 2, 1015, 1034, 760, 7, 9.55%, 0, 0, 16, 1836.27 6260 9940057
1602230298, 2, 1015, 1035, 761, 7, 9.55%, 0, 0, 16, 1611.95 6260 9996967
1602230308, 2, 1022, 1035, 760, 7, 9.55%, 0, 0, 16, 1638.24 6260 10013491
1602230333, 2, 1022, 1037, 762, 7, 9.56%, 0, 0, 16, 1585.38 6263 10053414
1602230338, 2, 1022, 1038, 763, 7, 9.56%, 0, 0, 16, 1606.36 6264 10061834
1602230349, 2, 1022, 1041, 766, 7, 9.56%, 0, 0, 16, 1563.21 6264 10077472
1602230354, 2, 1023, 1041, 765, 7, 9.56%, 0, 0, 16, 1652.56 6264 10086278
1602230374, 2, 1023, 1042, 766, 7, 9.56%, 0, 0, 16, 1533.42 6264 10117934
1602230379, 2, 1023, 1043, 767, 7, 9.56%, 0, 0, 16, 1607.63 6264 10126050
1602230399, 2, 1026, 1043, 766, 7, 9.56%, 0, 0, 16, 1615.62 6264 10159503
1602230435, 2, 1026, 1044, 767, 7, 9.56%, 0, 0, 16, 1620.08 6264 10216714
1602230440, 2, 1031, 1044, 766, 6, 9.56%, 0, 0, 16, 1730.60 6264 10225552
1602230486, 2, 1034, 1044, 765, 5, 9.56%, 0, 0, 16, 1673.45 6264 10299984
1602230527, 2, 1036, 1044, 764, 4, 9.56%, 0, 0, 16, 1710.09 6264 10367523
1602230572, 2, 1037, 1044, 763, 3, 9.56%, 0, 0, 16, 1638.04 6264 10440058
1602230613, 2, 1037, 1045, 764, 3, 9.56%, 0, 0, 17, 1676.19 6264 10504779
1602230618, 2, 1042, 1045, 763, 2, 9.56%, 0, 0, 17, 1626.91 6264 10513160
1602230658, 2, 1043, 1045, 762, 1, 9.56%, 0, 0, 17, 1751.73 6264 10578771
1602230663, 2, 1043, 1046, 763, 1, 9.56%, 0, 0, 17, 1621.51 6264 10586986
1602230704, 2, 1045, 1047, 763, 0, 9.56%, 0, 0, 17, 1846.31 6264 10653891
1602230709, 2, 1045, 1048, 764, 0, 9.56%, 0, 0, 18, 1650.83 6264 10661913
1602230724, 2, 1045, 1049, 765, 0, 9.56%, 0, 0, 18, 1574.17 6264 10686069
1602230745, 2, 1045, 1050, 766, 0, 9.56%, 0, 0, 18, 1626.50 6264 10718789
1602230750, 2, 1047, 1050, 765, 2, 9.56%, 0, 0, 18, 1667.23 6264 10727691
1602230791, 2, 1047, 1051, 766, 2, 9.56%, 0, 0, 19, 1577.84 6264 10792199
1602230796, 2, 1048, 1053, 767, 1, 9.56%, 0, 0, 19, 1756.62 6264 10802044
1602230801, 2, 1048, 1054, 768, 1, 9.56%, 0, 0, 19, 1666.62 6264 10810393
1602230827, 2, 1048, 1055, 769, 1, 9.56%, 0, 0, 19, 1631.42 6264 10851629
1602230837, 2, 1048, 1056, 770, 1, 9.56%, 0, 0, 19, 1725.48 6264 10868163
1602230842, 2, 1053, 1057, 770, 2, 9.56%, 0, 0, 19, 1730.56 6267 10877345
1602230872, 2, 1053, 1058, 771, 2, 9.56%, 0, 0, 20, 1635.38 6267 10926299
1602230882, 2, 1056, 1058, 770, 1, 9.56%, 0, 0, 20, 1781.10 6267 10943330
1602230887, 2, 1056, 1060, 772, 1, 9.56%, 0, 0, 20, 1606.08 6267 10951173
1602230892, 2, 1056, 1062, 774, 1, 9.56%, 0, 0, 20, 1638.23 6267 10959402
1602230943, 2, 1058, 1064, 775, 1, 9.56%, 0, 0, 20, 1761.51 6267 11040318
1602231004, 2, 1060, 1065, 775, 0, 9.56%, 0, 0, 21, 1606.69 6267 11137211
1602231009, 2, 1060, 1066, 776, 0, 9.56%, 0, 0, 21, 1645.59 6267 11145432
1602231060, 2, 1061, 1066, 775, 0, 9.56%, 0, 0, 21, 1625.46 6267 11226530
1602231096, 2, 1061, 1067, 776, 0, 9.56%, 0, 0, 21, 1571.66 6267 11282900
1602231116, 2, 1066, 1067, 775, 1, 9.56%, 0, 0, 21, 1671.99 6267 11315470
1602231173, 3, 2, 1067, 774, 0, 9.56%, 0, 0, 21, 1902.45 6267 11405599
1602231179, 3, 12, 1067, 773, 0, 9.56%, 0, 0, 21, 77.89 6267 11411753
1602231282, 3, 23, 1067, 772, 0, 9.56%, 0, 0, 21, 1466.26 6267 11502469
1602231303, 3, 33, 1067, 770, 0, 9.56%, 0, 0, 21, 2025.02 6267 11538181
1602231318, 3, 35, 1067, 769, 0, 9.56%, 0, 0, 21, 1790.10 6267 11568896
1602231339, 3, 40, 1067, 768, 0, 9.56%, 0, 0, 21, 1522.11 6267 11597555
1602231364, 3, 43, 1067, 767, 0, 9.56%, 0, 0, 21, 1386.36 6267 11626668
1602231369, 3, 43, 1068, 768, 0, 9.56%, 0, 0, 21, 1498.51 6267 11633961
1602231390, 3, 58, 1068, 767, 0, 9.56%, 0, 0, 21, 1614.33 6267 11655682
1602231405, 3, 72, 1068, 766, 0, 9.56%, 0, 0, 21, 1835.29 6267 11684030
1602231420, 3, 94, 1068, 765, 0, 9.56%, 0, 0, 21, 1817.70 6267 11711567
1602231426, 3, 100, 1068, 765, 0, 9.56%, 0, 0, 21, 1685.59 6267 11720003
1602231446, 3, 107, 1068, 764, 0, 9.56%, 0, 0, 21, 1437.21 6267 11746138
1602231472, 3, 109, 1068, 763, 0, 9.56%, 0, 0, 21, 1609.17 6267 11775650
1602231487, 3, 117, 1068, 762, 0, 9.56%, 0, 0, 21, 1794.06 6267 11802698
1602231507, 3, 120, 1068, 761, 0, 9.56%, 0, 0, 21, 1747.74 6267 11839487
1602231522, 3, 132, 1068, 760, 0, 9.56%, 0, 0, 21, 1755.14 6267 11867189
1602231538, 3, 141, 1068, 759, 0, 9.56%, 0, 0, 21, 1972.65 6267 11895373
1602231553, 3, 158, 1068, 758, 0, 9.56%, 0, 0, 21, 1799.40 6267 11926145
1602231578, 3, 167, 1068, 757, 0, 9.56%, 0, 0, 21, 1584.70 6267 11961638
1602231600, 3, 173, 1068, 756, 0, 9.56%, 0, 0, 21, 1885.93 6267 11991752
1602231610, 3, 176, 1068, 755, 0, 9.56%, 0, 0, 21, 2081.42 6267 12013083
1602231630, 3, 178, 1068, 754, 0, 9.56%, 0, 0, 21, 2025.92 6267 12049778
1602231640, 3, 179, 1068, 753, 0, 9.56%, 0, 0, 21, 1982.06 6267 12070903
1602231655, 3, 183, 1068, 752, 0, 9.56%, 0, 0, 21, 1832.59 6267 12097856
1602231666, 3, 185, 1068, 751, 0, 9.56%, 0, 0, 21, 2037.36 6267 12119359
1602231676, 3, 185, 1069, 752, 0, 9.56%, 0, 0, 21, 1697.36 6267 12136332
1602231686, 3, 191, 1069, 751, 0, 9.56%, 0, 0, 21, 2013.74 6267 12156024
1602231696, 3, 194, 1069, 750, 0, 9.56%, 0, 0, 21, 2050.93 6267 12177611
1602231762, 3, 197, 1069, 749, 0, 9.56%, 0, 0, 21, 1865.28 6267 12283910
1602231788, 3, 198, 1069, 748, 0, 9.56%, 0, 0, 21, 2070.17 6267 12336864
1602231813, 3, 199, 1069, 747, 0, 9.56%, 0, 0, 21, 1810.23 6267 12388261
1602231839, 3, 201, 1069, 746, 0, 9.56%, 0, 0, 21, 1660.01 6267 12430789
1602231849, 3, 201, 1070, 747, 0, 9.56%, 0, 0, 21, 1572.63 6267 12446017
1602231890, 3, 204, 1070, 746, 0, 9.56%, 0, 0, 21, 1576.08 6267 12507682
1602231920, 3, 215, 1070, 745, 0, 9.56%, 0, 0, 21, 1601.14 6267 12557481
1602231935, 3, 220, 1070, 744, 0, 9.56%, 0, 0, 21, 1659.17 6267 12583205
1602231971, 3, 225, 1070, 743, 0, 9.56%, 0, 0, 21, 1539.53 6267 12639798
1602232017, 3, 231, 1071, 743, 0, 9.56%, 0, 0, 21, 1589.20 6267 12710362
1602232068, 3, 241, 1071, 742, 0, 9.56%, 0, 0, 21, 1564.97 6267 12789641
1602232103, 3, 243, 1071, 741, 0, 9.56%, 0, 0, 21, 1600.12 6267 12846891
1602232139, 3, 247, 1071, 740, 0, 9.56%, 0, 0, 21, 1508.32 6267 12903575
1602232185, 3, 251, 1071, 739, 0, 9.56%, 0, 0, 21, 1295.33 6267 12973886
1602232241, 3, 259, 1072, 739, 0, 9.56%, 0, 0, 21, 1559.44 6267 13044647
1602232246, 3, 259, 1074, 741, 0, 9.56%, 0, 0, 21, 1610.32 6267 13049953
1602232251, 3, 259, 1075, 742, 0, 9.56%, 0, 0, 21, 12.41 6267 13051484
1602232302, 3, 281, 1075, 741, 0, 9.56%, 0, 0, 21, 1483.83 6267 13092717
1602232333, 3, 286, 1075, 740, 0, 9.56%, 0, 0, 21, 1585.24 6267 13142552
1602232373, 3, 298, 1075, 739, 0, 9.56%, 0, 0, 21, 1626.00 6267 13207823
1602232409, 3, 303, 1075, 738, 0, 9.56%, 0, 0, 21, 1621.71 6267 13266535
1602232445, 3, 304, 1075, 737, 0, 9.56%, 0, 0, 21, 1488.75 6267 13323815
1602232480, 3, 325, 1075, 736, 0, 9.56%, 0, 0, 21, 1628.76 6267 13379172
1602232511, 3, 337, 1075, 735, 0, 9.56%, 0, 0, 21, 2055.17 6267 13432772
1602232526, 3, 340, 1075, 734, 0, 9.56%, 0, 0, 21, 1775.56 6267 13462921
1602232573, 3, 355, 1075, 733, 0, 9.56%, 0, 0, 21, 1951.79 6267 13542027
1602232583, 3, 357, 1075, 732, 0, 9.56%, 0, 0, 21, 1828.07 6267 13561605
1602232598, 3, 359, 1075, 731, 0, 9.56%, 0, 0, 21, 1962.26 6267 13589477
1602232618, 3, 362, 1075, 730, 0, 9.56%, 0, 0, 21, 1712.68 6267 13630690
1602232674, 3, 549, 1078, 732, 1, 9.56%, 0, 0, 21, 1789.16 6267 13725779
1602232690, 3, 812, 1078, 731, 1, 9.56%, 0, 0, 21, 1761.49 6267 13752163
1602232695, 3, 812, 1079, 732, 1, 9.56%, 0, 0, 21, 1605.75 6267 13760102
1602232720, 3, 812, 1080, 733, 1, 9.56%, 0, 0, 21, 1649.70 6267 13800847
1602232725, 3, 812, 1081, 734, 1, 9.56%, 0, 0, 21, 1574.33 6267 13808706
1602232735, 3, 818, 1081, 733, 1, 9.56%, 0, 0, 21, 1629.19 6267 13825003
1602232756, 3, 838, 1081, 732, 1, 9.56%, 0, 0, 21, 1659.70 6267 13859478
1602232781, 3, 1075, 1082, 732, 1, 9.56%, 0, 0, 21, 1675.61 6267 13894749
1602232797, 3, 1075, 1083, 733, 1, 9.56%, 0, 0, 21, 1885.92 6267 13921115
1602232832, 3, 1081, 1085, 734, 1, 9.57%, 0, 0, 21, 1602.31 6269 13980041
1602232873, 3, 1083, 1085, 733, 1, 9.57%, 0, 0, 21, 134.44 6269 14046792
1602233119, 3, 1083, 1086, 734, 1, 9.57%, 0, 0, 21, 27.79 6269 14050521
1602235021, 3, 1085, 1086, 733, 1, 9.57%, 0, 0, 21, 655.01 6269 14118972
1602235078, 3, 1086, 1088, 734, 1, 9.57%, 0, 0, 21, 87.13 6271 14193610
1602235083, 3, 1086, 1089, 735, 1, 9.57%, 0, 0, 21, 1206.12 6271 14198095
1602235088, 3, 1086, 1090, 736, 1, 9.57%, 0, 0, 21, 1383.84 6272 14204043
1602235149, 3, 1086, 1091, 737, 1, 9.57%, 0, 0, 21, 1562.65 6272 14289090
1602235154, 3, 1089, 1092, 737, 1, 9.57%, 0, 0, 21, 1515.00 6272 14295570
1602235164, 3, 1089, 1093, 738, 1, 9.57%, 0, 0, 21, 1201.62 6272 14306934
1602235218, 3, 1091, 1093, 737, 0, 9.57%, 0, 0, 21, 1629.57 6272 14379181
1602235263, 3, 1091, 1094, 738, 0, 9.57%, 0, 0, 21, 1662.56 6272 14456827
1602235274, 4, 5, 1096, 739, 0, 9.57%, 0, 0, 21, 11.00 6272 14470503
1602235325, 4, 32, 1096, 738, 0, 9.57%, 0, 0, 21, 1624.47 6272 14476910
1602235340, 4, 39, 1096, 737, 0, 9.57%, 0, 0, 21, 1575.09 6272 14505802
1602235363, 4, 42, 1096, 736, 0, 9.57%, 0, 0, 21, 1548.81 6272 14532366
1602235388, 4, 46, 1096, 735, 0, 9.57%, 0, 0, 21, 1985.25 6272 14566028
1602235399, 4, 48, 1096, 734, 0, 9.57%, 0, 0, 21, 1802.02 6272 14586194
1602235419, 4, 55, 1096, 733, 0, 9.57%, 0, 0, 21, 1742.25 6272 14614716
1602235429, 4, 57, 1096, 732, 0, 9.57%, 0, 0, 21, 1850.27 6272 14634377
1602235450, 4, 69, 1096, 731, 0, 9.57%, 0, 0, 21, 1763.38 6272 14662468
1602235470, 4, 76, 1096, 730, 0, 9.57%, 0, 0, 21, 1754.44 6272 14699743
1602235486, 4, 87, 1096, 729, 0, 9.57%, 0, 0, 21, 1707.36 6272 14727281
1602235507, 4, 112, 1096, 728, 0, 9.57%, 0, 0, 21, 12.73 6272 14753346
1602236316, 4, 116, 1096, 727, 0, 9.57%, 0, 0, 21, 1348.37 6272 14786710
1602236336, 4, 134, 1096, 726, 0, 9.57%, 0, 0, 21, 1796.91 6272 14822942
1602236346, 4, 137, 1096, 725, 0, 9.57%, 0, 0, 21, 2035.36 6272 14843040
1602236356, 4, 159, 1096, 724, 0, 9.57%, 0, 0, 21, 1750.98 6272 14862852
1602236377, 4, 163, 1096, 723, 0, 9.57%, 0, 0, 21, 1679.22 6272 14889960
1602236397, 4, 163, 1096, 723, 0, 9.57%, 1, 0, 21, 1656.32 6272 14917668
1602236402, 4, 177, 1096, 722, 0, 9.57%, 1, 0, 21, 2063.01 6272 14928663
1602236408, 4, 189, 1096, 721, 0, 9.57%, 1, 0, 21, 2149.19 6272 14939728
1602236413, 4, 200, 1096, 720, 0, 9.57%, 1, 0, 21, 1742.46 6272 14948589
1602236463, 4, 202, 1096, 719, 0, 9.57%, 1, 0, 21, 1534.14 6272 15025658
1602236498, 4, 211, 1096, 718, 0, 9.57%, 1, 0, 21, 1592.66 6272 15082380
1602236539, 4, 223, 1096, 717, 0, 9.57%, 1, 0, 21, 1013.97 6272 15144725
1602236639, 4, 233, 1096, 716, 0, 9.57%, 1, 0, 21, 1479.27 6272 15223021
1602236670, 4, 237, 1096, 715, 0, 9.57%, 1, 0, 21, 1637.22 6272 15273745
1602236695, 4, 244, 1096, 714, 0, 9.57%, 1, 0, 21, 1499.79 6272 15315109
1602236731, 4, 252, 1096, 713, 0, 9.57%, 1, 0, 21, 1579.59 6272 15369679
1602236776, 4, 257, 1096, 712, 0, 9.57%, 1, 0, 21, 1615.79 6272 15442020
1602236811, 4, 258, 1096, 711, 0, 9.57%, 1, 0, 21, 1605.95 6272 15499718
1602236857, 4, 262, 1097, 711, 0, 9.57%, 1, 0, 21, 1576.37 6272 15571527
1602236908, 4, 266, 1097, 710, 0, 9.57%, 1, 0, 21, 1590.67 6272 15651329
1602236943, 4, 267, 1097, 709, 0, 9.57%, 1, 0, 21, 1611.45 6272 15709502
1602236979, 4, 271, 1097, 708, 0, 9.57%, 1, 0, 21, 1048.85 6272 15764292
1602237066, 4, 274, 1097, 707, 0, 9.57%, 1, 0, 21, 1494.55 6272 15845161
1602237086, 4, 278, 1097, 706, 0, 9.57%, 1, 0, 21, 1759.74 6272 15883707
1602237122, 4, 283, 1097, 705, 0, 9.57%, 1, 0, 21, 1597.18 6272 15942484
1602237152, 4, 301, 1097, 704, 0, 9.57%, 1, 0, 21, 1651.24 6272 15992934
1602237189, 4, 324, 1097, 703, 0, 9.57%, 1, 0, 21, 185.82 6272 16048314
1602237286, 4, 326, 1097, 702, 0, 9.57%, 1, 0, 21, 1483.38 6272 16125438
1602237317, 4, 327, 1097, 701, 0, 9.57%, 1, 0, 21, 1662.16 6272 16176270
1602237337, 4, 332, 1097, 700, 0, 9.57%, 1, 0, 21, 1697.00 6272 16210208
1602237353, 4, 333, 1097, 699, 0, 9.57%, 1, 0, 21, 1694.03 6272 16236870
1602237398, 4, 344, 1097, 698, 0, 9.57%, 1, 0, 21, 1585.28 6272 16308659
1602237465, 4, 345, 1097, 697, 0, 9.57%, 1, 0, 21, 1539.61 6272 16413962
1602237536, 4, 348, 1097, 696, 0, 9.57%, 1, 0, 21, 1658.47 6272 16526835
1602237572, 4, 371, 1097, 695, 0, 9.57%, 1, 0, 21, 1781.97 6272 16589928
1602237592, 4, 373, 1097, 694, 0, 9.57%, 1, 0, 21, 1421.53 6272 16624958
1602237614, 4, 387, 1097, 693, 0, 9.57%, 1, 0, 21, 1674.08 6272 16653949
1602237624, 4, 387, 1098, 694, 0, 9.57%, 1, 0, 21, 1933.73 6272 16673637
1602237631, 4, 436, 1098, 693, 1, 9.57%, 1, 0, 21, 70.33 6272 16681473
1602238817, 4, 591, 1098, 692, 1, 9.57%, 1, 0, 21, 91.27 6272 16713026
1602238848, 4, 643, 1098, 691, 1, 9.57%, 1, 0, 21, 1475.56 6272 16749019
1602238869, 4, 747, 1098, 690, 1, 9.57%, 1, 0, 21, 9.54 6272 16776956
1602238920, 4, 747, 1099, 691, 1, 9.57%, 1, 0, 21, 10.42 6272 16777481
1602238986, 4, 747, 1100, 692, 1, 9.57%, 1, 0, 21, 12.40 6272 16778473
1602239451, 4, 747, 1102, 694, 1, 9.57%, 1, 0, 21, 8.76 6272 16784532
1602239457, 4, 747, 1103, 695, 1, 9.57%, 1, 0, 21, 9.75 6272 16784658
1602239949, 4, 925, 1103, 694, 1, 9.57%, 1, 0, 21, 1663.93 6272 16813389
1602239979, 4, 933, 1103, 693, 1, 9.57%, 1, 0, 21, 1757.77 6272 16863450
1602239984, 4, 933, 1104, 694, 1, 9.57%, 1, 0, 21, 1541.19 6272 16870839
1602240020, 4, 1097, 1104, 693, 1, 9.57%, 1, 0, 21, 1717.31 6272 16926695
1602240040, 5, 34, 1104, 691, 0, 9.57%, 1, 0, 21, 2121.16 6272 16966135
1602240055, 5, 50, 1104, 690, 0, 9.57%, 1, 0, 21, 1881.42 6272 16997550
1602240076, 5, 64, 1104, 689, 0, 9.57%, 1, 0, 21, 1701.00 6272 17032142
1602240098, 5, 70, 1104, 688, 0, 9.57%, 1, 0, 21, 1666.18 6272 17062323
1602240113, 5, 78, 1104, 687, 0, 9.57%, 1, 0, 21, 1804.68 6272 17090223
1602240133, 5, 82, 1104, 686, 0, 9.57%, 1, 0, 21, 1720.87 6272 17126695
1602240148, 5, 85, 1104, 685, 0, 9.57%, 1, 0, 21, 1730.57 6272 17153660
1602240168, 5, 113, 1104, 684, 0, 9.57%, 1, 0, 21, 1750.57 6272 17180909
1602240194, 5, 114, 1104, 683, 0, 9.57%, 1, 0, 21, 1982.51 6272 17218113
1602240204, 5, 121, 1104, 682, 0, 9.57%, 1, 0, 21, 2063.67 6272 17239429
1602240229, 5, 127, 1104, 681, 0, 9.57%, 1, 0, 21, 1618.28 6272 17275080
1602240244, 5, 147, 1104, 680, 0, 9.57%, 1, 0, 21, 1797.45 6272 17302591
1602240260, 5, 149, 1104, 679, 0, 9.57%, 1, 0, 21, 1846.91 6272 17330863
1602240280, 5, 150, 1104, 678, 0, 9.57%, 1, 0, 21, 1745.07 6272 17364903
1602240290, 5, 153, 1104, 677, 0, 9.57%, 1, 0, 21, 1829.57 6272 17383712
1602240306, 5, 162, 1104, 676, 0, 9.57%, 1, 0, 21, 1697.68 6272 17411495
1602240326, 5, 168, 1104, 675, 0, 9.57%, 2, 0, 21, 1796.86 6272 17439481
1602240332, 5, 207, 1104, 674, 0, 9.57%, 2, 0, 21, 149.20 6272 17449777
1602240436, 5, 214, 1104, 673, 0, 9.57%, 2, 0, 21, 1583.57 6272 17533111
1602240446, 5, 214, 1105, 674, 0, 9.57%, 2, 0, 21, 1710.09 6272 17550621
1602240451, 5, 229, 1105, 673, 0, 9.57%, 2, 0, 21, 1689.88 6272 17559097
1602240496, 5, 234, 1105, 672, 0, 9.57%, 2, 0, 21, 1532.19 6272 17631683
1602240532, 5, 235, 1105, 671, 0, 9.57%, 2, 0, 21, 1642.77 6272 17689333
1602240557, 5, 239, 1105, 670, 0, 9.57%, 2, 0, 21, 1673.42 6272 17732021
1602240588, 5, 269, 1105, 669, 0, 9.57%, 2, 0, 21, 1520.35 6272 17780387
1602240688, 5, 270, 1105, 668, 0, 9.57%, 2, 0, 21, 1452.68 6272 17858336
1602240734, 5, 280, 1105, 667, 0, 9.57%, 2, 0, 21, 1587.60 6272 17930795
1602240774, 5, 323, 1105, 666, 0, 9.57%, 2, 0, 21, 1495.83 6272 17994457
1602240873, 5, 331, 1105, 665, 0, 9.57%, 2, 0, 21, 1487.23 6272 18071339
1602240904, 5, 350, 1105, 664, 0, 9.57%, 2, 0, 21, 1632.38 6272 18122766
1602240955, 5, 360, 1105, 663, 0, 9.57%, 2, 0, 21, 1617.24 6272 18204527
1602241026, 5, 377, 1105, 662, 0, 9.57%, 2, 0, 21, 1601.86 6272 18319359
1602241048, 5, 383, 1105, 661, 0, 9.57%, 2, 0, 21, 1617.30 6272 18347250
1602241070, 5, 384, 1105, 660, 0, 9.57%, 2, 0, 21, 1630.85 6272 18377587
1602241090, 5, 386, 1105, 659, 0, 9.57%, 2, 0, 21, 1715.84 6272 18405490
1602241111, 5, 386, 1105, 659, 0, 9.57%, 9, 0, 21, 1550.28 6272 18433095
1602241116, 5, 392, 1106, 659, 0, 9.57%, 10, 0, 21, 1618.80 6272 18440986
1602241126, 5, 392, 1107, 660, 0, 9.57%, 10, 0, 21, 1915.00 6272 18460525
1602241132, 5, 417, 1107, 659, 1, 9.57%, 10, 0, 21, 11.58 6272 18463778
1602242048, 5, 586, 1107, 658, 1, 9.57%, 10, 0, 21, 10.65 6272 18495108
1602243005, 5, 639, 1107, 657, 1, 9.57%, 10, 0, 21, 1055.26 6272 18530981
1602243025, 5, 680, 1107, 656, 1, 9.57%, 10, 0, 21, 2027.52 6272 18567353
1602243030, 5, 699, 1107, 655, 1, 9.57%, 10, 0, 21, 2077.52 6272 18578029
1602243057, 5, 721, 1107, 654, 1, 9.57%, 10, 0, 21, 139.53 6272 18609822
1602243083, 5, 768, 1107, 653, 1, 9.57%, 10, 0, 21, 1302.60 6272 18643266
1602243104, 5, 804, 1107, 652, 1, 9.57%, 10, 0, 21, 1830.01 6272 18674208
1602243124, 5, 1002, 1107, 651, 1, 9.57%, 10, 0, 21, 2087.29 6272 18716076
1602243170, 5, 1106, 1107, 650, 1, 9.57%, 10, 0, 21, 1804.81 6272 18790114
1602243176, 5, 1106, 1108, 651, 1, 9.57%, 10, 0, 21, 1818.55 6272 18799431
1602243186, 5, 1107, 1108, 650, 1, 9.57%, 10, 0, 21, 1880.02 6272 18819239
1602243201, 6, 24, 1108, 649, 0, 9.57%, 10, 0, 21, 1722.05 6272 18847752
1602243221, 6, 38, 1108, 648, 0, 9.57%, 10, 0, 21, 1346.21 6272 18879877
1602243247, 6, 80, 1108, 647, 0, 9.57%, 10, 0, 21, 1708.86 6272 18909321
1602243267, 6, 88, 1108, 646, 0, 9.57%, 10, 0, 21, 1657.84 6272 18944466
1602243288, 6, 91, 1108, 645, 0, 9.57%, 10, 0, 21, 1673.25 6272 18972627
1602243303, 6, 92, 1108, 644, 0, 9.57%, 10, 0, 21, 1737.42 6272 18999454
1602243324, 6, 102, 1108, 643, 0, 9.57%, 10, 0, 21, 1619.56 6272 19034658
1602243344, 6, 103, 1108, 642, 0, 9.57%, 10, 0, 21, 1674.74 6272 19061591
1602243369, 6, 108, 1108, 641, 0, 9.57%, 10, 0, 21, 1577.02 6272 19096615
1602243393, 6, 156, 1108, 640, 0, 9.57%, 10, 0, 21, 1805.07 6272 19125760
1602243413, 6, 169, 1108, 639, 0, 9.57%, 10, 0, 21, 2015.34 6272 19159514
1602243424, 6, 208, 1108, 638, 0, 9.57%, 10, 0, 21, 1772.88 6272 19179673
1602243469, 6, 210, 1108, 637, 0, 9.57%, 10, 0, 21, 1577.65 6272 19251411
1602243515, 6, 212, 1108, 636, 0, 9.57%, 10, 0, 21, 1598.70 6272 19324074
1602243521, 6, 212, 1109, 637, 0, 9.57%, 10, 0, 21, 1564.77 6272 19332148
1602243551, 6, 218, 1109, 636, 0, 9.57%, 10, 0, 21, 1575.63 6272 19380222
1602243587, 6, 230, 1109, 635, 0, 9.57%, 10, 0, 21, 1602.02 6272 19437336
1602243622, 6, 236, 1109, 634, 0, 9.57%, 10, 0, 21, 1619.79 6272 19494449
1602243653, 6, 240, 1109, 633, 0, 9.57%, 10, 0, 21, 1629.22 6272 19543871
1602243685, 6, 246, 1109, 632, 0, 9.57%, 10, 0, 21, 192.59 6272 19590773
1602243782, 6, 253, 1109, 631, 0, 9.57%, 10, 0, 21, 1281.06 6272 19665988
1602243843, 6, 265, 1109, 630, 0, 9.57%, 10, 0, 21, 1220.87 6272 19743391
1602243904, 6, 275, 1109, 629, 0, 9.57%, 10, 0, 21, 1200.32 6272 19818482
1602243965, 6, 282, 1109, 628, 0, 9.57%, 10, 0, 21, 1469.17 6272 19899560
1602244010, 6, 285, 1109, 627, 0, 9.57%, 10, 0, 21, 1574.56 6272 19971649
1602244047, 6, 316, 1109, 626, 0, 9.57%, 10, 0, 21, 225.23 6272 20028766
1602244148, 6, 317, 1109, 625, 0, 9.57%, 10, 0, 21, 1429.69 6272 20106764
1602244189, 6, 338, 1109, 624, 0, 9.57%, 10, 0, 21, 1519.48 6272 20172043
1602244260, 6, 342, 1109, 623, 0, 9.57%, 10, 0, 21, 1528.57 6272 20281795
1602244316, 6, 353, 1109, 622, 0, 9.57%, 10, 0, 21, 1885.56 6272 20371551
1602244336, 6, 354, 1109, 621, 0, 9.57%, 10, 0, 21, 1899.38 6272 20413303
1602244362, 6, 375, 1109, 620, 0, 9.57%, 10, 0, 21, 1688.88 6272 20455944
1602244384, 6, 381, 1109, 619, 0, 9.57%, 10, 0, 21, 1427.68 6272 20485298
1602244409, 6, 396, 1109, 618, 0, 9.57%, 10, 0, 21, 1567.04 6272 20514455
1602244430, 6, 412, 1109, 617, 0, 9.57%, 10, 0, 21, 122.38 6272 20542090
1602245342, 6, 416, 1109, 616, 0, 9.57%, 10, 0, 21, 9.64 6272 20573563
1602246361, 6, 418, 1109, 615, 0, 9.57%, 10, 0, 21, 12.12 6272 20605012
1602247231, 6, 423, 1109, 614, 0, 9.57%, 10, 0, 21, 469.00 6272 20636526
1602248348, 6, 430, 1109, 613, 0, 9.57%, 10, 0, 21, 1708.19 6272 20669901
1602248369, 6, 438, 1109, 612, 0, 9.57%, 10, 0, 21, 219.34 6272 20699979
1602249588, 6, 447, 1109, 611, 0, 9.57%, 10, 0, 21, 452.04 6272 20731548
1602249593, 6, 447, 1110, 612, 0, 9.57%, 10, 0, 21, 1312.95 6272 20736250
1602249619, 6, 448, 1110, 611, 0, 9.57%, 10, 0, 21, 9.45 6272 20763698
1602250704, 6, 456, 1110, 610, 0, 9.57%, 10, 0, 21, 960.06 6272 20796370
1602250729, 6, 460, 1110, 609, 0, 9.57%, 10, 0, 21, 282.54 6272 20827994
1602250760, 6, 469, 1110, 608, 0, 9.57%, 10, 0, 21, 9.62 6272 20859533
1602251834, 6, 470, 1110, 607, 0, 9.57%, 10, 0, 21, 9.43 6272 20891071
1602252926, 6, 472, 1110, 606, 0, 9.57%, 10, 0, 21, 20.49 6272 20923211
1602252931, 6, 472, 1111, 607, 0, 9.57%, 10, 0, 21, 1199.55 6272 20928163
1602252957, 6, 473, 1111, 606, 0, 9.57%, 10, 0, 21, 8.90 6272 20954792
1602254134, 6, 481, 1112, 606, 0, 9.57%, 10, 0, 21, 933.46 6272 20990384
1602254145, 6, 481, 1113, 607, 0, 9.57%, 10, 0, 21, 1313.25 6272 21001150
1602254160, 6, 482, 1113, 606, 0, 9.57%, 10, 0, 21, 1529.63 6272 21023420
1602254182, 6, 483, 1113, 605, 0, 9.57%, 10, 0, 21, 1679.06 6272 21053487
1602254202, 6, 486, 1113, 604, 0, 9.57%, 10, 0, 21, 1631.72 6272 21081167
1602254228, 6, 504, 1113, 603, 0, 9.57%, 10, 0, 21, 1497.32 6272 21115681
1602254278, 6, 507, 1113, 602, 0, 9.57%, 10, 0, 21, 1490.22 6272 21193961
1602254324, 6, 514, 1113, 601, 0, 9.57%, 10, 0, 21, 1648.91 6272 21264650
1602254355, 6, 517, 1114, 601, 0, 9.57%, 10, 0, 21, 1338.02 6272 21318597
1602254410, 6, 531, 1114, 600, 0, 9.57%, 10, 0, 21, 1389.87 6272 21392232
1602254436, 6, 532, 1114, 599, 0, 9.57%, 10, 0, 21, 1576.82 6272 21424418
1602254452, 6, 534, 1114, 598, 0, 9.57%, 10, 0, 21, 1847.41 6272 21452148
1602254477, 6, 545, 1114, 597, 0, 9.57%, 10, 0, 21, 12.64 6272 21482329
1602254928, 6, 545, 1114, 597, 0, 9.57%, 11, 0, 21, 78.93 6272 21501039
1602254949, 6, 545, 1114, 597, 0, 9.57%, 12, 0, 21, 82.02 6272 21502881
1602255144, 6, 548, 1114, 596, 0, 9.57%, 12, 0, 21, 1283.93 6272 21519738
1602255168, 6, 567, 1114, 595, 0, 9.57%, 12, 0, 21, 1402.29 6272 21546659
1602255194, 6, 574, 1114, 594, 0, 9.57%, 12, 0, 21, 1440.00 6272 21578737
1602255226, 6, 582, 1114, 593, 0, 9.57%, 12, 0, 21, 8.39 6272 21610586
1602256448, 6, 583, 1114, 592, 0, 9.57%, 12, 0, 21, 8.59 6272 21642353
1602257715, 6, 584, 1114, 591, 0, 9.57%, 12, 0, 21, 12.75 6272 21674616
1602258536, 6, 597, 1114, 590, 0, 9.57%, 12, 0, 21, 9.19 6272 21706965
1602259715, 6, 608, 1114, 589, 0, 9.57%, 12, 0, 21, 1378.97 6272 21743221
1602259743, 6, 610, 1114, 588, 0, 9.57%, 12, 0, 21, 8.62 6272 21772550
1602260942, 6, 614, 1114, 587, 0, 9.57%, 12, 0, 21, 36.20 6272 21805339
1602260973, 6, 619, 1114, 586, 0, 9.57%, 12, 0, 21, 908.35 6272 21839498
1602261049, 6, 628, 1114, 585, 0, 9.57%, 12, 0, 21, 1000.49 6272 21873676
1602261070, 6, 640, 1114, 584, 0, 9.57%, 12, 0, 21, 1634.67 6272 21907882
1602261090, 6, 642, 1114, 583, 0, 9.57%, 12, 0, 21, 1632.81 6272 21941696
1602261110, 6, 644, 1114, 582, 0, 9.57%, 12, 0, 21, 1614.42 6272 21975282
1602261130, 6, 650, 1114, 581, 0, 9.57%, 12, 0, 21, 1404.48 6272 22007981
1602261158, 6, 657, 1114, 580, 0, 9.57%, 12, 0, 21, 9.83 6272 22039475
1602261209, 6, 657, 1115, 581, 0, 9.57%, 12, 0, 21, 13.59 6272 22040028
1602262818, 6, 659, 1115, 580, 0, 9.57%, 12, 0, 21, 19.00 6272 22071763
1602264455, 6, 663, 1115, 579, 0, 9.57%, 12, 0, 21, 11.53 6272 22104066
1602264926, 6, 663, 1117, 581, 0, 9.57%, 12, 0, 21, 13.22 6272 22111648
1602265366, 6, 679, 1117, 580, 0, 9.57%, 12, 0, 21, 594.63 6272 22136594
1602265381, 6, 681, 1117, 579, 0, 9.57%, 12, 0, 21, 2093.65 6272 22169019
1602265397, 6, 684, 1117, 578, 0, 9.57%, 12, 0, 21, 2117.27 6272 22201372
1602265417, 6, 685, 1118, 578, 0, 9.57%, 12, 0, 21, 2105.52 6272 22244218
1602265427, 6, 689, 1120, 579, 0, 9.57%, 12, 0, 21, 1978.40 6272 22265062
1602265453, 6, 700, 1121, 579, 0, 9.57%, 12, 0, 21, 1464.58 6272 22306919
1602265485, 6, 711, 1121, 578, 0, 9.57%, 12, 0, 21, 1380.82 6272 22343555
1602265506, 6, 712, 1121, 577, 0, 9.57%, 12, 0, 21, 1473.14 6272 22375242
1602265537, 6, 714, 1121, 576, 0, 9.57%, 12, 0, 21, 1349.17 6272 22412106
1602265568, 6, 718, 1122, 576, 0, 9.57%, 12, 0, 21, 1332.51 6272 22446379
1602265594, 6, 720, 1122, 575, 0, 9.57%, 12, 0, 21, 1455.12 6272 22477264
1602265620, 6, 722, 1122, 574, 0, 9.57%, 12, 0, 21, 1456.81 6272 22509456
1602265640, 6, 730, 1127, 578, 0, 9.57%, 12, 0, 21, 1705.33 6272 22543000
1602265661, 6, 731, 1129, 579, 0, 9.57%, 12, 0, 21, 1671.27 6272 22577781
1602265676, 6, 738, 1129, 578, 0, 9.57%, 12, 0, 21, 10.64 6272 22603516
1602266672, 6, 752, 1129, 577, 0, 9.57%, 12, 0, 21, 9.03 6272 22635911
1602267902, 6, 753, 1129, 576, 0, 9.57%, 12, 0, 21, 11.21 6272 22668237
1602268005, 6, 753, 1130, 577, 0, 9.57%, 12, 0, 21, 11.01 6272 22669999
1602268909, 6, 758, 1130, 576, 0, 9.57%, 12, 0, 21, 8.94 6272 22700516
1602270094, 6, 761, 1130, 575, 0, 9.57%, 12, 0, 21, 79.66 6272 22732996
1602270330, 6, 770, 1130, 574, 0, 9.57%, 12, 0, 21, 1231.74 6272 22769361
1602270350, 6, 784, 1130, 573, 0, 9.57%, 12, 0, 21, 8.58 6272 22799961
1602270478, 6, 784, 1131, 574, 0, 9.57%, 12, 0, 21, 13.45 6272 22801485
1602271598, 6, 787, 1132, 574, 0, 9.57%, 12, 0, 21, 960.75 6272 22836865
1602271603, 6, 787, 1134, 576, 0, 9.57%, 12, 0, 21, 16.54 6272 22840015
1602271623, 6, 815, 1134, 575, 0, 9.57%, 12, 0, 21, 891.95 6272 22867656
1602271685, 6, 823, 1134, 574, 0, 9.57%, 12, 0, 21, 1217.63 6272 22924756
1602271713, 6, 823, 1135, 575, 0, 9.57%, 12, 0, 21, 1506.06 6275 22956477
1602271718, 6, 928, 1136, 575, 1, 9.57%, 12, 0, 21, 1157.03 6275 22963396
1602271753, 6, 943, 1136, 574, 1, 9.57%, 12, 0, 21, 1693.46 6275 23018306
1602271784, 6, 1134, 1136, 573, 1, 9.57%, 12, 0, 21, 2060.71 6275 23081361
1602271789, 6, 1134, 1137, 574, 1, 9.58%, 12, 0, 21, 1372.42 6276 23087513
1602271815, 6, 1134, 1139, 576, 1, 9.58%, 12, 0, 21, 1671.89 6278 23117091
1602271820, 6, 1136, 1139, 575, 3, 9.58%, 12, 0, 21, 1546.29 6278 23124846
1602271846, 6, 1137, 1140, 575, 2, 9.58%, 12, 0, 21, 1768.11 6278 23157474
1602271856, 6, 1137, 1142, 577, 2, 9.58%, 12, 0, 21, 1849.13 6280 23175546
1602271866, 6, 1138, 1145, 579, 2, 9.58%, 12, 0, 21, 1563.38 6281 23192914
1602271899, 6, 1140, 1147, 580, 2, 9.59%, 12, 0, 21, 1681.60 6283 23234020
1602271909, 6, 1140, 1148, 581, 2, 9.59%, 12, 0, 21, 1848.05 6283 23252750
1602271914, 6, 1143, 1148, 580, 2, 9.59%, 12, 0, 21, 1995.53 6283 23262411
1602271937, 6, 1143, 1149, 581, 2, 9.59%, 12, 0, 21, 1397.56 6284 23288370
1602271947, 6, 1145, 1149, 580, 2, 9.59%, 12, 0, 21, 1700.56 6284 23305084
1602271967, 6, 1148, 1149, 579, 1, 9.59%, 12, 0, 21, 1675.65 6284 23341174
1602271981, 6, 1148, 1150, 580, 1, 9.59%, 12, 0, 21, 620.00 6284 23353124
1602271996, 6, 1149, 1150, 579, 1, 9.59%, 12, 0, 21, 1642.54 6284 23378932
1602272020, 6, 1149, 1151, 580, 1, 9.59%, 12, 0, 21, 1658.81 6284 23406305
1602272025, 7, 13, 1151, 579, 0, 9.59%, 12, 0, 21, 1689.02 6284 23415522
1602272085, 7, 19, 1151, 578, 0, 9.59%, 12, 0, 21, 1832.14 6284 23513924
1602272101, 7, 47, 1151, 577, 0, 9.59%, 12, 0, 21, 2089.74 6284 23546011
1602272111, 7, 61, 1151, 576, 0, 9.59%, 12, 0, 21, 1811.01 6284 23566108
1602272126, 7, 71, 1151, 575, 0, 9.59%, 12, 0, 21, 1782.03 6284 23594162
1602272146, 7, 122, 1151, 574, 0, 9.59%, 12, 0, 21, 1523.78 6284 23629697
1602272167, 7, 165, 1151, 573, 0, 9.59%, 12, 0, 21, 1617.51 6284 23663027
1602272189, 7, 188, 1151, 572, 0, 9.59%, 12, 0, 21, 1879.49 6284 23693138
1602272194, 7, 190, 1151, 571, 0, 9.59%, 12, 0, 21, 1991.37 6284 23703599
1602272219, 7, 196, 1151, 570, 0, 9.59%, 12, 0, 21, 1961.00 6284 23740606
1602272244, 7, 203, 1151, 569, 0, 9.59%, 12, 0, 21, 1693.91 6284 23790592
1602272280, 7, 217, 1151, 568, 0, 9.59%, 12, 0, 21, 1579.29 6284 23846646
1602272321, 7, 219, 1151, 567, 0, 9.59%, 12, 0, 21, 1598.36 6284 23911470
1602272357, 7, 221, 1151, 566, 0, 9.59%, 12, 0, 21, 1582.02 6284 23968809
1602272397, 7, 224, 1151, 565, 0, 9.59%, 12, 0, 21, 1579.88 6284 24033669
1602272433, 7, 256, 1151, 564, 0, 9.59%, 12, 0, 21, 1613.93 6284 24092038
1602272469, 7, 272, 1151, 563, 0, 9.59%, 12, 0, 21, 8.30 6284 24146471
1602272573, 7, 291, 1151, 562, 0, 9.59%, 12, 0, 21, 1562.89 6284 24226907
1602272609, 7, 300, 1151, 561, 0, 9.59%, 12, 0, 21, 1614.69 6284 24285964
1602272639, 7, 311, 1151, 560, 0, 9.59%, 12, 0, 21, 1674.11 6284 24335993
1602272645, 7, 320, 1151, 560, 0, 9.59%, 12, 0, 21, 1724.96 6284 24344948
1602272655, 7, 382, 1151, 559, 0, 9.59%, 12, 0, 21, 1810.53 6284 24363139
1602272681, 7, 393, 1151, 558, 0, 9.59%, 12, 0, 21, 1637.62 6284 24398526
1602272702, 7, 394, 1151, 557, 0, 9.59%, 12, 0, 21, 1674.14 6284 24427690
1602272727, 7, 395, 1151, 556, 0, 9.59%, 12, 0, 21, 1700.45 6284 24463363
1602272748, 7, 400, 1151, 555, 0, 9.59%, 12, 0, 21, 1659.49 6284 24491232
1602272753, 7, 400, 1152, 556, 0, 9.59%, 12, 0, 21, 1775.77 6284 24500079
1602272774, 7, 409, 1152, 555, 0, 9.59%, 12, 0, 21, 1676.76 6284 24526999
1602272791, 7, 413, 1152, 554, 0, 9.59%, 12, 0, 21, 11.77 6284 24551006
1602273691, 7, 428, 1152, 553, 0, 9.59%, 12, 0, 21, 10.42 6284 24583534
1602274721, 7, 441, 1152, 552, 0, 9.59%, 12, 0, 21, 10.90 6284 24616240
1602275220, 7, 441, 1153, 553, 0, 9.59%, 12, 0, 21, 10.96 6284 24623911
