# unix_time, cycles_done, cur_path, paths_total, pending_total, pending_favs, map_size, unique_crashes, unique_hangs, max_depth, execs_per_sec, edge_coverage, total_execs
1603668177, 0, 0, 1, 1, 1, 0.34%, 0, 0, 1, 258.06, 223, 8
1603668182, 0, 0, 104, 104, 1, 0.99%, 0, 0, 2, 711.72, 646, 4232
1603668187, 0, 0, 123, 123, 1, 1.11%, 0, 0, 2, 793.16, 727, 8342
1603668192, 0, 0, 137, 137, 1, 1.19%, 0, 0, 2, 731.45, 779, 12140
1603668198, 0, 0, 143, 143, 1, 1.19%, 0, 0, 2, 697.07, 783, 15688
1603668203, 0, 0, 148, 148, 1, 1.23%, 1, 0, 2, 692.96, 803, 19277
1603668208, 0, 0, 150, 150, 1, 1.31%, 1, 0, 2, 690.64, 859, 22855
1603668213, 0, 0, 154, 154, 1, 1.35%, 1, 0, 2, 683.94, 884, 26410
1603668218, 0, 0, 155, 155, 1, 1.35%, 1, 0, 2, 688.35, 884, 29980
1603668223, 0, 0, 158, 158, 1, 1.35%, 1, 0, 2, 681.87, 885, 33533
1603668229, 0, 2, 163, 162, 68, 1.36%, 1, 0, 2, 689.55, 892, 37111
1603668234, 0, 21, 164, 162, 67, 1.36%, 1, 0, 3, 689.18, 893, 40706
1603668239, 0, 23, 165, 162, 67, 1.38%, 1, 0, 3, 691.00, 902, 44283
1603668244, 0, 23, 167, 164, 67, 1.38%, 1, 0, 3, 683.84, 906, 47705
1603668249, 0, 23, 169, 166, 67, 1.40%, 1, 0, 3, 675.82, 916, 51127
1603668254, 0, 23, 172, 169, 67, 1.42%, 1, 0, 3, 682.03, 931, 54550
1603668259, 0, 23, 173, 170, 67, 1.42%, 1, 0, 3, 686.71, 933, 58107
1603668269, 0, 23, 174, 171, 67, 1.42%, 1, 0, 3, 674.01, 933, 64940
1603668274, 0, 25, 175, 171, 70, 1.42%, 1, 0, 3, 668.80, 933, 68356
1603668280, 0, 25, 176, 172, 70, 1.43%, 1, 0, 3, 673.67, 937, 71786
1603668285, 0, 35, 176, 170, 69, 1.43%, 1, 0, 3, 680.50, 937, 75217
1603668290, 0, 37, 176, 169, 68, 1.43%, 1, 0, 3, 677.47, 937, 78620
1603668295, 0, 38, 176, 168, 67, 1.43%, 1, 0, 3, 677.67, 937, 82050
1603668300, 0, 48, 176, 166, 65, 1.43%, 1, 0, 3, 682.65, 937, 85481
1603668305, 0, 48, 178, 168, 65, 1.43%, 1, 0, 3, 659.42, 939, 88839
1603668310, 0, 52, 182, 170, 63, 1.44%, 1, 0, 3, 663.17, 944, 92183
1603668315, 0, 63, 183, 170, 62, 1.44%, 1, 0, 3, 673.03, 944, 95610
1603668320, 0, 66, 183, 169, 61, 1.44%, 1, 0, 3, 673.86, 944, 99003
1603668325, 0, 72, 183, 168, 60, 1.44%, 1, 0, 3, 669.05, 944, 102416
1603668330, 0, 74, 184, 168, 59, 1.46%, 1, 0, 3, 668.54, 954, 105795
1603668335, 0, 75, 184, 167, 59, 1.46%, 1, 0, 3, 668.31, 954, 109197
1603668340, 0, 75, 186, 169, 59, 1.46%, 1, 0, 3, 679.85, 958, 112622
1603668345, 0, 81, 187, 168, 58, 1.46%, 1, 0, 3, 669.82, 959, 116017
1603668350, 0, 83, 187, 166, 57, 1.46%, 1, 0, 3, 654.32, 959, 119320
1603668360, 0, 85, 187, 164, 55, 1.46%, 1, 0, 3, 666.89, 959, 126091
1603668366, 0, 86, 193, 169, 54, 1.51%, 1, 0, 3, 665.98, 989, 129493
1603668371, 0, 88, 193, 167, 54, 1.51%, 1, 0, 3, 671.74, 989, 132902
1603668376, 0, 90, 195, 168, 53, 1.51%, 1, 0, 3, 664.27, 989, 136278
1603668381, 0, 90, 198, 171, 53, 1.52%, 1, 0, 3, 668.92, 998, 139708
1603668386, 0, 90, 200, 173, 53, 1.52%, 1, 0, 3, 671.80, 998, 143130
1603668391, 0, 90, 201, 174, 53, 1.52%, 1, 0, 3, 679.85, 999, 146563
1603668401, 0, 90, 203, 176, 53, 1.55%, 1, 0, 3, 662.20, 1016, 153378
1603668406, 0, 90, 204, 177, 53, 1.56%, 1, 0, 3, 668.57, 1020, 156805
1603668427, 0, 95, 204, 175, 54, 1.56%, 1, 0, 3, 658.81, 1020, 170328
1603668432, 0, 97, 211, 181, 53, 1.61%, 1, 0, 3, 665.48, 1054, 173729
1603668437, 0, 97, 218, 188, 53, 1.62%, 1, 0, 3, 670.40, 1060, 177100
1603668442, 0, 97, 222, 192, 53, 1.62%, 1, 0, 3, 676.00, 1062, 180525
1603668447, 0, 97, 224, 194, 53, 1.62%, 1, 0, 3, 662.08, 1062, 183895
1603668452, 0, 97, 226, 196, 53, 1.63%, 1, 0, 3, 662.47, 1068, 187278
1603668457, 0, 97, 229, 199, 53, 1.64%, 1, 0, 3, 674.83, 1077, 190708
1603668467, 0, 97, 232, 202, 53, 1.66%, 1, 0, 3, 657.76, 1085, 197440
1603668472, 0, 97, 233, 203, 53, 1.66%, 1, 0, 3, 660.75, 1085, 200828
1603668483, 0, 100, 233, 202, 66, 1.66%, 1, 0, 3, 673.18, 1085, 207666
1603668493, 0, 103, 233, 200, 64, 1.66%, 1, 0, 3, 666.95, 1085, 214386
1603668498, 0, 103, 234, 201, 64, 1.66%, 1, 0, 3, 678.05, 1085, 217805
1603668503, 0, 107, 235, 200, 62, 1.66%, 1, 0, 3, 670.54, 1085, 221181
1603668508, 0, 108, 235, 199, 61, 1.66%, 1, 0, 3, 652.87, 1085, 224473
1603668513, 0, 111, 236, 198, 59, 1.66%, 1, 0, 3, 665.59, 1086, 227856
1603668518, 0, 116, 237, 197, 57, 1.66%, 1, 0, 3, 658.78, 1086, 231239
1603668523, 0, 119, 238, 197, 57, 1.66%, 1, 0, 3, 666.44, 1086, 234640
1603668528, 0, 121, 238, 196, 56, 1.66%, 1, 0, 3, 677.22, 1086, 238068
1603668533, 0, 125, 241, 198, 55, 1.67%, 1, 0, 3, 678.96, 1094, 241479
1603668538, 0, 130, 241, 197, 57, 1.67%, 1, 0, 3, 678.09, 1094, 244892
1603668543, 0, 133, 242, 197, 56, 1.67%, 1, 0, 3, 676.62, 1096, 248312
1603668548, 0, 145, 242, 195, 55, 1.67%, 1, 0, 3, 668.85, 1096, 251690
1603668553, 0, 147, 243, 195, 54, 1.67%, 1, 0, 3, 659.19, 1097, 254997
1603668559, 0, 148, 244, 195, 54, 1.67%, 1, 0, 3, 668.43, 1097, 258412
1603668564, 0, 150, 247, 196, 55, 1.70%, 1, 0, 3, 674.23, 1114, 261808
1603668569, 0, 158, 248, 195, 53, 1.70%, 1, 0, 3, 667.28, 1115, 265209
1603668574, 0, 161, 249, 195, 53, 1.70%, 1, 0, 3, 660.30, 1115, 268555
1603668579, 0, 164, 252, 197, 52, 1.70%, 1, 0, 4, 669.01, 1115, 271969
1603668589, 0, 165, 252, 196, 52, 1.70%, 1, 0, 4, 670.14, 1115, 278762
1603668594, 0, 167, 252, 195, 51, 1.70%, 1, 0, 4, 674.98, 1115, 282146
1603668599, 0, 168, 253, 195, 50, 1.70%, 1, 0, 4, 661.07, 1116, 285475
1603668604, 0, 172, 254, 195, 49, 1.70%, 1, 0, 4, 663.96, 1116, 288848
1603668614, 0, 176, 254, 194, 48, 1.70%, 1, 0, 4, 670.44, 1116, 295684
1603668619, 0, 177, 254, 193, 47, 1.70%, 1, 0, 4, 677.31, 1116, 299092
1603668624, 0, 178, 254, 192, 46, 1.70%, 1, 0, 4, 668.15, 1116, 302490
1603668629, 0, 179, 256, 193, 46, 1.70%, 1, 0, 4, 659.16, 1117, 305810
1603668635, 0, 185, 256, 191, 44, 1.70%, 1, 0, 4, 668.44, 1117, 309213
1603668640, 0, 187, 257, 190, 43, 1.71%, 1, 0, 4, 666.29, 1118, 312615
1603668645, 0, 187, 260, 193, 43, 1.71%, 1, 0, 4, 668.32, 1118, 316038
1603668650, 0, 190, 260, 192, 45, 1.71%, 1, 0, 4, 668.98, 1118, 319444
1603668655, 0, 190, 261, 193, 45, 1.71%, 1, 0, 4, 666.25, 1119, 322858
1603668660, 0, 192, 262, 193, 44, 1.71%, 1, 0, 4, 669.55, 1119, 326290
1603668665, 0, 195, 263, 193, 44, 1.71%, 1, 0, 4, 668.57, 1122, 329696
1603668670, 0, 196, 264, 193, 43, 1.72%, 1, 0, 4, 655.62, 1130, 333040
1603668675, 0, 200, 265, 192, 42, 1.74%, 1, 0, 4, 667.50, 1141, 336428
1603668680, 0, 204, 267, 192, 42, 1.80%, 1, 0, 4, 675.41, 1182, 339855
1603668685, 0, 206, 270, 194, 40, 1.82%, 1, 0, 4, 663.81, 1196, 343212
1603668691, 0, 206, 274, 198, 40, 1.83%, 1, 0, 4, 659.13, 1202, 346546
1603668696, 0, 206, 278, 202, 40, 1.85%, 1, 0, 4, 670.37, 1210, 349958
1603668701, 0, 206, 280, 204, 40, 1.85%, 1, 0, 4, 668.75, 1215, 353380
1603668706, 0, 206, 284, 208, 40, 1.86%, 1, 0, 4, 669.68, 1222, 356792
1603668711, 0, 206, 286, 210, 40, 1.87%, 1, 0, 4, 671.32, 1223, 360207
1603668716, 0, 206, 288, 212, 40, 1.87%, 1, 0, 4, 665.67, 1223, 363629
1603668721, 0, 206, 292, 216, 40, 1.87%, 1, 0, 4, 667.50, 1227, 367041
1603668726, 0, 206, 294, 218, 40, 1.88%, 1, 0, 4, 670.82, 1230, 370463
1603668737, 0, 207, 294, 217, 49, 1.88%, 1, 0, 4, 664.97, 1230, 377279
1603668742, 0, 212, 295, 217, 49, 1.88%, 1, 0, 4, 666.69, 1234, 380660
1603668747, 0, 213, 297, 218, 47, 1.88%, 1, 0, 4, 662.64, 1235, 384063
1603668752, 0, 214, 298, 218, 47, 1.89%, 1, 0, 4, 666.30, 1236, 387436
1603668757, 0, 218, 299, 218, 46, 1.89%, 1, 0, 4, 659.59, 1236, 390832
1603668762, 0, 225, 299, 216, 44, 1.89%, 1, 0, 4, 674.15, 1236, 394246
1603668767, 0, 226, 299, 215, 43, 1.89%, 1, 0, 4, 670.69, 1236, 397665
1603668772, 0, 229, 300, 214, 41, 1.89%, 1, 0, 4, 674.60, 1240, 401076
1603668777, 0, 230, 300, 213, 40, 1.89%, 1, 0, 4, 676.02, 1240, 404503
1603668782, 0, 232, 301, 213, 39, 1.89%, 1, 0, 4, 673.62, 1240, 407917
1603668787, 0, 237, 303, 214, 38, 1.89%, 1, 0, 4, 656.31, 1240, 411233
1603668793, 0, 237, 304, 215, 38, 1.89%, 1, 0, 4, 657.84, 1240, 414611
1603668798, 0, 238, 304, 214, 37, 1.89%, 1, 0, 4, 668.48, 1240, 418012
1603668803, 0, 240, 304, 212, 35, 1.89%, 1, 0, 4, 670.80, 1240, 421446
1603668808, 0, 241, 305, 212, 34, 1.89%, 1, 0, 4, 673.51, 1240, 424849
1603668813, 0, 242, 305, 211, 33, 1.89%, 1, 0, 4, 662.52, 1240, 428220
1603668818, 0, 245, 309, 213, 32, 1.94%, 1, 0, 4, 654.95, 1271, 431604
1603668823, 0, 246, 310, 213, 32, 1.99%, 1, 0, 4, 664.04, 1304, 435019
1603668828, 0, 251, 310, 211, 31, 1.99%, 1, 0, 4, 674.24, 1304, 438430
1603668833, 0, 251, 311, 212, 31, 1.99%, 1, 0, 5, 670.81, 1304, 441844
1603668843, 0, 254, 311, 211, 30, 1.99%, 1, 0, 5, 683.04, 1304, 448696
1603668848, 0, 255, 312, 211, 29, 1.99%, 1, 0, 5, 670.37, 1304, 452073
1603668854, 0, 256, 314, 212, 28, 1.99%, 1, 0, 5, 656.89, 1304, 455417
1603668859, 0, 262, 314, 211, 28, 1.99%, 1, 0, 5, 672.35, 1304, 458841
1603668869, 0, 262, 315, 212, 28, 1.99%, 1, 0, 5, 675.68, 1304, 465631
1603668874, 0, 262, 316, 213, 28, 1.99%, 1, 0, 5, 676.79, 1304, 469032
1603668884, 0, 263, 318, 214, 27, 1.99%, 1, 0, 5, 674.55, 1305, 475850
1603668889, 0, 263, 321, 217, 27, 1.99%, 1, 0, 5, 639.92, 1305, 479122
1603668920, 0, 264, 321, 216, 29, 1.99%, 1, 0, 5, 643.37, 1305, 499187
1603668925, 0, 266, 329, 223, 28, 2.02%, 1, 0, 5, 650.24, 1325, 502461
1603668930, 0, 266, 331, 225, 28, 2.02%, 1, 0, 5, 662.78, 1327, 505876
1603668935, 0, 266, 336, 230, 28, 2.02%, 1, 0, 5, 668.76, 1327, 509283
1603668940, 0, 266, 337, 231, 28, 2.02%, 1, 0, 5, 658.22, 1327, 512671
1603668945, 0, 266, 339, 233, 28, 2.03%, 1, 0, 5, 656.55, 1329, 516054
1603668950, 0, 266, 340, 234, 28, 2.03%, 1, 0, 5, 662.58, 1329, 519455
1603668956, 0, 266, 341, 235, 28, 2.03%, 1, 0, 5, 672.47, 1331, 522882
1603668966, 0, 268, 345, 238, 32, 2.05%, 1, 0, 5, 649.60, 1346, 529613
1603668971, 0, 268, 347, 240, 32, 2.06%, 1, 0, 5, 664.33, 1352, 533036
1603668976, 0, 268, 349, 242, 32, 2.07%, 1, 0, 5, 654.70, 1354, 536406
1603668981, 0, 268, 350, 243, 32, 2.07%, 1, 0, 5, 643.48, 1354, 539709
1603668986, 0, 268, 351, 244, 32, 2.08%, 1, 0, 5, 652.76, 1360, 543078
1603669017, 0, 272, 351, 243, 36, 2.08%, 1, 0, 5, 659.86, 1360, 563506
1603669022, 0, 276, 351, 241, 34, 2.08%, 1, 0, 5, 644.67, 1360, 566763
1603669028, 0, 277, 353, 242, 33, 2.08%, 1, 0, 5, 650.16, 1360, 570132
1603669033, 0, 283, 353, 241, 33, 2.08%, 1, 0, 5, 664.68, 1360, 573534
1603669038, 0, 283, 355, 243, 33, 2.08%, 1, 0, 5, 676.78, 1362, 576956
1603669043, 0, 283, 357, 245, 33, 2.08%, 1, 0, 5, 680.16, 1362, 580378
1603669048, 0, 283, 358, 246, 33, 2.08%, 1, 0, 5, 671.49, 1362, 583805
1603669058, 0, 283, 359, 247, 33, 2.08%, 1, 0, 5, 669.46, 1364, 590534
1603669073, 0, 294, 359, 246, 34, 2.08%, 1, 0, 5, 656.08, 1364, 600727
1603669078, 0, 294, 362, 249, 34, 2.08%, 1, 0, 5, 663.71, 1364, 604092
1603669084, 0, 294, 363, 250, 34, 2.08%, 1, 0, 5, 662.70, 1364, 607506
1603669089, 0, 294, 364, 251, 34, 2.08%, 1, 0, 5, 663.00, 1364, 610933
1603669094, 0, 294, 365, 252, 34, 2.08%, 1, 0, 5, 663.29, 1364, 614308
1603669104, 0, 294, 366, 253, 34, 2.08%, 1, 0, 5, 669.94, 1364, 621154
1603669109, 0, 294, 367, 254, 34, 2.08%, 1, 0, 5, 656.19, 1364, 624503
1603669119, 0, 294, 368, 255, 34, 2.08%, 1, 0, 5, 674.44, 1364, 631336
1603669124, 0, 297, 370, 256, 36, 2.08%, 1, 0, 5, 666.41, 1364, 634703
1603669129, 0, 297, 373, 259, 36, 2.08%, 1, 0, 5, 656.46, 1364, 637970
1603669140, 0, 297, 374, 260, 36, 2.08%, 1, 0, 5, 662.32, 1364, 644803
1603669165, 0, 299, 374, 259, 36, 2.08%, 1, 0, 5, 641.27, 1364, 661665
1603669171, 0, 306, 374, 257, 34, 2.08%, 1, 0, 5, 649.43, 1364, 664987
1603669176, 0, 306, 376, 259, 34, 2.08%, 1, 0, 5, 663.02, 1366, 668374
1603669181, 0, 306, 377, 260, 34, 2.08%, 1, 0, 5, 661.98, 1366, 671788
1603669186, 0, 306, 379, 262, 34, 2.08%, 1, 0, 5, 661.20, 1366, 675184
1603669191, 0, 306, 380, 263, 34, 2.08%, 1, 0, 5, 656.73, 1366, 678533
1603669212, 0, 309, 382, 264, 33, 2.10%, 1, 0, 5, 659.21, 1379, 691718
1603669217, 0, 310, 382, 263, 33, 2.10%, 1, 0, 5, 654.06, 1379, 695073
1603669227, 0, 312, 382, 262, 32, 2.10%, 1, 0, 5, 643.04, 1379, 701671
1603669232, 0, 316, 382, 261, 31, 2.10%, 1, 0, 5, 644.08, 1379, 704978
1603669237, 0, 317, 384, 262, 30, 2.10%, 1, 0, 6, 649.08, 1379, 708328
1603669247, 0, 317, 385, 263, 30, 2.11%, 1, 0, 6, 648.13, 1380, 714972
1603669258, 0, 322, 385, 262, 32, 2.11%, 1, 0, 6, 648.51, 1380, 721523
1603669263, 0, 322, 386, 263, 32, 2.11%, 1, 0, 6, 646.45, 1380, 724771
1603669268, 0, 322, 387, 264, 32, 2.11%, 1, 0, 6, 642.54, 1380, 728055
1603669273, 0, 322, 388, 265, 32, 2.11%, 1, 0, 6, 654.50, 1380, 731404
1603669288, 0, 322, 389, 266, 32, 2.11%, 1, 0, 6, 664.53, 1381, 741526
1603669293, 0, 323, 389, 265, 32, 2.11%, 1, 0, 6, 661.65, 1381, 744910
1603669298, 0, 324, 389, 264, 31, 2.11%, 1, 0, 6, 656.85, 1381, 748265
1603669304, 0, 324, 391, 266, 31, 2.11%, 1, 0, 6, 659.03, 1381, 751687
1603669319, 0, 325, 391, 265, 30, 2.11%, 1, 0, 6, 648.71, 1381, 761658
1603669324, 0, 325, 392, 266, 30, 2.11%, 1, 0, 6, 656.82, 1381, 765020
1603669329, 0, 330, 392, 265, 29, 2.11%, 1, 0, 6, 659.99, 1381, 768421
1603669334, 0, 340, 392, 264, 28, 2.11%, 1, 0, 6, 660.97, 1381, 771823
1603669339, 0, 340, 393, 265, 28, 2.11%, 1, 0, 6, 639.95, 1381, 775036
1603669345, 0, 340, 394, 266, 28, 2.11%, 1, 0, 6, 643.79, 1381, 778344
1603669350, 0, 340, 395, 267, 28, 2.11%, 1, 0, 6, 654.82, 1381, 781643
1603669355, 0, 340, 396, 268, 28, 2.11%, 1, 0, 6, 658.09, 1381, 785057
1603669380, 0, 341, 396, 267, 27, 2.11%, 1, 0, 6, 635.75, 1381, 801497
1603669385, 0, 342, 396, 266, 26, 2.11%, 1, 0, 6, 646.94, 1381, 804832
1603669391, 0, 343, 396, 265, 25, 2.11%, 1, 0, 6, 659.07, 1381, 808263
1603669396, 0, 344, 397, 265, 24, 2.12%, 1, 0, 6, 658.01, 1392, 811646
1603669406, 0, 344, 399, 267, 24, 2.12%, 1, 0, 6, 642.74, 1392, 818306
1603669411, 0, 344, 401, 269, 24, 2.12%, 1, 0, 6, 631.63, 1392, 821586
1603669432, 0, 344, 402, 270, 24, 2.13%, 1, 0, 6, 652.39, 1393, 835083
1603669442, 0, 344, 403, 271, 24, 2.13%, 1, 0, 6, 656.94, 1393, 841838
1603669452, 0, 344, 404, 272, 24, 2.13%, 1, 0, 6, 635.40, 1393, 848426
1603669457, 0, 346, 405, 272, 24, 2.13%, 1, 0, 6, 644.66, 1393, 851717
1603669462, 0, 347, 405, 271, 23, 2.13%, 1, 0, 6, 660.66, 1393, 855072
1603669468, 0, 348, 405, 270, 22, 2.13%, 1, 0, 6, 660.33, 1393, 858454
1603669473, 0, 348, 406, 271, 22, 2.13%, 1, 0, 6, 660.24, 1393, 861865
1603669478, 0, 350, 406, 270, 21, 2.13%, 1, 0, 6, 648.05, 1393, 865180
1603669483, 0, 351, 406, 269, 20, 2.13%, 1, 0, 6, 641.66, 1393, 868474
1603669488, 0, 351, 407, 270, 20, 2.13%, 1, 0, 6, 653.30, 1393, 871860
1603669493, 0, 351, 408, 271, 20, 2.13%, 1, 0, 6, 662.30, 1393, 875287
1603669504, 0, 356, 408, 270, 19, 2.13%, 1, 0, 6, 657.29, 1393, 882053
1603669509, 0, 358, 408, 269, 18, 2.13%, 1, 0, 6, 659.07, 1393, 885444
1603669514, 0, 360, 408, 268, 17, 2.13%, 1, 0, 6, 655.07, 1393, 888761
1603669519, 0, 362, 408, 267, 16, 2.13%, 1, 0, 6, 655.12, 1393, 892134
1603669524, 0, 364, 408, 266, 15, 2.13%, 1, 0, 6, 638.01, 1393, 895308
1603669529, 0, 367, 408, 265, 14, 2.13%, 1, 0, 6, 646.76, 1393, 898618
1603669539, 0, 369, 411, 267, 13, 2.13%, 1, 0, 6, 654.76, 1393, 905368
1603669549, 0, 369, 412, 268, 13, 2.13%, 1, 0, 6, 648.05, 1393, 911879
1603669570, 0, 369, 413, 269, 13, 2.13%, 1, 0, 6, 647.34, 1393, 925303
1603669575, 0, 380, 414, 269, 12, 2.13%, 1, 0, 6, 644.53, 1393, 928601
1603669580, 0, 380, 418, 273, 12, 2.13%, 1, 0, 6, 651.40, 1393, 931920
1603669585, 0, 380, 420, 275, 12, 2.13%, 1, 0, 6, 660.20, 1393, 935342
1603669591, 0, 380, 422, 277, 12, 2.13%, 1, 0, 6, 643.79, 1393, 938623
1603669596, 0, 380, 423, 278, 12, 2.13%, 1, 0, 6, 643.20, 1393, 941931
1603669601, 0, 380, 424, 279, 12, 2.13%, 1, 0, 6, 653.97, 1393, 945215
1603669606, 0, 380, 425, 280, 12, 2.13%, 1, 0, 6, 659.11, 1393, 948577
1603669611, 0, 380, 426, 281, 12, 2.13%, 1, 0, 6, 661.37, 1393, 951978
1603669616, 0, 381, 426, 280, 12, 2.13%, 1, 0, 6, 657.88, 1393, 955378
1603669621, 0, 381, 429, 283, 12, 2.14%, 1, 0, 6, 656.30, 1401, 958748
1603669631, 0, 381, 430, 284, 12, 2.22%, 1, 0, 6, 637.29, 1453, 965296
1603669647, 0, 382, 430, 283, 14, 2.22%, 1, 0, 6, 658.90, 1453, 975465
1603669652, 0, 383, 431, 283, 13, 2.22%, 1, 0, 7, 656.64, 1454, 978835
1603669662, 0, 384, 435, 286, 12, 2.22%, 1, 0, 7, 654.78, 1457, 985545
1603669672, 0, 389, 436, 286, 12, 2.22%, 1, 0, 7, 655.92, 1457, 992197
1603669677, 0, 396, 436, 285, 11, 2.22%, 1, 0, 7, 669.58, 1457, 995626
1603669682, 0, 396, 437, 286, 11, 2.23%, 1, 0, 7, 660.45, 1460, 998956
1603669693, 0, 398, 439, 287, 11, 2.23%, 1, 0, 7, 663.61, 1460, 1005670
1603669698, 0, 398, 443, 291, 11, 2.23%, 1, 0, 7, 665.96, 1460, 1009077
1603669703, 0, 398, 444, 292, 11, 2.23%, 1, 0, 7, 656.13, 1460, 1012374
1603669713, 0, 398, 445, 293, 11, 2.23%, 1, 0, 7, 656.05, 1460, 1019025
1603669749, 0, 416, 445, 292, 11, 2.23%, 1, 0, 7, 658.09, 1460, 1042481
1603669754, 0, 426, 445, 291, 10, 2.23%, 1, 0, 7, 656.81, 1460, 1045828
1603669759, 0, 426, 452, 298, 10, 2.24%, 1, 0, 7, 657.54, 1469, 1049186
1603669764, 0, 426, 453, 299, 10, 2.24%, 1, 0, 7, 641.60, 1470, 1052407
1603669769, 0, 426, 454, 300, 10, 2.24%, 1, 0, 7, 639.31, 1470, 1055679
1603669774, 0, 426, 455, 301, 10, 2.25%, 1, 0, 7, 657.06, 1474, 1058986
1603669779, 0, 426, 456, 302, 10, 2.25%, 1, 0, 7, 670.82, 1474, 1062413
1603669805, 0, 427, 456, 301, 14, 2.25%, 1, 0, 7, 656.34, 1474, 1079291
1603669815, 0, 429, 457, 301, 13, 2.26%, 1, 0, 7, 654.00, 1478, 1086029
1603669820, 0, 433, 457, 300, 13, 2.26%, 1, 0, 7, 653.85, 1478, 1089340
1603669825, 0, 433, 458, 301, 13, 2.26%, 1, 0, 8, 657.68, 1478, 1092699
1603669830, 0, 433, 459, 302, 13, 2.26%, 1, 0, 8, 660.60, 1478, 1096100
1603669835, 0, 436, 459, 301, 12, 2.26%, 1, 0, 8, 655.69, 1478, 1099450
1603669841, 0, 436, 460, 302, 12, 2.26%, 1, 0, 8, 658.06, 1481, 1102838
1603669846, 0, 436, 461, 303, 12, 2.26%, 1, 0, 8, 663.76, 1481, 1106227
1603669851, 0, 438, 462, 303, 12, 2.26%, 1, 0, 8, 653.28, 1481, 1109546
1603669861, 0, 438, 465, 306, 12, 2.26%, 1, 0, 8, 658.28, 1481, 1116222
1603669876, 0, 438, 467, 308, 12, 2.27%, 1, 0, 8, 647.07, 1485, 1126215
1603669897, 0, 443, 468, 308, 12, 2.27%, 1, 0, 8, 645.69, 1485, 1139594
1603669902, 0, 443, 469, 309, 12, 2.27%, 1, 0, 8, 654.14, 1485, 1142906
1603669907, 0, 449, 469, 308, 12, 2.27%, 1, 0, 8, 657.09, 1485, 1146254
1603669917, 0, 449, 470, 309, 12, 2.27%, 1, 0, 8, 659.58, 1486, 1153022
1603669922, 0, 450, 471, 309, 12, 2.27%, 1, 0, 8, 654.56, 1486, 1156328
1603669927, 0, 450, 472, 310, 12, 2.27%, 1, 0, 8, 652.84, 1486, 1159651
1603669932, 0, 451, 472, 309, 11, 2.27%, 1, 0, 8, 658.27, 1486, 1163049
1603669943, 0, 452, 473, 309, 10, 2.28%, 1, 0, 8, 654.72, 1491, 1169695
1603669948, 0, 452, 474, 310, 10, 2.28%, 1, 0, 8, 638.59, 1491, 1172912
1603669953, 0, 454, 474, 309, 10, 2.28%, 1, 0, 8, 641.68, 1491, 1176218
1603669958, 0, 454, 476, 311, 10, 2.28%, 1, 0, 8, 650.64, 1493, 1179588
1603669968, 0, 456, 476, 310, 10, 2.28%, 1, 0, 8, 658.00, 1493, 1186233
1603669973, 0, 459, 476, 309, 9, 2.28%, 1, 0, 8, 648.28, 1493, 1189527
1603669983, 0, 459, 477, 310, 9, 2.28%, 1, 0, 9, 657.94, 1493, 1196242
1603669994, 0, 465, 479, 311, 9, 2.28%, 1, 0, 9, 655.76, 1497, 1202870
1603669999, 0, 465, 480, 312, 9, 2.28%, 1, 0, 9, 655.96, 1497, 1206148
1603670004, 0, 465, 483, 315, 9, 2.29%, 1, 0, 9, 652.24, 1499, 1209543
1603670019, 0, 465, 484, 316, 9, 2.29%, 1, 0, 9, 653.82, 1499, 1219509
1603670035, 0, 465, 485, 317, 9, 2.29%, 1, 0, 9, 659.82, 1499, 1229618
1603670040, 0, 469, 485, 316, 10, 2.29%, 1, 0, 9, 649.41, 1499, 1232873
1603670060, 0, 472, 485, 315, 9, 2.29%, 1, 0, 9, 651.26, 1499, 1246160
1603670065, 0, 472, 487, 317, 9, 2.29%, 1, 0, 9, 651.12, 1499, 1249428
1603670081, 0, 472, 488, 318, 9, 2.29%, 1, 0, 9, 656.80, 1499, 1259628
1603670091, 0, 475, 488, 317, 8, 2.29%, 1, 0, 9, 662.13, 1499, 1266437
1603670106, 0, 476, 488, 316, 7, 2.29%, 1, 0, 9, 657.05, 1499, 1276368
1603670111, 0, 476, 489, 317, 7, 2.29%, 1, 0, 10, 652.95, 1499, 1279682
1603670121, 0, 478, 489, 316, 6, 2.29%, 1, 0, 10, 655.84, 1499, 1286286
1603670137, 0, 480, 489, 315, 5, 2.29%, 1, 0, 10, 660.90, 1499, 1296271
1603670147, 1, 20, 489, 314, 4, 2.29%, 1, 0, 10, 657.20, 1499, 1302953
1603670152, 1, 62, 490, 314, 3, 2.29%, 1, 0, 10, 652.17, 1499, 1306243
1603670157, 1, 65, 490, 313, 2, 2.29%, 1, 0, 10, 647.40, 1499, 1309604
1603670162, 1, 65, 491, 314, 2, 2.29%, 1, 0, 10, 651.81, 1501, 1312933
1603670167, 1, 96, 492, 314, 2, 2.29%, 2, 0, 10, 644.15, 1501, 1316261
1603670172, 1, 96, 493, 315, 2, 2.29%, 2, 0, 10, 641.33, 1501, 1319563
1603670177, 1, 96, 494, 316, 2, 2.29%, 2, 0, 10, 649.52, 1501, 1322883
1603670183, 1, 98, 494, 315, 2, 2.29%, 2, 0, 10, 652.31, 1501, 1326253
1603670188, 1, 117, 494, 314, 2, 2.29%, 2, 0, 10, 663.43, 1501, 1329665
1603670193, 1, 189, 494, 312, 1, 2.29%, 2, 0, 10, 660.50, 1501, 1333040
1603670198, 1, 189, 495, 313, 1, 2.29%, 2, 0, 10, 644.94, 1501, 1336337
1603670203, 1, 265, 495, 312, 1, 2.29%, 2, 0, 10, 637.48, 1501, 1339625
1603670208, 1, 270, 495, 311, 0, 2.29%, 2, 0, 10, 650.03, 1501, 1342976
1603670213, 1, 271, 496, 311, 0, 2.29%, 2, 0, 10, 655.86, 1501, 1346359
1603670218, 1, 271, 497, 312, 0, 2.29%, 2, 0, 10, 656.60, 1501, 1349669
1603670224, 1, 275, 498, 312, 0, 2.29%, 2, 0, 10, 662.74, 1502, 1353072
1603670229, 1, 277, 498, 311, 0, 2.29%, 2, 0, 10, 657.06, 1502, 1356450
1603670234, 1, 278, 498, 311, 0, 2.29%, 2, 0, 10, 640.54, 1502, 1359745
1603670239, 1, 286, 499, 311, 0, 2.29%, 2, 0, 10, 654.87, 1502, 1363150
1603670244, 1, 287, 499, 310, 0, 2.29%, 2, 0, 10, 668.75, 1502, 1366554
1603670249, 1, 289, 499, 309, 0, 2.29%, 2, 0, 10, 663.83, 1502, 1369935
1603670254, 1, 289, 501, 311, 0, 2.29%, 2, 0, 10, 665.16, 1503, 1373341
1603670260, 1, 295, 501, 310, 0, 2.29%, 2, 0, 10, 653.37, 1503, 1376652
1603670265, 1, 299, 501, 309, 0, 2.29%, 2, 0, 10, 652.45, 1503, 1379939
1603670270, 1, 301, 501, 309, 0, 2.29%, 2, 0, 10, 656.39, 1503, 1383296
1603670275, 1, 311, 501, 308, 0, 2.29%, 2, 0, 10, 659.38, 1503, 1386692
1603670280, 1, 314, 501, 307, 0, 2.29%, 2, 0, 10, 657.45, 1503, 1390058
1603670295, 1, 315, 501, 306, 0, 2.29%, 2, 0, 10, 650.58, 1503, 1400094
1603670311, 1, 315, 502, 307, 0, 2.29%, 2, 0, 10, 634.95, 1503, 1409955
1603670321, 1, 318, 502, 306, 0, 2.29%, 2, 0, 10, 640.30, 1503, 1416594
1603670326, 1, 320, 504, 307, 0, 2.29%, 2, 0, 10, 650.29, 1503, 1419934
1603670331, 1, 363, 504, 306, 1, 2.29%, 2, 0, 10, 649.80, 1503, 1423254
1603670341, 1, 363, 506, 308, 1, 2.29%, 2, 0, 10, 641.04, 1503, 1429867
1603670352, 1, 502, 507, 308, 1, 2.29%, 2, 0, 10, 646.95, 1503, 1436447
1603670367, 1, 506, 507, 307, 1, 2.29%, 2, 0, 10, 648.56, 1503, 1446403
1603670378, 2, 7, 508, 307, 0, 2.29%, 2, 0, 10, 639.41, 1503, 1453017
1603670383, 2, 8, 509, 307, 0, 2.29%, 2, 0, 10, 641.56, 1503, 1456312
1603670388, 2, 15, 509, 306, 0, 2.29%, 2, 0, 10, 651.65, 1503, 1459662
1603670393, 2, 18, 509, 305, 0, 2.29%, 2, 0, 10, 648.41, 1503, 1463017
1603670398, 2, 28, 509, 304, 0, 2.29%, 2, 0, 10, 658.39, 1503, 1466347
1603670403, 2, 31, 509, 303, 0, 2.29%, 2, 0, 10, 659.36, 1503, 1469764
1603670408, 2, 34, 509, 302, 0, 2.29%, 2, 0, 10, 661.10, 1503, 1473121
1603670413, 2, 44, 509, 301, 0, 2.29%, 2, 0, 10, 654.04, 1503, 1476429
1603670418, 2, 49, 509, 300, 0, 2.29%, 2, 0, 10, 639.32, 1503, 1479605
1603670423, 2, 53, 509, 299, 0, 2.29%, 2, 0, 10, 649.15, 1503, 1482926
1603670429, 2, 58, 509, 298, 0, 2.29%, 2, 0, 10, 645.57, 1503, 1486264
1603670434, 2, 61, 509, 297, 0, 2.29%, 2, 0, 10, 652.70, 1503, 1489662
1603670439, 2, 67, 509, 296, 0, 2.29%, 2, 0, 10, 657.80, 1503, 1493021
1603670444, 2, 70, 509, 295, 0, 2.29%, 2, 0, 10, 638.96, 1503, 1496240
1603670449, 2, 71, 509, 294, 0, 2.29%, 2, 0, 10, 640.20, 1503, 1499561
1603670454, 2, 73, 510, 294, 0, 2.29%, 2, 0, 10, 647.22, 1504, 1502921
1603670459, 2, 77, 510, 293, 0, 2.29%, 2, 0, 10, 648.53, 1504, 1506260
1603670464, 2, 364, 511, 293, 1, 2.30%, 2, 0, 10, 635.51, 1504, 1509424
1603670470, 2, 467, 511, 293, 1, 2.30%, 2, 0, 10, 643.81, 1504, 1512744
1603670480, 2, 510, 511, 292, 1, 2.30%, 2, 0, 10, 541.29, 1504, 1518791
1603670485, 2, 510, 514, 295, 1, 2.30%, 2, 0, 10, 429.36, 1509, 1520883
1603670495, 2, 510, 516, 297, 1, 2.30%, 2, 0, 10, 454.60, 1509, 1525094
1603670536, 2, 510, 517, 298, 1, 2.31%, 2, 0, 10, 534.65, 1510, 1543175
1603670608, 2, 510, 518, 299, 1, 2.31%, 2, 0, 10, 306.73, 1511, 1570153
1603670750, 2, 511, 519, 299, 2, 2.31%, 2, 0, 10, 464.92, 1512, 1627224
1603670791, 2, 511, 520, 300, 2, 2.31%, 2, 0, 10, 532.89, 1513, 1648627
1603670796, 2, 511, 521, 301, 2, 2.31%, 2, 0, 10, 503.70, 1517, 1651175
1603670848, 2, 511, 522, 302, 2, 2.32%, 2, 0, 10, 518.11, 1518, 1676430
1603670935, 2, 511, 524, 304, 2, 2.32%, 2, 0, 10, 576.10, 1518, 1721186
1603670950, 2, 520, 524, 303, 2, 2.32%, 2, 0, 10, 585.53, 1518, 1730189
1603671027, 2, 520, 525, 304, 2, 2.32%, 2, 0, 10, 613.08, 1518, 1772734
1603671032, 2, 523, 525, 303, 1, 2.32%, 3, 0, 10, 109.21, 1518, 1775370
1603671098, 2, 523, 526, 304, 1, 2.32%, 3, 0, 10, 163.57, 1518, 1790819
1603671118, 2, 523, 527, 305, 1, 2.32%, 3, 0, 10, 145.10, 1518, 1793854
1603671160, 2, 523, 528, 306, 1, 2.32%, 3, 0, 10, 145.08, 1518, 1799822
1603671231, 2, 523, 529, 307, 1, 2.32%, 3, 0, 10, 141.28, 1518, 1810130
1603672350, 2, 523, 530, 308, 1, 2.32%, 3, 0, 10, 304.86, 1519, 2008609
1603672636, 2, 523, 531, 309, 1, 2.32%, 3, 0, 10, 158.72, 1520, 2067530
1603672881, 2, 523, 532, 310, 1, 2.32%, 3, 0, 10, 144.00, 1520, 2103441
1603675154, 2, 523, 533, 311, 1, 2.32%, 3, 0, 10, 209.36, 1521, 2454068
1603676330, 2, 523, 534, 312, 1, 2.32%, 3, 0, 10, 451.62, 1522, 2635654
1603678383, 2, 523, 535, 313, 1, 2.32%, 3, 0, 10, 182.66, 1522, 2956820
1603678393, 2, 525, 535, 312, 1, 2.32%, 3, 0, 10, 185.63, 1522, 2959243
1603679212, 2, 525, 536, 313, 1, 2.32%, 3, 0, 10, 158.41, 1523, 3104465
1603679560, 2, 525, 537, 314, 1, 2.33%, 3, 0, 10, 396.58, 1524, 3173864
1603685135, 2, 536, 537, 313, 1, 2.33%, 3, 0, 10, 296.27, 1524, 4141689
1603685151, 2, 536, 538, 314, 1, 2.33%, 3, 0, 10, 431.35, 1525, 4148742
1603685400, 2, 536, 539, 315, 1, 2.33%, 3, 0, 10, 418.29, 1526, 4256174
1603685447, 2, 536, 540, 316, 1, 2.33%, 3, 0, 10, 426.23, 1526, 4276293
1603685661, 2, 536, 541, 317, 1, 2.33%, 3, 0, 10, 411.92, 1526, 4371095
1603687983, 2, 538, 541, 316, 1, 2.33%, 3, 0, 10, 444.37, 1526, 5320618
1603689983, 2, 538, 542, 317, 1, 2.33%, 3, 0, 10, 412.37, 1526, 6141167
1603690508, 2, 538, 543, 318, 1, 2.33%, 3, 0, 10, 396.54, 1526, 6354039
1603690909, 3, 5, 543, 316, 0, 2.33%, 3, 0, 10, 564.34, 1526, 6515466
1603690914, 3, 9, 543, 315, 0, 2.33%, 3, 0, 10, 616.68, 1526, 6518642
1603690919, 3, 10, 543, 314, 0, 2.33%, 3, 0, 10, 640.31, 1526, 6521964
1603690924, 3, 13, 543, 312, 0, 2.33%, 3, 0, 10, 651.53, 1526, 6525362
1603690929, 3, 22, 543, 311, 0, 2.33%, 3, 0, 10, 642.80, 1526, 6528568
1603690935, 3, 23, 543, 310, 0, 2.33%, 3, 0, 10, 630.03, 1526, 6531746
1603690940, 3, 24, 543, 310, 0, 2.33%, 3, 0, 10, 639.64, 1526, 6534953
1603690945, 3, 30, 543, 308, 0, 2.33%, 3, 0, 10, 651.85, 1526, 6538234
1603690950, 3, 45, 543, 307, 0, 2.33%, 3, 0, 10, 655.37, 1526, 6541575
1603690955, 3, 54, 543, 306, 0, 2.33%, 3, 0, 10, 660.77, 1526, 6544975
1603690960, 3, 57, 543, 305, 0, 2.33%, 3, 0, 10, 636.99, 1526, 6548216
1603690965, 3, 57, 544, 306, 0, 2.33%, 3, 0, 10, 643.82, 1526, 6551541
1603690970, 3, 60, 544, 305, 0, 2.33%, 3, 0, 10, 649.57, 1526, 6554900
1603690975, 3, 68, 544, 304, 0, 2.33%, 3, 0, 10, 660.55, 1526, 6558270
1603690980, 3, 79, 544, 303, 0, 2.33%, 3, 0, 10, 662.33, 1526, 6561608
1603690985, 3, 91, 544, 302, 0, 2.33%, 3, 0, 10, 659.11, 1526, 6564954
1603690991, 3, 94, 545, 302, 0, 2.33%, 3, 0, 10, 640.67, 1526, 6568272
1603690996, 3, 112, 545, 301, 0, 2.33%, 3, 0, 10, 647.59, 1526, 6571600
1603691001, 3, 128, 545, 300, 0, 2.33%, 3, 0, 10, 644.27, 1526, 6574847
1603691006, 3, 136, 545, 299, 0, 2.33%, 3, 0, 10, 647.95, 1526, 6578192
1603691011, 3, 140, 545, 298, 0, 2.33%, 3, 0, 10, 650.93, 1526, 6581571
1603691016, 3, 143, 545, 297, 0, 2.33%, 3, 0, 10, 640.74, 1526, 6584843
1603691021, 3, 153, 545, 296, 0, 2.33%, 3, 0, 10, 654.23, 1526, 6588151
1603691026, 3, 156, 545, 295, 0, 2.33%, 3, 0, 10, 661.18, 1526, 6591543
1603691031, 3, 159, 545, 294, 0, 2.33%, 3, 0, 10, 656.18, 1526, 6594903
1603691037, 3, 165, 545, 293, 0, 2.33%, 3, 0, 10, 657.23, 1526, 6598284
1603691042, 3, 169, 545, 293, 0, 2.33%, 3, 0, 10, 640.01, 1526, 6601511
1603691047, 3, 175, 545, 292, 0, 2.33%, 3, 0, 10, 639.71, 1526, 6604815
1603691052, 3, 182, 545, 291, 0, 2.33%, 3, 0, 10, 654.92, 1526, 6608219
1603691057, 3, 183, 545, 290, 0, 2.33%, 3, 0, 10, 657.35, 1526, 6611605
1603691062, 3, 183, 546, 291, 0, 2.33%, 3, 0, 10, 639.29, 1526, 6614791
1603691067, 3, 188, 547, 291, 0, 2.33%, 3, 0, 10, 635.88, 1526, 6618109
1603691072, 3, 202, 547, 290, 0, 2.33%, 3, 0, 10, 649.60, 1526, 6621382
1603691077, 3, 210, 547, 289, 0, 2.33%, 3, 0, 10, 654.97, 1526, 6624733
1603691083, 3, 220, 547, 288, 0, 2.33%, 3, 0, 10, 659.10, 1526, 6628123
1603691093, 3, 222, 547, 287, 0, 2.33%, 3, 0, 10, 655.16, 1526, 6634831
1603691098, 3, 237, 548, 287, 0, 2.33%, 3, 0, 10, 636.39, 1526, 6638019
1603691103, 3, 254, 548, 287, 0, 2.33%, 3, 0, 10, 641.55, 1526, 6641343
1603691108, 3, 261, 548, 287, 0, 2.33%, 3, 0, 10, 651.98, 1526, 6644621
1603691118, 3, 276, 548, 286, 0, 2.33%, 3, 0, 10, 657.77, 1526, 6651260
1603691123, 3, 290, 549, 287, 0, 2.33%, 3, 0, 10, 656.04, 1526, 6654553
1603691128, 3, 291, 549, 286, 0, 2.33%, 3, 0, 10, 655.73, 1526, 6657875
1603691133, 3, 303, 549, 285, 0, 2.33%, 3, 0, 10, 659.03, 1526, 6661219
1603691149, 3, 307, 549, 284, 0, 2.33%, 3, 0, 10, 642.72, 1526, 6671056
1603691154, 3, 310, 549, 283, 0, 2.33%, 3, 0, 10, 637.80, 1526, 6674330
1603691159, 3, 334, 550, 284, 1, 2.33%, 3, 0, 10, 614.29, 1530, 6677456
1603691169, 3, 334, 552, 286, 1, 2.34%, 3, 0, 10, 635.92, 1530, 6683907
1603691174, 3, 334, 553, 287, 1, 2.34%, 3, 0, 10, 626.27, 1530, 6686987
1603691205, 3, 487, 553, 286, 1, 2.34%, 3, 0, 10, 626.64, 1531, 6706178
1603691210, 3, 487, 555, 288, 1, 2.34%, 3, 0, 10, 635.54, 1531, 6709461
1603691215, 3, 487, 559, 292, 1, 2.34%, 3, 0, 10, 628.49, 1532, 6712709
1603691220, 3, 487, 560, 293, 1, 2.35%, 3, 0, 10, 619.13, 1538, 6715849
1603691225, 3, 487, 565, 298, 1, 2.35%, 3, 0, 10, 620.13, 1543, 6718993
1603691230, 3, 487, 566, 299, 1, 2.36%, 3, 0, 10, 626.49, 1544, 6722157
1603691240, 3, 504, 566, 298, 4, 2.36%, 3, 0, 10, 635.30, 1544, 6728619
1603691246, 3, 504, 567, 299, 4, 2.36%, 3, 0, 10, 622.18, 1544, 6731780
1603691251, 3, 504, 568, 300, 4, 2.36%, 3, 0, 10, 632.07, 1544, 6734960
1603691256, 3, 504, 568, 300, 4, 2.36%, 4, 0, 10, 643.41, 1544, 6738248
1603691266, 3, 549, 568, 299, 4, 2.36%, 4, 0, 10, 628.92, 1544, 6744680
1603691271, 3, 558, 568, 298, 3, 2.36%, 4, 0, 10, 628.66, 1544, 6747857
1603691276, 3, 558, 569, 299, 3, 2.37%, 4, 0, 11, 630.98, 1550, 6751117
1603691281, 3, 558, 570, 300, 3, 2.37%, 4, 0, 11, 635.36, 1551, 6754421
1603691302, 3, 558, 571, 301, 3, 2.37%, 4, 0, 11, 655.39, 1556, 6767623
1603691307, 3, 562, 571, 300, 4, 2.37%, 4, 0, 11, 645.05, 1556, 6770848
1603691322, 3, 565, 571, 299, 3, 2.37%, 4, 0, 11, 644.64, 1556, 6780570
1603691332, 3, 565, 572, 300, 3, 2.38%, 4, 0, 11, 621.68, 1557, 6787001
1603691348, 3, 565, 572, 300, 3, 2.38%, 5, 0, 11, 637.34, 1557, 6796745
1603691353, 3, 568, 573, 300, 3, 2.38%, 5, 0, 12, 634.17, 1557, 6800011
1603691373, 3, 571, 573, 299, 2, 2.38%, 5, 0, 12, 606.73, 1557, 6812930
1603691399, 3, 571, 574, 300, 2, 2.38%, 5, 0, 12, 598.58, 1558, 6828274
1603691700, 3, 572, 574, 299, 1, 2.38%, 5, 0, 12, 616.70, 1558, 7012366
1603691705, 3, 572, 575, 300, 1, 2.42%, 5, 0, 13, 632.98, 1583, 7015658
1603691710, 3, 572, 577, 302, 1, 2.42%, 5, 0, 13, 646.30, 1584, 7018986
1603691731, 3, 572, 578, 303, 1, 2.42%, 5, 0, 13, 636.14, 1585, 7032038
1603691736, 3, 574, 578, 302, 4, 2.42%, 5, 0, 13, 639.72, 1585, 7035346
1603691741, 3, 574, 579, 303, 4, 2.42%, 5, 0, 14, 646.78, 1585, 7038666
1603691752, 3, 574, 581, 305, 4, 2.42%, 5, 0, 14, 634.65, 1587, 7045126
1603691757, 3, 574, 582, 306, 4, 2.42%, 5, 0, 14, 644.53, 1587, 7048434
1603691767, 3, 577, 582, 305, 2, 2.42%, 5, 0, 14, 644.78, 1587, 7055037
1603691777, 3, 577, 583, 306, 2, 2.42%, 5, 0, 14, 626.16, 1588, 7061485
1603691798, 3, 581, 583, 305, 1, 2.42%, 5, 0, 14, 634.44, 1588, 7074585
1603691808, 3, 581, 584, 306, 1, 2.42%, 5, 0, 15, 639.63, 1588, 7081154
1603691818, 3, 581, 585, 307, 1, 2.44%, 5, 0, 15, 648.58, 1602, 7087786
1603691829, 3, 581, 587, 309, 1, 2.45%, 5, 0, 15, 643.29, 1604, 7094354
1603691839, 3, 581, 588, 310, 1, 2.45%, 5, 0, 15, 629.28, 1605, 7100682
1603691849, 3, 584, 588, 309, 2, 2.45%, 5, 0, 15, 631.84, 1605, 7107260
1603691854, 3, 584, 593, 314, 2, 2.47%, 5, 0, 16, 622.98, 1620, 7110433
1603691859, 3, 584, 597, 318, 2, 2.47%, 5, 0, 16, 625.64, 1620, 7113566
1603691864, 3, 584, 604, 325, 2, 2.47%, 5, 0, 16, 637.64, 1622, 7116826
1603691869, 3, 584, 605, 326, 2, 2.48%, 5, 0, 16, 640.86, 1624, 7120130
1603691880, 3, 584, 608, 329, 2, 2.48%, 5, 0, 16, 665.24, 1624, 7126863
1603691885, 3, 584, 610, 331, 2, 2.48%, 5, 0, 16, 673.50, 1624, 7130285
1603691890, 3, 584, 611, 332, 2, 2.48%, 5, 0, 16, 670.86, 1626, 7133712
1603691895, 3, 584, 612, 333, 2, 2.48%, 5, 0, 16, 654.36, 1626, 7137100
1603691900, 3, 588, 612, 332, 10, 2.48%, 5, 0, 16, 649.09, 1626, 7140360
1603691905, 3, 588, 613, 333, 10, 2.48%, 5, 0, 17, 649.19, 1626, 7143681
1603691926, 3, 588, 614, 334, 10, 2.48%, 5, 0, 17, 647.18, 1626, 7156978
1603691961, 3, 589, 614, 333, 9, 2.48%, 5, 0, 17, 631.01, 1626, 7179931
1603691967, 3, 589, 615, 334, 9, 2.48%, 5, 0, 17, 623.84, 1626, 7183084
1603691992, 3, 589, 616, 335, 9, 2.48%, 5, 0, 17, 640.01, 1626, 7199551
1603692008, 3, 589, 617, 336, 9, 2.48%, 5, 0, 17, 636.85, 1626, 7209183
1603692013, 3, 589, 618, 337, 9, 2.48%, 5, 0, 17, 636.96, 1626, 7212479
1603692018, 3, 590, 618, 336, 9, 2.48%, 5, 0, 17, 628.13, 1626, 7215637
1603692023, 3, 590, 619, 337, 9, 2.48%, 5, 0, 17, 633.55, 1626, 7218802
1603692033, 3, 590, 620, 338, 9, 2.48%, 5, 0, 17, 643.12, 1626, 7225259
1603692059, 3, 590, 621, 339, 9, 2.48%, 5, 0, 17, 637.36, 1626, 7241527
1603692069, 3, 591, 621, 338, 8, 2.48%, 5, 0, 17, 630.07, 1626, 7248119
1603692100, 3, 591, 622, 339, 8, 2.48%, 5, 0, 17, 634.00, 1627, 7267632
1603692110, 3, 591, 623, 340, 8, 2.48%, 5, 0, 17, 633.48, 1627, 7274192
1603692120, 3, 592, 623, 339, 8, 2.48%, 5, 0, 17, 625.94, 1627, 7280589
1603692125, 3, 592, 624, 340, 8, 2.48%, 5, 0, 17, 633.30, 1627, 7283886
1603692156, 3, 597, 624, 339, 7, 2.48%, 5, 0, 17, 576.93, 1627, 7303039
1603692202, 3, 597, 625, 340, 7, 2.48%, 5, 0, 17, 588.48, 1628, 7328425
1603692212, 3, 597, 626, 341, 7, 2.49%, 5, 0, 17, 522.80, 1629, 7334050
1603692223, 3, 597, 627, 342, 7, 2.49%, 5, 0, 17, 506.51, 1630, 7339270
1603692464, 3, 600, 628, 342, 6, 2.49%, 5, 0, 17, 544.55, 1631, 7477896
1603692500, 3, 600, 629, 343, 6, 2.49%, 5, 0, 17, 517.53, 1632, 7496254
1603692505, 3, 600, 630, 344, 6, 2.49%, 5, 0, 17, 526.87, 1633, 7498911
1603692883, 3, 600, 632, 346, 6, 2.49%, 5, 0, 17, 623.87, 1634, 7709905
1603692908, 3, 603, 632, 345, 6, 2.49%, 5, 0, 17, 626.95, 1634, 7725634
1603692944, 3, 603, 633, 346, 6, 2.49%, 5, 0, 17, 640.89, 1634, 7748209
1603692970, 3, 604, 633, 345, 5, 2.49%, 5, 0, 17, 629.89, 1634, 7764533
1603692995, 3, 610, 633, 344, 4, 2.49%, 5, 0, 17, 648.46, 1634, 7781315
1603693021, 3, 610, 635, 346, 4, 2.49%, 5, 0, 17, 658.60, 1634, 7797771
1603693031, 3, 610, 636, 347, 4, 2.49%, 5, 0, 17, 646.91, 1634, 7804416
1603693042, 3, 610, 637, 348, 4, 2.49%, 5, 0, 17, 636.38, 1634, 7811048
1603693057, 3, 614, 637, 347, 3, 2.49%, 5, 0, 17, 638.47, 1634, 7820926
1603693093, 3, 621, 637, 346, 2, 2.49%, 5, 0, 17, 646.70, 1634, 7843970
1603693103, 3, 621, 639, 348, 2, 2.49%, 5, 0, 18, 640.08, 1634, 7850499
1603693139, 3, 631, 640, 348, 1, 2.49%, 5, 0, 18, 596.70, 1635, 7873386
1603693863, 3, 631, 641, 349, 1, 2.49%, 5, 0, 18, 610.19, 1635, 8307067
1603693888, 3, 634, 641, 348, 0, 2.49%, 5, 0, 18, 620.42, 1635, 8322884
1603693934, 3, 634, 643, 350, 0, 2.50%, 5, 0, 18, 631.87, 1636, 8351998
1603693939, 3, 634, 644, 351, 0, 2.50%, 5, 0, 18, 638.62, 1636, 8355294
1603693944, 3, 634, 645, 352, 0, 2.50%, 5, 0, 18, 634.56, 1636, 8358589
1603693949, 3, 634, 646, 353, 0, 2.50%, 5, 0, 18, 637.47, 1636, 8361886
1603693960, 3, 634, 647, 354, 0, 2.50%, 5, 0, 18, 646.32, 1636, 8368494
1603693965, 3, 634, 648, 355, 0, 2.50%, 5, 0, 18, 643.00, 1636, 8371790
1603693975, 3, 636, 648, 354, 0, 2.50%, 5, 0, 18, 624.65, 1636, 8378257
1603694302, 3, 645, 648, 353, 0, 2.50%, 5, 0, 18, 620.46, 1636, 8578394
1603694389, 3, 645, 649, 354, 0, 2.50%, 5, 0, 19, 599.54, 1637, 8632572
1603694394, 3, 645, 652, 357, 0, 2.50%, 5, 0, 19, 607.34, 1637, 8635718
1603694404, 3, 645, 653, 358, 0, 2.50%, 5, 0, 19, 626.73, 1637, 8642242
1603694430, 3, 646, 653, 357, 0, 2.50%, 5, 0, 19, 638.40, 1637, 8658807
1603694588, 3, 646, 655, 359, 0, 2.50%, 5, 0, 19, 640.36, 1637, 8757361
1603694614, 3, 648, 655, 358, 0, 2.50%, 5, 0, 19, 620.61, 1637, 8773783
1603694726, 4, 29, 655, 357, 0, 2.50%, 5, 0, 19, 661.36, 1637, 8845839
1603694731, 4, 32, 655, 356, 0, 2.50%, 5, 0, 19, 662.47, 1637, 8849221
1603694736, 4, 33, 655, 355, 0, 2.50%, 5, 0, 19, 646.36, 1637, 8852481
1603694742, 4, 36, 655, 354, 0, 2.50%, 5, 0, 19, 648.04, 1637, 8855818
1603694747, 4, 41, 655, 353, 0, 2.50%, 5, 0, 19, 658.62, 1637, 8859175
1603694752, 4, 46, 655, 352, 0, 2.50%, 5, 0, 19, 655.78, 1637, 8862545
1603694757, 4, 50, 656, 352, 0, 2.50%, 5, 0, 19, 646.30, 1637, 8865786
1603694762, 4, 55, 656, 351, 0, 2.50%, 5, 0, 19, 648.61, 1637, 8869118
1603694767, 4, 56, 656, 350, 0, 2.50%, 5, 0, 19, 662.59, 1637, 8872510
1603694772, 4, 59, 656, 349, 0, 2.50%, 5, 0, 19, 661.09, 1637, 8875888
1603694777, 4, 69, 656, 348, 0, 2.50%, 5, 0, 19, 665.98, 1637, 8879270
1603694782, 4, 85, 656, 347, 0, 2.50%, 5, 0, 19, 665.16, 1637, 8882660
1603694787, 4, 92, 656, 346, 0, 2.50%, 5, 0, 19, 666.52, 1637, 8886032
1603694793, 4, 93, 656, 345, 0, 2.50%, 5, 0, 19, 662.57, 1637, 8889383
1603694798, 4, 99, 656, 345, 0, 2.50%, 5, 0, 19, 661.08, 1637, 8892780
1603694803, 4, 106, 656, 344, 0, 2.50%, 5, 0, 19, 665.30, 1637, 8896190
1603694808, 4, 121, 656, 343, 0, 2.50%, 5, 0, 19, 640.90, 1637, 8899453
1603694813, 4, 126, 656, 343, 0, 2.50%, 5, 0, 19, 638.00, 1637, 8902721
1603694823, 4, 129, 656, 341, 0, 2.50%, 5, 0, 19, 651.24, 1637, 8909365
1603694828, 4, 132, 656, 340, 0, 2.50%, 5, 0, 19, 643.96, 1637, 8912602
1603694833, 4, 135, 656, 339, 0, 2.50%, 5, 0, 19, 648.14, 1637, 8915954
1603694838, 4, 136, 656, 338, 0, 2.50%, 5, 0, 19, 653.26, 1637, 8919291
1603694843, 4, 141, 656, 337, 0, 2.50%, 5, 0, 19, 643.85, 1637, 8922553
1603694849, 4, 157, 656, 335, 0, 2.50%, 5, 0, 19, 639.26, 1637, 8925831
1603694854, 4, 162, 656, 334, 0, 2.50%, 5, 0, 19, 649.29, 1637, 8929147
1603694864, 4, 163, 656, 333, 0, 2.50%, 5, 0, 19, 662.63, 1637, 8935906
1603694869, 4, 166, 657, 333, 0, 2.50%, 5, 0, 19, 649.28, 1637, 8939176
1603694874, 4, 173, 657, 332, 0, 2.50%, 5, 0, 19, 636.44, 1637, 8942452
1603694879, 4, 186, 657, 331, 0, 2.50%, 5, 0, 19, 647.69, 1637, 8945791
1603694884, 4, 194, 657, 331, 0, 2.50%, 5, 0, 19, 643.10, 1637, 8949108
1603694890, 4, 216, 657, 330, 0, 2.50%, 5, 0, 19, 652.12, 1637, 8952487
1603694895, 4, 233, 657, 329, 0, 2.50%, 5, 0, 19, 659.00, 1637, 8955865
1603694900, 4, 234, 657, 328, 0, 2.50%, 5, 0, 19, 660.17, 1637, 8959236
1603694905, 4, 243, 657, 327, 0, 2.50%, 5, 0, 19, 657.60, 1637, 8962567
1603694915, 4, 247, 657, 326, 0, 2.50%, 5, 0, 19, 646.06, 1637, 8969050
1603694920, 4, 266, 657, 326, 0, 2.50%, 5, 0, 19, 648.32, 1637, 8972418
1603694925, 4, 276, 657, 325, 0, 2.50%, 5, 0, 19, 652.40, 1637, 8975684
1603694930, 4, 281, 657, 324, 0, 2.50%, 5, 0, 19, 662.08, 1637, 8979073
1603694935, 4, 283, 657, 323, 0, 2.50%, 5, 0, 19, 647.76, 1637, 8982359
1603694941, 4, 294, 657, 322, 0, 2.50%, 5, 0, 19, 643.67, 1637, 8985641
1603694946, 4, 317, 657, 322, 0, 2.50%, 5, 0, 19, 652.93, 1637, 8989047
1603694951, 4, 326, 657, 322, 0, 2.50%, 5, 0, 19, 662.36, 1637, 8992429
1603694956, 4, 326, 658, 323, 0, 2.50%, 5, 0, 19, 636.31, 1637, 8995676
1603694961, 4, 431, 658, 322, 1, 2.50%, 5, 0, 19, 638.27, 1637, 8998981
1603694971, 4, 431, 659, 323, 1, 2.50%, 5, 0, 19, 653.73, 1637, 9005688
1603694977, 4, 606, 659, 322, 1, 2.50%, 5, 0, 19, 658.40, 1637, 9009080
1603695033, 4, 657, 659, 321, 1, 2.50%, 5, 0, 19, 656.66, 1637, 9045363
1603695038, 4, 657, 660, 322, 1, 2.50%, 5, 0, 19, 649.47, 1637, 9048653
1603695043, 4, 657, 661, 323, 1, 2.50%, 5, 0, 19, 657.60, 1637, 9052020
1603695073, 5, 4, 661, 322, 0, 2.50%, 5, 0, 19, 660.44, 1637, 9072116
1603695078, 5, 37, 661, 321, 0, 2.50%, 5, 0, 19, 657.13, 1637, 9075446
1603695083, 5, 42, 661, 321, 0, 2.50%, 5, 0, 19, 656.80, 1637, 9078779
1603695089, 5, 86, 661, 320, 0, 2.50%, 5, 0, 19, 665.12, 1637, 9082139
1603695094, 5, 116, 661, 320, 0, 2.50%, 5, 0, 19, 663.57, 1637, 9085516
1603695099, 5, 124, 661, 319, 0, 2.50%, 5, 0, 19, 669.86, 1637, 9088919
1603695104, 5, 139, 661, 318, 0, 2.50%, 5, 0, 19, 661.67, 1637, 9092266
1603695109, 5, 170, 661, 317, 0, 2.50%, 5, 0, 19, 665.64, 1637, 9095653
1603695124, 5, 171, 661, 316, 0, 2.50%, 5, 0, 19, 649.56, 1637, 9105803
1603695129, 5, 180, 661, 315, 0, 2.50%, 5, 0, 19, 652.89, 1637, 9109098
1603695134, 5, 198, 661, 314, 0, 2.50%, 5, 0, 19, 651.22, 1637, 9112457
1603695140, 5, 199, 661, 313, 0, 2.50%, 5, 0, 19, 628.76, 1637, 9115658
1603695155, 5, 215, 661, 312, 0, 2.50%, 5, 0, 19, 648.03, 1637, 9125175
1603695160, 5, 217, 661, 311, 0, 2.50%, 5, 0, 19, 656.15, 1637, 9128521
1603695165, 5, 240, 661, 310, 0, 2.50%, 5, 0, 19, 655.36, 1637, 9131879
1603695170, 5, 252, 661, 310, 0, 2.50%, 5, 0, 19, 661.22, 1637, 9135269
1603695175, 5, 255, 661, 309, 0, 2.50%, 5, 0, 19, 644.29, 1637, 9138618
1603695180, 5, 274, 661, 309, 0, 2.50%, 5, 0, 19, 642.86, 1637, 9141923
1603695185, 5, 279, 661, 308, 0, 2.50%, 5, 0, 19, 654.83, 1637, 9145230
1603695191, 5, 291, 661, 307, 0, 2.50%, 5, 0, 19, 670.20, 1637, 9148637
1603695196, 5, 298, 665, 311, 0, 2.50%, 5, 0, 19, 669.02, 1637, 9152011
1603695201, 5, 298, 666, 312, 0, 2.50%, 5, 0, 19, 649.18, 1637, 9155271
1603695226, 5, 298, 667, 313, 0, 2.50%, 5, 0, 19, 647.89, 1637, 9171755
1603695236, 5, 317, 667, 312, 0, 2.50%, 5, 0, 19, 659.32, 1637, 9178470
1603695241, 5, 321, 667, 312, 0, 2.50%, 5, 0, 19, 654.90, 1637, 9181832
1603695246, 5, 335, 667, 311, 0, 2.50%, 5, 0, 19, 647.87, 1637, 9185095
1603695251, 5, 341, 667, 310, 0, 2.50%, 5, 0, 19, 651.86, 1637, 9188402
1603695257, 5, 351, 667, 310, 0, 2.50%, 5, 0, 19, 665.98, 1637, 9191784
1603695262, 5, 353, 667, 309, 0, 2.50%, 5, 0, 19, 668.52, 1637, 9195180
1603695277, 5, 357, 667, 308, 0, 2.50%, 5, 0, 19, 651.89, 1637, 9205204
1603695287, 5, 359, 668, 308, 0, 2.50%, 5, 0, 19, 645.60, 1637, 9211829
1603695292, 5, 359, 670, 310, 0, 2.50%, 5, 0, 19, 651.14, 1637, 9215145
1603695303, 5, 377, 670, 309, 1, 2.50%, 5, 0, 19, 633.06, 1637, 9221674
1603695308, 5, 425, 670, 308, 1, 2.50%, 5, 0, 19, 635.62, 1637, 9224957
1603695318, 5, 669, 670, 307, 1, 2.50%, 5, 0, 19, 650.27, 1637, 9231648
1603695333, 5, 669, 673, 310, 1, 2.50%, 5, 0, 19, 665.53, 1638, 9241773
1603695359, 5, 672, 675, 311, 1, 2.50%, 5, 0, 19, 624.77, 1639, 9258279
1603695405, 5, 672, 676, 312, 1, 2.50%, 5, 0, 19, 609.37, 1640, 9286646
1603695569, 6, 12, 676, 311, 0, 2.50%, 5, 0, 19, 658.22, 1640, 9389349
1603695574, 6, 16, 676, 310, 0, 2.50%, 5, 0, 19, 661.12, 1640, 9392738
1603695579, 6, 17, 676, 309, 0, 2.50%, 5, 0, 19, 657.30, 1640, 9396075
1603695584, 6, 39, 676, 308, 0, 2.50%, 5, 0, 19, 645.10, 1640, 9399293
1603695589, 6, 44, 676, 307, 0, 2.50%, 5, 0, 19, 652.42, 1640, 9402715
1603695595, 6, 48, 676, 306, 0, 2.50%, 5, 0, 19, 659.14, 1640, 9406125
1603695600, 6, 87, 676, 306, 0, 2.50%, 5, 0, 19, 652.69, 1640, 9409376
1603695605, 6, 121, 676, 306, 0, 2.50%, 5, 0, 19, 652.09, 1640, 9412689
1603695610, 6, 167, 677, 307, 0, 2.50%, 5, 0, 19, 636.66, 1640, 9415915
1603695615, 6, 190, 677, 307, 0, 2.50%, 5, 0, 19, 640.85, 1640, 9419235
1603695620, 6, 214, 677, 306, 0, 2.50%, 5, 0, 19, 645.79, 1640, 9422571
1603695625, 6, 227, 677, 305, 0, 2.50%, 5, 0, 19, 648.82, 1640, 9425895
1603695630, 6, 228, 677, 305, 0, 2.50%, 5, 0, 19, 658.72, 1640, 9429270
1603695635, 6, 229, 677, 304, 0, 2.50%, 5, 0, 19, 649.50, 1640, 9432557
1603695641, 6, 231, 677, 304, 0, 2.50%, 5, 0, 19, 652.39, 1640, 9435878
1603695646, 6, 249, 677, 303, 0, 2.50%, 5, 0, 19, 637.44, 1640, 9439079
1603695651, 6, 257, 677, 302, 0, 2.50%, 5, 0, 19, 641.63, 1640, 9442384
1603695661, 6, 267, 677, 301, 0, 2.50%, 5, 0, 19, 655.41, 1640, 9449150
1603695671, 6, 277, 677, 300, 0, 2.50%, 5, 0, 19, 635.86, 1640, 9455630
1603695676, 6, 292, 677, 300, 0, 2.50%, 5, 0, 19, 637.50, 1640, 9458935
1603695681, 6, 296, 677, 299, 0, 2.50%, 5, 0, 19, 648.81, 1640, 9462268
1603695687, 6, 302, 677, 298, 0, 2.50%, 5, 0, 19, 658.22, 1640, 9465611
1603695697, 6, 313, 677, 297, 0, 2.50%, 5, 0, 19, 640.66, 1640, 9472216
1603695702, 6, 317, 677, 296, 0, 2.50%, 5, 0, 19, 630.66, 1640, 9475495
1603695707, 6, 319, 678, 297, 0, 2.50%, 5, 0, 19, 638.88, 1640, 9478796
1603695717, 6, 328, 678, 296, 0, 2.50%, 5, 0, 19, 650.22, 1640, 9485395
1603695727, 6, 331, 678, 295, 0, 2.50%, 5, 0, 19, 655.97, 1640, 9492089
1603695738, 6, 332, 678, 294, 0, 2.50%, 5, 0, 19, 662.68, 1640, 9498836
1603695743, 6, 347, 678, 293, 0, 2.50%, 5, 0, 19, 655.94, 1640, 9502169
1603695748, 6, 349, 678, 293, 0, 2.50%, 5, 0, 19, 661.18, 1640, 9505552
1603695753, 6, 367, 678, 292, 0, 2.50%, 5, 0, 19, 665.08, 1640, 9508904
1603695758, 6, 381, 678, 291, 0, 2.50%, 5, 0, 19, 654.23, 1640, 9512258
1603695763, 6, 387, 678, 291, 0, 2.50%, 5, 0, 19, 667.46, 1640, 9515661
1603695768, 6, 387, 679, 292, 0, 2.50%, 5, 0, 19, 653.10, 1640, 9519048
1603695773, 6, 404, 679, 291, 0, 2.50%, 5, 0, 19, 653.83, 1640, 9522379
1603695779, 6, 406, 679, 290, 0, 2.50%, 5, 0, 19, 655.37, 1640, 9525735
1603695789, 6, 407, 679, 289, 0, 2.50%, 5, 0, 19, 641.17, 1640, 9532302
1603695804, 6, 409, 679, 288, 0, 2.50%, 5, 0, 19, 668.30, 1640, 9542475
1603695809, 6, 409, 680, 289, 0, 2.50%, 5, 0, 19, 650.99, 1640, 9545757
1603695814, 6, 409, 682, 291, 0, 2.50%, 5, 0, 19, 650.21, 1640, 9549042
1603695840, 6, 409, 683, 292, 0, 2.50%, 5, 0, 19, 657.66, 1640, 9566009
1603695845, 6, 413, 683, 291, 0, 2.50%, 5, 0, 19, 660.36, 1640, 9569413
1603695850, 6, 428, 683, 290, 0, 2.50%, 5, 0, 19, 667.26, 1640, 9572823
1603695855, 6, 429, 683, 289, 0, 2.50%, 5, 0, 19, 670.60, 1640, 9576227
1603695861, 6, 432, 683, 289, 0, 2.50%, 5, 0, 19, 664.82, 1640, 9579610
1603695866, 6, 433, 683, 288, 0, 2.50%, 5, 0, 19, 660.21, 1640, 9583033
1603695871, 6, 435, 683, 288, 0, 2.50%, 5, 0, 19, 647.17, 1640, 9586358
1603695876, 6, 441, 683, 287, 0, 2.50%, 5, 0, 19, 651.64, 1640, 9589609
1603695891, 6, 447, 683, 286, 0, 2.50%, 5, 0, 19, 663.36, 1640, 9599741
1603695896, 6, 457, 683, 285, 0, 2.50%, 5, 0, 19, 653.27, 1640, 9603061
1603695901, 6, 457, 685, 287, 0, 2.50%, 5, 0, 19, 649.24, 1640, 9606372
1603695912, 6, 457, 687, 289, 0, 2.50%, 5, 0, 19, 657.02, 1640, 9613152
1603695922, 6, 457, 688, 290, 0, 2.51%, 5, 0, 19, 655.96, 1644, 9619959
1603695927, 6, 457, 689, 291, 0, 2.51%, 5, 0, 19, 645.89, 1644, 9623276
1603695933, 6, 526, 689, 290, 1, 2.51%, 5, 0, 19, 407.68, 1644, 9625444
1603703189, 6, 526, 692, 293, 1, 2.51%, 5, 0, 19, 480.52, 1644, 10795102
1603703378, 6, 526, 693, 294, 1, 2.51%, 5, 0, 19, 168.51, 1645, 10842377
1603704632, 6, 549, 693, 293, 1, 2.51%, 5, 0, 19, 346.30, 1645, 11024828
1603704638, 6, 643, 693, 293, 1, 2.51%, 5, 0, 19, 543.85, 1645, 11027899
1603704765, 6, 643, 694, 294, 1, 2.51%, 5, 0, 19, 635.50, 1645, 11106698
1603704791, 6, 663, 694, 293, 1, 2.51%, 5, 0, 19, 641.14, 1645, 11123050
1603704802, 6, 687, 694, 292, 1, 2.51%, 5, 0, 19, 641.41, 1645, 11129682
1603704832, 6, 689, 694, 291, 0, 2.51%, 5, 0, 19, 581.48, 1645, 11148963
1603704868, 6, 689, 695, 292, 0, 2.51%, 5, 0, 19, 562.37, 1645, 11169243
1603705176, 6, 689, 696, 293, 0, 2.51%, 5, 0, 19, 571.17, 1645, 11340432
1603705635, 6, 695, 696, 292, 0, 2.51%, 5, 0, 19, 597.78, 1645, 11609557
1603706239, 6, 695, 697, 293, 0, 2.51%, 5, 0, 19, 596.92, 1645, 11967550
1603706244, 6, 695, 698, 294, 0, 2.51%, 5, 0, 19, 600.95, 1645, 11970673
1603706274, 6, 696, 698, 293, 0, 2.51%, 5, 0, 19, 603.00, 1645, 11989205
1603706290, 6, 696, 699, 294, 0, 2.51%, 5, 0, 19, 602.44, 1645, 11998317
1603706550, 6, 696, 700, 295, 0, 2.51%, 5, 0, 19, 606.02, 1645, 12157356
1603706571, 7, 3, 700, 294, 0, 2.51%, 5, 0, 19, 638.65, 1645, 12169949
1603706576, 7, 19, 700, 293, 0, 2.51%, 5, 0, 19, 652.87, 1645, 12173307
1603706581, 7, 66, 700, 292, 0, 2.51%, 5, 0, 19, 660.53, 1645, 12176686
1603706586, 7, 81, 700, 291, 0, 2.51%, 5, 0, 19, 659.91, 1645, 12180034
1603706591, 7, 105, 700, 291, 0, 2.51%, 5, 0, 19, 654.21, 1645, 12183391
1603706601, 7, 118, 700, 290, 0, 2.51%, 5, 0, 19, 640.67, 1645, 12189903
1603706607, 7, 145, 700, 288, 0, 2.51%, 5, 0, 19, 654.80, 1645, 12193310
1603706612, 7, 176, 700, 287, 0, 2.51%, 5, 0, 19, 670.35, 1645, 12196694
1603706617, 7, 213, 700, 287, 0, 2.51%, 5, 0, 19, 676.46, 1645, 12200189
1603706622, 7, 223, 700, 287, 0, 2.51%, 5, 0, 19, 676.56, 1645, 12203572
1603706627, 7, 236, 700, 286, 0, 2.51%, 5, 0, 19, 685.61, 1645, 12207125
1603706632, 7, 255, 700, 285, 0, 2.51%, 5, 0, 19, 683.38, 1645, 12210667
1603706637, 7, 283, 700, 285, 0, 2.51%, 5, 0, 19, 666.47, 1645, 12214012
1603706642, 7, 304, 700, 285, 0, 2.51%, 5, 0, 19, 673.58, 1645, 12217392
1603706647, 7, 310, 700, 284, 0, 2.51%, 5, 0, 19, 674.42, 1645, 12220796
1603706652, 7, 339, 700, 284, 0, 2.51%, 5, 0, 19, 674.39, 1645, 12224199
1603706662, 7, 348, 700, 283, 0, 2.51%, 5, 0, 19, 654.77, 1645, 12230923
1603706668, 7, 366, 700, 283, 0, 2.51%, 5, 0, 19, 666.05, 1645, 12234315
1603706673, 7, 367, 700, 282, 0, 2.51%, 5, 0, 19, 678.78, 1645, 12237734
1603706678, 7, 386, 700, 282, 0, 2.51%, 5, 0, 19, 675.83, 1645, 12241134
1603706683, 7, 388, 700, 281, 0, 2.51%, 5, 0, 19, 673.69, 1645, 12244562
1603706688, 7, 389, 700, 280, 0, 2.51%, 5, 0, 19, 678.74, 1645, 12247996
1603706693, 7, 391, 700, 280, 0, 2.51%, 5, 0, 19, 664.92, 1645, 12251377
1603706708, 7, 392, 700, 279, 0, 2.51%, 5, 0, 19, 642.52, 1645, 12261394
1603706734, 7, 395, 700, 278, 0, 2.51%, 5, 0, 19, 654.61, 1645, 12278098
1603706749, 7, 397, 700, 277, 0, 2.51%, 5, 0, 19, 661.08, 1645, 12288289
1603706759, 7, 399, 700, 276, 0, 2.51%, 5, 0, 19, 664.12, 1645, 12295085
1603706775, 7, 399, 702, 278, 0, 2.51%, 5, 0, 19, 646.05, 1645, 12305189
1603706780, 7, 402, 702, 277, 0, 2.51%, 5, 0, 19, 641.77, 1645, 12308491
1603706801, 7, 408, 702, 276, 0, 2.51%, 5, 0, 19, 658.55, 1645, 12321996
1603706806, 7, 412, 702, 275, 0, 2.51%, 5, 0, 19, 659.50, 1645, 12325401
1603706811, 7, 412, 703, 276, 0, 2.51%, 5, 0, 19, 660.75, 1645, 12328773
1603706821, 7, 421, 704, 276, 0, 2.52%, 5, 0, 19, 631.26, 1649, 12335290
1603706832, 7, 421, 705, 277, 0, 2.52%, 5, 0, 19, 651.38, 1649, 12341972
1603706837, 7, 466, 705, 276, 1, 2.52%, 5, 0, 19, 652.05, 1649, 12345277
1603706852, 7, 640, 705, 275, 1, 2.52%, 5, 0, 19, 627.85, 1649, 12355118
1603707573, 7, 703, 706, 275, 1, 2.52%, 5, 0, 19, 642.80, 1653, 12798753
1603707593, 7, 705, 707, 275, 1, 2.52%, 5, 0, 19, 665.79, 1654, 12812195
1603707599, 7, 705, 708, 276, 1, 2.52%, 5, 0, 19, 649.26, 1654, 12815479
1603707604, 7, 705, 709, 277, 1, 2.52%, 5, 0, 19, 659.75, 1654, 12818854
1603707609, 7, 705, 710, 278, 1, 2.52%, 5, 0, 19, 665.81, 1654, 12822268
1603707614, 7, 705, 711, 279, 1, 2.52%, 5, 0, 19, 666.54, 1654, 12825682
1603707634, 7, 706, 711, 278, 1, 2.52%, 5, 0, 19, 657.36, 1654, 12839138
1603707644, 7, 706, 713, 280, 1, 2.52%, 5, 0, 19, 673.51, 1654, 12845976
1603707650, 7, 706, 714, 281, 1, 2.52%, 5, 0, 19, 674.37, 1654, 12849403
1603707665, 7, 706, 715, 282, 1, 2.52%, 5, 0, 19, 676.12, 1654, 12859577
1603707675, 7, 706, 716, 283, 1, 2.53%, 5, 0, 19, 682.51, 1655, 12866507
1603707680, 7, 710, 718, 284, 0, 2.53%, 5, 0, 19, 678.93, 1655, 12870058
1603707690, 7, 710, 720, 286, 0, 2.53%, 5, 0, 19, 661.57, 1655, 12876613
1603707696, 7, 710, 722, 288, 0, 2.53%, 5, 0, 19, 666.65, 1655, 12880009
1603707706, 7, 710, 723, 289, 0, 2.53%, 5, 0, 19, 633.03, 1657, 12886424
1603707736, 7, 710, 724, 290, 0, 2.53%, 5, 0, 19, 644.36, 1657, 12905944
1603707741, 7, 722, 724, 289, 1, 2.53%, 5, 0, 19, 646.46, 1657, 12909271
1603707767, 7, 723, 724, 288, 0, 2.53%, 5, 0, 19, 643.22, 1657, 12925721
1603707777, 7, 723, 725, 289, 0, 2.53%, 5, 0, 19, 626.81, 1657, 12932192
1603707803, 7, 723, 727, 291, 0, 2.53%, 5, 0, 19, 635.81, 1657, 12948285
1603707813, 7, 723, 728, 292, 0, 2.53%, 5, 0, 19, 624.30, 1657, 12954581
1603707818, 7, 723, 729, 293, 0, 2.53%, 5, 0, 19, 634.90, 1658, 12957885
1603707844, 7, 728, 729, 292, 1, 2.53%, 5, 0, 19, 633.72, 1658, 12974251
1603707889, 7, 728, 730, 293, 1, 2.53%, 5, 0, 19, 626.49, 1658, 13002598
1603707899, 7, 728, 732, 295, 1, 2.53%, 5, 0, 19, 632.90, 1658, 13009048
1603707905, 7, 728, 733, 296, 1, 2.53%, 5, 0, 19, 639.01, 1658, 13012344
1603707915, 7, 728, 734, 297, 1, 2.53%, 5, 0, 19, 641.06, 1658, 13018928
1603707920, 7, 728, 735, 298, 1, 2.53%, 5, 0, 19, 641.60, 1658, 13022224
1603707946, 7, 733, 735, 297, 0, 2.53%, 5, 0, 19, 633.21, 1658, 13038684
1603708017, 7, 733, 737, 299, 0, 2.53%, 5, 0, 19, 639.14, 1658, 13083094
1603708022, 7, 733, 738, 300, 0, 2.53%, 5, 0, 19, 629.12, 1658, 13086258
1603708053, 7, 734, 738, 299, 0, 2.53%, 5, 0, 19, 631.72, 1658, 13105926
1603708139, 7, 734, 739, 300, 0, 2.53%, 5, 0, 19, 618.08, 1659, 13158683
1603708149, 7, 734, 740, 301, 0, 2.53%, 5, 0, 19, 601.32, 1659, 13164738
1603708155, 7, 734, 741, 302, 0, 2.53%, 5, 0, 19, 628.82, 1659, 13168013
1603708160, 7, 734, 743, 304, 0, 2.53%, 5, 0, 19, 637.81, 1659, 13171305
1603708170, 7, 734, 745, 306, 0, 2.53%, 5, 0, 19, 639.80, 1659, 13177873
1603708180, 7, 734, 746, 307, 0, 2.53%, 5, 0, 19, 637.72, 1659, 13184493
1603708201, 7, 736, 746, 306, 0, 2.53%, 5, 0, 19, 629.81, 1659, 13197383
1603708221, 7, 736, 747, 307, 0, 2.53%, 5, 0, 19, 609.22, 1659, 13209587
1603708343, 7, 737, 747, 306, 0, 2.53%, 5, 0, 19, 605.61, 1659, 13282718
1603708348, 7, 737, 748, 307, 0, 2.53%, 5, 0, 19, 598.35, 1659, 13285809
1603708490, 7, 742, 750, 308, 0, 2.53%, 5, 0, 19, 615.34, 1659, 13371048
1603708511, 7, 742, 751, 309, 0, 2.53%, 5, 0, 19, 632.71, 1659, 13383526
1603708516, 7, 742, 752, 310, 0, 2.53%, 5, 0, 19, 628.95, 1659, 13386774
1603708562, 7, 744, 752, 309, 0, 2.53%, 5, 0, 19, 620.73, 1659, 13416414
1603708736, 7, 744, 753, 310, 0, 2.53%, 5, 0, 19, 596.38, 1659, 13518770
1603708761, 7, 744, 754, 311, 0, 2.53%, 5, 0, 19, 622.04, 1659, 13534660
1603708776, 7, 746, 754, 310, 0, 2.53%, 5, 0, 19, 619.95, 1659, 13544132
1603708781, 7, 746, 755, 311, 0, 2.53%, 5, 0, 19, 614.48, 1660, 13547292
1603708925, 8, 74, 755, 310, 0, 2.53%, 5, 0, 19, 668.33, 1660, 13634640
1603708930, 8, 101, 755, 310, 0, 2.53%, 5, 0, 19, 663.78, 1660, 13637996
1603708940, 8, 109, 755, 309, 0, 2.53%, 5, 0, 19, 652.58, 1660, 13644569
1603708945, 8, 112, 755, 308, 0, 2.53%, 5, 0, 19, 648.13, 1660, 13647909
1603708950, 8, 137, 755, 308, 0, 2.53%, 5, 0, 19, 651.82, 1660, 13651232
1603708955, 8, 154, 755, 307, 0, 2.53%, 5, 0, 19, 652.60, 1660, 13654612
1603708965, 8, 184, 755, 306, 0, 2.53%, 5, 0, 19, 653.41, 1660, 13661327
1603708970, 8, 203, 755, 306, 0, 2.53%, 5, 0, 19, 650.43, 1660, 13664600
1603708976, 8, 214, 755, 305, 0, 2.53%, 5, 0, 19, 658.42, 1660, 13667947
1603708981, 8, 251, 755, 305, 0, 2.53%, 6, 0, 19, 659.51, 1660, 13671317
1603708986, 8, 253, 755, 305, 0, 2.53%, 6, 0, 19, 654.90, 1660, 13674590
1603708991, 8, 253, 756, 306, 0, 2.53%, 6, 0, 19, 664.33, 1661, 13678012
1603708996, 8, 560, 756, 305, 1, 2.53%, 6, 0, 19, 662.17, 1661, 13681411
1603709011, 8, 564, 756, 304, 1, 2.53%, 6, 0, 19, 665.44, 1661, 13691636
1603709027, 8, 564, 758, 306, 1, 2.53%, 6, 0, 19, 663.85, 1661, 13701564
1603709037, 8, 564, 759, 307, 1, 2.53%, 6, 0, 19, 673.67, 1661, 13708423
1603709062, 8, 652, 759, 306, 1, 2.53%, 6, 0, 19, 606.74, 1661, 13724902
1603709338, 8, 755, 759, 305, 1, 2.53%, 6, 0, 19, 644.57, 1661, 13893472
1603709358, 9, 2, 759, 304, 0, 2.53%, 6, 0, 19, 636.44, 1661, 13906517
1603709363, 9, 20, 759, 303, 0, 2.53%, 6, 0, 19, 653.68, 1661, 13909811
1603709368, 9, 74, 759, 303, 0, 2.53%, 6, 0, 19, 650.84, 1661, 13913101
1603709373, 9, 103, 759, 303, 0, 2.53%, 6, 0, 19, 652.88, 1661, 13916454
1603709378, 9, 140, 759, 303, 0, 2.53%, 6, 0, 19, 652.26, 1661, 13919719
1603709384, 9, 150, 759, 302, 0, 2.53%, 6, 0, 19, 648.72, 1661, 13923103
1603709389, 9, 181, 760, 303, 0, 2.53%, 6, 0, 19, 630.37, 1661, 13926241
1603709394, 9, 191, 760, 302, 0, 2.53%, 6, 0, 19, 638.26, 1661, 13929436
1603709404, 9, 207, 760, 301, 0, 2.53%, 6, 0, 19, 645.68, 1661, 13936076
1603709409, 9, 227, 760, 300, 0, 2.53%, 6, 0, 19, 647.29, 1661, 13939404
1603709414, 9, 255, 760, 300, 0, 2.53%, 6, 0, 19, 648.82, 1661, 13942740
1603709419, 9, 258, 760, 300, 0, 2.53%, 6, 0, 19, 647.91, 1661, 13945996
1603709429, 9, 260, 760, 299, 0, 2.53%, 6, 0, 19, 632.52, 1661, 13952322
1603709434, 9, 272, 760, 298, 0, 2.53%, 6, 0, 19, 648.67, 1661, 13955656
1603709440, 9, 306, 760, 298, 0, 2.53%, 6, 0, 19, 644.28, 1661, 13958932
1603709445, 9, 308, 760, 298, 0, 2.53%, 6, 0, 19, 629.10, 1661, 13962104
1603709450, 9, 324, 760, 297, 0, 2.53%, 6, 0, 19, 634.47, 1661, 13965356
1603709455, 9, 330, 760, 296, 0, 2.53%, 6, 0, 19, 648.09, 1661, 13968674
1603709460, 9, 348, 760, 296, 0, 2.53%, 6, 0, 19, 649.84, 1661, 13971946
1603709465, 9, 365, 760, 296, 0, 2.53%, 6, 0, 19, 629.07, 1661, 13975124
1603709470, 9, 365, 761, 297, 0, 2.53%, 6, 0, 19, 636.19, 1661, 13978425
1603709480, 9, 376, 761, 296, 0, 2.53%, 6, 0, 19, 654.71, 1661, 13985014
1603709485, 9, 389, 761, 295, 0, 2.53%, 6, 0, 19, 655.72, 1661, 13988391
1603709491, 9, 390, 761, 295, 0, 2.53%, 6, 0, 19, 642.62, 1661, 13991666
1603709496, 9, 419, 761, 294, 0, 2.53%, 6, 0, 19, 639.99, 1661, 13994954
1603709501, 9, 419, 762, 295, 0, 2.53%, 6, 0, 19, 642.23, 1661, 13998255
1603709506, 9, 420, 762, 294, 0, 2.53%, 6, 0, 19, 647.98, 1661, 14001572
1603709516, 9, 422, 762, 293, 0, 2.53%, 6, 0, 19, 645.20, 1661, 14008220
1603709526, 9, 423, 762, 292, 0, 2.53%, 6, 0, 19, 648.36, 1661, 14014843
1603709537, 9, 424, 762, 291, 0, 2.53%, 6, 0, 19, 649.33, 1661, 14021471
1603709542, 9, 429, 762, 290, 0, 2.53%, 6, 0, 19, 650.90, 1661, 14024810
1603709547, 9, 438, 762, 290, 0, 2.53%, 6, 0, 19, 654.26, 1661, 14028155
1603709552, 9, 442, 762, 290, 0, 2.53%, 6, 0, 19, 653.51, 1661, 14031543
1603709557, 9, 445, 762, 289, 0, 2.53%, 6, 0, 19, 652.41, 1661, 14034830
1603709562, 9, 449, 762, 288, 0, 2.53%, 6, 0, 19, 651.80, 1661, 14038151
1603709567, 9, 455, 762, 288, 0, 2.53%, 6, 0, 19, 648.52, 1661, 14041464
1603709572, 9, 455, 763, 289, 0, 2.53%, 6, 0, 19, 649.09, 1661, 14044809
1603709578, 9, 458, 763, 288, 0, 2.53%, 6, 0, 19, 657.63, 1661, 14048194
1603709588, 9, 458, 765, 290, 0, 2.53%, 6, 0, 19, 652.30, 1661, 14054821
1603709593, 9, 458, 767, 292, 0, 2.53%, 6, 0, 19, 638.99, 1661, 14058038
1603709598, 9, 458, 768, 293, 0, 2.53%, 6, 0, 19, 640.50, 1661, 14061334
1603709608, 9, 458, 769, 294, 0, 2.53%, 6, 0, 19, 649.40, 1661, 14067978
1603709618, 9, 461, 769, 293, 0, 2.53%, 6, 0, 19, 656.86, 1661, 14074671
1603709623, 9, 461, 770, 294, 0, 2.54%, 6, 0, 19, 658.07, 1666, 14078032
1603709634, 9, 553, 770, 293, 1, 2.54%, 6, 0, 19, 627.46, 1666, 14084606
1603709654, 9, 654, 770, 292, 1, 2.54%, 6, 0, 19, 572.04, 1666, 14097442
1603709828, 9, 654, 771, 293, 1, 2.54%, 6, 0, 20, 534.83, 1667, 14190919
1603710143, 9, 654, 772, 294, 1, 2.54%, 6, 0, 20, 522.83, 1667, 14375028
1603710173, 9, 654, 773, 295, 1, 2.54%, 6, 0, 20, 561.55, 1667, 14391109
1603710178, 9, 654, 774, 296, 1, 2.54%, 6, 0, 20, 595.86, 1667, 14394142
1603710184, 9, 654, 775, 297, 1, 2.54%, 6, 0, 20, 616.28, 1667, 14397278
1603710189, 9, 654, 776, 298, 1, 2.54%, 6, 0, 20, 634.10, 1667, 14400574
1603710215, 9, 769, 776, 297, 2, 2.54%, 6, 0, 20, 632.59, 1667, 14416687
1603710230, 9, 769, 777, 298, 2, 2.54%, 6, 0, 20, 660.77, 1667, 14426509
1603710271, 9, 775, 777, 297, 1, 2.54%, 6, 0, 20, 572.66, 1667, 14452641
1603710307, 9, 775, 778, 298, 1, 2.54%, 6, 0, 21, 395.35, 1667, 14466750
1603710389, 9, 775, 779, 299, 1, 2.54%, 6, 0, 21, 436.86, 1667, 14501155
1603710399, 9, 775, 780, 300, 1, 2.54%, 6, 0, 21, 435.71, 1667, 14505547
1603710751, 9, 775, 781, 301, 1, 2.54%, 6, 0, 21, 474.05, 1667, 14669999
1603711812, 9, 775, 782, 302, 1, 2.54%, 6, 0, 21, 531.04, 1667, 15204475
1603711817, 9, 775, 784, 304, 1, 2.54%, 6, 0, 21, 585.14, 1667, 15207470
1603711832, 9, 775, 785, 305, 1, 2.55%, 6, 0, 21, 615.05, 1671, 15216837
1603711863, 9, 775, 786, 306, 1, 2.55%, 6, 0, 21, 608.68, 1671, 15235457
1603711868, 9, 783, 786, 305, 2, 2.55%, 6, 0, 21, 377.74, 1671, 15237127
1603714269, 9, 783, 787, 306, 2, 2.55%, 6, 0, 22, 378.13, 1672, 16343781
1603714538, 9, 784, 787, 305, 1, 2.55%, 6, 0, 22, 681.55, 1672, 16455030
1603714568, 10, 6, 787, 304, 0, 2.55%, 6, 0, 22, 759.86, 1672, 16478405
1603714573, 10, 63, 787, 303, 0, 2.55%, 6, 0, 22, 748.80, 1672, 16482125
1603714578, 10, 95, 787, 303, 0, 2.55%, 6, 0, 22, 755.81, 1672, 16485916
1603714583, 10, 115, 787, 303, 0, 2.55%, 6, 0, 22, 774.01, 1672, 16489861
1603714588, 10, 148, 787, 302, 0, 2.55%, 6, 0, 22, 769.73, 1672, 16493784
1603714593, 10, 152, 787, 302, 0, 2.55%, 6, 0, 22, 773.98, 1672, 16497709
1603714598, 10, 187, 787, 301, 0, 2.55%, 6, 0, 22, 770.51, 1672, 16501592
1603714603, 10, 211, 787, 301, 0, 2.55%, 6, 0, 22, 770.40, 1672, 16505514
1603714609, 10, 247, 787, 300, 0, 2.55%, 6, 0, 22, 762.80, 1672, 16509378
1603714614, 10, 277, 787, 300, 0, 2.55%, 6, 0, 22, 772.97, 1672, 16513312
1603714619, 10, 317, 787, 300, 0, 2.55%, 6, 0, 22, 768.74, 1672, 16517243
1603714624, 10, 336, 787, 300, 0, 2.55%, 6, 0, 22, 740.28, 1672, 16521038
1603714634, 10, 356, 787, 299, 0, 2.55%, 6, 0, 22, 770.99, 1672, 16528757
1603714639, 10, 368, 787, 299, 0, 2.55%, 6, 0, 22, 765.81, 1672, 16532690
1603714644, 10, 371, 787, 298, 0, 2.55%, 6, 0, 22, 748.35, 1672, 16536519
1603714660, 10, 373, 787, 297, 0, 2.55%, 6, 0, 22, 778.94, 1672, 16548227
1603714675, 10, 385, 787, 296, 0, 2.55%, 6, 0, 22, 752.20, 1672, 16559714
1603714680, 10, 393, 787, 295, 0, 2.55%, 6, 0, 22, 755.51, 1672, 16563558
1603714705, 10, 393, 789, 297, 0, 2.55%, 6, 0, 22, 766.26, 1672, 16583173
1603714710, 10, 393, 790, 298, 0, 2.55%, 6, 0, 22, 746.40, 1672, 16586916
1603714726, 10, 394, 790, 297, 0, 2.55%, 6, 0, 22, 764.44, 1672, 16598605
1603714736, 10, 405, 790, 296, 0, 2.55%, 6, 0, 22, 768.82, 1672, 16606459
1603714741, 10, 405, 791, 297, 0, 2.55%, 6, 0, 22, 772.38, 1672, 16610419
1603714746, 10, 405, 793, 299, 0, 2.55%, 6, 0, 22, 745.68, 1672, 16614189
1603714756, 10, 411, 793, 298, 0, 2.55%, 6, 0, 22, 764.72, 1672, 16621940
1603714766, 10, 417, 793, 297, 0, 2.55%, 6, 0, 22, 769.37, 1672, 16629719
1603714777, 10, 418, 793, 296, 0, 2.55%, 6, 0, 22, 768.43, 1672, 16637561
1603714782, 10, 433, 793, 295, 0, 2.55%, 6, 0, 22, 770.34, 1672, 16641480
1603714787, 10, 446, 793, 295, 0, 2.55%, 6, 0, 22, 780.26, 1672, 16645431
1603714792, 10, 453, 793, 294, 0, 2.55%, 6, 0, 22, 770.12, 1672, 16649320
1603714802, 10, 462, 794, 294, 0, 2.55%, 6, 0, 22, 768.75, 1672, 16657175
1603714817, 10, 462, 795, 295, 0, 2.55%, 6, 0, 22, 777.16, 1672, 16668973
1603714822, 10, 468, 795, 294, 0, 2.55%, 6, 0, 22, 774.02, 1672, 16672906
1603714838, 10, 468, 796, 295, 0, 2.55%, 6, 0, 22, 754.14, 1672, 16684556
1603714843, 10, 470, 796, 294, 0, 2.55%, 6, 0, 22, 769.58, 1672, 16688499
1603714848, 10, 474, 796, 293, 0, 2.55%, 6, 0, 22, 768.29, 1672, 16692450
1603714863, 10, 485, 796, 292, 0, 2.55%, 6, 0, 22, 761.43, 1672, 16704158
1603714879, 10, 486, 796, 291, 0, 2.55%, 6, 0, 22, 768.21, 1672, 16715611
1603714889, 10, 489, 796, 290, 0, 2.55%, 6, 0, 22, 774.10, 1672, 16723511
1603714924, 10, 491, 796, 289, 0, 2.55%, 6, 0, 22, 765.30, 1672, 16750764
1603714940, 10, 495, 796, 288, 0, 2.55%, 6, 0, 22, 766.28, 1672, 16762443
1603714950, 10, 500, 796, 287, 0, 2.55%, 6, 0, 22, 771.72, 1672, 16770239
1603714976, 10, 512, 796, 286, 0, 2.55%, 6, 0, 22, 700.84, 1672, 16789489
1603715231, 10, 520, 796, 285, 0, 2.55%, 6, 0, 22, 653.23, 1672, 16930406
1603715236, 10, 522, 796, 285, 0, 2.55%, 6, 0, 22, 579.09, 1672, 16933359
1603715385, 10, 534, 796, 284, 0, 2.55%, 6, 0, 22, 699.02, 1672, 17018820
1603715400, 10, 534, 797, 285, 0, 2.55%, 6, 0, 22, 723.99, 1672, 17029651
1603715431, 10, 549, 797, 284, 0, 2.55%, 6, 0, 22, 643.47, 1672, 17051001
1603715436, 10, 556, 797, 284, 0, 2.55%, 6, 0, 22, 744.69, 1672, 17054959
1603715446, 10, 558, 797, 283, 0, 2.55%, 6, 0, 22, 756.65, 1672, 17062760
1603715451, 10, 565, 797, 283, 0, 2.55%, 6, 0, 22, 761.71, 1672, 17066621
1603715456, 10, 570, 798, 284, 0, 2.55%, 6, 0, 22, 755.62, 1672, 17070462
1603715466, 10, 571, 798, 283, 0, 2.55%, 6, 0, 22, 759.43, 1672, 17078265
1603715471, 10, 574, 798, 283, 0, 2.55%, 6, 0, 22, 767.33, 1672, 17082151
1603715476, 10, 576, 798, 283, 0, 2.55%, 6, 0, 22, 779.52, 1672, 17086126
1603715492, 10, 578, 798, 282, 0, 2.55%, 6, 0, 22, 769.10, 1672, 17097767
1603715512, 10, 588, 798, 281, 0, 2.55%, 6, 0, 22, 755.72, 1672, 17113485
1603715517, 10, 591, 798, 281, 0, 2.55%, 6, 0, 22, 760.21, 1672, 17117394
1603715522, 10, 592, 798, 281, 0, 2.55%, 6, 0, 22, 759.14, 1672, 17121306
1603715528, 10, 598, 798, 281, 0, 2.55%, 6, 0, 22, 764.09, 1672, 17125185
1603715558, 10, 600, 798, 280, 0, 2.55%, 6, 0, 22, 746.35, 1672, 17148399
1603715563, 10, 602, 798, 280, 0, 2.55%, 6, 0, 22, 748.19, 1672, 17152245
1603715609, 10, 603, 798, 279, 0, 2.55%, 6, 0, 22, 765.51, 1672, 17187423
1603715614, 10, 604, 798, 279, 0, 2.55%, 6, 0, 22, 764.02, 1672, 17191365
1603715619, 10, 605, 798, 279, 0, 2.55%, 6, 0, 22, 739.15, 1672, 17195075
1603715655, 10, 607, 798, 278, 0, 2.55%, 6, 0, 22, 765.01, 1672, 17222152
1603715696, 10, 619, 798, 277, 0, 2.55%, 6, 0, 22, 767.37, 1672, 17253379
1603715737, 10, 621, 798, 276, 0, 2.55%, 6, 0, 22, 778.14, 1672, 17284249
1603715742, 10, 622, 798, 276, 0, 2.55%, 6, 0, 22, 757.31, 1672, 17288061
1603715778, 10, 622, 799, 277, 0, 2.55%, 6, 0, 22, 660.28, 1672, 17313436
1603715814, 10, 623, 799, 276, 0, 2.55%, 6, 0, 22, 658.05, 1672, 17337292
1603715834, 10, 623, 800, 277, 0, 2.55%, 6, 0, 22, 667.08, 1672, 17350858
1603715839, 10, 623, 803, 280, 0, 2.55%, 6, 0, 22, 651.77, 1672, 17354210
1603715865, 10, 625, 803, 279, 0, 2.55%, 6, 0, 22, 712.37, 1672, 17372874
1603716208, 10, 626, 803, 278, 0, 2.55%, 6, 0, 22, 692.36, 1672, 17604060
1603716570, 10, 628, 803, 277, 0, 2.55%, 6, 0, 22, 706.13, 1672, 17834855
1603717020, 10, 629, 803, 276, 0, 2.55%, 6, 0, 22, 694.78, 1672, 18128407
1603717510, 10, 630, 803, 275, 0, 2.55%, 6, 0, 22, 629.59, 1672, 18421429
1603717649, 10, 631, 803, 274, 0, 2.55%, 6, 0, 22, 659.65, 1672, 18512955
1603717654, 10, 635, 803, 274, 0, 2.55%, 6, 0, 22, 632.02, 1672, 18516117
1603717736, 10, 646, 803, 273, 0, 2.55%, 6, 0, 22, 655.75, 1672, 18569240
1603717741, 10, 647, 803, 273, 0, 2.55%, 6, 0, 22, 629.70, 1672, 18572461
1603717864, 10, 655, 803, 272, 0, 2.55%, 6, 0, 22, 634.88, 1672, 18650390
1603717874, 10, 655, 804, 273, 0, 2.55%, 6, 0, 22, 648.93, 1672, 18657108
1603717884, 10, 658, 804, 272, 0, 2.55%, 6, 0, 22, 637.50, 1672, 18663611
1603717900, 10, 658, 807, 275, 0, 2.55%, 6, 0, 22, 635.02, 1672, 18673495
1603717946, 10, 658, 810, 278, 0, 2.55%, 6, 0, 22, 652.29, 1672, 18702853
1603718294, 10, 671, 810, 277, 0, 2.55%, 6, 0, 22, 654.66, 1672, 18924006
1603718320, 10, 675, 810, 276, 0, 2.55%, 6, 0, 22, 649.70, 1672, 18940783
1603718560, 10, 676, 810, 275, 0, 2.55%, 6, 0, 22, 648.16, 1672, 19092902
1603718601, 10, 676, 811, 276, 0, 2.55%, 6, 0, 22, 660.32, 1672, 19119767
1603718611, 10, 676, 812, 277, 0, 2.55%, 6, 0, 22, 669.39, 1672, 19126587
1603718637, 10, 677, 812, 276, 0, 2.55%, 6, 0, 22, 666.05, 1672, 19143525
1603718657, 10, 686, 813, 276, 0, 2.55%, 6, 0, 22, 649.34, 1672, 19156985
1603718678, 10, 686, 815, 278, 0, 2.55%, 6, 0, 22, 626.74, 1672, 19170124
1603718729, 10, 687, 815, 277, 0, 2.55%, 6, 0, 22, 637.46, 1672, 19203096
1603718734, 10, 690, 815, 277, 0, 2.55%, 6, 0, 22, 595.29, 1672, 19206043
1603718755, 10, 690, 816, 278, 0, 2.55%, 6, 0, 22, 577.29, 1672, 19217880
1603719312, 10, 692, 816, 277, 0, 2.55%, 6, 0, 22, 334.60, 1672, 19545878
1603725374, 10, 692, 817, 278, 0, 2.55%, 6, 0, 22, 322.36, 1673, 20734203
1603727264, 10, 692, 818, 279, 0, 2.55%, 6, 0, 22, 171.20, 1673, 21062705
1603727290, 10, 694, 818, 278, 0, 2.55%, 6, 0, 22, 453.29, 1673, 21069426
1603727351, 10, 694, 819, 279, 0, 2.55%, 6, 0, 22, 594.82, 1673, 21105416
1603727454, 10, 694, 820, 280, 0, 2.55%, 6, 0, 22, 583.39, 1674, 21165102
1603727586, 10, 694, 821, 281, 0, 2.55%, 6, 0, 22, 574.92, 1674, 21242415
1603728062, 10, 702, 821, 280, 0, 2.55%, 6, 0, 22, 605.20, 1674, 21522085
1603728077, 10, 702, 822, 281, 0, 2.55%, 6, 0, 22, 650.11, 1674, 21532118
1603728098, 10, 704, 822, 280, 0, 2.55%, 6, 0, 22, 651.49, 1674, 21545577
1603728129, 10, 705, 822, 279, 0, 2.55%, 6, 0, 22, 643.76, 1674, 21565376
1603728134, 10, 720, 822, 279, 0, 2.55%, 6, 0, 22, 648.24, 1674, 21568662
1603728149, 10, 720, 823, 280, 0, 2.55%, 6, 0, 22, 646.21, 1674, 21578696
1603728170, 10, 722, 823, 279, 0, 2.55%, 6, 0, 22, 651.43, 1674, 21592130
1603728175, 10, 724, 823, 279, 0, 2.55%, 6, 0, 22, 637.81, 1674, 21595407
1603728221, 10, 724, 823, 279, 0, 2.55%, 7, 0, 22, 641.07, 1674, 21625033
1603728231, 10, 726, 823, 278, 0, 2.55%, 7, 0, 22, 630.39, 1674, 21631346
1603728312, 10, 728, 823, 277, 0, 2.55%, 7, 0, 22, 642.53, 1674, 21682793
1603728318, 10, 730, 823, 277, 0, 2.55%, 7, 0, 22, 618.66, 1674, 21685907
1603728384, 10, 739, 823, 276, 0, 2.55%, 7, 0, 22, 638.82, 1674, 21727999
1603728558, 10, 740, 823, 275, 0, 2.55%, 7, 0, 22, 620.95, 1674, 21833058
1603728742, 10, 741, 823, 274, 0, 2.55%, 7, 0, 22, 629.36, 1674, 21943216
1603728915, 10, 741, 824, 275, 0, 2.56%, 7, 0, 22, 567.57, 1675, 22045680
1603728941, 10, 748, 826, 276, 0, 2.56%, 7, 0, 22, 634.39, 1675, 22061743
1603728946, 10, 748, 829, 279, 0, 2.56%, 7, 0, 22, 631.81, 1675, 22065039
1603728987, 10, 750, 829, 278, 0, 2.56%, 7, 0, 22, 648.61, 1675, 22091163
1603729038, 10, 752, 829, 277, 0, 2.56%, 7, 0, 22, 616.55, 1675, 22123902
1603729395, 10, 752, 830, 278, 0, 2.56%, 7, 0, 22, 612.12, 1675, 22326041
1603729416, 10, 752, 831, 279, 0, 2.56%, 7, 0, 22, 614.34, 1675, 22338637
1603729446, 10, 761, 831, 278, 1, 2.56%, 7, 0, 22, 619.10, 1675, 22357445
1603729472, 10, 783, 831, 277, 1, 2.56%, 7, 0, 22, 630.02, 1675, 22373847
1603729482, 10, 819, 831, 277, 1, 2.56%, 7, 0, 22, 595.66, 1675, 22379938
1603730257, 10, 821, 831, 276, 1, 2.56%, 7, 0, 22, 601.40, 1675, 22831521
1603730293, 10, 830, 831, 275, 1, 2.56%, 7, 0, 22, 554.62, 1675, 22853809
1603730323, 10, 830, 832, 276, 1, 2.56%, 7, 0, 22, 468.50, 1675, 22868060
1603730354, 10, 830, 833, 277, 1, 2.56%, 7, 0, 22, 483.83, 1675, 22882988
1603730496, 10, 830, 834, 278, 1, 2.56%, 7, 0, 22, 489.10, 1675, 22959797
1603730589, 10, 830, 835, 279, 1, 2.56%, 7, 0, 22, 417.41, 1675, 23000816
1603730865, 10, 830, 836, 280, 1, 2.56%, 7, 0, 22, 440.37, 1675, 23138376
1603730952, 10, 830, 837, 281, 1, 2.56%, 7, 0, 22, 531.68, 1675, 23182748
1603731008, 10, 830, 838, 282, 1, 2.56%, 7, 0, 22, 475.19, 1675, 23210948
1603731094, 10, 830, 839, 283, 1, 2.56%, 7, 0, 22, 463.21, 1675, 23248939
1603731100, 10, 830, 840, 284, 1, 2.56%, 7, 0, 22, 570.93, 1675, 23252024
1603731115, 10, 830, 841, 285, 1, 2.56%, 7, 0, 22, 585.21, 1675, 23261052
1603731120, 10, 830, 842, 286, 1, 2.56%, 7, 0, 22, 589.27, 1675, 23264096
1603731135, 10, 834, 842, 285, 2, 2.56%, 7, 0, 22, 553.59, 1675, 23273162
1603731380, 10, 834, 843, 286, 2, 2.56%, 7, 0, 22, 455.93, 1676, 23398091
1603731967, 10, 836, 843, 285, 1, 2.56%, 7, 0, 22, 534.38, 1676, 23687010
1603731988, 10, 836, 844, 286, 1, 2.56%, 7, 0, 22, 464.41, 1676, 23697382
1603732059, 10, 836, 845, 287, 1, 2.56%, 7, 0, 22, 427.64, 1676, 23731797
1603732284, 10, 836, 846, 288, 1, 2.56%, 7, 0, 22, 442.77, 1676, 23842686
1603732309, 10, 836, 847, 289, 1, 2.56%, 7, 0, 22, 551.20, 1676, 23855855
1603732796, 10, 843, 847, 288, 2, 2.56%, 7, 0, 22, 532.40, 1676, 24100249
1603733622, 10, 846, 847, 287, 1, 2.56%, 7, 0, 22, 555.33, 1676, 24514484
1603734449, 11, 40, 847, 286, 0, 2.56%, 7, 0, 22, 615.02, 1676, 24927506
1603734459, 11, 90, 847, 285, 0, 2.56%, 7, 0, 22, 657.17, 1676, 24934145
1603734465, 11, 114, 847, 285, 0, 2.56%, 7, 0, 22, 660.24, 1676, 24937514
1603734470, 11, 115, 847, 284, 0, 2.56%, 7, 0, 22, 634.83, 1676, 24940726
1603734475, 11, 165, 847, 284, 0, 2.56%, 7, 0, 22, 649.72, 1676, 24944063
1603734480, 11, 174, 847, 284, 0, 2.56%, 7, 0, 22, 656.03, 1676, 24947417
1603734485, 11, 196, 847, 283, 0, 2.56%, 7, 0, 22, 651.63, 1676, 24950663
1603734490, 11, 235, 847, 283, 0, 2.56%, 7, 0, 22, 652.80, 1676, 24953980
1603734495, 11, 248, 847, 282, 0, 2.56%, 7, 0, 22, 646.85, 1676, 24957282
1603734505, 11, 250, 847, 281, 0, 2.56%, 7, 0, 22, 654.63, 1676, 24963873
1603734510, 11, 254, 847, 280, 0, 2.56%, 7, 0, 22, 646.16, 1676, 24967195
1603734515, 11, 259, 847, 280, 0, 2.56%, 7, 0, 22, 651.11, 1676, 24970596
1603734526, 11, 277, 847, 279, 0, 2.56%, 7, 0, 22, 646.11, 1676, 24977158
1603734531, 11, 309, 847, 279, 0, 2.56%, 7, 0, 22, 647.99, 1676, 24980498
1603734536, 11, 341, 847, 279, 0, 2.56%, 7, 0, 22, 637.94, 1676, 24983818
1603734541, 11, 356, 847, 279, 0, 2.56%, 7, 0, 22, 638.42, 1676, 24987110
1603734546, 11, 383, 847, 279, 0, 2.56%, 7, 0, 22, 648.49, 1676, 24990462
1603734551, 11, 410, 847, 278, 0, 2.56%, 7, 0, 22, 649.67, 1676, 24993776
1603734561, 11, 415, 847, 277, 0, 2.56%, 7, 0, 22, 651.96, 1676, 25000417
1603734567, 11, 429, 847, 276, 0, 2.56%, 7, 0, 22, 655.79, 1676, 25003804
1603734572, 11, 432, 847, 275, 0, 2.56%, 7, 0, 22, 639.03, 1676, 25007128
1603734577, 11, 434, 847, 275, 0, 2.56%, 7, 0, 22, 633.89, 1676, 25010299
1603734587, 11, 441, 847, 274, 0, 2.56%, 7, 0, 22, 649.15, 1676, 25016916
1603734592, 11, 448, 847, 274, 0, 2.56%, 7, 0, 22, 649.02, 1676, 25020232
1603734597, 11, 451, 847, 273, 0, 2.56%, 7, 0, 22, 651.29, 1676, 25023628
1603734602, 11, 460, 847, 273, 0, 2.56%, 7, 0, 22, 654.34, 1676, 25026952
1603734613, 11, 460, 849, 275, 0, 2.56%, 7, 0, 22, 642.76, 1676, 25033508
1603734638, 11, 463, 849, 274, 0, 2.56%, 7, 0, 22, 629.28, 1676, 25049829
1603734659, 11, 471, 849, 273, 0, 2.56%, 7, 0, 22, 639.85, 1676, 25062997
1603734669, 11, 484, 849, 272, 0, 2.56%, 7, 0, 22, 643.75, 1676, 25069615
1603734694, 11, 490, 849, 271, 0, 2.56%, 7, 0, 22, 619.93, 1676, 25085827
1603734746, 11, 497, 849, 270, 0, 2.56%, 7, 0, 22, 625.66, 1676, 25115738
1603734751, 11, 509, 849, 269, 0, 2.56%, 7, 0, 22, 647.02, 1676, 25119072
1603734761, 11, 516, 849, 268, 0, 2.56%, 7, 0, 22, 587.66, 1676, 25125445
1603735027, 11, 521, 849, 267, 0, 2.56%, 7, 0, 22, 533.04, 1676, 25270856
1603735042, 11, 521, 850, 268, 0, 2.56%, 7, 0, 22, 505.63, 1676, 25278631
1603735267, 11, 528, 850, 267, 0, 2.56%, 7, 0, 22, 404.11, 1676, 25392779
1603739874, 11, 528, 851, 268, 0, 2.56%, 7, 0, 22, 146.21, 1676, 26140516
1603744826, 11, 532, 851, 267, 0, 2.56%, 7, 0, 22, 229.39, 1676, 26922638
1603751741, 11, 538, 851, 266, 0, 2.56%, 7, 0, 22, 352.27, 1676, 28451964
1603751746, 11, 539, 851, 266, 0, 2.56%, 7, 0, 22, 398.57, 1676, 28454118
1603752274, 11, 539, 852, 267, 0, 2.56%, 7, 0, 22, 404.37, 1676, 28673087
