# unix_time, cycles_done, cur_path, paths_total, pending_total, pending_favs, map_size, unique_crashes, unique_hangs, max_depth, execs_per_sec, edge_coverage, total_execs
1606790796, 0, 0, 2, 2, 2, 6.09%, 0, 0, 1, 16.23, 3992, 16
1606790802, 0, 0, 6, 6, 2, 6.23%, 0, 0, 2, 8.15, 4085, 262
1606790807, 0, 0, 15, 15, 2, 6.30%, 0, 0, 2, 7.65, 4127, 376
1606790822, 0, 0, 26, 26, 2, 6.83%, 0, 0, 2, 7.99, 4475, 602
1606790828, 0, 0, 30, 30, 2, 6.91%, 0, 0, 2, 8.00, 4530, 643
1606790833, 0, 0, 35, 35, 2, 6.92%, 0, 0, 2, 7.86, 4533, 683
1606790838, 0, 0, 39, 39, 2, 6.99%, 0, 0, 2, 7.71, 4579, 723
1606790843, 0, 0, 43, 43, 2, 6.99%, 0, 0, 2, 7.50, 4584, 762
1606790848, 0, 0, 47, 47, 2, 7.00%, 0, 0, 2, 7.35, 4590, 799
1606790853, 0, 0, 51, 51, 2, 7.01%, 0, 0, 2, 7.48, 4592, 837
1606790858, 0, 0, 55, 55, 2, 7.01%, 0, 0, 2, 7.73, 4592, 877
1606790863, 0, 0, 60, 60, 2, 7.08%, 0, 0, 2, 7.81, 4637, 917
1606790868, 0, 0, 64, 64, 2, 7.08%, 0, 0, 2, 7.73, 4638, 956
1606790874, 0, 0, 68, 68, 2, 7.08%, 0, 0, 2, 7.59, 4638, 995
1606790879, 0, 0, 72, 72, 2, 7.08%, 0, 0, 2, 7.62, 4638, 1035
1606790884, 0, 0, 77, 77, 2, 7.08%, 0, 0, 2, 7.84, 4638, 1075
1606790889, 0, 0, 81, 81, 2, 7.08%, 0, 0, 2, 7.66, 4638, 1113
1606790894, 0, 0, 85, 85, 2, 7.08%, 0, 0, 2, 7.52, 4638, 1151
1606790899, 0, 0, 89, 89, 2, 7.08%, 0, 0, 2, 7.53, 4638, 1190
1606790904, 0, 0, 93, 93, 2, 7.08%, 0, 0, 2, 7.53, 4638, 1229
1606790910, 0, 0, 97, 97, 2, 7.17%, 0, 0, 2, 7.70, 4696, 1269
1606790915, 0, 0, 102, 102, 2, 7.17%, 0, 0, 2, 7.72, 4698, 1309
1606790920, 0, 0, 105, 105, 2, 7.17%, 0, 0, 2, 7.58, 4698, 1348
1606790925, 0, 0, 109, 109, 2, 7.17%, 0, 0, 2, 7.40, 4698, 1386
1606790930, 0, 0, 113, 113, 2, 7.17%, 0, 0, 2, 7.54, 4698, 1424
1606790935, 0, 0, 117, 117, 2, 7.17%, 0, 0, 2, 7.70, 4698, 1464
1606790941, 0, 0, 121, 121, 2, 7.17%, 0, 0, 2, 7.67, 4700, 1504
1606790946, 0, 0, 125, 125, 2, 7.17%, 0, 0, 2, 7.56, 4700, 1542
1606790951, 0, 0, 129, 129, 2, 7.17%, 0, 0, 2, 7.56, 4700, 1580
1606790956, 0, 0, 133, 133, 2, 7.17%, 0, 0, 2, 7.68, 4700, 1620
1606790961, 0, 0, 136, 136, 2, 7.21%, 0, 0, 2, 7.63, 4725, 1659
1606790966, 0, 0, 140, 140, 2, 7.21%, 0, 0, 2, 7.40, 4725, 1697
1606790971, 0, 0, 144, 144, 2, 7.21%, 0, 0, 2, 7.51, 4725, 1736
1606790976, 0, 0, 147, 147, 2, 7.21%, 0, 0, 2, 7.84, 4725, 1776
1606790981, 0, 0, 149, 149, 2, 7.21%, 0, 0, 2, 7.89, 4725, 1816
1606790987, 0, 0, 152, 152, 2, 7.22%, 0, 0, 2, 7.78, 4729, 1855
1606790992, 0, 0, 154, 154, 2, 7.22%, 0, 0, 2, 7.93, 4729, 1895
1606790997, 0, 0, 156, 156, 2, 7.22%, 0, 0, 2, 7.68, 4729, 1935
1606791002, 0, 0, 158, 158, 2, 7.22%, 0, 0, 2, 7.65, 4729, 1974
1606791033, 0, 0, 167, 167, 2, 7.24%, 0, 0, 2, 7.29, 4747, 2306
1606791038, 0, 0, 171, 171, 2, 7.24%, 0, 0, 2, 7.31, 4748, 2343
1606791043, 0, 0, 175, 175, 2, 7.24%, 0, 0, 2, 7.61, 4748, 2383
1606791048, 0, 0, 178, 178, 2, 7.24%, 0, 0, 2, 7.36, 4748, 2420
1606791053, 0, 0, 179, 179, 2, 7.24%, 0, 0, 2, 7.53, 4748, 2459
1606791115, 0, 0, 211, 211, 2, 7.36%, 0, 0, 2, 7.38, 4821, 3325
1606791120, 0, 0, 258, 258, 2, 7.53%, 0, 0, 2, 47.79, 4936, 4106
1606791125, 0, 0, 268, 268, 2, 7.54%, 0, 0, 2, 7.96, 4940, 4206
1606791131, 0, 0, 274, 274, 2, 7.54%, 0, 0, 2, 9.48, 4940, 4273
1606791136, 0, 0, 279, 279, 2, 7.54%, 0, 0, 2, 7.84, 4940, 4331
1606791141, 0, 0, 284, 284, 2, 7.54%, 0, 0, 2, 8.47, 4940, 4375
1606791146, 0, 0, 288, 288, 2, 7.54%, 0, 0, 2, 8.44, 4941, 4418
1606791151, 0, 0, 292, 292, 2, 7.54%, 0, 0, 2, 8.22, 4941, 4460
1606791156, 0, 0, 296, 296, 2, 7.54%, 0, 0, 2, 9.25, 4941, 4512
1606791162, 0, 0, 306, 306, 2, 7.55%, 0, 0, 2, 14.91, 4946, 4792
1606791167, 0, 0, 315, 315, 2, 7.56%, 0, 0, 2, 7.51, 4956, 5059
1606791172, 0, 0, 320, 320, 2, 7.63%, 0, 0, 2, 11.08, 4998, 5128
1606791177, 0, 0, 331, 331, 2, 7.65%, 0, 0, 2, 9.24, 5015, 5316
1606791182, 0, 0, 336, 336, 2, 7.65%, 0, 0, 2, 9.22, 5015, 5367
1606791187, 0, 0, 340, 340, 2, 7.65%, 0, 0, 2, 8.30, 5015, 5410
1606791192, 0, 0, 344, 344, 2, 7.65%, 0, 0, 2, 8.36, 5015, 5452
1606791197, 0, 0, 349, 349, 2, 7.65%, 0, 0, 2, 8.78, 5015, 5497
1606791202, 0, 0, 353, 353, 2, 7.65%, 0, 0, 2, 8.35, 5016, 5539
1606791208, 0, 0, 357, 357, 2, 7.65%, 0, 0, 2, 8.14, 5016, 5580
1606791213, 0, 0, 361, 361, 2, 7.65%, 0, 0, 2, 8.10, 5016, 5622
1606791218, 0, 0, 364, 364, 2, 7.65%, 0, 0, 2, 8.23, 5016, 5665
1606791223, 0, 0, 369, 369, 2, 7.66%, 0, 0, 2, 8.08, 5019, 5708
1606791228, 0, 0, 372, 372, 2, 7.66%, 0, 0, 2, 8.09, 5019, 5749
1606791233, 0, 0, 374, 374, 2, 7.66%, 0, 0, 2, 8.37, 5019, 5791
1606791238, 0, 0, 378, 378, 2, 7.66%, 0, 0, 2, 8.84, 5023, 5838
1606791243, 0, 0, 379, 379, 2, 7.66%, 0, 0, 2, 8.35, 5023, 5878
1606791249, 0, 0, 382, 382, 2, 7.66%, 0, 0, 2, 9.04, 5023, 5925
1606791254, 0, 0, 387, 387, 2, 7.67%, 0, 0, 2, 10.88, 5029, 5984
1606791259, 0, 0, 391, 391, 2, 7.67%, 0, 0, 2, 9.10, 5029, 6028
1606791264, 0, 0, 395, 395, 2, 7.67%, 0, 0, 2, 8.58, 5029, 6071
1606791269, 0, 0, 398, 398, 2, 7.70%, 0, 0, 2, 8.15, 5045, 6112
1606791274, 0, 0, 404, 404, 2, 7.70%, 0, 0, 2, 8.98, 5045, 6174
1606791280, 0, 0, 409, 409, 2, 7.70%, 0, 0, 2, 11.05, 5045, 6233
1606791285, 0, 0, 413, 413, 2, 7.70%, 0, 0, 2, 9.21, 5046, 6275
1606791290, 0, 0, 416, 416, 2, 7.70%, 0, 0, 2, 8.71, 5046, 6320
1606791295, 0, 0, 420, 420, 2, 7.70%, 0, 0, 2, 8.53, 5046, 6364
1606791300, 0, 0, 423, 423, 2, 7.71%, 0, 0, 2, 8.99, 5051, 6412
1606791306, 0, 0, 426, 426, 2, 7.71%, 0, 0, 2, 9.15, 5051, 6460
1606791311, 0, 0, 428, 428, 2, 7.71%, 0, 0, 2, 8.92, 5051, 6505
1606791316, 0, 0, 432, 432, 2, 7.71%, 0, 0, 2, 9.07, 5052, 6553
1606791321, 0, 0, 435, 435, 2, 7.71%, 0, 0, 2, 12.17, 5052, 6618
1606791326, 0, 0, 438, 438, 2, 7.71%, 0, 0, 2, 12.78, 5052, 6684
1606791331, 0, 0, 441, 441, 2, 7.71%, 0, 0, 2, 10.62, 5052, 6737
1606791336, 0, 0, 444, 444, 2, 7.71%, 0, 0, 2, 9.29, 5052, 6783
1606791341, 0, 0, 447, 447, 2, 7.71%, 0, 0, 2, 8.35, 5053, 6823
1606791346, 0, 0, 451, 451, 2, 7.71%, 0, 0, 2, 8.34, 5053, 6866
1606791351, 0, 0, 455, 455, 2, 7.71%, 0, 0, 2, 8.12, 5053, 6907
1606791357, 0, 0, 458, 458, 2, 7.71%, 0, 0, 2, 8.70, 5053, 6955
1606791362, 0, 0, 461, 461, 2, 7.71%, 0, 0, 2, 7.98, 5053, 6995
1606791367, 0, 0, 465, 465, 2, 7.71%, 0, 0, 2, 8.73, 5053, 7039
1606791372, 0, 0, 469, 469, 2, 7.71%, 0, 0, 2, 8.54, 5053, 7083
1606791377, 0, 0, 472, 472, 2, 7.73%, 0, 0, 2, 8.64, 5068, 7126
1606791382, 0, 0, 475, 475, 2, 7.73%, 0, 0, 2, 9.31, 5068, 7173
1606791388, 0, 0, 479, 479, 2, 7.73%, 0, 0, 2, 9.32, 5068, 7219
1606791393, 0, 0, 482, 482, 2, 7.73%, 0, 0, 2, 9.66, 5068, 7276
1606791398, 0, 0, 487, 487, 2, 7.73%, 0, 0, 2, 7.79, 5068, 7332
1606791403, 0, 0, 490, 490, 2, 7.73%, 0, 0, 2, 8.34, 5068, 7375
1606791408, 0, 0, 493, 493, 2, 7.73%, 0, 0, 2, 8.17, 5068, 7418
1606791414, 0, 0, 496, 496, 2, 7.73%, 0, 0, 2, 8.04, 5068, 7459
1606791419, 0, 0, 499, 499, 2, 7.73%, 0, 0, 2, 8.11, 5068, 7501
1606791424, 0, 0, 503, 503, 2, 7.74%, 0, 0, 2, 7.82, 5075, 7539
1606791429, 0, 0, 507, 507, 2, 7.74%, 0, 0, 2, 7.74, 5075, 7580
1606791434, 0, 0, 510, 510, 2, 7.74%, 0, 0, 2, 7.80, 5075, 7619
1606791439, 0, 0, 518, 518, 2, 7.77%, 0, 0, 2, 7.87, 5090, 7749
1606791444, 0, 0, 521, 521, 2, 7.80%, 0, 0, 2, 8.44, 5112, 7822
1606791460, 0, 0, 527, 527, 2, 7.80%, 0, 0, 2, 7.71, 5114, 8003
1606791465, 0, 0, 531, 531, 2, 7.81%, 0, 0, 2, 7.96, 5116, 8045
1606791470, 0, 0, 533, 533, 2, 7.81%, 0, 0, 2, 7.59, 5116, 8085
1606791476, 0, 0, 536, 536, 2, 7.81%, 0, 0, 2, 7.85, 5116, 8127
1606791481, 0, 0, 539, 539, 2, 7.81%, 0, 0, 2, 7.64, 5116, 8165
1606791486, 0, 0, 542, 542, 2, 7.81%, 0, 0, 2, 7.58, 5116, 8205
1606791491, 0, 0, 544, 544, 2, 7.81%, 0, 0, 2, 7.67, 5116, 8245
1606791496, 0, 0, 547, 547, 2, 7.81%, 0, 0, 2, 8.20, 5116, 8287
1606791501, 0, 0, 548, 548, 2, 7.81%, 0, 0, 2, 8.05, 5116, 8327
1606791506, 0, 0, 550, 550, 2, 7.81%, 0, 0, 2, 7.60, 5116, 8364
1606791517, 0, 0, 551, 551, 2, 7.81%, 0, 0, 2, 7.76, 5116, 8443
1606791552, 0, 0, 552, 552, 2, 7.81%, 0, 0, 2, 7.49, 5116, 8769
1606791558, 0, 0, 553, 553, 2, 7.81%, 0, 0, 2, 7.62, 5116, 8809
1606791619, 0, 0, 566, 566, 2, 7.88%, 0, 0, 2, 15.58, 5162, 9946
1606791624, 0, 0, 571, 571, 2, 7.88%, 0, 0, 2, 15.22, 5164, 10023
1606791629, 0, 0, 575, 575, 2, 7.88%, 0, 0, 2, 10.86, 5164, 10073
1606791634, 0, 0, 579, 579, 2, 7.88%, 0, 0, 2, 12.02, 5164, 10133
1606791639, 0, 0, 583, 583, 2, 7.88%, 0, 0, 2, 9.41, 5164, 10176
1606791645, 0, 0, 588, 588, 2, 7.89%, 0, 0, 2, 11.38, 5171, 10594
1606791650, 0, 0, 594, 594, 2, 7.93%, 0, 0, 2, 10.44, 5194, 10768
1606791655, 0, 0, 596, 596, 2, 7.93%, 0, 0, 2, 10.21, 5194, 10818
1606791660, 0, 0, 599, 599, 2, 7.93%, 0, 0, 2, 10.61, 5194, 10871
1606791665, 0, 0, 602, 602, 2, 7.93%, 0, 0, 2, 10.22, 5194, 10921
1606791670, 0, 0, 605, 605, 2, 7.93%, 0, 0, 2, 9.36, 5194, 10967
1606791676, 0, 0, 610, 610, 2, 7.94%, 0, 0, 2, 8.16, 5201, 11008
1606791681, 0, 0, 611, 611, 2, 7.94%, 0, 0, 2, 9.61, 5201, 11056
1606791686, 0, 0, 615, 615, 2, 7.94%, 0, 0, 2, 8.48, 5202, 11098
1606791691, 0, 0, 618, 618, 2, 7.94%, 0, 0, 2, 8.56, 5202, 11139
1606791696, 0, 0, 620, 620, 2, 7.94%, 0, 0, 2, 11.13, 5202, 11203
1606791701, 0, 0, 623, 623, 2, 7.94%, 0, 0, 2, 10.15, 5202, 11254
1606791707, 0, 0, 626, 626, 2, 7.94%, 0, 0, 2, 10.38, 5202, 11310
1606791712, 0, 0, 628, 628, 2, 7.94%, 0, 0, 2, 10.74, 5204, 11370
1606791717, 0, 0, 631, 631, 2, 7.94%, 0, 0, 2, 11.18, 5204, 11424
1606791722, 0, 0, 634, 634, 2, 7.94%, 0, 0, 2, 10.63, 5204, 11480
1606791728, 0, 0, 638, 638, 2, 7.94%, 0, 0, 2, 10.43, 5204, 11538
1606791733, 0, 0, 640, 640, 2, 7.94%, 0, 0, 2, 13.09, 5204, 11612
1606791743, 0, 0, 643, 643, 2, 7.94%, 0, 0, 2, 10.19, 5204, 11748
1606791748, 0, 0, 644, 644, 2, 7.94%, 0, 0, 2, 8.33, 5204, 11803
1606791753, 0, 0, 648, 648, 2, 7.94%, 0, 0, 2, 9.19, 5204, 11851
1606791758, 0, 0, 650, 650, 2, 7.94%, 0, 0, 2, 9.05, 5204, 11898
1606791763, 0, 0, 654, 654, 2, 7.95%, 0, 0, 2, 9.27, 5207, 11948
1606791769, 0, 0, 656, 656, 2, 7.95%, 0, 0, 2, 11.70, 5207, 12012
1606791774, 0, 0, 658, 658, 2, 7.95%, 0, 0, 2, 11.23, 5207, 12068
1606791779, 0, 0, 660, 660, 2, 7.95%, 0, 0, 2, 9.11, 5207, 12109
1606791784, 0, 0, 664, 664, 2, 7.95%, 0, 0, 2, 8.81, 5207, 12153
1606791789, 0, 0, 666, 666, 2, 7.95%, 0, 0, 2, 8.57, 5207, 12196
1606791794, 0, 0, 670, 670, 2, 7.95%, 0, 0, 2, 8.48, 5209, 12301
1606791799, 0, 0, 671, 671, 2, 8.04%, 0, 0, 2, 8.39, 5272, 12361
1606791809, 0, 0, 672, 672, 2, 8.04%, 0, 0, 2, 7.20, 5272, 12490
1606791814, 0, 0, 675, 675, 2, 8.04%, 0, 0, 2, 7.35, 5272, 12537
1606791820, 0, 0, 678, 678, 2, 8.04%, 0, 0, 2, 8.49, 5272, 12590
1606791825, 0, 0, 679, 679, 2, 8.04%, 0, 0, 2, 7.93, 5272, 12630
1606791830, 0, 0, 681, 681, 2, 8.04%, 0, 0, 2, 44.53, 5272, 12679
1606791835, 0, 0, 683, 683, 2, 8.04%, 0, 0, 2, 8.13, 5272, 12730
1606791840, 0, 0, 686, 686, 2, 8.04%, 0, 0, 2, 8.07, 5272, 12771
1606791845, 0, 0, 687, 687, 2, 8.04%, 0, 0, 2, 8.16, 5272, 12813
1606791851, 0, 0, 688, 688, 2, 8.04%, 0, 0, 2, 7.78, 5272, 12852
1606791856, 0, 0, 689, 689, 2, 8.04%, 0, 0, 2, 8.15, 5272, 12894
1606791861, 0, 0, 690, 690, 2, 8.04%, 0, 0, 2, 7.91, 5272, 12934
1606791892, 0, 0, 691, 691, 2, 8.04%, 0, 0, 2, 8.10, 5272, 13235
1606791953, 0, 0, 700, 700, 2, 8.07%, 0, 0, 2, 8.03, 5290, 14390
1606791958, 0, 0, 704, 704, 2, 8.07%, 0, 0, 2, 8.90, 5291, 14460
1606791963, 0, 0, 708, 708, 2, 8.07%, 0, 0, 2, 78.59, 5291, 14907
1606791968, 0, 0, 709, 709, 2, 8.07%, 0, 0, 2, 9.84, 5291, 15041
1606791973, 0, 0, 712, 712, 2, 8.09%, 0, 0, 2, 8.90, 5299, 15084
1606791979, 0, 0, 714, 714, 2, 8.09%, 0, 0, 2, 10.63, 5299, 15144
1606791984, 0, 0, 715, 715, 2, 8.09%, 0, 0, 2, 8.84, 5299, 15187
1606791989, 0, 0, 717, 717, 2, 8.09%, 0, 0, 2, 9.15, 5299, 15236
1606791994, 0, 0, 718, 718, 2, 8.09%, 0, 0, 2, 10.08, 5299, 15286
1606791999, 0, 0, 720, 720, 2, 8.09%, 0, 0, 2, 11.83, 5299, 15351
1606792004, 0, 0, 721, 721, 2, 8.09%, 0, 0, 2, 12.30, 5299, 15418
1606792009, 0, 0, 724, 724, 2, 8.09%, 0, 0, 2, 10.65, 5299, 15470
1606792014, 0, 0, 726, 726, 2, 8.09%, 0, 0, 2, 13.26, 5299, 15540
1606792020, 0, 0, 727, 727, 2, 8.09%, 0, 0, 2, 15.03, 5299, 15625
1606792025, 0, 0, 731, 731, 2, 8.09%, 0, 0, 2, 13.71, 5299, 15689
1606792035, 0, 0, 734, 734, 2, 8.09%, 0, 0, 2, 10.11, 5299, 15810
1606792040, 0, 0, 735, 735, 2, 8.09%, 0, 0, 2, 10.11, 5299, 15878
1606792045, 0, 0, 738, 738, 2, 8.09%, 0, 0, 2, 9.31, 5299, 15925
1606792050, 0, 0, 740, 740, 2, 8.09%, 0, 0, 2, 12.07, 5299, 15986
1606792055, 0, 0, 742, 742, 2, 8.09%, 0, 0, 2, 11.89, 5299, 16044
1606792061, 0, 0, 743, 743, 2, 8.09%, 0, 0, 2, 10.37, 5299, 16095
1606792066, 0, 0, 745, 745, 2, 8.09%, 0, 0, 2, 8.88, 5299, 16139
1606792071, 0, 0, 748, 748, 2, 8.09%, 0, 0, 2, 40.17, 5302, 16229
1606792076, 0, 0, 751, 751, 2, 8.09%, 0, 0, 2, 8.57, 5302, 16284
1606792081, 0, 0, 753, 753, 2, 8.09%, 0, 0, 2, 8.32, 5302, 16574
1606792086, 0, 0, 755, 755, 2, 8.09%, 0, 0, 2, 10.36, 5302, 16625
1606792091, 0, 0, 756, 756, 2, 8.09%, 0, 0, 2, 10.83, 5302, 16687
1606792096, 0, 0, 758, 758, 2, 8.09%, 0, 0, 2, 10.76, 5302, 16748
1606792101, 0, 0, 760, 760, 2, 8.09%, 0, 0, 2, 36.55, 5302, 17037
1606792106, 0, 0, 763, 763, 2, 8.09%, 0, 0, 2, 17.50, 5302, 17093
1606792111, 0, 0, 765, 765, 2, 8.09%, 0, 0, 2, 16.02, 5302, 17177
1606792117, 0, 0, 768, 768, 2, 8.09%, 0, 0, 2, 12.50, 5302, 17239
1606792122, 0, 0, 770, 770, 2, 8.09%, 0, 0, 2, 8.23, 5302, 17328
1606792127, 0, 0, 773, 773, 2, 8.09%, 0, 0, 2, 10.50, 5302, 17593
1606792132, 0, 0, 777, 777, 2, 8.09%, 0, 0, 2, 13.24, 5302, 17670
1606792137, 0, 0, 779, 779, 2, 8.09%, 0, 0, 2, 8.03, 5302, 17844
1606792147, 0, 0, 781, 781, 2, 8.10%, 0, 0, 2, 8.05, 5311, 17940
1606792152, 0, 0, 782, 782, 2, 8.10%, 0, 0, 2, 8.00, 5311, 18083
1606792251, 0, 0, 783, 783, 2, 8.10%, 0, 0, 2, 7.35, 5311, 19162
1606792256, 0, 0, 784, 784, 2, 8.10%, 0, 0, 2, 7.38, 5311, 19199
1606792261, 0, 0, 785, 785, 2, 8.10%, 0, 0, 2, 7.90, 5311, 19241
1606792266, 0, 0, 786, 786, 2, 8.10%, 0, 0, 2, 7.91, 5311, 19281
1606792297, 0, 0, 787, 787, 2, 8.10%, 0, 0, 2, 7.57, 5311, 19512
1606792312, 0, 0, 788, 788, 2, 8.10%, 0, 0, 2, 7.48, 5311, 19628
1606792318, 0, 0, 790, 790, 2, 8.10%, 0, 0, 2, 7.57, 5311, 19668
1606792328, 0, 0, 792, 792, 2, 8.10%, 0, 0, 2, 7.45, 5311, 19746
1606792364, 0, 0, 793, 793, 2, 8.10%, 0, 0, 2, 7.88, 5311, 20022
1606792374, 0, 0, 794, 794, 2, 8.10%, 0, 0, 2, 7.58, 5311, 20102
1606792410, 0, 0, 795, 795, 2, 8.10%, 0, 0, 2, 7.38, 5311, 20375
1606792420, 0, 0, 796, 796, 2, 8.10%, 0, 0, 2, 7.57, 5311, 20451
1606792426, 0, 0, 797, 797, 2, 8.10%, 0, 0, 2, 7.44, 5311, 20489
1606792482, 0, 0, 798, 798, 2, 8.10%, 0, 0, 2, 7.74, 5311, 20928
1606792487, 0, 0, 799, 799, 2, 8.10%, 0, 0, 2, 7.83, 5311, 20968
1606792523, 0, 0, 800, 800, 2, 8.10%, 0, 0, 2, 7.43, 5311, 21254
1606792731, 0, 0, 802, 802, 2, 8.10%, 0, 0, 2, 8.02, 5311, 23203
1606792737, 0, 0, 803, 803, 2, 8.10%, 0, 0, 2, 7.74, 5311, 23244
1606793176, 0, 0, 830, 830, 2, 8.13%, 0, 0, 2, 1891.54, 5327, 28902
1606793181, 0, 0, 834, 834, 2, 8.13%, 0, 0, 2, 7.96, 5331, 29358
1606793187, 0, 0, 843, 843, 2, 8.13%, 0, 0, 2, 7.23, 5331, 30942
1606793192, 0, 0, 847, 847, 2, 8.13%, 0, 0, 2, 10.77, 5331, 31003
1606793197, 0, 0, 850, 850, 2, 8.14%, 0, 0, 2, 10.98, 5334, 31059
1606793202, 0, 0, 853, 853, 2, 8.14%, 0, 0, 2, 11.30, 5334, 31125
1606793207, 0, 0, 855, 855, 2, 8.14%, 0, 0, 2, 8.51, 5335, 31449
1606793212, 0, 0, 857, 857, 2, 8.14%, 0, 0, 2, 12.25, 5335, 31517
1606793218, 0, 0, 858, 858, 2, 8.14%, 0, 0, 2, 14.60, 5337, 31594
1606793223, 0, 0, 861, 861, 2, 8.14%, 0, 0, 2, 13.38, 5337, 31659
1606793228, 0, 0, 863, 863, 2, 8.15%, 0, 0, 2, 8.20, 5338, 31743
1606793233, 0, 0, 865, 865, 2, 8.15%, 0, 0, 2, 10.16, 5338, 31798
1606793238, 0, 0, 867, 867, 2, 8.15%, 0, 0, 2, 10.19, 5338, 31851
1606793244, 0, 0, 869, 869, 2, 8.15%, 0, 0, 2, 7.21, 5338, 33185
1606793249, 0, 0, 874, 874, 2, 8.15%, 0, 0, 2, 9.18, 5342, 34514
1606793254, 0, 0, 877, 877, 2, 8.15%, 0, 0, 2, 11.40, 5342, 34720
1606793259, 0, 0, 878, 878, 2, 8.15%, 0, 0, 2, 15.81, 5342, 34809
1606793279, 0, 0, 880, 880, 2, 8.15%, 0, 0, 2, 13.23, 5342, 35599
1606793285, 0, 0, 881, 881, 2, 8.15%, 0, 0, 2, 11.13, 5344, 35655
1606793290, 0, 0, 882, 882, 2, 8.15%, 0, 0, 2, 12.30, 5344, 35721
1606793295, 0, 0, 883, 883, 2, 8.15%, 0, 0, 2, 12.28, 5344, 35784
1606793300, 0, 0, 884, 884, 2, 8.15%, 0, 0, 2, 11.58, 5344, 35845
1606793305, 0, 0, 885, 885, 2, 8.15%, 0, 0, 2, 9.92, 5344, 35896
1606793326, 0, 0, 886, 886, 2, 8.15%, 0, 0, 2, 10.63, 5344, 36135
1606793331, 0, 0, 889, 889, 2, 8.15%, 0, 0, 2, 9.67, 5344, 36181
1606793336, 0, 0, 890, 890, 2, 8.15%, 0, 0, 2, 12.40, 5344, 36251
1606793346, 0, 0, 891, 891, 2, 8.15%, 0, 0, 2, 8.24, 5344, 36341
1606793351, 0, 0, 892, 892, 2, 8.15%, 0, 0, 2, 8.25, 5344, 36382
1606793357, 0, 0, 893, 893, 2, 8.15%, 0, 0, 2, 7.92, 5344, 36423
1606793362, 0, 0, 894, 894, 2, 8.15%, 0, 0, 2, 8.50, 5344, 36469
1606793367, 0, 0, 895, 895, 2, 8.15%, 0, 0, 2, 8.11, 5344, 36511
1606793377, 0, 0, 896, 896, 2, 8.15%, 0, 0, 2, 11.78, 5344, 36628
1606793382, 0, 0, 898, 898, 2, 8.15%, 0, 0, 2, 8.68, 5344, 36665
1606793393, 0, 0, 900, 900, 2, 8.15%, 0, 0, 2, 7.48, 5344, 36739
1606793403, 0, 0, 901, 901, 2, 8.15%, 0, 0, 2, 9.00, 5344, 36831
1606793408, 0, 0, 903, 903, 2, 8.15%, 0, 0, 2, 8.92, 5344, 36876
1606793418, 0, 0, 904, 904, 2, 8.15%, 0, 0, 2, 12.07, 5344, 36991
1606793429, 0, 0, 905, 905, 2, 8.15%, 0, 0, 2, 18.71, 5344, 37155
1606793434, 0, 0, 908, 908, 2, 8.15%, 0, 0, 2, 15.85, 5344, 37231
1606793439, 0, 0, 910, 910, 2, 8.15%, 0, 0, 2, 10.02, 5344, 37270
1606793449, 0, 0, 914, 914, 2, 8.15%, 0, 0, 2, 7.66, 5344, 37414
1606793454, 0, 0, 917, 917, 2, 8.15%, 0, 0, 2, 8.15, 5344, 37458
1606793459, 0, 0, 918, 918, 2, 8.15%, 0, 0, 2, 11.30, 5344, 37519
1606793480, 0, 0, 919, 919, 2, 8.15%, 0, 0, 2, 16.30, 5344, 37843
1606793495, 0, 0, 920, 920, 2, 8.15%, 0, 0, 2, 12.18, 5344, 38043
1606793511, 0, 0, 921, 921, 2, 8.15%, 0, 0, 2, 23.53, 5344, 38416
1606793526, 0, 0, 922, 922, 2, 8.15%, 0, 0, 2, 14.26, 5344, 38587
1606793541, 0, 0, 924, 924, 2, 8.15%, 0, 0, 2, 8.83, 5344, 38984
1606793547, 0, 0, 927, 927, 2, 8.15%, 0, 0, 2, 8.86, 5344, 39029
1606793552, 0, 0, 929, 929, 2, 8.15%, 0, 0, 2, 8.22, 5344, 39070
1606793557, 0, 0, 930, 930, 2, 8.15%, 0, 0, 2, 113.07, 5344, 39204
1606793567, 0, 0, 931, 931, 2, 8.15%, 0, 0, 2, 19.56, 5344, 39448
1606793582, 0, 0, 932, 932, 2, 8.15%, 0, 0, 2, 12.70, 5344, 39703
1606793603, 0, 0, 934, 934, 2, 8.15%, 0, 0, 2, 11.18, 5344, 39942
1606793613, 0, 0, 935, 935, 2, 8.15%, 0, 0, 2, 10.07, 5344, 40139
1606793634, 0, 0, 936, 936, 2, 8.15%, 0, 0, 2, 9.56, 5344, 40328
1606793644, 0, 0, 937, 937, 2, 8.15%, 0, 0, 2, 10.40, 5344, 40469
1606793649, 0, 0, 938, 938, 2, 8.15%, 0, 0, 2, 12.92, 5344, 40542
1606793654, 0, 0, 941, 941, 2, 8.15%, 0, 0, 2, 9.50, 5344, 40584
1606793665, 0, 0, 943, 943, 2, 8.15%, 0, 0, 2, 8.56, 5344, 40672
1606793670, 0, 0, 944, 944, 2, 8.15%, 0, 0, 2, 10.86, 5344, 40730
1606793680, 0, 0, 945, 945, 2, 8.15%, 0, 0, 2, 72.30, 5344, 40923
1606793685, 0, 0, 946, 946, 2, 8.15%, 0, 0, 2, 23.53, 5344, 41060
1606793691, 0, 0, 947, 947, 2, 8.15%, 0, 0, 2, 14.49, 5344, 41135
1606793706, 0, 0, 948, 948, 2, 8.15%, 0, 0, 2, 12.28, 5344, 41360
1606793721, 0, 0, 949, 949, 2, 8.15%, 0, 0, 2, 11.86, 5344, 41554
1606793726, 0, 0, 950, 950, 2, 8.15%, 0, 0, 2, 11.88, 5344, 41611
1606793732, 0, 0, 951, 951, 2, 8.15%, 0, 0, 2, 11.21, 5344, 41666
1606793737, 0, 0, 952, 952, 2, 8.15%, 0, 0, 2, 10.67, 5344, 41728
1606793752, 0, 0, 953, 953, 2, 8.15%, 0, 0, 2, 9.27, 5344, 41861
1606793757, 0, 0, 954, 954, 2, 8.15%, 0, 0, 2, 15.86, 5344, 41946
1606793767, 0, 0, 955, 955, 2, 8.16%, 0, 0, 2, 8.32, 5345, 42320
1606793859, 0, 0, 957, 957, 2, 8.16%, 0, 0, 2, 1476.23, 5345, 53783
1606793865, 0, 0, 959, 959, 2, 8.16%, 0, 0, 2, 763.55, 5345, 54947
1606793905, 0, 0, 960, 960, 2, 8.16%, 0, 0, 2, 18.83, 5345, 57938
1606793921, 0, 0, 961, 961, 2, 8.16%, 0, 0, 2, 14.04, 5345, 58149
1606793926, 0, 0, 963, 963, 2, 8.16%, 0, 0, 2, 7.84, 5345, 58219
1606793931, 0, 0, 964, 964, 2, 8.16%, 0, 0, 2, 10.69, 5345, 58284
1606793936, 0, 0, 965, 965, 2, 8.16%, 0, 0, 2, 9.45, 5345, 58330
1606793941, 0, 0, 967, 967, 2, 8.16%, 0, 0, 2, 172.54, 5345, 58553
1606793946, 0, 0, 969, 969, 2, 8.16%, 0, 0, 2, 9.11, 5347, 58685
1606793961, 0, 0, 971, 971, 2, 8.16%, 0, 0, 2, 1890.06, 5348, 68544
1606793972, 0, 0, 973, 973, 2, 8.16%, 0, 0, 2, 7.17, 5349, 69109
1606793977, 0, 0, 976, 976, 2, 8.16%, 0, 0, 2, 7.64, 5349, 69169
1606793982, 0, 0, 977, 977, 2, 8.16%, 0, 0, 2, 8.73, 5349, 69215
1606793987, 0, 0, 979, 979, 2, 8.16%, 0, 0, 2, 8.91, 5349, 69261
1606793992, 0, 0, 980, 980, 2, 8.16%, 0, 0, 2, 8.58, 5349, 69304
1606794013, 0, 0, 982, 982, 2, 8.16%, 0, 0, 2, 10.03, 5350, 69502
1606794018, 0, 0, 985, 985, 2, 8.16%, 0, 0, 2, 9.07, 5350, 69547
1606794044, 0, 0, 986, 986, 2, 8.16%, 0, 0, 2, 40.22, 5351, 70251
1606794049, 0, 0, 996, 996, 2, 8.18%, 0, 0, 2, 8.50, 5361, 70406
1606794054, 0, 0, 998, 998, 2, 8.18%, 0, 0, 2, 9.45, 5361, 70456
1606794060, 0, 0, 999, 999, 2, 8.18%, 0, 0, 2, 11.99, 5361, 70516
1606794065, 0, 0, 1002, 1002, 2, 8.18%, 0, 0, 2, 13.59, 5361, 70594
1606794075, 0, 0, 1004, 1004, 2, 8.18%, 0, 0, 2, 92.60, 5361, 70809
1606794095, 0, 0, 1005, 1005, 2, 8.18%, 0, 0, 2, 8.51, 5361, 71164
1606794131, 0, 0, 1007, 1007, 2, 8.18%, 0, 0, 2, 7.85, 5363, 71623
1606794137, 0, 0, 1010, 1010, 2, 8.18%, 0, 0, 2, 7.95, 5363, 71710
1606794142, 0, 0, 1013, 1013, 2, 8.18%, 0, 0, 2, 8.66, 5363, 71815
1606794147, 0, 0, 1014, 1014, 2, 8.18%, 0, 0, 2, 75.76, 5363, 71961
1606794152, 0, 0, 1015, 1015, 2, 8.18%, 0, 0, 2, 52.43, 5363, 72102
1606794157, 0, 0, 1016, 1016, 2, 8.18%, 0, 0, 2, 52.95, 5363, 72235
1606794177, 0, 0, 1018, 1018, 2, 8.18%, 0, 0, 2, 23.95, 5363, 73054
1606794198, 0, 0, 1021, 1021, 2, 8.20%, 0, 0, 2, 18.36, 5371, 75991
1606794208, 0, 0, 1027, 1027, 2, 8.21%, 0, 0, 2, 34.22, 5382, 76456
1606794213, 0, 0, 1029, 1029, 2, 8.22%, 0, 0, 2, 21.42, 5386, 76554
1606794219, 0, 0, 1031, 1031, 2, 8.22%, 0, 0, 2, 19.72, 5386, 76654
1606794224, 0, 0, 1033, 1033, 2, 8.22%, 0, 0, 2, 13.13, 5386, 76713
1606794229, 0, 0, 1035, 1035, 2, 8.22%, 0, 0, 2, 11.60, 5386, 76771
1606794250, 0, 0, 1037, 1037, 2, 8.22%, 0, 0, 2, 18.95, 5386, 77099
1606794255, 0, 0, 1038, 1038, 2, 8.22%, 0, 0, 2, 17.07, 5386, 77180
1606794260, 0, 0, 1040, 1040, 2, 8.22%, 0, 0, 2, 22.52, 5386, 77310
1606794276, 0, 0, 1041, 1041, 2, 8.22%, 0, 0, 2, 15.75, 5386, 77749
1606794281, 0, 0, 1043, 1043, 2, 8.22%, 0, 0, 2, 7.25, 5386, 77970
1606794286, 0, 0, 1044, 1044, 2, 8.22%, 0, 0, 2, 32.32, 5386, 78194
1606794306, 0, 0, 1048, 1048, 2, 8.22%, 0, 0, 2, 8.67, 5386, 78571
1606794317, 0, 0, 1049, 1049, 2, 8.22%, 0, 0, 2, 12.59, 5386, 78749
1606794327, 0, 0, 1050, 1050, 2, 8.22%, 0, 0, 2, 9.14, 5386, 78998
1606794332, 0, 0, 1051, 1051, 2, 8.22%, 0, 0, 2, 10.28, 5387, 79072
1606794342, 0, 0, 1052, 1052, 2, 8.22%, 0, 0, 2, 13.91, 5387, 79257
1606794348, 0, 0, 1053, 1053, 2, 8.22%, 0, 0, 2, 12.31, 5387, 79318
1606794353, 0, 0, 1054, 1054, 2, 8.22%, 0, 0, 2, 8.54, 5390, 79595
1606794420, 0, 0, 1057, 1057, 2, 8.22%, 0, 0, 2, 8.30, 5390, 80597
1606794425, 0, 0, 1059, 1059, 2, 8.23%, 0, 0, 2, 8.14, 5392, 80709
1606794430, 0, 0, 1061, 1061, 2, 8.23%, 0, 0, 2, 9.54, 5392, 80859
1606794435, 0, 0, 1062, 1062, 2, 8.23%, 0, 0, 2, 30.42, 5392, 81041
1606794440, 0, 0, 1064, 1064, 2, 8.23%, 0, 0, 2, 29.34, 5392, 81182
1606794445, 0, 0, 1067, 1067, 2, 8.23%, 0, 0, 2, 22.95, 5392, 81276
1606794461, 0, 0, 1069, 1069, 2, 8.23%, 0, 0, 2, 784.47, 5392, 83025
1606794466, 0, 0, 1072, 1072, 2, 8.23%, 0, 0, 2, 27.07, 5392, 83169
1606794471, 0, 0, 1073, 1073, 2, 8.23%, 0, 0, 2, 33.32, 5392, 83334
1606794481, 0, 0, 1076, 1076, 2, 8.23%, 0, 0, 2, 1189.06, 5394, 87217
1606794486, 0, 0, 1077, 1077, 2, 8.23%, 0, 0, 2, 33.58, 5394, 89177
1606794507, 0, 0, 1079, 1079, 2, 8.23%, 0, 0, 2, 7.33, 5394, 90073
1606794512, 0, 0, 1080, 1080, 2, 8.23%, 0, 0, 2, 7.82, 5394, 90146
1606794517, 0, 0, 1082, 1082, 2, 8.23%, 0, 0, 2, 11.27, 5394, 90215
1606794522, 0, 0, 1083, 1083, 2, 8.23%, 0, 0, 2, 12.13, 5394, 90282
1606794527, 0, 0, 1084, 1084, 2, 8.23%, 0, 0, 2, 12.36, 5394, 90343
1606794553, 0, 0, 1085, 1085, 2, 8.23%, 0, 0, 2, 19.37, 5394, 90814
1606794558, 0, 0, 1086, 1086, 2, 8.23%, 0, 0, 2, 14.02, 5394, 91021
1606794563, 0, 0, 1087, 1087, 2, 8.23%, 0, 0, 2, 11.83, 5394, 91201
1606794578, 0, 0, 1088, 1088, 2, 8.23%, 0, 0, 2, 18.55, 5394, 91684
1606794583, 0, 0, 1090, 1090, 2, 8.23%, 0, 0, 2, 18.22, 5394, 91768
1606794594, 0, 0, 1092, 1092, 2, 8.23%, 0, 0, 2, 11.36, 5394, 92068
1606794599, 0, 0, 1093, 1093, 2, 8.23%, 0, 0, 2, 129.96, 5394, 92175
1606794604, 0, 0, 1094, 1094, 2, 8.23%, 0, 0, 2, 27.87, 5394, 92453
1606794609, 0, 0, 1095, 1095, 2, 8.23%, 0, 0, 2, 278.88, 5394, 92637
1606794630, 0, 0, 1096, 1096, 2, 8.23%, 0, 0, 2, 25.18, 5394, 93199
1606794635, 0, 0, 1097, 1097, 2, 8.23%, 0, 0, 2, 35.76, 5394, 93463
1606794650, 0, 0, 1098, 1098, 2, 8.23%, 0, 0, 2, 16.50, 5394, 93864
1606794676, 0, 0, 1100, 1100, 2, 8.24%, 0, 0, 2, 17.18, 5399, 94641
1606794681, 0, 0, 1101, 1101, 2, 8.24%, 0, 0, 2, 8.64, 5399, 94727
1606794701, 0, 0, 1103, 1103, 2, 8.24%, 0, 0, 2, 7.71, 5399, 94997
1606794706, 0, 0, 1104, 1104, 2, 8.24%, 0, 0, 2, 8.90, 5399, 95045
1606794717, 0, 0, 1105, 1105, 2, 8.24%, 0, 0, 2, 9.25, 5399, 95143
1606794890, 0, 0, 1113, 1113, 2, 8.24%, 0, 0, 2, 17.70, 5402, 98760
1606794895, 0, 0, 1116, 1116, 2, 8.27%, 0, 0, 2, 16.09, 5420, 99305
1606794900, 0, 0, 1119, 1119, 2, 8.27%, 0, 0, 2, 24.84, 5420, 100057
1606794905, 0, 0, 1120, 1120, 2, 8.27%, 0, 0, 2, 91.22, 5420, 100375
1606794910, 0, 0, 1123, 1123, 2, 8.27%, 0, 0, 2, 116.73, 5421, 100633
1606794946, 0, 0, 1124, 1124, 2, 8.27%, 0, 0, 2, 8.69, 5421, 101002
1606794951, 0, 0, 1125, 1125, 2, 8.27%, 0, 0, 2, 8.88, 5421, 101048
1606794962, 0, 0, 1127, 1127, 2, 8.27%, 0, 0, 2, 9.32, 5421, 101145
1606795039, 0, 0, 1128, 1128, 2, 8.27%, 0, 0, 2, 7.74, 5421, 101925
1606795136, 0, 0, 1129, 1129, 2, 8.27%, 0, 0, 2, 64.94, 5421, 104339
1606795141, 0, 0, 1131, 1131, 2, 8.27%, 0, 0, 2, 10.51, 5422, 105264
1606795146, 0, 0, 1133, 1133, 2, 8.27%, 0, 0, 2, 126.07, 5422, 106277
1606795151, 0, 0, 1137, 1137, 2, 8.29%, 0, 0, 2, 10.19, 5430, 106450
1606795161, 0, 0, 1139, 1139, 2, 8.29%, 0, 0, 2, 198.36, 5431, 107117
1606795167, 0, 0, 1153, 1153, 2, 8.31%, 0, 0, 2, 216.04, 5444, 108288
1606795172, 0, 1, 1183, 1182, 171, 8.34%, 0, 0, 2, 16.70, 5464, 111103
1606795177, 0, 1, 1189, 1188, 171, 8.37%, 0, 0, 2, 1573.10, 5487, 119195
1606795193, 0, 6, 1197, 1194, 173, 8.38%, 0, 0, 2, 2000.84, 5492, 142561
1606795198, 0, 8, 1197, 1193, 172, 8.38%, 0, 0, 2, 69.50, 5492, 143858
1606795573, 0, 8, 1198, 1194, 172, 8.38%, 0, 0, 3, 23.61, 5493, 149036
1606795578, 0, 8, 1199, 1195, 172, 8.39%, 0, 0, 3, 8.80, 5500, 149556
1606795891, 0, 8, 1200, 1196, 172, 8.39%, 0, 0, 3, 27.01, 5500, 154965
1606795896, 0, 8, 1201, 1197, 172, 8.39%, 0, 0, 3, 8.27, 5500, 155121
1606796049, 0, 8, 1202, 1198, 172, 8.39%, 0, 0, 3, 7.51, 5500, 156729
1606796896, 0, 8, 1203, 1199, 172, 8.39%, 0, 0, 3, 7.21, 5500, 166132
1606796901, 0, 8, 1204, 1200, 172, 8.39%, 0, 0, 3, 15.07, 5500, 167729
1606796912, 0, 8, 1205, 1201, 172, 8.39%, 0, 0, 3, 12.57, 5500, 168169
1606796942, 0, 8, 1207, 1203, 172, 8.40%, 0, 0, 3, 748.85, 5502, 171807
1606796958, 0, 8, 1208, 1204, 172, 8.40%, 0, 0, 3, 9.61, 5502, 172049
1606797034, 0, 8, 1209, 1205, 172, 8.40%, 0, 0, 3, 8.42, 5502, 172876
1606797039, 0, 8, 1210, 1206, 172, 8.40%, 0, 0, 3, 8.39, 5502, 172918
1606797070, 0, 8, 1211, 1207, 172, 8.40%, 0, 0, 3, 8.50, 5502, 173204
1606798466, 0, 8, 1212, 1208, 172, 8.40%, 0, 0, 3, 8.08, 5502, 235501
1606798681, 0, 11, 1213, 1207, 170, 8.40%, 0, 0, 3, 1479.13, 5507, 245695
1606798691, 0, 11, 1214, 1208, 170, 8.40%, 0, 0, 3, 1365.17, 5507, 256044
1606798770, 0, 14, 1215, 1208, 169, 8.41%, 0, 0, 3, 1540.00, 5509, 314957
1606798775, 0, 17, 1215, 1207, 168, 8.41%, 0, 0, 3, 1683.70, 5509, 324085
1606798790, 0, 17, 1216, 1208, 168, 8.41%, 0, 0, 3, 1825.98, 5509, 351458
1606798795, 0, 18, 1217, 1208, 167, 8.41%, 0, 0, 3, 1980.81, 5511, 361382
1606798805, 0, 19, 1218, 1208, 167, 8.41%, 0, 0, 3, 2057.60, 5512, 382319
1606798815, 0, 20, 1218, 1207, 166, 8.41%, 0, 0, 3, 2051.13, 5512, 402965
1606798820, 0, 21, 1220, 1208, 165, 8.41%, 0, 0, 3, 2092.89, 5512, 413574
1606798825, 0, 22, 1220, 1207, 164, 8.41%, 0, 0, 3, 1672.32, 5512, 421524
1606798886, 0, 23, 1220, 1206, 163, 8.41%, 0, 0, 3, 10.04, 5512, 514595
1606798907, 0, 23, 1222, 1208, 163, 8.41%, 0, 0, 3, 9.15, 5512, 514846
1606798917, 0, 23, 1223, 1209, 163, 8.41%, 0, 0, 3, 8.08, 5512, 514928
1606798922, 0, 23, 1224, 1210, 163, 8.41%, 0, 0, 3, 7.87, 5512, 514968
1606798927, 0, 23, 1225, 1211, 163, 8.41%, 0, 0, 3, 8.01, 5512, 515010
1606798932, 0, 23, 1226, 1212, 163, 8.41%, 0, 0, 3, 7.99, 5512, 515050
1606798973, 0, 23, 1227, 1213, 163, 8.41%, 0, 0, 3, 7.52, 5512, 515424
1606799040, 0, 23, 1229, 1215, 163, 8.42%, 0, 0, 3, 70.36, 5520, 516544
1606799050, 0, 23, 1230, 1216, 163, 8.42%, 0, 0, 3, 8.83, 5520, 517121
1606799066, 0, 23, 1231, 1217, 163, 8.42%, 0, 0, 3, 9.41, 5520, 517271
1606799076, 0, 23, 1235, 1221, 163, 8.42%, 0, 0, 3, 10.21, 5520, 517380
1606799091, 0, 23, 1236, 1222, 163, 8.42%, 0, 0, 3, 10.59, 5520, 517546
1606799275, 0, 23, 1238, 1224, 163, 8.42%, 0, 0, 3, 13.80, 5520, 519904
1606799286, 0, 23, 1239, 1225, 163, 8.42%, 0, 0, 3, 8.62, 5520, 520498
1606799291, 0, 23, 1240, 1226, 163, 8.42%, 0, 0, 3, 10.14, 5520, 520554
1606799311, 0, 23, 1241, 1227, 163, 8.42%, 0, 0, 3, 12.09, 5520, 520795
1606799322, 0, 23, 1243, 1229, 163, 8.42%, 0, 0, 3, 12.65, 5520, 520923
1606799372, 0, 23, 1244, 1230, 163, 8.42%, 0, 0, 3, 7.69, 5520, 521618
1606799495, 0, 23, 1245, 1231, 163, 8.42%, 0, 0, 3, 18.69, 5520, 523735
1606799501, 0, 23, 1246, 1232, 163, 8.42%, 0, 0, 3, 13.72, 5520, 523871
1606799511, 0, 23, 1248, 1234, 163, 8.42%, 0, 0, 3, 9.80, 5520, 523979
1606799521, 0, 23, 1250, 1236, 163, 8.42%, 0, 0, 3, 14.00, 5520, 524112
1606799557, 0, 23, 1251, 1237, 163, 8.42%, 0, 0, 3, 12.99, 5520, 524660
1606799587, 0, 23, 1252, 1238, 163, 8.42%, 0, 0, 3, 46.41, 5520, 525540
1606799597, 0, 23, 1253, 1239, 163, 8.42%, 0, 0, 3, 22.95, 5520, 525940
1606799715, 0, 23, 1254, 1240, 163, 8.42%, 0, 0, 3, 7.91, 5520, 527482
1606799858, 0, 23, 1255, 1241, 163, 8.42%, 0, 0, 3, 8.24, 5520, 528657
1606800559, 0, 23, 1257, 1243, 163, 8.42%, 0, 0, 3, 7.65, 5520, 537169
1606800564, 0, 23, 1259, 1245, 163, 8.42%, 0, 0, 3, 8.55, 5520, 538756
1606800569, 0, 23, 1262, 1248, 163, 8.43%, 0, 0, 3, 11.56, 5523, 538823
1606800574, 0, 23, 1266, 1252, 163, 8.43%, 0, 0, 3, 13.83, 5523, 538894
1606800579, 0, 23, 1269, 1255, 163, 8.43%, 0, 0, 3, 8.40, 5523, 539182
1606800584, 0, 23, 1271, 1257, 163, 8.43%, 0, 0, 3, 15.92, 5523, 539296
1606800595, 0, 23, 1272, 1258, 163, 8.43%, 0, 0, 3, 18.00, 5523, 539484
1606800600, 0, 23, 1273, 1259, 163, 8.43%, 0, 0, 3, 13.29, 5523, 539546
1606800605, 0, 23, 1274, 1260, 163, 8.43%, 0, 0, 3, 19.38, 5523, 539641
1606800610, 0, 23, 1275, 1261, 163, 8.43%, 0, 0, 3, 65.91, 5523, 542219
1606800707, 0, 23, 1276, 1262, 163, 8.43%, 0, 0, 3, 8.43, 5523, 544016
1606800712, 0, 23, 1277, 1263, 163, 8.43%, 0, 0, 3, 8.20, 5523, 544059
1606800764, 0, 23, 1278, 1264, 163, 8.43%, 0, 0, 3, 16.27, 5523, 544667
1606800769, 0, 23, 1280, 1266, 163, 8.43%, 0, 0, 3, 10.62, 5523, 544712
1606800785, 0, 23, 1281, 1267, 163, 8.43%, 0, 0, 3, 11.65, 5523, 544928
1606800841, 0, 23, 1282, 1268, 163, 8.43%, 0, 0, 3, 9.85, 5523, 545871
1606800984, 0, 23, 1283, 1269, 163, 8.43%, 0, 0, 3, 13.31, 5523, 548289
1606801118, 0, 23, 1284, 1270, 163, 8.43%, 0, 0, 3, 7.25, 5523, 550312
1606801123, 0, 23, 1285, 1271, 163, 8.43%, 0, 0, 3, 7.81, 5523, 550353
1606801192, 0, 23, 1286, 1272, 163, 8.43%, 0, 0, 3, 13.80, 5523, 565083
1606801248, 0, 23, 1287, 1273, 163, 8.43%, 0, 0, 3, 7.74, 5523, 576149
1606801259, 0, 23, 1288, 1274, 163, 8.43%, 0, 0, 3, 9.35, 5523, 576246
1606801284, 0, 23, 1290, 1276, 163, 8.43%, 0, 0, 3, 9.84, 5523, 576498
1606801412, 0, 23, 1291, 1277, 163, 8.43%, 0, 0, 3, 38.15, 5523, 579240
1606801489, 0, 23, 1292, 1278, 163, 8.43%, 0, 0, 3, 16.76, 5523, 583689
1606801540, 0, 23, 1293, 1279, 163, 8.43%, 0, 0, 3, 13.74, 5523, 585150
1606801571, 0, 23, 1294, 1280, 163, 8.43%, 0, 0, 3, 13.22, 5523, 585733
1606801642, 0, 23, 1295, 1281, 163, 8.43%, 0, 0, 3, 34.72, 5523, 587045
1606801647, 0, 23, 1297, 1283, 163, 8.43%, 0, 0, 3, 23.45, 5523, 587159
1606801678, 0, 23, 1298, 1284, 163, 8.43%, 0, 0, 3, 30.72, 5523, 589572
1606801730, 0, 23, 1299, 1285, 163, 8.43%, 0, 0, 3, 13.65, 5523, 596569
1606801735, 0, 23, 1300, 1286, 163, 8.43%, 0, 0, 3, 18.00, 5523, 596671
1606801740, 0, 23, 1302, 1288, 163, 8.43%, 0, 0, 3, 17.16, 5523, 596753
1606801755, 0, 23, 1303, 1289, 163, 8.43%, 0, 0, 3, 19.96, 5523, 597027
1606801761, 0, 23, 1304, 1290, 163, 8.43%, 0, 0, 3, 23.61, 5523, 597153
1606801771, 0, 23, 1305, 1291, 163, 8.43%, 0, 0, 3, 48.00, 5523, 597600
1606801802, 0, 23, 1306, 1292, 163, 8.43%, 0, 0, 3, 17.74, 5523, 598654
1606801828, 0, 23, 1307, 1293, 163, 8.43%, 0, 0, 3, 43.04, 5523, 599610
1606801838, 0, 23, 1308, 1294, 163, 8.43%, 0, 0, 3, 23.73, 5523, 599919
1606801848, 0, 23, 1310, 1296, 163, 8.43%, 0, 0, 3, 14.44, 5523, 600076
1606802073, 0, 23, 1311, 1297, 163, 8.43%, 0, 0, 3, 11.72, 5523, 605024
1606802078, 0, 23, 1312, 1298, 163, 8.43%, 0, 0, 3, 54.73, 5523, 606104
1606802109, 0, 23, 1313, 1299, 163, 8.43%, 0, 0, 3, 7.46, 5523, 606904
1606802114, 0, 23, 1314, 1300, 163, 8.43%, 0, 0, 3, 8.46, 5523, 606948
1606802303, 0, 23, 1315, 1301, 163, 8.43%, 0, 0, 3, 107.55, 5523, 612185
1606802319, 0, 180, 1317, 1302, 161, 8.43%, 0, 0, 3, 1858.06, 5526, 619179
1606802349, 0, 185, 1317, 1301, 163, 8.43%, 0, 0, 3, 2119.87, 5526, 684473
1606802370, 0, 187, 1318, 1301, 162, 8.44%, 0, 0, 3, 2195.38, 5528, 729359
1606802385, 0, 189, 1318, 1300, 162, 8.44%, 0, 0, 3, 2174.00, 5528, 762868
1606802405, 0, 191, 1318, 1299, 161, 8.44%, 0, 0, 3, 2172.18, 5528, 807475
1606802421, 0, 195, 1318, 1298, 160, 8.44%, 0, 0, 3, 2179.84, 5528, 840859
1606802441, 0, 198, 1318, 1297, 159, 8.44%, 0, 0, 3, 2204.45, 5528, 886009
1606802457, 0, 202, 1318, 1296, 158, 8.44%, 0, 0, 3, 2169.71, 5528, 919184
1606802477, 0, 206, 1319, 1296, 156, 8.44%, 0, 0, 3, 1981.83, 5529, 962324
1606802498, 0, 207, 1319, 1295, 156, 8.44%, 0, 0, 3, 1814.31, 5529, 1002049
1606802518, 0, 212, 1319, 1294, 155, 8.44%, 0, 0, 3, 1868.63, 5529, 1040859
1606802523, 0, 212, 1321, 1296, 155, 8.44%, 0, 0, 3, 1711.04, 5531, 1048775
1606802549, 0, 212, 1322, 1297, 155, 8.44%, 0, 0, 3, 1810.63, 5531, 1090345
1606802559, 0, 215, 1323, 1297, 156, 8.44%, 0, 0, 3, 1629.21, 5531, 1107043
1606802584, 0, 219, 1323, 1296, 155, 8.44%, 0, 0, 3, 1839.81, 5531, 1153762
1606802614, 0, 223, 1323, 1295, 154, 8.44%, 0, 0, 3, 1763.89, 5531, 1209173
1606802635, 0, 233, 1323, 1294, 153, 8.44%, 0, 0, 3, 1813.95, 5531, 1248473
1606802665, 0, 237, 1323, 1293, 152, 8.44%, 0, 0, 3, 1717.54, 5531, 1304262
1606802686, 0, 237, 1326, 1296, 152, 8.44%, 0, 0, 3, 1961.40, 5532, 1343135
1606802691, 0, 237, 1328, 1298, 152, 8.44%, 0, 0, 3, 1784.17, 5532, 1352068
1606802696, 0, 238, 1328, 1297, 151, 8.44%, 0, 0, 3, 1762.87, 5532, 1360733
1606802722, 0, 239, 1328, 1296, 150, 8.44%, 0, 0, 3, 1748.76, 5532, 1407834
1606802752, 0, 240, 1328, 1295, 149, 8.44%, 0, 0, 3, 1751.64, 5532, 1464035
1606802783, 0, 241, 1328, 1294, 148, 8.44%, 0, 0, 3, 1731.91, 5532, 1519314
1606802813, 0, 242, 1328, 1293, 147, 8.44%, 0, 0, 3, 1751.53, 5532, 1576249
1606802844, 0, 243, 1328, 1292, 146, 8.44%, 0, 0, 3, 1640.74, 5532, 1631480
1606802891, 0, 246, 1329, 1292, 146, 8.44%, 0, 0, 3, 1649.13, 5532, 1707028
1606802921, 0, 253, 1329, 1291, 145, 8.44%, 0, 0, 3, 1710.21, 5532, 1762884
1606802926, 0, 253, 1330, 1292, 145, 8.44%, 0, 0, 3, 1663.33, 5532, 1771192
1606802967, 0, 289, 1330, 1291, 144, 8.44%, 0, 0, 3, 7.29, 5532, 1835033
1606803106, 0, 289, 1331, 1292, 144, 8.44%, 0, 0, 3, 89.98, 5532, 1836865
1606803111, 0, 289, 1333, 1294, 144, 8.44%, 0, 0, 3, 11.01, 5532, 1836965
1606803116, 0, 289, 1335, 1296, 144, 8.44%, 0, 0, 3, 747.79, 5532, 1837384
1606803132, 0, 289, 1336, 1297, 144, 8.44%, 0, 0, 3, 9.71, 5532, 1837642
1606803147, 0, 289, 1337, 1298, 144, 8.44%, 0, 0, 3, 10.59, 5532, 1837804
1606803162, 0, 289, 1338, 1299, 144, 8.44%, 0, 0, 3, 15.36, 5532, 1837998
1606803173, 0, 289, 1339, 1300, 144, 8.44%, 0, 0, 3, 10.99, 5532, 1838131
1606803178, 0, 289, 1340, 1301, 144, 8.44%, 0, 0, 3, 9.78, 5532, 1838180
1606803193, 0, 289, 1341, 1302, 144, 8.44%, 0, 0, 3, 10.96, 5532, 1838360
1606803224, 0, 289, 1342, 1303, 144, 8.44%, 0, 0, 3, 8.26, 5532, 1838721
1606803234, 0, 289, 1343, 1304, 144, 8.44%, 0, 0, 3, 8.20, 5532, 1838805
1606803341, 0, 289, 1344, 1305, 144, 8.44%, 0, 0, 3, 12.85, 5532, 1840347
1606803398, 0, 289, 1345, 1306, 144, 8.44%, 0, 0, 3, 11.01, 5532, 1841559
1606803434, 0, 289, 1346, 1307, 144, 8.44%, 0, 0, 3, 8.53, 5532, 1842032
1606803459, 0, 289, 1347, 1308, 144, 8.44%, 0, 0, 3, 8.13, 5532, 1842241
1606803495, 0, 289, 1348, 1309, 144, 8.44%, 0, 0, 3, 8.12, 5532, 1842587
1606803552, 0, 289, 1349, 1310, 144, 8.44%, 0, 0, 3, 1660.75, 5532, 1843625
1606803562, 0, 289, 1351, 1312, 144, 8.44%, 0, 0, 3, 13.60, 5532, 1844285
1606803608, 0, 289, 1352, 1313, 144, 8.44%, 0, 0, 3, 12.84, 5532, 1844946
1606803639, 0, 289, 1353, 1314, 144, 8.44%, 0, 0, 3, 13.11, 5532, 1845600
1606803644, 0, 289, 1354, 1315, 144, 8.44%, 0, 0, 3, 8.15, 5532, 1845890
1606803649, 0, 289, 1355, 1316, 144, 8.44%, 0, 0, 3, 15.51, 5532, 1845997
1606803659, 0, 289, 1356, 1317, 144, 8.44%, 0, 0, 3, 23.65, 5532, 1846401
1606804614, 0, 289, 1358, 1319, 144, 8.44%, 0, 0, 3, 8.86, 5532, 1857499
1606804619, 0, 289, 1362, 1323, 144, 8.44%, 0, 0, 3, 10.89, 5532, 1857692
1606804625, 0, 289, 1364, 1325, 144, 8.44%, 0, 0, 3, 11.60, 5532, 1859194
1606804630, 0, 289, 1365, 1326, 144, 8.44%, 0, 0, 3, 10.70, 5532, 1859458
1606804640, 0, 289, 1366, 1327, 144, 8.44%, 0, 0, 3, 15.63, 5532, 1859726
1606804655, 0, 289, 1367, 1328, 144, 8.44%, 0, 0, 3, 28.51, 5532, 1862500
1606804742, 0, 289, 1368, 1329, 144, 8.44%, 0, 0, 3, 8.20, 5532, 1864244
1606804778, 0, 289, 1369, 1330, 144, 8.44%, 0, 0, 3, 8.73, 5532, 1864575
1606805286, 0, 289, 1370, 1331, 144, 8.44%, 0, 0, 3, 9.73, 5532, 1896357
1606805292, 0, 289, 1371, 1332, 144, 8.44%, 0, 0, 3, 9.64, 5532, 1896406
1606805430, 0, 289, 1372, 1333, 144, 8.44%, 0, 0, 3, 29.69, 5532, 1898797
1606805507, 0, 289, 1373, 1334, 144, 8.44%, 0, 0, 3, 13.56, 5532, 1903554
1606805517, 0, 289, 1374, 1335, 144, 8.44%, 0, 0, 3, 13.68, 5532, 1903702
1606805547, 0, 289, 1375, 1336, 144, 8.44%, 0, 0, 3, 21.54, 5532, 1904480
1606805593, 0, 289, 1376, 1337, 144, 8.44%, 0, 0, 3, 9.72, 5532, 1905680
1606805681, 0, 289, 1377, 1338, 144, 8.44%, 0, 0, 3, 8.44, 5532, 1907319
1606805686, 0, 289, 1378, 1339, 144, 8.44%, 0, 0, 3, 26.35, 5532, 1907520
1606805757, 0, 289, 1379, 1340, 144, 8.44%, 0, 0, 3, 14.55, 5532, 1916632
1606805778, 0, 289, 1380, 1341, 144, 8.44%, 0, 0, 3, 15.02, 5532, 1916987
1606805803, 0, 289, 1381, 1342, 144, 8.44%, 0, 0, 3, 20.95, 5532, 1917790
1606805871, 0, 289, 1382, 1343, 144, 8.44%, 0, 0, 3, 17.69, 5532, 1920090
1606805922, 0, 289, 1383, 1344, 144, 8.44%, 0, 0, 3, 7.78, 5532, 1921252
1606805928, 0, 289, 1384, 1345, 144, 8.44%, 0, 0, 3, 9.64, 5532, 1921306
1606806107, 0, 289, 1385, 1346, 144, 8.44%, 0, 0, 3, 481.62, 5532, 1925826
1606806112, 0, 289, 1386, 1347, 144, 8.44%, 0, 0, 3, 57.66, 5532, 1926485
1606806142, 0, 289, 1387, 1348, 144, 8.44%, 0, 0, 3, 7.67, 5532, 1927044
1606806331, 0, 289, 1388, 1349, 144, 8.44%, 0, 0, 3, 9.77, 5532, 1931325
1606806336, 0, 289, 1390, 1351, 144, 8.44%, 0, 0, 3, 64.24, 5532, 1932322
1606806357, 0, 289, 1393, 1354, 144, 8.44%, 0, 0, 3, 10.06, 5533, 1934676
1606806362, 0, 289, 1395, 1356, 144, 8.44%, 0, 0, 3, 12.11, 5533, 1934730
1606806367, 0, 289, 1397, 1358, 144, 8.44%, 0, 0, 3, 10.50, 5533, 1934777
1606806372, 0, 289, 1398, 1359, 144, 8.44%, 0, 0, 3, 80.42, 5533, 1934882
1606806382, 0, 289, 1400, 1361, 144, 8.44%, 0, 0, 3, 8.22, 5533, 1935298
1606806388, 0, 289, 1401, 1362, 144, 8.44%, 0, 0, 3, 8.99, 5533, 1935346
1606806398, 0, 302, 1401, 1361, 142, 8.44%, 0, 0, 3, 1802.46, 5533, 1943233
1606806408, 0, 302, 1402, 1362, 142, 8.44%, 0, 0, 3, 1941.04, 5533, 1961760
1606806423, 0, 308, 1402, 1361, 141, 8.44%, 0, 0, 3, 1744.92, 5533, 1990315
1606806464, 0, 325, 1402, 1360, 140, 8.44%, 0, 0, 3, 1668.86, 5533, 2063039
1606806505, 0, 326, 1402, 1359, 139, 8.44%, 0, 0, 3, 1615.93, 5533, 2129535
1606806546, 0, 327, 1402, 1358, 138, 8.44%, 0, 0, 3, 1583.96, 5533, 2197753
1606806589, 0, 328, 1402, 1357, 137, 8.44%, 0, 0, 3, 1667.89, 5533, 2268468
1606806634, 0, 397, 1403, 1357, 136, 8.44%, 0, 0, 3, 8.02, 5534, 2338181
1606806665, 0, 397, 1404, 1358, 136, 8.44%, 0, 0, 3, 7.96, 5534, 2338477
1606806786, 0, 397, 1405, 1359, 136, 8.45%, 0, 0, 3, 25.91, 5535, 2340061
1606806807, 0, 397, 1406, 1360, 136, 8.45%, 0, 0, 3, 9.70, 5535, 2340729
1606806879, 0, 397, 1407, 1361, 136, 8.45%, 0, 0, 3, 8.03, 5537, 2341576
1606806894, 0, 397, 1408, 1362, 136, 8.45%, 0, 0, 3, 7.60, 5537, 2341738
1606806914, 0, 397, 1409, 1363, 136, 8.45%, 0, 0, 3, 7.74, 5537, 2341898
1606806961, 0, 397, 1410, 1364, 136, 8.45%, 0, 0, 3, 7.73, 5537, 2342302
1606807026, 0, 397, 1412, 1366, 136, 8.45%, 0, 0, 3, 9.54, 5537, 2343417
1606807047, 0, 397, 1413, 1367, 136, 8.45%, 0, 0, 3, 11.09, 5537, 2344121
1606807052, 0, 397, 1414, 1368, 136, 8.45%, 0, 0, 3, 10.68, 5537, 2344171
1606807088, 0, 397, 1415, 1369, 136, 8.45%, 0, 0, 3, 10.41, 5537, 2344652
1606807109, 0, 397, 1416, 1370, 136, 8.46%, 0, 0, 3, 7.97, 5544, 2344943
1606807144, 0, 397, 1417, 1371, 136, 8.46%, 0, 0, 3, 8.00, 5544, 2345274
1606807250, 0, 397, 1418, 1372, 136, 8.46%, 0, 0, 3, 30.74, 5544, 2346794
1606807281, 0, 397, 1419, 1373, 136, 8.46%, 0, 0, 3, 12.04, 5544, 2347629
1606807332, 0, 397, 1420, 1374, 136, 8.46%, 0, 0, 3, 19.34, 5544, 2348590
1606807343, 0, 397, 1421, 1375, 136, 8.46%, 0, 0, 3, 7.30, 5544, 2348946
1606807353, 0, 397, 1422, 1376, 136, 8.46%, 0, 0, 3, 7.41, 5544, 2349145
1606807358, 0, 397, 1423, 1377, 136, 8.46%, 0, 0, 3, 27.66, 5544, 2349428
1606807481, 0, 397, 1424, 1378, 136, 8.46%, 0, 0, 3, 7.69, 5544, 2350918
1606808386, 0, 397, 1427, 1381, 136, 8.46%, 0, 0, 3, 7.25, 5544, 2360574
1606808391, 0, 397, 1429, 1383, 136, 8.46%, 0, 0, 3, 1283.32, 5544, 2362206
1606808396, 0, 397, 1430, 1384, 136, 8.46%, 0, 0, 3, 11.25, 5544, 2362266
1606808401, 0, 397, 1434, 1388, 136, 8.46%, 0, 0, 3, 14.76, 5546, 2362350
1606808411, 0, 397, 1436, 1390, 136, 8.46%, 0, 0, 3, 10.63, 5546, 2362740
1606808422, 0, 397, 1437, 1391, 136, 8.46%, 0, 0, 3, 16.73, 5546, 2362911
1606808427, 0, 397, 1438, 1392, 136, 8.46%, 0, 0, 3, 13.23, 5546, 2362968
1606808432, 0, 397, 1439, 1393, 136, 8.46%, 0, 0, 3, 144.78, 5546, 2364348
1606808437, 0, 397, 1440, 1394, 136, 8.46%, 0, 0, 3, 27.14, 5546, 2365648
1606808493, 0, 397, 1441, 1395, 136, 8.46%, 0, 0, 3, 12.11, 5546, 2367026
1606808524, 0, 397, 1442, 1396, 136, 8.46%, 0, 0, 3, 8.34, 5546, 2367334
1606808529, 0, 397, 1443, 1397, 136, 8.46%, 0, 0, 3, 8.17, 5546, 2367375
1606808545, 0, 397, 1444, 1398, 136, 8.46%, 0, 0, 3, 10.78, 5546, 2367518
1606808632, 0, 397, 1445, 1399, 136, 8.46%, 0, 0, 3, 16.05, 5546, 2368554
1606808678, 0, 397, 1446, 1400, 136, 8.46%, 0, 0, 3, 11.25, 5546, 2369271
1606808693, 0, 397, 1447, 1401, 136, 8.46%, 0, 0, 3, 26.81, 5546, 2369610
1606809058, 0, 397, 1448, 1402, 136, 8.46%, 0, 0, 3, 12.37, 5546, 2388691
1606809104, 0, 397, 1450, 1404, 136, 8.46%, 0, 0, 3, 9.32, 5546, 2399511
1606809263, 0, 397, 1451, 1405, 136, 8.46%, 0, 0, 3, 25.36, 5546, 2402157
1606809329, 0, 397, 1452, 1406, 136, 8.46%, 0, 0, 3, 18.31, 5546, 2406609
1606809355, 0, 397, 1453, 1407, 136, 8.46%, 0, 0, 3, 7.23, 5546, 2406998
1606809520, 0, 397, 1454, 1408, 136, 8.46%, 0, 0, 3, 27.63, 5546, 2410327
1606809535, 0, 397, 1455, 1409, 136, 8.46%, 0, 0, 3, 34.24, 5546, 2410912
1606809597, 0, 397, 1456, 1410, 136, 8.47%, 0, 0, 3, 54.74, 5549, 2419688
1606809602, 0, 397, 1457, 1411, 136, 8.47%, 0, 0, 3, 8.06, 5549, 2419760
1606809617, 0, 397, 1458, 1412, 136, 8.47%, 0, 0, 3, 17.32, 5549, 2420022
1606809633, 0, 397, 1459, 1413, 136, 8.47%, 0, 0, 3, 16.92, 5549, 2420280
1606809638, 0, 397, 1460, 1414, 136, 8.47%, 0, 0, 3, 16.20, 5549, 2420351
1606809653, 0, 397, 1462, 1416, 136, 8.47%, 0, 0, 3, 10.40, 5549, 2420899
1606809965, 0, 397, 1463, 1417, 136, 8.47%, 0, 0, 3, 429.81, 5549, 2429337
1606810001, 0, 397, 1464, 1418, 136, 8.47%, 0, 0, 3, 8.40, 5550, 2430198
1606810021, 0, 397, 1465, 1419, 136, 8.47%, 0, 0, 3, 9.25, 5550, 2430394
1606810195, 0, 397, 1466, 1420, 136, 8.47%, 0, 0, 3, 328.80, 5550, 2434847
1606810216, 0, 397, 1467, 1421, 136, 8.47%, 0, 0, 3, 8.21, 5550, 2437788
1606810231, 0, 397, 1468, 1422, 136, 8.47%, 0, 0, 3, 45.00, 5550, 2438009
1606810241, 0, 397, 1469, 1423, 136, 8.47%, 0, 0, 3, 9.60, 5550, 2438419
1606810246, 0, 445, 1469, 1422, 138, 8.47%, 0, 0, 3, 296.16, 5550, 2438649
1606810380, 0, 445, 1470, 1423, 138, 8.47%, 0, 0, 3, 25.76, 5550, 2440386
1606810385, 0, 445, 1471, 1424, 138, 8.47%, 0, 0, 3, 12.78, 5550, 2440679
1606810420, 0, 445, 1472, 1425, 138, 8.47%, 0, 0, 3, 10.93, 5550, 2441543
1606810595, 0, 445, 1473, 1426, 138, 8.47%, 0, 0, 3, 21.91, 5550, 2443975
1606810656, 0, 445, 1474, 1427, 138, 8.47%, 0, 0, 3, 12.77, 5550, 2445297
1606810845, 0, 445, 1476, 1429, 138, 8.47%, 0, 0, 3, 14.30, 5550, 2448559
1606811403, 0, 445, 1477, 1430, 138, 8.47%, 0, 0, 3, 8.72, 5550, 2455257
1606811802, 0, 445, 1478, 1431, 138, 8.47%, 0, 0, 3, 7.58, 5550, 2461058
1606811808, 0, 445, 1479, 1432, 138, 8.47%, 0, 0, 3, 28.55, 5550, 2462720
1606811813, 0, 445, 1481, 1434, 138, 8.47%, 0, 0, 3, 289.39, 5550, 2462879
1606811838, 0, 445, 1482, 1435, 138, 8.47%, 0, 0, 3, 31.97, 5550, 2466048
1606811874, 0, 445, 1483, 1436, 138, 8.47%, 0, 0, 3, 13.62, 5550, 2467221
1606812320, 0, 445, 1484, 1437, 138, 8.47%, 0, 0, 3, 8.58, 5550, 2474072
1606812346, 0, 445, 1485, 1438, 138, 8.47%, 0, 0, 3, 79.07, 5550, 2487678
1606812510, 0, 445, 1486, 1439, 138, 8.47%, 0, 0, 3, 12.34, 5550, 2501076
1606812700, 0, 445, 1487, 1440, 138, 8.47%, 0, 0, 3, 28.43, 5550, 2508480
1606812813, 0, 445, 1488, 1441, 138, 8.47%, 0, 0, 3, 68.89, 5550, 2510692
1606812823, 0, 445, 1491, 1444, 138, 8.47%, 0, 0, 3, 24.32, 5550, 2511032
1606812875, 0, 445, 1492, 1445, 138, 8.47%, 0, 0, 3, 18.93, 5550, 2519714
1606812880, 0, 445, 1493, 1446, 138, 8.47%, 0, 0, 3, 13.27, 5550, 2519818
1606812905, 0, 445, 1494, 1447, 138, 8.47%, 0, 0, 3, 20.14, 5550, 2520392
1606812962, 0, 445, 1495, 1448, 138, 8.47%, 0, 0, 3, 25.55, 5550, 2522291
1606813228, 0, 445, 1496, 1449, 138, 8.47%, 0, 0, 3, 64.24, 5550, 2530087
1606813254, 0, 445, 1497, 1450, 138, 8.47%, 0, 0, 3, 7.38, 5550, 2530529
1606813438, 0, 445, 1499, 1452, 138, 8.47%, 0, 0, 3, 8.51, 5550, 2534838
1606813474, 0, 445, 1500, 1453, 138, 8.47%, 0, 0, 3, 8.68, 5550, 2538715
1606813484, 0, 455, 1500, 1452, 137, 8.47%, 0, 0, 3, 278.39, 5550, 2539107
1606813489, 0, 455, 1501, 1453, 137, 8.47%, 0, 0, 3, 8.30, 5550, 2539198
1606813633, 0, 455, 1502, 1454, 137, 8.47%, 0, 0, 3, 31.43, 5550, 2541030
1606813653, 0, 455, 1503, 1455, 137, 8.47%, 0, 0, 3, 9.29, 5550, 2541702
1606813720, 0, 455, 1504, 1456, 137, 8.47%, 0, 0, 3, 9.05, 5550, 2542522
1606813863, 0, 455, 1505, 1457, 137, 8.47%, 0, 0, 3, 20.62, 5550, 2544366
1606813884, 0, 455, 1506, 1458, 137, 8.47%, 0, 0, 3, 10.66, 5550, 2545063
1606813940, 0, 455, 1507, 1459, 137, 8.47%, 0, 0, 3, 8.33, 5550, 2545859
1606814104, 0, 455, 1508, 1460, 137, 8.47%, 0, 0, 3, 13.77, 5550, 2548486
1606815170, 0, 455, 1510, 1462, 137, 8.47%, 0, 0, 3, 13.45, 5550, 2563061
1606815175, 0, 455, 1511, 1463, 137, 8.47%, 0, 0, 3, 18.94, 5550, 2563159
1606815180, 0, 455, 1512, 1464, 137, 8.47%, 0, 0, 3, 7.25, 5550, 2563476
1606815190, 0, 455, 1513, 1465, 137, 8.47%, 0, 0, 3, 37.98, 5550, 2563833
1606815211, 0, 455, 1514, 1466, 137, 8.47%, 0, 0, 3, 21.46, 5550, 2567532
1606815226, 0, 455, 1515, 1467, 137, 8.47%, 0, 0, 3, 19.97, 5550, 2567873
1606815252, 0, 455, 1516, 1468, 137, 8.47%, 0, 0, 3, 17.45, 5550, 2568382
1606815370, 0, 455, 1517, 1469, 137, 8.47%, 0, 0, 3, 21.52, 5550, 2571937
1606815385, 0, 455, 1518, 1470, 137, 8.47%, 0, 0, 3, 12.88, 5550, 2572422
1606815472, 0, 455, 1520, 1472, 137, 8.47%, 0, 0, 3, 13.21, 5550, 2585053
1606815566, 0, 455, 1521, 1473, 137, 8.47%, 0, 0, 3, 23.46, 5550, 2601463
1606815581, 0, 455, 1522, 1474, 137, 8.47%, 0, 0, 3, 15.88, 5550, 2602044
1606815668, 0, 455, 1523, 1475, 137, 8.47%, 0, 0, 3, 62.30, 5550, 2608762
1606815683, 0, 455, 1524, 1476, 137, 8.47%, 0, 0, 3, 31.83, 5550, 2609329
1606815775, 0, 455, 1527, 1479, 137, 8.47%, 0, 0, 3, 28.33, 5550, 2620528
1606815786, 0, 455, 1528, 1480, 137, 8.47%, 0, 0, 3, 25.81, 5550, 2620865
1606815832, 0, 455, 1529, 1481, 137, 8.47%, 0, 0, 3, 42.32, 5550, 2623959
1606815857, 0, 455, 1530, 1482, 137, 8.47%, 0, 0, 3, 15.46, 5550, 2625114
1606815908, 0, 455, 1531, 1483, 137, 8.47%, 0, 0, 3, 14.43, 5550, 2626106
1606815964, 0, 455, 1533, 1485, 137, 8.47%, 0, 0, 3, 16.16, 5550, 2630656
1606816103, 0, 455, 1534, 1486, 137, 8.47%, 0, 0, 3, 17.24, 5550, 2639154
1606816108, 0, 496, 1537, 1488, 140, 8.47%, 0, 0, 3, 34.39, 5551, 2639791
1606816185, 0, 496, 1538, 1489, 140, 8.47%, 0, 0, 3, 16.66, 5551, 2642157
1606816226, 0, 496, 1539, 1490, 140, 8.47%, 0, 0, 3, 18.08, 5551, 2643126
1606816298, 0, 496, 1540, 1491, 140, 8.47%, 0, 0, 3, 38.14, 5551, 2644963
1606816340, 0, 496, 1541, 1492, 140, 8.47%, 0, 0, 3, 16.10, 5551, 2646475
1606816960, 0, 496, 1544, 1495, 140, 8.47%, 0, 0, 3, 21.37, 5551, 2663671
1606816965, 0, 496, 1545, 1496, 140, 8.47%, 0, 0, 3, 22.56, 5551, 2664099
1606817006, 0, 496, 1546, 1497, 140, 8.47%, 0, 0, 3, 22.00, 5551, 2668440
1606817032, 0, 496, 1547, 1498, 140, 8.47%, 0, 0, 3, 17.61, 5551, 2668955
1606817037, 0, 496, 1548, 1499, 140, 8.47%, 0, 0, 3, 17.79, 5551, 2669046
1606817241, 0, 496, 1551, 1502, 140, 8.47%, 0, 0, 3, 1376.07, 5551, 2688617
1606817410, 0, 496, 1552, 1503, 140, 8.47%, 0, 0, 3, 35.94, 5551, 2708300
1606817590, 0, 496, 1553, 1504, 140, 8.47%, 0, 0, 3, 31.27, 5551, 2725337
1606817698, 0, 496, 1554, 1505, 140, 8.47%, 0, 0, 3, 50.00, 5551, 2731059
1606817830, 0, 513, 1554, 1504, 140, 8.47%, 0, 0, 3, 1935.53, 5551, 2745037
1606817836, 0, 513, 1555, 1505, 140, 8.47%, 0, 0, 3, 2626.50, 5551, 2759651
1606817866, 0, 515, 1555, 1504, 140, 8.47%, 0, 0, 3, 2787.17, 5551, 2847805
1606817902, 0, 516, 1555, 1503, 139, 8.47%, 0, 0, 3, 2895.94, 5551, 2951421
1606817933, 0, 522, 1555, 1502, 138, 8.47%, 0, 0, 3, 2857.98, 5551, 3040335
1606817938, 0, 559, 1558, 1504, 138, 8.48%, 0, 0, 3, 2979.73, 5555, 3056076
1606817943, 0, 559, 1560, 1506, 138, 8.48%, 0, 0, 3, 2979.97, 5556, 3071105
1606817948, 0, 559, 1561, 1507, 138, 8.48%, 0, 0, 3, 3254.41, 5556, 3087377
1606817958, 0, 559, 1566, 1512, 138, 8.48%, 0, 0, 3, 3220.34, 5556, 3119768
1606817963, 0, 559, 1570, 1516, 138, 8.48%, 0, 0, 3, 3053.38, 5556, 3134706
1606817968, 0, 560, 1571, 1516, 137, 8.48%, 0, 0, 3, 3122.45, 5556, 3151066
1606817983, 0, 584, 1571, 1515, 135, 8.48%, 0, 0, 3, 3074.23, 5556, 3200670
1606818009, 0, 588, 1572, 1515, 134, 8.48%, 0, 0, 3, 21.23, 5556, 3262525
1606818014, 0, 588, 1573, 1516, 134, 8.48%, 0, 0, 3, 14.47, 5556, 3262655
1606818019, 0, 588, 1574, 1517, 134, 8.48%, 0, 0, 3, 16.53, 5556, 3262742
1606818024, 0, 588, 1576, 1519, 134, 8.48%, 0, 0, 3, 17.57, 5556, 3262833
1606818045, 0, 588, 1577, 1520, 134, 8.48%, 0, 0, 3, 19.72, 5556, 3263265
1606818071, 0, 588, 1579, 1522, 134, 8.48%, 0, 0, 3, 579.88, 5556, 3264285
1606818076, 0, 588, 1582, 1525, 134, 8.48%, 0, 0, 3, 52.74, 5556, 3264823
1606818081, 0, 588, 1583, 1526, 134, 8.48%, 0, 0, 3, 22.26, 5556, 3265020
1606818086, 0, 588, 1585, 1528, 134, 8.48%, 0, 0, 3, 29.47, 5556, 3265172
1606818096, 0, 588, 1586, 1529, 134, 8.48%, 0, 0, 3, 32.02, 5556, 3265468
1606818101, 0, 588, 1588, 1531, 134, 8.48%, 0, 0, 3, 24.80, 5556, 3265577
1606818106, 0, 588, 1589, 1532, 134, 8.48%, 0, 0, 3, 22.12, 5556, 3265680
1606818116, 0, 588, 1590, 1533, 134, 8.48%, 0, 0, 3, 21.61, 5556, 3265972
1606818127, 0, 588, 1591, 1534, 134, 8.48%, 0, 0, 3, 17.09, 5556, 3266194
1606818178, 0, 588, 1594, 1537, 134, 8.48%, 0, 0, 3, 20.43, 5556, 3267819
1606818198, 0, 588, 1595, 1538, 134, 8.48%, 0, 0, 3, 28.72, 5556, 3268918
1606818214, 0, 588, 1596, 1539, 134, 8.48%, 0, 0, 3, 20.68, 5556, 3269346
1606818244, 0, 588, 1597, 1540, 134, 8.48%, 0, 0, 3, 19.22, 5556, 3269999
