# unix_time, cycles_done, cur_path, paths_total, pending_total, pending_favs, map_size, unique_crashes, unique_hangs, max_depth, execs_per_sec, edge_coverage, total_execs
1601778695, 0, 0, 3, 3, 3, 8.30%, 0, 0, 1, 118.23 0 24
1601778700, 0, 0, 135, 135, 3, 8.80%, 0, 0, 2, 429.36 5769 2640
1601778705, 0, 0, 170, 170, 3, 10.24%, 0, 0, 2, 556.51 6711 5290
1601778710, 0, 0, 181, 181, 3, 10.28%, 0, 0, 2, 445.02 6734 7432
1601778715, 0, 0, 192, 192, 3, 10.29%, 0, 0, 2, 425.06 6745 9508
1601778725, 0, 0, 193, 193, 3, 10.29%, 0, 0, 2, 411.19 6745 13646
1601778730, 0, 0, 194, 194, 3, 10.29%, 0, 0, 2, 377.30 6746 15549
1601778735, 0, 0, 237, 237, 3, 10.92%, 0, 0, 2, 334.40 7156 17236
1601778741, 0, 0, 268, 268, 3, 11.43%, 0, 0, 2, 327.24 7494 18796
1601778746, 0, 0, 290, 290, 3, 11.45%, 0, 0, 2, 395.43 7507 20888
1601778751, 0, 0, 301, 301, 3, 11.47%, 0, 0, 2, 330.49 7518 22562
1601778756, 0, 0, 326, 326, 3, 11.85%, 0, 0, 2, 309.70 7769 24076
1601778761, 0, 0, 346, 346, 3, 12.24%, 0, 0, 2, 340.81 8024 25880
1601778766, 0, 0, 353, 353, 3, 12.25%, 0, 0, 2, 333.89 8026 27574
1601778771, 0, 0, 363, 363, 3, 12.33%, 0, 0, 2, 319.24 8078 29121
1601778776, 0, 0, 366, 366, 3, 12.33%, 0, 0, 2, 291.03 8079 30580
1601778781, 0, 0, 368, 368, 3, 12.33%, 0, 0, 2, 249.06 8079 31836
1601778786, 0, 0, 369, 369, 3, 12.36%, 0, 0, 2, 229.22 8101 32978
1601778791, 0, 0, 374, 374, 3, 12.38%, 0, 0, 2, 351.62 8113 34873
1601778796, 0, 0, 380, 380, 3, 12.38%, 0, 0, 2, 393.80 8113 36871
1601778801, 0, 0, 394, 394, 3, 12.42%, 0, 0, 2, 368.06 8140 38817
1601778811, 0, 0, 407, 407, 3, 12.48%, 0, 0, 2, 325.09 8182 42139
1601778817, 0, 0, 410, 410, 3, 12.49%, 0, 0, 2, 308.37 8184 43723
1601778822, 0, 0, 411, 411, 3, 12.49%, 0, 0, 2, 302.70 8184 45231
1601778837, 0, 0, 412, 412, 3, 12.49%, 0, 0, 2, 279.84 8184 49735
1601778847, 0, 0, 433, 433, 3, 12.52%, 0, 0, 2, 391.27 8206 53369
1601778853, 0, 0, 452, 452, 3, 12.56%, 0, 0, 2, 410.73 8231 55495
1601778858, 0, 0, 460, 460, 3, 12.60%, 0, 0, 2, 405.32 8260 57519
1601778863, 0, 0, 463, 463, 3, 12.60%, 0, 0, 2, 395.39 8260 59545
1601778868, 0, 0, 474, 474, 3, 12.62%, 0, 0, 2, 418.39 8270 61663
1601778873, 0, 0, 479, 479, 3, 12.63%, 0, 0, 2, 416.71 8279 63783
1601778878, 0, 0, 487, 487, 3, 12.63%, 0, 0, 2, 397.74 8280 65848
1601778883, 0, 0, 500, 500, 3, 12.66%, 0, 0, 2, 401.05 8297 67947
1601778888, 0, 0, 506, 506, 3, 12.68%, 0, 0, 2, 405.74 8313 69951
1601778894, 0, 0, 515, 515, 3, 12.69%, 0, 0, 2, 414.38 8319 72103
1601778899, 0, 0, 518, 518, 3, 12.70%, 0, 0, 2, 417.33 8325 74279
1601778904, 0, 0, 523, 523, 3, 12.70%, 0, 0, 2, 420.73 8325 76399
1601778909, 0, 1, 541, 540, 152, 13.19%, 0, 0, 2, 328.45 8646 77966
1601778914, 0, 1, 543, 542, 152, 13.20%, 0, 0, 2, 339.04 8648 79660
1601778919, 0, 1, 546, 545, 152, 13.20%, 0, 0, 2, 266.18 8648 80863
1601778924, 0, 1, 548, 547, 152, 13.22%, 0, 0, 2, 280.20 8663 82244
1601778939, 0, 1, 551, 550, 152, 13.35%, 0, 0, 2, 304.64 8747 86937
1601778945, 0, 1, 556, 555, 152, 13.36%, 0, 0, 2, 475.00 8753 89107
1601778950, 0, 1, 560, 559, 152, 13.37%, 0, 0, 2, 326.34 8762 90632
1601778955, 0, 1, 562, 561, 152, 13.37%, 0, 0, 2, 274.96 8762 91955
1601778960, 0, 1, 569, 568, 152, 13.39%, 0, 0, 2, 252.86 8777 93196
1601778965, 0, 1, 570, 569, 152, 13.40%, 0, 0, 2, 249.93 8780 94484
1601778970, 0, 1, 571, 570, 152, 13.40%, 0, 0, 2, 258.96 8780 95777
1601778980, 0, 1, 573, 572, 152, 13.45%, 0, 0, 2, 420.41 8815 99533
1601778990, 0, 1, 574, 573, 152, 13.45%, 0, 0, 2, 261.83 8815 102325
1601779016, 0, 1, 576, 575, 152, 13.49%, 0, 0, 2, 301.90 8841 108696
1601779021, 0, 1, 579, 578, 152, 13.49%, 0, 0, 2, 402.14 8841 110903
1601779026, 0, 1, 582, 581, 152, 13.49%, 0, 0, 2, 403.82 8841 112967
1601779031, 0, 1, 585, 584, 152, 13.49%, 0, 0, 2, 401.92 8841 114975
1601779036, 0, 1, 587, 586, 152, 14.85%, 0, 0, 2, 427.53 9730 117111
1601779041, 0, 1, 589, 588, 152, 14.85%, 0, 0, 2, 430.60 9730 119359
1601779046, 0, 1, 592, 591, 152, 14.85%, 0, 0, 2, 428.51 9733 121503
1601779051, 0, 1, 593, 592, 152, 14.85%, 0, 0, 2, 427.55 9733 123655
1601779056, 0, 1, 594, 593, 152, 14.85%, 0, 0, 2, 415.67 9733 125711
1601779067, 0, 1, 596, 595, 152, 14.85%, 0, 0, 2, 428.15 9734 130087
1601779072, 0, 1, 597, 596, 152, 14.85%, 0, 0, 2, 424.17 9734 132231
1601779077, 0, 2, 597, 595, 172, 14.85%, 0, 0, 2, 275.89 9734 133610
1601779082, 0, 2, 622, 620, 172, 14.87%, 0, 0, 2, 239.20 9742 134711
1601779087, 0, 2, 646, 644, 172, 14.87%, 0, 0, 2, 248.67 9747 135977
1601779092, 0, 2, 667, 665, 172, 14.88%, 0, 0, 2, 249.50 9751 137285
1601779097, 0, 2, 685, 683, 172, 14.88%, 0, 0, 2, 237.90 9751 138449
1601779102, 0, 2, 704, 702, 172, 14.88%, 0, 0, 2, 229.85 9753 139589
1601779107, 0, 2, 713, 711, 172, 14.88%, 0, 0, 2, 232.00 9753 140741
1601779112, 0, 2, 718, 716, 172, 14.88%, 0, 0, 2, 224.12 9753 141865
1601779117, 0, 2, 729, 727, 172, 14.88%, 0, 0, 2, 216.35 9753 142949
1601779122, 0, 2, 733, 731, 172, 14.88%, 0, 0, 2, 209.28 9753 144037
1601779128, 0, 2, 737, 735, 172, 14.88%, 0, 0, 2, 211.55 9753 145097
1601779133, 0, 2, 739, 737, 172, 14.88%, 0, 0, 2, 209.81 9753 146149
1601779138, 0, 2, 752, 750, 172, 14.88%, 0, 0, 2, 215.54 9754 147245
1601779143, 0, 2, 767, 765, 172, 14.88%, 0, 0, 2, 200.57 9754 148232
1601779148, 0, 2, 776, 774, 172, 14.88%, 0, 0, 2, 193.17 9755 149201
1601779153, 0, 2, 778, 776, 172, 14.88%, 0, 0, 2, 187.75 9755 150177
1601779174, 0, 2, 782, 780, 172, 14.89%, 0, 0, 2, 248.74 9760 154161
1601779184, 0, 2, 783, 781, 172, 14.89%, 0, 0, 2, 245.42 9760 156717
1601779189, 0, 2, 785, 783, 172, 14.89%, 0, 0, 2, 231.83 9761 157909
1601779230, 0, 2, 786, 784, 172, 14.89%, 0, 0, 2, 191.74 9761 166685
1601779240, 0, 2, 787, 785, 172, 14.90%, 0, 0, 2, 182.27 9762 168589
1601779256, 0, 2, 788, 786, 172, 14.90%, 0, 0, 2, 263.97 9762 171898
1601779266, 0, 2, 789, 787, 172, 14.90%, 0, 0, 2, 261.08 9763 174591
1601779363, 0, 2, 792, 790, 172, 14.90%, 0, 0, 2, 245.30 9763 195033
1601779368, 0, 2, 797, 795, 172, 14.90%, 0, 0, 2, 251.96 9765 196303
1601779373, 0, 2, 798, 796, 172, 14.90%, 0, 0, 2, 274.92 9765 197716
1601779393, 0, 2, 800, 798, 172, 14.90%, 0, 0, 2, 275.45 9765 202892
1601779398, 0, 2, 802, 800, 172, 14.90%, 0, 0, 2, 273.24 9765 204253
1601779424, 0, 2, 803, 801, 172, 14.90%, 0, 0, 2, 243.44 9765 210633
1601779536, 0, 2, 804, 802, 172, 14.90%, 0, 0, 2, 239.53 9766 237069
1601779643, 0, 2, 805, 803, 172, 14.91%, 0, 0, 2, 233.57 9771 259977
1601779832, 0, 2, 806, 804, 172, 14.91%, 0, 0, 2, 170.23 9772 297330
1601780661, 0, 2, 809, 807, 172, 14.91%, 0, 0, 2, 304.81 9772 492176
1601780666, 0, 2, 815, 813, 172, 14.92%, 0, 0, 2, 341.41 9781 493886
1601780671, 0, 2, 824, 822, 172, 14.94%, 0, 0, 2, 337.46 9792 495566
1601780677, 0, 2, 827, 825, 172, 14.94%, 0, 0, 2, 302.69 9792 497036
1601780687, 0, 2, 832, 830, 172, 14.94%, 0, 0, 2, 280.44 9793 500096
1601780733, 0, 2, 833, 831, 172, 14.95%, 0, 0, 2, 302.45 9796 513500
1601780748, 0, 2, 834, 832, 172, 14.95%, 0, 0, 2, 346.30 9796 518128
1601780773, 0, 2, 835, 833, 172, 14.95%, 0, 0, 2, 308.17 9797 525882
1601780881, 0, 2, 836, 834, 172, 14.95%, 0, 0, 2, 300.84 9799 556203
1601780906, 0, 2, 837, 835, 172, 14.95%, 0, 0, 2, 202.45 9799 562477
1601781028, 0, 2, 838, 836, 172, 14.95%, 0, 0, 2, 284.41 9799 592189
1601781451, 0, 2, 840, 838, 172, 14.96%, 0, 0, 2, 201.71 9805 682770
1601781727, 0, 2, 841, 839, 172, 14.96%, 0, 0, 2, 221.92 9805 744122
1601781921, 0, 2, 842, 840, 172, 14.96%, 0, 0, 2, 187.97 9805 784466
1601781926, 0, 2, 843, 841, 172, 14.96%, 0, 0, 2, 221.62 9805 785622
1601782064, 0, 2, 844, 842, 172, 14.97%, 0, 0, 2, 197.62 9812 813666
1601782371, 0, 2, 845, 843, 172, 14.99%, 0, 0, 2, 174.80 9826 869483
1601782387, 0, 2, 846, 844, 172, 14.99%, 0, 0, 2, 172.81 9826 872098
1601782541, 0, 2, 848, 846, 172, 14.99%, 0, 0, 2, 172.63 9826 898577
1601782546, 0, 2, 849, 847, 172, 14.99%, 0, 0, 2, 169.02 9826 899446
1601783885, 0, 2, 850, 848, 172, 15.00%, 0, 0, 2, 230.87 9831 1216543
1601784024, 0, 2, 851, 849, 172, 15.01%, 0, 0, 2, 206.97 9835 1246019
1601784699, 0, 2, 854, 852, 172, 15.01%, 0, 0, 2, 239.34 9837 1370654
1601784705, 0, 2, 856, 854, 172, 15.01%, 0, 0, 2, 323.47 9837 1372432
1601784710, 0, 2, 861, 859, 172, 15.03%, 0, 0, 2, 344.46 9853 1374176
1601784715, 0, 2, 865, 863, 172, 15.04%, 0, 0, 2, 343.45 9855 1375966
1601784720, 0, 2, 868, 866, 172, 15.04%, 0, 0, 2, 323.72 9855 1377580
1601784725, 0, 2, 872, 870, 172, 15.04%, 0, 0, 2, 337.04 9856 1379298
1601784730, 0, 2, 873, 871, 172, 15.04%, 0, 0, 2, 341.80 9856 1381022
1601784735, 0, 2, 878, 876, 172, 15.04%, 0, 0, 2, 341.80 9858 1382796
1601784740, 0, 2, 881, 879, 172, 15.05%, 0, 0, 2, 344.80 9861 1384608
1601784746, 0, 2, 884, 882, 172, 15.05%, 0, 0, 2, 350.68 9864 1386420
1601784756, 0, 2, 887, 885, 172, 15.05%, 0, 0, 2, 337.58 9864 1389804
1601784761, 0, 2, 889, 887, 172, 15.05%, 0, 0, 2, 335.48 9864 1391548
1601784766, 0, 2, 891, 889, 172, 15.06%, 0, 0, 2, 334.11 9867 1393268
1601784771, 0, 2, 893, 891, 172, 15.06%, 0, 0, 2, 340.73 9867 1395042
1601784777, 0, 23, 893, 890, 194, 15.06%, 0, 0, 2, 402.90 9867 1397176
1601784807, 0, 23, 895, 892, 194, 15.06%, 0, 0, 3, 416.96 9868 1409707
1601784838, 0, 23, 897, 894, 194, 15.06%, 0, 0, 3, 413.47 9869 1422140
1601784873, 0, 41, 897, 893, 196, 15.06%, 0, 0, 3, 430.89 9869 1436885
1601784878, 0, 41, 898, 894, 196, 15.06%, 0, 0, 3, 432.27 9870 1439054
1601784970, 0, 41, 900, 896, 196, 15.06%, 0, 0, 3, 437.21 9870 1477821
1601784975, 0, 60, 905, 900, 196, 15.10%, 0, 0, 3, 412.87 9895 1479924
1601784980, 0, 60, 908, 903, 196, 15.11%, 0, 0, 3, 403.22 9905 1481988
1601784985, 0, 60, 910, 905, 196, 15.13%, 0, 0, 3, 402.56 9915 1484028
1601784990, 0, 60, 911, 906, 196, 15.13%, 0, 0, 3, 388.59 9915 1486026
1601785016, 0, 60, 915, 910, 196, 15.14%, 0, 0, 3, 381.32 9922 1495535
1601785031, 0, 60, 916, 911, 196, 15.14%, 0, 0, 3, 352.32 9922 1500919
1601785036, 0, 60, 919, 914, 196, 15.14%, 0, 0, 3, 346.83 9922 1502681
1601785041, 0, 60, 920, 915, 196, 15.14%, 0, 0, 3, 358.83 9922 1504528
1601785046, 0, 60, 922, 917, 196, 15.14%, 0, 0, 3, 359.07 9922 1506371
1601785052, 0, 60, 923, 918, 196, 15.14%, 0, 0, 3, 345.25 9922 1508059
1601785062, 0, 60, 926, 921, 196, 15.16%, 0, 0, 3, 394.31 9933 1511971
1601785067, 0, 60, 927, 922, 196, 15.16%, 0, 0, 3, 411.46 9933 1514112
1601785072, 0, 60, 928, 923, 196, 15.16%, 0, 0, 3, 373.04 9933 1515914
1601785108, 0, 60, 929, 924, 196, 15.16%, 0, 0, 3, 351.80 9933 1527962
1601785113, 0, 60, 934, 929, 196, 15.16%, 0, 0, 3, 394.04 9933 1529885
1601785118, 0, 60, 936, 931, 196, 15.19%, 0, 0, 3, 389.50 9957 1531966
1601785123, 0, 60, 938, 933, 196, 15.20%, 0, 0, 3, 415.86 9963 1534094
1601785134, 0, 60, 939, 934, 196, 15.20%, 0, 0, 3, 424.23 9963 1538446
1601785139, 0, 60, 944, 939, 196, 15.21%, 0, 0, 3, 412.47 9965 1540534
1601785149, 0, 60, 945, 940, 196, 15.21%, 0, 0, 3, 432.65 9966 1544622
1601785154, 0, 60, 947, 942, 196, 15.21%, 0, 0, 3, 394.96 9966 1546614
1601785159, 0, 60, 948, 943, 196, 15.21%, 0, 0, 3, 406.83 9967 1548678
1601785164, 0, 60, 949, 944, 196, 15.22%, 0, 0, 3, 419.31 9977 1550806
1601785169, 0, 60, 951, 946, 196, 15.22%, 0, 0, 3, 412.78 9977 1552878
1601785179, 0, 60, 952, 947, 196, 15.22%, 0, 0, 3, 414.60 9977 1557094
1601785184, 0, 60, 953, 948, 196, 15.22%, 0, 0, 3, 420.74 9977 1559198
1601785189, 0, 70, 959, 953, 200, 15.23%, 0, 0, 3, 392.34 9978 1561244
1601785199, 0, 70, 963, 957, 200, 15.24%, 0, 0, 3, 353.47 9987 1564881
1601785235, 0, 70, 968, 962, 200, 15.34%, 0, 0, 3, 398.30 10051 1578195
1601785240, 0, 70, 973, 967, 200, 15.36%, 0, 0, 3, 346.68 10066 1579874
1601785245, 0, 70, 975, 969, 200, 15.36%, 0, 0, 3, 328.72 10066 1581601
1601785250, 0, 70, 976, 970, 200, 15.36%, 0, 0, 3, 332.85 10066 1583325
1601785261, 0, 70, 978, 972, 200, 15.36%, 0, 0, 3, 332.67 10068 1586773
1601785307, 0, 86, 984, 977, 204, 15.38%, 0, 0, 3, 395.45 10077 1605103
1601785312, 0, 86, 988, 981, 204, 15.38%, 0, 0, 3, 414.96 10081 1607161
1601785317, 0, 86, 991, 984, 204, 15.39%, 0, 0, 3, 384.27 10084 1609137
1601785363, 0, 86, 996, 989, 204, 15.42%, 0, 0, 3, 365.04 10103 1626844
1601785368, 0, 86, 997, 990, 204, 15.42%, 0, 0, 3, 366.70 10103 1628686
1601785434, 0, 103, 997, 989, 212, 15.42%, 0, 0, 3, 387.67 10103 1654413
1601785469, 0, 103, 998, 990, 212, 15.42%, 0, 0, 3, 422.86 10106 1668178
1601785480, 0, 103, 999, 991, 212, 15.43%, 0, 0, 3, 390.00 10112 1672141
1601785561, 0, 104, 999, 990, 213, 15.43%, 0, 0, 3, 416.23 10112 1701764
1601785586, 0, 104, 1001, 992, 213, 15.45%, 0, 0, 3, 440.36 10127 1712805
1601785652, 0, 106, 1002, 992, 213, 15.45%, 0, 0, 3, 32.79 10127 1741402
1601785688, 0, 106, 1004, 994, 213, 15.45%, 0, 0, 3, 396.12 10127 1755530
1601785759, 0, 110, 1004, 993, 211, 15.45%, 0, 0, 3, 397.04 10127 1783128
1601785795, 0, 110, 1008, 997, 211, 15.45%, 0, 0, 3, 406.12 10128 1797451
1601785805, 0, 110, 1009, 998, 211, 15.45%, 0, 0, 3, 377.35 10128 1801290
1601785825, 0, 110, 1010, 999, 211, 15.45%, 0, 0, 3, 389.83 10128 1809075
1601785840, 0, 110, 1011, 1000, 211, 15.45%, 0, 0, 3, 395.37 10128 1815005
1601785850, 0, 110, 1012, 1001, 211, 15.45%, 0, 0, 3, 387.21 10128 1818870
1601785871, 0, 112, 1012, 1000, 210, 15.45%, 0, 0, 3, 405.51 10128 1826550
1601785973, 0, 113, 1012, 999, 209, 15.45%, 0, 0, 3, 416.02 10128 1866894
1601786071, 0, 118, 1012, 998, 208, 15.45%, 0, 0, 3, 424.47 10128 1908036
1601786076, 0, 118, 1013, 999, 208, 15.45%, 0, 0, 3, 413.99 10128 1909980
1601786081, 0, 118, 1014, 1000, 208, 15.45%, 0, 0, 3, 411.63 10128 1912060
1601786101, 0, 118, 1015, 1001, 208, 15.46%, 0, 0, 3, 419.33 10129 1920517
1601786106, 0, 118, 1016, 1002, 208, 15.46%, 0, 0, 3, 415.53 10129 1922437
1601786111, 0, 118, 1018, 1004, 208, 15.46%, 0, 0, 3, 418.43 10129 1924589
1601786152, 0, 118, 1020, 1006, 208, 15.46%, 0, 0, 3, 410.42 10130 1941254
1601786182, 0, 120, 1021, 1006, 209, 15.46%, 0, 0, 3, 402.95 10130 1953468
1601786187, 0, 120, 1024, 1009, 209, 15.46%, 0, 0, 3, 407.11 10130 1955484
1601786238, 0, 120, 1025, 1010, 209, 15.46%, 0, 0, 3, 361.99 10130 1975042
1601786258, 0, 120, 1026, 1011, 209, 15.46%, 0, 0, 3, 350.22 10130 1982155
1601786264, 0, 120, 1028, 1013, 209, 15.46%, 0, 0, 3, 401.64 10130 1984280
1601786284, 0, 120, 1029, 1014, 209, 15.46%, 0, 0, 3, 330.05 10130 1991800
1601786315, 0, 128, 1029, 1013, 209, 15.46%, 0, 0, 3, 374.74 10130 2002092
1601786320, 0, 128, 1032, 1016, 209, 15.46%, 0, 0, 3, 384.13 10132 2004066
1601786325, 0, 128, 1037, 1021, 209, 15.46%, 0, 0, 3, 388.62 10132 2006073
1601786350, 0, 128, 1039, 1023, 209, 15.46%, 0, 0, 3, 393.31 10132 2015329
1601786355, 0, 128, 1041, 1025, 209, 15.46%, 0, 0, 3, 374.30 10132 2017200
1601786371, 0, 128, 1042, 1026, 209, 15.46%, 0, 0, 3, 343.82 10132 2022657
1601786386, 0, 128, 1044, 1028, 209, 15.46%, 0, 0, 3, 387.86 10132 2028057
1601786391, 0, 128, 1047, 1031, 209, 15.46%, 0, 0, 3, 394.88 10132 2030090
1601786396, 0, 128, 1050, 1034, 209, 15.46%, 0, 0, 3, 366.45 10132 2031983
1601786416, 0, 128, 1051, 1035, 209, 15.46%, 0, 0, 3, 320.19 10134 2038682
1601786432, 0, 128, 1053, 1037, 209, 15.47%, 0, 0, 3, 420.13 10139 2044557
1601786442, 0, 142, 1053, 1036, 213, 15.47%, 0, 0, 3, 409.48 10139 2048644
1601786483, 0, 142, 1054, 1037, 213, 15.47%, 0, 0, 3, 418.04 10139 2065354
1601786488, 0, 142, 1055, 1038, 213, 15.47%, 0, 0, 3, 407.25 10139 2067474
1601786523, 0, 142, 1056, 1039, 213, 15.47%, 0, 0, 3, 401.19 10139 2081779
1601786554, 0, 143, 1057, 1039, 213, 15.47%, 0, 0, 3, 419.82 10139 2094101
1601786651, 0, 145, 1058, 1039, 213, 15.48%, 0, 0, 3, 407.79 10143 2134804
1601786681, 0, 145, 1060, 1041, 213, 15.48%, 0, 0, 3, 413.45 10144 2146714
1601786686, 0, 145, 1062, 1043, 213, 15.49%, 0, 0, 3, 390.80 10151 2148670
1601786757, 0, 146, 1062, 1042, 213, 15.49%, 0, 0, 3, 428.07 10151 2176245
1601786783, 0, 146, 1063, 1043, 213, 15.49%, 0, 0, 3, 434.43 10152 2187241
1601786849, 0, 149, 1066, 1045, 213, 15.49%, 0, 0, 3, 393.48 10152 2215388
1601786854, 0, 149, 1068, 1047, 213, 15.49%, 0, 0, 3, 387.26 10154 2217348
1601786859, 0, 149, 1069, 1048, 213, 15.50%, 0, 0, 3, 375.48 10158 2219162
1601786890, 0, 149, 1070, 1049, 213, 15.50%, 0, 0, 3, 406.30 10158 2230657
1601786895, 0, 149, 1072, 1051, 213, 15.50%, 0, 0, 3, 402.22 10158 2232729
1601786905, 0, 149, 1074, 1053, 213, 15.50%, 0, 0, 3, 357.46 10158 2236447
1601786910, 0, 149, 1075, 1054, 213, 15.50%, 0, 0, 3, 348.03 10158 2238212
1601786936, 0, 149, 1079, 1058, 213, 15.53%, 0, 0, 3, 394.48 10177 2247060
1601786987, 0, 149, 1081, 1060, 213, 15.53%, 0, 0, 3, 376.69 10177 2263987
1601786992, 0, 149, 1083, 1062, 213, 15.53%, 0, 0, 3, 419.66 10177 2266209
1601786997, 0, 149, 1085, 1064, 213, 15.55%, 0, 0, 3, 426.25 10193 2268441
1601787002, 0, 149, 1087, 1066, 213, 15.55%, 0, 0, 3, 423.68 10193 2270641
1601787007, 0, 149, 1088, 1067, 213, 15.55%, 0, 0, 3, 426.11 10193 2272833
1601787018, 0, 149, 1089, 1068, 213, 15.55%, 0, 0, 3, 427.94 10193 2277265
1601787028, 0, 149, 1090, 1069, 213, 15.55%, 0, 0, 3, 429.74 10193 2281625
1601787038, 0, 149, 1091, 1070, 213, 15.55%, 0, 0, 3, 434.18 10193 2285769
1601787043, 0, 155, 1094, 1072, 214, 15.55%, 0, 0, 3, 425.63 10193 2287920
1601787048, 0, 155, 1095, 1073, 214, 15.55%, 0, 0, 3, 409.63 10193 2289960
1601787053, 0, 155, 1096, 1074, 214, 15.55%, 0, 0, 3, 401.61 10193 2292024
1601787084, 0, 155, 1110, 1088, 214, 15.55%, 0, 0, 3, 409.88 10194 2304552
1601787089, 0, 155, 1111, 1089, 214, 15.56%, 0, 0, 3, 399.49 10196 2306567
1601787094, 0, 155, 1112, 1090, 214, 15.56%, 0, 0, 3, 381.66 10196 2308472
1601787099, 0, 155, 1113, 1091, 214, 15.56%, 0, 0, 3, 401.27 10196 2310256
1601787119, 0, 155, 1115, 1093, 214, 15.59%, 0, 0, 3, 415.61 10217 2318521
1601787125, 0, 155, 1120, 1098, 214, 15.59%, 0, 0, 3, 399.22 10217 2320609
1601787160, 0, 165, 1120, 1097, 212, 15.59%, 0, 0, 3, 400.71 10217 2334398
1601787237, 0, 165, 1121, 1098, 212, 15.59%, 0, 0, 3, 406.76 10217 2365280
1601787272, 0, 175, 1121, 1097, 211, 15.59%, 0, 0, 3, 397.55 10217 2379279
1601787282, 0, 175, 1122, 1098, 211, 15.62%, 0, 0, 3, 387.77 10236 2383243
1601787308, 0, 175, 1123, 1099, 211, 15.62%, 0, 0, 3, 432.27 10236 2393320
1601787318, 0, 175, 1124, 1100, 211, 15.62%, 0, 0, 3, 378.28 10237 2397148
1601787373, 0, 175, 1125, 1101, 211, 15.62%, 0, 0, 3, 417.64 10237 2418616
1601787378, 0, 182, 1127, 1102, 210, 15.97%, 0, 0, 3, 442.47 10465 2420797
1601787383, 0, 191, 1128, 1102, 206, 15.97%, 0, 0, 3, 462.58 10465 2423179
1601787388, 0, 193, 1128, 1101, 205, 15.97%, 0, 0, 3, 462.36 10465 2425523
1601787480, 0, 195, 1128, 1100, 204, 15.97%, 0, 0, 3, 457.09 10465 2466541
1601787530, 0, 195, 1132, 1104, 204, 16.10%, 0, 0, 3, 452.52 10553 2489350
1601787566, 0, 200, 1133, 1104, 206, 16.10%, 0, 0, 3, 431.31 10554 2505577
1601787571, 0, 200, 1134, 1105, 206, 16.10%, 0, 0, 3, 427.07 10554 2507673
1601787576, 0, 200, 1135, 1106, 206, 16.13%, 0, 0, 3, 395.16 10569 2509641
1601787596, 0, 200, 1137, 1108, 206, 16.13%, 0, 0, 3, 418.49 10569 2517711
1601787667, 0, 206, 1137, 1107, 208, 16.13%, 0, 0, 3, 423.33 10569 2545579
1601787698, 0, 206, 1138, 1108, 208, 16.13%, 0, 0, 3, 46.07 10569 2558977
1601787759, 0, 208, 1138, 1107, 208, 16.13%, 0, 0, 3, 433.23 10569 2585537
1601787850, 0, 228, 1140, 1108, 207, 16.15%, 0, 0, 3, 411.49 10582 2626438
1601787855, 0, 228, 1141, 1109, 207, 16.15%, 0, 0, 3, 416.45 10586 2628566
1601787881, 0, 228, 1142, 1110, 207, 16.17%, 0, 0, 3, 454.93 10596 2638653
1601787922, 0, 228, 1143, 1111, 207, 16.17%, 0, 0, 3, 384.44 10598 2654267
1601787958, 0, 247, 1145, 1112, 210, 16.17%, 0, 0, 3, 395.32 10599 2667720
1601787963, 0, 247, 1146, 1113, 210, 16.17%, 0, 0, 3, 404.28 10599 2669753
1601787994, 0, 247, 1147, 1114, 210, 16.17%, 0, 0, 3, 406.59 10600 2682013
1601788015, 0, 247, 1148, 1115, 210, 16.17%, 0, 0, 3, 386.88 10600 2689973
1601788040, 0, 247, 1151, 1118, 210, 16.17%, 0, 0, 3, 376.15 10600 2699860
1601788071, 0, 261, 1151, 1117, 210, 16.17%, 0, 0, 3, 409.91 10600 2711648
1601788111, 0, 261, 1152, 1118, 210, 16.28%, 0, 0, 3, 423.68 10668 2728616
1601788168, 0, 264, 1152, 1117, 210, 16.28%, 0, 0, 3, 376.26 10668 2751845
1601788173, 0, 264, 1153, 1118, 210, 16.28%, 0, 0, 3, 311.51 10670 2753348
1601788219, 0, 264, 1154, 1119, 210, 16.28%, 0, 0, 3, 306.85 10670 2767778
1601788259, 0, 264, 1156, 1121, 210, 16.28%, 0, 0, 3, 302.91 10670 2779721
1601788305, 0, 268, 1156, 1120, 210, 16.28%, 0, 0, 3, 341.46 10670 2792851
1601788441, 0, 268, 1157, 1121, 210, 16.28%, 0, 0, 3, 380.11 10670 2833948
1601788446, 0, 286, 1157, 1120, 208, 16.28%, 0, 0, 3, 413.37 10670 2836050
1601788517, 0, 286, 1158, 1121, 208, 16.28%, 0, 0, 3, 424.62 10670 2866235
1601788543, 0, 296, 1158, 1120, 207, 16.28%, 0, 0, 3, 430.61 10670 2877180
1601788650, 0, 304, 1158, 1119, 206, 16.28%, 0, 0, 3, 409.72 10670 2921776
1601788695, 0, 304, 1160, 1121, 206, 16.29%, 0, 0, 3, 387.77 10674 2940128
1601788700, 0, 304, 1161, 1122, 206, 16.29%, 0, 0, 3, 397.27 10674 2942222
1601788731, 0, 304, 1162, 1123, 206, 16.29%, 0, 0, 3, 379.08 10675 2954351
1601788751, 0, 310, 1163, 1123, 208, 16.30%, 0, 0, 3, 341.56 10680 2962015
1601788766, 0, 310, 1165, 1125, 208, 16.30%, 0, 0, 3, 359.58 10683 2967720
1601788792, 0, 310, 1168, 1128, 208, 16.30%, 0, 0, 3, 407.25 10685 2977222
1601788797, 0, 310, 1169, 1129, 208, 16.30%, 0, 0, 3, 400.44 10685 2979190
1601788807, 0, 310, 1171, 1131, 208, 16.31%, 0, 0, 3, 359.90 10691 2982937
1601788812, 0, 310, 1172, 1132, 208, 16.31%, 0, 0, 3, 376.11 10691 2984856
1601788817, 0, 310, 1179, 1139, 208, 16.31%, 0, 0, 3, 342.68 10692 2986592
1601788822, 0, 310, 1180, 1140, 208, 16.31%, 0, 0, 3, 328.47 10692 2988244
1601788848, 0, 310, 1181, 1141, 208, 16.31%, 0, 0, 3, 362.90 10692 2997538
1601788858, 0, 310, 1185, 1145, 208, 16.32%, 0, 0, 3, 363.75 10695 3001210
1601788894, 0, 310, 1187, 1147, 208, 16.33%, 0, 0, 3, 407.86 10704 3013017
1601788904, 0, 311, 1191, 1150, 214, 16.34%, 0, 0, 3, 389.39 10708 3017150
1601788909, 0, 311, 1194, 1153, 214, 16.34%, 0, 0, 3, 381.05 10708 3019013
1601788914, 0, 311, 1196, 1155, 214, 16.35%, 0, 0, 3, 383.64 10716 3021038
1601788919, 0, 311, 1198, 1157, 214, 16.37%, 0, 0, 3, 366.60 10725 3022853
1601788970, 0, 311, 1199, 1158, 214, 16.37%, 0, 0, 3, 347.38 10725 3042026
1601789001, 0, 311, 1201, 1160, 214, 16.37%, 0, 0, 3, 353.42 10725 3052848
1601789011, 0, 311, 1206, 1165, 214, 16.37%, 0, 0, 3, 356.21 10730 3056619
1601789047, 0, 314, 1206, 1164, 217, 16.37%, 0, 0, 3, 380.28 10730 3068116
1601789057, 0, 314, 1207, 1165, 217, 16.38%, 0, 0, 3, 368.48 10732 3071976
1601789108, 0, 314, 1209, 1167, 217, 16.38%, 0, 0, 3, 353.15 10732 3091170
1601789185, 0, 314, 1211, 1169, 217, 16.38%, 0, 0, 3, 414.09 10733 3117890
1601789190, 0, 314, 1213, 1171, 217, 16.38%, 0, 0, 3, 425.56 10735 3120026
1601789205, 0, 314, 1215, 1173, 217, 16.38%, 0, 0, 3, 426.93 10735 3126538
1601789210, 0, 314, 1217, 1175, 217, 16.38%, 0, 0, 3, 424.06 10735 3128666
1601789215, 0, 314, 1218, 1176, 217, 16.40%, 0, 0, 3, 425.78 10745 3130890
1601789220, 0, 314, 1219, 1177, 217, 16.40%, 0, 0, 3, 429.45 10747 3133058
1601789225, 0, 314, 1220, 1178, 217, 16.40%, 0, 0, 3, 425.93 10747 3135234
1601789231, 0, 314, 1221, 1179, 217, 16.40%, 0, 0, 3, 429.83 10747 3137466
1601789236, 0, 314, 1222, 1180, 217, 16.40%, 0, 0, 3, 431.50 10747 3139682
1601789241, 0, 318, 1222, 1179, 223, 16.40%, 0, 0, 3, 404.10 10747 3141696
1601789281, 0, 318, 1223, 1180, 223, 16.40%, 0, 0, 3, 404.31 10748 3158043
1601789286, 0, 318, 1225, 1182, 223, 16.42%, 0, 0, 3, 394.96 10761 3160027
1601789302, 0, 318, 1226, 1183, 223, 16.42%, 0, 0, 3, 391.36 10761 3165908
1601789363, 0, 324, 1226, 1182, 224, 16.42%, 0, 0, 3, 406.75 10761 3189722
1601789368, 0, 324, 1228, 1184, 224, 16.42%, 0, 0, 3, 370.49 10763 3191606
1601789404, 0, 324, 1229, 1185, 224, 16.42%, 0, 0, 3, 413.75 10763 3205212
1601789465, 0, 324, 1231, 1187, 224, 16.43%, 0, 0, 3, 326.93 10768 3227839
1601789480, 0, 324, 1232, 1188, 224, 16.43%, 0, 0, 3, 326.29 10768 3232617
1601789500, 0, 325, 1232, 1187, 226, 16.43%, 0, 0, 3, 383.60 10768 3239329
1601789516, 0, 325, 1234, 1189, 226, 16.43%, 0, 0, 3, 370.41 10768 3245178
1601789567, 0, 325, 1235, 1190, 226, 16.43%, 0, 0, 3, 352.99 10768 3264169
1601789607, 0, 325, 1236, 1191, 226, 16.43%, 0, 0, 3, 302.96 10768 3278445
1601789617, 0, 325, 1237, 1192, 226, 16.43%, 0, 0, 3, 319.46 10768 3281795
1601789643, 0, 331, 1238, 1192, 225, 16.43%, 0, 0, 3, 377.50 10768 3290103
1601789704, 0, 331, 1240, 1194, 225, 16.47%, 0, 0, 3, 352.09 10792 3313149
1601789709, 0, 331, 1241, 1195, 225, 16.47%, 0, 0, 3, 350.67 10792 3314974
1601789780, 0, 332, 1241, 1194, 224, 16.47%, 0, 0, 3, 370.83 10792 3339408
1601789831, 0, 332, 1242, 1195, 224, 16.47%, 0, 0, 3, 359.09 10794 3358764
1601789836, 0, 332, 1244, 1197, 224, 16.47%, 0, 0, 3, 347.29 10797 3360557
1601789861, 0, 332, 1245, 1198, 224, 16.47%, 0, 0, 3, 359.98 10797 3370083
1601789867, 0, 332, 1247, 1200, 224, 16.49%, 0, 0, 3, 346.57 10804 3371628
1601789892, 0, 342, 1248, 1200, 226, 16.49%, 0, 0, 3, 405.10 10804 3380887
1601789897, 0, 342, 1249, 1201, 226, 16.49%, 0, 0, 3, 392.65 10806 3382833
1601789907, 0, 342, 1250, 1202, 226, 16.49%, 0, 0, 3, 392.11 10807 3386821
1601789948, 0, 342, 1251, 1203, 226, 16.49%, 0, 0, 3, 362.19 10810 3402673
1601789958, 0, 342, 1252, 1204, 226, 16.49%, 0, 0, 3, 382.88 10810 3406503
1601789994, 0, 342, 1254, 1206, 226, 16.51%, 0, 0, 3, 357.66 10818 3420200
1601790025, 0, 345, 1254, 1205, 230, 16.51%, 0, 0, 3, 382.82 10818 3431709
1601790040, 0, 345, 1256, 1207, 230, 16.52%, 0, 0, 3, 370.98 10824 3437449
1601790081, 0, 345, 1259, 1210, 230, 16.56%, 0, 0, 3, 359.87 10852 3452962
1601790086, 0, 345, 1261, 1212, 230, 16.56%, 0, 0, 3, 350.83 10856 3454761
1601790091, 0, 345, 1264, 1215, 230, 16.58%, 0, 0, 3, 351.26 10869 3456586
1601790117, 0, 345, 1265, 1216, 230, 16.58%, 0, 0, 3, 385.42 10869 3466271
1601790132, 0, 345, 1268, 1219, 230, 16.59%, 0, 0, 3, 337.21 10873 3471440
1601790137, 0, 345, 1270, 1221, 230, 16.60%, 0, 0, 3, 331.69 10876 3473118
1601790142, 0, 345, 1272, 1223, 230, 16.60%, 0, 0, 3, 329.75 10876 3474790
1601790162, 0, 353, 1273, 1223, 237, 16.60%, 0, 0, 3, 379.27 10878 3481986
1601790177, 0, 353, 1276, 1226, 237, 16.61%, 0, 0, 3, 362.33 10884 3487654
1601790218, 0, 353, 1277, 1227, 237, 16.61%, 0, 0, 3, 354.80 10884 3503253
1601790228, 0, 353, 1278, 1228, 237, 16.65%, 0, 0, 3, 360.87 10909 3506796
1601790239, 0, 353, 1279, 1229, 237, 16.65%, 0, 0, 3, 329.38 10909 3510380
1601790254, 0, 353, 1281, 1231, 237, 16.65%, 0, 0, 3, 377.65 10909 3516357
1601790279, 0, 353, 1285, 1235, 237, 16.65%, 0, 0, 3, 353.83 10914 3525202
1601790289, 0, 353, 1286, 1236, 237, 16.65%, 0, 0, 3, 304.31 10914 3528259
1601790300, 0, 368, 1286, 1235, 244, 16.65%, 0, 0, 3, 375.66 10914 3532170
1601790401, 0, 368, 1287, 1236, 244, 16.65%, 0, 0, 3, 328.60 10914 3569598
1601790437, 0, 369, 1287, 1235, 244, 16.65%, 0, 0, 3, 377.65 10914 3580924
1601790447, 0, 369, 1288, 1236, 244, 16.65%, 0, 0, 3, 386.98 10914 3584770
1601790483, 0, 369, 1290, 1238, 244, 16.65%, 0, 0, 3, 391.05 10915 3598060
1601790488, 0, 369, 1291, 1239, 244, 16.65%, 0, 0, 3, 385.61 10915 3600098
1601790493, 0, 369, 1292, 1240, 244, 16.65%, 0, 0, 3, 359.04 10915 3601884
1601790498, 0, 369, 1295, 1243, 244, 16.66%, 0, 0, 3, 350.30 10921 3603619
1601790509, 0, 369, 1296, 1244, 244, 16.66%, 0, 0, 3, 332.57 10921 3607023
1601790514, 0, 369, 1298, 1246, 244, 16.69%, 0, 0, 3, 327.58 10935 3608641
1601790524, 0, 369, 1299, 1247, 244, 16.69%, 0, 0, 3, 336.13 10936 3611700
1601790529, 0, 369, 1301, 1249, 244, 16.69%, 0, 0, 3, 375.74 10936 3613761
1601790539, 0, 369, 1303, 1251, 244, 16.69%, 0, 0, 3, 355.90 10936 3617536
1601790544, 0, 369, 1304, 1252, 244, 16.69%, 0, 0, 3, 339.38 10936 3619222
1601790585, 0, 370, 1304, 1251, 247, 16.69%, 0, 0, 3, 391.44 10936 3632189
1601790621, 0, 370, 1306, 1253, 247, 16.69%, 0, 0, 3, 414.40 10938 3646602
1601790707, 0, 385, 1309, 1255, 247, 16.69%, 0, 0, 3, 363.21 10938 3680151
1601790717, 0, 385, 1313, 1259, 247, 16.70%, 0, 0, 3, 371.81 10943 3683913
1601790747, 0, 385, 1315, 1261, 247, 16.70%, 0, 0, 3, 406.78 10943 3695276
1601790757, 0, 385, 1319, 1265, 247, 16.70%, 0, 0, 3, 396.19 10943 3699346
1601790768, 0, 385, 1321, 1267, 247, 16.70%, 0, 0, 3, 350.73 10945 3702953
1601790778, 0, 385, 1322, 1268, 247, 16.70%, 0, 0, 3, 330.45 10945 3706299
1601790798, 0, 385, 1323, 1269, 247, 16.70%, 0, 0, 3, 385.28 10945 3713383
1601790808, 0, 385, 1324, 1270, 247, 16.70%, 0, 0, 3, 346.77 10945 3717079
1601790854, 0, 385, 1328, 1274, 247, 16.70%, 0, 0, 3, 398.10 10946 3731561
1601790870, 0, 385, 1330, 1276, 247, 16.70%, 0, 0, 3, 423.64 10946 3738027
1601790875, 0, 385, 1331, 1277, 247, 16.70%, 0, 0, 3, 424.77 10946 3740211
1601790885, 0, 385, 1333, 1279, 247, 16.71%, 0, 0, 3, 424.31 10948 3744587
1601790911, 0, 385, 1334, 1280, 247, 16.71%, 0, 0, 3, 421.76 10948 3755347
1601790916, 0, 385, 1335, 1281, 247, 16.71%, 0, 0, 3, 420.37 10948 3757531
1601790926, 0, 385, 1336, 1282, 247, 16.71%, 0, 0, 3, 422.53 10948 3761803
1601790931, 0, 389, 1336, 1281, 253, 16.71%, 0, 0, 3, 410.86 10948 3763854
1601790972, 0, 389, 1337, 1282, 253, 16.71%, 0, 0, 3, 377.47 10949 3780090
1601791028, 0, 403, 1337, 1281, 253, 16.71%, 0, 0, 3, 402.15 10949 3802475
1601791033, 0, 403, 1338, 1282, 253, 16.71%, 0, 0, 3, 371.95 10954 3804370
1601791039, 0, 403, 1339, 1283, 253, 16.73%, 0, 0, 3, 388.31 10961 3806330
1601791054, 0, 403, 1341, 1285, 253, 16.73%, 0, 0, 3, 366.43 10964 3812000
1601791080, 0, 403, 1342, 1286, 253, 16.73%, 0, 0, 3, 396.43 10964 3821963
1601791090, 0, 403, 1344, 1288, 253, 16.78%, 0, 0, 3, 356.48 10996 3825591
1601791095, 0, 403, 1349, 1293, 253, 16.79%, 0, 0, 3, 346.64 11001 3827333
1601791100, 0, 403, 1351, 1295, 253, 16.79%, 0, 0, 3, 333.69 11002 3828921
1601791146, 0, 403, 1353, 1297, 253, 16.81%, 0, 0, 3, 320.57 11018 3844976
1601791151, 0, 403, 1354, 1298, 253, 16.81%, 0, 0, 3, 315.45 11018 3846568
1601791182, 0, 405, 1354, 1297, 260, 16.81%, 0, 0, 3, 403.75 11018 3856687
1601791237, 0, 405, 1359, 1302, 260, 16.87%, 0, 0, 3, 351.38 11056 3878250
1601791309, 0, 409, 1359, 1301, 264, 16.87%, 0, 0, 3, 406.56 11056 3906043
1601791426, 0, 409, 1360, 1302, 264, 16.87%, 0, 0, 3, 372.24 11056 3951125
1601791446, 0, 419, 1360, 1300, 263, 16.87%, 0, 0, 3, 395.50 11056 3959060
1601791451, 0, 419, 1361, 1301, 263, 16.87%, 0, 0, 3, 392.89 11056 3960977
1601791497, 0, 419, 1362, 1302, 263, 16.87%, 0, 0, 3, 374.62 11056 3978527
1601791507, 0, 419, 1364, 1304, 263, 16.89%, 0, 0, 3, 355.16 11070 3982166
1601791512, 0, 419, 1365, 1305, 263, 16.89%, 0, 0, 3, 352.83 11070 3983973
1601791553, 0, 419, 1368, 1308, 263, 16.91%, 0, 0, 3, 328.48 11079 3998437
1601791584, 0, 431, 1368, 1307, 266, 16.91%, 0, 0, 3, 408.04 11079 4008291
1601791675, 0, 434, 1368, 1306, 266, 16.91%, 0, 0, 3, 434.33 11079 4047827
1601791690, 0, 434, 1369, 1307, 266, 16.91%, 0, 0, 3, 444.01 11081 4054529
1601791695, 0, 442, 1369, 1306, 266, 16.91%, 0, 0, 3, 451.30 11081 4056860
1601791700, 0, 442, 1370, 1307, 266, 16.91%, 0, 0, 3, 468.07 11083 4059285
1601791705, 0, 451, 1372, 1308, 265, 16.91%, 0, 0, 3, 406.09 11084 4061256
1601791710, 0, 451, 1373, 1309, 265, 16.91%, 0, 0, 3, 384.00 11085 4063206
1601791741, 0, 451, 1374, 1310, 265, 16.91%, 0, 0, 3, 385.10 11085 4075737
1601791777, 0, 451, 1377, 1313, 265, 16.96%, 0, 0, 3, 392.70 11116 4089306
1601791822, 0, 451, 1380, 1316, 265, 16.99%, 0, 0, 3, 366.66 11136 4106294
1601791833, 0, 454, 1380, 1315, 271, 16.99%, 0, 0, 3, 421.32 11136 4110419
1601791838, 0, 454, 1382, 1317, 271, 17.00%, 0, 0, 3, 419.42 11138 4112588
1601791843, 0, 454, 1388, 1323, 271, 17.04%, 0, 0, 3, 419.08 11165 4114804
1601791848, 0, 454, 1389, 1324, 271, 17.04%, 0, 0, 3, 429.34 11165 4117000
1601791858, 0, 455, 1389, 1323, 273, 17.04%, 0, 0, 3, 428.22 11165 4121236
1601791873, 0, 457, 1391, 1324, 272, 17.04%, 0, 0, 3, 432.26 11170 4127954
1601791879, 0, 457, 1393, 1326, 272, 17.07%, 0, 0, 3, 401.23 11190 4129996
1601791899, 0, 457, 1394, 1327, 272, 17.08%, 0, 0, 3, 431.06 11191 4138522
1601791904, 0, 457, 1396, 1329, 272, 17.08%, 0, 0, 3, 416.42 11191 4140594
1601791909, 0, 457, 1401, 1334, 272, 17.10%, 0, 0, 3, 410.29 11206 4142698
1601791919, 0, 458, 1402, 1334, 277, 17.11%, 0, 0, 3, 417.59 11214 4146601
1601791924, 0, 458, 1404, 1336, 277, 17.11%, 0, 0, 3, 411.29 11215 4148714
1601791934, 0, 458, 1406, 1338, 277, 17.11%, 0, 0, 3, 430.82 11215 4152943
1601791939, 0, 458, 1407, 1339, 277, 17.11%, 0, 0, 3, 404.28 11215 4154991
1601791949, 0, 458, 1409, 1341, 277, 17.11%, 0, 0, 3, 429.72 11215 4159285
1601791970, 0, 474, 1409, 1339, 276, 17.11%, 0, 0, 3, 463.40 11215 4167840
1601791995, 0, 476, 1409, 1338, 275, 17.11%, 0, 0, 3, 439.15 11215 4178942
1601792005, 0, 476, 1412, 1341, 275, 17.11%, 0, 0, 3, 370.41 11215 4182811
1601792031, 0, 476, 1414, 1343, 275, 17.11%, 0, 0, 3, 406.92 11215 4192932
1601792041, 0, 476, 1415, 1344, 275, 17.11%, 0, 0, 3, 359.38 11216 4196620
1601792046, 0, 476, 1417, 1346, 275, 17.12%, 0, 0, 3, 357.71 11217 4198456
1601792051, 0, 476, 1418, 1347, 275, 17.12%, 0, 0, 3, 345.82 11217 4200188
1601792056, 0, 476, 1421, 1350, 275, 17.12%, 0, 0, 3, 394.23 11217 4202276
1601792061, 0, 476, 1422, 1351, 275, 17.12%, 0, 0, 3, 403.80 11217 4204277
1601792066, 0, 476, 1425, 1354, 275, 17.12%, 0, 0, 3, 375.14 11217 4206193
1601792077, 0, 476, 1427, 1356, 275, 17.12%, 0, 0, 3, 334.71 11217 4209599
1601792097, 0, 493, 1427, 1355, 273, 17.12%, 0, 0, 3, 417.55 11217 4217020
1601792122, 0, 494, 1427, 1354, 272, 17.12%, 0, 0, 3, 376.89 11217 4227615
1601792178, 0, 494, 1428, 1355, 272, 17.12%, 0, 0, 3, 340.63 11219 4248333
1601792193, 0, 494, 1429, 1356, 272, 17.12%, 0, 0, 3, 317.63 11219 4253219
1601792255, 0, 495, 1429, 1355, 272, 17.12%, 0, 0, 3, 377.82 11219 4274214
1601792260, 0, 495, 1430, 1356, 272, 17.12%, 0, 0, 3, 385.39 11219 4276231
1601792296, 0, 495, 1431, 1357, 272, 17.12%, 0, 0, 3, 373.63 11221 4289978
1601792332, 0, 511, 1435, 1360, 272, 17.12%, 0, 0, 3, 422.28 11223 4303841
1601792378, 0, 516, 1436, 1360, 272, 17.12%, 0, 0, 3, 371.04 11223 4323297
1601792383, 0, 516, 1437, 1361, 272, 17.13%, 0, 0, 3, 381.62 11225 4325306
1601792414, 0, 516, 1438, 1362, 272, 17.13%, 0, 0, 3, 361.87 11225 4336762
1601792439, 0, 516, 1443, 1367, 272, 17.14%, 0, 0, 3, 360.86 11230 4345614
1601792444, 0, 516, 1448, 1372, 272, 17.14%, 0, 0, 3, 310.79 11236 4347144
1601792465, 0, 520, 1448, 1371, 277, 17.14%, 0, 0, 3, 379.78 11236 4353600
1601792506, 0, 520, 1449, 1372, 277, 17.14%, 0, 0, 3, 322.58 11236 4368963
1601792547, 0, 520, 1450, 1373, 277, 17.14%, 0, 0, 3, 311.30 11236 4382737
1601792557, 0, 538, 1450, 1372, 276, 17.14%, 0, 0, 3, 402.94 11236 4386503
1601792623, 0, 546, 1450, 1371, 275, 17.14%, 0, 0, 3, 309.02 11236 4412295
1601792628, 0, 546, 1451, 1372, 275, 17.14%, 0, 0, 3, 339.74 11236 4414013
1601792639, 0, 546, 1453, 1374, 275, 17.24%, 0, 0, 3, 276.61 11297 4416510
1601792664, 0, 546, 1454, 1375, 275, 17.24%, 0, 0, 3, 181.48 11297 4424636
1601792674, 0, 546, 1455, 1376, 275, 17.24%, 0, 0, 3, 232.79 11297 4427213
1601792695, 0, 546, 1457, 1378, 275, 17.24%, 0, 0, 3, 374.23 11299 4432782
1601792705, 0, 546, 1459, 1380, 275, 17.24%, 0, 0, 3, 255.91 11299 4435895
1601792721, 0, 546, 1460, 1381, 275, 17.25%, 0, 0, 3, 233.29 11307 4439438
1601792741, 0, 551, 1460, 1380, 276, 17.25%, 0, 0, 3, 378.94 11307 4444892
1601792797, 0, 552, 1460, 1379, 275, 17.25%, 0, 0, 3, 445.51 11307 4468939
1601792812, 0, 552, 1461, 1380, 275, 17.25%, 0, 0, 3, 423.68 11307 4475566
1601792838, 0, 552, 1464, 1383, 275, 17.26%, 0, 0, 3, 422.67 11312 4486359
1601792848, 0, 554, 1464, 1382, 278, 17.26%, 0, 0, 3, 432.11 11312 4490779
1601792905, 0, 556, 1464, 1381, 277, 17.26%, 0, 0, 3, 352.49 11312 4514062
1601792951, 0, 556, 1465, 1382, 277, 17.26%, 0, 0, 3, 403.79 11312 4529206
1601792977, 0, 557, 1465, 1381, 276, 17.26%, 0, 0, 3, 378.81 11312 4536812
1601793038, 0, 559, 1465, 1380, 275, 17.26%, 0, 0, 3, 344.61 11312 4560304
1601793043, 0, 559, 1467, 1382, 275, 17.27%, 0, 0, 3, 357.44 11321 4562058
1601793079, 0, 559, 1468, 1383, 275, 17.27%, 0, 0, 3, 344.02 11321 4573572
1601793151, 0, 563, 1468, 1382, 276, 17.27%, 0, 0, 3, 329.05 11321 4593253
1601793207, 0, 563, 1469, 1383, 276, 17.27%, 0, 0, 3, 241.50 11321 4609727
1601793268, 0, 564, 1469, 1382, 275, 17.27%, 0, 0, 3, 326.53 11321 4626936
1601793309, 0, 564, 1471, 1384, 275, 17.36%, 0, 0, 3, 261.34 11380 4639866
1601793335, 0, 564, 1473, 1386, 275, 17.44%, 0, 0, 3, 263.55 11428 4647883
1601793351, 0, 565, 1475, 1387, 277, 17.44%, 0, 0, 3, 344.16 11429 4652754
1601793356, 0, 565, 1477, 1389, 277, 17.44%, 0, 0, 3, 344.64 11432 4654540
1601793376, 0, 565, 1478, 1390, 277, 17.44%, 0, 0, 3, 390.30 11432 4661063
1601793397, 0, 565, 1481, 1393, 277, 17.44%, 0, 0, 3, 271.55 11432 4667262
1601793417, 0, 565, 1482, 1394, 277, 17.44%, 0, 0, 3, 273.71 11432 4674030
1601793432, 0, 566, 1482, 1393, 279, 17.44%, 0, 0, 3, 355.84 11432 4678962
1601793514, 0, 569, 1482, 1392, 278, 17.44%, 0, 0, 3, 334.55 11432 4705569
1601793575, 0, 569, 1483, 1393, 278, 17.44%, 0, 0, 3, 265.82 11432 4723964
1601793626, 0, 571, 1484, 1393, 278, 17.44%, 0, 0, 3, 301.52 11432 4739011
1601793661, 0, 571, 1486, 1395, 278, 17.45%, 0, 0, 3, 331.30 11436 4749878
1601793748, 0, 574, 1488, 1396, 277, 17.45%, 0, 0, 3, 421.16 11438 4775168
1601793753, 0, 575, 1489, 1396, 277, 17.46%, 0, 0, 3, 372.08 11440 4777104
1601793774, 0, 575, 1490, 1397, 277, 17.46%, 0, 0, 3, 375.59 11445 4783845
1601793819, 0, 576, 1490, 1396, 278, 17.46%, 0, 0, 3, 371.54 11445 4797591
1601793850, 0, 580, 1490, 1395, 276, 17.46%, 0, 0, 3, 431.91 11445 4810687
1601793870, 0, 581, 1492, 1396, 275, 17.47%, 0, 0, 3, 434.04 11446 4819526
1601793875, 0, 585, 1493, 1396, 274, 17.47%, 0, 0, 3, 425.40 11446 4821680
1601793885, 0, 589, 1493, 1395, 273, 17.47%, 0, 0, 3, 444.22 11446 4826163
1601793891, 0, 595, 1493, 1394, 272, 17.47%, 0, 0, 3, 435.02 11446 4828425
1601793936, 0, 639, 1493, 1393, 272, 17.47%, 0, 0, 3, 412.69 11446 4847757
1601793947, 0, 639, 1494, 1394, 272, 17.47%, 0, 0, 3, 401.06 11446 4851836
1601794191, 0, 642, 1494, 1393, 271, 17.47%, 0, 0, 3, 393.16 11446 4946822
1601794435, 0, 649, 1494, 1392, 270, 17.47%, 0, 0, 3, 388.76 11446 5041540
1601794481, 0, 649, 1495, 1393, 270, 17.47%, 0, 0, 3, 370.67 11450 5059105
1601794793, 0, 649, 1496, 1394, 270, 17.47%, 0, 0, 3, 396.34 11450 5176818
1601794798, 0, 649, 1498, 1396, 270, 17.48%, 0, 0, 3, 399.12 11453 5178724
1601794803, 0, 649, 1500, 1398, 270, 17.48%, 0, 0, 3, 403.05 11457 5180754
1601794808, 0, 649, 1501, 1399, 270, 17.48%, 0, 0, 3, 410.24 11457 5182834
1601794813, 0, 649, 1503, 1401, 270, 17.48%, 0, 0, 3, 402.51 11457 5184874
1601794818, 0, 649, 1505, 1403, 270, 17.48%, 0, 0, 3, 407.02 11457 5186938
1601794828, 0, 649, 1507, 1405, 270, 17.48%, 0, 0, 3, 395.50 11457 5190934
1601794833, 0, 649, 1509, 1407, 270, 17.48%, 0, 0, 3, 407.39 11457 5192986
1601794853, 0, 649, 1511, 1409, 270, 17.49%, 0, 0, 3, 415.29 11461 5201322
1601794864, 0, 649, 1512, 1410, 270, 17.49%, 0, 0, 3, 413.27 11461 5205458
1601794874, 0, 661, 1512, 1409, 272, 17.49%, 0, 0, 3, 390.72 11461 5209489
1601795409, 0, 751, 1513, 1409, 272, 17.49%, 0, 0, 3, 271.82 11461 5405799
1601795415, 0, 751, 1514, 1410, 272, 17.49%, 0, 0, 3, 265.08 11461 5407167
1601795425, 0, 751, 1515, 1411, 272, 17.49%, 0, 0, 3, 250.87 11461 5409740
1601797255, 0, 751, 1516, 1412, 272, 17.49%, 0, 0, 3, 247.49 11461 5912589
1601798357, 0, 777, 1516, 1411, 271, 17.49%, 0, 0, 3, 289.18 11461 6219846
1601803057, 0, 780, 1517, 1411, 271, 17.49%, 0, 0, 3, 342.92 11464 7332873
1601803067, 0, 780, 1524, 1418, 271, 17.53%, 0, 0, 3, 387.87 11487 7336700
1601803072, 0, 780, 1525, 1419, 271, 17.53%, 0, 0, 3, 390.68 11487 7338622
1601803077, 0, 780, 1527, 1421, 271, 17.53%, 0, 0, 3, 423.57 11487 7340806
1601803082, 0, 780, 1530, 1424, 271, 17.53%, 0, 0, 3, 407.95 11489 7342878
1601803087, 0, 780, 1532, 1426, 271, 17.61%, 0, 0, 3, 391.33 11544 7344768
1601803163, 0, 780, 1533, 1427, 271, 17.61%, 0, 0, 3, 371.39 11544 7371908
1601803168, 0, 780, 1535, 1429, 271, 17.61%, 0, 0, 3, 368.59 11544 7373765
1601803173, 0, 780, 1536, 1430, 271, 17.61%, 0, 0, 3, 400.50 11544 7375796
1601803178, 0, 780, 1537, 1431, 271, 17.63%, 0, 0, 3, 395.96 11553 7377771
1601803183, 0, 780, 1540, 1434, 271, 17.63%, 0, 0, 3, 404.83 11553 7379761
1601803194, 0, 780, 1541, 1435, 271, 17.63%, 0, 0, 3, 372.47 11553 7383550
1601803199, 0, 780, 1542, 1436, 271, 17.63%, 0, 0, 3, 385.59 11553 7385602
1601803204, 0, 780, 1543, 1437, 271, 17.63%, 0, 0, 3, 394.00 11553 7387647
1601803219, 0, 780, 1544, 1438, 271, 17.63%, 0, 0, 3, 37.77 11553 7393633
1601803224, 0, 780, 1545, 1439, 271, 17.63%, 0, 0, 3, 401.19 11553 7395643
1601803250, 0, 786, 1545, 1438, 276, 17.63%, 0, 0, 3, 194.50 11553 7404770
1601803255, 0, 786, 1546, 1439, 276, 17.63%, 0, 0, 3, 215.34 11553 7405844
1601803337, 0, 786, 1547, 1440, 276, 17.63%, 0, 0, 3, 169.37 11553 7422371
1601803342, 0, 786, 1548, 1441, 276, 17.63%, 0, 0, 3, 205.92 11553 7423432
1601803393, 0, 786, 1549, 1442, 276, 17.63%, 0, 0, 3, 203.58 11553 7434636
1601803419, 0, 786, 1550, 1443, 276, 17.63%, 0, 0, 3, 172.66 11553 7439415
1601803993, 0, 786, 1551, 1444, 276, 17.63%, 0, 0, 3, 192.53 11553 7566425
1601806333, 0, 786, 1553, 1446, 276, 17.65%, 0, 0, 3, 190.10 11564 8126963
1601808834, 0, 788, 1553, 1445, 277, 17.65%, 0, 0, 3, 295.19 11564 8664690
1601808870, 0, 788, 1554, 1446, 277, 17.65%, 0, 0, 3, 388.13 11564 8677809
1601809525, 0, 788, 1555, 1447, 277, 17.65%, 0, 0, 3, 398.52 11566 8921643
1601809530, 0, 792, 1555, 1446, 278, 17.65%, 0, 0, 3, 244.87 11566 8922745
1601809810, 0, 792, 1556, 1447, 278, 17.65%, 0, 0, 3, 282.40 11566 8984977
1601814998, 0, 803, 1556, 1446, 278, 17.65%, 0, 0, 3, 224.97 11566 10182382
1601815141, 0, 803, 1557, 1447, 278, 17.65%, 0, 0, 3, 199.59 11566 10213488
1601815447, 0, 803, 1558, 1448, 278, 17.65%, 0, 0, 3, 249.58 11566 10284373
1601815498, 0, 803, 1559, 1449, 278, 17.65%, 0, 0, 3, 241.65 11566 10296189
1601820508, 0, 805, 1559, 1448, 278, 17.65%, 0, 0, 3, 253.32 11566 11441816
1601822903, 0, 805, 1560, 1449, 278, 17.65%, 0, 0, 3, 236.31 11566 12048351
1601825077, 0, 808, 1561, 1449, 278, 17.65%, 0, 0, 3, 321.12 11566 12554357
1601825092, 0, 808, 1564, 1452, 278, 17.65%, 0, 0, 3, 384.99 11566 12560193
1601825117, 0, 808, 1565, 1453, 278, 17.65%, 0, 0, 3, 390.46 11566 12570371
1601825122, 0, 808, 1566, 1454, 278, 17.65%, 0, 0, 3, 375.45 11566 12572248
1601825128, 0, 808, 1568, 1456, 278, 17.65%, 0, 0, 3, 368.80 11566 12574154
1601825133, 0, 808, 1569, 1457, 278, 17.73%, 0, 0, 3, 408.84 11617 12576315
1601825204, 0, 813, 1572, 1459, 279, 17.74%, 0, 0, 3, 400.44 11624 12603534
1601825245, 0, 813, 1573, 1460, 279, 17.74%, 0, 0, 3, 410.77 11624 12619529
1601825250, 0, 813, 1576, 1463, 279, 17.76%, 0, 0, 3, 385.04 11637 12621491
1601825255, 0, 813, 1577, 1464, 279, 17.76%, 0, 0, 3, 363.57 11637 12623298
1601825265, 0, 813, 1578, 1465, 279, 17.76%, 0, 0, 3, 411.27 11638 12627509
1601825336, 0, 830, 1578, 1464, 283, 17.76%, 0, 0, 3, 401.25 11638 12653200
1601825615, 0, 832, 1578, 1463, 282, 17.76%, 0, 0, 3, 381.09 11638 12763318
1601825620, 0, 832, 1579, 1464, 282, 17.76%, 0, 0, 3, 339.31 11639 12764955
1601825737, 0, 832, 1580, 1465, 282, 17.76%, 0, 0, 3, 323.11 11639 12807852
1601825808, 0, 832, 1581, 1466, 282, 17.76%, 0, 0, 3, 289.95 11639 12832332
1601825833, 0, 834, 1581, 1465, 282, 17.76%, 0, 0, 3, 382.95 11639 12840794
1601826154, 0, 835, 1581, 1464, 281, 17.76%, 0, 0, 3, 280.02 11639 12944270
1601826842, 0, 835, 1582, 1465, 281, 17.76%, 0, 0, 3, 196.33 11639 13095360
1601827960, 0, 835, 1583, 1466, 281, 17.76%, 0, 0, 3, 296.85 11639 13369496
1601831919, 0, 843, 1583, 1465, 281, 17.76%, 0, 0, 3, 220.99 11639 14213158
1601831985, 0, 843, 1585, 1467, 281, 17.76%, 0, 0, 3, 192.32 11641 14227291
1601834780, 0, 843, 1586, 1468, 281, 17.77%, 0, 0, 3, 218.89 11643 14888992
1601834918, 0, 843, 1587, 1469, 281, 17.77%, 0, 0, 3, 192.45 11643 14915894
1601837591, 0, 844, 1587, 1468, 284, 17.77%, 0, 0, 3, 248.40 11643 15483793
1601837612, 0, 844, 1588, 1469, 284, 17.77%, 0, 0, 3, 236.64 11643 15488639
1601837668, 0, 844, 1589, 1470, 284, 17.77%, 0, 0, 3, 239.45 11644 15500719
1601840159, 0, 844, 1590, 1471, 284, 17.77%, 0, 0, 3, 195.68 11644 16119032
1601840180, 0, 844, 1591, 1472, 284, 17.77%, 0, 0, 3, 212.07 11645 16123173
1601840447, 0, 844, 1593, 1474, 284, 17.77%, 0, 0, 3, 183.52 11647 16174478
1601840452, 0, 844, 1594, 1475, 284, 17.77%, 0, 0, 3, 183.55 11647 16175428
1601840462, 0, 844, 1595, 1476, 284, 17.77%, 0, 0, 3, 185.83 11647 16177344
1601842279, 0, 849, 1595, 1475, 286, 17.77%, 0, 0, 3, 221.87 11647 16607544
1601847108, 0, 849, 1596, 1476, 286, 17.77%, 0, 0, 3, 209.48 11647 17717719
1601847328, 0, 849, 1597, 1477, 286, 17.77%, 0, 0, 3, 187.97 11647 17760041
1601847973, 0, 852, 1597, 1476, 285, 17.77%, 0, 0, 3, 291.31 11647 17882552
1601848161, 0, 852, 1599, 1478, 285, 17.77%, 0, 0, 3, 279.53 11647 17940523
1601850214, 0, 862, 1599, 1477, 285, 17.77%, 0, 0, 3, 379.48 11647 18563484
1601850244, 0, 869, 1599, 1476, 284, 17.77%, 0, 0, 3, 334.89 11647 18575272
1601850666, 0, 872, 1601, 1477, 283, 17.77%, 0, 0, 3, 309.81 11647 18711184
1601853901, 0, 883, 1601, 1476, 283, 17.77%, 0, 0, 3, 312.30 11647 19630545
1601853906, 0, 883, 1606, 1481, 283, 17.77%, 0, 0, 3, 326.05 11647 19632181
1601853931, 0, 883, 1607, 1482, 283, 17.77%, 0, 0, 3, 334.04 11647 19640113
1601853961, 0, 883, 1608, 1483, 283, 17.77%, 0, 0, 3, 336.71 11647 19649808
1601855687, 0, 883, 1611, 1486, 283, 17.77%, 0, 0, 3, 363.70 11647 20210007
1601855708, 0, 893, 1612, 1486, 284, 17.78%, 0, 0, 4, 392.21 11650 20217913
1601855713, 0, 893, 1616, 1490, 284, 17.78%, 0, 0, 4, 392.31 11655 20219892
1601855738, 0, 893, 1617, 1491, 284, 17.78%, 0, 0, 4, 404.60 11655 20230054
1601855744, 0, 893, 1619, 1493, 284, 17.79%, 0, 0, 4, 414.50 11660 20232166
1601855749, 0, 893, 1621, 1495, 284, 17.79%, 0, 0, 4, 388.29 11662 20234154
1601855759, 0, 893, 1623, 1497, 284, 17.79%, 0, 0, 4, 367.99 11662 20237894
1601855780, 0, 893, 1625, 1499, 284, 17.79%, 0, 0, 4, 389.74 11662 20245901
1601855805, 0, 893, 1626, 1500, 284, 17.79%, 0, 0, 4, 341.24 11662 20254555
1601855815, 0, 893, 1628, 1502, 284, 17.80%, 0, 0, 4, 410.32 11663 20258523
1601855825, 0, 894, 1628, 1501, 291, 17.80%, 0, 0, 4, 413.33 11663 20262771
1601855866, 0, 894, 1629, 1502, 291, 17.80%, 0, 0, 4, 388.03 11663 20279159
1601855897, 0, 894, 1630, 1503, 291, 17.80%, 0, 0, 4, 387.35 11663 20290959
1601855902, 0, 894, 1631, 1504, 291, 17.80%, 0, 0, 4, 363.87 11663 20292745
1601855922, 0, 894, 1632, 1505, 291, 17.80%, 0, 0, 4, 346.64 11663 20299956
1601855933, 0, 895, 1632, 1504, 290, 17.80%, 0, 0, 4, 387.85 11663 20303882
1601855963, 0, 895, 1633, 1505, 290, 17.80%, 0, 0, 4, 394.76 11663 20315293
1601855968, 0, 895, 1634, 1506, 290, 17.80%, 0, 0, 4, 403.09 11663 20317421
1601856044, 0, 895, 1635, 1507, 290, 17.80%, 0, 0, 4, 416.27 11665 20345512
1601856049, 0, 903, 1636, 1507, 290, 17.80%, 0, 0, 4, 385.94 11665 20347403
1601856054, 0, 903, 1642, 1513, 290, 17.81%, 0, 0, 4, 394.68 11669 20349424
1601856090, 0, 903, 1652, 1523, 290, 17.84%, 0, 0, 4, 398.89 11691 20363100
1601856106, 0, 903, 1657, 1528, 290, 17.84%, 0, 0, 4, 355.96 11691 20368782
1601856111, 0, 903, 1658, 1529, 290, 17.84%, 0, 0, 4, 336.71 11691 20370454
1601856116, 0, 903, 1659, 1530, 290, 17.84%, 0, 0, 4, 332.31 11691 20372118
1601856136, 0, 903, 1662, 1533, 290, 17.84%, 0, 0, 4, 389.49 11694 20379157
1601856141, 0, 903, 1666, 1537, 290, 17.85%, 0, 0, 4, 386.83 11695 20381247
1601856192, 0, 904, 1666, 1536, 294, 17.85%, 0, 0, 4, 364.49 11695 20397511
1601856203, 0, 904, 1667, 1537, 294, 17.85%, 0, 0, 4, 387.66 11696 20401518
1601856279, 0, 904, 1669, 1539, 294, 17.85%, 0, 0, 4, 394.46 11700 20429396
1601856341, 0, 905, 1669, 1538, 296, 17.85%, 0, 0, 4, 366.43 11700 20449783
1601856346, 0, 905, 1670, 1539, 296, 17.85%, 0, 0, 4, 385.06 11700 20451767
1601856428, 0, 905, 1671, 1540, 296, 17.86%, 0, 0, 4, 382.81 11702 20481072
1601856438, 0, 905, 1672, 1541, 296, 17.86%, 0, 0, 4, 351.97 11702 20484860
1601856484, 0, 906, 1672, 1540, 296, 17.86%, 0, 0, 4, 375.58 11702 20499367
1601856495, 0, 906, 1673, 1541, 296, 17.86%, 0, 0, 4, 404.66 11703 20503160
1601856637, 0, 922, 1673, 1540, 296, 17.86%, 0, 0, 4, 385.25 11703 20552113
1601856642, 0, 922, 1674, 1541, 296, 17.86%, 0, 0, 4, 387.22 11704 20553999
1601856678, 0, 922, 1676, 1543, 296, 17.86%, 0, 0, 4, 399.73 11704 20567841
1601856693, 0, 922, 1677, 1544, 296, 17.86%, 0, 0, 4, 370.19 11704 20573703
1601856703, 0, 922, 1678, 1545, 296, 17.86%, 0, 0, 4, 350.13 11705 20577299
1601856760, 0, 922, 1679, 1546, 296, 17.86%, 0, 0, 4, 353.88 11705 20597718
1601856775, 0, 924, 1683, 1549, 298, 17.86%, 0, 0, 4, 374.52 11707 20603305
1601856786, 0, 924, 1684, 1550, 298, 17.86%, 0, 0, 4, 378.18 11707 20607257
1601856816, 0, 924, 1686, 1552, 298, 17.89%, 0, 0, 4, 392.65 11722 20618657
1601856821, 0, 924, 1688, 1554, 298, 17.89%, 0, 0, 4, 396.07 11722 20620661
1601856826, 0, 924, 1689, 1555, 298, 17.89%, 0, 0, 4, 387.57 11722 20622503
1601856872, 0, 924, 1691, 1557, 298, 17.89%, 0, 0, 4, 355.55 11722 20638506
1601856882, 0, 924, 1692, 1558, 298, 17.89%, 0, 0, 4, 366.93 11722 20642273
1601856933, 0, 936, 1692, 1557, 300, 17.89%, 0, 0, 4, 374.27 11722 20659067
1601856938, 0, 936, 1693, 1558, 300, 17.89%, 0, 0, 4, 390.17 11723 20661035
1601856963, 0, 936, 1694, 1559, 300, 17.89%, 0, 0, 4, 411.73 11726 20670562
1601857040, 0, 943, 1695, 1559, 301, 17.89%, 0, 0, 4, 386.37 11726 20698929
1601857045, 0, 943, 1696, 1560, 301, 17.89%, 0, 0, 4, 381.01 11726 20700796
1601857151, 0, 944, 1696, 1559, 299, 17.89%, 0, 0, 4, 399.67 11726 20740748
1601857162, 0, 951, 1696, 1558, 298, 17.89%, 0, 0, 4, 439.01 11726 20745210
1601857167, 0, 951, 1698, 1560, 298, 17.89%, 0, 0, 4, 391.96 11726 20747123
1601857197, 0, 951, 1700, 1562, 298, 17.90%, 0, 0, 4, 397.91 11730 20758907
1601857233, 0, 951, 1702, 1564, 298, 17.90%, 0, 0, 4, 381.11 11730 20772206
1601857248, 0, 951, 1703, 1565, 298, 17.90%, 0, 0, 4, 356.65 11734 20777730
1601857278, 0, 953, 1703, 1564, 298, 17.90%, 0, 0, 4, 437.12 11734 20789056
1601857283, 0, 959, 1704, 1564, 296, 17.90%, 0, 0, 4, 439.34 11734 20791256
1601857334, 0, 959, 1705, 1565, 296, 17.91%, 0, 0, 4, 354.51 11735 20810209
1601857370, 0, 959, 1706, 1566, 296, 17.91%, 0, 0, 4, 340.75 11736 20823081
1601857411, 0, 959, 1707, 1567, 296, 17.91%, 0, 0, 4, 404.68 11736 20836190
1601857416, 0, 960, 1707, 1566, 297, 17.91%, 0, 0, 4, 400.63 11736 20838289
1601857426, 0, 960, 1708, 1567, 297, 17.91%, 0, 0, 4, 372.41 11736 20842037
1601857543, 0, 963, 1708, 1566, 297, 17.91%, 0, 0, 4, 333.05 11736 20883062
1601857594, 0, 963, 1709, 1567, 297, 17.92%, 0, 0, 4, 329.98 11745 20900313
1601857677, 0, 969, 1709, 1566, 297, 17.92%, 0, 0, 4, 371.92 11745 20925202
1601857728, 0, 969, 1711, 1568, 297, 17.93%, 0, 0, 4, 352.34 11748 20944001
1601857743, 0, 969, 1712, 1569, 297, 17.93%, 0, 0, 4, 332.52 11748 20949153
1601857793, 0, 969, 1713, 1570, 297, 17.93%, 0, 0, 4, 288.02 11748 20965629
1601857804, 0, 973, 1713, 1569, 298, 17.93%, 0, 0, 4, 388.55 11748 20969594
1601857850, 0, 973, 1716, 1572, 298, 17.94%, 0, 0, 4, 373.15 11759 20986938
1601857855, 0, 973, 1717, 1573, 298, 17.94%, 0, 0, 4, 360.48 11759 20988717
1601857901, 0, 973, 1720, 1576, 298, 17.94%, 0, 0, 4, 322.10 11759 21004607
1601857931, 0, 980, 1720, 1575, 299, 17.94%, 0, 0, 4, 386.12 11759 21014656
1601857937, 0, 980, 1721, 1576, 299, 17.94%, 0, 0, 4, 378.89 11759 21016531
1601857987, 0, 980, 1723, 1578, 299, 17.94%, 0, 0, 4, 360.13 11759 21035756
1601857993, 0, 980, 1724, 1579, 299, 17.94%, 0, 0, 4, 350.50 11760 21037528
1601858038, 0, 980, 1726, 1581, 299, 17.95%, 0, 0, 4, 315.22 11763 21053447
1601858079, 0, 987, 1728, 1582, 298, 17.95%, 0, 0, 4, 362.23 11764 21066592
1601858181, 0, 987, 1729, 1583, 298, 17.95%, 0, 0, 4, 339.12 11764 21103357
1601858186, 0, 987, 1730, 1584, 298, 17.95%, 0, 0, 4, 318.78 11764 21104943
1601858226, 0, 988, 1732, 1585, 298, 17.95%, 0, 0, 4, 372.61 11765 21118204
1601858369, 0, 991, 1732, 1584, 299, 17.95%, 0, 0, 4, 365.63 11765 21168430
1601858375, 0, 991, 1733, 1585, 299, 17.95%, 0, 0, 4, 374.28 11766 21170365
1601858385, 0, 991, 1734, 1586, 299, 17.95%, 0, 0, 4, 363.93 11766 21174104
1601858431, 0, 991, 1735, 1587, 299, 17.95%, 0, 0, 4, 358.23 11766 21191117
1601858471, 0, 991, 1736, 1588, 299, 17.97%, 0, 0, 4, 353.97 11774 21205226
1601858476, 0, 991, 1746, 1598, 299, 17.97%, 0, 0, 4, 316.85 11774 21206825
1601858517, 0, 992, 1747, 1598, 300, 17.97%, 0, 0, 4, 371.26 11775 21219902
1601858522, 0, 992, 1748, 1599, 300, 17.97%, 0, 0, 4, 379.44 11775 21221791
1601858532, 0, 992, 1749, 1600, 300, 17.97%, 0, 0, 4, 363.79 11775 21225579
1601858660, 0, 994, 1749, 1599, 300, 17.97%, 0, 0, 4, 376.48 11775 21270626
1601858665, 0, 994, 1750, 1600, 300, 17.97%, 0, 0, 4, 372.68 11776 21272496
1601858701, 0, 994, 1752, 1602, 300, 17.97%, 0, 0, 4, 408.77 11776 21286262
1601858803, 0, 999, 1752, 1601, 301, 17.97%, 0, 0, 4, 389.98 11776 21323150
1601858808, 0, 999, 1753, 1602, 301, 17.97%, 0, 0, 4, 400.62 11776 21325251
1601858909, 0, 1000, 1753, 1601, 300, 17.97%, 0, 0, 4, 414.45 11776 21365166
1601858914, 0, 1000, 1754, 1602, 300, 17.99%, 0, 0, 4, 421.33 11793 21367311
1601859006, 0, 1003, 1754, 1601, 300, 17.99%, 0, 0, 4, 417.12 11793 21405603
1601859053, 0, 1003, 1755, 1602, 300, 17.99%, 0, 0, 4, 369.14 11793 21423609
1601859078, 0, 1003, 1756, 1603, 300, 17.99%, 0, 0, 4, 381.45 11793 21433050
1601859093, 0, 1003, 1757, 1604, 300, 17.99%, 0, 0, 4, 341.29 11793 21438540
1601859099, 0, 1003, 1758, 1605, 300, 18.00%, 0, 0, 4, 338.62 11794 21440300
1601859124, 0, 1004, 1758, 1604, 300, 18.00%, 0, 0, 4, 385.90 11794 21449428
1601859129, 0, 1004, 1759, 1605, 300, 18.00%, 0, 0, 4, 398.17 11794 21451520
1601859160, 0, 1004, 1760, 1606, 300, 18.00%, 0, 0, 4, 401.71 11794 21463564
1601859170, 0, 1004, 1761, 1607, 300, 18.00%, 0, 0, 4, 388.68 11794 21467513
1601859211, 0, 1004, 1762, 1608, 300, 18.00%, 0, 0, 4, 366.07 11794 21482592
1601859246, 0, 1005, 1765, 1610, 299, 18.00%, 0, 0, 4, 386.36 11794 21495430
1601859252, 0, 1005, 1766, 1611, 299, 18.00%, 0, 0, 4, 393.74 11794 21497454
1601859257, 0, 1005, 1770, 1615, 299, 18.00%, 0, 0, 4, 382.55 11794 21499446
1601859287, 0, 1005, 1772, 1617, 299, 18.00%, 0, 0, 4, 408.04 11796 21511240
1601859302, 0, 1005, 1773, 1618, 299, 18.00%, 0, 0, 4, 352.78 11796 21516805
1601859318, 0, 1005, 1774, 1619, 299, 18.00%, 0, 0, 4, 372.24 11796 21522182
1601859323, 0, 1005, 1775, 1620, 299, 18.00%, 0, 0, 4, 402.37 11796 21524257
1601859328, 0, 1005, 1776, 1621, 299, 18.00%, 0, 0, 4, 398.22 11796 21526314
1601859374, 0, 1014, 1776, 1620, 300, 18.00%, 0, 0, 4, 400.25 11796 21542528
1601859476, 0, 1018, 1776, 1619, 299, 18.00%, 0, 0, 4, 413.91 11796 21583832
1601859521, 0, 1018, 1777, 1620, 299, 18.02%, 0, 0, 4, 402.69 11811 21602225
1601859598, 0, 1030, 1777, 1619, 299, 18.02%, 0, 0, 4, 410.14 11811 21632721
1601859608, 0, 1030, 1779, 1621, 299, 18.02%, 0, 0, 4, 387.75 11811 21636559
1601859679, 0, 1030, 1782, 1624, 299, 18.02%, 0, 0, 4, 347.56 11811 21663052
1601859715, 0, 1039, 1783, 1624, 299, 18.02%, 0, 0, 4, 380.98 11811 21675072
1601859751, 0, 1039, 1785, 1626, 299, 18.02%, 0, 0, 4, 397.89 11811 21688835
1601859756, 0, 1039, 1787, 1628, 299, 18.02%, 0, 0, 4, 402.81 11811 21690867
1601859832, 0, 1043, 1788, 1628, 298, 18.02%, 0, 0, 4, 382.10 11811 21718494
1601859837, 0, 1043, 1789, 1629, 298, 18.02%, 0, 0, 4, 392.38 11812 21720464
1601859863, 0, 1043, 1790, 1630, 298, 18.02%, 0, 0, 4, 405.10 11812 21730368
1601859945, 0, 1051, 1790, 1629, 299, 18.02%, 0, 0, 4, 420.97 11812 21760669
1601860089, 0, 1051, 1791, 1630, 299, 18.02%, 0, 0, 4, 428.30 11812 21822104
1601860094, 0, 1052, 1792, 1630, 298, 18.03%, 0, 0, 4, 423.46 11817 21824226
1601860119, 0, 1057, 1792, 1629, 298, 18.03%, 0, 0, 4, 404.06 11817 21834940
1601860125, 0, 1057, 1793, 1630, 298, 18.04%, 0, 0, 4, 395.90 11821 21836986
1601860226, 0, 1059, 1793, 1629, 298, 18.04%, 0, 0, 4, 401.08 11821 21875851
1601860267, 0, 1059, 1794, 1630, 298, 18.04%, 0, 0, 4, 380.87 11822 21891361
1601860342, 0, 1061, 1795, 1630, 297, 18.04%, 0, 0, 4, 403.56 11822 21919132
1601860352, 0, 1061, 1796, 1631, 297, 18.04%, 0, 0, 4, 394.74 11825 21923216
1601860393, 0, 1061, 1797, 1632, 297, 18.04%, 0, 0, 4, 373.57 11825 21939265
1601860455, 0, 1062, 1797, 1631, 296, 18.04%, 0, 0, 4, 415.49 11825 21962212
1601860470, 0, 1062, 1798, 1632, 296, 18.05%, 0, 0, 4, 425.75 11827 21968599
1601860557, 0, 1068, 1799, 1632, 296, 18.05%, 0, 0, 4, 337.98 11827 22004679
1601860562, 0, 1068, 1800, 1633, 296, 18.05%, 0, 0, 4, 368.22 11827 22006469
1601860608, 0, 1068, 1802, 1635, 296, 18.05%, 0, 0, 4, 317.06 11828 22021257
1601860644, 0, 1068, 1805, 1638, 296, 18.05%, 0, 0, 4, 375.15 11829 22031652
1601860706, 0, 1083, 1807, 1639, 298, 18.05%, 0, 0, 4, 377.63 11829 22050132
1601860736, 0, 1083, 1810, 1642, 298, 18.05%, 0, 0, 4, 407.97 11829 22062257
1601860777, 0, 1083, 1811, 1643, 298, 18.05%, 0, 0, 4, 365.80 11829 22077426
1601860818, 0, 1084, 1815, 1646, 298, 18.10%, 0, 0, 4, 407.96 11862 22092236
1601860834, 0, 1084, 1816, 1647, 298, 18.11%, 0, 0, 4, 392.33 11866 22098330
1601860854, 0, 1090, 1816, 1646, 301, 18.11%, 0, 0, 4, 382.99 11866 22106334
1601860864, 0, 1090, 1817, 1647, 301, 18.11%, 0, 0, 4, 372.02 11866 22110117
1601860940, 0, 1090, 1818, 1648, 301, 18.11%, 0, 0, 4, 392.05 11866 22138029
1601860956, 0, 1090, 1819, 1649, 301, 18.11%, 0, 0, 4, 341.91 11866 22143501
1601860986, 0, 1090, 1820, 1650, 301, 18.11%, 0, 0, 4, 301.53 11866 22152894
1601860997, 0, 1090, 1821, 1651, 301, 18.11%, 0, 0, 4, 372.87 11866 22156601
1601861002, 0, 1090, 1822, 1652, 301, 18.11%, 0, 0, 4, 415.39 11866 22158792
1601861007, 0, 1107, 1823, 1652, 300, 18.11%, 0, 0, 4, 396.74 11866 22160877
1601861058, 0, 1107, 1825, 1654, 300, 18.11%, 0, 0, 4, 375.06 11866 22181016
1601861063, 0, 1107, 1827, 1656, 300, 18.11%, 0, 0, 4, 371.35 11867 22182880
1601861073, 0, 1107, 1829, 1658, 300, 18.11%, 0, 0, 4, 362.88 11868 22186578
1601861084, 0, 1107, 1830, 1659, 300, 18.11%, 0, 0, 4, 397.21 11868 22190646
1601861089, 0, 1107, 1832, 1661, 300, 18.11%, 0, 0, 4, 390.73 11868 22192685
1601861130, 0, 1109, 1834, 1662, 299, 18.11%, 0, 0, 4, 385.03 11868 22207571
1601861135, 0, 1109, 1835, 1663, 299, 18.11%, 0, 0, 4, 391.46 11868 22209581
1601861140, 0, 1109, 1838, 1666, 299, 18.11%, 0, 0, 4, 388.95 11868 22211614
1601861165, 0, 1109, 1841, 1669, 299, 18.11%, 0, 0, 4, 412.82 11868 22221525
1601861175, 0, 1109, 1842, 1670, 299, 18.11%, 0, 0, 4, 399.55 11868 22225565
1601861185, 0, 1109, 1844, 1672, 299, 18.11%, 0, 0, 4, 360.59 11870 22229193
1601861201, 0, 1109, 1846, 1674, 299, 18.11%, 0, 0, 4, 363.01 11871 22234564
1601861211, 0, 1109, 1851, 1679, 299, 18.12%, 0, 0, 4, 385.31 11874 22238643
1601861216, 0, 1109, 1855, 1683, 299, 18.12%, 0, 0, 4, 364.55 11878 22240425
1601861257, 0, 1111, 1855, 1682, 298, 18.12%, 0, 0, 4, 394.68 11878 22254885
1601861292, 0, 1111, 1856, 1683, 298, 18.12%, 0, 0, 4, 403.68 11878 22269012
1601861333, 0, 1111, 1857, 1684, 298, 18.12%, 0, 0, 4, 399.84 11878 22284313
1601861373, 0, 1113, 1857, 1683, 298, 18.12%, 0, 0, 4, 388.94 11878 22299143
1601861379, 0, 1113, 1858, 1684, 298, 18.12%, 0, 0, 4, 373.92 11878 22301059
1601861414, 0, 1113, 1859, 1685, 298, 18.12%, 0, 0, 4, 396.01 11878 22314644
1601861419, 0, 1113, 1860, 1686, 298, 18.12%, 0, 0, 4, 391.94 11878 22316654
1601861450, 0, 1113, 1862, 1688, 298, 18.12%, 0, 0, 4, 369.90 11878 22327704
1601861465, 0, 1113, 1863, 1689, 298, 18.13%, 0, 0, 4, 372.73 11883 22333697
1601861506, 0, 1121, 1863, 1688, 298, 18.13%, 0, 0, 4, 390.72 11883 22348274
1601861557, 0, 1121, 1864, 1689, 298, 18.13%, 0, 0, 4, 367.98 11883 22367860
1601861593, 0, 1121, 1868, 1693, 298, 18.14%, 0, 0, 4, 369.83 11890 22381172
1601861618, 0, 1123, 1868, 1692, 303, 18.14%, 0, 0, 4, 401.30 11890 22390930
1601861628, 0, 1123, 1869, 1693, 303, 18.14%, 0, 0, 4, 393.23 11891 22394913
1601861730, 0, 1125, 1869, 1692, 303, 18.14%, 0, 0, 4, 421.38 11891 22434149
1601861735, 0, 1125, 1870, 1693, 303, 18.15%, 0, 0, 4, 351.19 11894 22436042
1601861741, 0, 1126, 1870, 1692, 303, 18.15%, 0, 0, 4, 426.66 11894 22438324
1601861751, 0, 1126, 1871, 1693, 303, 18.15%, 0, 0, 4, 436.02 11894 22442635
1601861756, 0, 1128, 1873, 1694, 302, 18.15%, 0, 0, 4, 419.76 11895 22444737
1601861786, 0, 1128, 1874, 1695, 302, 18.15%, 0, 0, 4, 408.59 11895 22457261
1601861816, 0, 1128, 1875, 1696, 302, 18.15%, 0, 0, 4, 412.43 11895 22469632
1601861852, 0, 1130, 1875, 1695, 302, 18.15%, 0, 0, 4, 410.74 11895 22484010
1601861857, 0, 1130, 1876, 1696, 302, 18.15%, 0, 0, 4, 419.27 11895 22486116
1601861954, 0, 1131, 1877, 1696, 301, 18.15%, 0, 0, 4, 327.30 11895 22526064
1601861994, 0, 1131, 1878, 1697, 301, 18.15%, 0, 0, 4, 356.96 11895 22538397
1601862096, 0, 1132, 1878, 1696, 300, 18.15%, 0, 0, 4, 364.17 11895 22567289
1601862202, 0, 1134, 1878, 1695, 299, 18.15%, 0, 0, 4, 369.01 11895 22610008
1601862243, 0, 1134, 1879, 1696, 299, 18.15%, 0, 0, 4, 399.43 11895 22623408
1601862339, 0, 1134, 1880, 1697, 299, 18.15%, 0, 0, 4, 400.73 11895 22653531
1601862344, 0, 1135, 1880, 1696, 299, 18.15%, 0, 0, 4, 398.77 11895 22655532
1601862446, 0, 1137, 1880, 1695, 298, 18.15%, 0, 0, 4, 412.35 11895 22696543
1601862552, 0, 1138, 1881, 1695, 297, 18.15%, 0, 0, 4, 397.26 11898 22740343
1601862583, 0, 1140, 1881, 1694, 297, 18.15%, 0, 0, 4, 411.86 11898 22752675
1601862588, 0, 1140, 1882, 1695, 297, 18.16%, 0, 0, 4, 411.29 11899 22754787
1601862690, 0, 1141, 1885, 1697, 296, 18.16%, 0, 0, 4, 410.99 11900 22795586
1601862695, 0, 1141, 1888, 1700, 296, 18.17%, 0, 0, 4, 417.23 11906 22797690
1601862720, 0, 1141, 1890, 1702, 296, 18.17%, 0, 0, 4, 422.60 11906 22808138
1601862755, 0, 1141, 1891, 1703, 296, 18.18%, 0, 0, 4, 415.19 11913 22822771
1601862791, 0, 1146, 1891, 1702, 299, 18.18%, 0, 0, 4, 411.83 11913 22837345
1601862826, 0, 1146, 1892, 1703, 299, 18.18%, 0, 0, 4, 408.23 11913 22851833
1601862908, 0, 1151, 1895, 1705, 298, 18.34%, 0, 0, 4, 409.75 12018 22884620
1601862913, 0, 1151, 1897, 1707, 298, 18.34%, 0, 0, 4, 412.07 12020 22886748
1601862918, 0, 1151, 1898, 1708, 298, 18.35%, 0, 0, 4, 412.52 12025 22888820
1601862938, 0, 1151, 1899, 1709, 298, 18.35%, 0, 0, 4, 429.35 12029 22897297
1601862948, 0, 1151, 1902, 1712, 298, 18.35%, 0, 0, 4, 415.25 12029 22901457
1601862958, 0, 1151, 1903, 1713, 298, 18.35%, 0, 0, 4, 404.36 12029 22905505
1601862969, 0, 1151, 1904, 1714, 298, 18.35%, 0, 0, 4, 427.46 12029 22909754
1601862984, 0, 1151, 1905, 1715, 298, 18.35%, 0, 0, 4, 391.01 12029 22915888
1601863004, 0, 1151, 1906, 1716, 298, 18.35%, 0, 0, 4, 397.29 12029 22923787
1601863015, 0, 1152, 1906, 1715, 302, 18.35%, 0, 0, 4, 341.37 12029 22927601
1601863151, 0, 1152, 1907, 1716, 302, 18.35%, 0, 0, 4, 309.11 12029 22968281
1601863162, 0, 1157, 1908, 1716, 301, 18.35%, 0, 0, 4, 388.81 12029 22972385
1601863202, 0, 1157, 1910, 1718, 301, 18.36%, 0, 0, 4, 408.68 12030 22988276
1601863268, 0, 1157, 1911, 1719, 301, 18.36%, 0, 0, 4, 394.56 12030 23013023
1601863273, 0, 1158, 1912, 1719, 301, 18.36%, 0, 0, 4, 406.54 12031 23015140
1601863324, 0, 1158, 1916, 1723, 301, 18.38%, 0, 0, 4, 382.25 12043 23035397
1601863385, 0, 1160, 1916, 1722, 305, 18.38%, 0, 0, 4, 406.09 12043 23058269
1601863426, 0, 1160, 1917, 1723, 305, 18.40%, 0, 0, 4, 389.72 12061 23074877
1601863436, 0, 1160, 1918, 1724, 305, 18.40%, 0, 0, 4, 391.87 12061 23078749
1601863492, 0, 1161, 1918, 1723, 305, 18.40%, 0, 0, 4, 409.79 12061 23100807
1601863502, 0, 1161, 1919, 1724, 305, 18.41%, 0, 0, 4, 399.60 12062 23104954
1601863594, 0, 1162, 1919, 1723, 305, 18.41%, 0, 0, 4, 420.82 12062 23142019
1601863660, 0, 1162, 1920, 1724, 305, 18.41%, 0, 0, 4, 356.37 12062 23167579
1601863736, 0, 1163, 1920, 1723, 305, 18.41%, 0, 0, 4, 373.41 12062 23194033
1601863884, 0, 1164, 1920, 1722, 304, 18.41%, 0, 0, 4, 369.32 12062 23245955
1601864037, 0, 1167, 1920, 1721, 303, 18.41%, 0, 0, 4, 374.30 12062 23299193
1601864094, 0, 1167, 1922, 1723, 303, 18.41%, 0, 0, 4, 389.61 12064 23320917
1601864099, 0, 1167, 1925, 1726, 303, 18.41%, 0, 0, 4, 358.26 12064 23322698
1601864145, 0, 1167, 1926, 1727, 303, 18.41%, 0, 0, 4, 346.16 12064 23339474
1601864175, 0, 1169, 1926, 1726, 303, 18.41%, 0, 0, 4, 389.97 12064 23350115
1601864322, 0, 1170, 1926, 1725, 302, 18.41%, 0, 0, 4, 380.94 12064 23402368
1601864338, 0, 1170, 1927, 1726, 302, 18.41%, 0, 0, 4, 363.56 12068 23408083
1601864434, 0, 1170, 1928, 1727, 302, 18.41%, 0, 0, 4, 332.32 12068 23443126
1601864470, 0, 1181, 1928, 1726, 302, 18.41%, 0, 0, 4, 374.75 12068 23454660
1601864475, 0, 1181, 1930, 1728, 302, 18.41%, 0, 0, 4, 363.55 12068 23456474
1601864485, 0, 1181, 1931, 1729, 302, 18.42%, 0, 0, 4, 362.69 12069 23460283
1601864535, 0, 1181, 1932, 1730, 302, 18.42%, 0, 0, 4, 371.10 12070 23479192
1601864541, 0, 1181, 1933, 1731, 302, 18.42%, 0, 0, 4, 337.74 12070 23480867
1601864581, 0, 1181, 1936, 1734, 302, 18.42%, 0, 0, 4, 351.55 12070 23495101
1601864586, 0, 1181, 1937, 1735, 302, 18.42%, 0, 0, 4, 323.57 12070 23496759
1601864627, 0, 1184, 1937, 1734, 302, 18.42%, 0, 0, 4, 362.91 12070 23509873
1601864688, 0, 1184, 1938, 1735, 302, 18.42%, 0, 0, 4, 385.29 12071 23532701
1601864780, 0, 1185, 1941, 1737, 302, 18.42%, 0, 0, 4, 378.57 12072 23563328
1601864811, 0, 1185, 1942, 1738, 302, 18.42%, 0, 0, 4, 382.95 12073 23575466
1601864867, 0, 1186, 1942, 1737, 303, 18.42%, 0, 0, 4, 390.88 12073 23596738
1601864872, 0, 1186, 1943, 1738, 303, 18.42%, 0, 0, 4, 397.37 12074 23598748
1601864907, 0, 1186, 1944, 1739, 303, 18.42%, 0, 0, 4, 366.76 12074 23612277
1601864912, 0, 1186, 1945, 1740, 303, 18.42%, 0, 0, 4, 361.81 12074 23614126
1601864953, 0, 1188, 1945, 1739, 303, 18.42%, 0, 0, 4, 381.83 12074 23629455
1601864958, 0, 1188, 1946, 1740, 303, 18.43%, 0, 0, 4, 362.43 12076 23631264
1601865019, 0, 1188, 1947, 1741, 303, 18.43%, 0, 0, 4, 342.34 12076 23654111
1601865060, 0, 1188, 1950, 1744, 303, 18.43%, 0, 0, 4, 361.72 12076 23668484
