# unix_time, cycles_done, cur_path, paths_total, pending_total, pending_favs, map_size, unique_crashes, unique_hangs, max_depth, execs_per_sec, edge_coverage, total_execs
1605738598, 0, 0, 107, 107, 84, 3.56%, 0, 0, 1, 3537.19, 2333, 856
1605738603, 0, 1, 157, 157, 84, 3.57%, 0, 0, 2, 4102.22, 2338, 22839
1605738608, 0, 2, 172, 171, 87, 3.57%, 0, 0, 2, 4185.75, 2341, 44320
1605738613, 0, 2, 198, 197, 87, 3.58%, 0, 0, 2, 3989.99, 2344, 64699
1605738619, 0, 3, 222, 220, 91, 3.59%, 0, 0, 2, 3904.05, 2355, 84557
1605738624, 0, 6, 235, 231, 94, 3.60%, 0, 0, 2, 3741.45, 2358, 104020
1605738629, 0, 6, 241, 237, 94, 3.60%, 0, 0, 2, 3801.52, 2358, 123328
1605738634, 0, 7, 251, 246, 94, 3.61%, 0, 0, 2, 3648.69, 2369, 142130
1605738639, 0, 7, 254, 249, 94, 3.61%, 0, 0, 2, 2885.20, 2369, 155561
1605738644, 0, 12, 256, 248, 93, 3.62%, 0, 0, 2, 3283.97, 2370, 172127
1605738649, 0, 19, 258, 248, 93, 3.62%, 0, 0, 2, 3644.68, 2370, 190877
1605738654, 0, 23, 261, 249, 93, 3.62%, 0, 0, 2, 3616.73, 2370, 208980
1605738659, 0, 28, 265, 250, 90, 3.62%, 0, 0, 2, 3734.06, 2372, 228333
1605738665, 0, 29, 268, 252, 90, 3.62%, 0, 0, 2, 3662.70, 2372, 247379
1605738670, 0, 35, 270, 251, 89, 3.62%, 0, 0, 2, 3775.43, 2374, 266390
1605738675, 0, 40, 274, 252, 86, 3.62%, 0, 0, 2, 3831.46, 2374, 285966
1605738680, 0, 45, 274, 250, 84, 3.62%, 0, 0, 2, 3809.58, 2374, 305209
1605738685, 0, 45, 278, 254, 84, 3.62%, 0, 0, 2, 3772.26, 2374, 323961
1605738690, 0, 45, 283, 259, 84, 3.62%, 0, 0, 2, 3814.73, 2374, 343650
1605738695, 0, 48, 283, 256, 81, 3.62%, 0, 0, 2, 3731.42, 2374, 363075
1605738700, 0, 50, 286, 257, 79, 3.62%, 0, 0, 2, 3485.93, 2374, 380837
1605738705, 0, 50, 287, 258, 79, 3.62%, 0, 0, 2, 2756.37, 2375, 393806
1605738710, 0, 52, 289, 258, 79, 3.63%, 0, 0, 2, 3290.88, 2377, 410237
1605738715, 0, 54, 293, 260, 78, 3.63%, 0, 0, 2, 3653.62, 2378, 429205
1605738720, 0, 60, 306, 270, 77, 3.63%, 0, 0, 2, 3729.89, 2382, 448015
1605738726, 0, 62, 309, 271, 76, 3.63%, 0, 0, 2, 3731.17, 2382, 467449
1605738731, 0, 67, 310, 268, 72, 3.63%, 0, 0, 2, 3778.91, 2382, 486428
1605738736, 0, 69, 310, 267, 71, 3.63%, 0, 0, 2, 3731.11, 2382, 505681
1605738741, 0, 73, 310, 264, 68, 3.63%, 0, 0, 2, 3778.57, 2382, 524924
1605738746, 0, 76, 311, 263, 66, 3.63%, 0, 0, 2, 3702.90, 2382, 543324
1605738751, 0, 77, 313, 264, 65, 3.63%, 0, 0, 2, 3670.05, 2382, 562327
1605738756, 0, 82, 314, 262, 62, 3.63%, 0, 0, 2, 3535.69, 2382, 579801
1605738761, 0, 82, 327, 275, 62, 3.63%, 0, 0, 2, 3535.30, 2382, 597514
1605738766, 0, 82, 329, 277, 62, 3.63%, 0, 0, 2, 3501.94, 2382, 615768
1605738771, 0, 86, 329, 274, 59, 3.63%, 0, 0, 2, 3592.57, 2382, 634387
1605738777, 0, 89, 329, 272, 57, 3.63%, 0, 0, 2, 3614.98, 2382, 653247
1605738782, 0, 92, 329, 271, 56, 3.63%, 0, 0, 2, 3584.41, 2382, 671597
1605738787, 0, 96, 339, 279, 54, 3.64%, 0, 0, 2, 3631.92, 2385, 690028
1605738792, 0, 97, 344, 283, 55, 3.64%, 0, 0, 2, 3629.31, 2386, 708380
1605738797, 0, 98, 344, 282, 53, 3.64%, 0, 0, 2, 3724.01, 2386, 727439
1605738802, 0, 106, 344, 280, 51, 3.64%, 0, 0, 2, 3684.08, 2386, 745948
1605738807, 0, 119, 344, 278, 49, 3.64%, 0, 0, 2, 3728.86, 2386, 764850
1605738812, 0, 126, 344, 276, 47, 3.64%, 0, 0, 2, 3692.09, 2386, 783348
1605738817, 0, 134, 345, 274, 44, 3.64%, 0, 0, 3, 3685.84, 2386, 802596
1605738822, 0, 175, 347, 272, 40, 3.64%, 0, 0, 3, 3689.06, 2386, 821130
1605738828, 0, 180, 348, 271, 38, 3.64%, 0, 0, 3, 3604.39, 2386, 839681
1605738833, 0, 180, 355, 278, 38, 3.64%, 0, 0, 3, 3651.54, 2386, 858140
1605738838, 0, 180, 358, 281, 38, 3.64%, 0, 0, 3, 3695.38, 2386, 876866
1605738843, 0, 187, 358, 279, 36, 3.64%, 0, 0, 3, 3608.42, 2386, 894884
1605738848, 0, 200, 360, 278, 33, 3.64%, 0, 0, 3, 3667.48, 2386, 913458
1605738853, 0, 212, 360, 276, 31, 3.64%, 0, 0, 3, 3795.25, 2386, 932651
1605738858, 0, 219, 361, 275, 29, 3.64%, 0, 0, 3, 3779.07, 2386, 951523
1605738863, 0, 226, 361, 272, 26, 3.64%, 0, 0, 3, 3740.62, 2386, 970336
1605738868, 0, 233, 361, 270, 25, 3.64%, 0, 0, 3, 3676.27, 2386, 988763
1605738873, 0, 234, 361, 269, 24, 3.64%, 0, 0, 3, 3566.45, 2386, 1007089
1605738878, 0, 246, 361, 268, 23, 3.64%, 0, 0, 3, 3695.45, 2386, 1025674
1605738883, 0, 247, 361, 267, 22, 3.64%, 0, 0, 3, 3595.89, 2386, 1043789
1605738888, 0, 249, 361, 266, 21, 3.64%, 0, 0, 3, 3179.42, 2386, 1060276
1605738898, 0, 250, 361, 265, 20, 3.64%, 0, 0, 3, 3189.44, 2386, 1088723
1605738904, 0, 254, 361, 264, 19, 3.64%, 0, 0, 3, 3176.79, 2386, 1106214
1605738909, 0, 254, 362, 265, 19, 3.64%, 0, 0, 3, 2729.05, 2387, 1119530
1605738914, 0, 255, 363, 265, 19, 3.64%, 0, 0, 3, 3169.35, 2387, 1135471
1605738919, 0, 258, 364, 264, 17, 3.64%, 0, 0, 3, 3443.64, 2387, 1153316
1605738924, 0, 265, 368, 266, 17, 3.65%, 0, 0, 3, 3598.61, 2390, 1171510
1605738929, 0, 269, 368, 264, 14, 3.65%, 0, 0, 3, 3756.86, 2390, 1190516
1605738934, 0, 286, 368, 262, 12, 3.65%, 0, 0, 3, 3372.46, 2390, 1207789
1605738944, 0, 287, 368, 261, 11, 3.65%, 0, 0, 3, 2553.28, 2390, 1233567
1605738954, 0, 290, 368, 260, 10, 3.65%, 0, 0, 3, 3145.85, 2390, 1262189
1605738959, 0, 295, 368, 258, 8, 3.65%, 0, 0, 3, 3491.65, 2390, 1280453
1605738964, 0, 302, 368, 256, 7, 3.65%, 0, 0, 3, 3559.76, 2390, 1298658
1605738969, 0, 336, 369, 256, 6, 3.65%, 0, 0, 3, 3601.32, 2390, 1317088
1605738975, 0, 340, 370, 256, 5, 3.65%, 0, 0, 3, 3549.55, 2390, 1335519
1605738980, 0, 342, 370, 255, 4, 3.65%, 0, 0, 3, 3556.36, 2390, 1353630
1605738985, 0, 361, 370, 254, 3, 3.65%, 0, 0, 3, 2967.16, 2390, 1368499
1605738995, 0, 367, 372, 254, 1, 3.65%, 0, 0, 4, 3347.85, 2390, 1398762
1605739000, 0, 371, 373, 254, 1, 3.65%, 0, 0, 4, 3417.50, 2390, 1416509
1605739005, 1, 11, 373, 252, 0, 3.65%, 0, 0, 4, 3499.38, 2390, 1434897
1605739010, 1, 151, 373, 249, 1, 3.65%, 0, 0, 4, 3594.70, 2390, 1453771
1605739015, 1, 162, 373, 247, 0, 3.65%, 0, 0, 4, 3625.81, 2390, 1472430
1605739020, 1, 179, 373, 245, 0, 3.65%, 0, 0, 4, 3577.05, 2390, 1490309
1605739026, 1, 182, 373, 243, 0, 3.65%, 0, 0, 4, 3555.80, 2390, 1508816
1605739031, 1, 188, 374, 242, 0, 3.65%, 0, 0, 4, 3596.41, 2390, 1526903
1605739036, 1, 191, 380, 247, 0, 3.65%, 0, 0, 4, 3537.02, 2391, 1544998
1605739041, 1, 374, 380, 245, 1, 3.65%, 0, 0, 4, 3563.13, 2391, 1563092
1605739046, 1, 377, 381, 244, 0, 3.65%, 0, 0, 4, 3562.24, 2391, 1580825
1605739051, 1, 382, 386, 248, 0, 3.65%, 0, 0, 5, 3510.17, 2391, 1598791
1605739056, 1, 384, 387, 248, 0, 3.65%, 0, 0, 5, 3553.94, 2391, 1616919
1605739061, 2, 16, 388, 247, 0, 3.65%, 0, 0, 5, 3575.14, 2391, 1634682
1605739066, 2, 33, 388, 245, 0, 3.65%, 0, 0, 5, 3578.03, 2391, 1652768
1605739076, 2, 74, 389, 242, 0, 3.65%, 0, 0, 5, 3480.93, 2391, 1688694
1605739087, 2, 79, 389, 241, 0, 3.65%, 0, 0, 5, 2872.06, 2391, 1714910
1605739097, 2, 100, 389, 238, 0, 3.65%, 0, 0, 5, 3613.94, 2391, 1751688
1605739102, 2, 118, 389, 235, 0, 3.65%, 0, 0, 5, 3621.91, 2391, 1770144
1605739107, 2, 127, 389, 232, 0, 3.65%, 0, 0, 5, 3633.49, 2391, 1788303
1605739112, 2, 139, 389, 230, 0, 3.65%, 0, 0, 5, 3628.21, 2391, 1806367
1605739117, 2, 224, 389, 227, 1, 3.65%, 0, 0, 5, 3659.02, 2391, 1825248
1605739122, 3, 110, 391, 226, 0, 3.65%, 0, 0, 5, 3636.32, 2391, 1843337
1605739127, 3, 113, 391, 224, 0, 3.65%, 0, 0, 5, 3624.61, 2391, 1861564
1605739132, 3, 116, 391, 222, 0, 3.65%, 0, 0, 5, 3579.85, 2391, 1880242
1605739137, 3, 136, 391, 220, 0, 3.65%, 0, 0, 5, 3488.90, 2391, 1898186
1605739142, 3, 210, 393, 218, 2, 3.65%, 0, 0, 5, 3552.50, 2391, 1916162
1605739148, 3, 272, 394, 217, 2, 3.65%, 0, 0, 5, 3572.89, 2391, 1934730
1605739153, 4, 142, 397, 217, 0, 3.65%, 0, 0, 5, 3690.35, 2391, 1953555
1605739158, 4, 150, 397, 215, 0, 3.65%, 0, 0, 5, 3672.78, 2391, 1972758
1605739163, 4, 153, 397, 214, 0, 3.65%, 0, 0, 5, 3570.90, 2391, 1991059
1605739168, 4, 185, 398, 212, 0, 3.65%, 0, 0, 5, 3592.20, 2391, 2009167
1605739173, 4, 195, 401, 214, 0, 3.65%, 0, 0, 5, 3607.59, 2391, 2027323
1605739178, 4, 199, 401, 212, 0, 3.65%, 0, 0, 5, 3620.79, 2391, 2045513
1605739183, 4, 206, 401, 211, 0, 3.65%, 0, 0, 5, 3623.81, 2391, 2064421
1605739188, 4, 216, 404, 212, 0, 3.65%, 0, 0, 5, 3613.15, 2391, 2082615
1605739194, 4, 279, 405, 212, 2, 3.65%, 0, 0, 5, 3609.31, 2391, 2101505
1605739199, 4, 322, 405, 211, 2, 3.65%, 0, 0, 5, 3444.97, 2391, 2118627
1605739209, 4, 322, 428, 234, 2, 3.65%, 0, 0, 5, 3509.67, 2391, 2153919
1605739214, 4, 322, 442, 248, 2, 3.65%, 0, 0, 5, 3529.54, 2391, 2172021
1605739219, 4, 334, 442, 247, 2, 3.65%, 0, 0, 5, 3607.07, 2391, 2190428
1605739224, 4, 334, 452, 257, 2, 3.65%, 0, 0, 5, 3570.12, 2391, 2208807
1605739229, 4, 402, 460, 264, 2, 3.65%, 0, 0, 5, 3558.19, 2391, 2226949
1605739234, 4, 404, 461, 264, 2, 3.65%, 0, 0, 5, 3611.78, 2391, 2245071
1605739239, 4, 460, 462, 264, 1, 3.65%, 0, 0, 5, 3587.93, 2391, 2263732
1605739244, 4, 462, 463, 264, 0, 3.65%, 0, 0, 5, 3643.43, 2391, 2282330
1605739249, 4, 462, 464, 265, 0, 3.65%, 0, 0, 6, 3654.24, 2391, 2300835
1605739255, 4, 463, 464, 264, 0, 3.65%, 0, 0, 6, 3622.69, 2391, 2319157
1605739260, 5, 37, 466, 264, 0, 3.65%, 0, 0, 6, 3551.67, 2391, 2336735
1605739265, 5, 64, 466, 263, 0, 3.65%, 0, 0, 6, 3298.86, 2391, 2353997
1605739275, 5, 81, 467, 262, 1, 3.65%, 0, 0, 6, 3151.24, 2391, 2382266
1605739280, 5, 144, 467, 259, 0, 3.65%, 0, 0, 6, 3472.68, 2391, 2400704
1605739285, 5, 164, 468, 258, 0, 3.65%, 0, 0, 6, 3498.73, 2391, 2418045
1605739290, 5, 169, 468, 256, 0, 3.65%, 0, 0, 6, 3559.00, 2391, 2436182
1605739295, 5, 190, 468, 254, 0, 3.65%, 0, 0, 6, 3470.34, 2391, 2454127
1605739300, 5, 204, 468, 252, 0, 3.65%, 0, 0, 6, 3500.73, 2391, 2471795
1605739305, 5, 231, 468, 250, 0, 3.65%, 0, 0, 6, 3540.24, 2391, 2489753
1605739310, 5, 237, 468, 249, 0, 3.65%, 0, 0, 6, 3414.78, 2391, 2507486
1605739315, 5, 253, 468, 248, 0, 3.65%, 0, 0, 6, 3437.24, 2391, 2524766
1605739320, 5, 267, 469, 247, 0, 3.65%, 0, 0, 6, 3514.01, 2391, 2542691
1605739326, 5, 276, 469, 245, 0, 3.65%, 0, 0, 6, 3444.46, 2391, 2560313
1605739331, 5, 289, 469, 244, 0, 3.65%, 0, 0, 6, 3440.77, 2391, 2577442
1605739336, 5, 292, 470, 243, 0, 3.65%, 0, 0, 6, 3502.41, 2391, 2595081
1605739341, 5, 292, 476, 249, 0, 3.65%, 0, 0, 6, 3508.80, 2391, 2612637
1605739346, 5, 292, 478, 251, 0, 3.65%, 0, 0, 6, 3515.74, 2391, 2630363
1605739351, 5, 298, 479, 250, 0, 3.65%, 0, 0, 6, 3504.87, 2391, 2647823
1605739356, 5, 309, 479, 248, 0, 3.65%, 0, 0, 6, 3501.77, 2391, 2665624
1605739361, 5, 317, 482, 249, 0, 3.65%, 0, 0, 6, 3583.38, 2391, 2683788
1605739376, 5, 323, 482, 248, 0, 3.65%, 0, 0, 6, 3357.35, 2391, 2735278
1605739386, 5, 330, 482, 247, 0, 3.65%, 0, 0, 6, 3336.29, 2391, 2769198
1605739391, 5, 330, 483, 248, 0, 3.65%, 0, 0, 6, 3527.33, 2391, 2787221
1605739396, 5, 351, 483, 246, 0, 3.65%, 0, 0, 6, 3556.84, 2391, 2805259
1605739402, 5, 359, 483, 244, 0, 3.65%, 0, 0, 6, 3565.42, 2391, 2823693
1605739407, 5, 365, 483, 243, 0, 3.65%, 0, 0, 6, 3531.96, 2391, 2842029
1605739412, 5, 380, 483, 241, 0, 3.65%, 0, 0, 6, 3575.42, 2391, 2860128
1605739417, 5, 389, 484, 241, 0, 3.65%, 0, 0, 6, 3558.69, 2391, 2877892
1605739422, 5, 396, 486, 242, 0, 3.65%, 0, 0, 6, 3618.29, 2391, 2896476
1605739427, 5, 406, 486, 240, 0, 3.65%, 0, 0, 6, 3573.44, 2391, 2914329
1605739447, 5, 426, 486, 239, 0, 3.65%, 0, 0, 6, 2921.70, 2391, 2981874
1605739494, 5, 430, 486, 238, 0, 3.65%, 0, 0, 6, 3090.96, 2391, 3116467
1605739519, 5, 433, 486, 237, 0, 3.65%, 0, 0, 6, 3000.48, 2391, 3198283
1605739657, 5, 434, 486, 236, 0, 3.65%, 0, 0, 6, 3067.46, 2391, 3579164
1605739672, 5, 451, 486, 235, 0, 3.65%, 0, 0, 6, 3403.66, 2391, 3630815
1605739693, 5, 451, 488, 237, 0, 3.65%, 0, 0, 6, 3404.84, 2391, 3698857
1605739698, 5, 451, 492, 241, 0, 3.65%, 0, 0, 6, 3312.56, 2391, 3715615
1605739703, 5, 452, 492, 240, 0, 3.65%, 0, 0, 6, 3028.96, 2391, 3731295
1605739743, 5, 452, 493, 241, 0, 3.65%, 0, 0, 6, 1453.19, 2391, 3790193
1605740691, 5, 467, 493, 240, 0, 3.65%, 0, 0, 6, 2128.82, 2391, 5177930
1605740697, 5, 468, 494, 240, 0, 3.65%, 0, 0, 6, 3280.99, 2391, 5195827
1605740702, 5, 475, 494, 239, 0, 3.65%, 0, 0, 6, 3408.45, 2391, 5213493
1605740727, 5, 476, 494, 238, 0, 3.65%, 0, 0, 6, 3487.26, 2391, 5301065
1605740732, 5, 478, 494, 237, 0, 3.65%, 0, 0, 6, 3451.02, 2391, 5318360
1605740737, 5, 481, 494, 236, 0, 3.65%, 0, 0, 6, 3537.93, 2391, 5336317
1605740742, 5, 486, 494, 235, 0, 3.65%, 0, 0, 6, 2611.98, 2391, 5350058
1605741352, 5, 487, 494, 234, 0, 3.65%, 0, 0, 6, 1779.78, 2391, 6432464
1605742239, 5, 493, 495, 234, 0, 3.65%, 0, 0, 6, 2955.52, 2391, 7855465
1605742244, 6, 0, 495, 233, 0, 3.65%, 0, 0, 6, 2695.04, 2391, 7869392
1605742254, 6, 49, 496, 231, 0, 3.65%, 0, 0, 6, 3267.35, 2391, 7900110
1605742259, 6, 55, 496, 231, 0, 3.65%, 0, 0, 6, 2681.23, 2391, 7913031
1605742264, 6, 65, 496, 230, 0, 3.65%, 0, 0, 6, 2854.18, 2391, 7926886
1605742269, 6, 119, 496, 228, 0, 3.65%, 0, 0, 6, 3396.13, 2391, 7944746
1605742274, 6, 160, 496, 227, 0, 3.65%, 0, 0, 6, 3496.79, 2391, 7962541
1605742280, 6, 177, 498, 227, 0, 3.65%, 0, 0, 6, 3523.75, 2391, 7980845
1605742285, 6, 242, 498, 226, 1, 3.65%, 0, 0, 6, 3538.32, 2391, 7998712
1605742290, 6, 477, 498, 224, 1, 3.65%, 0, 0, 6, 2860.17, 2391, 8012838
1605742586, 6, 477, 499, 225, 1, 3.65%, 0, 0, 6, 2697.12, 2391, 8798492
1605742591, 6, 477, 500, 226, 1, 3.65%, 0, 0, 6, 2711.56, 2391, 8812328
1605742667, 6, 489, 500, 225, 1, 3.65%, 0, 0, 6, 3091.37, 2391, 9020725
1605742698, 7, 3, 500, 223, 0, 3.65%, 0, 0, 6, 3414.13, 2391, 9120745
1605742703, 7, 34, 500, 222, 0, 3.65%, 0, 0, 6, 3480.08, 2391, 9138410
1605742708, 7, 122, 500, 221, 0, 3.65%, 0, 0, 6, 3546.58, 2391, 9156829
1605742713, 7, 141, 500, 219, 0, 3.65%, 0, 0, 6, 3493.86, 2391, 9174816
1605742718, 7, 158, 500, 217, 0, 3.65%, 0, 0, 6, 3512.67, 2391, 9192593
1605742723, 7, 208, 500, 216, 0, 3.65%, 0, 0, 6, 3687.16, 2391, 9211251
1605742728, 7, 372, 502, 216, 1, 3.65%, 0, 0, 6, 3509.20, 2393, 9228702
1605742734, 7, 470, 503, 216, 1, 3.65%, 0, 0, 6, 2735.40, 2393, 9242348
1605742739, 7, 470, 504, 217, 1, 3.65%, 0, 0, 6, 2423.33, 2393, 9254271
1605743142, 7, 501, 505, 217, 1, 3.65%, 0, 0, 6, 2958.90, 2393, 10191383
1605743147, 7, 503, 505, 216, 0, 3.65%, 0, 0, 6, 3389.50, 2393, 10209117
1605743172, 8, 0, 505, 214, 0, 3.65%, 0, 0, 6, 3539.29, 2393, 10298437
1605743177, 8, 41, 505, 213, 0, 3.65%, 0, 0, 6, 3597.03, 2393, 10316502
1605743183, 8, 124, 505, 211, 0, 3.65%, 0, 0, 6, 3600.95, 2393, 10334539
1605743188, 8, 165, 505, 209, 0, 3.65%, 0, 0, 6, 3600.26, 2393, 10353284
1605743193, 8, 178, 505, 207, 0, 3.65%, 0, 0, 6, 3420.77, 2393, 10370415
1605743198, 8, 192, 505, 205, 0, 3.65%, 0, 0, 6, 3504.04, 2393, 10388285
1605743203, 8, 203, 505, 203, 0, 3.65%, 0, 0, 6, 3539.29, 2393, 10406109
1605743208, 8, 225, 505, 201, 0, 3.65%, 0, 0, 6, 3569.22, 2393, 10424256
1605743213, 8, 238, 505, 199, 0, 3.65%, 0, 0, 6, 3407.80, 2393, 10441913
1605743218, 8, 240, 505, 198, 0, 3.65%, 0, 0, 6, 3357.04, 2393, 10459159
1605743223, 8, 245, 505, 197, 0, 3.65%, 0, 0, 6, 3485.72, 2393, 10476876
1605743228, 8, 258, 505, 196, 0, 3.65%, 0, 0, 6, 3592.24, 2393, 10495198
1605743234, 8, 271, 505, 195, 0, 3.65%, 0, 0, 6, 3452.24, 2393, 10512833
1605743239, 8, 278, 507, 195, 0, 3.65%, 0, 0, 6, 3570.07, 2393, 10531055
1605743244, 8, 280, 507, 194, 0, 3.65%, 0, 0, 6, 3553.34, 2393, 10549042
1605743249, 8, 281, 507, 193, 0, 3.65%, 0, 0, 6, 3544.61, 2393, 10567067
1605743254, 8, 285, 507, 191, 0, 3.65%, 0, 0, 6, 3576.62, 2393, 10585633
1605743259, 8, 311, 507, 189, 0, 3.65%, 0, 0, 6, 3422.71, 2393, 10603210
1605743264, 8, 314, 507, 188, 0, 3.65%, 0, 0, 6, 3450.61, 2393, 10620423
1605743269, 8, 335, 507, 187, 0, 3.65%, 0, 0, 6, 3574.95, 2393, 10638737
1605743275, 8, 337, 507, 186, 0, 3.65%, 0, 0, 6, 3493.45, 2393, 10656952
1605743280, 8, 344, 508, 186, 0, 3.65%, 0, 0, 6, 3436.10, 2393, 10674469
1605743285, 8, 355, 508, 184, 0, 3.65%, 0, 0, 6, 3489.22, 2393, 10692130
1605743290, 8, 358, 508, 182, 0, 3.65%, 0, 0, 6, 3442.09, 2393, 10709953
1605743295, 8, 369, 508, 181, 0, 3.65%, 0, 0, 6, 3520.17, 2393, 10727915
1605743300, 8, 370, 508, 180, 0, 3.65%, 0, 0, 6, 3517.50, 2393, 10745818
1605743305, 8, 381, 508, 179, 0, 3.65%, 0, 0, 6, 3553.12, 2393, 10763661
1605743310, 8, 393, 509, 178, 0, 3.65%, 0, 0, 6, 3547.14, 2393, 10781610
1605743315, 8, 394, 509, 177, 0, 3.65%, 0, 0, 6, 3477.02, 2393, 10798847
1605743320, 8, 397, 509, 175, 0, 3.65%, 0, 0, 6, 3555.33, 2393, 10817091
1605743325, 8, 398, 509, 174, 0, 3.65%, 0, 0, 6, 3490.46, 2393, 10834718
1605743330, 8, 413, 509, 173, 0, 3.65%, 0, 0, 6, 2794.57, 2393, 10848979
1605743418, 8, 416, 510, 173, 0, 3.65%, 0, 0, 6, 2978.15, 2393, 11070581
1605743443, 8, 423, 510, 172, 0, 3.65%, 0, 0, 6, 3414.89, 2393, 11154459
1605743479, 8, 424, 510, 171, 0, 3.65%, 0, 0, 6, 3525.47, 2393, 11274557
1605743499, 8, 427, 510, 170, 0, 3.65%, 0, 0, 6, 3577.15, 2393, 11346298
1605743515, 8, 427, 511, 171, 0, 3.65%, 0, 0, 6, 3645.72, 2393, 11401478
1605743520, 8, 440, 511, 170, 0, 3.65%, 0, 0, 6, 3583.36, 2393, 11419621
1605743535, 8, 442, 511, 169, 0, 3.65%, 0, 0, 6, 3447.15, 2393, 11473242
1605743688, 8, 443, 511, 168, 0, 3.65%, 0, 0, 6, 3445.27, 2393, 11893462
1605743699, 8, 446, 511, 167, 0, 3.65%, 0, 0, 6, 3079.62, 2393, 11928170
1605743816, 8, 453, 511, 166, 0, 3.65%, 0, 0, 6, 2558.43, 2393, 12264500
1605743912, 8, 457, 511, 165, 0, 3.65%, 0, 0, 6, 2624.61, 2393, 12506172
1605749862, 8, 458, 511, 164, 0, 3.65%, 0, 0, 6, 817.44, 2393, 16636083
1605750822, 8, 465, 511, 163, 0, 3.65%, 0, 0, 6, 1762.39, 2393, 17795651
1605750837, 8, 473, 511, 162, 0, 3.65%, 0, 0, 6, 3395.39, 2393, 17848389
1605750939, 8, 474, 512, 162, 0, 3.65%, 0, 0, 6, 3101.64, 2393, 18156021
1605750974, 8, 485, 512, 161, 0, 3.65%, 0, 0, 6, 3335.06, 2393, 18273623
1605750979, 8, 485, 514, 163, 0, 3.65%, 0, 0, 6, 3544.13, 2393, 18291774
1605750990, 8, 510, 514, 162, 0, 3.65%, 0, 0, 6, 3648.06, 2393, 18328449
1605750995, 8, 511, 514, 161, 0, 3.65%, 0, 0, 6, 2715.34, 2393, 18342122
1605751173, 8, 512, 514, 160, 0, 3.65%, 0, 0, 6, 3162.98, 2393, 18723504
1605751178, 8, 512, 515, 161, 0, 3.65%, 0, 0, 6, 3477.78, 2393, 18741541
1605751183, 8, 512, 517, 163, 0, 3.65%, 0, 0, 6, 3535.99, 2393, 18759721
1605751189, 8, 514, 518, 163, 0, 3.65%, 0, 0, 7, 3508.17, 2393, 18777777
1605751204, 8, 514, 519, 164, 0, 3.65%, 0, 0, 7, 3523.32, 2393, 18831334
1605751209, 8, 515, 519, 163, 0, 3.65%, 0, 0, 7, 3402.84, 2393, 18848823
1605751224, 8, 517, 519, 162, 0, 3.65%, 0, 0, 7, 3515.32, 2393, 18902587
1605751240, 8, 518, 519, 161, 0, 3.65%, 0, 0, 7, 3488.23, 2393, 18956964
1605751265, 9, 52, 519, 160, 0, 3.65%, 0, 0, 7, 3537.09, 2393, 19046923
1605751270, 9, 88, 519, 159, 0, 3.65%, 0, 0, 7, 3609.45, 2393, 19065159
1605751275, 9, 133, 519, 156, 0, 3.65%, 0, 0, 7, 3569.89, 2393, 19083008
1605751280, 9, 251, 519, 155, 0, 3.65%, 0, 0, 7, 3487.92, 2393, 19100614
1605751291, 9, 319, 519, 153, 0, 3.65%, 0, 0, 7, 3468.25, 2393, 19136449
1605751301, 9, 320, 519, 152, 0, 3.65%, 0, 0, 7, 3439.81, 2393, 19170982
1605751316, 9, 326, 519, 151, 0, 3.65%, 0, 0, 7, 3447.34, 2393, 19223085
1605751326, 9, 327, 519, 150, 0, 3.65%, 0, 0, 7, 3424.79, 2393, 19257662
1605751341, 9, 339, 519, 149, 0, 3.65%, 0, 0, 7, 3502.18, 2393, 19310046
1605751346, 9, 519, 520, 149, 1, 3.65%, 0, 0, 7, 3522.62, 2394, 19327852
1605751351, 10, 20, 520, 148, 0, 3.65%, 0, 0, 7, 3566.57, 2394, 19345932
1605751356, 10, 99, 521, 148, 0, 3.65%, 0, 0, 7, 3522.73, 2394, 19363781
1605751362, 10, 198, 521, 147, 0, 3.65%, 0, 0, 7, 3500.59, 2394, 19382089
1605751367, 10, 223, 521, 145, 0, 3.65%, 0, 0, 7, 3512.85, 2394, 19399864
1605751372, 10, 239, 521, 143, 0, 3.65%, 0, 0, 7, 3426.44, 2394, 19417017
1605751377, 10, 248, 521, 142, 0, 3.65%, 0, 0, 7, 3429.87, 2394, 19434329
1605751382, 10, 252, 521, 141, 0, 3.65%, 0, 0, 7, 3446.08, 2394, 19451883
1605751392, 10, 266, 522, 140, 0, 3.65%, 0, 0, 7, 3539.60, 2394, 19487924
1605751397, 10, 301, 522, 138, 0, 3.65%, 0, 0, 7, 3448.10, 2394, 19505086
1605751402, 10, 310, 522, 136, 0, 3.65%, 0, 0, 7, 3508.73, 2394, 19522744
1605751407, 10, 321, 522, 135, 0, 3.65%, 0, 0, 7, 3375.54, 2394, 19540064
1605751417, 10, 324, 522, 134, 0, 3.65%, 0, 0, 7, 3350.20, 2394, 19574339
1605751432, 10, 332, 522, 133, 0, 3.65%, 0, 0, 7, 3425.83, 2394, 19624903
1605751438, 10, 333, 522, 132, 0, 3.65%, 0, 0, 7, 3562.17, 2394, 19643152
1605751443, 10, 346, 522, 131, 0, 3.65%, 0, 0, 7, 3552.76, 2394, 19661289
1605751448, 10, 362, 523, 130, 0, 3.65%, 0, 0, 7, 3415.09, 2394, 19678347
1605751453, 10, 392, 524, 129, 0, 3.65%, 0, 0, 7, 3427.73, 2394, 19695290
1605751458, 10, 401, 524, 128, 0, 3.65%, 0, 0, 7, 3587.34, 2394, 19713561
1605751463, 10, 415, 524, 127, 0, 3.65%, 0, 0, 7, 3374.88, 2394, 19730995
1605751483, 10, 431, 524, 126, 0, 3.65%, 0, 0, 7, 3030.59, 2394, 19795753
1605751549, 10, 447, 524, 125, 0, 3.65%, 0, 0, 7, 2675.83, 2394, 19977545
1605751748, 10, 449, 524, 124, 0, 3.65%, 0, 0, 7, 2459.31, 2394, 20483243
1605752076, 10, 461, 524, 123, 0, 3.65%, 0, 0, 7, 3152.98, 2394, 21255630
1605752081, 10, 482, 524, 122, 0, 3.65%, 0, 0, 7, 3436.73, 2394, 21273302
1605752086, 10, 483, 524, 121, 0, 3.65%, 0, 0, 7, 3534.80, 2394, 21291476
1605752091, 10, 484, 525, 121, 0, 3.65%, 0, 0, 7, 3570.42, 2394, 21309787
1605752101, 10, 488, 525, 120, 0, 3.65%, 0, 0, 7, 3346.84, 2394, 21345311
1605752132, 10, 490, 525, 119, 0, 3.65%, 0, 0, 7, 2443.23, 2394, 21441587
1605753022, 10, 494, 526, 119, 0, 3.65%, 0, 0, 7, 2637.45, 2394, 22862278
1605753027, 10, 497, 526, 118, 0, 3.65%, 0, 0, 7, 3319.93, 2394, 22880296
1605753032, 10, 498, 526, 117, 0, 3.65%, 0, 0, 7, 2454.34, 2394, 22892193
1605753513, 10, 499, 526, 116, 0, 3.65%, 0, 0, 7, 2148.75, 2394, 23890164
1605753993, 10, 500, 526, 115, 0, 3.65%, 0, 0, 7, 2879.77, 2394, 24891922
1605753998, 10, 505, 526, 114, 0, 3.65%, 0, 0, 7, 2619.03, 2394, 24905539
1605754161, 10, 508, 526, 113, 0, 3.65%, 0, 0, 7, 2536.36, 2394, 25307816
1605754167, 10, 520, 526, 112, 0, 3.65%, 0, 0, 7, 3381.52, 2394, 25326500
1605754172, 10, 520, 527, 113, 0, 3.65%, 0, 0, 7, 3453.36, 2394, 25344038
1605754177, 11, 64, 527, 111, 0, 3.65%, 0, 0, 7, 3535.93, 2394, 25362258
1605754182, 11, 149, 527, 110, 0, 3.65%, 0, 0, 7, 3645.69, 2394, 25380540
1605754187, 11, 201, 527, 108, 0, 3.65%, 0, 0, 7, 3516.76, 2394, 25398078
1605754192, 11, 241, 527, 106, 0, 3.65%, 0, 0, 7, 3523.16, 2394, 25416264
1605754197, 11, 259, 527, 105, 0, 3.65%, 0, 0, 7, 3468.81, 2394, 25434196
1605754202, 11, 261, 527, 104, 0, 3.65%, 0, 0, 7, 3410.56, 2394, 25451243
1605754207, 11, 308, 527, 102, 0, 3.65%, 0, 0, 7, 3430.84, 2394, 25468425
1605754212, 11, 343, 527, 101, 0, 3.65%, 0, 0, 7, 3497.57, 2394, 25486060
1605754217, 11, 349, 529, 102, 0, 3.65%, 0, 0, 7, 3502.00, 2394, 25504183
1605754222, 11, 371, 529, 100, 0, 3.65%, 0, 0, 7, 3373.39, 2394, 25521016
1605754227, 11, 385, 529, 99, 0, 3.65%, 0, 0, 7, 3456.94, 2394, 25538433
1605754232, 11, 390, 530, 99, 0, 3.65%, 0, 0, 7, 3492.04, 2394, 25556200
1605754237, 11, 408, 530, 97, 0, 3.65%, 0, 0, 7, 3528.19, 2394, 25574370
1605754253, 11, 409, 530, 96, 0, 3.65%, 0, 0, 7, 3193.53, 2394, 25625287
1605754314, 11, 417, 530, 95, 0, 3.65%, 0, 0, 7, 3133.87, 2394, 25805170
1605754330, 11, 421, 530, 94, 0, 3.65%, 0, 0, 7, 3284.85, 2394, 25855937
1605754407, 11, 425, 530, 93, 0, 3.65%, 0, 0, 7, 2834.72, 2394, 26066835
1605754427, 11, 429, 530, 92, 0, 3.65%, 0, 0, 7, 2975.26, 2394, 26133578
1605754483, 11, 435, 530, 91, 0, 3.65%, 0, 0, 7, 2886.87, 2394, 26288085
1605754540, 11, 437, 530, 90, 0, 3.65%, 0, 0, 7, 2973.71, 2394, 26439932
1605754560, 11, 445, 530, 89, 0, 3.65%, 0, 0, 7, 3392.79, 2394, 26506816
1605754570, 11, 464, 530, 88, 0, 3.65%, 0, 0, 7, 3475.22, 2394, 26542192
1605754575, 11, 469, 530, 87, 0, 3.65%, 0, 0, 7, 3505.05, 2394, 26560286
1605754580, 11, 469, 532, 89, 0, 3.65%, 0, 0, 7, 3505.48, 2394, 26577754
1605754585, 11, 491, 532, 88, 0, 3.65%, 0, 0, 7, 3115.92, 2394, 26593865
1605754692, 11, 495, 533, 88, 0, 3.65%, 0, 0, 7, 3325.93, 2394, 26894444
1605754697, 11, 502, 534, 88, 0, 3.65%, 0, 0, 7, 3388.16, 2394, 26911404
1605754703, 11, 525, 534, 87, 0, 3.65%, 0, 0, 7, 3453.53, 2394, 26928899
1605754708, 11, 528, 535, 87, 0, 3.65%, 0, 0, 7, 3536.53, 2394, 26947174
1605754713, 11, 529, 535, 86, 0, 3.65%, 0, 0, 7, 3487.26, 2394, 26964789
1605754718, 11, 531, 537, 87, 0, 3.65%, 0, 0, 7, 3344.79, 2394, 26982030
1605754723, 11, 531, 538, 88, 0, 3.65%, 0, 0, 7, 3317.66, 2394, 26999135
1605754728, 11, 531, 540, 90, 0, 3.65%, 0, 0, 7, 3450.36, 2394, 27016676
1605754738, 11, 537, 540, 89, 0, 3.65%, 0, 0, 7, 3265.49, 2394, 27050609
1605754749, 12, 17, 540, 88, 0, 3.65%, 0, 0, 7, 3411.17, 2394, 27084597
1605754754, 12, 138, 540, 87, 0, 3.65%, 0, 0, 7, 3484.99, 2394, 27102703
1605754759, 12, 287, 540, 86, 0, 3.65%, 0, 0, 7, 3531.55, 2394, 27120665
1605754764, 12, 316, 540, 85, 0, 3.65%, 0, 0, 7, 3471.95, 2394, 27138207
1605754779, 12, 328, 540, 84, 0, 3.65%, 0, 0, 7, 3313.92, 2394, 27189497
1605754790, 12, 338, 540, 83, 0, 3.65%, 0, 0, 7, 3446.35, 2394, 27225115
1605754795, 12, 345, 540, 82, 0, 3.65%, 0, 0, 7, 3523.55, 2394, 27242811
1605754800, 12, 366, 540, 80, 0, 3.65%, 0, 0, 7, 3483.87, 2394, 27260909
1605754805, 12, 412, 540, 79, 0, 3.65%, 0, 0, 7, 3172.19, 2394, 27277409
1605754892, 12, 420, 540, 78, 0, 3.65%, 0, 0, 7, 2915.93, 2394, 27508171
1605754922, 12, 450, 540, 77, 0, 3.65%, 0, 0, 7, 2834.40, 2394, 27598351
1605755448, 12, 480, 540, 75, 0, 3.65%, 0, 0, 7, 3291.85, 2394, 29012428
1605755453, 12, 533, 540, 74, 0, 3.65%, 0, 0, 7, 3454.66, 2394, 29029954
1605755458, 12, 534, 541, 74, 0, 3.65%, 0, 0, 7, 3512.42, 2394, 29047868
1605755468, 12, 535, 541, 73, 0, 3.65%, 0, 0, 7, 3360.57, 2394, 29082125
1605755479, 12, 535, 543, 75, 0, 3.65%, 0, 0, 7, 3420.21, 2394, 29116875
1605755484, 12, 536, 543, 74, 0, 3.65%, 0, 0, 7, 3454.94, 2394, 29134416
1605755494, 12, 540, 543, 73, 0, 3.65%, 0, 0, 7, 3416.08, 2394, 29169457
1605755499, 12, 542, 543, 72, 0, 3.65%, 0, 0, 7, 3338.22, 2394, 29186277
1605755524, 12, 542, 544, 73, 0, 3.65%, 0, 0, 7, 3117.68, 2394, 29264052
1605755529, 12, 543, 545, 73, 0, 3.65%, 0, 0, 7, 3219.29, 2394, 29280631
1605755534, 12, 543, 546, 74, 0, 3.65%, 0, 0, 8, 2950.74, 2394, 29295007
1605755565, 12, 543, 547, 75, 0, 3.65%, 0, 0, 8, 3087.01, 2394, 29385797
1605755570, 13, 98, 547, 74, 0, 3.65%, 0, 0, 8, 3316.94, 2394, 29402544
1605755575, 13, 236, 547, 73, 0, 3.65%, 0, 0, 8, 3434.97, 2394, 29420481
1605755581, 13, 315, 547, 72, 0, 3.65%, 0, 0, 8, 3390.83, 2394, 29437811
1605755596, 13, 325, 547, 71, 0, 3.65%, 0, 0, 8, 3440.62, 2394, 29490346
1605755611, 13, 386, 547, 70, 0, 3.65%, 0, 0, 8, 3248.48, 2394, 29540435
1605755616, 13, 387, 547, 69, 0, 3.65%, 0, 0, 8, 3362.55, 2394, 29557422
1605755621, 13, 496, 547, 67, 0, 3.65%, 0, 0, 8, 3411.50, 2394, 29575229
1605755627, 13, 526, 547, 67, 0, 3.65%, 0, 0, 8, 3392.70, 2394, 29592794
1605755632, 13, 530, 547, 66, 0, 3.65%, 0, 0, 8, 3443.85, 2394, 29610393
1605755642, 13, 539, 547, 65, 0, 3.65%, 0, 0, 8, 3335.43, 2394, 29645041
1605755658, 13, 544, 547, 64, 0, 3.65%, 0, 0, 8, 3195.60, 2394, 29694504
1605755703, 14, 14, 547, 63, 0, 3.65%, 0, 0, 8, 3181.67, 2394, 29822811
1605755708, 14, 63, 548, 64, 0, 3.65%, 0, 0, 8, 3550.67, 2394, 29841390
1605755713, 14, 102, 548, 64, 0, 3.65%, 0, 0, 8, 3538.10, 2394, 29859797
1605755718, 14, 214, 548, 64, 0, 3.65%, 0, 0, 8, 3495.51, 2394, 29877702
1605755723, 14, 232, 548, 63, 0, 3.65%, 0, 0, 8, 3546.73, 2394, 29895659
1605755729, 14, 275, 548, 62, 0, 3.65%, 0, 0, 8, 3521.92, 2394, 29913785
1605755734, 14, 297, 548, 61, 0, 3.65%, 0, 0, 8, 3509.45, 2394, 29931652
1605755739, 14, 312, 548, 60, 0, 3.65%, 0, 0, 8, 3536.04, 2394, 29949475
1605755744, 14, 341, 548, 59, 0, 3.65%, 0, 0, 8, 3496.57, 2394, 29967635
1605755749, 14, 348, 548, 58, 0, 3.65%, 0, 0, 8, 3348.82, 2394, 29984299
1605755754, 14, 378, 548, 57, 0, 3.65%, 0, 0, 8, 3408.07, 2394, 30001422
1605755759, 14, 444, 548, 56, 0, 3.65%, 0, 0, 8, 2194.91, 2394, 30012105
1605756074, 14, 455, 549, 56, 0, 3.65%, 0, 0, 8, 2020.73, 2394, 30546997
1605756105, 14, 456, 549, 55, 0, 3.65%, 0, 0, 8, 3306.25, 2394, 30646927
1605756126, 14, 472, 549, 54, 0, 3.65%, 0, 0, 8, 3390.66, 2394, 30716468
1605756156, 14, 492, 549, 53, 0, 3.65%, 0, 0, 8, 2681.86, 2394, 30818671
1605756411, 14, 493, 549, 52, 0, 3.65%, 0, 0, 8, 2650.68, 2394, 31393317
1605756417, 14, 513, 549, 52, 0, 3.65%, 0, 0, 8, 3312.64, 2394, 31411199
1605756427, 14, 522, 549, 51, 0, 3.65%, 0, 0, 8, 3534.15, 2394, 31447036
1605756432, 14, 523, 549, 50, 0, 3.65%, 0, 0, 8, 3354.33, 2394, 31464115
1605756437, 14, 524, 549, 49, 0, 3.65%, 0, 0, 8, 3431.66, 2394, 31481426
1605756442, 14, 532, 549, 48, 0, 3.65%, 0, 0, 8, 3500.06, 2394, 31499243
1605756447, 14, 533, 551, 49, 0, 3.65%, 0, 0, 8, 3370.21, 2394, 31516379
1605756452, 14, 547, 551, 49, 0, 3.65%, 0, 0, 8, 3280.88, 2394, 31532693
1605756457, 14, 548, 551, 48, 0, 3.65%, 0, 0, 8, 3262.78, 2394, 31549552
1605756508, 14, 548, 554, 51, 0, 3.65%, 0, 0, 8, 2964.11, 2394, 31692230
1605756518, 15, 4, 554, 50, 0, 3.65%, 0, 0, 8, 3218.80, 2394, 31724221
1605756523, 15, 59, 554, 50, 0, 3.65%, 0, 0, 8, 3538.78, 2394, 31742698
1605756528, 15, 97, 554, 50, 0, 3.65%, 0, 0, 8, 3540.83, 2394, 31761044
1605756534, 15, 186, 554, 50, 0, 3.65%, 0, 0, 8, 3456.56, 2394, 31778866
1605756539, 15, 233, 554, 49, 0, 3.65%, 0, 0, 8, 3523.08, 2394, 31797101
1605756544, 15, 244, 554, 49, 0, 3.65%, 0, 0, 8, 3778.20, 2394, 31817140
1605756549, 15, 340, 555, 49, 0, 3.65%, 0, 0, 8, 3596.37, 2394, 31835478
1605756554, 15, 368, 556, 50, 0, 3.65%, 0, 0, 8, 3551.39, 2394, 31853174
1605756559, 15, 414, 556, 49, 0, 3.65%, 0, 0, 8, 3430.26, 2394, 31870627
1605756575, 15, 439, 556, 48, 0, 3.65%, 0, 0, 8, 3351.84, 2394, 31921979
1605756595, 15, 441, 556, 47, 0, 3.65%, 0, 0, 8, 3281.01, 2394, 31987446
1605756697, 15, 448, 556, 46, 0, 3.65%, 0, 0, 8, 2272.32, 2394, 32256488
1605757355, 15, 471, 556, 44, 0, 3.65%, 0, 0, 8, 3140.25, 2394, 33393629
1605757360, 15, 495, 556, 43, 0, 3.65%, 0, 0, 8, 3341.25, 2394, 33410771
1605757365, 15, 516, 556, 43, 0, 3.65%, 0, 0, 8, 3404.55, 2394, 33427753
1605757386, 16, 45, 556, 42, 0, 3.65%, 0, 0, 8, 3598.35, 2394, 33500309
1605757391, 16, 80, 557, 43, 0, 3.65%, 0, 0, 8, 3448.05, 2394, 33517861
1605757396, 16, 147, 557, 43, 0, 3.65%, 0, 0, 8, 3544.64, 2394, 33535869
1605757401, 16, 265, 557, 43, 0, 3.65%, 0, 0, 8, 3515.40, 2394, 33554189
1605757406, 16, 331, 557, 43, 0, 3.65%, 0, 0, 8, 3553.01, 2394, 33572572
1605757411, 16, 360, 557, 42, 0, 3.65%, 0, 0, 8, 3525.36, 2394, 33590855
1605757416, 16, 411, 557, 41, 0, 3.65%, 0, 0, 8, 3407.77, 2394, 33608214
1605757442, 16, 418, 557, 40, 0, 3.65%, 0, 0, 8, 3376.68, 2394, 33691845
1605757463, 16, 422, 557, 39, 0, 3.65%, 0, 0, 8, 3331.29, 2394, 33758989
1605757483, 16, 428, 557, 38, 0, 3.65%, 0, 0, 8, 3422.19, 2394, 33826507
1605757498, 16, 432, 557, 37, 0, 3.65%, 0, 0, 8, 3455.67, 2394, 33879559
1605757513, 16, 449, 557, 36, 0, 3.65%, 0, 0, 8, 3373.23, 2394, 33930336
1605757518, 16, 531, 558, 37, 0, 3.65%, 0, 0, 8, 3470.58, 2394, 33947928
1605757524, 16, 551, 558, 37, 0, 3.65%, 0, 0, 8, 2798.84, 2394, 33961333
1605757574, 16, 555, 558, 36, 0, 3.65%, 0, 0, 8, 3315.65, 2394, 34105342
1605757585, 17, 45, 558, 35, 0, 3.65%, 0, 0, 8, 3603.96, 2394, 34142178
1605757590, 17, 83, 558, 35, 0, 3.65%, 0, 0, 8, 3568.20, 2394, 34160426
1605757595, 17, 132, 558, 34, 0, 3.65%, 0, 0, 8, 3474.50, 2394, 34178201
1605757600, 17, 247, 558, 34, 0, 3.65%, 0, 0, 8, 3464.32, 2394, 34195662
1605757605, 17, 306, 559, 35, 0, 3.65%, 0, 0, 8, 3444.71, 2394, 34212921
1605757610, 17, 410, 559, 34, 0, 3.65%, 0, 0, 8, 3506.14, 2394, 34230609
1605757641, 17, 438, 559, 33, 0, 3.65%, 0, 0, 8, 3293.27, 2394, 34328173
1605757656, 17, 506, 559, 32, 0, 3.65%, 0, 0, 8, 3388.67, 2394, 34379014
1605757702, 17, 506, 560, 33, 0, 3.65%, 0, 0, 8, 3446.05, 2394, 34539174
1605757707, 17, 507, 560, 32, 0, 3.65%, 0, 0, 8, 3581.76, 2394, 34557508
1605757712, 17, 545, 560, 31, 0, 3.65%, 0, 0, 8, 3240.85, 2394, 34573963
1605757733, 17, 545, 561, 32, 0, 3.65%, 0, 0, 9, 3066.12, 2394, 34637698
1605757738, 17, 545, 562, 33, 0, 3.65%, 0, 0, 9, 3306.15, 2394, 34654904
1605757743, 17, 557, 563, 33, 0, 3.65%, 0, 0, 9, 3181.01, 2394, 34671332
1605757937, 17, 557, 564, 34, 0, 3.65%, 0, 0, 9, 2530.83, 2394, 35066440
1605757942, 17, 559, 564, 33, 0, 3.65%, 0, 0, 9, 3100.95, 2394, 35083297
1605758049, 17, 562, 564, 32, 0, 3.65%, 0, 0, 9, 2766.25, 2394, 35431788
1605758319, 18, 3, 564, 31, 0, 3.65%, 0, 0, 9, 2546.47, 2394, 35920937
1605758324, 18, 59, 564, 31, 0, 3.65%, 0, 0, 9, 3424.01, 2394, 35939425
1605758329, 18, 98, 564, 31, 0, 3.65%, 0, 0, 9, 3575.70, 2394, 35957890
1605758334, 18, 137, 564, 30, 0, 3.65%, 0, 0, 9, 3474.40, 2394, 35975872
1605758339, 18, 202, 564, 29, 0, 3.65%, 0, 0, 9, 3541.00, 2394, 35994064
1605758345, 18, 243, 564, 29, 0, 3.65%, 0, 0, 9, 3491.10, 2394, 36012169
1605758350, 18, 303, 564, 28, 0, 3.65%, 0, 0, 9, 3558.96, 2394, 36030572
1605758355, 18, 318, 564, 27, 0, 3.65%, 0, 0, 9, 3467.46, 2394, 36048616
1605758365, 18, 446, 566, 28, 0, 3.65%, 0, 0, 9, 3487.36, 2394, 36084466
1605758370, 18, 538, 566, 28, 0, 3.65%, 0, 0, 9, 3410.86, 2394, 36101409
1605758391, 18, 560, 567, 28, 0, 3.65%, 0, 0, 9, 3124.24, 2394, 36165296
1605758416, 18, 560, 569, 30, 0, 3.65%, 0, 0, 10, 3272.55, 2394, 36245768
1605758421, 19, 13, 569, 29, 0, 3.65%, 0, 0, 10, 3415.67, 2394, 36263025
1605758426, 19, 58, 569, 29, 0, 3.65%, 0, 0, 10, 3366.82, 2394, 36280321
1605758432, 19, 97, 569, 29, 0, 3.65%, 0, 0, 10, 3438.99, 2394, 36297953
1605758437, 19, 205, 569, 29, 0, 3.65%, 0, 0, 10, 3554.91, 2394, 36316257
1605758442, 19, 291, 569, 29, 0, 3.65%, 0, 0, 10, 3525.66, 2394, 36334425
1605758447, 19, 374, 569, 28, 0, 3.65%, 0, 0, 10, 3563.80, 2394, 36352298
1605758452, 19, 436, 569, 28, 0, 3.65%, 0, 0, 10, 2866.86, 2394, 36366525
1605758523, 19, 483, 569, 27, 0, 3.65%, 0, 0, 10, 3077.03, 2394, 36561039
1605758528, 19, 521, 569, 27, 0, 3.65%, 0, 0, 10, 3418.22, 2394, 36578643
1605758533, 19, 549, 569, 26, 0, 3.65%, 0, 0, 10, 3518.12, 2394, 36596680
1605758538, 19, 559, 569, 25, 0, 3.65%, 0, 0, 10, 3572.88, 2394, 36614719
1605758543, 19, 561, 569, 25, 0, 3.65%, 0, 0, 10, 3162.35, 2394, 36630356
1605758569, 19, 561, 570, 26, 0, 3.65%, 0, 0, 10, 3037.75, 2394, 36708694
1605758579, 19, 563, 570, 25, 0, 3.65%, 0, 0, 10, 1781.41, 2394, 36732428
1605759098, 19, 563, 571, 26, 0, 3.65%, 0, 0, 10, 1558.66, 2394, 37480068
1605759103, 19, 567, 571, 25, 0, 3.65%, 0, 0, 10, 2456.19, 2394, 37493400
1605759144, 19, 569, 571, 24, 0, 3.65%, 0, 0, 10, 3158.89, 2394, 37613711
1605759190, 20, 3, 571, 23, 0, 3.65%, 0, 0, 10, 3145.03, 2394, 37751475
1605759196, 20, 53, 571, 23, 0, 3.65%, 0, 0, 10, 3346.02, 2394, 37768940
1605759201, 20, 96, 571, 23, 0, 3.65%, 0, 0, 10, 3478.61, 2394, 37786924
1605759206, 20, 196, 571, 23, 0, 3.65%, 0, 0, 10, 3528.38, 2394, 37805052
1605759211, 20, 268, 571, 23, 0, 3.65%, 0, 0, 10, 3562.64, 2394, 37823412
1605759216, 20, 407, 571, 23, 0, 3.65%, 0, 0, 10, 3603.44, 2394, 37841901
1605759236, 20, 505, 571, 22, 0, 3.65%, 0, 0, 10, 3401.35, 2394, 37908769
1605759241, 20, 509, 571, 22, 0, 3.65%, 0, 0, 10, 2923.03, 2394, 37923173
1605759292, 20, 550, 571, 21, 0, 3.65%, 0, 0, 10, 3369.95, 2394, 38071929
1605759297, 20, 550, 572, 22, 0, 3.65%, 0, 0, 10, 3473.49, 2394, 38089680
1605759302, 20, 568, 572, 20, 0, 3.65%, 0, 0, 10, 3376.13, 2394, 38106831
1605759333, 20, 570, 572, 19, 0, 3.65%, 0, 0, 10, 3176.98, 2394, 38203118
1605760379, 20, 571, 572, 18, 0, 3.65%, 0, 0, 10, 3034.85, 2394, 39354064
1605760384, 21, 10, 572, 17, 0, 3.65%, 0, 0, 10, 3337.44, 2394, 39371218
1605760390, 21, 63, 572, 17, 0, 3.65%, 0, 0, 10, 3503.08, 2394, 39389590
1605760395, 21, 105, 572, 17, 0, 3.65%, 0, 0, 10, 3524.88, 2394, 39407475
1605760400, 21, 242, 572, 17, 0, 3.65%, 0, 0, 10, 3513.08, 2394, 39425678
1605760405, 21, 317, 572, 17, 0, 3.65%, 0, 0, 10, 3358.74, 2394, 39442771
1605760410, 21, 383, 572, 17, 0, 3.65%, 0, 0, 10, 3384.56, 2394, 39459719
1605760415, 21, 419, 572, 16, 0, 3.65%, 0, 0, 10, 3322.44, 2394, 39477071
1605760446, 21, 481, 572, 15, 0, 3.65%, 0, 0, 10, 3442.67, 2394, 39578900
1605760451, 21, 527, 573, 16, 0, 3.65%, 0, 0, 10, 3367.91, 2394, 39596518
1605760456, 21, 529, 573, 15, 0, 3.65%, 0, 0, 10, 3417.66, 2394, 39613540
1605760461, 21, 556, 573, 15, 0, 3.65%, 0, 0, 10, 3273.78, 2394, 39630168
1605760527, 21, 556, 575, 17, 0, 3.65%, 0, 0, 10, 2682.07, 2394, 39802799
1605760532, 21, 559, 575, 16, 0, 3.65%, 0, 0, 10, 3189.75, 2394, 39819125
1605760537, 21, 565, 575, 16, 0, 3.65%, 0, 0, 10, 2774.47, 2394, 39832699
1605760762, 22, 3, 575, 15, 0, 3.65%, 0, 0, 10, 3106.67, 2394, 40432265
1605760767, 22, 59, 575, 15, 0, 3.65%, 0, 0, 10, 3402.42, 2394, 40450299
1605760772, 22, 97, 575, 15, 0, 3.65%, 0, 0, 10, 3427.37, 2394, 40467982
1605760777, 22, 198, 575, 15, 0, 3.65%, 0, 0, 10, 3542.79, 2394, 40486297
1605760782, 22, 283, 575, 15, 0, 3.65%, 0, 0, 10, 3531.71, 2394, 40504417
1605760787, 22, 454, 575, 15, 0, 3.65%, 0, 0, 10, 3466.58, 2394, 40522336
1605760890, 22, 519, 575, 14, 0, 3.65%, 0, 0, 10, 3231.01, 2394, 40826122
1605760895, 22, 541, 575, 14, 0, 3.65%, 0, 0, 10, 3425.61, 2394, 40843821
1605760910, 22, 553, 575, 13, 0, 3.65%, 0, 0, 10, 2562.11, 2394, 40891025
1605761022, 22, 554, 575, 12, 0, 3.65%, 0, 0, 10, 3009.90, 2394, 41157329
1605761027, 22, 564, 577, 13, 0, 3.65%, 0, 0, 10, 3456.46, 2394, 41175496
1605761033, 22, 564, 579, 15, 0, 3.65%, 0, 0, 10, 3439.66, 2394, 41192947
1605761038, 22, 576, 579, 14, 0, 3.65%, 0, 0, 10, 3467.98, 2394, 41210558
1605761043, 22, 576, 580, 15, 0, 3.65%, 0, 0, 10, 3559.30, 2394, 41228749
1605761048, 23, 36, 580, 14, 0, 3.65%, 0, 0, 10, 3564.99, 2394, 41247275
1605761053, 23, 77, 580, 14, 0, 3.65%, 0, 0, 10, 3583.13, 2394, 41265764
1605761058, 23, 137, 580, 14, 0, 3.65%, 0, 0, 10, 3527.77, 2394, 41283987
1605761063, 23, 258, 580, 14, 0, 3.65%, 0, 0, 10, 3464.19, 2394, 41301291
1605761068, 23, 371, 580, 14, 0, 3.65%, 0, 0, 10, 3496.52, 2394, 41319299
1605761074, 23, 405, 580, 14, 0, 3.65%, 0, 0, 10, 3424.55, 2394, 41336954
1605761089, 23, 523, 581, 14, 0, 3.65%, 0, 0, 10, 3469.78, 2394, 41387903
1605761094, 23, 546, 581, 14, 0, 3.65%, 0, 0, 10, 2678.60, 2394, 41400472
1605761155, 23, 567, 581, 13, 0, 3.65%, 0, 0, 10, 3070.13, 2394, 41560318
1605761160, 23, 573, 581, 13, 0, 3.65%, 0, 0, 10, 2536.92, 2394, 41573714
1605761292, 23, 575, 581, 12, 0, 3.65%, 0, 0, 10, 2678.26, 2394, 41861752
1605761297, 23, 575, 582, 13, 0, 3.65%, 0, 0, 10, 3430.02, 2394, 41880437
1605761302, 23, 577, 582, 12, 0, 3.65%, 0, 0, 10, 3521.19, 2394, 41898218
1605761307, 24, 9, 582, 11, 0, 3.65%, 0, 0, 10, 3537.14, 2394, 41916161
1605761313, 24, 61, 582, 11, 0, 3.65%, 0, 0, 10, 3572.43, 2394, 41934444
1605761318, 24, 102, 582, 11, 0, 3.65%, 0, 0, 10, 3509.07, 2394, 41952428
1605761323, 24, 217, 583, 12, 0, 3.65%, 0, 0, 10, 3546.76, 2394, 41970713
1605761328, 24, 295, 584, 13, 0, 3.65%, 0, 0, 10, 3538.69, 2394, 41989020
1605761333, 24, 402, 584, 13, 0, 3.65%, 0, 0, 10, 3495.97, 2394, 42007020
1605761338, 24, 508, 584, 13, 0, 3.65%, 0, 0, 10, 3546.66, 2394, 42024847
1605761343, 24, 548, 584, 13, 0, 3.65%, 0, 0, 10, 3455.12, 2394, 42042210
1605761348, 24, 578, 584, 13, 0, 3.65%, 0, 0, 10, 3518.26, 2394, 42060019
1605761353, 25, 9, 584, 12, 0, 3.65%, 0, 0, 10, 3540.80, 2394, 42077857
1605761358, 25, 62, 584, 12, 0, 3.65%, 0, 0, 10, 3539.20, 2394, 42096081
1605761364, 25, 105, 584, 12, 0, 3.65%, 0, 0, 10, 3530.18, 2394, 42114209
1605761369, 25, 226, 584, 12, 0, 3.65%, 0, 0, 10, 3589.34, 2394, 42132632
1605761374, 25, 288, 585, 13, 0, 3.65%, 0, 0, 10, 3516.41, 2394, 42150721
1605761379, 25, 507, 585, 13, 0, 3.65%, 0, 0, 10, 3520.05, 2394, 42168926
1605761384, 25, 559, 585, 13, 0, 3.65%, 0, 0, 10, 3326.33, 2394, 42185698
1605761389, 25, 566, 585, 13, 0, 3.65%, 0, 0, 10, 2522.46, 2394, 42198474
1605761512, 25, 567, 585, 12, 0, 3.65%, 0, 0, 10, 2868.49, 2394, 42472751
1605761517, 25, 575, 585, 12, 0, 3.65%, 0, 0, 10, 3361.86, 2394, 42490294
1605761522, 25, 580, 585, 12, 0, 3.65%, 0, 0, 10, 3522.03, 2394, 42508229
1605761527, 26, 45, 585, 11, 0, 3.65%, 0, 0, 10, 3529.41, 2394, 42526490
1605761533, 26, 82, 585, 11, 0, 3.65%, 0, 0, 10, 3548.66, 2394, 42544690
1605761538, 26, 147, 585, 11, 0, 3.65%, 0, 0, 10, 3572.20, 2394, 42562810
1605761543, 26, 254, 585, 11, 0, 3.65%, 0, 0, 10, 3533.06, 2394, 42580923
1605761548, 26, 364, 585, 11, 0, 3.65%, 0, 0, 10, 3536.14, 2394, 42599090
1605761553, 26, 466, 585, 11, 0, 3.65%, 0, 0, 10, 3410.84, 2394, 42616583
1605761558, 26, 479, 585, 10, 0, 3.65%, 0, 0, 10, 3441.18, 2394, 42634192
1605761563, 26, 579, 585, 10, 0, 3.65%, 0, 0, 10, 3617.29, 2394, 42652891
1605761569, 27, 10, 585, 9, 0, 3.65%, 0, 0, 10, 3550.63, 2394, 42671191
1605761574, 27, 62, 585, 9, 0, 3.65%, 0, 0, 10, 3536.06, 2394, 42689265
1605761579, 27, 101, 585, 9, 0, 3.65%, 0, 0, 10, 3563.36, 2394, 42707489
1605761584, 27, 214, 585, 9, 0, 3.65%, 0, 0, 10, 3551.70, 2394, 42725689
1605761589, 27, 295, 585, 9, 0, 3.65%, 0, 0, 10, 3541.27, 2394, 42744001
1605761594, 27, 489, 585, 9, 0, 3.65%, 0, 0, 10, 3530.29, 2394, 42762297
1605761599, 27, 572, 585, 9, 0, 3.65%, 0, 0, 10, 3446.13, 2394, 42780135
1605761610, 27, 582, 585, 8, 0, 3.65%, 0, 0, 10, 3474.89, 2394, 42815067
1605761615, 28, 45, 585, 7, 0, 3.65%, 0, 0, 10, 3534.55, 2394, 42833447
1605761620, 28, 82, 585, 7, 0, 3.65%, 0, 0, 10, 3529.40, 2394, 42851535
1605761625, 28, 148, 585, 7, 0, 3.65%, 0, 0, 10, 3561.61, 2394, 42869753
1605761630, 28, 238, 585, 6, 0, 3.65%, 0, 0, 10, 3649.03, 2394, 42888520
1605761635, 28, 282, 585, 6, 0, 3.65%, 0, 0, 10, 3582.01, 2394, 42906940
1605761640, 28, 361, 585, 5, 0, 3.65%, 0, 0, 10, 3425.56, 2394, 42924498
1605761646, 28, 516, 585, 5, 0, 3.65%, 0, 0, 10, 3395.32, 2394, 42942041
1605761651, 28, 538, 585, 5, 0, 3.65%, 0, 0, 10, 3427.39, 2394, 42960027
1605761656, 28, 568, 586, 6, 0, 3.65%, 0, 0, 10, 3439.01, 2394, 42977871
1605761661, 28, 574, 586, 6, 0, 3.65%, 0, 0, 10, 2783.27, 2394, 42992372
1605761788, 28, 581, 586, 5, 0, 3.65%, 0, 0, 10, 3136.78, 2394, 43278069
1605761793, 28, 581, 587, 6, 0, 3.65%, 0, 0, 10, 3371.66, 2394, 43295127
1605761798, 29, 13, 587, 5, 0, 3.65%, 0, 0, 10, 3548.11, 2394, 43313077
1605761803, 29, 62, 587, 5, 0, 3.65%, 0, 0, 10, 3559.87, 2394, 43331453
1605761809, 29, 102, 587, 5, 0, 3.65%, 0, 0, 10, 3578.83, 2394, 43349693
1605761814, 29, 203, 587, 5, 0, 3.65%, 0, 0, 10, 3505.61, 2394, 43367797
1605761819, 29, 288, 587, 5, 0, 3.65%, 0, 0, 10, 3458.23, 2394, 43385640
1605761824, 29, 444, 587, 5, 0, 3.65%, 0, 0, 10, 3538.93, 2394, 43403476
1605761829, 29, 576, 587, 5, 0, 3.65%, 0, 0, 10, 3413.39, 2394, 43420630
1605761834, 30, 45, 587, 5, 0, 3.65%, 0, 0, 10, 3506.51, 2394, 43438994
1605761839, 30, 82, 587, 5, 0, 3.65%, 0, 0, 10, 3533.93, 2394, 43457248
1605761845, 30, 171, 587, 5, 0, 3.65%, 0, 0, 10, 3497.24, 2394, 43475173
1605761850, 30, 268, 587, 5, 0, 3.65%, 0, 0, 10, 3585.94, 2394, 43493613
1605761855, 30, 446, 587, 5, 0, 3.65%, 0, 0, 10, 3531.40, 2394, 43511792
1605761860, 30, 569, 587, 5, 0, 3.65%, 0, 0, 10, 3524.63, 2394, 43530172
1605761865, 31, 49, 587, 5, 0, 3.65%, 0, 0, 10, 3578.35, 2394, 43548651
1605761870, 31, 87, 587, 5, 0, 3.65%, 0, 0, 10, 3561.09, 2394, 43566901
1605761875, 31, 185, 587, 5, 0, 3.65%, 0, 0, 10, 3591.59, 2394, 43585165
1605761881, 31, 269, 587, 5, 0, 3.65%, 0, 0, 10, 3544.64, 2394, 43603381
1605761886, 31, 404, 587, 5, 0, 3.65%, 0, 0, 10, 3444.00, 2394, 43620421
1605761891, 31, 537, 587, 5, 0, 3.65%, 0, 0, 10, 3504.81, 2394, 43638123
1605761896, 31, 583, 588, 6, 0, 3.65%, 0, 0, 10, 3558.60, 2394, 43656093
1605761901, 31, 585, 588, 5, 0, 3.65%, 0, 0, 10, 3459.55, 2394, 43673889
1605761906, 32, 3, 589, 5, 0, 3.65%, 0, 0, 10, 3465.97, 2394, 43691422
1605761911, 32, 59, 589, 5, 0, 3.65%, 0, 0, 10, 3441.49, 2394, 43709286
1605761916, 32, 98, 590, 6, 0, 3.65%, 0, 0, 10, 3442.10, 2394, 43727063
1605761921, 32, 203, 590, 6, 0, 3.65%, 0, 0, 10, 3575.53, 2394, 43745334
1605761926, 32, 288, 590, 6, 0, 3.65%, 0, 0, 10, 3565.56, 2394, 43763638
1605761932, 32, 491, 590, 6, 0, 3.65%, 0, 0, 10, 3515.23, 2394, 43781707
1605761937, 32, 552, 590, 6, 0, 3.65%, 0, 0, 10, 2989.44, 2394, 43797305
1605762049, 32, 589, 590, 5, 0, 3.65%, 0, 0, 10, 3312.81, 2394, 44070477
1605762054, 33, 38, 591, 5, 0, 3.65%, 0, 0, 10, 3502.98, 2394, 44088678
1605762059, 33, 78, 591, 5, 0, 3.65%, 0, 0, 10, 3480.13, 2394, 44106590
1605762064, 33, 142, 591, 5, 0, 3.65%, 0, 0, 10, 3562.91, 2394, 44124902
1605762069, 33, 254, 591, 5, 0, 3.65%, 0, 0, 10, 3456.65, 2394, 44142630
1605762074, 33, 366, 591, 5, 0, 3.65%, 0, 0, 10, 3367.79, 2394, 44159550
1605762079, 33, 519, 591, 5, 0, 3.65%, 0, 0, 10, 3393.33, 2394, 44176654
1605762085, 33, 557, 591, 5, 0, 3.65%, 0, 0, 10, 3180.59, 2394, 44193007
1605762090, 33, 586, 591, 5, 0, 3.65%, 0, 0, 10, 3336.41, 2394, 44210573
1605762100, 33, 590, 591, 4, 0, 3.65%, 0, 0, 10, 3465.06, 2394, 44245729
1605762110, 34, 19, 591, 3, 0, 3.65%, 0, 0, 10, 3450.94, 2394, 44280741
1605762115, 34, 64, 591, 3, 0, 3.65%, 0, 0, 10, 3514.02, 2394, 44298861
1605762120, 34, 125, 591, 3, 0, 3.65%, 0, 0, 10, 3500.87, 2394, 44316781
1605762126, 34, 254, 591, 3, 0, 3.65%, 0, 0, 10, 3552.77, 2394, 44335147
1605762131, 34, 342, 591, 3, 0, 3.65%, 0, 0, 10, 3515.00, 2394, 44353181
1605762136, 34, 503, 591, 3, 0, 3.65%, 0, 0, 10, 3558.78, 2394, 44371588
1605762141, 34, 569, 591, 3, 0, 3.65%, 0, 0, 10, 3498.83, 2394, 44389490
1605762146, 34, 584, 593, 5, 0, 3.65%, 0, 0, 10, 3524.68, 2394, 44407350
1605762151, 34, 588, 593, 4, 0, 3.65%, 0, 0, 10, 3489.71, 2394, 44424864
1605762161, 34, 591, 596, 6, 0, 3.65%, 0, 0, 10, 3563.87, 2394, 44460798
1605762172, 34, 594, 596, 5, 0, 3.65%, 0, 0, 10, 3637.60, 2394, 44497881
1605762177, 35, 13, 596, 4, 0, 3.65%, 0, 0, 10, 3595.58, 2394, 44516651
1605762182, 35, 60, 596, 4, 0, 3.65%, 0, 0, 10, 3595.40, 2394, 44535053
1605762187, 35, 102, 596, 4, 0, 3.65%, 0, 0, 10, 3588.72, 2394, 44553461
1605762192, 35, 214, 596, 4, 0, 3.65%, 0, 0, 10, 3621.25, 2394, 44571861
1605762197, 35, 325, 596, 4, 0, 3.65%, 0, 0, 10, 3586.17, 2394, 44590317
1605762202, 35, 523, 596, 4, 0, 3.65%, 0, 0, 10, 3577.27, 2394, 44608829
1605762207, 35, 592, 596, 4, 0, 3.65%, 0, 0, 10, 3651.25, 2394, 44627187
1605762213, 36, 46, 596, 3, 0, 3.65%, 0, 0, 10, 3596.49, 2394, 44645803
1605762218, 36, 85, 596, 3, 0, 3.65%, 0, 0, 10, 3564.66, 2394, 44664113
1605762223, 36, 185, 596, 3, 0, 3.65%, 0, 0, 10, 3617.51, 2394, 44682563
1605762228, 36, 283, 596, 3, 0, 3.65%, 0, 0, 10, 3585.07, 2394, 44700914
1605762233, 36, 479, 596, 3, 0, 3.65%, 0, 0, 10, 3569.35, 2394, 44719226
1605762238, 36, 556, 596, 3, 0, 3.65%, 0, 0, 10, 3490.45, 2394, 44736779
1605762243, 36, 587, 596, 3, 0, 3.65%, 0, 0, 10, 3492.31, 2394, 44754346
1605762253, 37, 49, 596, 2, 0, 3.65%, 0, 0, 10, 3605.37, 2394, 44790880
1605762258, 37, 87, 596, 2, 0, 3.65%, 0, 0, 10, 3553.86, 2394, 44809015
1605762264, 37, 197, 596, 2, 0, 3.65%, 0, 0, 10, 3604.18, 2394, 44827472
1605762269, 37, 273, 596, 2, 0, 3.65%, 0, 0, 10, 3592.08, 2394, 44845919
1605762274, 37, 446, 596, 2, 0, 3.65%, 0, 0, 10, 3558.37, 2394, 44864318
1605762279, 37, 570, 596, 2, 0, 3.65%, 0, 0, 10, 3206.58, 2394, 44880473
1605762284, 38, 52, 596, 2, 0, 3.65%, 0, 0, 10, 3473.19, 2394, 44898751
1605762289, 38, 96, 596, 2, 0, 3.65%, 0, 0, 10, 3536.89, 2394, 44916998
1605762294, 38, 202, 597, 3, 0, 3.65%, 0, 0, 10, 3602.19, 2394, 44935559
1605762300, 38, 288, 597, 3, 0, 3.65%, 0, 0, 10, 3567.52, 2394, 44953918
1605762305, 38, 483, 597, 3, 0, 3.65%, 0, 0, 10, 3403.96, 2394, 44971529
1605762310, 38, 560, 597, 3, 0, 3.65%, 0, 0, 10, 3336.61, 2394, 44988348
1605762315, 39, 31, 597, 3, 0, 3.65%, 0, 0, 10, 3473.52, 2394, 45006175
1605762320, 39, 74, 597, 3, 0, 3.65%, 0, 0, 10, 3538.77, 2394, 45024423
1605762325, 39, 134, 597, 3, 0, 3.65%, 0, 0, 10, 3585.09, 2394, 45042727
1605762330, 39, 247, 597, 3, 0, 3.65%, 0, 0, 10, 3598.15, 2394, 45061031
1605762335, 39, 344, 597, 3, 0, 3.65%, 0, 0, 10, 3525.27, 2394, 45079111
1605762341, 39, 545, 597, 3, 0, 3.65%, 0, 0, 10, 3374.47, 2394, 45096603
1605762346, 39, 565, 597, 3, 0, 3.65%, 0, 0, 10, 3354.21, 2394, 45113450
1605762351, 39, 580, 598, 4, 0, 3.65%, 0, 0, 11, 3383.31, 2394, 45130739
1605762356, 39, 595, 598, 4, 0, 3.65%, 0, 0, 11, 3601.04, 2394, 45149046
1605762361, 40, 19, 598, 3, 0, 3.65%, 0, 0, 11, 3514.33, 2394, 45166926
1605762366, 40, 65, 598, 3, 0, 3.65%, 0, 0, 11, 3567.78, 2394, 45185366
1605762371, 40, 122, 598, 3, 0, 3.65%, 0, 0, 11, 3570.34, 2394, 45203612
1605762376, 40, 246, 598, 3, 0, 3.65%, 0, 0, 11, 3461.78, 2394, 45221390
1605762381, 40, 364, 598, 3, 0, 3.65%, 0, 0, 11, 3478.00, 2394, 45239366
1605762387, 40, 578, 598, 3, 0, 3.65%, 0, 0, 11, 3479.93, 2394, 45257538
1605762392, 41, 47, 598, 3, 0, 3.65%, 0, 0, 11, 3539.15, 2394, 45275795
1605762397, 41, 86, 598, 3, 0, 3.65%, 0, 0, 11, 3485.76, 2394, 45293684
1605762402, 41, 171, 598, 3, 0, 3.65%, 0, 0, 11, 3552.54, 2394, 45312054
1605762407, 41, 258, 598, 3, 0, 3.65%, 0, 0, 11, 3552.06, 2394, 45330166
1605762412, 41, 364, 598, 3, 0, 3.65%, 0, 0, 11, 3497.18, 2394, 45348110
1605762417, 41, 534, 598, 3, 0, 3.65%, 0, 0, 11, 3464.65, 2394, 45365600
1605762422, 41, 575, 598, 3, 0, 3.65%, 0, 0, 11, 3435.12, 2394, 45382811
1605762427, 41, 593, 598, 3, 0, 3.65%, 0, 0, 11, 3547.64, 2394, 45400976
1605762433, 42, 19, 598, 2, 0, 3.65%, 0, 0, 11, 3542.82, 2394, 45419014
1605762438, 42, 64, 598, 2, 0, 3.65%, 0, 0, 11, 3600.79, 2394, 45437591
1605762443, 42, 125, 598, 2, 0, 3.65%, 0, 0, 11, 3501.10, 2394, 45455502
1605762448, 42, 233, 598, 2, 0, 3.65%, 0, 0, 11, 3503.00, 2394, 45473206
1605762453, 42, 361, 598, 2, 0, 3.65%, 0, 0, 11, 3497.95, 2394, 45491230
1605762458, 42, 533, 598, 2, 0, 3.65%, 0, 0, 11, 3496.68, 2394, 45508725
1605762463, 42, 590, 599, 3, 0, 3.65%, 0, 0, 11, 3463.87, 2394, 45526076
1605762468, 42, 596, 601, 5, 0, 3.65%, 0, 0, 11, 3546.76, 2394, 45544057
1605762473, 42, 600, 602, 5, 1, 3.65%, 0, 0, 11, 3537.01, 2394, 45561785
1605762478, 42, 601, 602, 4, 1, 3.65%, 0, 0, 11, 3564.67, 2394, 45579858
1605762483, 43, 49, 602, 3, 0, 3.65%, 0, 0, 11, 3570.30, 2394, 45598132
1605762488, 43, 95, 602, 3, 0, 3.65%, 0, 0, 11, 3618.59, 2394, 45616821
1605762494, 43, 199, 602, 3, 0, 3.65%, 0, 0, 11, 3570.68, 2394, 45635044
1605762499, 43, 273, 602, 3, 0, 3.65%, 0, 0, 11, 3508.53, 2394, 45653068
1605762504, 43, 479, 602, 3, 0, 3.65%, 0, 0, 11, 3557.09, 2394, 45671436
1605762509, 43, 593, 602, 3, 0, 3.65%, 0, 0, 11, 3386.36, 2394, 45688367
1605762514, 44, 4, 602, 3, 0, 3.65%, 0, 0, 11, 3488.59, 2394, 45706636
1605762519, 44, 61, 602, 3, 0, 3.65%, 0, 0, 11, 3511.28, 2394, 45724743
1605762524, 44, 102, 602, 3, 0, 3.65%, 0, 0, 11, 3583.85, 2394, 45742938
1605762529, 44, 226, 602, 3, 0, 3.65%, 0, 0, 11, 3587.44, 2394, 45761228
1605762535, 44, 325, 602, 3, 0, 3.65%, 0, 0, 11, 3573.22, 2394, 45779588
1605762540, 44, 483, 602, 3, 0, 3.65%, 0, 0, 11, 3591.51, 2394, 45797908
1605762545, 44, 560, 602, 3, 0, 3.65%, 0, 0, 11, 3502.52, 2394, 45815327
1605762550, 44, 600, 602, 3, 0, 3.65%, 0, 0, 11, 3573.83, 2394, 45833621
1605762555, 45, 44, 602, 3, 0, 3.65%, 0, 0, 11, 3468.41, 2394, 45851604
1605762560, 45, 85, 602, 3, 0, 3.65%, 0, 0, 11, 3454.18, 2394, 45869381
1605762565, 45, 200, 602, 3, 0, 3.65%, 0, 0, 11, 3544.26, 2394, 45887716
1605762570, 45, 273, 602, 3, 0, 3.65%, 0, 0, 11, 3542.67, 2394, 45905996
1605762576, 45, 374, 602, 3, 0, 3.65%, 0, 0, 11, 3488.51, 2394, 45923980
1605762581, 45, 564, 602, 3, 0, 3.65%, 0, 0, 11, 3495.44, 2394, 45941980
1605762586, 45, 598, 602, 3, 0, 3.65%, 0, 0, 11, 3472.79, 2394, 45959703
1605762596, 45, 598, 603, 4, 0, 3.65%, 0, 0, 11, 3371.76, 2394, 45993826
1605762601, 45, 602, 603, 3, 0, 3.65%, 0, 0, 11, 3497.38, 2394, 46011626
1605762622, 45, 602, 604, 4, 0, 3.65%, 0, 0, 11, 3352.24, 2394, 46078989
1605762627, 46, 44, 604, 3, 0, 3.65%, 0, 0, 11, 3482.13, 2394, 46096994
1605762632, 46, 78, 604, 3, 0, 3.65%, 0, 0, 11, 3525.10, 2394, 46115050
1605762637, 46, 164, 604, 3, 0, 3.65%, 0, 0, 11, 3522.45, 2394, 46133266
1605762642, 46, 269, 604, 3, 0, 3.65%, 0, 0, 11, 3583.54, 2394, 46151786
1605762647, 46, 427, 604, 3, 0, 3.65%, 0, 0, 11, 3554.02, 2394, 46170066
1605762652, 46, 593, 604, 3, 0, 3.65%, 0, 0, 11, 3582.11, 2394, 46188050
1605762657, 46, 599, 604, 3, 0, 3.65%, 0, 0, 11, 3545.22, 2394, 46205906
1605762663, 47, 9, 604, 2, 0, 3.65%, 0, 0, 11, 3559.38, 2394, 46223952
1605762668, 47, 61, 604, 2, 0, 3.65%, 0, 0, 11, 3570.46, 2394, 46242424
1605762673, 47, 105, 604, 2, 0, 3.65%, 0, 0, 11, 3567.89, 2394, 46260848
1605762678, 47, 222, 604, 2, 0, 3.65%, 0, 0, 11, 3607.93, 2394, 46279409
1605762683, 47, 291, 604, 2, 0, 3.65%, 0, 0, 11, 3586.45, 2394, 46297760
1605762688, 47, 515, 604, 2, 0, 3.65%, 0, 0, 11, 3560.50, 2394, 46316050
1605762693, 47, 596, 605, 3, 0, 3.65%, 0, 0, 11, 3517.58, 2394, 46333953
1605762698, 47, 597, 605, 3, 0, 3.65%, 0, 0, 11, 2840.63, 2394, 46347925
1605762775, 47, 597, 607, 5, 0, 3.65%, 0, 0, 12, 2904.86, 2394, 46559060
1605762780, 47, 600, 607, 4, 0, 3.65%, 0, 0, 12, 3275.83, 2394, 46576130
1605762785, 47, 603, 607, 4, 0, 3.65%, 0, 0, 12, 3219.73, 2394, 46592505
1605762811, 47, 603, 608, 5, 0, 3.65%, 0, 0, 12, 3272.51, 2394, 46674720
1605762816, 47, 606, 608, 4, 0, 3.65%, 0, 0, 12, 2826.59, 2394, 46689336
1605762939, 47, 607, 608, 3, 0, 3.65%, 0, 0, 12, 2932.77, 2394, 47017329
1605762975, 47, 607, 609, 4, 0, 3.65%, 0, 0, 12, 3215.92, 2394, 47125533
1605762980, 48, 23, 609, 3, 0, 3.65%, 0, 0, 12, 3367.57, 2394, 47142592
1605762985, 48, 67, 609, 3, 0, 3.65%, 0, 0, 12, 3463.09, 2394, 47160506
1605762990, 48, 125, 609, 3, 0, 3.65%, 0, 0, 12, 3454.94, 2394, 47177748
1605762995, 48, 218, 609, 3, 0, 3.65%, 0, 0, 12, 3541.20, 2394, 47195932
1605763000, 48, 302, 609, 3, 0, 3.65%, 0, 0, 12, 3497.81, 2394, 47213780
1605763005, 48, 500, 609, 3, 0, 3.65%, 0, 0, 12, 3384.37, 2394, 47231300
1605763010, 48, 561, 609, 3, 0, 3.65%, 0, 0, 12, 3374.95, 2394, 47248145
1605763015, 48, 588, 609, 3, 0, 3.65%, 0, 0, 12, 3457.27, 2394, 47265276
1605763020, 48, 601, 609, 3, 0, 3.65%, 0, 0, 12, 3516.96, 2394, 47283161
1605763025, 48, 604, 609, 3, 0, 3.65%, 0, 0, 12, 3605.73, 2394, 47301258
1605763036, 49, 27, 609, 2, 0, 3.65%, 0, 0, 12, 3643.49, 2394, 47338582
1605763041, 49, 75, 609, 2, 0, 3.65%, 0, 0, 12, 3568.52, 2394, 47356790
1605763046, 49, 147, 609, 2, 0, 3.65%, 0, 0, 12, 3489.38, 2394, 47374390
1605763051, 49, 258, 609, 2, 0, 3.65%, 0, 0, 12, 3541.42, 2394, 47392422
1605763056, 49, 404, 609, 2, 0, 3.65%, 0, 0, 12, 3581.08, 2394, 47410734
1605763061, 49, 581, 609, 2, 0, 3.65%, 0, 0, 12, 3545.68, 2394, 47429133
1605763066, 50, 13, 609, 2, 0, 3.65%, 0, 0, 12, 3476.46, 2394, 47446756
1605763072, 50, 58, 609, 2, 0, 3.65%, 0, 0, 12, 3519.13, 2394, 47464870
1605763077, 50, 101, 609, 2, 0, 3.65%, 0, 0, 12, 3520.73, 2394, 47482953
1605763082, 50, 211, 609, 2, 0, 3.65%, 0, 0, 12, 3572.93, 2394, 47501310
1605763087, 50, 312, 609, 2, 0, 3.65%, 0, 0, 12, 3548.78, 2394, 47519310
1605763092, 50, 496, 609, 2, 0, 3.65%, 0, 0, 12, 3507.21, 2394, 47536945
1605763097, 50, 558, 609, 2, 0, 3.65%, 0, 0, 12, 3463.01, 2394, 47554919
1605763102, 50, 601, 609, 2, 0, 3.65%, 0, 0, 12, 3581.31, 2394, 47573252
1605763107, 51, 45, 609, 2, 0, 3.65%, 0, 0, 12, 3495.67, 2394, 47591348
1605763113, 51, 85, 609, 2, 0, 3.65%, 0, 0, 12, 3477.02, 2394, 47609254
1605763118, 51, 186, 609, 2, 0, 3.65%, 0, 0, 12, 3563.38, 2394, 47627653
1605763123, 51, 273, 609, 2, 0, 3.65%, 0, 0, 12, 3573.70, 2394, 47646014
1605763128, 51, 374, 609, 2, 0, 3.65%, 0, 0, 12, 3529.75, 2394, 47664206
1605763133, 51, 566, 609, 2, 0, 3.65%, 0, 0, 12, 3500.08, 2394, 47682049
1605763138, 51, 601, 609, 2, 0, 3.65%, 0, 0, 12, 3514.07, 2394, 47699566
1605763143, 52, 48, 609, 2, 0, 3.65%, 0, 0, 12, 3535.56, 2394, 47717846
1605763148, 52, 87, 609, 2, 0, 3.65%, 0, 0, 12, 3536.83, 2394, 47735982
1605763154, 52, 196, 609, 2, 0, 3.65%, 0, 0, 12, 3518.41, 2394, 47754038
1605763159, 52, 278, 609, 2, 0, 3.65%, 0, 0, 12, 3551.88, 2394, 47772254
1605763164, 52, 483, 609, 2, 0, 3.65%, 0, 0, 12, 3539.90, 2394, 47790222
1605763169, 52, 543, 609, 2, 0, 3.65%, 0, 0, 12, 3401.59, 2394, 47807803
1605763174, 53, 38, 609, 2, 0, 3.65%, 0, 0, 12, 3541.08, 2394, 47826385
1605763179, 53, 77, 609, 2, 0, 3.65%, 0, 0, 12, 3517.41, 2394, 47844350
1605763184, 53, 139, 609, 2, 0, 3.65%, 0, 0, 12, 3531.13, 2394, 47862574
1605763190, 53, 255, 609, 2, 0, 3.65%, 0, 0, 12, 3549.96, 2394, 47880972
1605763195, 53, 364, 609, 2, 0, 3.65%, 0, 0, 12, 3515.25, 2394, 47899086
1605763200, 53, 570, 609, 2, 0, 3.65%, 0, 0, 12, 3283.31, 2394, 47916558
1605763205, 53, 601, 609, 2, 0, 3.65%, 0, 0, 12, 3492.32, 2394, 47934900
1605763210, 53, 605, 609, 2, 0, 3.65%, 0, 0, 12, 2811.46, 2394, 47948411
1605763297, 54, 50, 609, 1, 0, 3.65%, 0, 0, 12, 3428.04, 2394, 48190354
1605763302, 54, 95, 609, 1, 0, 3.65%, 0, 0, 12, 3506.90, 2394, 48208418
1605763308, 54, 202, 609, 1, 0, 3.65%, 0, 0, 12, 3567.90, 2394, 48226746
1605763313, 54, 288, 609, 1, 0, 3.65%, 0, 0, 12, 3527.28, 2394, 48244927
1605763318, 54, 491, 609, 1, 0, 3.65%, 0, 0, 12, 3503.27, 2394, 48263171
1605763323, 54, 567, 609, 1, 0, 3.65%, 0, 0, 12, 3437.89, 2394, 48280479
1605763328, 55, 4, 609, 1, 0, 3.65%, 0, 0, 12, 3507.44, 2394, 48298202
1605763333, 55, 61, 609, 1, 0, 3.65%, 0, 0, 12, 3590.64, 2394, 48316658
1605763338, 55, 102, 609, 1, 0, 3.65%, 0, 0, 12, 3541.29, 2394, 48334882
1605763343, 55, 222, 609, 1, 0, 3.65%, 0, 0, 12, 3564.23, 2394, 48353226
1605763348, 55, 302, 609, 1, 0, 3.65%, 0, 0, 12, 3539.18, 2394, 48371378
1605763354, 55, 483, 609, 1, 0, 3.65%, 0, 0, 12, 3494.67, 2394, 48389314
1605763359, 55, 539, 609, 1, 0, 3.65%, 0, 0, 12, 3460.16, 2394, 48406568
1605763364, 56, 3, 609, 1, 0, 3.65%, 0, 0, 12, 3471.69, 2394, 48423938
1605763369, 56, 52, 609, 1, 0, 3.65%, 0, 0, 12, 3496.36, 2394, 48442058
1605763374, 56, 97, 609, 1, 0, 3.65%, 0, 0, 12, 3546.44, 2394, 48460299
1605763379, 56, 213, 609, 1, 0, 3.65%, 0, 0, 12, 3582.72, 2394, 48478689
1605763384, 56, 289, 609, 1, 0, 3.65%, 0, 0, 12, 3612.92, 2394, 48497226
1605763389, 56, 576, 609, 1, 0, 3.65%, 0, 0, 12, 3566.61, 2394, 48515656
1605763394, 56, 608, 609, 1, 0, 3.65%, 0, 0, 12, 3062.66, 2394, 48531084
1605763461, 56, 608, 611, 3, 0, 3.65%, 0, 0, 12, 3089.00, 2394, 48718145
1605763471, 56, 610, 611, 2, 0, 3.65%, 0, 0, 12, 2649.21, 2394, 48748124
1605763599, 57, 4, 611, 1, 0, 3.65%, 0, 0, 12, 3037.60, 2394, 49062382
1605763604, 57, 52, 611, 1, 0, 3.65%, 0, 0, 12, 3419.81, 2394, 49080657
1605763609, 57, 97, 611, 1, 0, 3.65%, 0, 0, 12, 3512.83, 2394, 49098692
1605763614, 57, 203, 611, 1, 0, 3.65%, 0, 0, 12, 3607.35, 2394, 49117266
1605763619, 57, 292, 611, 1, 0, 3.65%, 0, 0, 12, 3479.48, 2394, 49135265
1605763625, 57, 562, 611, 1, 0, 3.65%, 0, 0, 12, 3427.78, 2394, 49152993
1605763630, 57, 609, 611, 1, 0, 3.65%, 0, 0, 12, 3357.07, 2394, 49169568
1605763717, 58, 3, 611, 0, 0, 3.65%, 0, 0, 12, 3343.18, 2394, 49430474
1605763722, 58, 58, 611, 0, 0, 3.65%, 0, 0, 12, 3563.59, 2394, 49448941
1605763727, 58, 97, 611, 0, 0, 3.65%, 0, 0, 12, 3458.50, 2394, 49466797
1605763732, 58, 200, 611, 0, 0, 3.65%, 0, 0, 12, 3476.33, 2394, 49484485
1605763737, 58, 286, 611, 0, 0, 3.65%, 0, 0, 12, 3534.19, 2394, 49502733
1605763742, 58, 460, 611, 0, 0, 3.65%, 0, 0, 12, 3557.29, 2394, 49520973
1605763747, 58, 567, 611, 0, 0, 3.65%, 0, 0, 12, 3402.86, 2394, 49538061
1605763752, 58, 603, 611, 0, 0, 3.65%, 0, 0, 12, 3409.46, 2394, 49555610
1605763757, 59, 52, 611, 0, 0, 3.65%, 0, 0, 12, 3535.62, 2394, 49573877
1605763763, 59, 98, 611, 0, 0, 3.65%, 0, 0, 12, 3514.76, 2394, 49591932
1605763768, 59, 203, 611, 0, 0, 3.65%, 0, 0, 12, 3544.18, 2394, 49610155
1605763773, 59, 295, 611, 0, 0, 3.65%, 0, 0, 12, 3522.13, 2394, 49628238
1605763778, 59, 496, 611, 0, 0, 3.65%, 0, 0, 12, 3479.01, 2394, 49646173
1605763783, 59, 602, 611, 0, 0, 3.65%, 0, 0, 12, 3472.27, 2394, 49664333
1605763788, 60, 50, 611, 0, 0, 3.65%, 0, 0, 12, 3531.58, 2394, 49682428
1605763794, 60, 96, 611, 0, 0, 3.65%, 0, 0, 12, 3494.41, 2394, 49700587
1605763799, 60, 203, 611, 0, 0, 3.65%, 0, 0, 12, 3586.41, 2394, 49719085
1605763804, 60, 287, 611, 0, 0, 3.65%, 0, 0, 12, 3576.01, 2394, 49737513
1605763809, 60, 474, 611, 0, 0, 3.65%, 0, 0, 12, 3441.10, 2394, 49755301
1605763814, 60, 596, 611, 0, 0, 3.65%, 0, 0, 12, 3459.96, 2394, 49772886
1605763819, 61, 52, 611, 0, 0, 3.65%, 0, 0, 12, 3564.18, 2394, 49791308
1605763824, 61, 97, 611, 0, 0, 3.65%, 0, 0, 12, 3580.78, 2394, 49809859
1605763829, 61, 198, 611, 0, 0, 3.65%, 0, 0, 12, 3475.96, 2394, 49827605
1605763835, 61, 283, 611, 0, 0, 3.65%, 0, 0, 12, 3532.90, 2394, 49845797
1605763840, 61, 461, 611, 0, 0, 3.65%, 0, 0, 12, 3509.43, 2394, 49863946
1605763845, 61, 555, 611, 0, 0, 3.65%, 0, 0, 12, 3375.61, 2394, 49880669
1605763850, 62, 4, 611, 0, 0, 3.65%, 0, 0, 12, 3396.24, 2394, 49897917
1605763855, 62, 59, 611, 0, 0, 3.65%, 0, 0, 12, 3513.54, 2394, 49916181
1605763860, 62, 101, 611, 0, 0, 3.65%, 0, 0, 12, 3540.92, 2394, 49934098
1605763865, 62, 202, 611, 0, 0, 3.65%, 0, 0, 12, 3552.38, 2394, 49952397
1605763870, 62, 288, 611, 0, 0, 3.65%, 0, 0, 12, 3555.33, 2394, 49970645
1605763876, 62, 519, 611, 0, 0, 3.65%, 0, 0, 12, 3519.27, 2394, 49988757
1605763881, 63, 13, 611, 0, 0, 3.65%, 0, 0, 12, 3482.33, 2394, 50006075
1605763886, 63, 62, 611, 0, 0, 3.65%, 0, 0, 12, 3561.41, 2394, 50024573
1605763891, 63, 106, 611, 0, 0, 3.65%, 0, 0, 12, 3537.91, 2394, 50042797
1605763896, 63, 216, 611, 0, 0, 3.65%, 0, 0, 12, 3532.39, 2394, 50061104
1605763901, 63, 329, 611, 0, 0, 3.65%, 0, 0, 12, 3548.73, 2394, 50079365
1605763906, 63, 507, 611, 0, 0, 3.65%, 0, 0, 12, 3503.58, 2394, 50097373
1605763912, 63, 545, 611, 0, 0, 3.65%, 0, 0, 12, 3430.66, 2394, 50114822
1605763917, 63, 605, 611, 0, 0, 3.65%, 0, 0, 12, 3331.77, 2394, 50131784
1605763922, 64, 49, 611, 0, 0, 3.65%, 0, 0, 12, 3580.90, 2394, 50150485
1605763927, 64, 89, 611, 0, 0, 3.65%, 0, 0, 12, 3511.72, 2394, 50168485
1605763932, 64, 186, 611, 0, 0, 3.65%, 0, 0, 12, 3495.68, 2394, 50186173
1605763937, 64, 268, 611, 0, 0, 3.65%, 0, 0, 12, 3559.55, 2394, 50204309
1605763942, 64, 385, 611, 0, 0, 3.65%, 0, 0, 12, 3499.53, 2394, 50222141
1605763947, 64, 579, 611, 0, 0, 3.65%, 0, 0, 12, 3493.43, 2394, 50240349
1605763953, 65, 36, 611, 0, 0, 3.65%, 0, 0, 12, 3576.16, 2394, 50259036
1605763958, 65, 77, 611, 0, 0, 3.65%, 0, 0, 12, 3436.70, 2394, 50276629
1605763963, 65, 133, 611, 0, 0, 3.65%, 0, 0, 12, 3512.35, 2394, 50294597
1605763968, 65, 255, 611, 0, 0, 3.65%, 0, 0, 12, 3524.59, 2394, 50312970
1605763973, 65, 371, 611, 0, 0, 3.65%, 0, 0, 12, 3546.41, 2394, 50331349
1605763978, 65, 569, 611, 0, 0, 3.65%, 0, 0, 12, 3460.81, 2394, 50349257
1605763983, 66, 3, 611, 0, 0, 3.65%, 0, 0, 12, 3479.98, 2394, 50366693
1605763988, 66, 58, 611, 0, 0, 3.65%, 0, 0, 12, 3522.46, 2394, 50384757
1605763994, 66, 102, 611, 0, 0, 3.65%, 0, 0, 12, 3607.24, 2394, 50403205
1605763999, 66, 211, 611, 0, 0, 3.65%, 0, 0, 12, 3562.54, 2394, 50421675
1605764004, 66, 287, 611, 0, 0, 3.65%, 0, 0, 12, 3465.88, 2394, 50439117
1605764009, 66, 494, 611, 0, 0, 3.65%, 0, 0, 12, 3529.65, 2394, 50457229
1605764014, 66, 608, 611, 0, 0, 3.65%, 0, 0, 12, 3385.40, 2394, 50474906
1605764019, 67, 50, 611, 0, 0, 3.65%, 0, 0, 12, 3503.66, 2394, 50492932
1605764024, 67, 96, 611, 0, 0, 3.65%, 0, 0, 12, 3538.17, 2394, 50511173
1605764030, 67, 189, 611, 0, 0, 3.65%, 0, 0, 12, 3535.72, 2394, 50529404
1605764035, 67, 268, 611, 0, 0, 3.65%, 0, 0, 12, 3566.19, 2394, 50547789
1605764040, 67, 404, 611, 0, 0, 3.65%, 0, 0, 12, 3548.60, 2394, 50566004
1605764045, 67, 593, 611, 0, 0, 3.65%, 0, 0, 12, 3532.20, 2394, 50583884
1605764050, 68, 49, 611, 0, 0, 3.65%, 0, 0, 12, 3567.00, 2394, 50602149
1605764055, 68, 95, 611, 0, 0, 3.65%, 0, 0, 12, 3514.93, 2394, 50620133
1605764060, 68, 202, 611, 0, 0, 3.65%, 0, 0, 12, 3552.62, 2394, 50638509
1605764066, 68, 286, 611, 0, 0, 3.65%, 0, 0, 12, 3569.54, 2394, 50656853
1605764071, 68, 416, 611, 0, 0, 3.65%, 0, 0, 12, 3524.43, 2394, 50674805
1605764076, 68, 581, 611, 0, 0, 3.65%, 0, 0, 12, 3495.74, 2394, 50692345
1605764081, 69, 36, 611, 0, 0, 3.65%, 0, 0, 12, 3557.78, 2394, 50710795
1605764086, 69, 78, 611, 0, 0, 3.65%, 0, 0, 12, 3478.15, 2394, 50728669
1605764091, 69, 147, 611, 0, 0, 3.65%, 0, 0, 12, 3526.59, 2394, 50746960
1605764096, 69, 254, 611, 0, 0, 3.65%, 0, 0, 12, 3512.05, 2394, 50764861
1605764101, 69, 361, 611, 0, 0, 3.65%, 0, 0, 12, 3444.05, 2394, 50782501
1605764107, 69, 514, 611, 0, 0, 3.65%, 0, 0, 12, 3468.29, 2394, 50800357
1605764112, 70, 9, 611, 0, 0, 3.65%, 0, 0, 12, 3493.11, 2394, 50818437
1605764117, 70, 52, 611, 0, 0, 3.65%, 0, 0, 12, 3487.80, 2394, 50836461
1605764122, 70, 97, 611, 0, 0, 3.65%, 0, 0, 12, 3542.30, 2394, 50854637
1605764127, 70, 200, 611, 0, 0, 3.65%, 0, 0, 12, 3599.77, 2394, 50873102
1605764132, 70, 286, 611, 0, 0, 3.65%, 0, 0, 12, 3472.87, 2394, 50891077
1605764137, 70, 449, 611, 0, 0, 3.65%, 0, 0, 12, 3410.54, 2394, 50908373
1605764143, 70, 563, 611, 0, 0, 3.65%, 0, 0, 12, 3369.90, 2394, 50926162
1605764148, 71, 9, 611, 0, 0, 3.65%, 0, 0, 12, 3455.42, 2394, 50944317
1605764153, 71, 59, 611, 0, 0, 3.65%, 0, 0, 12, 3570.85, 2394, 50962621
1605764158, 71, 102, 611, 0, 0, 3.65%, 0, 0, 12, 3578.54, 2394, 50980957
1605764163, 71, 226, 611, 0, 0, 3.65%, 0, 0, 12, 3613.18, 2394, 50999477
1605764168, 71, 329, 611, 0, 0, 3.65%, 0, 0, 12, 3583.93, 2394, 51017724
1605764173, 71, 519, 611, 0, 0, 3.65%, 0, 0, 12, 3519.69, 2394, 51035997
1605764178, 72, 30, 611, 0, 0, 3.65%, 0, 0, 12, 3571.65, 2394, 51054365
1605764184, 72, 77, 611, 0, 0, 3.65%, 0, 0, 12, 3574.14, 2394, 51072636
1605764189, 72, 141, 611, 0, 0, 3.65%, 0, 0, 12, 3604.54, 2394, 51091157
1605764194, 72, 265, 611, 0, 0, 3.65%, 0, 0, 12, 3617.56, 2394, 51109573
1605764199, 72, 402, 611, 0, 0, 3.65%, 0, 0, 12, 3564.23, 2394, 51127709
1605764204, 72, 572, 611, 0, 0, 3.65%, 0, 0, 12, 3543.26, 2394, 51146048
1605764209, 73, 45, 611, 0, 0, 3.65%, 0, 0, 12, 3608.96, 2394, 51164397
1605764214, 73, 85, 611, 0, 0, 3.65%, 0, 0, 12, 3561.66, 2394, 51182677
1605764219, 73, 175, 611, 0, 0, 3.65%, 0, 0, 12, 3620.24, 2394, 51201165
1605764225, 73, 269, 611, 0, 0, 3.65%, 0, 0, 12, 3637.22, 2394, 51219686
1605764230, 73, 434, 611, 0, 0, 3.65%, 0, 0, 12, 3593.52, 2394, 51238165
1605764235, 74, 27, 611, 0, 0, 3.65%, 0, 0, 12, 3474.20, 2394, 51255971
1605764240, 74, 74, 611, 0, 0, 3.65%, 0, 0, 12, 3528.21, 2394, 51274132
1605764245, 74, 134, 611, 0, 0, 3.65%, 0, 0, 12, 3498.79, 2394, 51292133
1605764250, 74, 254, 611, 0, 0, 3.65%, 0, 0, 12, 3535.70, 2394, 51310381
1605764255, 74, 371, 611, 0, 0, 3.65%, 0, 0, 12, 3502.95, 2394, 51328288
1605764261, 74, 575, 611, 0, 0, 3.65%, 0, 0, 12, 3481.02, 2394, 51346487
1605764266, 74, 593, 611, 0, 0, 3.65%, 0, 0, 12, 3461.68, 2394, 51363957
1605764271, 75, 19, 611, 0, 0, 3.65%, 0, 0, 12, 3391.73, 2394, 51381209
1605764276, 75, 65, 611, 0, 0, 3.65%, 0, 0, 12, 3535.26, 2394, 51399605
1605764281, 75, 128, 611, 0, 0, 3.65%, 0, 0, 12, 3585.65, 2394, 51418075
1605764286, 75, 237, 611, 0, 0, 3.65%, 0, 0, 12, 3473.62, 2394, 51435528
1605764291, 75, 329, 611, 0, 0, 3.65%, 0, 0, 12, 3502.54, 2394, 51453685
1605764297, 75, 519, 611, 0, 0, 3.65%, 0, 0, 12, 3498.08, 2394, 51471957
1605764302, 76, 23, 611, 0, 0, 3.65%, 0, 0, 12, 3492.83, 2394, 51489173
1605764307, 76, 66, 611, 0, 0, 3.65%, 0, 0, 12, 3486.36, 2394, 51507067
1605764312, 76, 132, 611, 0, 0, 3.65%, 0, 0, 12, 3575.61, 2394, 51525525
1605764317, 76, 254, 611, 0, 0, 3.65%, 0, 0, 12, 3578.35, 2394, 51544075
1605764322, 76, 371, 611, 0, 0, 3.65%, 0, 0, 12, 3442.69, 2394, 51561194
1605764327, 76, 601, 611, 0, 0, 3.65%, 0, 0, 12, 3454.49, 2394, 51579029
1605764332, 77, 58, 611, 0, 0, 3.65%, 0, 0, 12, 3562.30, 2394, 51597469
1605764338, 77, 101, 611, 0, 0, 3.65%, 0, 0, 12, 3563.05, 2394, 51615678
1605764343, 77, 213, 611, 0, 0, 3.65%, 0, 0, 12, 3610.20, 2394, 51634149
1605764348, 77, 302, 611, 0, 0, 3.65%, 0, 0, 12, 3492.49, 2394, 51652077
1605764353, 77, 496, 611, 0, 0, 3.65%, 0, 0, 12, 3455.16, 2394, 51669805
1605764358, 77, 553, 611, 0, 0, 3.65%, 0, 0, 12, 3383.38, 2394, 51686797
1605764363, 78, 4, 611, 0, 0, 3.65%, 0, 0, 12, 3523.06, 2394, 51704589
1605764368, 78, 59, 611, 0, 0, 3.65%, 0, 0, 12, 3583.26, 2394, 51722933
1605764373, 78, 101, 611, 0, 0, 3.65%, 0, 0, 12, 3576.35, 2394, 51741253
1605764378, 78, 204, 611, 0, 0, 3.65%, 0, 0, 12, 3458.15, 2394, 51759181
1605764384, 78, 288, 611, 0, 0, 3.65%, 0, 0, 12, 3484.94, 2394, 51777293
1605764389, 78, 493, 611, 0, 0, 3.65%, 0, 0, 12, 3493.00, 2394, 51795525
1605764394, 78, 593, 611, 0, 0, 3.65%, 0, 0, 12, 3451.92, 2394, 51812768
1605764399, 79, 13, 611, 0, 0, 3.65%, 0, 0, 12, 3339.43, 2394, 51829148
1605764404, 79, 63, 611, 0, 0, 3.65%, 0, 0, 12, 3498.62, 2394, 51847328
1605764409, 79, 105, 611, 0, 0, 3.65%, 0, 0, 12, 3496.74, 2394, 51865189
1605764414, 79, 233, 611, 0, 0, 3.65%, 0, 0, 12, 3553.08, 2394, 51883477
1605764419, 79, 295, 611, 0, 0, 3.65%, 0, 0, 12, 3601.04, 2394, 51901853
1605764424, 79, 503, 611, 0, 0, 3.65%, 0, 0, 12, 3551.42, 2394, 51920229
1605764429, 79, 601, 612, 1, 0, 3.65%, 0, 0, 12, 3129.82, 2394, 51935596
1605764435, 80, 50, 612, 1, 0, 3.65%, 0, 0, 12, 3467.06, 2394, 51953781
1605764440, 80, 89, 612, 1, 0, 3.65%, 0, 0, 12, 3556.71, 2394, 51972285
1605764445, 80, 198, 612, 1, 0, 3.65%, 0, 0, 12, 3480.67, 2394, 51990189
1605764450, 80, 268, 612, 1, 0, 3.65%, 0, 0, 12, 3470.89, 2394, 52008173
1605764455, 80, 444, 612, 1, 0, 3.65%, 0, 0, 12, 3504.49, 2394, 52026293
1605764460, 80, 581, 612, 1, 0, 3.65%, 0, 0, 12, 3510.09, 2394, 52044620
1605764466, 80, 609, 612, 1, 0, 3.65%, 0, 0, 12, 3459.85, 2394, 52062362
1605764471, 80, 611, 612, 1, 0, 3.65%, 0, 0, 12, 1586.16, 2394, 52068450
1605764680, 80, 611, 613, 2, 0, 3.65%, 0, 0, 12, 809.59, 2394, 52216217
1605766911, 81, 29, 613, 1, 0, 3.65%, 0, 0, 12, 2434.12, 2394, 53963200
1605766917, 81, 74, 613, 1, 0, 3.65%, 0, 0, 12, 3331.25, 2394, 53981345
1605766922, 81, 134, 613, 1, 0, 3.65%, 0, 0, 12, 3420.57, 2394, 53998994
1605766927, 81, 250, 613, 1, 0, 3.65%, 0, 0, 12, 3387.61, 2394, 54016249
1605766932, 81, 361, 613, 1, 0, 3.65%, 0, 0, 12, 3436.89, 2394, 54034153
1605766937, 81, 565, 613, 1, 0, 3.65%, 0, 0, 12, 3422.73, 2394, 54051510
1605766942, 81, 601, 613, 1, 0, 3.65%, 0, 0, 12, 3405.74, 2394, 54068905
1605766947, 81, 608, 613, 1, 0, 3.65%, 0, 0, 12, 3370.39, 2394, 54085683
1605766952, 81, 612, 613, 1, 0, 3.65%, 0, 0, 12, 1433.90, 2394, 54090350
1605769398, 82, 4, 613, 0, 0, 3.65%, 0, 0, 12, 1528.24, 2394, 55978544
1605769404, 82, 53, 613, 0, 0, 3.65%, 0, 0, 12, 3128.28, 2394, 55996678
1605769409, 82, 98, 613, 0, 0, 3.65%, 0, 0, 12, 3453.08, 2394, 56014715
1605769414, 82, 203, 613, 0, 0, 3.65%, 0, 0, 12, 3527.70, 2394, 56032803
1605769419, 82, 288, 613, 0, 0, 3.65%, 0, 0, 12, 3549.03, 2394, 56050939
1605769424, 82, 483, 613, 0, 0, 3.65%, 0, 0, 12, 3490.74, 2394, 56068835
1605769429, 82, 604, 613, 0, 0, 3.65%, 0, 0, 12, 3513.09, 2394, 56087290
1605769434, 82, 606, 613, 0, 0, 3.65%, 0, 0, 12, 3169.34, 2394, 56102977
1605769439, 83, 52, 613, 0, 0, 3.65%, 0, 0, 12, 3359.05, 2394, 56120699
1605769445, 83, 96, 614, 1, 0, 3.65%, 0, 0, 12, 3459.25, 2394, 56138665
1605769450, 83, 201, 614, 1, 0, 3.65%, 0, 0, 12, 3514.99, 2394, 56156699
1605769455, 83, 287, 614, 1, 0, 3.65%, 0, 0, 12, 3553.49, 2394, 56174914
1605769460, 83, 517, 614, 1, 0, 3.65%, 0, 0, 12, 3521.26, 2394, 56192950
1605769465, 83, 593, 614, 1, 0, 3.65%, 0, 0, 12, 3470.77, 2394, 56210435
1605769470, 84, 3, 615, 2, 0, 3.65%, 0, 0, 12, 3397.03, 2394, 56227883
1605769475, 84, 58, 615, 2, 0, 3.65%, 0, 0, 12, 3465.46, 2394, 56245859
1605769480, 84, 98, 615, 2, 0, 3.65%, 0, 0, 12, 3521.25, 2394, 56264147
1605769485, 84, 214, 615, 2, 0, 3.65%, 0, 0, 12, 3569.63, 2394, 56282346
1605769491, 84, 317, 615, 2, 0, 3.65%, 0, 0, 12, 3500.19, 2394, 56300534
1605769496, 84, 523, 615, 2, 0, 3.65%, 0, 0, 12, 3356.16, 2394, 56317731
1605769501, 85, 30, 615, 2, 0, 3.65%, 0, 0, 12, 3407.18, 2394, 56335043
1605769506, 85, 73, 615, 2, 0, 3.65%, 0, 0, 12, 3506.02, 2394, 56352892
1605769511, 85, 130, 615, 2, 0, 3.65%, 0, 0, 12, 3475.46, 2394, 56370835
1605769516, 85, 250, 615, 2, 0, 3.65%, 0, 0, 12, 3548.38, 2394, 56389249
1605769522, 85, 361, 615, 2, 0, 3.65%, 0, 0, 12, 3527.12, 2394, 56407430
1605769527, 85, 501, 615, 2, 0, 3.65%, 0, 0, 12, 3433.71, 2394, 56425395
1605769532, 86, 3, 615, 2, 0, 3.65%, 0, 0, 12, 3450.19, 2394, 56442643
1605769537, 86, 52, 615, 2, 0, 3.65%, 0, 0, 12, 3536.83, 2394, 56460811
1605769542, 86, 97, 615, 2, 0, 3.65%, 0, 0, 12, 3515.54, 2394, 56478894
1605769547, 86, 203, 615, 2, 0, 3.65%, 0, 0, 12, 3554.16, 2394, 56497123
1605769552, 86, 286, 615, 2, 0, 3.65%, 0, 0, 12, 3524.90, 2394, 56515307
1605769557, 86, 485, 615, 2, 0, 3.65%, 0, 0, 12, 3579.59, 2394, 56533675
1605769563, 87, 14, 615, 2, 0, 3.65%, 0, 0, 12, 3486.54, 2394, 56551553
1605769568, 87, 62, 615, 2, 0, 3.65%, 0, 0, 12, 3456.12, 2394, 56569464
1605769573, 87, 105, 615, 2, 0, 3.65%, 0, 0, 12, 3509.58, 2394, 56587507
1605769578, 87, 213, 615, 2, 0, 3.65%, 0, 0, 12, 3529.84, 2394, 56605723
1605769583, 87, 302, 615, 2, 0, 3.65%, 0, 0, 12, 3525.39, 2394, 56623907
1605769588, 87, 483, 615, 2, 0, 3.65%, 0, 0, 12, 3465.13, 2394, 56641203
1605769594, 87, 608, 615, 2, 0, 3.65%, 0, 0, 12, 3441.73, 2394, 56659144
1605769599, 88, 52, 615, 2, 0, 3.65%, 0, 0, 12, 3531.08, 2394, 56677432
1605769604, 88, 95, 615, 2, 0, 3.65%, 0, 0, 12, 3495.06, 2394, 56694882
1605769609, 88, 200, 615, 2, 0, 3.65%, 0, 0, 12, 3546.65, 2394, 56713139
1605769614, 88, 287, 615, 2, 0, 3.65%, 0, 0, 12, 3544.15, 2394, 56731336
1605769619, 88, 404, 615, 2, 0, 3.65%, 0, 0, 12, 3515.95, 2394, 56749403
1605769624, 88, 604, 615, 2, 0, 3.65%, 0, 0, 12, 3483.10, 2394, 56767223
1605769629, 89, 19, 615, 2, 0, 3.65%, 0, 0, 12, 3512.19, 2394, 56784850
1605769634, 89, 62, 615, 2, 0, 3.65%, 0, 0, 12, 3499.20, 2394, 56802851
1605769640, 89, 102, 615, 2, 0, 3.65%, 0, 0, 12, 3361.53, 2394, 56820019
1605769645, 89, 222, 615, 2, 0, 3.65%, 0, 0, 12, 3453.88, 2394, 56838075
1605769650, 89, 314, 615, 2, 0, 3.65%, 0, 0, 12, 3529.24, 2394, 56856339
1605769655, 89, 496, 615, 2, 0, 3.65%, 0, 0, 12, 3387.79, 2394, 56874020
1605769660, 89, 608, 615, 2, 0, 3.65%, 0, 0, 12, 3401.38, 2394, 56891920
1605769665, 89, 613, 615, 2, 0, 3.65%, 0, 0, 12, 526.39, 2394, 56899558
1605774726, 89, 615, 616, 2, 0, 3.65%, 0, 0, 12, 803.20, 2394, 59703720
1605785034, 90, 9, 616, 1, 0, 3.65%, 0, 0, 12, 3382.88, 2394, 63756941
1605785039, 90, 53, 616, 1, 0, 3.65%, 0, 0, 12, 3440.48, 2394, 63774635
1605785044, 90, 97, 617, 2, 0, 3.65%, 0, 0, 12, 3521.51, 2394, 63792771
1605785049, 90, 186, 618, 3, 0, 3.65%, 0, 0, 12, 3557.56, 2394, 63810883
1605785055, 90, 283, 618, 3, 0, 3.65%, 0, 0, 12, 3534.72, 2394, 63829099
1605785060, 90, 404, 618, 3, 0, 3.65%, 0, 0, 12, 3355.67, 2394, 63846251
1605785065, 90, 592, 618, 3, 0, 3.65%, 0, 0, 12, 3394.18, 2394, 63863221
1605785070, 91, 3, 618, 3, 0, 3.65%, 0, 0, 12, 3444.21, 2394, 63880555
1605785075, 91, 59, 618, 3, 0, 3.65%, 0, 0, 12, 3556.15, 2394, 63898851
1605785080, 91, 101, 618, 3, 0, 3.65%, 0, 0, 12, 3573.95, 2394, 63917251
1605785085, 91, 201, 618, 3, 0, 3.65%, 0, 0, 12, 3485.43, 2394, 63935099
1605785090, 91, 287, 618, 3, 0, 3.65%, 0, 0, 12, 3543.84, 2394, 63953440
1605785096, 91, 485, 618, 3, 0, 3.65%, 0, 0, 12, 3491.14, 2394, 63971379
1605785101, 91, 605, 618, 3, 0, 3.65%, 0, 0, 12, 3463.28, 2394, 63988748
1605785106, 92, 50, 618, 3, 0, 3.65%, 0, 0, 12, 3568.08, 2394, 64007131
1605785111, 92, 89, 618, 3, 0, 3.65%, 0, 0, 12, 3426.65, 2394, 64024811
1605785116, 92, 186, 618, 3, 0, 3.65%, 0, 0, 12, 3500.73, 2394, 64042899
1605785121, 92, 286, 618, 3, 0, 3.65%, 0, 0, 12, 3575.49, 2394, 64061307
1605785126, 92, 443, 618, 3, 0, 3.65%, 0, 0, 12, 3589.07, 2394, 64079994
1605785131, 92, 567, 618, 3, 0, 3.65%, 0, 0, 12, 3369.09, 2394, 64097311
1605785136, 92, 602, 618, 3, 0, 3.65%, 0, 0, 12, 3349.28, 2394, 64113642
1605785142, 93, 45, 618, 3, 0, 3.65%, 0, 0, 12, 3504.12, 2394, 64131851
1605785147, 93, 84, 618, 3, 0, 3.65%, 0, 0, 12, 3491.58, 2394, 64149891
1605785152, 93, 198, 618, 3, 0, 3.65%, 0, 0, 12, 3507.83, 2394, 64167899
1605785157, 93, 273, 618, 3, 0, 3.65%, 0, 0, 12, 3557.12, 2394, 64186115
1605785162, 93, 404, 618, 3, 0, 3.65%, 0, 0, 12, 3550.51, 2394, 64204259
1605785167, 93, 603, 618, 3, 0, 3.65%, 0, 0, 12, 3430.62, 2394, 64222004
1605785172, 93, 614, 618, 3, 0, 3.65%, 0, 0, 12, 3172.24, 2394, 64237806
1605785177, 93, 616, 618, 2, 0, 3.65%, 0, 0, 12, 3375.16, 2394, 64254948
1605785188, 94, 19, 619, 2, 0, 3.65%, 0, 0, 12, 3438.72, 2394, 64289564
1605785193, 94, 64, 619, 2, 0, 3.65%, 0, 0, 12, 3472.32, 2394, 64307507
1605785198, 94, 106, 619, 2, 0, 3.65%, 0, 0, 12, 3524.34, 2394, 64325524
1605785203, 94, 222, 619, 2, 0, 3.65%, 0, 0, 12, 3575.99, 2394, 64343724
1605785208, 94, 305, 619, 2, 0, 3.65%, 0, 0, 12, 3507.64, 2394, 64361716
1605785213, 94, 503, 619, 2, 0, 3.65%, 0, 0, 12, 3470.59, 2394, 64379892
1605785218, 94, 582, 619, 2, 0, 3.65%, 0, 0, 12, 3465.53, 2394, 64397140
1605785223, 95, 29, 619, 2, 0, 3.65%, 0, 0, 12, 3520.22, 2394, 64415329
1605785228, 95, 73, 619, 2, 0, 3.65%, 0, 0, 12, 3547.01, 2394, 64433577
1605785234, 95, 132, 619, 2, 0, 3.65%, 0, 0, 12, 3528.91, 2394, 64451580
1605785239, 95, 254, 619, 2, 0, 3.65%, 0, 0, 12, 3532.05, 2394, 64469985
1605785244, 95, 364, 619, 2, 0, 3.65%, 0, 0, 12, 3513.32, 2394, 64488079
1605785249, 95, 519, 619, 2, 0, 3.65%, 0, 0, 12, 3456.76, 2394, 64506012
1605785254, 95, 601, 619, 2, 0, 3.65%, 0, 0, 12, 3381.34, 2394, 64522947
1605785259, 95, 617, 619, 2, 0, 3.65%, 0, 0, 12, 3409.37, 2394, 64539856
1605785264, 96, 31, 619, 1, 0, 3.65%, 0, 0, 12, 3502.98, 2394, 64558147
1605785270, 96, 75, 619, 1, 0, 3.65%, 0, 0, 12, 3498.10, 2394, 64576267
1605785275, 96, 134, 619, 1, 0, 3.65%, 0, 0, 12, 3572.51, 2394, 64594506
1605785280, 96, 251, 619, 1, 0, 3.65%, 0, 0, 12, 3532.51, 2394, 64612726
1605785285, 96, 361, 619, 1, 0, 3.65%, 0, 0, 12, 3503.07, 2394, 64630750
1605785290, 96, 561, 619, 1, 0, 3.65%, 0, 0, 12, 3495.22, 2394, 64648800
1605785295, 96, 588, 619, 1, 0, 3.65%, 0, 0, 12, 3393.11, 2394, 64665647
1605785300, 96, 601, 619, 1, 0, 3.65%, 0, 0, 12, 3530.02, 2394, 64683595
1605785305, 97, 50, 619, 1, 0, 3.65%, 0, 0, 12, 3541.40, 2394, 64701742
1605785311, 97, 87, 620, 2, 0, 3.65%, 0, 0, 12, 3501.15, 2394, 64719739
1605785316, 97, 202, 620, 2, 0, 3.65%, 0, 0, 12, 3568.23, 2394, 64738075
1605785321, 97, 287, 620, 2, 0, 3.65%, 0, 0, 12, 3531.71, 2394, 64756402
1605785326, 97, 483, 620, 2, 0, 3.65%, 0, 0, 12, 3514.48, 2394, 64774555
1605785331, 97, 607, 620, 2, 0, 3.65%, 0, 0, 12, 3499.28, 2394, 64792006
1605785336, 98, 3, 620, 2, 0, 3.65%, 0, 0, 12, 3273.72, 2394, 64808507
1605785341, 98, 59, 620, 2, 0, 3.65%, 0, 0, 12, 3495.53, 2394, 64826707
1605785346, 98, 99, 620, 2, 0, 3.65%, 0, 0, 12, 3514.59, 2394, 64844659
1605785351, 98, 213, 620, 2, 0, 3.65%, 0, 0, 12, 3527.02, 2394, 64862795
1605785357, 98, 302, 620, 2, 0, 3.65%, 0, 0, 12, 3546.22, 2394, 64881044
1605785362, 98, 484, 620, 2, 0, 3.65%, 0, 0, 12, 3529.09, 2394, 64899186
1605785367, 98, 584, 620, 2, 0, 3.65%, 0, 0, 12, 3493.76, 2394, 64917209
1605785372, 99, 45, 620, 2, 0, 3.65%, 0, 0, 12, 3573.23, 2394, 64935539
1605785377, 99, 78, 620, 2, 0, 3.65%, 0, 0, 12, 3507.27, 2394, 64953422
1605785382, 99, 185, 620, 2, 0, 3.65%, 0, 0, 12, 3608.40, 2394, 64971923
1605785387, 99, 273, 620, 2, 0, 3.65%, 0, 0, 12, 3616.19, 2394, 64990331
1605785393, 99, 377, 620, 2, 0, 3.65%, 0, 0, 12, 3465.25, 2394, 65008129
1605785398, 99, 593, 620, 2, 0, 3.65%, 0, 0, 12, 3436.79, 2394, 65025328
1605785403, 100, 31, 620, 2, 0, 3.65%, 0, 0, 12, 3357.70, 2394, 65041627
1605785408, 100, 75, 620, 2, 0, 3.65%, 0, 0, 12, 3514.02, 2394, 65059891
1605785413, 100, 137, 620, 2, 0, 3.65%, 0, 0, 12, 3504.94, 2394, 65077875
1605785418, 100, 255, 620, 2, 0, 3.65%, 0, 0, 12, 3528.59, 2394, 65096011
1605785423, 100, 404, 620, 2, 0, 3.65%, 0, 0, 12, 3528.75, 2394, 65114150
1605785428, 100, 593, 620, 2, 0, 3.65%, 0, 0, 12, 3470.67, 2394, 65131485
1605785433, 101, 49, 620, 2, 0, 3.65%, 0, 0, 12, 3543.59, 2394, 65149819
1605785438, 101, 89, 620, 2, 0, 3.65%, 0, 0, 12, 3548.25, 2394, 65167819
1605785444, 101, 191, 620, 2, 0, 3.65%, 0, 0, 12, 3542.13, 2394, 65186043
1605785449, 101, 273, 620, 2, 0, 3.65%, 0, 0, 12, 3561.16, 2394, 65204195
1605785454, 101, 479, 621, 3, 0, 3.65%, 0, 0, 12, 3495.67, 2394, 65222011
1605785459, 101, 597, 621, 3, 0, 3.65%, 0, 0, 12, 3370.60, 2394, 65239781
1605785464, 102, 38, 621, 3, 0, 3.65%, 0, 0, 12, 3523.65, 2394, 65258075
1605785469, 102, 80, 621, 3, 0, 3.65%, 0, 0, 12, 3521.42, 2394, 65276227
1605785474, 102, 155, 621, 3, 0, 3.65%, 0, 0, 12, 3543.16, 2394, 65294475
1605785480, 102, 265, 621, 3, 0, 3.65%, 0, 0, 12, 3565.28, 2394, 65312891
1605785485, 102, 382, 621, 3, 0, 3.65%, 0, 0, 12, 3509.49, 2394, 65330988
1605785490, 102, 578, 621, 3, 0, 3.65%, 0, 0, 12, 3469.44, 2394, 65348323
1605785495, 102, 601, 621, 3, 0, 3.65%, 0, 0, 12, 3434.92, 2394, 65365416
1605785500, 102, 618, 621, 3, 0, 3.65%, 0, 0, 12, 3238.43, 2394, 65382044
1605785510, 102, 618, 622, 4, 0, 3.65%, 0, 0, 12, 3353.90, 2394, 65416358
1605785515, 102, 620, 622, 3, 0, 3.65%, 0, 0, 12, 3507.20, 2394, 65434321
1605785521, 103, 3, 622, 2, 0, 3.65%, 0, 0, 12, 3589.84, 2394, 65452659
1605785526, 103, 54, 622, 2, 0, 3.65%, 0, 0, 12, 3545.10, 2394, 65470699
1605785531, 103, 99, 622, 2, 0, 3.65%, 0, 0, 12, 3532.16, 2394, 65488939
1605785536, 103, 213, 622, 2, 0, 3.65%, 0, 0, 12, 3582.17, 2394, 65507315
1605785541, 103, 302, 622, 2, 0, 3.65%, 0, 0, 12, 3516.59, 2394, 65525379
1605785546, 103, 513, 622, 2, 0, 3.65%, 0, 0, 12, 3487.87, 2394, 65542830
1605785551, 103, 610, 622, 2, 0, 3.65%, 0, 0, 12, 3377.49, 2394, 65559587
1605785556, 103, 619, 622, 2, 0, 3.65%, 0, 0, 12, 3262.08, 2394, 65575836
1605785572, 104, 58, 622, 1, 0, 3.65%, 0, 0, 12, 3480.45, 2394, 65628184
1605785577, 104, 99, 622, 1, 0, 3.65%, 0, 0, 12, 3551.21, 2394, 65646478
1605785582, 104, 213, 622, 1, 0, 3.65%, 0, 0, 12, 3554.33, 2394, 65664559
1605785587, 104, 295, 622, 1, 0, 3.65%, 0, 0, 12, 3523.70, 2394, 65682798
1605785592, 104, 501, 622, 1, 0, 3.65%, 0, 0, 12, 3516.74, 2394, 65701015
1605785597, 105, 23, 622, 1, 0, 3.65%, 0, 0, 12, 3495.91, 2394, 65719042
1605785602, 105, 66, 622, 1, 0, 3.65%, 0, 0, 12, 3522.66, 2394, 65737270
1605785608, 105, 125, 622, 1, 0, 3.65%, 0, 0, 12, 3521.91, 2394, 65755167
1605785613, 105, 247, 622, 1, 0, 3.65%, 0, 0, 12, 3532.46, 2394, 65773447
1605785618, 105, 361, 622, 1, 0, 3.65%, 0, 0, 12, 3520.01, 2394, 65791631
1605785623, 105, 611, 622, 1, 0, 3.65%, 0, 0, 12, 3470.85, 2394, 65809026
1605785628, 105, 621, 622, 1, 0, 3.65%, 0, 0, 12, 3013.33, 2394, 65823521
1605785659, 106, 9, 622, 0, 0, 3.65%, 0, 0, 12, 3277.08, 2394, 65917352
1605785664, 106, 61, 622, 0, 0, 3.65%, 0, 0, 12, 3454.68, 2394, 65935408
1605785669, 106, 101, 622, 0, 0, 3.65%, 0, 0, 12, 3520.02, 2394, 65953456
1605785674, 106, 211, 622, 0, 0, 3.65%, 0, 0, 12, 3545.92, 2394, 65971528
1605785679, 106, 294, 622, 0, 0, 3.65%, 0, 0, 12, 3512.55, 2394, 65989635
1605785684, 106, 463, 622, 0, 0, 3.65%, 0, 0, 12, 3507.56, 2394, 66007824
1605785689, 106, 604, 622, 0, 0, 3.65%, 0, 0, 12, 3351.94, 2394, 66024834
1605785695, 107, 48, 622, 0, 0, 3.65%, 0, 0, 12, 3517.06, 2394, 66043096
1605785700, 107, 85, 622, 0, 0, 3.65%, 0, 0, 12, 3524.54, 2394, 66061096
1605785705, 107, 186, 622, 0, 0, 3.65%, 0, 0, 12, 3540.06, 2394, 66079213
1605785710, 107, 273, 622, 0, 0, 3.65%, 0, 0, 12, 3557.91, 2394, 66097544
1605785715, 107, 404, 622, 0, 0, 3.65%, 0, 0, 12, 3533.94, 2394, 66115720
1605785720, 107, 536, 622, 0, 0, 3.65%, 0, 0, 12, 3474.08, 2394, 66133038
1605785725, 108, 29, 622, 0, 0, 3.65%, 0, 0, 12, 3535.64, 2394, 66151288
1605785731, 108, 74, 622, 0, 0, 3.65%, 0, 0, 12, 3458.82, 2394, 66169232
1605785736, 108, 133, 622, 0, 0, 3.65%, 0, 0, 12, 3494.55, 2394, 66187200
1605785741, 108, 246, 622, 0, 0, 3.65%, 0, 0, 12, 3581.83, 2394, 66205608
1605785746, 108, 342, 622, 0, 0, 3.65%, 0, 0, 12, 3539.72, 2394, 66223552
1605785751, 108, 537, 622, 0, 0, 3.65%, 0, 0, 12, 3489.80, 2394, 66241472
1605785756, 109, 13, 622, 0, 0, 3.65%, 0, 0, 12, 3501.82, 2394, 66258912
1605785761, 109, 61, 622, 0, 0, 3.65%, 0, 0, 12, 3525.18, 2394, 66276856
1605785766, 109, 102, 622, 0, 0, 3.65%, 0, 0, 12, 3530.62, 2394, 66295064
1605785771, 109, 206, 622, 0, 0, 3.65%, 0, 0, 12, 3561.41, 2394, 66313312
1605785777, 109, 295, 622, 0, 0, 3.65%, 0, 0, 12, 3520.67, 2394, 66331336
1605785782, 109, 511, 622, 0, 0, 3.65%, 0, 0, 12, 3512.56, 2394, 66349392
1605785787, 109, 610, 622, 0, 0, 3.65%, 0, 0, 12, 3379.83, 2394, 66366901
1605785792, 110, 29, 623, 1, 0, 3.65%, 0, 0, 12, 3401.66, 2394, 66383608
1605785797, 110, 74, 623, 1, 0, 3.65%, 0, 0, 12, 3472.96, 2394, 66401696
1605785802, 110, 137, 623, 1, 0, 3.65%, 0, 0, 12, 3472.15, 2394, 66419520
1605785807, 110, 248, 623, 1, 0, 3.65%, 0, 0, 12, 3557.67, 2394, 66437736
1605785813, 110, 361, 623, 1, 0, 3.65%, 0, 0, 12, 3494.35, 2394, 66455643
1605785818, 110, 533, 623, 1, 0, 3.65%, 0, 0, 12, 3518.52, 2394, 66473915
1605785823, 110, 601, 623, 1, 0, 3.65%, 0, 0, 12, 3503.79, 2394, 66491237
1605785828, 111, 46, 623, 1, 0, 3.65%, 0, 0, 12, 3617.62, 2394, 66509952
1605785833, 111, 83, 623, 1, 0, 3.65%, 0, 0, 12, 3535.63, 2394, 66528203
1605785838, 111, 182, 623, 1, 0, 3.65%, 0, 0, 12, 3474.93, 2394, 66546064
1605785843, 111, 268, 623, 1, 0, 3.65%, 0, 0, 12, 3553.65, 2394, 66564368
1605785849, 111, 374, 623, 1, 0, 3.65%, 0, 0, 12, 3492.79, 2394, 66582216
1605785854, 111, 577, 623, 1, 0, 3.65%, 0, 0, 12, 3513.44, 2394, 66600367
1605785859, 111, 610, 623, 1, 0, 3.65%, 0, 0, 12, 3434.67, 2394, 66618128
1605785864, 111, 622, 623, 1, 0, 3.65%, 0, 0, 12, 3246.70, 2394, 66634164
1605806196, 111, 622, 624, 2, 0, 3.65%, 0, 0, 12, 279.23, 2394, 71379131
1605814398, 112, 14, 624, 1, 0, 3.65%, 0, 0, 12, 2787.59, 2394, 73540445
1605814403, 112, 61, 624, 1, 0, 3.65%, 0, 0, 12, 3397.52, 2394, 73558517
1605814408, 112, 105, 624, 1, 0, 3.65%, 0, 0, 12, 3539.75, 2394, 73576917
1605814414, 112, 233, 624, 1, 0, 3.65%, 0, 0, 12, 3512.45, 2394, 73595146
1605814419, 112, 322, 624, 1, 0, 3.65%, 0, 0, 12, 3433.72, 2394, 73612277
1605814424, 112, 504, 624, 1, 0, 3.65%, 0, 0, 12, 3523.66, 2394, 73629934
1605814429, 112, 586, 624, 1, 0, 3.65%, 0, 0, 12, 3384.87, 2394, 73646968
1605814434, 112, 616, 624, 1, 0, 3.65%, 0, 0, 12, 3298.48, 2394, 73664197
1605814439, 113, 52, 624, 1, 0, 3.65%, 0, 0, 12, 3491.85, 2394, 73682381
1605814444, 113, 97, 624, 1, 0, 3.65%, 0, 0, 12, 3492.59, 2394, 73700392
1605814449, 113, 201, 624, 1, 0, 3.65%, 0, 0, 12, 3552.73, 2394, 73718660
1605814454, 113, 287, 624, 1, 0, 3.65%, 0, 0, 12, 3529.88, 2394, 73736973
1605814460, 113, 479, 624, 1, 0, 3.65%, 0, 0, 12, 3453.17, 2394, 73754925
1605814465, 113, 604, 624, 1, 0, 3.65%, 0, 0, 12, 3512.29, 2394, 73773284
1605814470, 114, 13, 624, 1, 0, 3.65%, 0, 0, 12, 3520.77, 2394, 73790957
1605814475, 114, 64, 624, 1, 0, 3.65%, 0, 0, 12, 3516.19, 2394, 73809228
1605814480, 114, 106, 624, 1, 0, 3.65%, 0, 0, 12, 3562.05, 2394, 73827429
1605814485, 114, 246, 624, 1, 0, 3.65%, 0, 0, 12, 3567.54, 2394, 73845733
1605814490, 114, 342, 624, 1, 0, 3.65%, 0, 0, 12, 3518.44, 2394, 73863972
1605814495, 114, 593, 624, 1, 0, 3.65%, 0, 0, 12, 3320.92, 2394, 73881117
1605814501, 115, 47, 624, 1, 0, 3.65%, 0, 0, 12, 3422.11, 2394, 73898733
1605814506, 115, 86, 624, 1, 0, 3.65%, 0, 0, 12, 3511.24, 2394, 73916741
1605814511, 115, 179, 624, 1, 0, 3.65%, 0, 0, 12, 3548.17, 2394, 73935020
1605814516, 115, 258, 624, 1, 0, 3.65%, 0, 0, 12, 3578.22, 2394, 73953445
1605814521, 115, 366, 624, 1, 0, 3.65%, 0, 0, 12, 3519.23, 2394, 73971421
1605814526, 115, 555, 624, 1, 0, 3.65%, 0, 0, 12, 3399.08, 2394, 73988450
1605814531, 116, 12, 624, 1, 0, 3.65%, 0, 0, 12, 3432.79, 2394, 74005538
1605814536, 116, 61, 624, 1, 0, 3.65%, 0, 0, 12, 3489.14, 2394, 74023565
1605814541, 116, 103, 624, 1, 0, 3.65%, 0, 0, 12, 3533.42, 2394, 74041757
1605814546, 116, 211, 624, 1, 0, 3.65%, 0, 0, 12, 3412.40, 2394, 74058930
1605814551, 116, 287, 624, 1, 0, 3.65%, 0, 0, 12, 3397.37, 2394, 74076013
1605814557, 116, 469, 624, 1, 0, 3.65%, 0, 0, 12, 3489.74, 2394, 74094157
1605814562, 116, 597, 624, 1, 0, 3.65%, 0, 0, 12, 3325.21, 2394, 74110864
1605814567, 116, 603, 624, 1, 0, 3.65%, 0, 0, 12, 3359.47, 2394, 74127674
1605814572, 117, 29, 624, 1, 0, 3.65%, 0, 0, 12, 3359.51, 2394, 74144301
1605814577, 117, 73, 624, 1, 0, 3.65%, 0, 0, 12, 3347.36, 2394, 74161516
1605814582, 117, 125, 624, 1, 0, 3.65%, 0, 0, 12, 3440.93, 2394, 74178757
1605814587, 117, 246, 624, 1, 0, 3.65%, 0, 0, 12, 3572.90, 2394, 74197069
1605814592, 117, 346, 624, 1, 0, 3.65%, 0, 0, 12, 3504.12, 2394, 74215180
1605814597, 117, 530, 624, 1, 0, 3.65%, 0, 0, 12, 3482.79, 2394, 74233237
1605814602, 117, 598, 624, 1, 0, 3.65%, 0, 0, 12, 3486.87, 2394, 74250779
1605814607, 117, 623, 624, 1, 0, 3.65%, 0, 0, 12, 240.33, 2394, 74260642
