# unix_time, cycles_done, cur_path, paths_total, pending_total, pending_favs, map_size, unique_crashes, unique_hangs, max_depth, execs_per_sec, edge_coverage, total_execs
1605368153, 0, 0, 169, 169, 26, 3.50%, 0, 0, 1, 190.93, 2297, 1352
1605368158, 0, 0, 255, 255, 26, 4.05%, 0, 0, 2, 1572.99, 2652, 8946
1605368163, 0, 0, 265, 265, 26, 4.05%, 0, 0, 2, 1457.83, 2657, 16401
1605368169, 0, 0, 266, 266, 26, 4.05%, 0, 0, 2, 1465.74, 2657, 24043
1605368174, 0, 0, 276, 276, 26, 4.06%, 0, 0, 2, 1482.34, 2659, 31690
1605368179, 0, 0, 280, 280, 26, 4.06%, 0, 0, 2, 1473.77, 2660, 39247
1605368184, 0, 0, 297, 297, 26, 4.07%, 0, 0, 2, 1576.27, 2669, 46993
1605368189, 0, 0, 302, 302, 26, 4.07%, 0, 0, 2, 1760.91, 2670, 56360
1605368194, 0, 0, 307, 307, 26, 4.08%, 0, 0, 2, 1787.70, 2672, 65535
1605368199, 0, 4, 314, 313, 87, 4.08%, 0, 0, 2, 1646.86, 2676, 73837
1605368204, 0, 4, 325, 324, 87, 4.08%, 0, 0, 2, 1427.86, 2676, 80476
1605368209, 0, 4, 326, 325, 87, 4.08%, 0, 0, 2, 1493.28, 2676, 88217
1605368214, 0, 4, 327, 326, 87, 4.08%, 0, 0, 2, 1551.00, 2677, 95997
1605368219, 0, 7, 335, 333, 87, 4.09%, 0, 0, 2, 1443.12, 2678, 103165
1605368224, 0, 7, 339, 337, 87, 4.09%, 0, 0, 2, 1138.46, 2678, 108569
1605368229, 0, 7, 362, 360, 87, 4.09%, 0, 0, 2, 1147.55, 2678, 114277
1605368260, 0, 7, 363, 361, 87, 4.09%, 0, 0, 2, 1250.23, 2678, 148252
1605368270, 0, 7, 365, 363, 87, 4.09%, 0, 0, 2, 1278.31, 2682, 159391
1605368280, 0, 8, 366, 363, 89, 4.09%, 0, 0, 2, 1427.82, 2682, 171822
1605368296, 0, 8, 367, 364, 89, 4.09%, 0, 0, 2, 1644.79, 2682, 196490
1605368301, 0, 8, 369, 366, 89, 4.09%, 0, 0, 2, 1764.21, 2682, 205754
1605368306, 0, 8, 370, 367, 89, 4.09%, 0, 0, 2, 1824.94, 2682, 215118
1605368311, 0, 9, 378, 374, 87, 4.11%, 0, 0, 2, 1668.36, 2692, 223647
1605368316, 0, 9, 379, 375, 87, 4.11%, 0, 0, 2, 1511.27, 2692, 231157
1605368331, 0, 9, 380, 376, 87, 4.14%, 0, 0, 2, 1634.87, 2713, 255507
1605368336, 0, 10, 381, 376, 90, 4.14%, 0, 0, 2, 1539.52, 2715, 262939
1605368372, 0, 12, 384, 378, 90, 4.15%, 0, 0, 2, 1473.56, 2717, 314679
1605368382, 0, 12, 385, 379, 90, 4.15%, 0, 0, 2, 1523.30, 2717, 329842
1605368387, 0, 12, 386, 380, 90, 4.15%, 0, 0, 2, 1447.31, 2719, 336757
1605368392, 0, 13, 388, 381, 92, 4.15%, 0, 0, 2, 1146.13, 2719, 342906
1605368448, 0, 13, 389, 382, 92, 4.15%, 0, 0, 2, 759.20, 2719, 378615
1605368489, 0, 13, 391, 384, 92, 4.15%, 0, 0, 2, 929.35, 2719, 405155
1605368835, 0, 13, 392, 385, 92, 4.15%, 0, 0, 2, 1156.12, 2719, 631333
1605369145, 0, 15, 392, 384, 92, 4.15%, 0, 0, 2, 829.25, 2719, 832778
1605369150, 0, 15, 395, 387, 92, 4.15%, 0, 0, 2, 726.49, 2720, 836652
1605369247, 0, 15, 396, 388, 92, 4.15%, 0, 0, 2, 436.39, 2720, 881518
1605369350, 0, 15, 398, 390, 92, 4.15%, 0, 0, 2, 636.31, 2720, 930626
1605369819, 0, 15, 399, 391, 92, 4.15%, 0, 0, 2, 440.76, 2720, 1151596
1605370401, 0, 15, 400, 392, 92, 4.15%, 0, 0, 2, 743.78, 2720, 1429309
1605370753, 0, 16, 400, 391, 93, 4.15%, 0, 0, 2, 695.20, 2720, 1600069
1605370758, 0, 16, 408, 399, 93, 4.17%, 0, 0, 2, 1362.72, 2733, 1607931
1605370778, 0, 16, 409, 400, 93, 4.17%, 0, 0, 2, 1491.31, 2736, 1638795
1605370783, 0, 21, 412, 402, 99, 4.18%, 0, 0, 2, 1412.31, 2741, 1646175
1605370814, 0, 21, 413, 403, 99, 4.19%, 0, 0, 2, 669.75, 2744, 1665414
1605371357, 0, 21, 415, 405, 99, 4.19%, 0, 0, 2, 861.64, 2748, 2000988
1605371362, 0, 21, 416, 406, 99, 4.20%, 0, 0, 2, 1168.44, 2752, 2007074
1605371521, 0, 23, 421, 410, 99, 4.21%, 0, 0, 2, 869.94, 2758, 2103467
1605371988, 0, 23, 422, 411, 99, 4.21%, 0, 0, 2, 816.13, 2760, 2465183
1605371993, 0, 24, 423, 411, 102, 4.21%, 0, 0, 2, 1040.07, 2760, 2471077
1605372248, 0, 24, 424, 412, 102, 4.21%, 0, 0, 2, 1150.70, 2760, 2702638
1605372324, 0, 25, 425, 412, 101, 4.21%, 0, 0, 2, 874.35, 2760, 2767311
1605372329, 0, 25, 428, 415, 101, 4.21%, 0, 0, 2, 877.51, 2760, 2771755
1605372334, 0, 25, 429, 416, 101, 4.21%, 0, 0, 2, 904.96, 2760, 2776278
1605372365, 0, 25, 430, 417, 101, 4.21%, 0, 0, 2, 844.20, 2762, 2801996
1605372370, 0, 25, 436, 423, 101, 4.21%, 0, 0, 2, 1001.58, 2762, 2807247
1605372513, 0, 25, 437, 424, 101, 4.21%, 0, 0, 2, 854.66, 2762, 2928734
1605372625, 0, 25, 438, 425, 101, 4.21%, 0, 0, 2, 1027.74, 2762, 3029986
1605372712, 0, 32, 480, 466, 102, 4.33%, 0, 0, 2, 1049.39, 2838, 3103477
1605372717, 0, 32, 490, 476, 102, 4.38%, 0, 0, 2, 1063.33, 2868, 3109608
1605372722, 0, 32, 493, 479, 102, 4.39%, 0, 0, 2, 1232.25, 2875, 3116321
1605372727, 0, 32, 494, 480, 102, 4.39%, 0, 0, 2, 1247.30, 2877, 3122622
1605372737, 0, 32, 495, 481, 102, 4.39%, 0, 0, 2, 1329.35, 2877, 3135315
1605372743, 0, 32, 513, 499, 102, 4.41%, 0, 0, 2, 1003.97, 2890, 3141551
1605372748, 0, 32, 518, 504, 102, 4.41%, 0, 0, 2, 1269.81, 2893, 3147747
1605372753, 0, 32, 523, 509, 102, 4.42%, 0, 0, 2, 1285.33, 2894, 3154112
1605372758, 0, 32, 525, 511, 102, 4.42%, 0, 0, 2, 1428.01, 2896, 3161372
1605372763, 0, 32, 531, 517, 102, 4.42%, 0, 0, 2, 1314.12, 2896, 3167772
1605372768, 0, 32, 532, 518, 102, 4.42%, 0, 0, 2, 1314.21, 2896, 3174316
1605372773, 0, 32, 541, 527, 102, 4.42%, 0, 0, 2, 1624.92, 2897, 3183119
1605372778, 0, 32, 543, 529, 102, 4.42%, 0, 0, 2, 1699.88, 2897, 3191767
1605372783, 0, 32, 546, 532, 102, 4.43%, 0, 0, 2, 1700.37, 2901, 3200351
1605372788, 0, 38, 546, 531, 158, 4.43%, 0, 0, 2, 1584.94, 2901, 3208579
1605372835, 0, 78, 549, 533, 157, 4.43%, 0, 0, 2, 129.80, 2901, 3265969
1605372850, 0, 78, 552, 536, 157, 4.43%, 0, 0, 2, 131.20, 2904, 3267885
1605372876, 0, 78, 553, 537, 157, 4.43%, 0, 0, 2, 157.41, 2904, 3271337
1605372916, 0, 78, 555, 539, 157, 4.43%, 0, 0, 2, 165.88, 2904, 3276803
1605373009, 0, 78, 556, 540, 157, 4.43%, 0, 0, 2, 119.35, 2904, 3289715
1605373257, 0, 78, 557, 541, 157, 4.43%, 0, 0, 2, 137.19, 2904, 3323791
1605373457, 0, 78, 560, 544, 157, 4.43%, 0, 0, 2, 137.54, 2906, 3352394
1605373569, 0, 78, 561, 545, 157, 4.43%, 0, 0, 2, 109.90, 2906, 3368155
1605373641, 0, 78, 562, 546, 157, 4.43%, 0, 0, 2, 341.83, 2906, 3377386
1605374007, 0, 80, 594, 577, 159, 4.44%, 0, 0, 2, 1543.91, 2910, 3436849
1605374017, 0, 80, 601, 584, 159, 4.44%, 0, 0, 2, 1574.16, 2910, 3452312
1605374027, 0, 81, 606, 588, 160, 4.44%, 0, 0, 2, 1509.13, 2912, 3467803
1605374033, 0, 81, 615, 597, 160, 4.44%, 0, 0, 2, 1522.06, 2912, 3475479
1605374048, 0, 81, 616, 598, 160, 4.44%, 0, 0, 2, 1505.59, 2912, 3497182
1605374063, 0, 82, 619, 600, 161, 4.44%, 0, 0, 2, 1469.24, 2912, 3519594
1605374068, 0, 82, 625, 606, 161, 4.44%, 0, 0, 2, 1480.87, 2912, 3526921
1605374104, 0, 86, 643, 623, 161, 4.46%, 0, 0, 2, 1467.95, 2921, 3578281
1605374119, 0, 88, 643, 622, 162, 4.46%, 0, 0, 2, 1530.89, 2921, 3602137
1605374124, 0, 88, 648, 627, 162, 4.46%, 0, 0, 2, 1417.93, 2924, 3608964
1605374129, 0, 88, 652, 631, 162, 4.46%, 0, 0, 2, 1334.66, 2924, 3615713
1605374170, 0, 107, 652, 630, 163, 4.46%, 0, 0, 2, 1236.67, 2924, 3669871
1605374185, 0, 107, 655, 633, 163, 4.46%, 0, 0, 2, 842.52, 2924, 3682641
1605374200, 0, 107, 656, 634, 163, 4.46%, 0, 0, 2, 821.33, 2924, 3695280
1605374221, 0, 107, 662, 640, 163, 4.46%, 0, 0, 2, 887.62, 2924, 3712779
1605374573, 0, 121, 670, 647, 163, 4.50%, 0, 0, 2, 1055.57, 2948, 4008065
1605374583, 0, 121, 671, 648, 163, 4.50%, 0, 0, 2, 1317.28, 2948, 4020648
1605374594, 0, 121, 672, 649, 163, 4.50%, 0, 0, 2, 1309.85, 2948, 4033858
1605374604, 0, 121, 673, 650, 163, 4.50%, 0, 0, 2, 1298.98, 2948, 4046447
1605374609, 0, 121, 674, 651, 163, 4.50%, 0, 0, 2, 1298.22, 2948, 4053199
1605374619, 0, 121, 676, 653, 163, 4.50%, 0, 0, 2, 1316.40, 2949, 4066701
1605374629, 0, 124, 676, 652, 165, 4.50%, 0, 0, 2, 1345.96, 2949, 4080172
1605374675, 0, 141, 676, 651, 165, 4.50%, 0, 0, 2, 1399.76, 2949, 4140385
1605374680, 0, 141, 679, 654, 165, 4.52%, 0, 0, 2, 800.18, 2959, 4144051
1605374706, 0, 141, 681, 656, 165, 4.52%, 0, 0, 2, 657.30, 2963, 4160823
1605375491, 0, 141, 683, 658, 165, 4.53%, 0, 0, 2, 663.86, 2968, 4673211
1605375501, 0, 143, 696, 670, 170, 4.53%, 0, 0, 2, 392.42, 2968, 4678412
1605375507, 0, 143, 714, 688, 170, 4.55%, 0, 0, 2, 210.12, 2985, 4679228
1605375512, 0, 143, 734, 708, 170, 4.62%, 0, 0, 2, 162.12, 3031, 4679999
1605375517, 0, 143, 757, 731, 170, 4.69%, 0, 0, 2, 149.90, 3071, 4680736
1605375522, 0, 143, 765, 739, 170, 4.71%, 0, 0, 2, 332.64, 3085, 4682488
1605375841, 0, 143, 767, 741, 170, 4.71%, 0, 0, 2, 155.99, 3090, 4746860
1605375851, 0, 143, 773, 747, 170, 4.75%, 0, 0, 2, 141.77, 3110, 4748288
1605375856, 0, 143, 774, 748, 170, 4.75%, 0, 0, 2, 386.75, 3110, 4749316
1605375861, 0, 143, 777, 751, 170, 4.75%, 0, 0, 2, 215.83, 3110, 4750164
1605375866, 0, 143, 791, 765, 170, 4.77%, 0, 0, 2, 165.44, 3129, 4750932
1605375872, 0, 143, 792, 766, 170, 4.78%, 0, 0, 2, 357.38, 3130, 4752713
1605376187, 0, 143, 794, 768, 170, 4.78%, 0, 0, 2, 153.99, 3133, 4817166
1605376197, 0, 143, 795, 769, 170, 4.78%, 0, 0, 2, 142.99, 3133, 4818604
1605376212, 0, 143, 797, 771, 170, 4.79%, 0, 0, 2, 177.51, 3136, 4821351
1605376537, 0, 143, 798, 772, 170, 4.79%, 0, 0, 2, 143.87, 3136, 4888701
1605376623, 0, 143, 799, 773, 170, 4.79%, 0, 0, 2, 197.07, 3137, 4906580
1605376629, 0, 143, 800, 774, 170, 4.79%, 0, 0, 2, 260.31, 3137, 4908066
1605376669, 0, 143, 801, 775, 170, 4.79%, 0, 0, 2, 169.26, 3137, 4917215
1605376725, 0, 143, 806, 780, 170, 4.79%, 0, 0, 2, 159.35, 3137, 4926954
1605376745, 0, 143, 809, 783, 170, 4.79%, 0, 0, 2, 162.90, 3140, 4929990
1605376750, 0, 143, 811, 785, 170, 4.79%, 0, 0, 2, 146.57, 3140, 4930707
1605378943, 0, 143, 812, 786, 170, 4.80%, 0, 0, 2, 170.14, 3145, 5388060
1605379537, 0, 143, 813, 787, 170, 4.80%, 0, 0, 2, 171.86, 3145, 5503730
1605379542, 0, 143, 820, 794, 170, 4.80%, 0, 0, 2, 174.15, 3149, 5504695
1605379796, 0, 143, 825, 799, 170, 4.80%, 0, 0, 2, 171.72, 3149, 5557133
1605379806, 0, 143, 827, 801, 170, 4.81%, 0, 0, 2, 268.61, 3152, 5559052
1605380963, 0, 143, 828, 802, 170, 4.81%, 0, 0, 2, 142.89, 3152, 5798091
1605381004, 0, 143, 829, 803, 170, 4.81%, 0, 0, 2, 142.20, 3152, 5807490
1605382806, 0, 143, 830, 804, 170, 4.82%, 0, 0, 2, 1018.70, 3156, 6182848
1605382811, 0, 143, 832, 806, 170, 4.82%, 0, 0, 2, 302.48, 3156, 6184589
1605382837, 0, 143, 833, 807, 170, 4.82%, 0, 0, 2, 317.17, 3158, 6191071
1605382842, 0, 143, 836, 810, 170, 4.82%, 0, 0, 2, 179.43, 3158, 6191809
1605382852, 0, 143, 839, 813, 170, 4.82%, 0, 0, 2, 166.18, 3158, 6193372
1605382857, 0, 143, 840, 814, 170, 4.83%, 0, 0, 2, 181.48, 3163, 6194472
1605382868, 0, 143, 841, 815, 170, 4.83%, 0, 0, 2, 269.85, 3163, 6197093
1605384753, 0, 143, 842, 816, 170, 4.83%, 0, 0, 2, 180.43, 3166, 6605560
1605384758, 0, 143, 843, 817, 170, 4.83%, 0, 0, 2, 151.48, 3166, 6606309
1605384849, 0, 143, 845, 819, 170, 4.83%, 0, 0, 2, 422.29, 3167, 6620701
1605384854, 0, 143, 849, 823, 170, 4.83%, 0, 0, 2, 529.56, 3167, 6623561
1605384860, 0, 143, 852, 826, 170, 4.83%, 0, 0, 2, 554.97, 3167, 6626487
1605384865, 0, 143, 853, 827, 170, 4.83%, 0, 0, 2, 559.71, 3167, 6629278
1605384870, 0, 143, 856, 830, 170, 4.83%, 0, 0, 2, 552.34, 3167, 6632063
1605384895, 0, 168, 858, 831, 246, 4.83%, 0, 0, 2, 394.54, 3167, 6645498
1605384972, 0, 168, 859, 832, 246, 4.83%, 0, 0, 2, 424.03, 3167, 6655274
1605385545, 0, 168, 861, 834, 246, 4.83%, 0, 0, 2, 125.77, 3167, 6748862
1605386199, 0, 168, 862, 835, 246, 4.83%, 0, 0, 2, 124.37, 3167, 6852033
1605387078, 0, 168, 863, 836, 246, 4.83%, 0, 0, 2, 167.98, 3167, 6994644
1605387084, 0, 168, 864, 837, 246, 4.83%, 0, 0, 2, 159.25, 3167, 6995753
1605392907, 0, 168, 865, 838, 246, 4.83%, 0, 0, 2, 185.83, 3167, 7911126
1605393496, 0, 168, 867, 840, 246, 4.83%, 0, 0, 2, 137.67, 3167, 8003976
1605395687, 0, 168, 869, 842, 246, 4.83%, 0, 0, 2, 115.19, 3167, 8363467
1605402681, 0, 172, 870, 841, 245, 4.83%, 0, 0, 3, 1930.37, 3167, 9541584
1605402686, 0, 174, 871, 840, 243, 4.83%, 0, 0, 3, 1913.54, 3167, 9551240
1605402691, 0, 178, 871, 839, 242, 4.83%, 0, 0, 3, 1863.68, 3167, 9560560
1605402726, 0, 179, 871, 838, 241, 4.83%, 0, 0, 3, 1735.75, 3167, 9615388
1605402732, 0, 180, 871, 837, 240, 4.83%, 0, 0, 3, 1794.13, 3167, 9624415
1605402737, 0, 182, 871, 836, 239, 4.83%, 0, 0, 3, 1835.71, 3167, 9633885
1605402747, 0, 183, 871, 835, 238, 4.83%, 0, 0, 3, 1795.76, 3167, 9652512
1605402752, 0, 184, 871, 834, 237, 4.83%, 0, 0, 3, 1862.05, 3167, 9662071
1605402757, 0, 185, 871, 833, 236, 4.83%, 0, 0, 3, 1868.37, 3167, 9671379
1605402762, 0, 186, 871, 832, 235, 4.83%, 0, 0, 3, 1870.00, 3167, 9680819
1605402767, 0, 187, 871, 831, 234, 4.83%, 0, 0, 3, 1881.18, 3167, 9690373
1605402777, 0, 188, 871, 830, 233, 4.83%, 0, 0, 3, 1881.98, 3167, 9708952
1605402782, 0, 189, 871, 829, 232, 4.83%, 0, 0, 3, 1873.56, 3167, 9718559
1605402788, 0, 190, 871, 828, 231, 4.83%, 0, 0, 3, 1784.74, 3167, 9727771
1605402798, 0, 196, 871, 827, 230, 4.83%, 0, 0, 3, 1617.22, 3167, 9745098
1605402828, 0, 196, 874, 830, 230, 4.84%, 0, 0, 3, 1575.64, 3169, 9790897
1605402844, 0, 197, 874, 829, 231, 4.84%, 0, 0, 3, 1802.33, 3169, 9818218
1605402849, 0, 198, 874, 828, 230, 4.84%, 0, 0, 3, 1769.66, 3169, 9827209
1605402859, 0, 205, 874, 827, 229, 4.84%, 0, 0, 3, 1680.63, 3169, 9844927
1605402894, 0, 206, 875, 827, 228, 4.84%, 0, 0, 3, 1609.48, 3169, 9898111
1605402930, 0, 208, 875, 826, 227, 4.84%, 0, 0, 3, 1617.48, 3169, 9951435
1605402945, 0, 210, 875, 825, 226, 4.84%, 0, 0, 3, 1693.07, 3169, 9977924
1605402961, 0, 215, 875, 824, 225, 4.84%, 0, 0, 3, 1681.05, 3169, 10004278
1605402976, 0, 219, 875, 823, 224, 4.84%, 0, 0, 3, 1683.31, 3169, 10030268
1605402996, 0, 222, 875, 822, 223, 4.84%, 0, 0, 3, 1603.49, 3169, 10062543
1605403032, 0, 223, 875, 821, 222, 4.84%, 0, 0, 3, 1497.65, 3169, 10115647
1605403068, 0, 224, 875, 820, 221, 4.84%, 0, 0, 3, 1617.28, 3169, 10169131
1605403083, 0, 240, 875, 819, 220, 4.84%, 0, 0, 3, 1669.28, 3169, 10194405
1605403114, 0, 240, 876, 820, 220, 4.84%, 0, 0, 3, 1461.21, 3169, 10239848
1605403119, 0, 241, 876, 819, 220, 4.84%, 0, 0, 3, 1619.94, 3169, 10248078
1605403134, 0, 242, 877, 819, 219, 4.84%, 0, 0, 3, 1725.10, 3169, 10274056
1605403145, 0, 245, 877, 818, 218, 4.84%, 0, 0, 3, 1836.15, 3169, 10292800
1605403150, 0, 247, 877, 817, 217, 4.84%, 0, 0, 3, 1807.02, 3169, 10302099
1605403170, 0, 251, 877, 816, 216, 4.84%, 0, 0, 3, 1743.72, 3169, 10333839
1605403175, 0, 257, 877, 815, 215, 4.84%, 0, 0, 3, 1600.49, 3169, 10341736
1605403205, 0, 259, 877, 814, 214, 4.84%, 0, 0, 3, 1638.93, 3169, 10387685
1605403216, 0, 264, 877, 813, 213, 4.84%, 0, 0, 3, 1625.61, 3169, 10405547
1605403246, 0, 269, 877, 812, 212, 4.84%, 0, 0, 3, 1705.28, 3169, 10451471
1605403251, 0, 271, 877, 811, 211, 4.84%, 0, 0, 3, 1784.52, 3169, 10460701
1605403271, 0, 281, 877, 810, 210, 4.84%, 0, 0, 3, 1781.51, 3169, 10495278
1605403276, 0, 284, 877, 809, 209, 4.84%, 0, 0, 3, 1807.12, 3169, 10504392
1605403292, 0, 285, 878, 809, 208, 4.84%, 0, 0, 3, 1683.06, 3169, 10530412
1605403307, 0, 285, 880, 811, 208, 4.84%, 0, 0, 3, 1672.07, 3169, 10556022
1605403312, 0, 305, 881, 810, 206, 4.84%, 0, 0, 3, 1637.54, 3169, 10564041
1605403317, 0, 305, 882, 811, 206, 4.84%, 0, 0, 3, 1675.11, 3169, 10572754
1605403327, 0, 309, 882, 810, 207, 4.84%, 0, 0, 3, 1606.06, 3169, 10589452
1605403353, 0, 322, 882, 809, 206, 4.84%, 0, 0, 3, 1527.73, 3169, 10627344
1605403373, 0, 326, 882, 808, 205, 4.84%, 0, 0, 3, 1621.53, 3169, 10658167
1605403388, 0, 332, 882, 807, 204, 4.84%, 0, 0, 3, 1384.00, 3169, 10682243
1605403454, 0, 366, 882, 806, 203, 4.84%, 0, 0, 3, 1277.62, 3169, 10751621
1605403459, 0, 366, 883, 807, 203, 4.84%, 0, 0, 3, 1600.19, 3169, 10760058
1605403469, 0, 367, 884, 807, 202, 4.84%, 0, 0, 3, 1729.85, 3169, 10777569
1605403490, 0, 368, 884, 806, 201, 4.84%, 0, 0, 3, 121.43, 3169, 10810832
1605403510, 0, 369, 884, 805, 200, 4.84%, 0, 0, 3, 1726.82, 3169, 10844539
1605403526, 0, 370, 884, 804, 199, 4.84%, 0, 0, 3, 1698.59, 3169, 10870358
1605403541, 0, 371, 884, 803, 198, 4.84%, 0, 0, 3, 1536.27, 3169, 10895188
1605403562, 0, 373, 885, 803, 198, 4.84%, 0, 0, 3, 1605.68, 3169, 10926478
1605403587, 0, 375, 885, 802, 197, 4.84%, 0, 0, 3, 1594.05, 3169, 10966276
1605403613, 0, 376, 886, 802, 196, 4.84%, 0, 0, 3, 1601.13, 3169, 11006304
1605403633, 0, 377, 886, 801, 196, 4.84%, 0, 0, 3, 1572.93, 3169, 11038855
1605403658, 0, 379, 887, 801, 195, 4.84%, 0, 0, 3, 1611.88, 3169, 11078679
1605403663, 0, 379, 888, 802, 195, 4.84%, 0, 0, 3, 1543.50, 3169, 11086178
1605403684, 0, 380, 888, 801, 194, 4.84%, 0, 0, 3, 1474.35, 3169, 11117033
1605403720, 0, 381, 888, 800, 193, 4.84%, 0, 0, 3, 1384.16, 3169, 11166454
1605403740, 0, 383, 888, 799, 192, 4.84%, 0, 0, 3, 1493.21, 3169, 11194955
1605403760, 0, 385, 888, 798, 191, 4.84%, 0, 0, 3, 1554.22, 3169, 11225483
1605403781, 0, 386, 889, 798, 191, 4.84%, 0, 0, 3, 1565.48, 3169, 11255530
1605403847, 0, 392, 889, 797, 190, 4.84%, 0, 0, 3, 1142.93, 3169, 11330151
1605403948, 0, 394, 889, 796, 189, 4.84%, 0, 0, 3, 1074.77, 3169, 11427876
1605405575, 0, 400, 889, 795, 188, 4.84%, 0, 0, 3, 1287.60, 3169, 12198008
1605405600, 0, 401, 889, 794, 187, 4.84%, 0, 0, 3, 1595.55, 3169, 12236348
1605405616, 0, 403, 889, 793, 186, 4.84%, 0, 0, 3, 1633.35, 3169, 12262296
1605405641, 0, 403, 890, 794, 186, 4.84%, 0, 0, 3, 1345.49, 3169, 12300205
1605405646, 0, 404, 890, 793, 185, 4.84%, 0, 0, 3, 1576.42, 3169, 12308763
1605405677, 0, 406, 890, 792, 184, 4.84%, 0, 0, 3, 1612.62, 3169, 12355653
1605405702, 0, 407, 891, 792, 183, 4.84%, 0, 0, 3, 1572.14, 3169, 12394957
1605405708, 0, 407, 892, 793, 183, 4.84%, 0, 0, 3, 172.82, 3169, 12402338
1605405723, 0, 407, 893, 794, 183, 4.84%, 0, 0, 3, 1616.23, 3171, 12426427
1605405733, 0, 408, 893, 793, 184, 4.84%, 0, 0, 3, 1609.65, 3171, 12442423
1605405754, 0, 409, 893, 792, 183, 4.84%, 0, 0, 3, 1537.24, 3171, 12473848
1605405779, 0, 409, 894, 793, 183, 4.84%, 0, 0, 3, 1451.56, 3171, 12511594
1605405784, 0, 412, 894, 792, 183, 4.84%, 0, 0, 3, 1273.12, 3171, 12518191
1605406525, 0, 415, 894, 791, 182, 4.84%, 0, 0, 3, 660.27, 3171, 12974915
1605407262, 0, 417, 894, 790, 181, 4.84%, 0, 0, 3, 848.30, 3171, 13430017
1605407736, 0, 418, 894, 789, 180, 4.84%, 0, 0, 3, 871.43, 3171, 13795546
1605408205, 0, 419, 894, 788, 179, 4.84%, 0, 0, 3, 936.78, 3171, 14158391
1605408680, 0, 422, 894, 787, 178, 4.84%, 0, 0, 3, 1078.12, 3171, 14524204
1605408725, 0, 429, 894, 786, 177, 4.84%, 0, 0, 3, 1390.31, 3171, 14586262
1605409118, 0, 436, 894, 785, 176, 4.84%, 0, 0, 3, 1172.58, 3171, 14927464
1605409408, 0, 442, 894, 784, 175, 4.84%, 0, 0, 3, 1106.27, 3171, 15264553
1605409464, 0, 443, 894, 783, 174, 4.84%, 0, 0, 3, 1500.09, 3171, 15338210
1605409484, 0, 446, 894, 782, 173, 4.84%, 0, 0, 3, 1591.85, 3171, 15371367
1605409546, 0, 447, 894, 781, 172, 4.84%, 0, 0, 3, 1318.86, 3171, 15449551
1605409601, 0, 447, 897, 784, 172, 4.84%, 0, 0, 3, 1608.37, 3171, 15522713
1605409607, 0, 447, 898, 785, 172, 4.84%, 0, 0, 3, 1708.04, 3171, 15531670
1605409612, 0, 447, 901, 788, 172, 4.84%, 0, 0, 3, 1721.66, 3171, 15540534
1605409617, 0, 449, 904, 790, 172, 4.84%, 0, 0, 3, 1593.94, 3173, 15548807
1605409648, 0, 449, 906, 792, 172, 4.84%, 0, 0, 3, 1308.68, 3175, 15587630
1605409653, 0, 449, 907, 793, 172, 4.85%, 0, 0, 3, 1307.81, 3176, 15594583
1605409673, 0, 450, 907, 792, 176, 4.85%, 0, 0, 3, 1405.63, 3176, 15621700
1605409729, 0, 451, 907, 791, 175, 4.85%, 0, 0, 3, 1416.76, 3176, 15694589
1605409735, 0, 451, 908, 792, 175, 4.85%, 0, 0, 3, 1314.49, 3177, 15701286
1605409786, 0, 452, 908, 791, 175, 4.85%, 0, 0, 3, 1423.63, 3177, 15767736
1605409796, 0, 452, 910, 793, 175, 4.85%, 0, 0, 3, 1410.00, 3179, 15780999
1605409846, 0, 453, 910, 792, 176, 4.85%, 0, 0, 3, 1323.52, 3179, 15846084
1605409898, 0, 453, 911, 793, 176, 4.85%, 0, 0, 3, 1341.67, 3179, 15912591
1605409903, 0, 454, 911, 792, 176, 4.85%, 0, 0, 3, 1364.90, 3179, 15919777
1605409959, 0, 456, 911, 791, 175, 4.85%, 0, 0, 3, 1318.48, 3179, 15992899
1605410015, 0, 457, 911, 790, 174, 4.85%, 0, 0, 3, 1345.86, 3179, 16066169
1605410071, 0, 458, 912, 790, 173, 4.85%, 0, 0, 3, 1424.60, 3179, 16139822
1605410128, 0, 458, 914, 792, 173, 4.85%, 0, 0, 3, 1566.98, 3179, 16213044
1605410133, 0, 459, 914, 791, 173, 4.85%, 0, 0, 3, 1411.95, 3179, 16220346
1605410189, 0, 461, 914, 790, 172, 4.85%, 0, 0, 3, 1348.13, 3179, 16293242
1605410246, 0, 464, 914, 789, 171, 4.85%, 0, 0, 3, 1345.60, 3179, 16365970
1605410302, 0, 466, 914, 788, 170, 4.85%, 0, 0, 3, 1355.30, 3179, 16438803
1605410358, 0, 468, 914, 787, 169, 4.85%, 0, 0, 3, 1352.27, 3179, 16510908
1605410414, 0, 469, 914, 786, 168, 4.85%, 0, 0, 3, 1376.55, 3179, 16583346
1605410471, 0, 470, 914, 785, 167, 4.85%, 0, 0, 3, 1374.02, 3179, 16656269
1605410527, 0, 471, 914, 784, 166, 4.85%, 0, 0, 3, 1380.13, 3179, 16729271
1605410584, 0, 472, 914, 783, 165, 4.85%, 0, 0, 3, 1397.53, 3179, 16802111
1605410640, 0, 473, 914, 782, 164, 4.85%, 0, 0, 3, 1402.09, 3179, 16874880
1605410696, 0, 474, 914, 781, 163, 4.85%, 0, 0, 3, 1403.64, 3179, 16948036
1605410753, 0, 476, 914, 780, 162, 4.85%, 0, 0, 3, 1417.78, 3179, 17021064
1605410809, 0, 477, 914, 779, 161, 4.85%, 0, 0, 3, 1401.43, 3179, 17094112
1605410865, 0, 477, 915, 780, 161, 4.85%, 0, 0, 3, 1422.21, 3179, 17166201
1605410870, 0, 481, 915, 779, 161, 4.85%, 0, 0, 3, 1376.14, 3179, 17173399
1605410926, 0, 483, 915, 778, 160, 4.85%, 0, 0, 3, 1329.17, 3179, 17246414
1605410982, 0, 487, 916, 778, 159, 4.85%, 0, 0, 3, 1395.41, 3179, 17319516
1605411039, 0, 488, 916, 777, 158, 4.85%, 0, 0, 3, 1420.75, 3179, 17393202
1605411075, 0, 491, 916, 776, 157, 4.85%, 0, 0, 3, 1528.71, 3179, 17443061
1605411121, 0, 491, 917, 777, 157, 4.85%, 0, 0, 3, 1402.76, 3179, 17501965
1605411136, 0, 492, 917, 776, 158, 4.85%, 0, 0, 3, 1301.07, 3179, 17521698
1605411192, 0, 495, 917, 775, 157, 4.85%, 0, 0, 3, 1303.65, 3179, 17593282
1605411248, 0, 496, 917, 774, 156, 4.85%, 0, 0, 3, 1364.62, 3179, 17664978
1605411304, 0, 497, 917, 773, 155, 4.85%, 0, 0, 3, 1504.31, 3179, 17737693
1605411330, 0, 497, 918, 774, 155, 4.85%, 0, 0, 3, 1739.90, 3179, 17777189
1605411335, 0, 509, 918, 773, 155, 4.85%, 0, 0, 3, 1401.21, 3179, 17784005
1605411391, 0, 510, 918, 772, 154, 4.85%, 0, 0, 3, 1333.71, 3179, 17856203
1605411421, 0, 510, 919, 773, 154, 4.85%, 0, 0, 3, 1324.64, 3179, 17893781
1605411447, 0, 511, 919, 772, 154, 4.85%, 0, 0, 3, 1375.50, 3179, 17928149
1605411504, 0, 512, 919, 771, 153, 4.85%, 0, 0, 3, 1378.12, 3179, 18001207
1605411535, 0, 512, 920, 772, 153, 4.85%, 0, 0, 3, 1324.71, 3179, 18039902
1605411560, 0, 513, 921, 772, 152, 4.85%, 0, 0, 3, 1520.23, 3179, 18073660
1605411601, 0, 518, 922, 772, 151, 4.85%, 0, 0, 3, 1372.75, 3179, 18129555
1605411657, 0, 530, 923, 772, 151, 4.85%, 0, 0, 3, 1480.00, 3180, 18202406
1605411672, 0, 530, 924, 773, 151, 4.85%, 0, 0, 3, 1430.57, 3180, 18224033
1605411698, 0, 535, 924, 772, 150, 4.85%, 0, 0, 3, 1440.02, 3180, 18259840
1605411754, 0, 536, 924, 771, 149, 4.85%, 0, 0, 3, 1419.44, 3180, 18333820
1605411794, 0, 537, 924, 770, 149, 4.85%, 0, 0, 3, 1641.06, 3180, 18392099
1605411815, 0, 538, 924, 769, 148, 4.85%, 0, 0, 3, 1545.53, 3180, 18425665
1605411840, 0, 538, 926, 771, 148, 4.85%, 0, 0, 3, 1690.09, 3180, 18465519
1605411845, 0, 542, 926, 770, 147, 4.85%, 0, 0, 3, 1613.54, 3180, 18473958
1605411881, 0, 543, 926, 769, 146, 4.85%, 0, 0, 3, 1549.02, 3180, 18526672
1605411896, 0, 543, 927, 770, 146, 4.85%, 0, 0, 3, 1663.79, 3180, 18552039
1605411901, 0, 544, 928, 770, 145, 4.86%, 0, 0, 3, 1670.85, 3182, 18560285
1605411937, 0, 549, 928, 769, 145, 4.86%, 0, 0, 3, 84.95, 3182, 18611160
1605411948, 0, 549, 929, 770, 145, 4.86%, 0, 0, 3, 54.16, 3182, 18611802
1605413402, 0, 551, 929, 769, 145, 4.86%, 0, 0, 3, 931.70, 3182, 18775158
1605413458, 0, 557, 930, 769, 145, 4.86%, 0, 0, 3, 160.35, 3182, 18848438
1605414056, 0, 557, 931, 770, 145, 4.86%, 0, 0, 3, 192.16, 3182, 18934340
1605414587, 0, 562, 931, 769, 144, 4.86%, 0, 0, 3, 728.14, 3182, 19014134
1605414608, 0, 563, 931, 768, 144, 4.86%, 0, 0, 3, 1646.30, 3182, 19046389
1605414633, 0, 593, 940, 776, 143, 4.86%, 0, 0, 3, 1605.30, 3182, 19086204
1605414643, 0, 593, 942, 778, 143, 4.86%, 0, 0, 3, 1605.57, 3182, 19102310
1605414653, 0, 599, 942, 777, 143, 4.86%, 0, 0, 3, 1650.90, 3182, 19118278
1605414674, 0, 601, 942, 776, 142, 4.86%, 0, 0, 3, 1567.16, 3182, 19150986
1605414679, 0, 601, 944, 778, 142, 4.86%, 0, 0, 3, 1555.62, 3182, 19158928
1605414709, 0, 619, 944, 777, 142, 4.86%, 0, 0, 3, 1482.87, 3182, 19204122
1605414745, 0, 635, 945, 777, 141, 4.86%, 0, 0, 3, 1517.96, 3182, 19256096
1605414750, 0, 635, 960, 792, 141, 4.86%, 0, 0, 3, 1533.50, 3185, 19264242
1605414766, 0, 642, 967, 798, 142, 4.86%, 0, 0, 3, 1650.91, 3186, 19289531
1605414781, 0, 643, 967, 797, 143, 4.86%, 0, 0, 3, 1616.65, 3186, 19313853
1605414832, 0, 646, 967, 796, 142, 4.86%, 0, 0, 3, 1431.31, 3186, 19385462
1605414878, 0, 650, 968, 796, 141, 4.86%, 0, 0, 3, 1433.02, 3186, 19453069
1605414883, 0, 650, 971, 799, 141, 4.86%, 0, 0, 3, 1357.70, 3186, 19460305
1605414924, 0, 652, 971, 798, 141, 4.86%, 0, 0, 3, 1215.62, 3186, 19516770
1605414974, 0, 652, 973, 800, 141, 4.86%, 0, 0, 3, 897.45, 3186, 19560506
1605415310, 0, 663, 973, 799, 140, 4.86%, 0, 0, 3, 1286.73, 3186, 19855645
1605415326, 0, 667, 973, 798, 139, 4.86%, 0, 0, 3, 1462.19, 3186, 19880069
1605415382, 0, 674, 973, 797, 138, 4.86%, 0, 0, 3, 1350.35, 3186, 19952449
1605415423, 0, 674, 974, 798, 138, 4.86%, 0, 0, 3, 1406.61, 3186, 20005561
1605415433, 0, 676, 974, 797, 137, 4.86%, 0, 0, 3, 1353.27, 3186, 20019444
1605416256, 0, 677, 974, 796, 136, 4.86%, 0, 0, 3, 763.61, 3186, 20556782
1605417076, 0, 678, 974, 795, 135, 4.86%, 0, 0, 3, 844.88, 3186, 21092229
1605417894, 0, 680, 974, 794, 134, 4.86%, 0, 0, 3, 824.91, 3186, 21627732
1605418712, 0, 681, 974, 793, 133, 4.86%, 0, 0, 3, 1084.08, 3186, 22165212
1605419524, 0, 696, 974, 792, 132, 4.86%, 0, 0, 3, 440.45, 3186, 22698775
1605426933, 0, 696, 975, 793, 132, 4.86%, 0, 0, 3, 199.39, 3187, 24212712
1605428932, 0, 697, 975, 792, 132, 4.86%, 0, 0, 3, 384.70, 3187, 24640004
1605438371, 0, 699, 975, 791, 131, 4.86%, 0, 0, 3, 431.44, 3187, 26581351
1605447800, 0, 699, 977, 793, 131, 4.86%, 0, 0, 3, 306.99, 3187, 28521876
1605447805, 0, 700, 977, 792, 130, 4.86%, 0, 0, 3, 494.69, 3187, 28524621
