# unix_time, cycles_done, cur_path, paths_total, pending_total, pending_favs, map_size, unique_crashes, unique_hangs, max_depth, execs_per_sec, edge_coverage, total_execs
1601778699, 0, 0, 3, 3, 3, 7.69%, 0, 0, 1, 16.08 0 24
1601778704, 0, 0, 4, 4, 3, 7.69%, 0, 0, 2, 26.92 5040 176
1601778709, 0, 0, 19, 19, 3, 7.91%, 0, 0, 2, 31.06 5186 326
1601778714, 0, 0, 31, 31, 3, 7.94%, 0, 0, 2, 31.89 5205 485
1601778719, 0, 0, 42, 42, 3, 8.03%, 0, 0, 2, 27.88 5263 622
1601778724, 0, 0, 45, 45, 3, 8.09%, 0, 0, 2, 27.08 5305 759
1601778729, 0, 0, 52, 52, 3, 8.14%, 0, 0, 2, 26.80 5332 895
1601778734, 0, 0, 60, 60, 3, 8.33%, 0, 0, 2, 26.17 5458 1027
1601778740, 0, 0, 68, 68, 3, 8.35%, 0, 0, 2, 26.20 5474 1163
1601778745, 0, 0, 69, 69, 3, 8.35%, 0, 0, 2, 26.49 5475 1299
1601778750, 0, 0, 74, 74, 3, 8.35%, 0, 0, 2, 26.41 5475 1435
1601778755, 0, 0, 77, 77, 3, 8.36%, 0, 0, 2, 26.54 5476 1572
1601778760, 0, 0, 78, 78, 3, 8.36%, 0, 0, 2, 26.27 5478 1707
1601778770, 0, 0, 89, 89, 3, 8.40%, 0, 0, 2, 26.10 5505 1969
1601778776, 0, 0, 99, 99, 3, 8.51%, 0, 0, 2, 25.85 5576 2104
1601778781, 0, 0, 108, 108, 3, 8.62%, 0, 0, 2, 28.45 5651 2246
1601778786, 0, 0, 117, 117, 3, 8.66%, 0, 0, 2, 26.90 5673 2383
1601778791, 0, 0, 123, 123, 3, 8.67%, 0, 0, 2, 26.41 5680 2520
1601778806, 0, 0, 124, 124, 3, 8.67%, 0, 0, 2, 26.30 5680 2915
1601778817, 0, 0, 130, 130, 3, 8.67%, 0, 0, 2, 26.28 5685 3183
1601778822, 0, 0, 137, 137, 3, 8.72%, 0, 0, 2, 26.31 5715 3317
1601778827, 0, 0, 151, 151, 3, 8.75%, 0, 0, 2, 26.13 5734 3452
1601778832, 0, 0, 163, 163, 3, 8.77%, 0, 0, 2, 25.84 5745 3585
1601778837, 0, 0, 169, 169, 3, 8.78%, 0, 0, 2, 24.79 5752 3712
1601778842, 0, 0, 172, 172, 3, 8.80%, 0, 0, 2, 29.49 5765 3856
1601778847, 0, 0, 179, 179, 3, 8.81%, 0, 0, 2, 28.67 5776 4005
1601778852, 0, 0, 183, 183, 3, 8.82%, 0, 0, 2, 27.00 5782 4143
1601778858, 0, 0, 184, 184, 3, 8.82%, 0, 0, 2, 25.55 5783 4262
1601778863, 0, 0, 188, 188, 3, 8.87%, 0, 0, 2, 26.00 5812 4395
1601778878, 0, 0, 189, 189, 3, 8.87%, 0, 0, 2, 25.42 5812 4787
1601778894, 0, 0, 193, 193, 3, 8.90%, 0, 0, 2, 25.88 5830 5184
1601778899, 0, 0, 197, 197, 3, 8.91%, 0, 0, 2, 26.35 5839 5320
1601778904, 0, 0, 202, 202, 3, 8.94%, 0, 0, 2, 26.13 5862 5455
1601778909, 0, 0, 204, 204, 3, 8.95%, 0, 0, 2, 26.03 5864 5591
1601778914, 0, 0, 205, 205, 3, 8.95%, 0, 0, 2, 26.34 5864 5725
1601778929, 0, 0, 207, 207, 3, 9.09%, 0, 0, 2, 25.83 5958 6121
1601778934, 0, 0, 214, 214, 3, 10.06%, 0, 0, 2, 25.61 6593 6252
1601778940, 0, 0, 225, 225, 3, 10.07%, 0, 0, 2, 25.37 6601 6381
1601778945, 0, 0, 231, 231, 3, 10.07%, 0, 0, 2, 24.79 6602 6507
1601778950, 0, 0, 233, 233, 3, 10.08%, 0, 0, 2, 25.63 6604 6640
1601778955, 0, 0, 236, 236, 3, 10.12%, 0, 0, 2, 27.02 6629 6784
1601778960, 0, 0, 240, 240, 3, 10.15%, 0, 0, 2, 26.21 6649 6917
1601778965, 0, 0, 241, 241, 3, 10.15%, 0, 0, 2, 26.00 6652 7051
1601778970, 0, 0, 243, 243, 3, 10.15%, 0, 0, 2, 26.02 6655 7183
1601778981, 0, 0, 244, 244, 3, 10.15%, 0, 0, 2, 25.64 6655 7448
1601778986, 0, 0, 245, 245, 3, 10.15%, 0, 0, 2, 25.82 6655 7581
1601779001, 0, 0, 251, 251, 3, 10.17%, 0, 0, 2, 26.35 6665 7979
1601779006, 0, 0, 252, 252, 3, 10.17%, 0, 0, 2, 26.26 6668 8111
1601779011, 0, 0, 254, 254, 3, 10.22%, 0, 0, 2, 26.24 6701 8243
1601779042, 0, 0, 259, 259, 3, 10.23%, 0, 0, 2, 25.83 6702 9039
1601779047, 0, 0, 262, 262, 3, 10.23%, 0, 0, 2, 25.77 6706 9171
1601779063, 0, 0, 263, 263, 3, 10.23%, 0, 0, 2, 25.86 6706 9570
1601779068, 0, 0, 264, 264, 3, 10.23%, 0, 0, 2, 26.21 6706 9706
1601779073, 0, 0, 267, 267, 3, 10.23%, 0, 0, 2, 26.02 6706 9842
1601779078, 0, 0, 271, 271, 3, 10.23%, 0, 0, 2, 26.25 6706 9978
1601779083, 0, 0, 272, 272, 3, 10.23%, 0, 0, 2, 25.93 6706 10160
1601779089, 0, 0, 274, 274, 3, 10.27%, 0, 0, 2, 25.86 6729 10293
1601779094, 0, 0, 282, 282, 3, 10.29%, 0, 0, 2, 25.85 6746 10427
1601779109, 0, 0, 283, 283, 3, 10.30%, 0, 0, 2, 25.68 6748 10819
1601779114, 0, 0, 293, 293, 3, 10.33%, 0, 0, 2, 25.93 6767 10955
1601779124, 0, 0, 294, 294, 3, 10.34%, 0, 0, 2, 25.75 6774 11216
1601779129, 0, 0, 302, 302, 3, 10.36%, 0, 0, 2, 25.69 6792 11348
1601779135, 0, 0, 305, 305, 3, 10.37%, 0, 0, 2, 25.73 6793 11479
1601779176, 0, 0, 306, 306, 3, 10.37%, 0, 0, 2, 25.75 6794 12533
1601779181, 0, 0, 312, 312, 3, 10.44%, 0, 0, 2, 25.87 6844 12666
1601779201, 0, 0, 314, 314, 3, 10.61%, 0, 0, 2, 25.86 6956 13200
1601779206, 0, 0, 321, 321, 3, 10.81%, 0, 0, 2, 25.91 7087 13333
1601779212, 0, 0, 323, 323, 3, 10.81%, 0, 0, 2, 25.84 7087 13467
1601779346, 0, 0, 326, 326, 3, 10.82%, 0, 0, 2, 25.74 7092 16927
1601779351, 0, 0, 341, 341, 3, 10.89%, 0, 0, 2, 25.67 7134 17059
1601779356, 0, 0, 347, 347, 3, 10.91%, 0, 0, 2, 25.22 7150 17189
1601779361, 0, 0, 350, 350, 3, 10.93%, 0, 0, 2, 25.32 7165 17317
1601779371, 0, 0, 355, 355, 3, 10.94%, 0, 0, 2, 25.35 7172 17574
1601779382, 0, 0, 356, 356, 3, 10.95%, 0, 0, 2, 25.59 7173 17838
1601779387, 0, 0, 357, 357, 3, 10.95%, 0, 0, 2, 27.23 7173 17972
1601779407, 0, 0, 358, 358, 3, 10.95%, 0, 0, 2, 25.52 7174 18508
1601779428, 0, 0, 359, 359, 3, 10.96%, 0, 0, 2, 25.67 7180 19029
1601779474, 0, 0, 360, 360, 3, 10.96%, 0, 0, 2, 25.36 7180 20230
1601779494, 0, 0, 361, 361, 3, 10.96%, 0, 0, 2, 26.11 7181 20758
1601779500, 0, 0, 363, 363, 3, 10.96%, 0, 0, 2, 25.94 7185 20894
1601779505, 0, 0, 367, 367, 3, 10.97%, 0, 0, 2, 26.07 7192 21028
1601779525, 0, 0, 368, 368, 3, 10.97%, 0, 0, 2, 25.53 7192 21557
1601779536, 0, 0, 370, 370, 3, 10.98%, 0, 0, 2, 25.80 7198 21821
1601779541, 0, 0, 372, 372, 3, 10.98%, 0, 0, 2, 25.84 7198 21951
1601779720, 0, 0, 373, 373, 3, 10.98%, 0, 0, 2, 25.29 7198 26476
1601779797, 0, 0, 381, 381, 3, 10.98%, 0, 0, 2, 25.21 7198 28458
1601779909, 0, 0, 383, 383, 3, 10.98%, 0, 0, 2, 27.60 7198 31285
1601779919, 0, 0, 384, 384, 3, 10.98%, 0, 0, 2, 26.85 7198 31555
1601779955, 0, 0, 386, 386, 3, 10.98%, 0, 0, 2, 25.24 7198 32503
1601779985, 0, 0, 387, 387, 3, 10.98%, 0, 0, 2, 26.12 7198 33247
1601779991, 0, 0, 388, 388, 3, 10.99%, 0, 0, 2, 25.82 7201 33379
1601780037, 0, 0, 389, 389, 3, 10.99%, 0, 0, 2, 25.93 7201 34546
1601780047, 0, 0, 390, 390, 3, 10.99%, 0, 0, 2, 26.21 7202 34817
1601780052, 0, 0, 391, 391, 3, 10.99%, 0, 0, 2, 27.67 7202 34957
1601780063, 0, 0, 392, 392, 3, 10.99%, 0, 0, 2, 25.75 7202 35218
1601780073, 0, 0, 393, 393, 3, 10.99%, 0, 0, 2, 25.77 7202 35485
1601780083, 0, 0, 394, 394, 3, 10.99%, 0, 0, 2, 26.22 7202 35757
1601780088, 0, 0, 395, 395, 3, 10.99%, 0, 0, 2, 25.52 7202 35883
1601780093, 0, 0, 396, 396, 3, 10.99%, 0, 0, 2, 26.02 7202 36019
1601780104, 0, 0, 397, 397, 3, 10.99%, 0, 0, 2, 25.75 7202 36282
1601780109, 0, 0, 398, 398, 3, 10.99%, 0, 0, 2, 25.47 7202 36413
1601780119, 0, 0, 399, 399, 3, 10.99%, 0, 0, 2, 25.82 7202 36679
1601780160, 0, 0, 400, 400, 3, 11.00%, 0, 0, 2, 25.88 7207 37780
1601780212, 0, 0, 402, 402, 3, 11.00%, 0, 0, 2, 25.48 7208 39071
1601780217, 0, 0, 404, 404, 3, 11.00%, 0, 0, 2, 25.42 7211 39202
1601780330, 0, 0, 405, 405, 3, 11.00%, 0, 0, 2, 25.16 7211 42093
1601780376, 0, 0, 406, 406, 3, 11.00%, 0, 0, 2, 25.94 7211 43284
1601780438, 0, 0, 407, 407, 3, 11.00%, 0, 0, 2, 25.75 7211 44850
1601780443, 0, 0, 408, 408, 3, 11.00%, 0, 0, 2, 25.78 7211 44983
1601780448, 0, 0, 409, 409, 3, 11.00%, 0, 0, 2, 26.05 7211 45115
1601780453, 0, 0, 410, 410, 3, 11.00%, 0, 0, 2, 25.59 7211 45237
1601780463, 0, 0, 411, 411, 3, 11.00%, 0, 0, 2, 25.51 7211 45501
1601780489, 0, 0, 412, 412, 3, 11.00%, 0, 0, 2, 25.58 7211 46165
1601780494, 0, 0, 427, 427, 3, 11.00%, 0, 0, 2, 27.18 7211 46307
1601780499, 0, 0, 441, 441, 3, 11.00%, 0, 0, 2, 29.40 7211 46457
1601780504, 0, 0, 455, 455, 3, 11.01%, 0, 0, 2, 29.45 7213 46609
1601780509, 0, 0, 466, 466, 3, 11.04%, 0, 0, 2, 27.60 7234 46743
1601780514, 0, 0, 479, 479, 3, 11.04%, 0, 0, 2, 28.17 7235 46889
1601780520, 0, 0, 490, 490, 3, 11.04%, 0, 0, 2, 28.20 7237 47034
1601780525, 0, 0, 502, 502, 3, 11.05%, 0, 0, 2, 28.62 7239 47176
1601780530, 0, 0, 511, 511, 3, 11.05%, 0, 0, 2, 29.95 7242 47331
1601780535, 0, 0, 521, 521, 3, 11.05%, 0, 0, 2, 29.70 7245 47483
1601780540, 0, 0, 528, 528, 3, 11.06%, 0, 0, 2, 27.19 7250 47603
1601780545, 0, 0, 535, 535, 3, 11.06%, 0, 0, 2, 29.35 7251 47763
1601780550, 0, 0, 542, 542, 3, 11.07%, 0, 0, 2, 29.07 7252 47909
1601780555, 0, 0, 549, 549, 3, 11.48%, 0, 0, 2, 30.49 7525 48063
1601780560, 0, 0, 555, 555, 3, 11.50%, 0, 0, 2, 29.12 7534 48215
1601780566, 0, 0, 561, 561, 3, 11.51%, 0, 0, 2, 27.77 7541 48356
1601780571, 0, 0, 569, 569, 3, 11.51%, 0, 0, 2, 28.13 7542 48509
1601780576, 0, 0, 571, 571, 3, 11.51%, 0, 0, 2, 30.47 7542 48667
1601780581, 0, 0, 576, 576, 3, 11.51%, 0, 0, 2, 29.92 7542 48817
1601780586, 0, 0, 583, 583, 3, 11.51%, 0, 0, 2, 29.79 7542 48978
1601780591, 0, 0, 587, 587, 3, 11.51%, 0, 0, 2, 30.32 7545 49139
1601780596, 0, 0, 593, 593, 3, 11.51%, 0, 0, 2, 29.20 7546 49282
1601780601, 0, 0, 599, 599, 3, 11.51%, 0, 0, 2, 30.18 7546 49431
1601780606, 0, 0, 602, 602, 3, 11.51%, 0, 0, 2, 29.38 7546 49578
1601780611, 0, 0, 609, 609, 3, 11.52%, 0, 0, 2, 28.72 7547 49722
1601780616, 0, 0, 613, 613, 3, 11.52%, 0, 0, 2, 29.88 7548 49878
1601780622, 0, 0, 615, 615, 3, 11.53%, 0, 0, 2, 30.35 7555 50036
1601780627, 0, 0, 618, 618, 3, 11.53%, 0, 0, 2, 30.30 7557 50192
1601780632, 0, 0, 621, 621, 3, 11.53%, 0, 0, 2, 30.54 7557 50343
1601780637, 0, 0, 623, 623, 3, 11.53%, 0, 0, 2, 31.18 7557 50504
1601780642, 0, 0, 624, 624, 3, 11.53%, 0, 0, 2, 29.16 7557 50648
1601780647, 0, 0, 627, 627, 3, 11.53%, 0, 0, 2, 29.13 7557 50802
1601780652, 0, 0, 628, 628, 3, 11.53%, 0, 0, 2, 29.79 7557 50953
1601780657, 0, 0, 633, 633, 3, 11.53%, 0, 0, 2, 29.93 7557 51106
1601780662, 0, 1, 637, 636, 234, 11.54%, 0, 0, 2, 25.19 7564 51236
1601780744, 0, 1, 639, 638, 234, 11.62%, 0, 0, 2, 7.67 7616 51869
1601780750, 0, 1, 642, 641, 234, 11.62%, 0, 0, 2, 7.40 7616 51907
1601780755, 0, 1, 643, 642, 234, 11.62%, 0, 0, 2, 7.65 7616 51948
1601780765, 0, 1, 644, 643, 234, 11.62%, 0, 0, 2, 7.63 7616 52028
1601780770, 0, 1, 645, 644, 234, 11.62%, 0, 0, 2, 7.46 7616 52066
1601780775, 0, 1, 647, 646, 234, 11.62%, 0, 0, 2, 7.47 7616 52104
1601780786, 0, 1, 648, 647, 234, 11.62%, 0, 0, 2, 7.40 7616 52179
1601780796, 0, 1, 649, 648, 234, 11.62%, 0, 0, 2, 7.46 7616 52255
1601780801, 0, 1, 652, 651, 234, 11.62%, 0, 0, 2, 7.48 7616 52293
1601780816, 0, 1, 656, 655, 234, 11.62%, 0, 0, 2, 7.39 7616 52407
1601780821, 0, 1, 658, 657, 234, 11.62%, 0, 0, 2, 7.41 7616 52444
1601780827, 0, 1, 661, 660, 234, 11.62%, 0, 0, 2, 7.42 7616 52483
1601780857, 0, 1, 663, 662, 234, 11.62%, 0, 0, 2, 7.48 7616 52708
1601780893, 0, 1, 664, 663, 234, 11.62%, 0, 0, 2, 7.36 7616 52971
1601780934, 0, 1, 666, 665, 234, 11.62%, 0, 0, 2, 7.36 7616 53271
1601780944, 0, 1, 667, 666, 234, 11.62%, 0, 0, 2, 7.62 7616 53354
1601780955, 0, 1, 669, 668, 234, 11.65%, 0, 0, 2, 7.43 7632 53430
1601780965, 0, 1, 670, 669, 234, 11.65%, 0, 0, 2, 7.33 7632 53505
1601780970, 0, 1, 672, 671, 234, 11.65%, 0, 0, 2, 7.51 7633 53544
1601781047, 0, 1, 673, 672, 234, 11.65%, 0, 0, 2, 8.63 7633 54131
1601781052, 0, 1, 674, 673, 234, 11.65%, 0, 0, 2, 7.63 7633 54167
1601781068, 0, 1, 675, 674, 234, 11.65%, 0, 0, 2, 7.50 7633 54281
1601781083, 0, 1, 677, 676, 234, 11.65%, 0, 0, 2, 7.15 7633 54392
1601781088, 0, 1, 678, 677, 234, 11.65%, 0, 0, 2, 7.31 7633 54429
1601781108, 0, 1, 679, 678, 234, 11.65%, 0, 0, 2, 7.48 7633 54582
1601781119, 0, 1, 680, 679, 234, 11.65%, 0, 0, 2, 7.51 7633 54659
1601781129, 0, 1, 681, 680, 234, 11.65%, 0, 0, 2, 7.41 7633 54735
1601781144, 0, 1, 682, 681, 234, 11.65%, 0, 0, 2, 7.43 7633 54849
1601781150, 0, 1, 684, 683, 234, 11.65%, 0, 0, 2, 7.43 7633 54887
1601781160, 0, 1, 685, 684, 234, 11.65%, 0, 0, 2, 7.37 7634 54963
1601781165, 0, 1, 687, 686, 234, 11.65%, 0, 0, 2, 7.39 7634 55001
1601781186, 0, 1, 688, 687, 234, 11.65%, 0, 0, 2, 7.91 7634 55159
1601781217, 0, 1, 689, 688, 234, 11.65%, 0, 0, 2, 7.48 7634 55386
1601781227, 0, 1, 690, 689, 234, 11.65%, 0, 0, 2, 7.39 7634 55463
1601781232, 0, 1, 691, 690, 234, 11.65%, 0, 0, 2, 7.87 7634 55504
1601781237, 0, 1, 692, 691, 234, 11.65%, 0, 0, 2, 8.03 7634 55546
1601781248, 0, 1, 693, 692, 234, 11.65%, 0, 0, 2, 8.10 7634 55629
1601781273, 0, 1, 696, 695, 234, 11.65%, 0, 0, 2, 7.48 7636 55821
1601781304, 0, 1, 698, 697, 234, 11.65%, 0, 0, 2, 7.47 7636 56049
1601781314, 0, 1, 699, 698, 234, 11.65%, 0, 0, 2, 7.99 7636 56131
1601781325, 0, 1, 700, 699, 234, 11.69%, 0, 0, 2, 7.58 7664 56209
1601781335, 0, 1, 703, 702, 234, 11.70%, 0, 0, 2, 8.21 7665 56290
1601781340, 0, 1, 704, 703, 234, 11.72%, 0, 0, 2, 7.64 7680 56329
1601781350, 0, 1, 705, 704, 234, 11.72%, 0, 0, 2, 7.94 7680 56411
1601781355, 0, 1, 706, 705, 234, 11.72%, 0, 0, 2, 8.73 7680 56454
1601781366, 0, 1, 707, 706, 234, 11.72%, 0, 0, 2, 7.51 7681 56530
1601781371, 0, 1, 708, 707, 234, 11.72%, 0, 0, 2, 7.44 7682 56568
1601781396, 0, 1, 709, 708, 234, 11.72%, 0, 0, 2, 7.49 7682 56758
1601781412, 0, 1, 710, 709, 234, 11.72%, 0, 0, 2, 7.41 7682 56872
1601781458, 0, 1, 712, 711, 234, 11.72%, 0, 0, 2, 7.88 7682 57215
1601781463, 0, 1, 713, 712, 234, 11.72%, 0, 0, 2, 7.81 7682 57255
1601781468, 0, 1, 715, 714, 234, 11.72%, 0, 0, 2, 7.52 7682 57293
1601781575, 0, 1, 716, 715, 234, 11.72%, 0, 0, 2, 7.42 7682 58092
1601781785, 0, 1, 717, 716, 234, 11.72%, 0, 0, 2, 7.41 7682 59643
1601781795, 0, 1, 718, 717, 234, 11.72%, 0, 0, 2, 7.43 7683 59719
1601781805, 0, 1, 719, 718, 234, 11.73%, 0, 0, 2, 7.51 7685 59795
1601781810, 0, 1, 720, 719, 234, 11.73%, 0, 0, 2, 7.45 7685 59834
1601781841, 0, 1, 721, 720, 234, 11.73%, 0, 0, 2, 7.35 7685 60058
1601781963, 0, 1, 722, 721, 234, 11.73%, 0, 0, 2, 7.49 7687 60960
1601781969, 0, 1, 723, 722, 234, 11.73%, 0, 0, 2, 7.48 7687 60998
1601782348, 0, 1, 724, 723, 234, 11.73%, 0, 0, 2, 7.52 7687 63834
1601782506, 0, 1, 725, 724, 234, 11.73%, 0, 0, 2, 7.40 7687 65029
1601782593, 0, 1, 726, 725, 234, 11.73%, 0, 0, 2, 7.11 7687 65668
1601782644, 0, 1, 727, 726, 234, 11.73%, 0, 0, 2, 7.06 7689 66044
1601782670, 0, 1, 728, 727, 234, 11.73%, 0, 0, 2, 7.43 7689 66235
1601782675, 0, 1, 729, 728, 234, 11.73%, 0, 0, 2, 7.24 7689 66272
1601782691, 0, 1, 730, 729, 234, 11.73%, 0, 0, 2, 7.47 7689 66387
1601782819, 0, 1, 731, 730, 234, 11.73%, 0, 0, 2, 7.48 7689 67333
1601783290, 0, 1, 733, 732, 234, 11.73%, 0, 0, 2, 7.41 7689 70815
1601783674, 0, 1, 734, 733, 234, 11.73%, 0, 0, 2, 7.67 7689 73718
1601783811, 0, 1, 735, 734, 234, 11.73%, 0, 0, 2, 7.56 7689 74779
1601784024, 0, 1, 736, 735, 234, 11.73%, 0, 0, 2, 7.61 7690 76406
1601785059, 0, 1, 737, 736, 234, 11.73%, 0, 0, 2, 7.56 7690 84214
1601785145, 0, 1, 738, 737, 234, 11.73%, 0, 0, 2, 7.60 7690 84870
1601785370, 0, 1, 739, 738, 234, 11.73%, 0, 0, 2, 7.56 7690 86624
1601785376, 0, 1, 740, 739, 234, 11.73%, 0, 0, 2, 7.52 7690 86662
1601785539, 0, 1, 741, 740, 234, 11.73%, 0, 0, 2, 7.52 7690 87891
1601785610, 0, 1, 742, 741, 234, 11.73%, 0, 0, 2, 7.55 7690 88429
1601785615, 0, 1, 744, 743, 234, 11.73%, 0, 0, 2, 7.56 7690 88467
1601786389, 0, 1, 745, 744, 234, 11.73%, 0, 0, 2, 7.57 7690 94342
1601786793, 0, 1, 746, 745, 234, 11.73%, 0, 0, 2, 7.68 7690 97486
1601787048, 0, 1, 747, 746, 234, 11.73%, 0, 0, 2, 8.10 7690 99429
1601787302, 0, 1, 748, 747, 234, 11.74%, 0, 0, 2, 7.48 7691 101346
1601787338, 0, 1, 749, 748, 234, 11.74%, 0, 0, 2, 7.41 7692 101615
1601787649, 0, 1, 750, 749, 234, 11.74%, 0, 0, 2, 7.61 7692 103957
1601787755, 0, 1, 751, 750, 234, 11.74%, 0, 0, 2, 7.50 7693 104801
1601788320, 0, 1, 752, 751, 234, 11.74%, 0, 0, 2, 7.65 7694 109056
1601788528, 0, 1, 753, 752, 234, 11.74%, 0, 0, 2, 7.58 7694 110625
1601789587, 0, 1, 754, 753, 234, 11.74%, 0, 0, 2, 7.55 7695 118600
1601789669, 0, 1, 755, 754, 234, 11.75%, 0, 0, 2, 7.62 7703 119222
1601789674, 0, 1, 758, 757, 234, 11.75%, 0, 0, 2, 7.56 7703 119260
1601789679, 0, 1, 760, 759, 234, 11.78%, 0, 0, 2, 7.54 7718 119298
1601789684, 0, 1, 761, 760, 234, 11.78%, 0, 0, 2, 7.27 7719 119333
1601790583, 0, 1, 763, 762, 234, 11.78%, 0, 0, 2, 7.61 7722 126098
1601790629, 0, 1, 765, 764, 234, 11.79%, 0, 0, 2, 7.56 7729 126444
1601791045, 0, 1, 766, 765, 234, 11.79%, 0, 0, 2, 7.74 7729 129582
1601791757, 0, 1, 767, 766, 234, 11.79%, 0, 0, 2, 7.55 7729 134937
1601795746, 0, 1, 768, 767, 234, 11.79%, 0, 0, 2, 8.55 7729 165099
1601795776, 0, 1, 769, 768, 234, 11.79%, 0, 0, 2, 7.89 7729 165335
1601796037, 0, 1, 770, 769, 234, 11.80%, 0, 0, 2, 7.50 7733 167276
1601796109, 0, 1, 771, 770, 234, 11.80%, 0, 0, 2, 8.39 7733 167849
1601796215, 0, 1, 772, 771, 234, 11.80%, 0, 0, 2, 7.58 7736 168657
1601796870, 0, 1, 773, 772, 234, 11.80%, 0, 0, 2, 7.48 7736 173672
1601796972, 0, 1, 774, 773, 234, 11.80%, 0, 0, 2, 8.64 7736 174443
1601797120, 0, 1, 775, 774, 234, 11.80%, 0, 0, 2, 8.16 7736 175579
1601797314, 0, 1, 776, 775, 234, 11.80%, 0, 0, 2, 7.77 7736 177030
1601797370, 0, 1, 777, 776, 234, 11.80%, 0, 0, 2, 7.66 7736 177452
1601797400, 0, 1, 778, 777, 234, 11.80%, 0, 0, 2, 7.70 7736 177686
1601797431, 0, 1, 779, 778, 234, 11.81%, 0, 0, 2, 7.68 7740 177920
1601797492, 0, 1, 780, 779, 234, 11.81%, 0, 0, 2, 8.55 7740 178382
1601797528, 0, 1, 781, 780, 234, 11.81%, 0, 0, 2, 7.65 7740 178651
1601798500, 0, 1, 782, 781, 234, 11.81%, 0, 0, 2, 7.57 7740 185959
1601798556, 0, 1, 783, 782, 234, 11.81%, 0, 0, 2, 7.53 7740 186379
1601798887, 0, 1, 785, 784, 234, 11.81%, 0, 0, 2, 7.48 7740 188868
1601799204, 0, 1, 786, 785, 234, 11.81%, 0, 0, 2, 7.51 7741 191267
1601799229, 0, 1, 787, 786, 234, 11.81%, 0, 0, 2, 7.39 7741 191455
1601800263, 0, 1, 788, 787, 234, 11.82%, 0, 0, 2, 7.59 7744 199297
1601800319, 0, 1, 789, 788, 234, 11.82%, 0, 0, 2, 7.69 7744 199726
1601800422, 0, 1, 790, 789, 234, 11.82%, 0, 0, 2, 7.66 7744 200526
1601802168, 0, 1, 791, 790, 234, 11.82%, 0, 0, 2, 7.71 7744 213906
1601802741, 0, 1, 793, 792, 234, 11.82%, 0, 0, 2, 7.72 7744 218299
1601804085, 0, 1, 794, 793, 234, 11.82%, 0, 0, 2, 7.73 7744 228647
1601804147, 0, 1, 795, 794, 234, 11.82%, 0, 0, 2, 7.67 7744 229125
1601804375, 0, 1, 796, 795, 234, 11.82%, 0, 0, 2, 7.66 7744 230931
1601804381, 0, 1, 798, 797, 234, 11.82%, 0, 0, 2, 7.70 7744 230971
1601804391, 0, 1, 799, 798, 234, 11.82%, 0, 0, 2, 7.70 7744 231051
1601805299, 0, 1, 800, 799, 234, 11.82%, 0, 0, 2, 7.56 7744 238058
1601805608, 0, 1, 804, 803, 234, 11.82%, 0, 0, 2, 8.08 7746 240446
1601805614, 0, 1, 808, 807, 234, 11.82%, 0, 0, 2, 8.22 7746 240490
1601805619, 0, 1, 810, 809, 234, 11.82%, 0, 0, 2, 9.01 7746 240537
1601805624, 0, 1, 813, 812, 234, 11.82%, 0, 0, 2, 9.41 7746 240584
1601805629, 0, 1, 817, 816, 234, 11.82%, 0, 0, 2, 8.76 7748 240628
1601805634, 0, 1, 821, 820, 234, 11.82%, 0, 0, 2, 10.43 7748 240682
1601805639, 0, 1, 825, 824, 234, 11.82%, 0, 0, 2, 8.83 7748 240724
1601805644, 0, 1, 828, 827, 234, 11.82%, 0, 0, 2, 9.09 7749 240768
1601805649, 0, 1, 831, 830, 234, 11.82%, 0, 0, 2, 8.22 7749 240808
1601805655, 0, 1, 835, 834, 234, 11.82%, 0, 0, 2, 8.10 7749 240850
1601805660, 0, 1, 837, 836, 234, 11.82%, 0, 0, 2, 8.02 7749 240891
1601805665, 0, 1, 840, 839, 234, 11.83%, 0, 0, 2, 8.79 7754 240937
1601805670, 0, 1, 841, 840, 234, 11.83%, 0, 0, 2, 8.49 7754 240980
1601805675, 0, 1, 844, 843, 234, 11.83%, 0, 0, 2, 8.25 7754 241022
1601805680, 0, 1, 847, 846, 234, 11.83%, 0, 0, 2, 7.97 7756 241063
1601805686, 0, 1, 848, 847, 234, 11.83%, 0, 0, 2, 8.46 7756 241109
1601805691, 0, 1, 849, 848, 234, 11.84%, 0, 0, 2, 8.88 7759 241153
1601805696, 0, 1, 853, 852, 234, 11.84%, 0, 0, 2, 8.74 7759 241199
1601805701, 0, 1, 857, 856, 234, 11.84%, 0, 0, 2, 8.21 7759 241241
1601805706, 0, 1, 860, 859, 234, 11.84%, 0, 0, 2, 8.10 7760 241282
1601805711, 0, 1, 862, 861, 234, 11.84%, 0, 0, 2, 8.85 7760 241329
1601805716, 0, 1, 865, 864, 234, 11.84%, 0, 0, 2, 9.01 7760 241379
1601805721, 0, 1, 867, 866, 234, 11.84%, 0, 0, 2, 8.52 7760 241422
1601805726, 0, 1, 870, 869, 234, 11.84%, 0, 0, 2, 8.13 7760 241462
1601805732, 0, 1, 873, 872, 234, 11.84%, 0, 0, 2, 8.47 7760 241507
1601805737, 0, 1, 875, 874, 234, 11.84%, 0, 0, 2, 8.28 7760 241549
1601805742, 0, 1, 877, 876, 234, 11.84%, 0, 0, 2, 8.06 7760 241591
1601805747, 0, 1, 880, 879, 234, 11.84%, 0, 0, 2, 8.37 7760 241635
1601805752, 0, 1, 882, 881, 234, 11.84%, 0, 0, 2, 9.00 7760 241686
1601805757, 0, 1, 885, 884, 234, 11.84%, 0, 0, 2, 8.17 7760 241727
1601805763, 0, 1, 887, 886, 234, 11.84%, 0, 0, 2, 7.96 7760 241768
1601805768, 0, 1, 888, 887, 234, 11.84%, 0, 0, 2, 8.41 7760 241812
1601805773, 0, 1, 890, 889, 234, 11.84%, 0, 0, 2, 8.26 7760 241855
1601805778, 0, 1, 892, 891, 234, 11.84%, 0, 0, 2, 8.38 7760 241899
1601805783, 0, 1, 894, 893, 234, 11.85%, 0, 0, 2, 8.76 7764 241943
1601805788, 0, 1, 897, 896, 234, 11.85%, 0, 0, 2, 9.00 7764 241991
1601805793, 0, 1, 899, 898, 234, 11.85%, 0, 0, 2, 9.62 7764 242038
1601805798, 0, 1, 900, 899, 234, 11.85%, 0, 0, 2, 8.37 7764 242078
1601805804, 0, 1, 903, 902, 234, 11.85%, 0, 0, 2, 8.15 7764 242120
1601805809, 0, 1, 904, 903, 234, 11.85%, 0, 0, 2, 8.22 7764 242164
1601805814, 0, 1, 906, 905, 234, 11.85%, 0, 0, 2, 8.45 7764 242208
1601805819, 0, 1, 907, 906, 234, 11.85%, 0, 0, 2, 9.07 7764 242256
1601805824, 0, 1, 908, 907, 234, 11.85%, 0, 0, 2, 8.67 7764 242301
1601805829, 0, 1, 910, 909, 234, 11.85%, 0, 0, 2, 8.25 7764 242342
1601805834, 0, 1, 913, 912, 234, 11.85%, 0, 0, 2, 8.25 7764 242384
1601805840, 0, 1, 914, 913, 234, 11.85%, 0, 0, 2, 8.74 7764 242431
1601805845, 0, 1, 916, 915, 234, 11.85%, 0, 0, 2, 8.36 7764 242473
1601805850, 0, 1, 918, 917, 234, 11.85%, 0, 0, 2, 8.42 7764 242515
1601805855, 0, 1, 919, 918, 234, 11.85%, 0, 0, 2, 8.42 7764 242559
1601805860, 0, 1, 920, 919, 234, 11.85%, 0, 0, 2, 8.96 7764 242607
1601805865, 0, 1, 923, 922, 234, 11.85%, 0, 0, 2, 8.09 7764 242647
1601805876, 0, 1, 924, 923, 234, 11.85%, 0, 0, 2, 8.68 7764 242738
1601805881, 0, 1, 925, 924, 234, 11.85%, 0, 0, 2, 8.54 7764 242780
1601805886, 0, 1, 926, 925, 234, 11.85%, 0, 0, 2, 8.55 7764 242824
1601805891, 0, 1, 928, 927, 234, 11.85%, 0, 0, 2, 8.02 7764 242864
1601805896, 0, 1, 929, 928, 234, 11.85%, 0, 0, 2, 8.75 7764 242909
1601805901, 0, 1, 932, 931, 234, 11.86%, 0, 0, 2, 9.00 7771 242954
1601805906, 0, 1, 933, 932, 234, 11.86%, 0, 0, 2, 8.31 7771 242996
1601805912, 0, 1, 934, 933, 234, 11.86%, 0, 0, 2, 10.37 7772 243047
1601805917, 0, 1, 937, 936, 234, 11.87%, 0, 0, 2, 8.72 7781 243089
1601805922, 0, 1, 938, 937, 234, 11.87%, 0, 0, 2, 8.79 7781 243134
1601805927, 0, 1, 940, 939, 234, 11.87%, 0, 0, 2, 8.70 7781 243181
1601805932, 0, 1, 941, 940, 234, 11.87%, 0, 0, 2, 8.69 7781 243226
1601805937, 0, 1, 942, 941, 234, 11.87%, 0, 0, 2, 8.67 7781 243269
1601805942, 0, 1, 943, 942, 234, 11.87%, 0, 0, 2, 8.67 7781 243315
1601805948, 0, 1, 944, 943, 234, 11.87%, 0, 0, 2, 8.24 7781 243356
1601805953, 0, 1, 947, 946, 234, 11.88%, 0, 0, 2, 9.95 7784 243407
1601805958, 0, 1, 948, 947, 234, 11.88%, 0, 0, 2, 9.17 7784 243451
1601805963, 0, 1, 950, 949, 234, 11.88%, 0, 0, 2, 8.89 7784 243496
1601805968, 0, 1, 951, 950, 234, 11.88%, 0, 0, 2, 8.65 7784 243541
1601805973, 0, 1, 953, 952, 234, 11.88%, 0, 0, 2, 8.68 7784 243586
1601805978, 0, 1, 955, 954, 234, 11.88%, 0, 0, 2, 8.08 7784 243626
1601805983, 0, 1, 957, 956, 234, 11.88%, 0, 0, 2, 8.36 7786 243671
1601805988, 0, 1, 959, 958, 234, 11.88%, 0, 0, 2, 8.77 7786 243715
1601805993, 0, 1, 961, 960, 234, 11.88%, 0, 0, 2, 8.86 7786 243761
1601805999, 0, 1, 962, 961, 234, 11.88%, 0, 0, 2, 9.14 7787 243809
1601806004, 0, 1, 963, 962, 234, 11.88%, 0, 0, 2, 8.82 7787 243853
1601806009, 0, 1, 965, 964, 234, 11.88%, 0, 0, 2, 8.25 7787 243896
1601806014, 0, 1, 966, 965, 234, 11.88%, 0, 0, 2, 8.31 7787 243939
1601806019, 0, 1, 968, 967, 234, 11.88%, 0, 0, 2, 8.65 7787 243985
1601806029, 0, 1, 970, 969, 234, 11.89%, 0, 0, 2, 8.37 7789 244072
1601806035, 0, 1, 971, 970, 234, 11.89%, 0, 0, 2, 8.32 7789 244115
1601806040, 0, 1, 973, 972, 234, 11.89%, 0, 0, 2, 8.58 7789 244159
1601806055, 0, 1, 976, 975, 234, 11.89%, 0, 0, 2, 8.52 7789 244290
1601806065, 0, 1, 978, 977, 234, 11.89%, 0, 0, 2, 9.19 7789 244380
1601806070, 0, 1, 979, 978, 234, 11.89%, 0, 0, 2, 8.87 7789 244426
1601806076, 0, 1, 980, 979, 234, 11.89%, 0, 0, 2, 8.91 7789 244472
1601806081, 0, 1, 982, 981, 234, 11.89%, 0, 0, 2, 8.46 7789 244513
1601806091, 0, 1, 983, 982, 234, 11.89%, 0, 0, 2, 8.54 7789 244600
1601806096, 0, 1, 985, 984, 234, 11.89%, 0, 0, 2, 8.54 7789 244643
1601806101, 0, 1, 986, 985, 234, 11.89%, 0, 0, 2, 8.23 7789 244685
1601806106, 0, 1, 989, 988, 234, 11.89%, 0, 0, 2, 8.74 7789 244730
1601806116, 0, 1, 990, 989, 234, 11.89%, 0, 0, 2, 8.74 7789 244817
1601806121, 0, 1, 991, 990, 234, 11.89%, 0, 0, 2, 8.38 7789 244859
1601806132, 0, 1, 993, 992, 234, 11.89%, 0, 0, 2, 8.53 7789 244945
1601806137, 0, 1, 996, 995, 234, 11.89%, 0, 0, 2, 8.57 7789 244992
1601806142, 0, 1, 998, 997, 234, 11.89%, 0, 0, 2, 8.16 7789 245033
1601806152, 0, 1, 1000, 999, 234, 11.89%, 0, 0, 2, 8.43 7789 245119
1601806157, 0, 1, 1001, 1000, 234, 11.89%, 0, 0, 2, 9.59 7789 245169
1601806168, 0, 1, 1002, 1001, 234, 11.89%, 0, 0, 2, 8.41 7789 245257
1601806173, 0, 1, 1004, 1003, 234, 11.89%, 0, 0, 2, 8.50 7789 245302
1601806178, 0, 2, 1020, 1018, 253, 11.91%, 0, 0, 2, 125.44 7804 245833
1601806183, 0, 2, 1025, 1023, 253, 11.93%, 0, 0, 2, 132.36 7821 246531
1601806199, 0, 2, 1026, 1024, 253, 11.93%, 0, 0, 2, 133.09 7821 248622
1601806204, 0, 2, 1028, 1026, 253, 11.94%, 0, 0, 2, 133.14 7822 249312
1601806220, 0, 2, 1030, 1028, 253, 11.94%, 0, 0, 2, 134.10 7824 251388
1601806225, 0, 2, 1033, 1031, 253, 12.02%, 0, 0, 2, 136.32 7875 252090
1601806230, 0, 2, 1034, 1032, 253, 12.02%, 0, 0, 2, 135.85 7880 252702
1601806250, 0, 2, 1035, 1033, 253, 12.02%, 0, 0, 2, 134.90 7880 255494
1601806261, 0, 2, 1036, 1034, 253, 12.03%, 0, 0, 2, 116.94 7881 256734
1601806266, 0, 2, 1038, 1036, 253, 12.03%, 0, 0, 2, 115.18 7881 257332
1601806271, 0, 2, 1054, 1052, 253, 12.03%, 0, 0, 2, 129.78 7885 258007
1601806276, 0, 2, 1063, 1061, 253, 12.03%, 0, 0, 2, 141.07 7885 258743
1601806281, 0, 2, 1066, 1064, 253, 12.03%, 0, 0, 2, 146.68 7885 259503
1601806287, 0, 3, 1072, 1069, 268, 12.03%, 0, 0, 2, 148.96 7885 260269
1601806292, 0, 17, 1072, 1068, 267, 12.03%, 0, 0, 2, 151.82 7885 261050
1601806312, 0, 17, 1074, 1070, 267, 12.03%, 0, 0, 3, 148.62 7886 263607
1601806317, 0, 18, 1074, 1069, 267, 12.03%, 0, 0, 3, 136.69 7886 264318
1601806337, 0, 21, 1074, 1068, 266, 12.03%, 0, 0, 3, 70.01 7886 266471
1601808022, 0, 22, 1074, 1067, 265, 12.03%, 0, 0, 3, 29.62 7886 312272
1601809705, 0, 22, 1078, 1071, 265, 12.03%, 0, 0, 3, 28.41 7886 358144
1601809710, 0, 22, 1079, 1072, 265, 12.03%, 0, 0, 3, 31.45 7886 358313
1601809716, 0, 22, 1080, 1073, 265, 12.03%, 0, 0, 3, 33.06 7886 358487
1601809721, 0, 22, 1082, 1075, 265, 12.15%, 0, 0, 3, 32.75 7962 358659
1601809726, 0, 22, 1083, 1076, 265, 12.15%, 0, 0, 3, 30.78 7962 358816
1601809731, 0, 22, 1085, 1078, 265, 12.15%, 0, 0, 3, 31.72 7962 358978
1601809736, 0, 22, 1090, 1083, 265, 12.15%, 0, 0, 3, 31.76 7963 359133
1601809741, 0, 22, 1092, 1085, 265, 12.15%, 0, 0, 3, 31.29 7963 359294
1601809746, 0, 22, 1094, 1087, 265, 12.15%, 0, 0, 3, 30.12 7964 359448
1601809757, 0, 22, 1097, 1090, 265, 12.15%, 0, 0, 3, 31.55 7964 359779
1601809762, 0, 22, 1100, 1093, 265, 12.15%, 0, 0, 3, 31.40 7964 359936
1601809767, 0, 22, 1101, 1094, 265, 12.15%, 0, 0, 3, 31.42 7965 360100
1601809772, 0, 22, 1102, 1095, 265, 12.15%, 0, 0, 3, 32.18 7965 360265
1601809777, 0, 22, 1103, 1096, 265, 12.15%, 0, 0, 3, 31.81 7965 360428
1601809782, 0, 22, 1104, 1097, 265, 12.15%, 0, 0, 3, 33.29 7965 360602
1601809803, 0, 22, 1105, 1098, 265, 12.15%, 0, 0, 3, 32.92 7965 361260
1601809808, 0, 22, 1106, 1099, 265, 12.15%, 0, 0, 3, 31.67 7965 361418
1601809813, 0, 28, 1106, 1098, 257, 12.15%, 0, 0, 3, 30.86 7965 361578
1601809823, 0, 28, 1108, 1100, 257, 12.16%, 0, 0, 3, 27.71 7966 361862
1601809996, 0, 28, 1109, 1101, 257, 12.16%, 0, 0, 3, 27.24 7967 366563
1601810124, 0, 28, 1110, 1102, 257, 12.16%, 0, 0, 3, 27.00 7968 370050
1601810129, 0, 28, 1111, 1103, 257, 12.16%, 0, 0, 3, 27.10 7969 370188
1601811502, 0, 28, 1112, 1104, 257, 12.16%, 0, 0, 3, 31.58 7969 407358
1601811507, 0, 28, 1116, 1108, 257, 12.16%, 0, 0, 3, 30.76 7969 407514
1601811512, 0, 28, 1119, 1111, 257, 12.16%, 0, 0, 3, 31.59 7969 407678
1601811522, 0, 28, 1121, 1113, 257, 12.16%, 0, 0, 3, 31.17 7969 408003
1601811548, 0, 28, 1122, 1114, 257, 12.16%, 0, 0, 3, 32.47 7969 408837
1601811553, 0, 28, 1123, 1115, 257, 12.16%, 0, 0, 3, 32.59 7969 409000
1601811563, 0, 28, 1125, 1117, 257, 12.16%, 0, 0, 3, 32.64 7969 409337
1601811569, 0, 28, 1128, 1120, 257, 12.31%, 0, 0, 3, 30.82 8067 409493
1601811574, 0, 28, 1130, 1122, 257, 12.32%, 0, 0, 3, 31.40 8073 409649
1601811579, 0, 28, 1131, 1123, 257, 12.32%, 0, 0, 3, 31.35 8073 409807
1601811584, 0, 28, 1133, 1125, 257, 12.32%, 0, 0, 3, 30.70 8073 409966
1601811589, 0, 28, 1134, 1126, 257, 12.32%, 0, 0, 3, 31.07 8073 410129
1601811599, 0, 28, 1135, 1127, 257, 12.32%, 0, 0, 3, 31.08 8073 410449
1601811604, 0, 28, 1140, 1132, 257, 12.32%, 0, 0, 3, 32.51 8074 410620
1601811609, 0, 32, 1142, 1133, 261, 12.32%, 0, 0, 3, 30.57 8074 410771
1601811743, 0, 32, 1143, 1134, 261, 12.32%, 0, 0, 3, 26.77 8074 414361
1601811794, 0, 32, 1144, 1135, 261, 12.32%, 0, 0, 3, 27.25 8076 415753
1601811927, 0, 32, 1152, 1143, 261, 12.35%, 0, 0, 3, 27.07 8093 419365
1601811932, 0, 32, 1157, 1148, 261, 12.36%, 0, 0, 3, 27.06 8101 419503
1601813314, 0, 32, 1158, 1149, 261, 12.36%, 0, 0, 3, 31.73 8101 456780
1601813320, 0, 34, 1158, 1148, 275, 12.36%, 0, 0, 3, 28.91 8101 456930
1601813484, 0, 34, 1159, 1149, 275, 12.36%, 0, 0, 3, 26.79 8101 461354
1601815023, 0, 34, 1160, 1150, 275, 12.36%, 0, 0, 3, 29.40 8101 502724
1601815028, 0, 34, 1161, 1151, 275, 12.36%, 0, 0, 3, 31.23 8101 502893
1601815033, 0, 34, 1162, 1152, 275, 12.36%, 0, 0, 3, 32.02 8101 503059
1601815038, 0, 34, 1163, 1153, 275, 12.36%, 0, 0, 3, 32.28 8101 503227
1601815043, 0, 34, 1164, 1154, 275, 12.36%, 0, 0, 3, 31.95 8101 503395
1601815048, 0, 34, 1166, 1156, 275, 12.36%, 0, 0, 3, 31.42 8101 503555
1601815059, 0, 34, 1167, 1157, 275, 12.36%, 0, 0, 3, 31.04 8101 503876
1601815069, 0, 34, 1169, 1159, 275, 12.36%, 0, 0, 3, 31.77 8101 504208
1601815079, 0, 34, 1171, 1161, 275, 12.40%, 0, 0, 3, 31.21 8126 504529
1601815095, 0, 34, 1172, 1162, 275, 12.40%, 0, 0, 3, 32.70 8126 505018
1601815100, 0, 34, 1173, 1163, 275, 12.40%, 0, 0, 3, 32.81 8126 505185
1601815115, 0, 34, 1174, 1164, 275, 12.40%, 0, 0, 3, 30.47 8126 505678
1601815120, 0, 34, 1175, 1165, 275, 12.40%, 0, 0, 3, 31.15 8126 505838
1601815131, 0, 41, 1175, 1164, 273, 12.40%, 0, 0, 3, 28.36 8126 506140
1601815141, 0, 41, 1176, 1165, 273, 12.40%, 0, 0, 3, 28.28 8126 506419
1601815459, 0, 41, 1177, 1166, 273, 12.40%, 0, 0, 3, 26.64 8127 514982
1601816888, 0, 43, 1177, 1165, 273, 12.40%, 0, 0, 3, 28.76 8127 553408
1601816996, 0, 43, 1178, 1166, 273, 12.40%, 0, 0, 3, 26.95 8127 556298
1601817217, 0, 43, 1179, 1167, 273, 12.40%, 0, 0, 3, 27.00 8128 562269
1601818644, 0, 43, 1180, 1168, 273, 12.40%, 0, 0, 3, 31.36 8129 600784
1601818649, 0, 43, 1181, 1169, 273, 12.40%, 0, 0, 3, 31.28 8129 600947
1601818654, 0, 43, 1183, 1171, 273, 12.41%, 0, 0, 3, 30.95 8130 601106
1601818659, 0, 43, 1184, 1172, 273, 12.41%, 0, 0, 3, 31.25 8130 601259
1601818665, 0, 43, 1186, 1174, 273, 12.41%, 0, 0, 3, 30.85 8130 601417
1601818670, 0, 43, 1187, 1175, 273, 12.41%, 0, 0, 3, 30.60 8130 601569
1601818675, 0, 43, 1190, 1178, 273, 12.41%, 0, 0, 3, 30.95 8130 601723
1601818685, 0, 43, 1192, 1180, 273, 12.41%, 0, 0, 3, 32.35 8130 602059
1601818690, 0, 43, 1193, 1181, 273, 12.41%, 0, 0, 3, 30.76 8130 602214
1601818695, 0, 43, 1194, 1182, 273, 12.41%, 0, 0, 3, 32.57 8130 602378
1601818700, 0, 43, 1195, 1183, 273, 12.41%, 0, 0, 3, 31.57 8130 602539
1601818705, 0, 43, 1196, 1184, 273, 12.41%, 0, 0, 3, 31.74 8130 602705
1601818711, 0, 43, 1197, 1185, 273, 12.41%, 0, 0, 3, 30.73 8132 602865
1601818716, 0, 43, 1199, 1187, 273, 12.41%, 0, 0, 3, 30.98 8132 603026
1601818721, 0, 43, 1201, 1189, 273, 12.41%, 0, 0, 3, 30.18 8132 603177
1601818726, 0, 43, 1202, 1190, 273, 12.41%, 0, 0, 3, 31.01 8132 603334
1601818736, 0, 43, 1203, 1191, 273, 12.41%, 0, 0, 3, 31.12 8132 603661
1601818741, 0, 43, 1205, 1193, 273, 12.41%, 0, 0, 3, 30.72 8132 603813
1601818752, 0, 48, 1206, 1193, 274, 12.41%, 0, 0, 3, 30.33 8132 604125
1601818941, 0, 48, 1207, 1194, 274, 12.41%, 0, 0, 3, 26.74 8133 609229
1601819084, 0, 48, 1208, 1195, 274, 12.41%, 0, 0, 3, 26.81 8133 613118
1601820466, 0, 48, 1209, 1196, 274, 12.41%, 0, 0, 3, 29.70 8133 650076
1601820472, 0, 50, 1209, 1195, 274, 12.41%, 0, 0, 3, 27.78 8133 650215
1601822229, 0, 51, 1209, 1194, 274, 12.41%, 0, 0, 3, 26.79 8133 696051
1601823990, 0, 55, 1209, 1193, 273, 12.41%, 0, 0, 3, 27.66 8133 741872
1601824391, 0, 55, 1210, 1194, 273, 12.41%, 0, 0, 3, 26.32 8134 752421
1601825347, 0, 59, 1210, 1193, 273, 12.41%, 0, 0, 3, 27.61 8134 777664
1601825368, 0, 59, 1211, 1194, 273, 12.41%, 0, 0, 3, 26.37 8135 778217
1601825727, 0, 59, 1212, 1195, 273, 12.41%, 0, 0, 3, 26.13 8136 787654
1601826437, 0, 59, 1213, 1196, 273, 12.42%, 0, 0, 3, 26.18 8138 806414
1601826720, 0, 66, 1213, 1195, 275, 12.42%, 0, 0, 3, 28.04 8138 813882
1601827189, 0, 66, 1214, 1196, 275, 12.42%, 0, 0, 3, 26.77 8138 826262
1601828134, 0, 75, 1215, 1196, 274, 12.42%, 0, 0, 3, 30.63 8138 851390
1601828520, 0, 75, 1218, 1199, 274, 12.42%, 0, 0, 3, 26.43 8138 861615
1601829694, 0, 76, 1218, 1198, 273, 12.42%, 0, 0, 3, 28.06 8138 892699
1601831501, 0, 77, 1218, 1197, 272, 12.42%, 0, 0, 3, 29.21 8138 939890
1601833267, 0, 84, 1218, 1196, 271, 12.42%, 0, 0, 3, 27.26 8138 985864
1601833494, 0, 84, 1219, 1197, 271, 12.42%, 0, 0, 3, 25.74 8139 991727
1601835031, 0, 84, 1220, 1198, 271, 12.42%, 0, 0, 3, 26.49 8139 1031559
1601835036, 0, 84, 1221, 1199, 271, 12.42%, 0, 0, 3, 30.23 8139 1031719
1601835046, 0, 85, 1221, 1198, 272, 12.42%, 0, 0, 3, 28.24 8139 1032018
1601835092, 0, 85, 1222, 1199, 272, 12.42%, 0, 0, 3, 26.29 8139 1033232
1601835185, 0, 85, 1223, 1200, 272, 12.42%, 0, 0, 3, 25.74 8141 1035642
1601835601, 0, 85, 1225, 1202, 272, 12.43%, 0, 0, 3, 25.54 8149 1046446
1601836813, 0, 87, 1225, 1201, 274, 12.43%, 0, 0, 3, 28.39 8149 1077920
1601836860, 0, 87, 1226, 1202, 274, 12.44%, 0, 0, 3, 25.39 8150 1079128
1601837363, 0, 87, 1227, 1203, 274, 12.44%, 0, 0, 3, 25.47 8151 1092151
1601838589, 0, 88, 1227, 1202, 275, 12.44%, 0, 0, 3, 26.46 8151 1123825
1601838635, 0, 88, 1228, 1203, 275, 12.44%, 0, 0, 3, 25.35 8152 1125009
1601838640, 0, 88, 1229, 1204, 275, 12.44%, 0, 0, 3, 26.58 8153 1125141
1601839137, 0, 88, 1230, 1205, 275, 12.44%, 0, 0, 3, 25.64 8154 1138038
1601840352, 0, 90, 1230, 1204, 278, 12.44%, 0, 0, 3, 28.74 8154 1169663
1601840404, 0, 90, 1232, 1206, 278, 12.45%, 0, 0, 3, 26.05 8157 1171020
1601840491, 0, 90, 1235, 1209, 278, 12.45%, 0, 0, 3, 26.03 8162 1173306
1601840578, 0, 90, 1236, 1210, 278, 12.46%, 0, 0, 3, 25.97 8164 1175615
1601840898, 0, 90, 1237, 1211, 278, 12.46%, 0, 0, 3, 25.97 8165 1183983
1601840903, 0, 90, 1243, 1217, 278, 12.48%, 0, 0, 3, 26.21 8179 1184117
1601842106, 0, 90, 1244, 1218, 278, 12.48%, 0, 0, 3, 29.44 8179 1215705
1601842111, 0, 91, 1244, 1217, 288, 12.48%, 0, 0, 3, 28.23 8179 1215852
1601843863, 0, 92, 1244, 1216, 287, 12.48%, 0, 0, 3, 27.25 8179 1261740
1601845618, 0, 92, 1245, 1217, 287, 12.48%, 0, 0, 3, 27.15 8179 1307490
1601845623, 0, 92, 1246, 1218, 287, 12.48%, 0, 0, 3, 28.36 8180 1307638
1601845628, 0, 92, 1247, 1219, 287, 12.48%, 0, 0, 3, 30.12 8180 1307790
1601845633, 0, 92, 1248, 1220, 287, 12.48%, 0, 0, 3, 29.74 8180 1307940
1601845638, 0, 92, 1250, 1222, 287, 12.48%, 0, 0, 3, 30.26 8180 1308089
1601845643, 0, 92, 1251, 1223, 287, 12.48%, 0, 0, 3, 31.09 8181 1308246
1601845659, 0, 92, 1253, 1225, 287, 12.48%, 0, 0, 3, 30.75 8181 1308727
1601845664, 0, 92, 1254, 1226, 287, 12.48%, 0, 0, 3, 29.44 8181 1308874
1601845669, 0, 92, 1255, 1227, 287, 12.48%, 0, 0, 3, 30.64 8182 1309031
1601845679, 0, 92, 1256, 1228, 287, 12.48%, 0, 0, 3, 31.30 8182 1309356
1601845689, 0, 92, 1258, 1230, 287, 12.48%, 0, 0, 3, 29.71 8182 1309663
1601845715, 0, 92, 1259, 1231, 287, 12.48%, 0, 0, 3, 30.86 8182 1310459
1601845730, 0, 94, 1259, 1230, 286, 12.48%, 0, 0, 3, 28.08 8182 1310909
1601845777, 0, 94, 1260, 1231, 286, 12.50%, 0, 0, 3, 26.03 8190 1312128
1601845782, 0, 94, 1263, 1234, 286, 12.50%, 0, 0, 3, 26.45 8193 1312263
1601845869, 0, 94, 1265, 1236, 286, 12.50%, 0, 0, 3, 25.86 8195 1314542
1601845956, 0, 94, 1266, 1237, 286, 12.51%, 0, 0, 3, 26.08 8196 1316833
1601845961, 0, 94, 1267, 1238, 286, 12.51%, 0, 0, 3, 26.37 8197 1316970
1601846295, 0, 94, 1272, 1243, 286, 12.52%, 0, 0, 3, 26.25 8202 1325684
1601846825, 0, 94, 1273, 1244, 286, 12.52%, 0, 0, 3, 26.12 8203 1339546
1601847431, 0, 94, 1275, 1246, 286, 12.52%, 0, 0, 3, 27.63 8205 1355546
1601847477, 0, 94, 1278, 1249, 286, 12.52%, 0, 0, 3, 27.64 8206 1356776
1601847482, 0, 94, 1279, 1250, 286, 12.52%, 0, 0, 3, 31.16 8206 1356938
1601847488, 0, 94, 1280, 1251, 286, 12.52%, 0, 0, 3, 31.67 8206 1357104
1601847493, 0, 94, 1281, 1252, 286, 12.52%, 0, 0, 3, 30.88 8208 1357265
1601847498, 0, 94, 1282, 1253, 286, 12.52%, 0, 0, 3, 30.26 8208 1357416
1601847513, 0, 94, 1283, 1254, 286, 12.52%, 0, 0, 3, 31.03 8208 1357885
1601847518, 0, 94, 1285, 1256, 286, 12.52%, 0, 0, 3, 30.63 8208 1358042
1601847523, 0, 94, 1287, 1258, 286, 12.53%, 0, 0, 3, 30.86 8209 1358200
1601847533, 0, 94, 1291, 1262, 286, 12.53%, 0, 0, 3, 29.66 8210 1358500
1601847539, 0, 94, 1292, 1263, 286, 12.53%, 0, 0, 3, 33.53 8210 1358673
1601847544, 0, 94, 1293, 1264, 286, 12.53%, 0, 0, 3, 31.33 8210 1358830
1601847564, 0, 94, 1294, 1265, 286, 12.53%, 0, 0, 3, 30.82 8210 1359455
1601847574, 0, 94, 1295, 1266, 286, 12.53%, 0, 0, 3, 30.25 8210 1359769
1601847579, 0, 94, 1296, 1267, 286, 12.53%, 0, 0, 3, 31.22 8210 1359932
1601847584, 0, 94, 1297, 1268, 286, 12.53%, 0, 0, 3, 30.92 8210 1360086
1601847590, 0, 95, 1297, 1267, 303, 12.53%, 0, 0, 3, 27.82 8210 1360228
1601847646, 0, 95, 1298, 1268, 303, 12.53%, 0, 0, 3, 26.33 8210 1361711
1601849336, 0, 99, 1298, 1267, 303, 12.53%, 0, 0, 3, 28.25 8210 1406084
1601849897, 0, 99, 1299, 1268, 303, 12.53%, 0, 0, 3, 26.18 8211 1420789
1601851080, 0, 99, 1301, 1270, 303, 12.53%, 0, 0, 3, 29.47 8211 1451995
1601851091, 0, 103, 1301, 1269, 304, 12.53%, 0, 0, 3, 28.40 8211 1452299
1601852839, 0, 109, 1301, 1268, 303, 12.53%, 0, 0, 3, 27.96 8211 1498186
1601853431, 0, 109, 1302, 1269, 303, 12.53%, 0, 0, 3, 25.81 8212 1513716
1601853436, 0, 109, 1304, 1271, 303, 12.53%, 0, 0, 3, 25.74 8214 1513848
1601854582, 0, 109, 1305, 1272, 303, 12.53%, 0, 0, 3, 29.74 8214 1543990
1601854587, 0, 109, 1307, 1274, 303, 12.53%, 0, 0, 3, 30.04 8214 1544143
1601854592, 0, 109, 1309, 1276, 303, 12.55%, 0, 0, 3, 31.82 8223 1544307
1601854613, 0, 109, 1310, 1277, 303, 12.55%, 0, 0, 3, 31.93 8223 1544935
1601854623, 0, 109, 1311, 1278, 303, 12.55%, 0, 0, 3, 30.32 8226 1545253
1601854633, 0, 109, 1312, 1279, 303, 12.55%, 0, 0, 3, 30.44 8226 1545562
1601854638, 0, 109, 1314, 1281, 303, 12.55%, 0, 0, 3, 29.80 8226 1545714
1601854643, 0, 109, 1315, 1282, 303, 12.55%, 0, 0, 3, 30.58 8226 1545869
1601854653, 0, 109, 1316, 1283, 303, 12.55%, 0, 0, 3, 30.17 8226 1546198
1601854669, 0, 109, 1317, 1284, 303, 12.55%, 0, 0, 3, 29.88 8226 1546677
1601854674, 0, 109, 1318, 1285, 303, 12.55%, 0, 0, 3, 30.65 8226 1546832
1601854689, 0, 112, 1318, 1284, 307, 12.55%, 0, 0, 3, 28.71 8226 1547299
1601855075, 0, 112, 1319, 1285, 307, 12.55%, 0, 0, 3, 26.23 8226 1557453
1601856434, 0, 112, 1321, 1287, 307, 12.55%, 0, 0, 3, 29.13 8226 1593163
1601856439, 0, 112, 1322, 1288, 307, 12.55%, 0, 0, 3, 30.61 8226 1593318
1601856444, 0, 112, 1323, 1289, 307, 12.55%, 0, 0, 3, 32.49 8226 1593480
1601856449, 0, 112, 1324, 1290, 307, 12.55%, 0, 0, 3, 32.61 8226 1593649
1601856465, 0, 112, 1325, 1291, 307, 12.55%, 0, 0, 3, 31.81 8226 1594122
1601856470, 0, 112, 1326, 1292, 307, 12.55%, 0, 0, 3, 31.15 8226 1594282
1601856475, 0, 112, 1327, 1293, 307, 12.55%, 0, 0, 3, 29.95 8226 1594437
1601856490, 0, 112, 1328, 1294, 307, 12.55%, 0, 0, 3, 33.20 8226 1594928
1601856501, 0, 112, 1329, 1295, 307, 12.55%, 0, 0, 3, 32.17 8226 1595251
1601856526, 0, 112, 1330, 1296, 307, 12.55%, 0, 0, 3, 30.25 8226 1596020
1601856541, 0, 124, 1330, 1295, 306, 12.55%, 0, 0, 3, 28.29 8226 1596495
1601856717, 0, 124, 1331, 1296, 306, 12.55%, 0, 0, 3, 26.11 8226 1601107
1601857179, 0, 124, 1332, 1297, 306, 12.55%, 0, 0, 3, 26.13 8227 1613241
1601858289, 0, 124, 1334, 1299, 306, 12.55%, 0, 0, 3, 28.28 8227 1642263
1601858299, 0, 129, 1334, 1298, 306, 12.55%, 0, 0, 3, 31.59 8227 1642583
1601858967, 0, 129, 1335, 1299, 306, 12.55%, 0, 0, 3, 26.25 8228 1660044
1601860057, 0, 132, 1335, 1298, 306, 12.55%, 0, 0, 3, 27.84 8228 1688462
1601861768, 0, 132, 1336, 1299, 306, 12.55%, 0, 0, 3, 28.59 8228 1733151
1601861773, 0, 133, 1336, 1298, 305, 12.55%, 0, 0, 3, 30.38 8228 1733310
1601862164, 0, 133, 1337, 1299, 305, 12.55%, 0, 0, 3, 25.68 8228 1743495
1601862395, 0, 133, 1338, 1300, 305, 12.55%, 0, 0, 3, 26.01 8228 1749473
1601863493, 0, 147, 1338, 1299, 304, 12.55%, 0, 0, 3, 27.05 8228 1778173
1601863663, 0, 147, 1339, 1300, 304, 12.55%, 0, 0, 3, 25.80 8228 1782635
