# unix_time, cycles_done, cur_path, paths_total, pending_total, pending_favs, map_size, unique_crashes, unique_hangs, max_depth, execs_per_sec, edge_coverage, total_execs
1601778705, 0, 0, 2, 2, 2, 5.74%, 0, 0, 1, 77.29 0 16
1601778715, 0, 0, 18, 18, 2, 6.23%, 0, 0, 2, 88.13 4083 938
1601778720, 0, 0, 31, 31, 2, 6.39%, 0, 0, 2, 82.78 4188 1353
1601778725, 0, 0, 51, 51, 2, 6.56%, 0, 0, 2, 87.16 4296 1793
1601778731, 0, 0, 66, 66, 2, 6.61%, 0, 0, 2, 84.00 4333 2222
1601778736, 0, 0, 82, 82, 2, 6.89%, 0, 0, 2, 80.35 4516 2624
1601778741, 0, 0, 90, 90, 2, 6.96%, 0, 0, 2, 73.32 4559 2983
1601778746, 0, 0, 96, 96, 2, 7.06%, 0, 0, 2, 71.92 4624 3342
1601778751, 0, 0, 97, 97, 2, 7.06%, 0, 0, 2, 71.24 4627 3702
1601778766, 0, 0, 100, 100, 2, 7.07%, 0, 0, 2, 71.73 4636 4783
1601778771, 0, 0, 119, 119, 2, 7.16%, 0, 0, 2, 73.22 4691 5166
1601778776, 0, 0, 145, 145, 2, 7.23%, 0, 0, 2, 72.59 4737 5540
1601778781, 0, 0, 169, 169, 2, 7.27%, 0, 0, 2, 72.33 4765 5916
1601778787, 0, 0, 204, 204, 2, 7.41%, 0, 0, 2, 71.23 4858 6284
1601778792, 0, 0, 229, 229, 2, 7.44%, 0, 0, 2, 71.05 4874 6640
1601778797, 0, 0, 257, 257, 2, 7.46%, 0, 0, 2, 71.71 4888 7005
1601778802, 0, 0, 268, 268, 2, 7.46%, 0, 0, 2, 71.43 4892 7365
1601778807, 0, 0, 269, 269, 2, 7.46%, 0, 0, 2, 71.28 4892 7724
1601778812, 0, 0, 273, 273, 2, 7.48%, 0, 0, 2, 71.38 4902 8084
1601778817, 0, 0, 289, 289, 2, 7.49%, 0, 0, 2, 70.63 4909 8449
1601778822, 0, 0, 298, 298, 2, 7.55%, 0, 0, 2, 71.56 4945 8821
1601778827, 0, 0, 315, 315, 2, 7.61%, 0, 0, 2, 71.78 4987 9196
1601778832, 0, 0, 319, 319, 2, 7.61%, 0, 0, 2, 71.49 4989 9555
1601778847, 0, 0, 320, 320, 2, 7.61%, 0, 0, 2, 70.89 4990 10617
1601778918, 0, 0, 327, 327, 2, 7.62%, 0, 0, 2, 72.76 4992 15669
1601778923, 0, 0, 330, 330, 2, 7.64%, 0, 0, 2, 77.76 5004 16067
1601778929, 0, 0, 334, 334, 2, 7.64%, 0, 0, 2, 81.73 5005 16497
1601778934, 0, 0, 338, 338, 2, 7.64%, 0, 0, 2, 75.15 5006 16887
1601778939, 0, 0, 344, 344, 2, 7.64%, 0, 0, 2, 71.06 5006 17251
1601778949, 0, 0, 346, 346, 2, 7.64%, 0, 0, 2, 72.01 5006 17981
1601778964, 0, 0, 352, 352, 2, 7.66%, 0, 0, 2, 73.91 5017 19082
1601778970, 0, 0, 364, 364, 2, 7.67%, 0, 0, 2, 73.65 5025 19460
1601778975, 0, 0, 379, 379, 2, 7.67%, 0, 0, 2, 67.48 5026 19811
1601778980, 0, 0, 396, 396, 2, 7.68%, 0, 0, 2, 70.77 5034 20171
1601778985, 0, 0, 401, 401, 2, 7.68%, 0, 0, 2, 71.50 5034 20545
1601778990, 0, 0, 402, 402, 2, 7.68%, 0, 0, 2, 70.86 5034 20901
1601779000, 0, 0, 403, 403, 2, 7.68%, 0, 0, 2, 70.97 5035 21614
1601779005, 0, 0, 413, 413, 2, 7.73%, 0, 0, 2, 68.84 5065 21959
1601779010, 0, 0, 415, 415, 2, 7.73%, 0, 0, 2, 70.44 5066 22315
1601779015, 0, 0, 416, 416, 2, 7.73%, 0, 0, 2, 70.92 5067 22674
1601779096, 0, 0, 420, 420, 2, 7.74%, 0, 0, 2, 70.32 5071 28414
1601779101, 0, 0, 422, 422, 2, 7.74%, 0, 0, 2, 74.64 5073 28800
1601779106, 0, 0, 425, 425, 2, 7.74%, 0, 0, 2, 83.86 5074 29240
1601779112, 0, 0, 430, 430, 2, 7.74%, 0, 0, 2, 80.26 5075 29661
1601779117, 0, 0, 433, 433, 2, 7.74%, 0, 0, 2, 73.57 5075 30021
1601779127, 0, 0, 434, 434, 2, 7.74%, 0, 0, 2, 72.53 5075 30748
1601779147, 0, 0, 440, 440, 2, 7.74%, 0, 0, 2, 73.40 5075 32228
1601779152, 0, 0, 454, 454, 2, 7.75%, 0, 0, 2, 72.48 5078 32602
1601779157, 0, 0, 470, 470, 2, 7.75%, 0, 0, 2, 71.78 5080 32960
1601779163, 0, 0, 472, 472, 2, 7.75%, 0, 0, 2, 71.84 5080 33334
1601779168, 0, 0, 473, 473, 2, 7.75%, 0, 0, 2, 71.13 5081 33692
1601779173, 0, 0, 475, 475, 2, 7.75%, 0, 0, 2, 71.42 5081 34063
1601779183, 0, 0, 479, 479, 2, 7.76%, 0, 0, 2, 71.60 5083 34783
1601779188, 0, 0, 480, 480, 2, 7.76%, 0, 0, 2, 71.21 5084 35142
1601779274, 0, 0, 481, 481, 2, 7.76%, 0, 0, 2, 73.18 5084 41283
1601779279, 0, 0, 488, 488, 2, 7.81%, 0, 0, 2, 71.43 5118 41625
1601779300, 0, 0, 492, 492, 2, 7.82%, 0, 0, 2, 73.45 5122 43115
1601779305, 0, 0, 493, 493, 2, 7.82%, 0, 0, 2, 77.23 5122 43516
1601779310, 0, 0, 498, 498, 2, 7.82%, 0, 0, 2, 73.05 5125 43873
1601779315, 0, 0, 506, 506, 2, 7.84%, 0, 0, 2, 87.35 5138 44315
1601779320, 0, 0, 519, 519, 2, 7.84%, 0, 0, 2, 75.58 5140 44682
1601779351, 0, 0, 521, 521, 2, 7.85%, 0, 0, 2, 77.85 5143 46961
1601779356, 0, 0, 523, 523, 2, 7.85%, 0, 0, 2, 77.45 5143 47341
1601779361, 0, 0, 524, 524, 2, 7.85%, 0, 0, 2, 84.47 5143 47767
1601779371, 0, 0, 530, 530, 2, 7.85%, 0, 0, 2, 90.28 5143 48631
1601779392, 0, 0, 532, 532, 2, 7.85%, 0, 0, 2, 80.13 5143 50392
1601779412, 0, 0, 536, 536, 2, 7.86%, 0, 0, 2, 86.56 5153 52163
1601779422, 0, 0, 538, 538, 2, 7.87%, 0, 0, 2, 74.05 5156 52912
1601779448, 0, 0, 540, 540, 2, 7.87%, 0, 0, 2, 73.42 5156 54763
1601779515, 0, 0, 541, 541, 2, 7.87%, 0, 0, 2, 78.09 5160 59687
1601779520, 0, 0, 544, 544, 2, 7.89%, 0, 0, 2, 76.44 5169 60066
1601779530, 0, 0, 547, 547, 2, 7.89%, 0, 0, 2, 75.85 5169 60837
1601779535, 0, 0, 559, 559, 2, 7.89%, 0, 0, 2, 75.04 5169 61225
1601779540, 0, 0, 561, 561, 2, 7.89%, 0, 0, 2, 75.54 5169 61608
1601779546, 0, 0, 563, 563, 2, 7.89%, 0, 0, 2, 73.96 5169 61986
1601779551, 0, 0, 566, 566, 2, 7.89%, 0, 0, 2, 91.62 5169 62366
1601779561, 0, 0, 567, 567, 2, 7.90%, 0, 0, 2, 73.66 5176 63122
1601779566, 0, 0, 573, 573, 2, 7.90%, 0, 0, 2, 73.96 5179 63503
1601779571, 0, 0, 579, 579, 2, 7.90%, 0, 0, 2, 73.05 5179 63878
1601779576, 0, 0, 585, 585, 2, 7.90%, 0, 0, 2, 75.22 5179 64260
1601779582, 0, 0, 589, 589, 2, 7.91%, 0, 0, 2, 73.82 5181 64638
1601779592, 0, 0, 593, 593, 2, 7.91%, 0, 0, 2, 73.34 5183 65397
1601779597, 0, 0, 599, 599, 2, 7.91%, 0, 0, 2, 73.09 5183 65773
1601779602, 0, 0, 604, 604, 2, 7.91%, 0, 0, 2, 73.31 5184 66147
1601779673, 0, 0, 605, 605, 2, 7.91%, 0, 0, 2, 71.84 5185 71269
1601779709, 0, 0, 608, 608, 2, 7.91%, 0, 0, 2, 72.74 5186 73808
1601779714, 0, 0, 609, 609, 2, 7.91%, 0, 0, 2, 73.00 5186 74183
1601779719, 0, 0, 610, 610, 2, 7.91%, 0, 0, 2, 72.16 5186 74557
1601779750, 0, 0, 612, 612, 2, 7.92%, 0, 0, 2, 71.42 5188 76718
1601779760, 0, 0, 619, 619, 2, 7.92%, 0, 0, 2, 71.21 5188 77435
1601779775, 0, 0, 620, 620, 2, 7.92%, 0, 0, 2, 71.32 5189 78515
1601780025, 0, 0, 621, 621, 2, 7.92%, 0, 0, 2, 74.82 5189 97160
1601780041, 0, 0, 622, 622, 2, 7.93%, 0, 0, 2, 72.80 5194 98321
1601780051, 0, 0, 624, 624, 2, 7.93%, 0, 0, 2, 72.65 5194 99072
1601780056, 0, 0, 628, 628, 2, 7.93%, 0, 0, 2, 71.63 5194 99429
1601780061, 0, 0, 632, 632, 2, 7.93%, 0, 0, 2, 73.09 5195 99811
1601780076, 0, 0, 633, 633, 2, 7.93%, 0, 0, 2, 71.87 5195 100885
1601780112, 0, 0, 634, 634, 2, 7.93%, 0, 0, 2, 71.55 5195 103454
1601780300, 0, 0, 635, 635, 2, 7.93%, 0, 0, 2, 76.01 5195 117441
1601780355, 0, 0, 637, 637, 2, 7.94%, 0, 0, 2, 75.29 5203 121488
1601780360, 0, 0, 638, 638, 2, 7.94%, 0, 0, 2, 78.63 5203 121902
1601780366, 0, 0, 640, 640, 2, 7.94%, 0, 0, 2, 73.57 5203 122278
1601780371, 0, 0, 641, 641, 2, 7.94%, 0, 0, 2, 73.48 5203 122656
1601780376, 0, 0, 642, 642, 2, 7.94%, 0, 0, 2, 72.28 5205 123031
1601780406, 0, 0, 645, 645, 2, 7.95%, 0, 0, 2, 79.47 5209 125279
1601780422, 0, 0, 647, 647, 2, 7.95%, 0, 0, 2, 87.54 5209 126645
1601780427, 0, 0, 649, 649, 2, 7.95%, 0, 0, 2, 77.13 5209 127042
1601780432, 0, 0, 651, 651, 2, 7.95%, 0, 0, 2, 72.27 5211 127399
1601780437, 0, 0, 652, 652, 2, 7.95%, 0, 0, 2, 71.71 5211 127758
1601780462, 0, 0, 654, 654, 2, 7.97%, 0, 0, 2, 74.21 5222 129590
1601780467, 0, 0, 660, 660, 2, 7.98%, 0, 0, 2, 75.14 5227 129975
1601780473, 0, 0, 662, 662, 2, 7.98%, 0, 0, 2, 73.76 5230 130355
1601780478, 0, 0, 663, 663, 2, 7.98%, 0, 0, 2, 74.14 5230 130733
1601780488, 0, 0, 665, 665, 2, 7.98%, 0, 0, 2, 74.15 5230 131484
1601780503, 0, 0, 666, 666, 2, 7.98%, 0, 0, 2, 72.18 5231 132596
1601780508, 0, 0, 667, 667, 2, 7.98%, 0, 0, 2, 71.36 5231 132952
1601780513, 0, 0, 668, 668, 2, 7.98%, 0, 0, 2, 71.45 5231 133314
1601780564, 0, 0, 670, 670, 2, 7.98%, 0, 0, 2, 71.78 5231 136931
1601780594, 0, 0, 672, 672, 2, 7.98%, 0, 0, 2, 74.91 5233 139166
1601780676, 0, 0, 673, 673, 2, 7.98%, 0, 0, 2, 73.39 5233 145816
1601780722, 0, 0, 674, 674, 2, 7.98%, 0, 0, 2, 73.97 5233 149105
1601780727, 0, 0, 675, 675, 2, 7.99%, 0, 0, 2, 77.98 5234 149507
1601780737, 0, 0, 686, 686, 2, 8.00%, 0, 0, 2, 75.24 5245 150285
1601780742, 0, 0, 687, 687, 2, 8.00%, 0, 0, 2, 76.12 5245 150675
1601780753, 0, 0, 688, 688, 2, 8.00%, 0, 0, 2, 76.42 5245 151452
1601780758, 0, 0, 689, 689, 2, 8.00%, 0, 0, 2, 75.06 5245 151830
1601780763, 0, 0, 690, 690, 2, 8.00%, 0, 0, 2, 74.88 5245 152212
1601780773, 0, 0, 691, 691, 2, 8.00%, 0, 0, 2, 74.88 5245 152981
1601780814, 0, 0, 692, 692, 2, 8.00%, 0, 0, 2, 71.45 5245 155943
1601780819, 0, 0, 693, 693, 2, 8.00%, 0, 0, 2, 70.94 5245 156298
1601780854, 0, 0, 694, 694, 2, 8.00%, 0, 0, 2, 71.82 5245 158824
1601780885, 0, 0, 696, 696, 2, 8.00%, 0, 0, 2, 71.89 5245 161034
1601780895, 0, 0, 699, 699, 2, 8.01%, 0, 0, 2, 71.33 5247 161779
1601780900, 0, 0, 700, 700, 2, 8.01%, 0, 0, 2, 69.65 5248 162132
1601780905, 0, 0, 701, 701, 2, 8.02%, 0, 0, 2, 71.21 5258 162492
1601780915, 0, 0, 702, 702, 2, 8.02%, 0, 0, 2, 71.66 5259 163212
1601780966, 0, 0, 705, 705, 2, 8.02%, 0, 0, 2, 75.25 5259 166788
1601780971, 0, 0, 709, 709, 2, 8.03%, 0, 0, 2, 72.59 5260 167149
1601780976, 0, 0, 712, 712, 2, 8.03%, 0, 0, 2, 77.65 5261 167549
1601780981, 0, 0, 713, 713, 2, 8.03%, 0, 0, 2, 83.85 5261 167974
1601780986, 0, 0, 715, 715, 2, 8.03%, 0, 0, 2, 92.29 5261 168452
1601780991, 0, 0, 716, 716, 2, 8.03%, 0, 0, 2, 89.98 5261 168922
1601780996, 0, 0, 717, 717, 2, 8.03%, 0, 0, 2, 91.56 5261 169395
1601781012, 0, 0, 724, 724, 2, 8.03%, 0, 0, 2, 72.45 5261 170534
1601781047, 0, 0, 726, 726, 2, 8.03%, 0, 0, 2, 76.33 5261 173112
1601781052, 0, 0, 730, 730, 2, 8.03%, 0, 0, 2, 78.76 5261 173515
1601781062, 0, 0, 731, 731, 2, 8.03%, 0, 0, 2, 74.53 5261 174273
1601781073, 0, 0, 732, 732, 2, 8.03%, 0, 0, 2, 75.29 5261 175050
1601781078, 0, 0, 733, 733, 2, 8.03%, 0, 0, 2, 73.94 5261 175435
1601781119, 0, 0, 734, 734, 2, 8.03%, 0, 0, 2, 72.39 5261 178374
1601781124, 0, 0, 735, 735, 2, 8.03%, 0, 0, 2, 72.18 5261 178749
1601781129, 0, 0, 736, 736, 2, 8.03%, 0, 0, 2, 71.34 5261 179108
1601781159, 0, 0, 746, 746, 2, 8.03%, 0, 0, 2, 77.67 5262 181306
1601781164, 0, 0, 773, 773, 2, 8.04%, 0, 0, 2, 86.94 5269 181760
1601781170, 0, 0, 795, 795, 2, 8.06%, 0, 0, 2, 88.39 5280 182214
1601781175, 0, 0, 812, 812, 2, 8.06%, 0, 0, 2, 86.95 5282 182668
1601781180, 0, 0, 823, 823, 2, 8.06%, 0, 0, 2, 88.04 5285 183123
1601781185, 0, 0, 831, 831, 2, 8.07%, 0, 0, 2, 88.09 5288 183578
1601781190, 0, 0, 839, 839, 2, 8.07%, 0, 0, 2, 87.73 5289 184024
1601781195, 0, 0, 850, 850, 2, 8.07%, 0, 0, 2, 88.17 5289 184474
1601781200, 0, 0, 858, 858, 2, 8.07%, 0, 0, 2, 86.83 5289 184919
1601781205, 0, 0, 864, 864, 2, 8.08%, 0, 0, 2, 85.81 5295 185362
1601781211, 0, 0, 869, 869, 2, 8.08%, 0, 0, 2, 88.07 5295 185815
1601781216, 0, 0, 874, 874, 2, 8.08%, 0, 0, 2, 87.57 5295 186264
1601781221, 0, 0, 877, 877, 2, 8.08%, 0, 0, 2, 88.31 5295 186717
1601781226, 0, 0, 883, 883, 2, 8.08%, 0, 0, 2, 87.67 5295 187168
1601781231, 0, 0, 889, 889, 2, 8.08%, 0, 0, 2, 89.72 5295 187628
1601781236, 0, 0, 894, 894, 2, 8.08%, 0, 0, 2, 88.34 5295 188077
1601781241, 0, 0, 895, 895, 2, 8.08%, 0, 0, 2, 88.53 5295 188532
1601781246, 0, 0, 899, 899, 2, 8.08%, 0, 0, 2, 87.69 5295 188977
1601781252, 0, 0, 902, 902, 2, 8.08%, 0, 0, 2, 88.57 5295 189431
1601781257, 0, 0, 905, 905, 2, 8.08%, 0, 0, 2, 88.88 5295 189885
1601781262, 0, 0, 909, 909, 2, 8.08%, 0, 0, 2, 89.41 5298 190343
1601781267, 0, 0, 913, 913, 2, 8.08%, 0, 0, 2, 88.21 5298 190793
1601781272, 0, 0, 919, 919, 2, 8.08%, 0, 0, 2, 87.62 5298 191237
1601781277, 0, 0, 922, 922, 2, 8.09%, 0, 0, 2, 87.98 5299 191686
1601781282, 0, 0, 927, 927, 2, 8.09%, 0, 0, 2, 87.70 5304 192138
1601781287, 0, 0, 929, 929, 2, 8.09%, 0, 0, 2, 88.65 5304 192598
1601781292, 0, 0, 932, 932, 2, 8.09%, 0, 0, 2, 90.24 5304 193016
1601781298, 0, 0, 935, 935, 2, 8.09%, 0, 0, 2, 88.18 5304 193464
1601781303, 0, 0, 942, 942, 2, 8.09%, 0, 0, 2, 87.09 5305 193908
1601781308, 0, 0, 945, 945, 2, 8.09%, 0, 0, 2, 87.91 5305 194362
1601781313, 0, 0, 947, 947, 2, 8.10%, 0, 0, 2, 86.94 5306 194808
1601781318, 0, 0, 949, 949, 2, 8.10%, 0, 0, 2, 87.88 5306 195261
1601781323, 0, 0, 951, 951, 2, 8.10%, 0, 0, 2, 89.05 5306 195718
1601781328, 0, 0, 954, 954, 2, 8.10%, 0, 0, 2, 87.50 5306 196162
1601781333, 0, 0, 958, 958, 2, 8.10%, 0, 0, 2, 88.16 5307 196613
1601781339, 0, 0, 959, 959, 2, 8.10%, 0, 0, 2, 88.61 5307 197069
1601781344, 0, 0, 961, 961, 2, 8.10%, 0, 0, 2, 88.56 5307 197521
1601781349, 0, 0, 965, 965, 2, 8.10%, 0, 0, 2, 86.45 5307 197960
1601781354, 0, 0, 967, 967, 2, 8.10%, 0, 0, 2, 86.00 5307 198402
1601781359, 0, 0, 968, 968, 2, 8.10%, 0, 0, 2, 86.43 5307 198845
1601781364, 0, 0, 969, 969, 2, 8.10%, 0, 0, 2, 86.87 5307 199291
1601781369, 0, 1, 969, 968, 182, 8.10%, 0, 0, 2, 87.99 5307 199741
1601781375, 0, 1, 973, 972, 182, 8.10%, 0, 0, 2, 88.09 5310 200200
1601781380, 0, 1, 980, 979, 182, 8.26%, 0, 0, 2, 81.66 5416 200617
1601781385, 0, 1, 987, 986, 182, 8.36%, 0, 0, 2, 86.02 5479 201056
1601781390, 0, 1, 991, 990, 182, 8.37%, 0, 0, 2, 80.14 5487 201456
1601781395, 0, 1, 992, 991, 182, 8.38%, 0, 0, 2, 78.63 5492 201856
1601781415, 0, 1, 997, 996, 182, 8.38%, 0, 0, 2, 78.61 5493 203459
1601781420, 0, 1, 999, 998, 182, 8.38%, 0, 0, 2, 79.14 5493 203860
1601781425, 0, 1, 1000, 999, 182, 8.38%, 0, 0, 2, 79.04 5494 204260
1601781466, 0, 1, 1009, 1008, 182, 8.39%, 0, 0, 2, 78.62 5499 207433
1601781471, 0, 1, 1015, 1014, 182, 8.39%, 0, 0, 2, 75.14 5499 207823
1601781476, 0, 1, 1026, 1025, 182, 8.43%, 0, 0, 2, 81.83 5525 208241
1601781481, 0, 1, 1040, 1039, 182, 8.48%, 0, 0, 2, 83.07 5559 208662
1601781487, 0, 1, 1069, 1068, 182, 8.63%, 0, 0, 2, 83.10 5654 209084
1601781492, 0, 1, 1072, 1071, 182, 8.63%, 0, 0, 2, 79.63 5658 209489
1601781497, 0, 1, 1088, 1087, 182, 8.82%, 0, 0, 2, 79.16 5780 209892
1601781502, 0, 1, 1112, 1111, 182, 8.91%, 0, 0, 2, 78.38 5839 210278
1601781507, 0, 1, 1123, 1122, 182, 8.98%, 0, 0, 2, 78.43 5886 210678
1601781512, 0, 1, 1126, 1125, 182, 8.98%, 0, 0, 2, 78.59 5886 211078
1601781517, 0, 1, 1130, 1129, 182, 8.99%, 0, 0, 2, 78.54 5891 211478
1601781522, 0, 1, 1140, 1139, 182, 9.19%, 0, 0, 2, 79.09 6026 211880
1601781527, 0, 1, 1154, 1153, 182, 9.25%, 0, 0, 2, 78.62 6059 212282
1601781532, 0, 1, 1157, 1156, 182, 9.25%, 0, 0, 2, 85.00 6063 212710
1601781543, 0, 1, 1158, 1157, 182, 9.25%, 0, 0, 2, 83.53 6063 213560
1601781548, 0, 1, 1159, 1158, 182, 9.25%, 0, 0, 2, 79.95 6064 213960
1601781553, 0, 1, 1160, 1159, 182, 9.25%, 0, 0, 2, 79.03 6064 214360
1601781619, 0, 1, 1162, 1161, 182, 9.25%, 0, 0, 2, 78.65 6065 219563
1601781624, 0, 1, 1165, 1164, 182, 9.25%, 0, 0, 2, 78.57 6065 219963
1601781634, 0, 1, 1167, 1166, 182, 9.26%, 0, 0, 2, 81.70 6068 220789
1601781639, 0, 1, 1178, 1177, 182, 9.31%, 0, 0, 2, 81.72 6102 221213
1601781644, 0, 1, 1182, 1181, 182, 9.31%, 0, 0, 2, 79.61 6102 221615
1601781650, 0, 1, 1193, 1192, 182, 9.34%, 0, 0, 2, 79.24 6122 222016
1601781655, 0, 1, 1195, 1194, 182, 9.35%, 0, 0, 2, 79.72 6130 222425
1601781660, 0, 1, 1196, 1195, 182, 9.36%, 0, 0, 2, 79.29 6132 222825
1601781665, 0, 1, 1201, 1200, 182, 9.37%, 0, 0, 2, 79.29 6138 223226
1601781670, 0, 1, 1209, 1208, 182, 9.39%, 0, 0, 2, 79.97 6156 223633
1601781776, 0, 1, 1210, 1209, 182, 9.39%, 0, 0, 2, 82.29 6156 232169
1601781781, 0, 1, 1214, 1213, 182, 9.42%, 0, 0, 2, 81.73 6175 232591
1601781787, 0, 1, 1218, 1217, 182, 9.43%, 0, 0, 2, 80.56 6178 232998
1601781792, 0, 1, 1225, 1224, 182, 9.45%, 0, 0, 2, 80.19 6191 233409
1601781797, 0, 1, 1230, 1229, 182, 9.47%, 0, 0, 2, 79.80 6207 233816
1601781802, 0, 1, 1231, 1230, 182, 9.47%, 0, 0, 2, 79.93 6209 234220
1601781807, 0, 1, 1235, 1234, 182, 9.51%, 0, 0, 2, 80.50 6230 234639
1601781812, 0, 1, 1242, 1241, 182, 9.52%, 0, 0, 2, 79.84 6241 235045
1601781817, 0, 1, 1244, 1243, 182, 9.53%, 0, 0, 2, 80.81 6243 235451
1601781832, 0, 1, 1247, 1246, 182, 9.53%, 0, 0, 2, 77.62 6246 236658
1601781842, 0, 1, 1253, 1252, 182, 9.54%, 0, 0, 2, 80.83 6250 237481
1601781848, 0, 1, 1255, 1254, 182, 9.54%, 0, 0, 2, 81.82 6250 237896
1601781853, 0, 1, 1259, 1258, 182, 9.54%, 0, 0, 2, 82.29 6250 238311
1601781858, 0, 1, 1264, 1263, 182, 9.54%, 0, 0, 2, 86.98 6253 238742
1601781863, 0, 1, 1266, 1265, 182, 9.55%, 0, 0, 2, 84.19 6256 239179
1601781868, 0, 1, 1267, 1266, 182, 9.55%, 0, 0, 2, 85.67 6261 239620
1601781898, 0, 1, 1268, 1267, 182, 9.55%, 0, 0, 2, 80.31 6261 242122
1601781909, 0, 1, 1270, 1269, 182, 9.56%, 0, 0, 2, 85.61 6262 242971
1601781960, 0, 1, 1271, 1270, 182, 9.56%, 0, 0, 2, 79.76 6262 247201
1601782016, 0, 1, 1272, 1271, 182, 9.56%, 0, 0, 2, 79.71 6262 251638
1601782127, 0, 1, 1273, 1272, 182, 9.56%, 0, 0, 2, 75.19 6262 260431
1601782132, 0, 1, 1274, 1273, 182, 9.56%, 0, 0, 2, 79.10 6262 260839
1601782137, 0, 1, 1277, 1276, 182, 9.56%, 0, 0, 2, 79.94 6262 261254
1601782142, 0, 1, 1278, 1277, 182, 9.56%, 0, 0, 2, 79.73 6262 261659
1601782193, 0, 1, 1279, 1278, 182, 9.56%, 0, 0, 2, 16.93 6262 265680
1601782204, 0, 1, 1280, 1279, 182, 9.56%, 0, 0, 2, 86.42 6262 266542
1601782214, 0, 1, 1285, 1284, 182, 9.57%, 0, 0, 2, 81.99 6269 267385
1601782219, 0, 1, 1288, 1287, 182, 9.57%, 0, 0, 2, 85.07 6271 267820
1601782224, 0, 1, 1298, 1297, 182, 9.62%, 0, 0, 2, 84.13 6306 268237
1601782229, 0, 1, 1300, 1299, 182, 9.62%, 0, 0, 2, 86.47 6306 268688
1601782234, 0, 1, 1302, 1301, 182, 9.62%, 0, 0, 2, 83.18 6306 269107
1601782239, 0, 1, 1303, 1302, 182, 9.62%, 0, 0, 2, 80.24 6306 269515
1601782245, 0, 1, 1317, 1316, 182, 9.62%, 0, 0, 2, 79.98 6307 269923
1601782250, 0, 1, 1320, 1319, 182, 9.62%, 0, 0, 2, 78.41 6307 270326
1601782255, 0, 1, 1323, 1322, 182, 9.63%, 0, 0, 2, 79.17 6312 270729
1601782260, 0, 1, 1324, 1323, 182, 9.63%, 0, 0, 2, 78.54 6313 271128
1601782265, 0, 1, 1325, 1324, 182, 9.64%, 0, 0, 2, 78.14 6316 271528
1601782270, 0, 1, 1327, 1326, 182, 9.64%, 0, 0, 2, 77.68 6317 271921
1601782285, 0, 1, 1328, 1327, 182, 9.64%, 0, 0, 2, 77.81 6318 273118
1601782291, 0, 1, 1332, 1331, 182, 9.65%, 0, 0, 2, 78.67 6323 273519
1601782341, 0, 1, 1333, 1332, 182, 9.65%, 0, 0, 2, 78.93 6326 277544
1601782346, 0, 1, 1334, 1333, 182, 9.66%, 0, 0, 2, 76.62 6330 277921
1601782357, 0, 1, 1336, 1335, 182, 9.66%, 0, 0, 2, 78.06 6330 278720
1601782367, 0, 1, 1337, 1336, 182, 9.66%, 0, 0, 2, 78.47 6330 279518
1601782377, 0, 1, 1338, 1337, 182, 9.66%, 0, 0, 2, 78.75 6330 280305
1601782382, 0, 1, 1343, 1342, 182, 9.66%, 0, 0, 2, 81.42 6331 280718
1601782387, 0, 1, 1345, 1344, 182, 9.66%, 0, 0, 2, 81.08 6332 281133
1601782402, 0, 1, 1346, 1345, 182, 9.66%, 0, 0, 2, 79.37 6332 282351
1601782720, 0, 1, 1347, 1346, 182, 9.66%, 0, 0, 2, 87.34 6332 307919
1601782725, 0, 1, 1348, 1347, 182, 9.66%, 0, 0, 2, 88.33 6332 308371
1601782730, 0, 1, 1349, 1348, 182, 9.66%, 0, 0, 2, 91.24 6334 308832
1601782745, 0, 1, 1351, 1350, 182, 9.66%, 0, 0, 2, 83.08 6334 310154
1601782756, 0, 1, 1353, 1352, 182, 9.67%, 0, 0, 2, 80.64 6336 310975
1601782766, 0, 1, 1356, 1355, 182, 9.68%, 0, 0, 2, 77.75 6345 311792
1601782771, 0, 1, 1357, 1356, 182, 9.69%, 0, 0, 2, 79.54 6348 312204
1601782792, 0, 1, 1358, 1357, 182, 9.69%, 0, 0, 2, 80.24 6348 313847
1601782797, 0, 1, 1359, 1358, 182, 9.70%, 0, 0, 2, 80.32 6355 314254
1601782807, 0, 1, 1360, 1359, 182, 9.70%, 0, 0, 2, 80.23 6357 315075
1601783018, 0, 1, 1361, 1360, 182, 9.70%, 0, 0, 2, 81.78 6357 332220
1601783023, 0, 1, 1362, 1361, 182, 9.70%, 0, 0, 2, 81.53 6358 332645
1601783038, 0, 1, 1368, 1367, 182, 9.71%, 0, 0, 2, 83.68 6363 333897
1601783043, 0, 1, 1372, 1371, 182, 9.71%, 0, 0, 2, 80.77 6365 334307
1601783054, 0, 1, 1374, 1373, 182, 9.71%, 0, 0, 2, 80.58 6365 335128
1601783084, 0, 1, 1375, 1374, 182, 9.72%, 0, 0, 2, 84.37 6367 337767
1601783089, 0, 1, 1377, 1376, 182, 9.72%, 0, 0, 2, 81.76 6368 338172
1601783115, 0, 1, 1378, 1377, 182, 9.72%, 0, 0, 2, 80.06 6368 340228
1601783146, 0, 1, 1379, 1378, 182, 9.72%, 0, 0, 2, 79.77 6368 342674
1601783151, 0, 1, 1380, 1379, 182, 9.72%, 0, 0, 2, 78.32 6368 343075
1601783166, 0, 1, 1381, 1380, 182, 9.72%, 0, 0, 2, 86.17 6368 344351
1601783181, 0, 1, 1384, 1383, 182, 9.72%, 0, 0, 2, 84.25 6368 345686
1601783187, 0, 1, 1386, 1385, 182, 9.72%, 0, 0, 2, 78.96 6371 346094
1601783233, 0, 1, 1388, 1387, 182, 9.72%, 0, 0, 2, 80.15 6371 349806
1601783238, 0, 1, 1389, 1388, 182, 9.72%, 0, 0, 2, 80.07 6371 350214
1601783248, 0, 1, 1393, 1392, 182, 9.72%, 0, 0, 2, 80.64 6371 351030
1601783253, 0, 1, 1394, 1393, 182, 9.72%, 0, 0, 2, 80.68 6371 351448
1601783263, 0, 1, 1396, 1395, 182, 9.72%, 0, 0, 2, 89.40 6371 352304
1601783438, 0, 1, 1397, 1396, 182, 9.72%, 0, 0, 2, 80.58 6371 366659
1601783453, 0, 1, 1398, 1397, 182, 9.72%, 0, 0, 2, 80.48 6371 367915
1601783489, 0, 1, 1400, 1399, 182, 9.72%, 0, 0, 2, 90.57 6371 370963
1601783495, 0, 1, 1401, 1400, 182, 9.72%, 0, 0, 2, 92.78 6371 371437
1601783505, 0, 1, 1403, 1402, 182, 9.72%, 0, 0, 2, 94.81 6372 372426
1601783515, 0, 1, 1407, 1406, 182, 9.72%, 0, 0, 2, 89.64 6372 373330
1601783520, 0, 1, 1417, 1416, 182, 9.73%, 0, 0, 2, 89.90 6375 373801
1601783525, 0, 1, 1419, 1418, 182, 9.73%, 0, 0, 2, 85.62 6375 374238
1601783587, 0, 1, 1420, 1419, 182, 9.73%, 0, 0, 2, 81.22 6375 379341
1601783592, 0, 1, 1422, 1421, 182, 9.73%, 0, 0, 2, 80.80 6375 379746
1601783607, 0, 1, 1423, 1422, 182, 9.73%, 0, 0, 2, 78.10 6375 380966
1601783617, 0, 1, 1427, 1426, 182, 9.73%, 0, 0, 2, 81.94 6375 381777
1601783622, 0, 1, 1433, 1432, 182, 9.74%, 0, 0, 2, 82.74 6380 382207
1601783653, 0, 1, 1434, 1433, 182, 9.74%, 0, 0, 2, 88.23 6380 384728
1601783658, 0, 1, 1436, 1435, 182, 9.74%, 0, 0, 2, 90.68 6380 385204
1601783827, 0, 1, 1437, 1436, 182, 9.74%, 0, 0, 2, 88.24 6380 398938
1601783832, 0, 1, 1438, 1437, 182, 9.74%, 0, 0, 2, 85.77 6380 399376
1601783837, 0, 1, 1439, 1438, 182, 9.74%, 0, 0, 2, 92.11 6381 399851
1601783848, 0, 1, 1444, 1443, 182, 9.74%, 0, 0, 2, 81.90 6381 400714
1601783904, 0, 1, 1445, 1444, 182, 9.74%, 0, 0, 2, 79.88 6381 405243
1601783914, 0, 1, 1449, 1448, 182, 9.74%, 0, 0, 2, 81.90 6384 406064
1601783919, 0, 1, 1450, 1449, 182, 9.74%, 0, 0, 2, 80.52 6384 406475
1601783940, 0, 1, 1455, 1454, 182, 9.75%, 0, 0, 2, 92.04 6387 408189
1601783945, 0, 1, 1461, 1460, 182, 9.75%, 0, 0, 2, 92.99 6390 408664
1601783950, 0, 1, 1466, 1465, 182, 9.76%, 0, 0, 2, 93.22 6398 409141
1601783955, 0, 1, 1469, 1468, 182, 9.76%, 0, 0, 2, 93.61 6398 409617
1601783960, 0, 1, 1470, 1469, 182, 9.76%, 0, 0, 2, 93.95 6398 410096
1601783965, 0, 1, 1475, 1474, 182, 9.76%, 0, 0, 2, 93.83 6398 410575
1601783971, 0, 1, 1477, 1476, 182, 9.76%, 0, 0, 2, 93.45 6398 411049
1601783976, 0, 1, 1479, 1478, 182, 9.77%, 0, 0, 2, 94.84 6402 411538
1601783991, 0, 1, 1484, 1483, 182, 9.77%, 0, 0, 2, 94.00 6403 412995
1601783996, 0, 1, 1488, 1487, 182, 9.78%, 0, 0, 2, 93.59 6412 413472
1601784001, 0, 1, 1491, 1490, 182, 9.80%, 0, 0, 2, 93.87 6420 413955
1601784006, 0, 1, 1493, 1492, 182, 9.80%, 0, 0, 2, 93.46 6420 414432
1601784012, 0, 1, 1498, 1497, 182, 9.81%, 0, 0, 2, 93.78 6430 414915
1601784022, 0, 1, 1499, 1498, 182, 9.81%, 0, 0, 2, 93.70 6431 415876
1601784027, 0, 1, 1501, 1500, 182, 9.81%, 0, 0, 2, 93.13 6431 416353
1601784037, 0, 1, 1503, 1502, 182, 9.81%, 0, 0, 2, 93.55 6432 417278
1601784042, 0, 1, 1508, 1507, 182, 9.82%, 0, 0, 2, 92.85 6437 417756
1601784052, 0, 1, 1509, 1508, 182, 9.82%, 0, 0, 2, 94.61 6437 418718
1601784063, 0, 1, 1512, 1511, 182, 9.83%, 0, 0, 2, 94.24 6439 419680
1601784068, 0, 1, 1515, 1514, 182, 9.83%, 0, 0, 2, 93.69 6439 420162
1601784073, 0, 1, 1518, 1517, 182, 9.83%, 0, 0, 2, 93.48 6439 420644
1601784083, 0, 1, 1521, 1520, 182, 9.83%, 0, 0, 2, 93.57 6439 421604
1601784088, 0, 1, 1522, 1521, 182, 9.83%, 0, 0, 2, 12.23 6439 422049
1601784093, 0, 1, 1523, 1522, 182, 9.83%, 0, 0, 2, 97.57 6443 422523
1601784098, 0, 1, 1527, 1526, 182, 9.83%, 0, 0, 2, 93.57 6443 422997
1601784114, 0, 1, 1529, 1528, 182, 9.83%, 0, 0, 2, 93.17 6443 424425
1601784119, 0, 2, 1531, 1529, 351, 9.83%, 0, 0, 3, 95.34 6443 424914
1601784185, 0, 2, 1538, 1536, 351, 9.85%, 0, 0, 3, 99.94 6454 431381
1601784190, 0, 2, 1539, 1537, 351, 9.85%, 0, 0, 3, 100.68 6455 431891
1601784196, 0, 2, 1540, 1538, 351, 9.85%, 0, 0, 3, 101.17 6455 432407
1601784206, 0, 2, 1541, 1539, 351, 9.85%, 0, 0, 3, 101.07 6456 433437
1601784216, 0, 2, 1542, 1540, 351, 9.85%, 0, 0, 3, 101.40 6456 434473
1601784262, 0, 2, 1544, 1542, 351, 9.85%, 0, 0, 3, 101.60 6458 439157
1601784344, 0, 4, 1544, 1541, 356, 9.85%, 0, 0, 3, 102.46 6458 447573
1601784359, 0, 4, 1545, 1542, 356, 9.86%, 0, 0, 3, 99.13 6463 449078
1601784425, 0, 5, 1545, 1541, 356, 9.86%, 0, 0, 3, 100.41 6463 455589
1601784543, 0, 6, 1545, 1540, 355, 9.86%, 0, 0, 3, 99.49 6463 467067
1601784660, 0, 20, 1545, 1539, 354, 9.86%, 0, 0, 3, 93.42 6463 478565
1601784681, 0, 20, 1546, 1540, 354, 9.86%, 0, 0, 3, 83.50 6463 480213
1601784691, 0, 20, 1547, 1541, 354, 9.86%, 0, 0, 3, 74.03 6463 480955
1601784717, 0, 20, 1549, 1543, 354, 9.86%, 0, 0, 3, 74.25 6463 482848
1601784722, 0, 20, 1551, 1545, 354, 9.86%, 0, 0, 3, 73.43 6463 483225
1601784844, 0, 20, 1552, 1546, 354, 9.86%, 0, 0, 3, 84.17 6463 492081
1601784891, 0, 20, 1553, 1547, 354, 9.86%, 0, 0, 3, 73.32 6463 495485
1601784912, 0, 20, 1554, 1548, 354, 9.86%, 0, 0, 3, 72.51 6463 496976
1601784917, 0, 20, 1555, 1549, 354, 9.86%, 0, 0, 3, 72.43 6463 497351
1601785055, 0, 20, 1557, 1551, 354, 9.86%, 0, 0, 3, 74.02 6463 507601
1601785432, 0, 20, 1559, 1553, 354, 9.86%, 0, 0, 3, 73.10 6463 535756
1601785437, 0, 20, 1560, 1554, 354, 9.86%, 0, 0, 3, 73.39 6463 536135
1601785443, 0, 20, 1562, 1556, 354, 9.86%, 0, 0, 3, 72.71 6463 536510
1601785448, 0, 20, 1563, 1557, 354, 9.86%, 0, 0, 3, 72.95 6463 536885
1601785626, 0, 20, 1565, 1559, 354, 9.86%, 0, 0, 3, 72.98 6463 549708
1601786228, 0, 20, 1566, 1560, 354, 9.86%, 0, 0, 3, 74.06 6463 594673
1601786810, 0, 20, 1567, 1561, 354, 9.86%, 0, 0, 3, 73.29 6463 638278
1601786907, 0, 20, 1571, 1565, 354, 9.86%, 0, 0, 3, 76.44 6464 646087
1601786913, 0, 20, 1572, 1566, 354, 9.86%, 0, 0, 3, 76.40 6464 646479
1601786928, 0, 20, 1573, 1567, 354, 9.86%, 0, 0, 3, 74.49 6464 647599
1601787070, 0, 20, 1574, 1568, 354, 9.86%, 0, 0, 3, 84.39 6465 657959
1601787075, 0, 20, 1575, 1569, 354, 9.86%, 0, 0, 3, 88.51 6465 658415
1601787086, 0, 20, 1577, 1571, 354, 9.87%, 0, 0, 3, 88.57 6466 659318
1601787091, 0, 20, 1578, 1572, 354, 9.87%, 0, 0, 3, 88.65 6466 659773
1601787096, 0, 20, 1582, 1576, 354, 9.87%, 0, 0, 3, 84.53 6466 660215
1601787106, 0, 20, 1583, 1577, 354, 9.87%, 0, 0, 3, 89.15 6466 661147
1601787116, 0, 20, 1584, 1578, 354, 9.87%, 0, 0, 3, 88.72 6466 662059
1601787122, 0, 20, 1586, 1580, 354, 9.87%, 0, 0, 3, 87.88 6466 662513
1601787127, 0, 20, 1587, 1581, 354, 9.87%, 0, 0, 3, 89.30 6466 662974
1601787132, 0, 20, 1588, 1582, 354, 9.87%, 0, 0, 3, 89.53 6466 663437
1601787137, 0, 20, 1589, 1583, 354, 9.87%, 0, 0, 3, 89.09 6466 663893
1601787142, 0, 20, 1590, 1584, 354, 9.87%, 0, 0, 3, 89.23 6466 664350
1601787147, 0, 20, 1592, 1586, 354, 9.87%, 0, 0, 3, 88.28 6466 664798
1601787152, 0, 20, 1595, 1589, 354, 9.87%, 0, 0, 3, 89.22 6467 665253
1601787158, 0, 20, 1596, 1590, 354, 9.87%, 0, 0, 3, 85.17 6467 665675
1601787163, 0, 20, 1599, 1593, 354, 9.87%, 0, 0, 3, 85.56 6467 666112
1601787168, 0, 20, 1602, 1596, 354, 9.87%, 0, 0, 3, 87.62 6467 666561
1601787178, 0, 20, 1603, 1597, 354, 9.87%, 0, 0, 3, 88.16 6469 667468
1601787183, 0, 20, 1605, 1599, 354, 9.87%, 0, 0, 3, 86.76 6469 667912
1601787188, 0, 20, 1606, 1600, 354, 9.87%, 0, 0, 3, 89.73 6470 668377
1601787204, 0, 20, 1608, 1602, 354, 9.87%, 0, 0, 3, 87.22 6470 669719
1601787219, 0, 20, 1609, 1603, 354, 9.87%, 0, 0, 3, 85.64 6470 671040
1601787229, 0, 20, 1612, 1606, 354, 9.87%, 0, 0, 3, 88.50 6470 671946
1601787234, 0, 20, 1615, 1609, 354, 9.89%, 0, 0, 3, 88.96 6481 672403
1601787240, 0, 20, 1617, 1611, 354, 9.89%, 0, 0, 3, 88.64 6481 672858
1601787255, 0, 20, 1618, 1612, 354, 9.89%, 0, 0, 3, 88.18 6481 674233
1601787260, 0, 23, 1618, 1611, 359, 9.89%, 0, 0, 3, 85.42 6481 674672
1601787286, 0, 23, 1621, 1614, 359, 9.89%, 0, 0, 3, 80.34 6481 676802
1601787316, 0, 23, 1625, 1618, 359, 9.89%, 0, 0, 3, 81.49 6481 679260
1601787321, 0, 23, 1629, 1622, 359, 9.89%, 0, 0, 3, 81.10 6481 679682
1601787327, 0, 23, 1630, 1623, 359, 9.89%, 0, 0, 3, 80.98 6481 680103
1601787332, 0, 23, 1632, 1625, 359, 9.89%, 0, 0, 3, 81.18 6481 680525
1601787434, 0, 23, 1634, 1627, 359, 9.89%, 0, 0, 3, 83.45 6481 688888
1601787465, 0, 23, 1636, 1629, 359, 9.89%, 0, 0, 3, 81.25 6481 691381
1601787470, 0, 23, 1639, 1632, 359, 9.89%, 0, 0, 3, 81.69 6481 691805
1601787614, 0, 23, 1640, 1633, 359, 9.89%, 0, 0, 3, 82.36 6481 703511
1601787619, 0, 23, 1641, 1634, 359, 9.89%, 0, 0, 3, 82.44 6481 703936
1601787640, 0, 23, 1642, 1635, 359, 9.89%, 0, 0, 3, 79.26 6481 705580
1601787748, 0, 23, 1643, 1636, 359, 9.89%, 0, 0, 3, 82.42 6481 714364
1601787799, 0, 23, 1644, 1637, 359, 9.89%, 0, 0, 3, 92.99 6481 718726
1601787871, 0, 23, 1646, 1639, 359, 9.89%, 0, 0, 3, 80.46 6481 724956
1601787948, 0, 23, 1647, 1640, 359, 9.89%, 0, 0, 3, 82.91 6481 731160
1601787959, 0, 23, 1648, 1641, 359, 9.89%, 0, 0, 3, 82.36 6481 732010
1601787969, 0, 23, 1650, 1643, 359, 9.89%, 0, 0, 3, 86.99 6481 732876
1601787974, 0, 23, 1652, 1645, 359, 9.89%, 0, 0, 3, 83.09 6481 733300
1601787979, 0, 23, 1654, 1647, 359, 9.89%, 0, 0, 3, 82.40 6481 733722
1601788351, 0, 23, 1655, 1648, 359, 9.89%, 0, 0, 3, 81.82 6481 763947
1601788356, 0, 23, 1656, 1649, 359, 9.89%, 0, 0, 3, 80.89 6481 764361
1601788407, 0, 23, 1657, 1650, 359, 9.89%, 0, 0, 3, 80.16 6481 768448
1601788632, 0, 23, 1658, 1651, 359, 9.89%, 0, 0, 3, 80.02 6481 786760
1601788688, 0, 23, 1659, 1652, 359, 9.89%, 0, 0, 3, 79.84 6481 791494
1601788790, 0, 23, 1660, 1653, 359, 9.89%, 0, 0, 3, 80.48 6481 799595
1601788949, 0, 23, 1662, 1655, 359, 9.89%, 0, 0, 3, 82.49 6481 812899
1601789005, 0, 23, 1663, 1656, 359, 9.89%, 0, 0, 3, 78.45 6481 817445
1601789015, 0, 23, 1664, 1657, 359, 9.89%, 0, 0, 3, 78.42 6481 818244
1601789076, 0, 23, 1666, 1659, 359, 9.89%, 0, 0, 3, 79.83 6481 823061
1601789199, 0, 23, 1668, 1661, 359, 9.89%, 0, 0, 3, 79.87 6481 833232
1601789245, 0, 23, 1669, 1662, 359, 9.89%, 0, 0, 3, 81.11 6481 836924
1601789377, 0, 43, 1669, 1661, 362, 9.89%, 0, 0, 3, 86.98 6481 847649
1601789398, 0, 43, 1671, 1663, 362, 9.89%, 0, 0, 3, 86.32 6482 849418
1601789429, 0, 43, 1673, 1665, 362, 9.89%, 0, 0, 3, 83.23 6482 851981
1601789541, 0, 43, 1674, 1666, 362, 9.89%, 0, 0, 3, 91.75 6482 861362
1601789572, 0, 43, 1675, 1667, 362, 9.89%, 0, 0, 3, 84.60 6482 863934
1601789923, 0, 43, 1676, 1668, 362, 9.89%, 0, 0, 3, 91.03 6482 893097
1601790011, 0, 43, 1677, 1669, 362, 9.89%, 0, 0, 3, 87.17 6482 900416
1601790669, 0, 43, 1678, 1670, 362, 9.89%, 0, 0, 3, 89.46 6482 955752
1601790679, 0, 43, 1680, 1672, 362, 9.89%, 0, 0, 3, 93.39 6482 956717
1601790751, 0, 43, 1681, 1673, 362, 9.89%, 0, 0, 3, 83.50 6482 962703
1601790833, 0, 43, 1682, 1674, 362, 9.89%, 0, 0, 3, 85.41 6482 969842
1601790839, 0, 43, 1683, 1675, 362, 9.89%, 0, 0, 3, 85.67 6482 970283
1601790895, 0, 49, 1683, 1674, 365, 9.89%, 0, 0, 3, 92.78 6482 974997
1601791091, 0, 49, 1684, 1675, 365, 9.89%, 0, 0, 3, 95.03 6482 993798
1601791286, 0, 68, 1684, 1674, 364, 9.89%, 0, 0, 3, 84.41 6482 1012572
1601791302, 0, 68, 1685, 1675, 364, 9.89%, 0, 0, 3, 83.70 6482 1013798
1601791312, 0, 68, 1688, 1678, 364, 9.89%, 0, 0, 3, 75.11 6482 1014609
1601791343, 0, 68, 1689, 1679, 364, 9.89%, 0, 0, 3, 75.02 6482 1016890
1601791467, 0, 68, 1690, 1680, 364, 9.89%, 0, 0, 3, 87.08 6482 1026017
1601791477, 0, 68, 1692, 1682, 364, 9.89%, 0, 0, 3, 76.69 6482 1026827
1601791508, 0, 68, 1693, 1683, 364, 9.89%, 0, 0, 3, 73.79 6482 1029131
1601791632, 0, 68, 1694, 1684, 364, 9.89%, 0, 0, 3, 84.48 6482 1038221
1601791874, 0, 68, 1695, 1685, 364, 9.89%, 0, 0, 3, 88.60 6482 1056543
1601792059, 0, 68, 1696, 1686, 364, 9.89%, 0, 0, 3, 75.31 6482 1070831
1601792512, 0, 68, 1697, 1687, 364, 9.89%, 0, 0, 3, 76.35 6482 1104732
1601792528, 0, 68, 1699, 1689, 364, 9.89%, 0, 0, 3, 73.35 6482 1105856
1601792548, 0, 68, 1700, 1690, 364, 9.89%, 0, 0, 3, 73.32 6483 1107370
1601792934, 0, 68, 1701, 1691, 364, 9.89%, 0, 0, 3, 75.70 6483 1136685
1601793190, 0, 68, 1702, 1692, 364, 9.89%, 0, 0, 3, 75.60 6483 1156495
1601793683, 0, 68, 1703, 1693, 364, 9.89%, 0, 0, 3, 87.96 6483 1193986
1601793688, 0, 68, 1704, 1694, 364, 9.89%, 0, 0, 3, 89.42 6483 1194444
1601793693, 0, 68, 1706, 1696, 364, 9.89%, 0, 0, 3, 88.98 6483 1194898
1601793698, 0, 68, 1707, 1697, 364, 9.89%, 0, 0, 3, 89.94 6483 1195361
1601793719, 0, 68, 1708, 1698, 364, 9.89%, 0, 0, 3, 91.81 6483 1197228
1601793739, 0, 68, 1709, 1699, 364, 9.89%, 0, 0, 3, 90.84 6483 1199097
1601793755, 0, 68, 1710, 1700, 364, 9.89%, 0, 0, 3, 90.58 6483 1200496
1601793760, 0, 68, 1711, 1701, 364, 9.89%, 0, 0, 3, 90.10 6483 1200956
1601793765, 0, 68, 1712, 1702, 364, 9.89%, 0, 0, 3, 90.88 6483 1201421
1601793780, 0, 68, 1713, 1703, 364, 9.89%, 0, 0, 3, 90.11 6483 1202812
1601793785, 0, 68, 1714, 1704, 364, 9.89%, 0, 0, 3, 89.47 6484 1203270
1601793790, 0, 68, 1715, 1705, 364, 10.05%, 0, 0, 3, 89.69 6584 1203731
1601793795, 0, 68, 1716, 1706, 364, 10.05%, 0, 0, 3, 89.69 6585 1204189
1601793806, 0, 68, 1717, 1707, 364, 10.05%, 0, 0, 3, 93.14 6585 1205132
1601793811, 0, 68, 1719, 1709, 364, 10.05%, 0, 0, 3, 88.59 6585 1205579
1601793821, 0, 68, 1721, 1711, 364, 10.05%, 0, 0, 3, 87.65 6585 1206485
1601793831, 0, 68, 1722, 1712, 364, 10.05%, 0, 0, 3, 86.99 6585 1207383
1601793842, 0, 68, 1723, 1713, 364, 10.05%, 0, 0, 3, 88.54 6585 1208309
1601793862, 0, 72, 1723, 1712, 366, 10.05%, 0, 0, 3, 86.58 6585 1210045
1601793877, 0, 72, 1725, 1714, 366, 10.05%, 0, 0, 3, 91.07 6585 1211423
1601793883, 0, 72, 1729, 1718, 366, 10.05%, 0, 0, 3, 92.09 6585 1211900
1601793913, 0, 72, 1730, 1719, 366, 10.05%, 0, 0, 3, 87.76 6585 1214563
1601793918, 0, 72, 1731, 1720, 366, 10.10%, 0, 0, 3, 84.15 6617 1214978
1601793934, 0, 72, 1732, 1721, 366, 10.10%, 0, 0, 3, 89.00 6622 1216373
1601793939, 0, 72, 1735, 1724, 366, 10.12%, 0, 0, 3, 88.87 6629 1216823
1601794015, 0, 72, 1736, 1725, 366, 10.12%, 0, 0, 3, 90.00 6629 1223517
1601794020, 0, 72, 1737, 1726, 366, 10.12%, 0, 0, 3, 93.72 6629 1224005
1601794056, 0, 72, 1738, 1727, 366, 10.12%, 0, 0, 3, 88.28 6631 1227184
1601794071, 0, 72, 1739, 1728, 366, 10.12%, 0, 0, 3, 86.58 6635 1228497
1601794195, 0, 72, 1740, 1729, 366, 10.15%, 0, 0, 3, 87.03 6653 1239333
1601794210, 0, 72, 1741, 1730, 366, 10.15%, 0, 0, 3, 87.08 6653 1240688
1601794318, 0, 72, 1742, 1731, 366, 10.15%, 0, 0, 3, 94.70 6654 1250256
1601794353, 0, 72, 1743, 1732, 366, 10.15%, 0, 0, 3, 89.79 6654 1253439
1601794389, 0, 72, 1744, 1733, 366, 10.15%, 0, 0, 3, 93.64 6654 1256838
1601794728, 0, 72, 1745, 1734, 366, 10.15%, 0, 0, 3, 90.24 6654 1286902
1601794820, 0, 72, 1746, 1735, 366, 10.15%, 0, 0, 3, 86.93 6654 1295053
1601794841, 0, 72, 1747, 1736, 366, 10.15%, 0, 0, 3, 86.98 6654 1296849
1601795026, 0, 72, 1748, 1737, 366, 10.15%, 0, 0, 3, 87.67 6654 1313179
1601795082, 0, 72, 1749, 1738, 366, 10.15%, 0, 0, 3, 90.06 6654 1318191
1601795092, 0, 72, 1751, 1740, 366, 10.15%, 0, 0, 3, 90.17 6654 1319108
1601795097, 0, 72, 1752, 1741, 366, 10.15%, 0, 0, 3, 96.56 6655 1319600
1601795107, 0, 72, 1755, 1744, 366, 10.16%, 0, 0, 3, 95.25 6658 1320588
1601795148, 0, 72, 1756, 1745, 366, 10.16%, 0, 0, 3, 89.33 6658 1324225
1601795255, 0, 72, 1757, 1746, 366, 10.16%, 0, 0, 3, 96.64 6658 1333896
1601795387, 0, 72, 1762, 1751, 366, 10.26%, 0, 0, 3, 87.49 6725 1345751
1601795474, 0, 72, 1763, 1752, 366, 10.26%, 0, 0, 3, 90.14 6725 1353504
1601795479, 0, 72, 1764, 1753, 366, 10.26%, 0, 0, 3, 89.41 6725 1353963
1601795606, 0, 72, 1765, 1754, 366, 10.26%, 0, 0, 3, 87.29 6725 1365642
1601795616, 0, 72, 1766, 1755, 366, 10.28%, 0, 0, 3, 88.19 6739 1366553
1601795672, 0, 72, 1767, 1756, 366, 10.28%, 0, 0, 3, 97.48 6739 1371469
1601795677, 0, 72, 1768, 1757, 366, 10.28%, 0, 0, 3, 88.52 6739 1371913
1601795693, 0, 72, 1769, 1758, 366, 10.28%, 0, 0, 3, 90.14 6739 1373299
1601795703, 0, 72, 1771, 1760, 366, 10.28%, 0, 0, 3, 87.65 6739 1374172
1601795718, 0, 72, 1772, 1761, 366, 10.28%, 0, 0, 3, 88.53 6739 1375527
1601795723, 0, 72, 1773, 1762, 366, 10.28%, 0, 0, 3, 90.89 6739 1375997
1601795739, 0, 72, 1775, 1764, 366, 10.28%, 0, 0, 3, 84.25 6739 1377354
1601795744, 0, 72, 1777, 1766, 366, 10.28%, 0, 0, 3, 89.92 6739 1377815
1601795749, 0, 72, 1778, 1767, 366, 10.29%, 0, 0, 3, 91.11 6743 1378281
1601795759, 0, 72, 1779, 1768, 366, 10.29%, 0, 0, 3, 94.57 6743 1379229
1601795770, 0, 72, 1780, 1769, 366, 10.29%, 0, 0, 3, 91.15 6743 1380172
1601795775, 0, 72, 1781, 1770, 366, 10.29%, 0, 0, 3, 88.54 6743 1380621
1601795780, 0, 72, 1782, 1771, 366, 10.29%, 0, 0, 3, 88.46 6743 1381079
1601795790, 0, 72, 1783, 1772, 366, 10.29%, 0, 0, 3, 143.87 6743 1381995
1601795795, 0, 72, 1784, 1773, 366, 10.29%, 0, 0, 3, 101.74 6743 1382452
1601795800, 0, 72, 1785, 1774, 366, 10.29%, 0, 0, 3, 91.33 6746 1382913
1601795821, 0, 72, 1786, 1775, 366, 10.29%, 0, 0, 3, 92.46 6746 1384785
1601795826, 0, 72, 1787, 1776, 366, 10.29%, 0, 0, 3, 87.57 6746 1385243
1601795831, 0, 72, 1788, 1777, 366, 10.29%, 0, 0, 3, 89.26 6746 1385701
1601795836, 0, 72, 1789, 1778, 366, 10.30%, 0, 0, 3, 90.19 6747 1386161
1601795852, 0, 83, 1789, 1777, 377, 10.30%, 0, 0, 3, 89.88 6747 1387561
1601798201, 0, 110, 1789, 1776, 377, 10.30%, 0, 0, 3, 83.29 6747 1567541
1601798227, 0, 110, 1791, 1778, 377, 10.30%, 0, 0, 3, 81.10 6747 1569660
1601798252, 0, 110, 1800, 1787, 377, 10.64%, 0, 0, 3, 76.45 6972 1571611
1601798258, 0, 110, 1801, 1788, 377, 10.64%, 0, 0, 3, 75.74 6972 1571993
1601798263, 0, 110, 1804, 1791, 377, 10.64%, 0, 0, 3, 76.50 6972 1572393
1601798268, 0, 110, 1805, 1792, 377, 10.64%, 0, 0, 3, 76.50 6972 1572776
1601798273, 0, 110, 1806, 1793, 377, 10.64%, 0, 0, 3, 76.49 6972 1573160
1601798416, 0, 110, 1813, 1800, 377, 10.66%, 0, 0, 3, 79.18 6988 1584133
1601798442, 0, 110, 1814, 1801, 377, 10.66%, 0, 0, 3, 81.56 6988 1586193
1601798524, 0, 110, 1815, 1802, 377, 10.67%, 0, 0, 3, 83.34 6990 1592921
1601798566, 0, 110, 1819, 1806, 377, 10.68%, 0, 0, 3, 76.46 7002 1596225
1601798597, 0, 110, 1820, 1807, 377, 10.68%, 0, 0, 3, 76.29 7002 1598617
1601798684, 0, 110, 1821, 1808, 377, 10.68%, 0, 0, 3, 75.56 7002 1605227
1601798689, 0, 110, 1822, 1809, 377, 10.68%, 0, 0, 3, 75.32 7002 1605616
1601798915, 0, 110, 1829, 1816, 377, 10.70%, 0, 0, 3, 90.72 7013 1623790
1601798956, 0, 110, 1830, 1817, 377, 10.70%, 0, 0, 3, 91.83 7013 1627525
1601799018, 0, 110, 1831, 1818, 377, 10.70%, 0, 0, 3, 86.29 7013 1632949
1601799371, 0, 110, 1832, 1819, 377, 10.70%, 0, 0, 3, 75.26 7013 1660384
1601799725, 0, 110, 1833, 1820, 377, 10.70%, 0, 0, 3, 84.21 7013 1690217
1601799761, 0, 110, 1834, 1821, 377, 10.70%, 0, 0, 3, 78.06 7013 1693173
1601799807, 0, 110, 1835, 1822, 377, 10.70%, 0, 0, 3, 78.66 7013 1696792
1601799961, 0, 110, 1836, 1823, 377, 10.70%, 0, 0, 3, 79.82 7015 1709739
1601800104, 0, 110, 1837, 1824, 377, 10.70%, 0, 0, 3, 82.75 7015 1721259
1601800269, 0, 110, 1838, 1825, 377, 10.71%, 0, 0, 3, 84.36 7017 1735437
1601800310, 0, 110, 1839, 1826, 377, 10.71%, 0, 0, 3, 83.41 7019 1738944
1601800419, 0, 112, 1839, 1825, 384, 10.71%, 0, 0, 3, 96.48 7019 1748408
1601802515, 0, 132, 1839, 1824, 383, 10.71%, 0, 0, 3, 97.38 7019 1928599
1601802566, 0, 132, 1845, 1830, 383, 10.71%, 0, 0, 3, 86.18 7020 1933084
1601802847, 0, 132, 1846, 1831, 383, 10.71%, 0, 0, 3, 87.28 7020 1957164
1601804649, 0, 133, 1846, 1830, 383, 10.71%, 0, 0, 3, 86.72 7020 2112330
1601804705, 0, 133, 1849, 1833, 383, 10.71%, 0, 0, 3, 76.49 7021 2116700
1601804863, 0, 133, 1851, 1835, 383, 10.71%, 0, 0, 3, 76.83 7021 2128594
1601805025, 0, 133, 1852, 1836, 383, 10.71%, 0, 0, 3, 77.50 7021 2140890
1601805148, 0, 133, 1853, 1837, 383, 10.72%, 0, 0, 3, 75.66 7023 2149994
1601805173, 0, 133, 1854, 1838, 383, 10.72%, 0, 0, 3, 76.88 7023 2151946
1601805387, 0, 133, 1857, 1841, 383, 10.72%, 0, 0, 3, 77.09 7023 2168949
1601806526, 0, 133, 1859, 1843, 383, 10.72%, 0, 0, 3, 79.09 7023 2256808
1601806863, 0, 133, 1860, 1844, 383, 10.72%, 0, 0, 3, 78.71 7023 2282958
1601807037, 0, 157, 1860, 1843, 382, 10.72%, 0, 0, 3, 85.09 7023 2296077
1601807109, 0, 157, 1862, 1845, 382, 10.72%, 0, 0, 3, 78.06 7023 2301853
1601807264, 0, 157, 1863, 1846, 382, 10.72%, 0, 0, 3, 78.81 7023 2313998
1601807418, 0, 157, 1864, 1847, 382, 10.72%, 0, 0, 3, 78.87 7023 2326177
1601807777, 0, 157, 1868, 1851, 382, 10.72%, 0, 0, 3, 80.60 7023 2355343
1601808627, 0, 157, 1869, 1852, 382, 10.72%, 0, 0, 3, 79.82 7023 2424152
1601808638, 0, 157, 1871, 1854, 382, 10.72%, 0, 0, 3, 78.78 7023 2424963
1601808966, 0, 212, 1871, 1853, 381, 10.72%, 0, 0, 3, 86.93 7023 2451573
1601809022, 0, 212, 1873, 1855, 381, 10.72%, 0, 0, 3, 75.62 7023 2455913
1601809185, 0, 212, 1874, 1856, 381, 10.72%, 0, 0, 3, 75.82 7023 2468182
1601809190, 0, 212, 1875, 1857, 381, 10.72%, 0, 0, 3, 75.34 7023 2468570
1601809210, 0, 212, 1876, 1858, 381, 10.72%, 0, 0, 3, 74.25 7023 2470073
1601809348, 0, 212, 1877, 1859, 381, 10.72%, 0, 0, 3, 75.54 7025 2480400
1601809353, 0, 212, 1878, 1860, 381, 10.72%, 0, 0, 3, 74.91 7025 2480788
1601809373, 0, 212, 1879, 1861, 381, 10.72%, 0, 0, 3, 73.25 7025 2482293
1601809547, 0, 212, 1880, 1862, 381, 10.72%, 0, 0, 3, 92.94 7025 2495591
1601809731, 0, 212, 1881, 1863, 381, 10.72%, 0, 0, 3, 75.19 7026 2509989
1601809736, 0, 212, 1882, 1864, 381, 10.72%, 0, 0, 3, 76.24 7026 2510387
1601809757, 0, 212, 1883, 1865, 381, 10.72%, 0, 0, 3, 75.73 7026 2511970
1601810496, 0, 212, 1884, 1866, 381, 10.72%, 0, 0, 3, 76.09 7026 2568825
1601810680, 0, 212, 1885, 1867, 381, 10.72%, 0, 0, 3, 74.86 7026 2582986
1601810859, 0, 212, 1886, 1868, 381, 10.72%, 0, 0, 3, 76.97 7026 2597308
1601810869, 0, 212, 1887, 1869, 381, 10.72%, 0, 0, 3, 77.90 7026 2598108
1601810997, 0, 212, 1888, 1870, 381, 10.72%, 0, 0, 3, 74.98 7026 2607766
1601811185, 0, 212, 1889, 1871, 381, 10.72%, 0, 0, 3, 79.36 7026 2622721
1601811226, 0, 212, 1890, 1872, 381, 10.72%, 0, 0, 3, 78.08 7026 2625926
1601811368, 0, 239, 1890, 1871, 381, 10.72%, 0, 0, 3, 86.40 7026 2636701
1601811424, 0, 239, 1891, 1872, 381, 10.72%, 0, 0, 3, 75.96 7026 2641064
1601813323, 0, 239, 1892, 1873, 381, 10.72%, 0, 0, 3, 77.41 7026 2788227
1601813752, 0, 239, 1893, 1874, 381, 10.72%, 0, 0, 3, 90.55 7026 2821588
1601813762, 0, 243, 1893, 1873, 380, 10.72%, 0, 0, 3, 82.36 7026 2822480
1601813813, 0, 243, 1894, 1874, 380, 10.72%, 0, 0, 3, 76.11 7026 2826457
1601813818, 0, 243, 1895, 1875, 380, 10.72%, 0, 0, 3, 74.94 7026 2826842
1601813823, 0, 243, 1896, 1876, 380, 10.72%, 0, 0, 3, 74.10 7026 2827217
1601813839, 0, 243, 1897, 1877, 380, 10.72%, 0, 0, 3, 75.25 7026 2828351
1601813986, 0, 243, 1898, 1878, 380, 10.72%, 0, 0, 3, 74.76 7026 2839461
1601814007, 0, 243, 1899, 1879, 380, 10.72%, 0, 0, 3, 74.16 7026 2840972
1601814144, 0, 243, 1900, 1880, 380, 10.72%, 0, 0, 3, 75.63 7026 2851328
1601814531, 0, 243, 1901, 1881, 380, 10.72%, 0, 0, 3, 75.56 7026 2881402
1601814546, 0, 243, 1902, 1882, 380, 10.72%, 0, 0, 3, 75.44 7026 2882564
1601814556, 0, 243, 1904, 1884, 380, 10.72%, 0, 0, 3, 74.89 7026 2883324
1601814562, 0, 243, 1905, 1885, 380, 10.72%, 0, 0, 3, 75.55 7026 2883711
1601815477, 0, 243, 1906, 1886, 380, 10.72%, 0, 0, 3, 73.57 7026 2953715
1601815657, 0, 243, 1907, 1887, 380, 10.72%, 0, 0, 3, 75.56 7026 2967962
1601815683, 0, 243, 1909, 1889, 380, 10.72%, 0, 0, 3, 75.99 7026 2969917
1601815800, 0, 243, 1910, 1890, 380, 10.72%, 0, 0, 3, 74.33 7026 2978633
1601815943, 0, 243, 1911, 1891, 380, 10.72%, 0, 0, 3, 75.25 7026 2990052
1601816030, 0, 243, 1912, 1892, 380, 10.72%, 0, 0, 3, 75.53 7026 2996721
1601816036, 0, 243, 1914, 1894, 380, 10.72%, 0, 0, 3, 76.29 7026 2997119
1601816194, 0, 243, 1915, 1895, 380, 10.72%, 0, 0, 3, 80.22 7026 3009129
1601816199, 0, 243, 1916, 1896, 380, 10.72%, 0, 0, 3, 89.04 7026 3009597
1601816219, 0, 244, 1916, 1895, 378, 10.72%, 0, 0, 3, 82.11 7026 3011428
1601816271, 0, 244, 1917, 1896, 378, 10.72%, 0, 0, 3, 75.88 7026 3015376
1601816465, 0, 244, 1918, 1897, 378, 10.72%, 0, 0, 3, 73.51 7026 3029881
1601817831, 0, 244, 1919, 1898, 378, 10.72%, 0, 0, 3, 74.10 7026 3135123
1601818107, 0, 244, 1920, 1899, 378, 10.72%, 0, 0, 3, 77.32 7026 3157109
1601818647, 0, 269, 1920, 1898, 377, 10.72%, 0, 0, 3, 84.94 7026 3198738
1601818699, 0, 269, 1921, 1899, 377, 10.72%, 0, 0, 3, 76.11 7026 3202683
1601819307, 0, 269, 1922, 1900, 377, 10.72%, 0, 0, 3, 73.67 7026 3248961
1601819936, 0, 269, 1923, 1901, 377, 10.72%, 0, 0, 3, 74.17 7026 3296798
1601820314, 0, 269, 1924, 1902, 377, 10.72%, 0, 0, 3, 74.59 7026 3326132
1601820600, 0, 269, 1925, 1903, 377, 10.72%, 0, 0, 3, 71.43 7026 3348359
1601820610, 0, 269, 1926, 1904, 377, 10.72%, 0, 0, 3, 71.36 7027 3349075
1601820686, 0, 269, 1928, 1906, 377, 10.72%, 0, 0, 3, 72.19 7027 3354545
1601820839, 0, 269, 1929, 1907, 377, 10.72%, 0, 0, 3, 71.97 7027 3366383
1601821109, 0, 269, 1930, 1908, 377, 10.72%, 0, 0, 3, 83.90 7027 3386175
1601821119, 0, 291, 1930, 1907, 379, 10.72%, 0, 0, 3, 88.09 7027 3387085
1601823541, 0, 295, 1930, 1906, 378, 10.72%, 0, 0, 3, 86.22 7027 3573503
1601824057, 0, 295, 1931, 1907, 378, 10.74%, 0, 0, 3, 73.18 7036 3612589
1601825951, 0, 298, 1931, 1906, 378, 10.74%, 0, 0, 3, 94.58 7036 3761638
1601828324, 0, 298, 1932, 1907, 378, 10.74%, 0, 0, 3, 97.92 7036 3949261
1601828329, 0, 302, 1932, 1906, 378, 10.74%, 0, 0, 3, 93.86 7036 3949748
1601828411, 0, 302, 1934, 1908, 378, 10.74%, 0, 0, 3, 79.42 7036 3956365
1601828421, 0, 302, 1935, 1909, 378, 10.74%, 0, 0, 3, 78.12 7038 3957170
1601828498, 0, 302, 1936, 1910, 378, 10.74%, 0, 0, 3, 92.38 7038 3963215
1601828575, 0, 302, 1937, 1911, 378, 10.74%, 0, 0, 3, 79.61 7038 3969445
1601829281, 0, 302, 1938, 1912, 378, 10.74%, 0, 0, 3, 76.10 7038 4022898
1601830183, 0, 302, 1940, 1914, 378, 10.74%, 0, 0, 3, 73.18 7041 4090158
1601831449, 0, 302, 1941, 1915, 378, 10.74%, 0, 0, 3, 77.81 7041 4184652
1601831454, 0, 302, 1942, 1916, 378, 10.74%, 0, 0, 3, 87.96 7041 4185119
1601831460, 0, 302, 1943, 1917, 378, 10.74%, 0, 0, 3, 88.67 7041 4185575
1601831470, 0, 302, 1944, 1918, 378, 10.74%, 0, 0, 3, 89.28 7041 4186470
1601831480, 0, 302, 1945, 1919, 378, 10.75%, 0, 0, 3, 89.99 7042 4187402
1601831516, 0, 302, 1947, 1921, 378, 10.75%, 0, 0, 3, 89.58 7042 4190631
1601831557, 0, 302, 1948, 1922, 378, 10.75%, 0, 0, 3, 88.04 7042 4194280
1601831618, 0, 302, 1949, 1923, 378, 10.75%, 0, 0, 3, 89.89 7042 4199766
1601831634, 0, 312, 1949, 1922, 379, 10.75%, 0, 0, 3, 85.88 7042 4201124
1601831726, 0, 312, 1950, 1923, 379, 10.75%, 0, 0, 3, 72.67 7042 4208007
1601834127, 0, 313, 1950, 1922, 378, 10.75%, 0, 0, 3, 85.13 7042 4389008
1601834220, 0, 313, 1951, 1923, 378, 10.75%, 0, 0, 3, 72.28 7042 4395966
1601836647, 0, 314, 1951, 1922, 378, 10.75%, 0, 0, 3, 80.37 7042 4577249
1601836734, 0, 314, 1952, 1923, 378, 10.75%, 0, 0, 3, 71.97 7042 4583761
1601839148, 0, 351, 1952, 1922, 377, 10.75%, 0, 0, 3, 86.92 7042 4765020
1601839163, 0, 351, 1953, 1923, 377, 10.75%, 0, 0, 3, 88.97 7043 4766345
1601839676, 0, 351, 1954, 1924, 377, 10.75%, 0, 0, 3, 83.98 7045 4807690
1601841371, 0, 359, 1954, 1923, 378, 10.75%, 0, 0, 3, 92.59 7045 4948434
1601841422, 0, 359, 1959, 1928, 378, 10.75%, 0, 0, 3, 74.42 7045 4952535
1601841587, 0, 359, 1961, 1930, 378, 10.75%, 0, 0, 3, 73.91 7045 4964641
1601841592, 0, 359, 1963, 1932, 378, 10.75%, 0, 0, 3, 73.94 7046 4965025
1601841876, 0, 359, 1964, 1933, 378, 10.75%, 0, 0, 3, 74.85 7046 4985850
1601841897, 0, 359, 1965, 1934, 378, 10.75%, 0, 0, 3, 75.04 7046 4987379
1601842123, 0, 359, 1967, 1936, 378, 10.75%, 0, 0, 3, 73.18 7046 5004829
1601843035, 0, 359, 1969, 1938, 378, 10.75%, 0, 0, 3, 75.37 7047 5072954
1601843300, 0, 359, 1970, 1939, 378, 10.75%, 0, 0, 3, 75.73 7048 5092998
1601843887, 0, 359, 1971, 1940, 378, 10.75%, 0, 0, 3, 83.88 7048 5136772
1601843898, 0, 385, 1971, 1939, 379, 10.75%, 0, 0, 3, 84.41 7048 5137660
1601843954, 0, 385, 1972, 1940, 379, 10.75%, 0, 0, 3, 73.30 7048 5141839
1601845933, 0, 385, 1973, 1941, 379, 10.75%, 0, 0, 3, 71.78 7048 5290494
1601846424, 0, 406, 1973, 1940, 379, 10.75%, 0, 0, 3, 83.03 7048 5327134
1601846481, 0, 406, 1974, 1941, 379, 10.75%, 0, 0, 3, 73.94 7048 5331341
1601846486, 0, 406, 1975, 1942, 379, 10.75%, 0, 0, 3, 72.39 7048 5331716
1601846491, 0, 406, 1976, 1943, 379, 10.75%, 0, 0, 3, 71.84 7048 5332076
1601846941, 0, 406, 1977, 1944, 379, 10.76%, 0, 0, 3, 73.12 7050 5364851
1601847225, 0, 406, 1978, 1945, 379, 10.76%, 0, 0, 3, 74.17 7050 5386555
1601847400, 0, 406, 1979, 1946, 379, 10.76%, 0, 0, 3, 72.85 7050 5399326
1601847724, 0, 406, 1980, 1947, 379, 10.76%, 0, 0, 3, 71.85 7050 5423764
1601848403, 0, 406, 1981, 1948, 379, 10.76%, 0, 0, 3, 74.78 7050 5475126
1601848975, 0, 406, 1982, 1949, 379, 10.76%, 0, 0, 3, 80.49 7050 5517970
1601848985, 0, 408, 1982, 1948, 379, 10.76%, 0, 0, 3, 87.59 7050 5518887
1601852548, 0, 414, 1982, 1947, 379, 10.76%, 0, 0, 3, 87.19 7050 5785474
1601852805, 0, 414, 1983, 1948, 379, 10.76%, 0, 0, 3, 72.99 7050 5804534
1601855057, 0, 415, 1983, 1947, 379, 10.76%, 0, 0, 3, 83.16 7050 5975078
1601855145, 0, 415, 1984, 1948, 379, 10.76%, 0, 0, 3, 72.39 7050 5981628
1601855151, 0, 415, 1985, 1949, 379, 10.76%, 0, 0, 3, 72.39 7050 5982003
1601857587, 0, 416, 1985, 1948, 378, 10.76%, 0, 0, 3, 95.04 7050 6164517
1601857683, 0, 416, 1986, 1949, 378, 10.76%, 0, 0, 3, 97.74 7051 6174069
1601857724, 0, 423, 1986, 1948, 377, 10.76%, 0, 0, 3, 95.23 7051 6178064
1601857735, 0, 423, 1987, 1949, 377, 10.76%, 0, 0, 3, 83.47 7051 6178932
1601857755, 0, 423, 1989, 1951, 377, 10.76%, 0, 0, 3, 79.27 7051 6180648
1601858346, 0, 423, 1991, 1953, 377, 10.76%, 0, 0, 3, 80.54 7051 6229357
1601859376, 0, 423, 1992, 1954, 377, 10.76%, 0, 0, 3, 91.48 7051 6315737
1601859381, 0, 445, 1992, 1953, 376, 10.76%, 0, 0, 3, 86.61 7051 6316189
1601859438, 0, 445, 1993, 1954, 376, 10.76%, 0, 0, 3, 74.45 7051 6320478
1601859443, 0, 445, 1994, 1955, 376, 10.76%, 0, 0, 3, 73.22 7051 6320857
1601859464, 0, 445, 1996, 1957, 376, 10.76%, 0, 0, 3, 72.35 7051 6322352
1601859612, 0, 445, 1997, 1958, 376, 10.76%, 0, 0, 3, 73.29 7051 6333172
1601859777, 0, 445, 1998, 1959, 376, 10.76%, 0, 0, 3, 73.51 7051 6345225
1601861285, 0, 445, 1999, 1960, 376, 10.76%, 0, 0, 3, 77.30 7051 6458915
1601861865, 0, 445, 2000, 1961, 376, 10.76%, 0, 0, 3, 79.98 7051 6502407
1601861876, 0, 479, 2000, 1960, 376, 10.76%, 0, 0, 3, 87.71 7051 6503327
1601863140, 0, 479, 2001, 1961, 376, 10.76%, 0, 0, 3, 75.88 7051 6597859
1601863464, 0, 479, 2002, 1962, 376, 10.76%, 0, 0, 3, 72.78 7051 6622196
1601864435, 0, 488, 2002, 1961, 376, 10.76%, 0, 0, 3, 81.78 7051 6694370
