# unix_time, cycles_done, cur_path, paths_total, pending_total, pending_favs, map_size, unique_crashes, unique_hangs, max_depth, execs_per_sec, edge_coverage, total_execs
1603846197, 0, 0, 1, 1, 1, 1.23%, 0, 0, 1, 6.96, 806, 8
1603846207, 0, 0, 3, 3, 1, 1.86%, 0, 0, 2, 42.72, 1221, 443
1603846212, 0, 0, 18, 18, 1, 2.05%, 0, 0, 2, 36.79, 1341, 631
1603846218, 0, 0, 20, 20, 1, 2.06%, 0, 0, 2, 47.22, 1347, 889
1603846223, 0, 0, 24, 24, 1, 2.06%, 0, 0, 2, 49.27, 1349, 1145
1603846228, 0, 0, 25, 25, 1, 2.06%, 0, 0, 2, 49.99, 1349, 1405
1603846238, 0, 0, 28, 28, 1, 2.06%, 0, 0, 2, 49.44, 1349, 1907
1603846253, 0, 0, 30, 30, 1, 2.06%, 0, 0, 2, 48.70, 1349, 2658
1603846264, 0, 0, 32, 32, 1, 2.06%, 0, 0, 2, 48.67, 1349, 3158
1603846294, 0, 0, 33, 33, 1, 2.06%, 0, 0, 2, 47.87, 1349, 4608
1603846335, 0, 0, 34, 34, 1, 2.06%, 0, 0, 2, 46.75, 1349, 6538
1603846350, 0, 0, 36, 36, 1, 2.11%, 0, 0, 2, 47.95, 1385, 7268
1603846355, 0, 0, 62, 62, 1, 2.12%, 0, 0, 2, 46.69, 1389, 7508
1603846360, 0, 0, 82, 82, 1, 2.12%, 0, 0, 2, 43.87, 1391, 7728
1603846365, 0, 0, 83, 83, 1, 2.12%, 0, 0, 2, 46.71, 1391, 7968
1603846370, 0, 0, 87, 87, 1, 2.16%, 0, 0, 2, 8.00, 1414, 8188
1603846376, 0, 0, 98, 98, 1, 2.22%, 0, 0, 2, 52.09, 1453, 8399
1603846391, 0, 0, 99, 99, 1, 2.22%, 0, 0, 2, 47.77, 1453, 9119
1603846396, 0, 0, 100, 100, 1, 2.22%, 0, 0, 2, 46.22, 1453, 9358
1603846427, 0, 0, 101, 101, 1, 2.22%, 0, 0, 2, 46.11, 1453, 10787
1603846437, 0, 0, 102, 102, 1, 2.22%, 0, 0, 2, 46.48, 1453, 11267
1603846504, 0, 0, 103, 103, 1, 2.22%, 0, 0, 2, 45.98, 1453, 14343
1603846519, 0, 0, 112, 112, 1, 2.22%, 0, 0, 2, 42.10, 1453, 15037
1603846524, 0, 0, 114, 114, 1, 2.22%, 0, 0, 2, 45.90, 1453, 15277
1603846529, 0, 0, 116, 116, 1, 2.23%, 0, 0, 2, 5.83, 1459, 15493
1603846534, 0, 0, 126, 126, 1, 2.24%, 0, 0, 2, 50.57, 1466, 15724
1603846560, 0, 0, 127, 127, 1, 2.24%, 0, 0, 2, 45.23, 1466, 16914
1603846580, 0, 0, 128, 128, 1, 2.24%, 0, 0, 2, 46.77, 1466, 17864
1603846652, 0, 0, 129, 129, 1, 2.24%, 0, 0, 2, 47.60, 1466, 21220
1603846667, 0, 0, 130, 130, 1, 2.24%, 0, 0, 2, 46.69, 1466, 21933
1603846673, 0, 0, 131, 131, 1, 2.24%, 0, 0, 2, 46.60, 1466, 22173
1603846678, 0, 0, 137, 137, 1, 2.24%, 0, 0, 2, 43.31, 1466, 22383
1603846683, 0, 0, 138, 138, 1, 2.24%, 0, 0, 2, 46.29, 1466, 22623
1603846688, 0, 0, 140, 140, 1, 2.25%, 0, 0, 2, 47.93, 1476, 22872
1603846703, 0, 0, 141, 141, 1, 2.25%, 0, 0, 2, 46.37, 1476, 23592
1603846709, 0, 0, 142, 142, 1, 2.25%, 0, 0, 2, 47.38, 1476, 23839
1603846719, 0, 0, 143, 143, 1, 2.26%, 0, 0, 2, 46.28, 1478, 24319
1603846724, 0, 0, 144, 144, 1, 2.26%, 0, 0, 2, 46.01, 1478, 24556
1603846729, 0, 0, 146, 146, 1, 2.26%, 0, 0, 2, 46.99, 1478, 24804
1603846745, 0, 0, 151, 151, 1, 2.26%, 0, 0, 2, 41.57, 1478, 25490
1603846750, 0, 0, 171, 171, 1, 2.33%, 0, 0, 2, 39.08, 1528, 25669
1603846755, 0, 0, 186, 186, 1, 2.38%, 0, 0, 2, 33.35, 1557, 25816
1603846760, 0, 0, 197, 197, 1, 2.38%, 0, 0, 2, 45.01, 1557, 26069
1603846770, 0, 0, 200, 200, 1, 2.38%, 0, 0, 2, 46.59, 1557, 26549
1603846827, 0, 0, 201, 201, 1, 2.38%, 0, 0, 2, 46.39, 1557, 29167
1603846842, 0, 0, 202, 202, 1, 2.38%, 0, 0, 2, 46.55, 1557, 29887
1603846899, 0, 0, 203, 203, 1, 2.38%, 0, 0, 2, 45.83, 1557, 32499
1603847709, 0, 0, 204, 204, 1, 2.38%, 0, 0, 2, 45.52, 1557, 69556
1603847761, 0, 0, 207, 207, 1, 2.38%, 0, 0, 2, 45.96, 1557, 71921
1603847771, 0, 0, 214, 214, 1, 2.38%, 0, 0, 2, 30.86, 1557, 72287
1603847776, 0, 0, 216, 216, 1, 2.38%, 0, 0, 2, 41.68, 1557, 72504
1603847786, 0, 0, 218, 218, 1, 2.38%, 0, 0, 2, 46.27, 1557, 72984
1603847843, 0, 0, 225, 225, 1, 2.40%, 0, 0, 2, 50.19, 1572, 75626
1603847848, 0, 0, 226, 226, 1, 2.40%, 0, 0, 2, 47.10, 1572, 75866
1603847889, 0, 0, 227, 227, 1, 2.40%, 0, 0, 2, 44.76, 1572, 77753
1603847915, 0, 0, 228, 228, 1, 2.40%, 0, 0, 2, 45.03, 1572, 78936
1603848248, 0, 0, 229, 229, 1, 2.40%, 0, 0, 2, 74.60, 1572, 99871
1603848411, 0, 0, 230, 230, 1, 2.40%, 0, 0, 2, 74.06, 1572, 111978
1603848422, 0, 0, 231, 231, 1, 2.40%, 0, 0, 2, 74.16, 1572, 112730
1603848442, 0, 0, 232, 232, 1, 2.40%, 0, 0, 2, 73.99, 1572, 114260
1603848595, 0, 0, 234, 234, 1, 2.40%, 0, 0, 2, 67.87, 1572, 125529
1603848600, 0, 0, 235, 235, 1, 2.40%, 0, 0, 2, 73.30, 1572, 125907
1603848844, 0, 0, 236, 236, 1, 2.40%, 0, 0, 2, 68.73, 1572, 144023
1603849058, 0, 0, 237, 237, 1, 2.40%, 0, 0, 2, 46.86, 1572, 154148
1603849462, 0, 0, 240, 240, 1, 2.40%, 0, 0, 2, 32.15, 1572, 172941
1603849467, 0, 0, 251, 251, 1, 2.41%, 0, 0, 2, 139.27, 1579, 173071
1603849518, 0, 0, 253, 253, 1, 2.43%, 0, 0, 2, 44.58, 1590, 175428
1603849523, 0, 0, 261, 261, 1, 2.43%, 0, 0, 2, 44.33, 1594, 175658
1603849528, 0, 0, 282, 282, 1, 2.43%, 0, 0, 2, 51.08, 1595, 175969
1603849564, 0, 0, 283, 283, 1, 2.43%, 0, 0, 2, 46.48, 1595, 177649
1603849698, 0, 0, 287, 287, 1, 2.43%, 0, 0, 2, 31.60, 1595, 183700
1603849703, 0, 0, 290, 290, 1, 2.43%, 0, 0, 2, 40.77, 1595, 183905
1603849734, 0, 0, 301, 301, 1, 2.43%, 0, 0, 2, 60.72, 1595, 185408
1603849739, 0, 0, 307, 307, 1, 2.45%, 0, 0, 2, 47.50, 1607, 185639
1603850032, 0, 0, 309, 309, 1, 2.45%, 0, 0, 2, 34.01, 1607, 199039
1603850037, 0, 0, 317, 317, 1, 2.45%, 0, 0, 2, 24.44, 1607, 199152
1603850042, 0, 0, 320, 320, 1, 2.45%, 0, 0, 2, 37.24, 1607, 199340
1603850052, 0, 0, 326, 326, 1, 2.45%, 0, 0, 2, 46.59, 1607, 199818
1603850114, 0, 0, 336, 336, 1, 2.46%, 0, 0, 2, 36.47, 1609, 202574
1603850119, 0, 0, 347, 347, 1, 2.62%, 0, 0, 2, 42.63, 1714, 202701
1603850124, 0, 0, 358, 358, 1, 2.62%, 0, 0, 2, 28.68, 1714, 202828
1603850129, 0, 0, 372, 372, 1, 2.64%, 0, 0, 2, 32.56, 1733, 202993
1603850134, 0, 0, 382, 382, 1, 2.64%, 0, 0, 2, 22.66, 1733, 203112
1603850139, 0, 0, 393, 393, 1, 2.64%, 0, 0, 2, 28.24, 1733, 203258
1603850144, 0, 0, 403, 403, 1, 2.64%, 0, 0, 2, 28.58, 1733, 203399
1603850149, 0, 0, 414, 414, 1, 2.64%, 0, 0, 2, 30.43, 1733, 203558
1603850155, 0, 0, 424, 424, 1, 2.64%, 0, 0, 2, 27.71, 1733, 203699
1603850160, 0, 0, 432, 432, 1, 2.64%, 0, 0, 2, 28.44, 1733, 203849
1603850165, 0, 0, 441, 441, 1, 2.64%, 0, 0, 2, 30.80, 1733, 203985
1603850170, 0, 0, 452, 452, 1, 2.65%, 0, 0, 2, 32.32, 1735, 204153
1603850175, 0, 0, 460, 460, 1, 2.65%, 0, 0, 2, 26.75, 1735, 204288
1603850180, 0, 0, 467, 467, 1, 2.66%, 0, 0, 2, 31.86, 1740, 204462
1603850185, 0, 0, 474, 474, 1, 2.66%, 0, 0, 2, 31.30, 1741, 204617
1603850190, 0, 0, 483, 483, 1, 2.67%, 0, 0, 2, 29.64, 1749, 204765
1603850195, 0, 0, 491, 491, 1, 2.67%, 0, 0, 2, 28.39, 1749, 204917
1603850201, 0, 0, 498, 498, 1, 2.67%, 0, 0, 2, 31.06, 1749, 205053
1603850206, 0, 0, 507, 507, 1, 2.67%, 0, 0, 2, 30.26, 1749, 205204
1603850211, 0, 0, 513, 513, 1, 2.67%, 0, 0, 2, 28.24, 1749, 205347
1603850216, 0, 0, 518, 518, 1, 2.68%, 0, 0, 2, 30.31, 1754, 205502
1603850221, 0, 0, 522, 522, 1, 2.68%, 0, 0, 2, 30.79, 1756, 205661
1603850226, 0, 0, 526, 526, 1, 2.68%, 0, 0, 2, 29.21, 1756, 205805
1603850231, 0, 0, 531, 531, 1, 2.68%, 0, 0, 2, 32.50, 1756, 205971
1603850236, 0, 0, 537, 537, 1, 2.68%, 0, 0, 2, 29.62, 1757, 206120
1603850241, 0, 0, 542, 542, 1, 2.68%, 0, 0, 2, 32.35, 1757, 206279
1603850246, 0, 0, 547, 547, 1, 2.69%, 0, 0, 2, 33.50, 1760, 206448
1603850251, 0, 0, 552, 552, 1, 2.69%, 0, 0, 2, 33.34, 1761, 206614
1603850256, 0, 0, 556, 556, 1, 2.69%, 0, 0, 2, 31.21, 1761, 206768
1603850261, 0, 0, 560, 560, 1, 2.69%, 0, 0, 2, 30.05, 1761, 206926
1603850267, 0, 0, 565, 565, 1, 2.69%, 0, 0, 2, 32.27, 1761, 207092
1603850272, 0, 0, 571, 571, 1, 2.70%, 0, 0, 2, 33.12, 1769, 207260
1603850277, 0, 0, 573, 573, 1, 2.70%, 0, 0, 2, 34.74, 1769, 207436
1603850282, 0, 0, 575, 575, 1, 2.70%, 0, 0, 2, 31.41, 1769, 207596
1603850287, 0, 0, 578, 578, 1, 2.70%, 0, 0, 2, 25.67, 1769, 207728
1603850293, 0, 3, 580, 579, 47, 2.71%, 0, 0, 3, 156.22, 1773, 213938
1603850298, 0, 3, 584, 583, 47, 2.71%, 0, 0, 3, 9.65, 1773, 213988
1603850303, 0, 3, 587, 586, 47, 2.71%, 0, 0, 3, 9.80, 1773, 214039
1603850308, 0, 3, 589, 588, 47, 2.71%, 0, 0, 3, 9.90, 1773, 214090
1603850313, 0, 3, 590, 589, 47, 2.71%, 0, 0, 3, 9.67, 1773, 214140
1603850318, 0, 3, 593, 592, 47, 2.71%, 0, 0, 3, 9.77, 1773, 214190
1603850324, 0, 3, 595, 594, 47, 2.71%, 0, 0, 3, 9.97, 1773, 214241
1603850334, 0, 3, 596, 595, 47, 2.71%, 0, 0, 3, 2630.00, 1774, 215972
1603850339, 0, 3, 598, 597, 47, 2.71%, 0, 0, 3, 20.50, 1774, 221168
1603850344, 0, 3, 599, 598, 47, 2.71%, 0, 0, 3, 11.89, 1774, 221218
1603850354, 0, 3, 601, 600, 47, 2.71%, 0, 0, 3, 9.59, 1774, 221315
1603850360, 0, 3, 603, 602, 47, 2.71%, 0, 0, 3, 9.76, 1774, 221365
1603850370, 0, 3, 604, 603, 47, 2.71%, 0, 0, 3, 10.25, 1774, 221470
1603850378, 0, 3, 606, 605, 47, 2.71%, 0, 0, 3, 164.06, 1774, 228317
1603850388, 0, 3, 607, 606, 47, 2.71%, 0, 0, 3, 9.85, 1774, 228419
1603850398, 0, 3, 608, 607, 47, 2.71%, 0, 0, 3, 10.14, 1774, 228521
1603850403, 0, 3, 609, 608, 47, 2.71%, 0, 0, 3, 10.28, 1774, 228575
1603850408, 0, 3, 612, 611, 47, 2.71%, 0, 0, 3, 9.81, 1774, 230393
1603850414, 0, 3, 614, 613, 47, 2.71%, 0, 0, 3, 9.89, 1774, 230591
1603850419, 0, 3, 616, 615, 47, 2.71%, 0, 0, 3, 10.10, 1774, 230690
1603850424, 0, 3, 617, 616, 47, 2.71%, 0, 0, 3, 11.63, 1774, 230779
1603850429, 0, 3, 620, 619, 47, 2.71%, 0, 0, 3, 8.69, 1774, 230815
1603850434, 0, 3, 622, 621, 47, 2.71%, 0, 0, 3, 9.67, 1774, 231587
1603850865, 0, 3, 623, 622, 47, 2.71%, 0, 0, 3, 9.12, 1774, 237961
1603851003, 0, 3, 624, 623, 47, 2.71%, 0, 0, 3, 9.96, 1774, 241351
1603851112, 0, 3, 625, 624, 47, 2.71%, 0, 0, 3, 8.95, 1774, 242433
1603851153, 0, 3, 626, 625, 47, 2.71%, 0, 0, 3, 13.27, 1774, 245405
1603851189, 0, 3, 627, 626, 47, 2.71%, 0, 0, 3, 9.78, 1774, 245760
1603851194, 0, 3, 628, 627, 47, 2.71%, 0, 0, 3, 16.78, 1774, 246341
1603851199, 0, 3, 634, 633, 47, 2.71%, 0, 0, 3, 17.56, 1774, 246438
1603851204, 0, 3, 639, 638, 47, 2.71%, 0, 0, 3, 18.37, 1774, 246523
1603851209, 0, 3, 641, 640, 47, 2.71%, 0, 0, 3, 18.42, 1774, 246621
1603851214, 0, 3, 646, 645, 47, 2.71%, 0, 0, 3, 15.23, 1774, 246697
1603851219, 0, 3, 650, 649, 47, 2.71%, 0, 0, 3, 18.30, 1774, 246788
1603851224, 0, 3, 654, 653, 47, 2.71%, 0, 0, 3, 16.31, 1774, 246865
1603851230, 0, 3, 657, 656, 47, 2.71%, 0, 0, 3, 17.20, 1774, 246955
1603851235, 0, 3, 661, 660, 47, 2.71%, 0, 0, 3, 16.35, 1774, 247038
1603851240, 0, 3, 664, 663, 47, 2.71%, 0, 0, 3, 15.26, 1774, 247113
1603851245, 0, 3, 667, 666, 47, 2.71%, 0, 0, 3, 17.24, 1774, 247202
1603851250, 0, 3, 670, 669, 47, 2.71%, 0, 0, 3, 18.57, 1774, 247296
1603851255, 0, 3, 674, 673, 47, 2.71%, 0, 0, 3, 20.23, 1774, 247388
1603851261, 0, 3, 677, 676, 47, 2.71%, 0, 0, 3, 19.04, 1774, 247483
1603851266, 0, 3, 679, 678, 47, 2.71%, 0, 0, 3, 21.24, 1774, 247595
1603851271, 0, 3, 683, 682, 47, 2.71%, 0, 0, 3, 20.34, 1775, 247701
1603851276, 0, 3, 687, 686, 47, 2.71%, 0, 0, 3, 20.07, 1775, 247797
1603851281, 0, 3, 690, 689, 47, 2.71%, 0, 0, 3, 22.54, 1775, 247909
1603851286, 0, 3, 695, 694, 47, 2.71%, 0, 0, 3, 20.81, 1776, 248019
1603851291, 0, 3, 699, 698, 47, 2.71%, 0, 0, 3, 23.40, 1776, 248139
1603851296, 0, 3, 702, 701, 47, 2.71%, 0, 0, 3, 16.59, 1776, 248211
1603851302, 0, 3, 707, 706, 47, 2.71%, 0, 0, 3, 17.60, 1776, 248309
1603851307, 0, 3, 709, 708, 47, 2.71%, 0, 0, 3, 21.43, 1776, 248418
1603851312, 0, 3, 712, 711, 47, 2.71%, 0, 0, 3, 23.35, 1776, 248541
1603851317, 0, 3, 716, 715, 47, 2.71%, 0, 0, 3, 18.25, 1776, 248623
1603851322, 0, 3, 720, 719, 47, 2.71%, 0, 0, 3, 15.88, 1776, 248701
1603851327, 0, 3, 723, 722, 47, 2.71%, 0, 0, 3, 16.06, 1776, 248783
1603851332, 0, 3, 724, 723, 47, 2.71%, 0, 0, 3, 17.91, 1776, 248867
1603851338, 0, 3, 726, 725, 47, 2.71%, 0, 0, 3, 18.44, 1776, 248960
1603851343, 0, 3, 729, 728, 47, 2.71%, 0, 0, 3, 18.42, 1776, 249052
1603851348, 0, 3, 733, 732, 47, 2.71%, 0, 0, 3, 16.31, 1776, 249125
1603851353, 0, 3, 734, 733, 47, 2.71%, 0, 0, 3, 18.85, 1776, 249222
1603851358, 0, 3, 738, 737, 47, 2.71%, 0, 0, 3, 24.27, 1776, 249348
1603851363, 0, 3, 740, 739, 47, 2.71%, 0, 0, 3, 17.75, 1776, 249426
1603851373, 0, 3, 742, 741, 47, 2.71%, 0, 0, 3, 24.38, 1776, 249651
1603851378, 0, 4, 743, 741, 46, 2.71%, 0, 0, 3, 2361.11, 1776, 259028
1603851385, 0, 4, 745, 743, 46, 2.71%, 0, 0, 3, 304.78, 1776, 272307
1603851390, 0, 37, 745, 742, 46, 2.71%, 0, 0, 3, 67.40, 1776, 274225
1603851888, 0, 37, 746, 743, 46, 2.71%, 0, 0, 3, 47.30, 1776, 296786
1603851908, 0, 37, 747, 744, 46, 2.71%, 0, 0, 3, 47.40, 1776, 297750
1603853806, 0, 37, 748, 745, 46, 2.71%, 0, 0, 3, 46.20, 1776, 385721
1603855151, 0, 37, 753, 750, 46, 2.71%, 0, 0, 3, 48.73, 1776, 447864
1603855712, 0, 37, 754, 751, 46, 2.71%, 0, 0, 3, 39.09, 1776, 474123
1603855717, 0, 37, 756, 753, 46, 2.71%, 0, 0, 3, 34.04, 1778, 474288
1603855732, 0, 37, 759, 756, 46, 2.71%, 0, 0, 3, 31.78, 1778, 474761
1603855737, 0, 37, 761, 758, 46, 2.71%, 0, 0, 3, 31.74, 1778, 474921
1603855742, 0, 37, 762, 759, 46, 2.71%, 0, 0, 3, 32.18, 1778, 475080
1603855752, 0, 37, 763, 760, 46, 2.71%, 0, 0, 3, 33.63, 1778, 475405
1603855758, 0, 37, 765, 762, 46, 2.71%, 0, 0, 3, 30.71, 1778, 475561
1603855763, 0, 37, 767, 764, 46, 2.71%, 0, 0, 3, 32.66, 1778, 475728
1603855768, 0, 37, 769, 766, 46, 2.71%, 0, 0, 3, 31.62, 1778, 475891
1603855773, 0, 37, 770, 767, 46, 2.71%, 0, 0, 3, 29.93, 1778, 476039
1603855783, 0, 37, 772, 769, 46, 2.71%, 0, 0, 3, 32.19, 1778, 476368
1603855794, 0, 113, 772, 768, 48, 2.71%, 0, 0, 3, 30.39, 1778, 476675
1603859566, 0, 113, 773, 769, 48, 2.71%, 0, 0, 3, 50.40, 1778, 650428
1603860115, 0, 113, 774, 770, 48, 2.71%, 0, 0, 3, 47.38, 1778, 675780
1603860423, 0, 139, 774, 769, 49, 2.71%, 0, 0, 3, 53.65, 1778, 689960
1603860581, 0, 139, 776, 771, 49, 2.71%, 0, 0, 3, 146.88, 1778, 714399
1603861508, 0, 139, 777, 772, 49, 2.71%, 0, 0, 3, 140.23, 1778, 861190
1603861523, 0, 139, 778, 773, 49, 2.71%, 0, 0, 3, 154.02, 1778, 863576
1603861584, 0, 139, 779, 774, 49, 2.71%, 0, 0, 3, 148.38, 1778, 873040
1603861782, 0, 139, 782, 777, 49, 2.71%, 0, 0, 3, 105.61, 1778, 903381
1603861787, 0, 139, 784, 779, 49, 2.71%, 0, 0, 3, 96.41, 1778, 903795
1603861792, 0, 139, 787, 782, 49, 2.71%, 0, 0, 3, 99.52, 1778, 904309
1603861797, 0, 139, 788, 783, 49, 2.71%, 0, 0, 3, 96.36, 1778, 904801
1603861802, 0, 139, 789, 784, 49, 2.71%, 0, 0, 3, 98.32, 1778, 905308
1603861807, 0, 164, 789, 783, 48, 2.71%, 0, 0, 3, 106.80, 1778, 905859
1603861823, 0, 164, 790, 784, 48, 2.71%, 0, 0, 3, 108.93, 1779, 907478
1603861879, 0, 164, 792, 786, 48, 2.72%, 0, 0, 3, 119.30, 1783, 913508
1603863492, 0, 164, 793, 787, 48, 2.72%, 0, 0, 3, 111.59, 1783, 1088345
1603863641, 0, 164, 796, 790, 48, 2.72%, 0, 0, 3, 117.69, 1783, 1104508
1603863774, 0, 164, 806, 800, 48, 2.72%, 0, 0, 3, 76.65, 1783, 1118940
1603863779, 0, 164, 812, 806, 48, 2.72%, 0, 0, 3, 108.03, 1783, 1119543
1603863784, 0, 164, 818, 812, 48, 2.72%, 0, 0, 3, 109.44, 1783, 1120103
1603863789, 0, 164, 819, 813, 48, 2.72%, 0, 0, 3, 109.72, 1783, 1120659
1603863794, 0, 164, 825, 819, 48, 2.73%, 0, 0, 3, 123.96, 1786, 1121203
1603863799, 0, 252, 825, 818, 47, 2.73%, 0, 0, 3, 54.92, 1786, 1121443
1603868145, 0, 252, 826, 819, 47, 2.73%, 0, 0, 3, 45.79, 1786, 1320682
1603868642, 0, 253, 826, 818, 48, 2.73%, 0, 0, 3, 1955.92, 1786, 1345125
1603868664, 0, 269, 826, 817, 47, 2.73%, 0, 0, 3, 31.94, 1786, 1383747
1603868679, 0, 269, 827, 818, 47, 2.73%, 0, 0, 3, 25.95, 1786, 1384128
1603868684, 0, 269, 828, 819, 47, 2.73%, 0, 0, 3, 41.53, 1786, 1384367
1603869167, 0, 269, 829, 820, 47, 2.73%, 0, 0, 3, 48.27, 1786, 1406414
1603869203, 0, 269, 830, 821, 47, 2.73%, 0, 0, 3, 50.27, 1786, 1408093
1603870286, 0, 269, 832, 823, 47, 2.73%, 0, 0, 3, 49.70, 1786, 1457572
1603872487, 0, 269, 833, 824, 47, 2.73%, 0, 0, 3, 52.45, 1786, 1557452
1603873565, 0, 271, 833, 823, 47, 2.73%, 0, 0, 3, 32.04, 1786, 1605920
1603873576, 0, 271, 834, 824, 47, 2.73%, 0, 0, 3, 25.87, 1786, 1606204
1603873581, 0, 271, 838, 828, 47, 2.73%, 0, 0, 3, 52.07, 1786, 1606504
1603873586, 0, 271, 839, 829, 47, 2.73%, 0, 0, 3, 57.90, 1786, 1606807
1603873596, 0, 271, 840, 830, 47, 2.73%, 0, 0, 3, 57.15, 1786, 1607394
1603873601, 0, 271, 841, 831, 47, 2.73%, 0, 0, 3, 58.45, 1786, 1607694
1603873821, 0, 271, 842, 832, 47, 2.73%, 0, 0, 3, 55.81, 1786, 1620477
1603873990, 0, 271, 843, 833, 47, 2.73%, 0, 0, 3, 51.82, 1786, 1630279
1603876949, 0, 271, 844, 834, 47, 2.73%, 0, 0, 3, 48.74, 1790, 1802654
1603877382, 0, 271, 846, 836, 47, 2.73%, 0, 0, 3, 43.79, 1790, 1827913
1603877388, 0, 271, 847, 837, 47, 2.73%, 0, 0, 3, 39.27, 1790, 1828110
1603877393, 0, 271, 850, 840, 47, 2.73%, 0, 0, 3, 39.87, 1790, 1828321
1603877398, 0, 271, 851, 841, 47, 2.73%, 0, 0, 3, 36.38, 1790, 1828498
1603877403, 0, 271, 854, 844, 47, 2.73%, 0, 0, 3, 37.00, 1790, 1828683
1603877449, 0, 273, 854, 843, 51, 2.73%, 0, 0, 3, 1926.58, 1790, 1835433
1603877573, 0, 302, 858, 846, 48, 2.73%, 0, 0, 3, 950.13, 1790, 2062728
1603877634, 0, 302, 859, 847, 48, 2.73%, 0, 0, 3, 288.95, 1790, 2084540
1603877644, 0, 302, 865, 853, 48, 2.74%, 0, 0, 3, 406.21, 1794, 2087895
1603877783, 0, 302, 866, 854, 48, 2.74%, 0, 0, 3, 39.50, 1794, 2136551
1603877788, 0, 302, 867, 855, 48, 2.74%, 0, 0, 3, 387.04, 1794, 2138403
1603878089, 0, 302, 872, 860, 48, 2.74%, 0, 0, 3, 355.31, 1794, 2246045
1603878243, 0, 302, 889, 877, 48, 2.74%, 0, 0, 3, 342.87, 1795, 2300811
1603878248, 0, 375, 894, 881, 44, 2.74%, 0, 0, 3, 2603.97, 1795, 2306201
1603878253, 0, 375, 902, 889, 44, 2.74%, 0, 0, 3, 395.57, 1796, 2317683
1603878259, 0, 375, 918, 905, 44, 2.76%, 0, 0, 3, 1268.43, 1808, 2320811
1603878264, 0, 412, 927, 913, 50, 2.76%, 0, 0, 3, 27.63, 1808, 2323014
1603878736, 0, 412, 928, 914, 50, 2.76%, 0, 0, 3, 25.52, 1808, 2334946
1603881039, 0, 412, 929, 915, 50, 2.76%, 0, 0, 3, 29.62, 1808, 2393015
1603884730, 0, 412, 930, 916, 50, 2.76%, 0, 0, 3, 35.83, 1808, 2486594
1603885721, 0, 412, 931, 917, 50, 2.76%, 0, 0, 3, 26.79, 1808, 2511720
1603887103, 0, 412, 932, 918, 50, 2.76%, 0, 0, 3, 29.67, 1808, 2546965
1603887108, 0, 465, 933, 918, 50, 2.76%, 0, 0, 3, 176.62, 1808, 2547511
1603887144, 0, 465, 934, 919, 50, 2.76%, 0, 0, 3, 184.61, 1808, 2554049
1603887174, 0, 465, 935, 920, 50, 2.76%, 0, 0, 3, 185.02, 1808, 2559710
1603887215, 0, 465, 936, 921, 50, 2.76%, 0, 0, 3, 187.56, 1808, 2567350
1603887220, 0, 465, 938, 923, 50, 2.76%, 0, 0, 3, 177.38, 1808, 2568240
1603887816, 0, 465, 939, 924, 50, 2.76%, 0, 0, 3, 191.03, 1808, 2679552
1603887873, 0, 465, 940, 925, 50, 2.76%, 0, 0, 3, 194.64, 1808, 2690109
1603887975, 0, 465, 941, 926, 50, 2.76%, 0, 0, 3, 160.88, 1808, 2708923
1603888143, 0, 465, 945, 930, 50, 2.76%, 0, 0, 3, 172.03, 1808, 2740396
1603888154, 0, 465, 947, 932, 50, 2.76%, 0, 0, 3, 170.31, 1808, 2742104
1603888159, 0, 478, 948, 932, 52, 2.76%, 0, 0, 3, 25.00, 1808, 2742519
1603888174, 0, 478, 949, 933, 52, 2.76%, 0, 0, 3, 30.47, 1808, 2742926
1603888179, 0, 478, 950, 934, 52, 2.76%, 0, 0, 3, 38.47, 1808, 2743131
1603888495, 0, 478, 951, 935, 52, 2.76%, 0, 0, 3, 45.47, 1808, 2756483
1603888719, 0, 478, 953, 937, 52, 2.76%, 0, 0, 3, 165.05, 1809, 2765995
1603889772, 0, 478, 954, 938, 52, 2.76%, 0, 0, 3, 42.07, 1809, 2810234
1603889849, 0, 478, 956, 940, 52, 2.76%, 0, 0, 3, 208.31, 1810, 2813470
1603891757, 0, 478, 957, 941, 52, 2.76%, 0, 0, 3, 56.23, 1810, 2907599
1603891941, 0, 478, 958, 942, 52, 2.76%, 0, 0, 3, 36.25, 1810, 2915405
1603891997, 0, 478, 959, 943, 52, 2.76%, 0, 0, 3, 42.39, 1810, 2917856
1603892231, 0, 478, 960, 944, 52, 2.76%, 0, 0, 3, 73.28, 1810, 2930944
1603892277, 0, 478, 961, 945, 52, 2.76%, 0, 0, 3, 46.19, 1810, 2932970
1603892984, 0, 480, 962, 945, 52, 2.76%, 0, 0, 3, 37.14, 1810, 2972016
1603893005, 0, 480, 964, 947, 52, 2.76%, 0, 0, 3, 43.17, 1810, 2991996
1603893025, 0, 480, 966, 949, 52, 2.76%, 0, 0, 3, 1377.78, 1811, 3001885
1603893067, 0, 480, 967, 950, 52, 2.76%, 0, 0, 3, 233.96, 1811, 3010692
1603893072, 0, 480, 968, 951, 52, 2.76%, 0, 0, 3, 45.13, 1811, 3013344
1603893077, 0, 480, 972, 955, 52, 2.76%, 0, 0, 3, 68.93, 1811, 3013908
1603893103, 0, 528, 972, 954, 53, 2.76%, 0, 0, 3, 193.86, 1811, 3020801
1603893661, 0, 528, 973, 955, 53, 2.76%, 0, 0, 3, 281.33, 1811, 3181311
1603893692, 0, 528, 974, 956, 53, 2.76%, 0, 0, 3, 277.15, 1811, 3190012
1603893743, 0, 528, 975, 957, 53, 2.76%, 0, 0, 3, 293.82, 1811, 3204705
1603893748, 0, 528, 976, 958, 53, 2.76%, 0, 0, 3, 284.64, 1811, 3205613
1603893881, 0, 528, 978, 960, 53, 2.76%, 0, 0, 3, 288.57, 1811, 3244084
1603893886, 0, 528, 981, 963, 53, 2.76%, 0, 0, 3, 263.26, 1811, 3245373
1603893891, 0, 566, 982, 963, 53, 2.76%, 0, 0, 3, 33.07, 1811, 3245780
1603894342, 0, 566, 983, 964, 53, 2.76%, 0, 0, 3, 30.21, 1811, 3259368
1603894647, 0, 566, 984, 965, 53, 2.76%, 0, 0, 3, 33.18, 1811, 3268551
1603899243, 0, 566, 985, 966, 53, 2.76%, 0, 0, 3, 35.83, 1811, 3404613
1603900113, 0, 566, 987, 968, 53, 2.76%, 0, 0, 3, 28.81, 1811, 3430900
1603901353, 0, 566, 988, 969, 53, 2.76%, 0, 0, 3, 29.66, 1811, 3468240
1603901404, 0, 567, 988, 968, 52, 2.76%, 0, 0, 3, 255.65, 1811, 3469990
1603901425, 0, 567, 989, 969, 52, 2.76%, 0, 0, 3, 258.38, 1811, 3475202
1603901466, 0, 567, 990, 970, 52, 2.76%, 0, 0, 3, 246.26, 1811, 3485683
1603901741, 0, 567, 991, 971, 52, 2.76%, 0, 0, 3, 25.00, 1811, 3556858
1603901746, 0, 567, 992, 972, 52, 2.76%, 0, 0, 3, 267.39, 1811, 3558079
1603901935, 0, 567, 993, 973, 52, 2.76%, 0, 0, 3, 269.15, 1811, 3607836
1603901940, 0, 694, 993, 972, 51, 2.76%, 0, 0, 3, 606.38, 1811, 3608500
1603919294, 0, 735, 993, 971, 51, 2.76%, 0, 0, 3, 15.43, 1811, 3836295
1603919769, 0, 735, 994, 972, 51, 2.76%, 0, 0, 4, 12.42, 1811, 3842917
1603920998, 0, 735, 995, 973, 51, 2.76%, 0, 0, 4, 13.21, 1811, 3859914
