# unix_time, cycles_done, cur_path, paths_total, pending_total, pending_favs, map_size, unique_crashes, unique_hangs, max_depth, execs_per_sec, edge_coverage, total_execs
1606830514, 0, 0, 1, 1, 1, 0.52%, 0, 0, 1, 1333.33, 338, 8
1606830519, 0, 0, 460, 460, 1, 4.56%, 0, 0, 2, 2143.11, 2991, 11723
1606830525, 0, 0, 619, 619, 1, 4.72%, 0, 0, 2, 2467.98, 3096, 24725
1606830530, 0, 0, 706, 706, 1, 4.90%, 0, 0, 2, 2520.01, 3210, 37896
1606830535, 0, 31, 722, 719, 128, 4.91%, 0, 0, 3, 2553.25, 3219, 50897
1606830540, 0, 31, 769, 766, 128, 4.98%, 0, 0, 3, 2528.11, 3266, 63952
1606830545, 0, 31, 806, 803, 128, 5.02%, 0, 0, 3, 2600.50, 3291, 77018
1606830550, 0, 40, 850, 846, 146, 5.06%, 0, 0, 3, 107.40, 3317, 84332
1606830555, 0, 40, 860, 856, 146, 5.07%, 0, 0, 3, 132.35, 3322, 85115
1606830560, 0, 54, 865, 860, 147, 5.07%, 0, 0, 3, 1195.59, 3324, 87504
1606830566, 0, 54, 886, 881, 147, 5.13%, 0, 0, 3, 2365.21, 3361, 101161
1606830571, 0, 108, 903, 897, 148, 5.17%, 0, 0, 3, 2596.05, 3388, 114498
1606830576, 0, 114, 927, 920, 151, 5.21%, 0, 0, 3, 2570.39, 3415, 127214
1606830581, 0, 114, 942, 935, 151, 5.22%, 0, 0, 3, 2610.21, 3419, 140211
1606830586, 0, 150, 957, 949, 161, 5.22%, 0, 0, 3, 2494.04, 3419, 152386
1606830591, 0, 150, 976, 968, 161, 5.23%, 0, 0, 3, 2586.23, 3427, 165721
1606830596, 0, 183, 979, 966, 156, 5.23%, 0, 0, 3, 2636.02, 3427, 178935
1606830601, 0, 198, 983, 969, 155, 5.24%, 0, 0, 3, 2248.67, 3431, 189690
1606830606, 0, 198, 986, 972, 155, 5.26%, 0, 0, 3, 2316.84, 3444, 201518
1606830611, 0, 222, 990, 974, 156, 5.26%, 0, 0, 3, 2296.70, 3447, 213457
1606830616, 0, 264, 1005, 986, 156, 5.32%, 0, 0, 3, 2290.33, 3486, 225327
1606830621, 0, 264, 1029, 1010, 156, 5.33%, 0, 0, 3, 2431.11, 3492, 237717
1606830626, 0, 286, 1057, 1037, 160, 5.38%, 0, 0, 3, 2120.48, 3528, 248945
1606830631, 0, 286, 1091, 1071, 160, 5.39%, 0, 0, 3, 2112.03, 3530, 259470
1606830637, 0, 286, 1112, 1092, 160, 5.39%, 0, 0, 3, 2219.17, 3533, 271156
1606830642, 0, 292, 1122, 1101, 164, 5.39%, 0, 0, 3, 2329.06, 3533, 283208
1606830647, 0, 292, 1129, 1108, 164, 5.40%, 0, 0, 3, 2451.14, 3536, 295708
1606830652, 0, 317, 1133, 1110, 166, 5.40%, 0, 0, 3, 2428.14, 3538, 308163
1606830657, 0, 326, 1147, 1123, 165, 5.42%, 0, 0, 3, 2665.34, 3554, 321852
1606830662, 0, 333, 1152, 1127, 171, 5.44%, 0, 0, 3, 2687.52, 3566, 335727
1606830667, 0, 351, 1156, 1128, 168, 5.44%, 0, 0, 3, 2455.35, 3567, 347860
1606830672, 0, 351, 1169, 1141, 168, 5.49%, 0, 0, 3, 2512.30, 3595, 360684
1606830677, 0, 351, 1176, 1148, 168, 5.49%, 0, 0, 3, 2511.62, 3599, 373390
1606830682, 0, 352, 1183, 1154, 172, 5.49%, 0, 0, 3, 2217.13, 3600, 384493
1606830688, 0, 352, 1188, 1159, 172, 5.49%, 0, 0, 3, 2354.28, 3601, 396909
1606830693, 0, 359, 1193, 1163, 172, 5.49%, 0, 0, 3, 2449.88, 3601, 409350
1606830698, 0, 376, 1198, 1166, 171, 5.50%, 0, 0, 3, 2618.08, 3605, 422666
1606830703, 0, 376, 1199, 1167, 171, 5.50%, 0, 0, 3, 2576.99, 3605, 435518
1606830708, 0, 403, 1208, 1172, 168, 5.50%, 0, 0, 3, 2436.53, 3607, 447503
1606830713, 0, 403, 1218, 1182, 168, 5.52%, 0, 0, 3, 2562.53, 3618, 460681
1606830718, 0, 403, 1222, 1186, 168, 5.52%, 0, 0, 3, 2554.30, 3618, 473922
1606830723, 0, 419, 1226, 1188, 167, 5.52%, 0, 0, 3, 2478.61, 3618, 486389
1606830728, 0, 419, 1255, 1217, 167, 5.57%, 0, 0, 3, 2575.11, 3651, 499531
1606830733, 0, 423, 1262, 1223, 166, 5.58%, 0, 0, 3, 2552.04, 3656, 512617
1606830738, 0, 469, 1268, 1225, 163, 5.59%, 0, 0, 3, 2520.20, 3661, 525312
1606830743, 0, 469, 1269, 1226, 163, 5.59%, 0, 0, 3, 2533.23, 3661, 538220
1606830748, 0, 469, 1270, 1227, 163, 5.59%, 0, 0, 3, 2539.04, 3662, 551128
1606830753, 0, 472, 1272, 1228, 164, 5.59%, 0, 0, 3, 2155.98, 3663, 561861
1606830759, 0, 473, 1274, 1229, 163, 5.59%, 0, 0, 3, 2348.01, 3663, 573578
1606830764, 0, 484, 1274, 1227, 161, 5.59%, 0, 0, 3, 2246.25, 3663, 585504
1606830769, 0, 492, 1277, 1228, 159, 5.59%, 0, 0, 3, 2268.07, 3663, 596868
1606830774, 0, 492, 1286, 1237, 159, 5.59%, 0, 0, 3, 2452.56, 3665, 609628
1606830779, 0, 492, 1292, 1243, 159, 5.59%, 0, 0, 3, 2483.74, 3665, 622205
1606830784, 0, 497, 1298, 1248, 158, 5.59%, 0, 0, 3, 2620.28, 3666, 635590
1606830789, 0, 497, 1299, 1249, 158, 5.60%, 0, 0, 3, 2580.49, 3670, 648586
1606830794, 0, 500, 1304, 1253, 159, 5.60%, 0, 0, 3, 1962.86, 3671, 659253
