# unix_time, cycles_done, cur_path, paths_total, pending_total, pending_favs, map_size, unique_crashes, unique_hangs, max_depth, execs_per_sec, edge_coverage, total_execs
1601583263, 0, 0, 1, 1, 1, 0.94%, 0, 0, 1, 500.00 0 8
1601583268, 0, 0, 57, 57, 1, 1.22%, 0, 0, 2, 1214.46 801 7212
1601583273, 0, 0, 81, 81, 1, 1.30%, 0, 0, 2, 1306.55 852 13736
1601583278, 0, 0, 86, 86, 1, 1.55%, 0, 0, 2, 1336.56 1017 20588
1601583283, 0, 0, 93, 93, 1, 1.56%, 0, 0, 2, 1309.75 1021 27144
1601583288, 0, 0, 99, 99, 1, 1.57%, 0, 0, 2, 1286.49 1028 33776
1601583293, 0, 9, 101, 100, 40, 1.57%, 0, 0, 2, 1273.34 1028 40216
1601583303, 0, 18, 101, 99, 39, 1.57%, 0, 0, 2, 1271.75 1028 53075
1601583308, 0, 21, 101, 98, 38, 1.57%, 0, 0, 2, 1275.27 1028 59594
1601583314, 0, 22, 102, 98, 38, 1.57%, 0, 0, 3, 1280.26 1029 66097
1601583319, 0, 23, 102, 97, 37, 1.57%, 0, 0, 3, 1288.77 1029 72677
1601583324, 0, 29, 103, 97, 36, 1.57%, 0, 0, 3, 1292.04 1029 79245
1601583329, 0, 31, 104, 97, 35, 1.57%, 0, 0, 3, 1232.93 1029 85353
1601583334, 0, 34, 104, 96, 34, 1.57%, 0, 0, 3, 1262.14 1029 91755
1601583344, 0, 37, 106, 96, 34, 1.57%, 0, 0, 3, 1284.41 1031 104870
1601583349, 0, 38, 108, 97, 33, 1.58%, 0, 0, 3, 1219.66 1034 111176
1601583354, 0, 39, 109, 97, 34, 1.58%, 0, 0, 3, 983.96 1035 115807
1601583359, 0, 39, 112, 100, 34, 1.62%, 0, 0, 3, 1113.84 1064 121396
1601583365, 0, 39, 114, 102, 34, 1.62%, 0, 0, 3, 1183.13 1064 127617
1601583370, 0, 39, 116, 104, 34, 1.63%, 0, 0, 3, 1198.11 1068 133659
1601583375, 0, 39, 117, 105, 34, 1.65%, 0, 0, 3, 1198.34 1083 139693
1601583380, 0, 40, 118, 105, 35, 1.65%, 0, 0, 3, 1013.94 1083 144846
1601583385, 0, 41, 118, 104, 34, 1.65%, 0, 0, 3, 961.97 1083 149552
1601583390, 0, 42, 120, 105, 33, 1.65%, 0, 0, 3, 1017.91 1084 154645
1601583395, 0, 43, 121, 105, 34, 1.66%, 0, 0, 3, 969.94 1086 159470
1601583400, 0, 46, 121, 103, 33, 1.66%, 0, 0, 3, 987.49 1086 164384
1601583405, 0, 55, 135, 115, 32, 1.66%, 0, 0, 3, 1222.50 1091 171047
1601583410, 0, 58, 136, 115, 31, 1.66%, 0, 0, 3, 1277.34 1091 177566
1601583415, 0, 63, 136, 114, 30, 1.66%, 0, 0, 3, 1172.21 1091 183760
1601583420, 0, 65, 136, 113, 29, 1.66%, 0, 0, 3, 1141.45 1091 189143
1601583426, 0, 67, 136, 112, 28, 1.66%, 0, 0, 3, 1263.57 1091 195899
1601583431, 0, 67, 138, 114, 28, 1.66%, 0, 0, 3, 1259.43 1091 202281
1601583436, 0, 68, 138, 113, 28, 1.66%, 0, 0, 3, 1278.84 1091 208757
1601583441, 0, 71, 140, 114, 30, 1.68%, 0, 0, 3, 1279.85 1098 215215
1601583446, 0, 74, 141, 114, 28, 1.68%, 0, 0, 3, 1273.49 1098 221685
1601583451, 0, 77, 146, 118, 27, 1.68%, 0, 0, 3, 1284.37 1102 228211
1601583461, 0, 77, 149, 121, 27, 1.68%, 0, 0, 3, 1288.63 1103 241310
1601583471, 0, 77, 150, 122, 27, 1.68%, 0, 0, 3, 1287.32 1103 254418
1601583476, 0, 84, 170, 141, 27, 1.84%, 0, 0, 3, 1271.52 1207 260827
1601583481, 0, 84, 173, 144, 27, 1.84%, 0, 0, 3, 1249.63 1209 267043
1601583486, 0, 84, 176, 147, 27, 1.85%, 0, 0, 3, 1261.46 1210 273425
1601583491, 0, 84, 182, 153, 27, 1.85%, 0, 0, 3, 1269.38 1215 279798
1601583496, 0, 84, 186, 157, 27, 1.86%, 0, 0, 3, 1278.09 1216 286330
1601583502, 0, 88, 188, 158, 41, 1.86%, 0, 0, 3, 1281.53 1218 292813
1601583507, 0, 94, 188, 157, 40, 1.86%, 0, 0, 3, 1243.34 1218 299221
1601583512, 0, 96, 188, 156, 39, 1.86%, 0, 0, 3, 1061.44 1218 303970
1601583517, 0, 98, 189, 156, 39, 1.86%, 0, 0, 3, 1228.68 1218 310370
1601583522, 0, 98, 190, 157, 39, 1.86%, 0, 0, 3, 1276.20 1220 316821
1601583527, 0, 99, 195, 161, 39, 1.86%, 0, 0, 3, 1270.30 1222 323229
1601583532, 0, 99, 198, 164, 39, 1.86%, 0, 0, 3, 1274.44 1222 329653
1601583537, 0, 99, 199, 165, 39, 1.86%, 0, 0, 3, 1271.50 1222 336161
1601583542, 0, 99, 202, 168, 39, 1.86%, 0, 0, 3, 1247.24 1222 342359
1601583547, 0, 99, 206, 172, 39, 1.87%, 0, 0, 3, 1269.27 1223 348817
1601583552, 0, 101, 208, 173, 40, 1.96%, 0, 0, 4, 1283.55 1285 355301
1601583557, 0, 104, 208, 172, 41, 1.96%, 0, 0, 4, 1071.99 1285 360837
1601583562, 0, 105, 208, 171, 40, 1.96%, 0, 0, 4, 974.01 1285 365570
1601583567, 0, 107, 208, 169, 38, 1.96%, 0, 0, 4, 955.45 1285 370254
1601583572, 0, 108, 208, 168, 37, 1.96%, 0, 0, 4, 860.54 1285 374544
1601583577, 0, 109, 208, 167, 36, 1.96%, 0, 0, 4, 899.58 1285 379115
1601583582, 0, 116, 208, 166, 35, 1.96%, 0, 0, 4, 875.73 1285 383519
1601583588, 0, 133, 212, 169, 33, 1.96%, 0, 0, 4, 1039.87 1285 388692
1601583593, 0, 138, 219, 175, 32, 1.98%, 0, 0, 4, 1239.16 1295 395342
1601583598, 0, 139, 219, 174, 37, 1.98%, 0, 0, 4, 1270.01 1295 401790
1601583603, 0, 147, 222, 176, 36, 1.98%, 0, 0, 4, 1271.94 1296 407688
1601583608, 0, 151, 223, 176, 36, 1.98%, 0, 0, 4, 1256.31 1296 413971
1601583613, 0, 151, 226, 179, 36, 1.99%, 0, 0, 4, 1265.09 1302 420387
1601583618, 0, 154, 233, 184, 36, 2.01%, 0, 0, 4, 1263.80 1315 426957
1601583623, 0, 154, 243, 194, 36, 2.01%, 0, 0, 4, 1271.14 1318 433358
1601583628, 0, 154, 246, 197, 36, 2.01%, 0, 0, 4, 1272.18 1319 439782
1601583633, 0, 154, 249, 200, 36, 2.02%, 0, 0, 4, 1273.69 1323 446181
1601583638, 0, 154, 250, 201, 36, 2.02%, 0, 0, 4, 1279.63 1325 452714
1601583648, 0, 162, 252, 200, 42, 2.02%, 0, 0, 4, 1267.14 1326 465645
1601583654, 0, 165, 256, 203, 41, 2.02%, 0, 0, 4, 1262.02 1326 472009
1601583659, 0, 165, 263, 210, 41, 2.03%, 0, 0, 4, 1273.76 1329 478440
1601583664, 0, 165, 266, 213, 41, 2.03%, 0, 0, 4, 1276.01 1329 484914
1601583669, 0, 165, 269, 216, 41, 2.03%, 0, 0, 4, 1275.99 1330 491413
1601583674, 0, 165, 273, 220, 41, 2.04%, 0, 0, 4, 1269.84 1340 497845
1601583679, 0, 166, 275, 221, 39, 2.04%, 0, 0, 4, 1259.97 1340 504220
1601583684, 0, 166, 279, 225, 39, 2.05%, 0, 0, 4, 1271.29 1343 510675
1601583689, 0, 166, 280, 226, 39, 2.05%, 0, 0, 4, 1272.93 1343 517208
1601583699, 0, 166, 283, 229, 39, 2.06%, 0, 0, 4, 1264.78 1347 529682
1601583709, 0, 175, 283, 227, 39, 2.06%, 0, 0, 4, 1245.34 1347 542305
1601583714, 0, 175, 286, 230, 39, 2.06%, 0, 0, 4, 1266.75 1347 548743
1601583719, 0, 180, 286, 228, 37, 2.06%, 0, 0, 4, 1274.93 1347 555184
1601583724, 0, 187, 288, 227, 35, 2.06%, 0, 0, 4, 1279.57 1349 561665
1601583729, 0, 189, 288, 226, 34, 2.06%, 0, 0, 4, 1274.51 1349 568046
1601583735, 0, 194, 288, 224, 32, 2.06%, 0, 0, 4, 1272.24 1349 574510
1601583740, 0, 203, 293, 228, 31, 2.06%, 0, 0, 4, 1273.39 1349 581016
1601583745, 0, 203, 294, 229, 31, 2.06%, 0, 0, 4, 1277.50 1349 587536
1601583750, 0, 206, 297, 231, 30, 2.15%, 0, 0, 5, 1282.58 1406 593928
1601583755, 0, 206, 306, 240, 30, 2.18%, 0, 0, 5, 1279.29 1428 600388
1601583760, 0, 206, 314, 248, 30, 2.18%, 0, 0, 5, 1274.06 1431 606877
1601583765, 0, 206, 320, 254, 30, 2.21%, 0, 0, 5, 1259.95 1448 613275
1601583770, 0, 206, 323, 257, 30, 2.21%, 0, 0, 5, 1268.75 1448 619699
1601583775, 0, 206, 327, 261, 30, 2.21%, 0, 0, 5, 1262.40 1450 626131
1601583780, 0, 207, 339, 272, 42, 2.23%, 0, 0, 5, 1267.53 1464 632492
1601583785, 0, 207, 353, 286, 42, 2.25%, 0, 0, 5, 1260.14 1475 639049
1601583790, 0, 207, 354, 287, 42, 2.25%, 0, 0, 5, 1260.75 1475 645432
1601583795, 0, 207, 357, 290, 42, 2.25%, 0, 0, 5, 1250.78 1475 651762
1601583806, 0, 207, 358, 291, 42, 2.25%, 0, 0, 5, 1262.59 1475 664489
1601583811, 0, 213, 359, 291, 48, 2.29%, 0, 0, 5, 1275.78 1502 670969
1601583816, 0, 214, 360, 291, 48, 2.30%, 0, 0, 5, 1263.70 1509 677367
1601583821, 0, 214, 362, 293, 48, 2.30%, 0, 0, 5, 1260.54 1509 683777
1601583826, 0, 215, 363, 293, 47, 2.31%, 0, 0, 5, 1274.55 1512 690251
1601583831, 0, 216, 364, 293, 47, 2.32%, 0, 0, 5, 1279.41 1523 696733
1601583836, 0, 216, 366, 295, 47, 2.35%, 0, 0, 5, 1253.81 1540 703093
1601583841, 0, 217, 366, 294, 50, 2.35%, 0, 0, 5, 1213.33 1540 708887
1601583846, 0, 218, 366, 293, 49, 2.35%, 0, 0, 5, 1263.13 1540 715297
1601583851, 0, 220, 366, 292, 48, 2.35%, 0, 0, 5, 1272.11 1540 721777
1601583856, 0, 224, 369, 294, 48, 2.39%, 0, 0, 5, 1272.64 1567 728283
1601583861, 0, 224, 379, 304, 48, 2.40%, 0, 0, 5, 1270.85 1571 734713
1601583866, 0, 224, 380, 305, 48, 2.40%, 0, 0, 5, 1275.91 1571 741221
1601583872, 0, 224, 381, 306, 48, 2.40%, 0, 0, 5, 1232.93 1571 746834
1601583877, 0, 224, 382, 307, 48, 2.40%, 0, 0, 5, 1264.43 1571 753462
1601583882, 0, 224, 384, 309, 48, 2.40%, 0, 0, 5, 1274.56 1571 759953
1601583887, 0, 225, 386, 310, 50, 2.40%, 0, 0, 5, 1261.64 1571 766284
1601583892, 0, 225, 387, 311, 50, 2.40%, 0, 0, 5, 1258.20 1571 772692
1601583902, 0, 227, 388, 311, 49, 2.40%, 0, 0, 5, 1243.69 1571 784649
1601583907, 0, 227, 391, 314, 49, 2.40%, 0, 0, 5, 1268.43 1574 791110
1601583912, 0, 227, 392, 315, 49, 2.40%, 0, 0, 5, 1276.84 1575 797643
1601583928, 0, 228, 393, 315, 51, 2.40%, 0, 0, 5, 1276.74 1575 817120
1601583933, 0, 229, 396, 317, 50, 2.41%, 0, 0, 5, 1257.21 1577 823250
1601583938, 0, 229, 401, 322, 50, 2.41%, 0, 0, 5, 1275.78 1579 829765
1601583943, 0, 229, 402, 323, 50, 2.41%, 0, 0, 5, 1268.37 1579 836248
1601583948, 0, 229, 403, 324, 50, 2.41%, 0, 0, 5, 1267.77 1579 842681
1601583953, 0, 229, 404, 325, 50, 2.41%, 0, 0, 5, 1277.73 1579 849189
1601583958, 0, 235, 405, 324, 53, 2.41%, 0, 0, 5, 1214.95 1579 855442
1601583963, 0, 235, 407, 326, 53, 2.41%, 0, 0, 5, 1229.13 1579 861402
1601583968, 0, 246, 407, 324, 51, 2.41%, 0, 0, 5, 1261.03 1579 867789
1601583973, 0, 256, 409, 325, 50, 2.43%, 0, 0, 5, 1246.63 1592 874099
1601583978, 0, 256, 412, 328, 50, 2.43%, 0, 0, 5, 1258.04 1592 880470
1601583984, 0, 256, 414, 330, 50, 2.43%, 0, 0, 5, 1255.75 1592 886836
1601583989, 0, 256, 416, 332, 50, 2.43%, 0, 0, 5, 1255.80 1594 893227
1601584004, 0, 264, 417, 331, 50, 2.43%, 0, 0, 5, 1256.01 1594 912431
1601584009, 0, 264, 418, 332, 50, 2.43%, 0, 0, 5, 1244.11 1594 918873
1601584014, 0, 266, 419, 331, 48, 2.44%, 0, 0, 5, 1262.10 1601 925212
1601584019, 0, 271, 424, 335, 48, 2.45%, 0, 0, 5, 1239.42 1608 931477
1601584024, 0, 271, 427, 338, 48, 2.45%, 0, 0, 5, 1259.56 1608 937589
1601584029, 0, 271, 432, 343, 48, 2.46%, 0, 0, 5, 1251.82 1609 943929
1601584034, 0, 271, 435, 346, 48, 2.46%, 0, 0, 5, 1253.61 1609 950278
1601584039, 0, 271, 436, 347, 48, 2.46%, 0, 0, 5, 1256.18 1609 956636
1601584044, 0, 271, 439, 350, 48, 2.46%, 0, 0, 5, 1257.24 1609 962985
1601584050, 0, 278, 446, 356, 51, 2.51%, 0, 0, 5, 1237.78 1647 969215
1601584055, 0, 278, 449, 359, 51, 2.51%, 0, 0, 5, 1260.50 1647 975663
1601584060, 0, 278, 450, 360, 51, 2.51%, 0, 0, 5, 1261.30 1647 982046
1601584065, 0, 278, 451, 361, 51, 2.51%, 0, 0, 5, 1262.04 1648 988429
1601584075, 0, 278, 453, 363, 51, 2.52%, 0, 0, 5, 1250.68 1649 1001170
1601584080, 0, 280, 458, 367, 52, 2.52%, 0, 0, 5, 1239.25 1650 1007350
1601584085, 0, 282, 460, 368, 52, 2.52%, 0, 0, 5, 1249.17 1650 1013438
1601584090, 0, 282, 461, 369, 52, 2.52%, 0, 0, 5, 1264.52 1650 1019893
1601584095, 0, 282, 463, 371, 52, 2.52%, 0, 0, 5, 1263.88 1654 1026309
1601584100, 0, 282, 465, 373, 52, 2.52%, 0, 0, 5, 1265.42 1654 1032775
1601584110, 0, 286, 465, 372, 51, 2.52%, 0, 0, 5, 1275.99 1654 1045669
1601584115, 0, 288, 465, 371, 50, 2.52%, 0, 0, 5, 1278.26 1654 1051684
1601584121, 0, 295, 473, 378, 50, 2.53%, 0, 0, 6, 1281.96 1656 1058160
1601584126, 0, 295, 474, 379, 50, 2.53%, 0, 0, 6, 1272.91 1656 1064618
1601584136, 0, 301, 476, 380, 52, 2.53%, 0, 0, 6, 1280.51 1660 1077598
1601584141, 0, 303, 477, 380, 52, 2.53%, 0, 0, 6, 1281.45 1660 1084086
1601584146, 0, 307, 478, 380, 52, 2.53%, 0, 0, 6, 1250.42 1660 1090193
1601584151, 0, 308, 478, 379, 51, 2.53%, 0, 0, 6, 1280.94 1660 1096724
1601584156, 0, 320, 478, 377, 49, 2.53%, 0, 0, 6, 1290.58 1660 1103260
1601584161, 0, 324, 478, 376, 48, 2.53%, 0, 0, 6, 1288.69 1660 1109765
1601584166, 0, 334, 480, 377, 47, 2.53%, 0, 0, 6, 1281.04 1661 1116232
1601584171, 0, 336, 480, 376, 47, 2.53%, 0, 0, 6, 1284.89 1661 1122707
1601584176, 0, 345, 480, 374, 45, 2.53%, 0, 0, 6, 1271.19 1661 1129127
1601584181, 0, 346, 482, 375, 44, 2.53%, 0, 0, 6, 1275.00 1661 1135602
1601584186, 0, 356, 482, 373, 42, 2.53%, 0, 0, 6, 1276.23 1661 1142120
1601584191, 0, 358, 482, 372, 41, 2.53%, 0, 0, 6, 1276.97 1661 1148554
1601584196, 0, 360, 491, 380, 40, 2.54%, 0, 0, 6, 1275.59 1664 1154994
1601584202, 0, 360, 493, 382, 40, 2.54%, 0, 0, 6, 1255.84 1664 1161160
1601584207, 0, 360, 495, 384, 40, 2.54%, 0, 0, 6, 1262.52 1664 1167551
1601584212, 0, 360, 496, 385, 40, 2.54%, 0, 0, 6, 1266.33 1664 1174009
1601584227, 0, 362, 496, 384, 43, 2.54%, 0, 0, 6, 1269.45 1664 1193258
1601584232, 0, 363, 498, 385, 42, 2.55%, 0, 0, 6, 1228.03 1669 1199513
1601584237, 0, 363, 506, 393, 42, 2.89%, 0, 0, 6, 1246.14 1897 1205816
1601584242, 0, 363, 512, 399, 42, 3.10%, 0, 0, 6, 1254.89 2030 1212170
1601584247, 0, 363, 519, 406, 42, 3.16%, 0, 0, 6, 1250.59 2071 1218641
1601584252, 0, 363, 521, 408, 42, 3.17%, 0, 0, 6, 1252.81 2075 1224967
1601584257, 0, 363, 523, 410, 42, 3.17%, 0, 0, 6, 1255.68 2075 1231333
1601584262, 0, 373, 527, 412, 56, 3.18%, 0, 0, 6, 1259.50 2084 1237698
1601584268, 0, 373, 531, 416, 56, 3.18%, 0, 0, 6, 1270.71 2084 1244190
1601584273, 0, 373, 538, 423, 56, 3.20%, 0, 0, 6, 1269.26 2099 1250596
1601584278, 0, 373, 541, 426, 56, 3.20%, 0, 0, 6, 1264.20 2099 1257045
1601584283, 0, 373, 542, 427, 56, 3.20%, 0, 0, 6, 1259.28 2099 1263428
1601584288, 0, 373, 543, 428, 56, 3.20%, 0, 0, 6, 1261.94 2100 1269786
1601584293, 0, 373, 545, 430, 56, 3.20%, 0, 0, 6, 1261.37 2100 1275602
1601584298, 0, 382, 545, 429, 58, 3.20%, 0, 0, 6, 1262.10 2100 1281968
1601584303, 0, 388, 547, 430, 57, 3.20%, 0, 0, 6, 1255.68 2100 1288301
1601584308, 0, 388, 549, 432, 57, 3.21%, 0, 0, 6, 1262.66 2101 1294792
1601584328, 0, 390, 549, 431, 57, 3.21%, 0, 0, 6, 1240.00 2101 1320131
1601584333, 0, 391, 550, 431, 56, 3.21%, 0, 0, 6, 1253.87 2101 1326441
1601584338, 0, 391, 551, 432, 56, 3.21%, 0, 0, 6, 1269.81 2102 1332913
1601584344, 0, 393, 553, 433, 56, 3.21%, 0, 0, 6, 1264.95 2102 1339315
1601584349, 0, 393, 557, 437, 56, 3.21%, 0, 0, 6, 1265.71 2102 1345747
1601584354, 0, 393, 559, 439, 56, 3.21%, 0, 0, 6, 1265.73 2102 1352138
1601584369, 0, 395, 560, 439, 55, 3.21%, 0, 0, 6, 1267.78 2102 1371455
1601584374, 0, 396, 562, 440, 54, 3.21%, 0, 0, 6, 1261.08 2102 1377846
1601584379, 0, 396, 567, 445, 54, 3.21%, 0, 0, 6, 1262.50 2102 1384211
1601584394, 0, 399, 569, 446, 53, 3.21%, 0, 0, 6, 1252.94 2102 1403283
1601584399, 0, 399, 573, 450, 53, 3.21%, 0, 0, 6, 1259.24 2102 1409615
1601584409, 0, 399, 574, 451, 53, 3.21%, 0, 0, 6, 1265.37 2102 1422398
1601584415, 0, 399, 575, 452, 53, 3.21%, 0, 0, 6, 1267.76 2102 1428906
1601584425, 0, 418, 576, 451, 52, 3.21%, 0, 0, 6, 1251.40 2102 1441892
1601584430, 0, 418, 583, 458, 52, 3.22%, 0, 0, 6, 1256.05 2109 1448263
1601584440, 0, 418, 585, 460, 52, 3.22%, 0, 0, 6, 1262.39 2109 1461129
1601584445, 0, 418, 586, 461, 52, 3.22%, 0, 0, 6, 1268.26 2109 1467562
1601584455, 0, 421, 586, 460, 55, 3.22%, 0, 0, 6, 1235.09 2109 1480103
1601584461, 0, 422, 589, 462, 54, 3.22%, 0, 0, 6, 1230.18 2109 1486449
1601584476, 0, 423, 589, 461, 53, 3.22%, 0, 0, 6, 1226.27 2109 1505276
1601584481, 0, 423, 595, 467, 53, 3.22%, 0, 0, 6, 1248.86 2109 1511612
1601584486, 0, 423, 597, 469, 53, 3.22%, 0, 0, 6, 1257.23 2109 1517945
1601584506, 0, 440, 597, 467, 51, 3.22%, 0, 0, 6, 1231.67 2109 1542915
1601584511, 0, 450, 597, 466, 50, 3.22%, 0, 0, 6, 1226.33 2109 1549257
1601584517, 0, 450, 601, 470, 50, 3.22%, 0, 0, 6, 1213.13 2111 1555473
1601584522, 0, 451, 610, 478, 53, 3.24%, 0, 0, 6, 1217.24 2123 1561602
1601584527, 0, 453, 612, 479, 60, 3.24%, 0, 0, 6, 1229.95 2124 1567839
1601584532, 0, 453, 615, 482, 60, 3.24%, 0, 0, 6, 1250.17 2124 1574143
1601584537, 0, 453, 616, 483, 60, 3.24%, 0, 0, 6, 1256.67 2124 1580547
1601584547, 0, 454, 616, 482, 60, 3.24%, 0, 0, 6, 1243.28 2124 1593374
1601584552, 0, 458, 617, 482, 59, 3.24%, 0, 0, 6, 1253.02 2124 1599848
1601584557, 0, 462, 617, 481, 59, 3.24%, 0, 0, 6, 990.62 2124 1604909
1601584562, 0, 464, 618, 481, 58, 3.24%, 0, 0, 6, 1074.45 2124 1609977
1601584567, 0, 464, 621, 484, 58, 3.24%, 0, 0, 6, 1223.92 2124 1616332
1601584572, 0, 464, 622, 485, 58, 3.24%, 0, 0, 6, 1261.54 2124 1622743
1601584578, 0, 465, 622, 484, 57, 3.24%, 0, 0, 6, 1275.98 2124 1629254
1601584583, 0, 467, 622, 483, 56, 3.24%, 0, 0, 6, 1286.48 2124 1635780
1601584588, 0, 469, 622, 482, 55, 3.24%, 0, 0, 6, 1266.99 2124 1642134
1601584593, 0, 475, 624, 482, 53, 3.24%, 0, 0, 7, 1285.54 2126 1648663
1601584598, 0, 475, 625, 483, 53, 3.24%, 0, 0, 7, 1272.52 2126 1655067
1601584603, 0, 475, 626, 484, 53, 3.24%, 0, 0, 7, 1255.01 2126 1661325
1601584608, 0, 477, 626, 482, 53, 3.24%, 0, 0, 7, 1260.51 2126 1667617
1601584613, 0, 478, 626, 481, 52, 3.24%, 0, 0, 7, 1262.07 2126 1673935
1601584618, 0, 482, 628, 482, 51, 3.24%, 0, 0, 7, 1266.39 2126 1680337
1601584623, 0, 482, 629, 483, 51, 3.24%, 0, 0, 7, 1260.46 2126 1686645
1601584628, 0, 482, 630, 484, 51, 3.24%, 0, 0, 7, 1270.50 2126 1693128
1601584643, 0, 483, 630, 483, 50, 3.24%, 0, 0, 7, 1265.78 2126 1712544
1601584648, 0, 491, 630, 481, 48, 3.24%, 0, 0, 7, 1266.64 2126 1718956
1601584653, 0, 496, 630, 480, 47, 3.24%, 0, 0, 7, 1270.25 2126 1725346
1601584658, 0, 496, 633, 483, 47, 3.27%, 0, 0, 7, 1272.52 2146 1731743
1601584664, 0, 496, 634, 484, 47, 3.29%, 0, 0, 7, 1257.72 2157 1738076
1601584669, 0, 496, 636, 486, 47, 3.29%, 0, 0, 7, 1271.36 2159 1744592
1601584674, 0, 496, 637, 487, 47, 3.30%, 0, 0, 7, 1273.58 2161 1751100
1601584679, 0, 496, 638, 488, 47, 3.30%, 0, 0, 7, 1286.23 2161 1757658
1601584684, 0, 497, 638, 487, 51, 3.30%, 0, 0, 7, 1273.79 2161 1764158
1601584689, 0, 497, 646, 495, 51, 3.34%, 0, 0, 7, 1273.17 2189 1770771
1601584694, 0, 497, 648, 497, 51, 3.36%, 0, 0, 7, 1280.11 2203 1777312
1601584699, 0, 497, 651, 500, 51, 3.40%, 0, 0, 7, 1279.99 2225 1783811
1601584704, 0, 497, 653, 502, 51, 3.40%, 0, 0, 7, 1272.78 2225 1790327
1601584710, 0, 497, 655, 504, 51, 3.40%, 0, 0, 7, 1277.35 2226 1796843
1601584715, 0, 499, 657, 505, 56, 3.40%, 0, 0, 7, 1253.04 2231 1803110
1601584720, 0, 499, 659, 507, 56, 3.41%, 0, 0, 7, 1235.63 2236 1809278
1601584725, 0, 502, 661, 508, 57, 3.41%, 0, 0, 7, 1232.30 2237 1815517
1601584730, 0, 502, 663, 510, 57, 3.43%, 0, 0, 7, 1237.32 2245 1821745
1601584735, 0, 503, 665, 511, 60, 3.45%, 0, 0, 7, 1228.96 2258 1827959
1601584740, 0, 503, 674, 520, 60, 3.47%, 0, 0, 7, 1256.02 2276 1834279
1601584745, 0, 503, 677, 523, 60, 3.48%, 0, 0, 7, 1262.14 2283 1840703
1601584750, 0, 503, 687, 533, 60, 3.49%, 0, 0, 7, 1255.71 2286 1847233
1601584755, 0, 503, 689, 535, 60, 3.49%, 0, 0, 7, 1262.53 2286 1853649
1601584760, 0, 503, 691, 537, 60, 3.49%, 0, 0, 7, 1262.56 2287 1860015
1601584765, 0, 509, 691, 536, 66, 3.49%, 0, 0, 7, 1188.53 2287 1866013
1601584770, 0, 509, 693, 538, 66, 3.50%, 0, 0, 7, 1217.43 2294 1872255
1601584775, 0, 510, 693, 537, 66, 3.50%, 0, 0, 7, 1227.92 2294 1878509
1601584781, 0, 512, 694, 537, 66, 3.50%, 0, 0, 7, 1249.61 2295 1885034
1601584791, 0, 517, 694, 536, 65, 3.50%, 0, 0, 7, 1229.02 2295 1897472
1601584796, 0, 518, 705, 546, 64, 3.59%, 0, 0, 7, 1193.80 2351 1903531
1601584801, 0, 518, 715, 556, 64, 3.65%, 0, 0, 7, 1125.65 2394 1909103
1601584806, 0, 518, 718, 559, 64, 3.66%, 0, 0, 7, 1117.75 2396 1914715
1601584811, 0, 518, 725, 566, 64, 3.68%, 0, 0, 7, 1185.05 2414 1920723
1601584816, 0, 518, 730, 571, 64, 3.70%, 0, 0, 7, 1209.72 2423 1926893
1601584821, 0, 518, 735, 576, 64, 3.70%, 0, 0, 7, 1207.01 2423 1933029
1601584826, 0, 518, 743, 584, 64, 3.70%, 0, 0, 7, 1216.70 2424 1939189
1601584836, 0, 520, 744, 584, 86, 3.70%, 0, 0, 7, 1232.43 2425 1951674
1601584841, 0, 520, 745, 585, 86, 3.70%, 0, 0, 7, 1250.13 2425 1957956
1601584846, 0, 526, 745, 584, 85, 3.70%, 0, 0, 7, 1269.58 2425 1964374
1601584851, 0, 526, 747, 586, 85, 3.70%, 0, 0, 7, 1273.79 2425 1970864
1601584857, 0, 542, 748, 586, 84, 3.70%, 0, 0, 7, 1281.05 2426 1977384
1601584862, 0, 542, 750, 588, 84, 3.71%, 0, 0, 7, 1286.08 2429 1983935
1601584872, 0, 542, 762, 600, 84, 3.71%, 0, 0, 7, 1272.06 2429 1996837
1601584877, 0, 542, 765, 603, 84, 3.71%, 0, 0, 7, 1262.40 2430 2003411
1601584882, 0, 542, 771, 609, 84, 3.71%, 0, 0, 7, 1269.52 2431 2009834
1601584887, 0, 542, 772, 610, 84, 3.71%, 0, 0, 7, 1269.01 2431 2016342
1601584892, 0, 542, 773, 611, 84, 3.71%, 0, 0, 7, 1266.67 2431 2022725
1601584897, 0, 547, 775, 612, 87, 3.71%, 0, 0, 7, 1270.69 2431 2029140
1601584902, 0, 547, 777, 614, 87, 3.71%, 0, 0, 7, 1276.37 2431 2035606
1601584907, 0, 547, 778, 615, 87, 3.71%, 0, 0, 7, 1281.38 2431 2042139
1601584912, 0, 547, 780, 617, 87, 3.71%, 0, 0, 7, 1273.13 2431 2048605
1601584923, 0, 550, 780, 616, 87, 3.71%, 0, 0, 7, 1288.69 2431 2061564
1601584928, 0, 558, 780, 615, 86, 3.71%, 0, 0, 7, 1292.07 2431 2068117
1601584948, 0, 576, 781, 614, 84, 3.71%, 0, 0, 7, 1283.24 2434 2094177
1601584953, 0, 582, 782, 614, 84, 3.72%, 0, 0, 7, 1287.65 2439 2100715
1601584958, 0, 584, 784, 614, 84, 3.73%, 0, 0, 7, 1264.89 2442 2107086
1601584963, 0, 597, 784, 613, 83, 3.73%, 0, 0, 7, 1234.54 2442 2113516
1601584973, 0, 599, 784, 612, 82, 3.73%, 0, 0, 7, 1216.42 2442 2125788
1601584978, 0, 599, 785, 613, 82, 3.73%, 0, 0, 7, 1239.32 2442 2132053
1601584984, 0, 601, 785, 612, 81, 3.73%, 0, 0, 7, 1213.79 2442 2138388
1601584994, 0, 603, 785, 610, 80, 3.73%, 0, 0, 7, 1238.18 2442 2150971
1601584999, 0, 604, 785, 609, 79, 3.73%, 0, 0, 7, 1241.46 2442 2157219
1601585004, 0, 605, 785, 608, 78, 3.73%, 0, 0, 7, 1246.68 2442 2163464
1601585009, 0, 606, 785, 607, 77, 3.73%, 0, 0, 7, 1247.89 2442 2169803
1601585014, 0, 607, 785, 606, 76, 3.73%, 0, 0, 7, 1255.16 2442 2176097
1601585019, 0, 609, 785, 604, 74, 3.73%, 0, 0, 7, 1250.36 2442 2182338
1601585024, 0, 610, 785, 603, 73, 3.73%, 0, 0, 7, 1247.88 2442 2188769
1601585029, 0, 611, 786, 603, 72, 3.73%, 0, 0, 7, 1245.41 2442 2195230
1601585034, 0, 622, 786, 601, 71, 3.73%, 0, 0, 7, 1276.58 2442 2201744
1601585039, 0, 622, 787, 602, 71, 3.73%, 0, 0, 8, 1276.18 2442 2208177
1601585044, 0, 623, 788, 602, 70, 3.73%, 0, 0, 8, 1273.86 2442 2214653
1601585050, 0, 630, 788, 601, 69, 3.73%, 0, 0, 8, 1272.85 2442 2221126
1601585060, 0, 631, 790, 602, 68, 3.78%, 0, 0, 8, 1261.21 2478 2233647
1601585065, 0, 631, 796, 608, 68, 3.81%, 0, 0, 8, 1274.10 2498 2240077
1601585070, 0, 631, 798, 610, 68, 3.82%, 0, 0, 8, 1278.48 2503 2246593
1601585075, 0, 631, 799, 611, 68, 3.83%, 0, 0, 8, 1281.55 2510 2253076
1601585080, 0, 631, 800, 612, 68, 3.83%, 0, 0, 8, 1280.12 2512 2259584
1601585085, 0, 631, 801, 613, 68, 3.84%, 0, 0, 8, 1266.23 2517 2266042
1601585090, 0, 633, 802, 613, 75, 3.86%, 0, 0, 8, 1232.56 2527 2272263
1601585095, 0, 635, 803, 613, 76, 3.86%, 0, 0, 8, 1203.08 2529 2278573
1601585100, 0, 636, 804, 613, 75, 3.86%, 0, 0, 8, 1199.39 2529 2284776
1601585111, 0, 641, 805, 613, 74, 3.86%, 0, 0, 8, 1201.19 2529 2296869
1601585116, 0, 641, 807, 615, 74, 3.86%, 0, 0, 8, 1217.42 2531 2303017
1601585121, 0, 641, 810, 618, 74, 3.87%, 0, 0, 8, 1247.52 2539 2309353
1601585126, 0, 641, 812, 620, 74, 3.87%, 0, 0, 8, 1252.97 2539 2315878
1601585131, 0, 641, 813, 621, 74, 3.88%, 0, 0, 8, 1257.26 2540 2322286
1601585136, 0, 641, 814, 622, 74, 3.88%, 0, 0, 8, 1261.38 2541 2328694
1601585141, 0, 652, 815, 622, 76, 3.88%, 0, 0, 8, 1255.37 2541 2335117
1601585151, 0, 653, 816, 622, 75, 3.89%, 0, 0, 8, 1181.22 2550 2347288
1601585156, 0, 655, 816, 621, 75, 3.89%, 0, 0, 8, 1202.24 2550 2353238
1601585167, 0, 656, 816, 620, 74, 3.89%, 0, 0, 8, 1243.65 2550 2365937
1601585177, 0, 657, 816, 619, 73, 3.89%, 0, 0, 8, 1238.63 2550 2378441
1601585182, 0, 657, 818, 621, 73, 3.89%, 0, 0, 8, 1236.26 2552 2384702
1601585187, 0, 659, 819, 621, 75, 3.90%, 0, 0, 8, 1236.70 2553 2390969
1601585197, 0, 661, 819, 620, 73, 3.90%, 0, 0, 8, 1210.49 2553 2403430
1601585207, 0, 663, 819, 619, 72, 3.90%, 0, 0, 8, 1201.34 2553 2415734
1601585212, 0, 664, 820, 619, 71, 3.90%, 0, 0, 8, 1201.45 2555 2422023
1601585218, 0, 665, 820, 618, 71, 3.90%, 0, 0, 8, 1218.75 2555 2428307
1601585223, 0, 665, 821, 619, 71, 3.90%, 0, 0, 8, 1212.64 2557 2434417
1601585228, 0, 665, 822, 620, 71, 3.90%, 0, 0, 8, 1229.15 2557 2440665
1601585233, 0, 668, 823, 620, 71, 3.90%, 0, 0, 8, 1221.15 2558 2446912
1601585243, 0, 668, 824, 621, 71, 3.90%, 0, 0, 8, 1204.80 2559 2459120
1601585248, 0, 668, 826, 623, 71, 3.90%, 0, 0, 8, 1227.52 2559 2465424
1601585253, 0, 671, 829, 625, 72, 3.91%, 0, 0, 8, 1210.43 2563 2471559
1601585263, 0, 676, 830, 625, 74, 3.91%, 0, 0, 8, 1211.21 2564 2483785
1601585273, 0, 680, 830, 624, 73, 3.91%, 0, 0, 8, 1197.40 2564 2495960
1601585278, 0, 690, 834, 627, 72, 3.92%, 0, 0, 8, 1207.74 2568 2502058
1601585289, 0, 690, 843, 636, 72, 3.92%, 0, 0, 8, 1223.37 2570 2514453
1601585294, 0, 690, 844, 637, 72, 3.92%, 0, 0, 8, 1236.76 2570 2520773
1601585304, 0, 690, 849, 642, 72, 3.92%, 0, 0, 8, 1231.06 2571 2533341
1601585309, 0, 690, 851, 644, 72, 3.93%, 0, 0, 8, 1232.53 2573 2539621
1601585314, 0, 691, 853, 645, 78, 3.93%, 0, 0, 8, 1210.41 2573 2545789
1601585324, 0, 696, 857, 648, 77, 3.94%, 0, 0, 8, 1133.96 2580 2557430
1601585335, 0, 696, 858, 649, 77, 3.94%, 0, 0, 8, 1143.99 2580 2569024
1601585340, 0, 696, 861, 652, 77, 3.95%, 0, 0, 8, 1191.10 2587 2575092
1601585345, 0, 696, 863, 654, 77, 3.95%, 0, 0, 8, 1198.97 2591 2581190
1601585350, 0, 696, 864, 655, 77, 3.95%, 0, 0, 8, 1197.14 2591 2587191
1601585360, 0, 696, 866, 657, 77, 3.96%, 0, 0, 8, 1205.51 2596 2599478
1601585365, 0, 697, 868, 658, 82, 3.96%, 0, 0, 8, 1122.52 2598 2605043
1601585375, 0, 697, 871, 661, 82, 3.97%, 0, 0, 8, 1166.71 2600 2616770
1601585380, 0, 697, 872, 662, 82, 3.97%, 0, 0, 8, 1201.11 2600 2622850
1601585386, 0, 697, 875, 665, 82, 3.97%, 0, 0, 8, 1207.25 2600 2629003
1601585396, 0, 697, 876, 666, 82, 3.97%, 0, 0, 8, 1205.42 2600 2641227
1601585401, 0, 699, 879, 668, 83, 3.97%, 0, 0, 8, 1184.20 2600 2647189
1601585406, 0, 699, 883, 672, 83, 3.97%, 0, 0, 8, 1109.03 2600 2652842
1601585416, 0, 699, 885, 674, 83, 3.97%, 0, 0, 8, 1165.39 2600 2664368
1601585421, 0, 699, 886, 675, 83, 3.97%, 0, 0, 8, 1193.53 2600 2670379
1601585431, 0, 701, 888, 676, 82, 3.97%, 0, 0, 8, 1137.93 2600 2682286
1601585436, 0, 705, 888, 675, 82, 3.97%, 0, 0, 8, 1129.66 2600 2688045
1601585442, 0, 705, 889, 676, 82, 3.97%, 0, 0, 8, 1105.97 2600 2693691
1601585452, 0, 706, 892, 678, 81, 3.97%, 0, 0, 8, 1119.58 2604 2705261
1601585462, 0, 706, 893, 679, 81, 3.97%, 0, 0, 8, 1101.71 2605 2716595
1601585467, 0, 708, 894, 679, 83, 3.97%, 0, 0, 8, 1106.30 2605 2722313
1601585483, 0, 711, 898, 682, 83, 3.99%, 0, 0, 8, 1103.32 2614 2739327
1601585488, 0, 711, 899, 683, 83, 3.99%, 0, 0, 8, 1096.84 2614 2745003
1601585493, 0, 711, 901, 685, 83, 3.99%, 0, 0, 8, 1141.50 2614 2750705
1601585498, 0, 712, 901, 684, 84, 3.99%, 0, 0, 8, 1113.20 2614 2756278
1601585513, 0, 714, 901, 683, 83, 3.99%, 0, 0, 8, 1105.55 2614 2773248
1601585523, 0, 717, 901, 682, 82, 3.99%, 0, 0, 8, 1143.24 2614 2784692
1601585528, 0, 717, 902, 683, 82, 3.99%, 0, 0, 8, 1102.84 2614 2789804
1601585539, 0, 718, 902, 682, 81, 3.99%, 0, 0, 8, 1138.03 2614 2801412
1601585544, 0, 718, 903, 683, 81, 3.99%, 0, 0, 8, 1118.02 2618 2807065
1601585549, 0, 718, 905, 685, 81, 3.99%, 0, 0, 8, 1129.66 2618 2812737
1601585554, 0, 718, 910, 690, 81, 3.99%, 0, 0, 8, 1191.97 2618 2818834
1601585559, 0, 718, 912, 692, 81, 3.99%, 0, 0, 8, 1193.59 2618 2824853
1601585564, 0, 718, 914, 694, 81, 3.99%, 0, 0, 8, 1203.16 2618 2830919
1601585574, 0, 718, 915, 695, 81, 3.99%, 0, 0, 8, 1211.44 2618 2843311
1601585579, 0, 719, 915, 694, 82, 3.99%, 0, 0, 8, 1126.30 2618 2848965
1601585594, 0, 722, 916, 694, 81, 3.99%, 0, 0, 8, 1127.23 2618 2865549
1601585599, 0, 723, 916, 693, 80, 3.99%, 0, 0, 8, 1160.49 2618 2871379
1601585609, 0, 725, 916, 692, 79, 3.99%, 0, 0, 8, 1136.73 2618 2882840
1601585625, 0, 727, 916, 691, 78, 3.99%, 0, 0, 8, 1126.20 2618 2900151
1601585630, 0, 729, 916, 690, 78, 3.99%, 0, 0, 8, 1155.09 2618 2905986
1601585645, 0, 738, 916, 689, 77, 3.99%, 0, 0, 8, 1131.30 2618 2922717
1601585660, 0, 742, 916, 688, 76, 3.99%, 0, 0, 8, 1119.99 2618 2939736
1601585665, 0, 742, 917, 689, 76, 3.99%, 0, 0, 8, 1181.83 2618 2945841
1601585671, 0, 743, 917, 688, 74, 3.99%, 0, 0, 8, 1109.91 2618 2951562
1601585686, 0, 744, 917, 687, 73, 3.99%, 0, 0, 8, 1182.59 2618 2968613
1601585691, 0, 747, 917, 686, 72, 3.99%, 0, 0, 8, 1227.61 2618 2974762
1601585706, 0, 748, 917, 685, 71, 3.99%, 0, 0, 8, 1259.28 2618 2993945
1601585726, 0, 763, 917, 684, 70, 3.99%, 0, 0, 8, 1272.78 2618 3019700
1601585736, 0, 770, 917, 683, 69, 3.99%, 0, 0, 8, 1269.76 2618 3032527
1601585752, 0, 770, 918, 684, 69, 3.99%, 0, 0, 8, 1279.13 2618 3051972
1601585757, 0, 773, 919, 684, 68, 3.99%, 0, 0, 8, 1261.12 2618 3058482
1601585762, 0, 780, 920, 684, 67, 3.99%, 0, 0, 8, 1266.22 2618 3064848
1601585767, 0, 781, 926, 689, 67, 4.01%, 0, 0, 8, 1269.70 2625 3071232
1601585772, 0, 781, 928, 691, 67, 4.01%, 0, 0, 8, 1260.71 2626 3077648
1601585777, 0, 781, 930, 693, 67, 4.01%, 0, 0, 8, 1259.61 2629 3084039
1601585782, 0, 781, 931, 694, 67, 4.01%, 0, 0, 8, 1264.52 2629 3090497
1601585787, 0, 781, 933, 696, 67, 4.01%, 0, 0, 8, 1264.73 2630 3096913
1601585792, 0, 783, 934, 696, 73, 4.01%, 0, 0, 8, 1257.59 2630 3103346
1601585797, 0, 783, 935, 697, 73, 4.01%, 0, 0, 8, 1263.56 2630 3109744
1601585802, 0, 785, 938, 699, 73, 4.01%, 0, 0, 8, 1250.29 2630 3115960
1601585807, 0, 785, 941, 702, 73, 4.01%, 0, 0, 8, 1249.47 2630 3122344
1601585812, 0, 785, 942, 703, 73, 4.01%, 0, 0, 8, 1258.41 2630 3128750
1601585823, 0, 785, 943, 704, 73, 4.01%, 0, 0, 8, 1258.03 2630 3141633
1601585828, 0, 788, 943, 703, 72, 4.01%, 0, 0, 8, 1263.24 2630 3148080
1601585833, 0, 788, 945, 705, 72, 4.02%, 0, 0, 9, 1269.74 2634 3154510
1601585838, 0, 788, 946, 706, 72, 4.02%, 0, 0, 9, 1268.10 2634 3160968
1601585843, 0, 788, 948, 708, 72, 4.02%, 0, 0, 9, 1262.09 2636 3167384
1601585853, 0, 789, 948, 707, 72, 4.02%, 0, 0, 9, 1272.28 2636 3180327
1601585858, 0, 793, 948, 706, 71, 4.02%, 0, 0, 9, 1263.38 2636 3186703
1601585863, 0, 793, 949, 707, 71, 4.02%, 0, 0, 9, 1271.36 2636 3193142
1601585868, 0, 793, 951, 709, 71, 4.05%, 0, 0, 9, 1272.48 2653 3199608
1601585873, 0, 793, 952, 710, 71, 4.05%, 0, 0, 9, 1265.07 2654 3206016
1601585878, 0, 793, 954, 712, 71, 4.06%, 0, 0, 9, 1261.33 2658 3212357
1601585884, 0, 796, 955, 712, 74, 4.06%, 0, 0, 9, 1262.75 2659 3218788
1601585889, 0, 798, 955, 711, 74, 4.06%, 0, 0, 9, 1262.49 2659 3225134
1601585894, 0, 800, 955, 710, 73, 4.06%, 0, 0, 9, 1265.10 2659 3231516
1601585899, 0, 800, 956, 711, 73, 4.06%, 0, 0, 9, 1266.90 2660 3237968
1601585904, 0, 800, 959, 714, 73, 4.06%, 0, 0, 9, 1264.83 2663 3244358
1601585909, 0, 800, 961, 716, 73, 4.06%, 0, 0, 9, 1262.91 2664 3250774
1601585924, 0, 801, 962, 716, 77, 4.06%, 0, 0, 9, 1229.25 2664 3269792
1601585934, 0, 802, 962, 715, 76, 4.06%, 0, 0, 9, 1205.55 2664 3282250
1601585939, 0, 803, 962, 714, 75, 4.06%, 0, 0, 9, 1161.03 2664 3288195
1601585949, 0, 804, 962, 713, 74, 4.06%, 0, 0, 9, 1195.67 2664 3299996
1601585960, 0, 809, 962, 712, 73, 4.06%, 0, 0, 9, 1210.33 2664 3312489
1601585970, 0, 811, 963, 712, 72, 4.06%, 0, 0, 9, 1212.62 2664 3324772
1601585980, 0, 811, 966, 715, 72, 4.06%, 0, 0, 9, 1204.01 2664 3336765
1601585985, 0, 811, 967, 716, 72, 4.06%, 0, 0, 9, 1236.44 2664 3343061
1601585990, 0, 811, 970, 719, 72, 4.06%, 0, 0, 9, 1246.11 2664 3349421
1601586000, 0, 812, 972, 720, 71, 4.07%, 0, 0, 9, 1199.76 2665 3361591
1601586016, 0, 812, 974, 722, 71, 4.07%, 0, 0, 9, 1196.00 2665 3379451
1601586026, 0, 815, 974, 721, 72, 4.07%, 0, 0, 9, 1156.53 2665 3391420
1601586031, 0, 816, 975, 721, 71, 4.07%, 0, 0, 9, 1205.60 2668 3397629
1601586041, 0, 816, 976, 722, 71, 4.07%, 0, 0, 9, 1228.19 2668 3410115
1601586046, 0, 817, 976, 721, 71, 4.07%, 0, 0, 9, 1226.63 2668 3416353
1601586051, 0, 817, 978, 723, 71, 4.07%, 0, 0, 9, 1236.04 2668 3422608
1601586056, 0, 819, 978, 722, 70, 4.07%, 0, 0, 9, 1196.40 2668 3428808
1601586061, 0, 820, 978, 721, 69, 4.07%, 0, 0, 9, 1215.81 2668 3434988
1601586071, 0, 820, 980, 723, 69, 4.07%, 0, 0, 9, 1214.86 2668 3447273
1601586077, 0, 820, 981, 724, 69, 4.07%, 0, 0, 9, 1241.83 2668 3453569
1601586087, 0, 820, 982, 725, 69, 4.07%, 0, 0, 9, 1238.09 2668 3466129
1601586092, 0, 822, 983, 725, 68, 4.07%, 0, 0, 9, 1221.60 2668 3472309
1601586107, 0, 822, 984, 726, 68, 4.07%, 0, 0, 9, 1227.97 2668 3490646
1601586112, 0, 823, 984, 725, 67, 4.07%, 0, 0, 9, 1210.16 2668 3496794
1601586122, 0, 823, 985, 726, 67, 4.07%, 0, 0, 9, 1211.31 2668 3509102
1601586127, 0, 823, 987, 728, 67, 4.07%, 0, 0, 9, 1216.93 2668 3515286
1601586132, 0, 823, 988, 729, 67, 4.07%, 0, 0, 9, 1230.84 2669 3521558
1601586143, 0, 826, 989, 729, 67, 4.08%, 0, 0, 9, 1220.84 2672 3534051
1601586158, 0, 827, 989, 728, 67, 4.08%, 0, 0, 9, 1216.84 2672 3552267
1601586168, 0, 828, 989, 727, 66, 4.08%, 0, 0, 9, 1218.87 2672 3564622
1601586178, 0, 829, 989, 726, 65, 4.08%, 0, 0, 9, 1219.76 2672 3576977
1601586188, 0, 831, 989, 725, 64, 4.08%, 0, 0, 9, 1209.62 2672 3589066
1601586203, 0, 832, 990, 725, 63, 4.08%, 0, 0, 9, 1217.85 2672 3607367
1601586208, 0, 832, 991, 726, 63, 4.08%, 0, 0, 9, 1197.52 2672 3613531
1601586218, 0, 833, 991, 725, 62, 4.08%, 0, 0, 9, 1202.58 2672 3625667
1601586234, 0, 837, 991, 724, 61, 4.08%, 0, 0, 9, 1206.76 2672 3643983
1601586239, 0, 837, 992, 725, 61, 4.08%, 0, 0, 9, 1217.68 2672 3650078
1601586244, 0, 840, 993, 725, 60, 4.08%, 0, 0, 9, 1227.22 2672 3656332
1601586254, 0, 840, 995, 727, 60, 4.08%, 0, 0, 9, 1202.56 2672 3668345
1601586259, 0, 840, 998, 730, 60, 4.08%, 0, 0, 9, 1231.62 2672 3674644
1601586264, 0, 840, 999, 731, 60, 4.08%, 0, 0, 9, 1236.40 2672 3680940
1601586274, 0, 844, 1000, 731, 59, 4.08%, 0, 0, 9, 1166.78 2672 3692739
1601586294, 0, 850, 1001, 731, 58, 4.08%, 0, 0, 9, 1200.76 2672 3716377
1601586315, 0, 850, 1003, 733, 58, 4.08%, 0, 0, 9, 1194.94 2672 3739483
1601586320, 0, 850, 1004, 734, 58, 4.08%, 0, 0, 9, 1204.44 2672 3745562
1601586325, 0, 850, 1005, 735, 58, 4.08%, 0, 0, 9, 1211.20 2675 3751714
1601586335, 0, 853, 1006, 735, 58, 4.08%, 0, 0, 9, 1123.80 2675 3763383
1601586350, 0, 854, 1007, 735, 58, 4.08%, 0, 0, 9, 1112.51 2675 3780677
1601586355, 0, 854, 1008, 736, 58, 4.08%, 0, 0, 9, 1116.61 2675 3786281
1601586365, 0, 855, 1009, 736, 57, 4.09%, 0, 0, 9, 1108.13 2679 3797741
1601586376, 0, 856, 1009, 735, 57, 4.09%, 0, 0, 9, 1148.31 2679 3809283
1601586396, 0, 858, 1009, 734, 56, 4.09%, 0, 0, 9, 1120.70 2679 3831696
1601586401, 0, 860, 1009, 733, 55, 4.09%, 0, 0, 9, 1156.70 2679 3837524
1601586406, 0, 860, 1010, 734, 55, 4.09%, 0, 0, 9, 1107.14 2681 3843185
1601586416, 0, 864, 1010, 733, 55, 4.09%, 0, 0, 9, 1138.35 2681 3854632
1601586426, 0, 865, 1011, 733, 54, 4.09%, 0, 0, 9, 1198.83 2681 3866408
1601586431, 0, 865, 1013, 735, 54, 4.09%, 0, 0, 9, 1115.91 2681 3871971
1601586436, 0, 865, 1014, 736, 54, 4.09%, 0, 0, 9, 1101.29 2681 3877662
1601586441, 0, 868, 1014, 735, 53, 4.09%, 0, 0, 9, 1152.32 2681 3883539
1601586452, 0, 868, 1015, 736, 53, 4.09%, 0, 0, 9, 1216.32 2681 3895647
1601586457, 0, 873, 1015, 735, 52, 4.09%, 0, 0, 9, 1144.18 2681 3901309
1601586462, 0, 890, 1015, 734, 51, 4.09%, 0, 0, 9, 1182.54 2681 3907462
1601586477, 0, 891, 1015, 733, 50, 4.09%, 0, 0, 9, 1161.24 2681 3924472
1601586492, 0, 892, 1015, 732, 49, 4.09%, 0, 0, 9, 1157.48 2681 3941620
1601586508, 0, 895, 1017, 733, 48, 4.10%, 0, 0, 9, 1156.50 2684 3958758
1601586513, 0, 895, 1020, 736, 48, 4.10%, 0, 0, 9, 1117.36 2689 3964473
1601586523, 0, 898, 1021, 736, 50, 4.10%, 0, 0, 9, 1156.38 2689 3975894
1601586538, 0, 909, 1021, 735, 49, 4.10%, 0, 0, 9, 1157.17 2689 3993239
1601586543, 0, 909, 1023, 737, 49, 4.10%, 0, 0, 9, 1102.52 2689 3998925
1601586553, 0, 913, 1023, 736, 49, 4.10%, 0, 0, 9, 1140.88 2689 4010261
1601586564, 0, 913, 1024, 737, 49, 4.10%, 0, 0, 9, 1124.70 2689 4021656
1601586569, 0, 913, 1026, 739, 49, 4.10%, 0, 0, 9, 1202.80 2689 4027760
1601586574, 0, 913, 1027, 740, 49, 4.10%, 0, 0, 9, 1222.60 2689 4033960
1601586579, 0, 913, 1028, 741, 49, 4.10%, 0, 0, 9, 1233.67 2689 4040160
1601586584, 0, 915, 1029, 741, 48, 4.10%, 0, 0, 9, 1209.89 2689 4046312
1601586589, 0, 915, 1030, 742, 48, 4.10%, 0, 0, 9, 1150.71 2689 4052032
1601586594, 0, 916, 1030, 741, 47, 4.10%, 0, 0, 9, 1173.81 2689 4058169
1601586604, 0, 920, 1032, 742, 46, 4.10%, 0, 0, 9, 1238.00 2689 4070265
1601586609, 0, 921, 1033, 742, 46, 4.11%, 0, 0, 9, 1259.69 2691 4076668
1601586614, 0, 923, 1033, 741, 45, 4.11%, 0, 0, 9, 1265.09 2691 4083109
1601586619, 0, 924, 1034, 741, 44, 4.11%, 0, 0, 9, 1262.46 2691 4089471
1601586624, 0, 925, 1035, 741, 43, 4.11%, 0, 0, 9, 1262.75 2691 4095883
1601586630, 0, 925, 1036, 742, 43, 4.11%, 0, 0, 9, 1261.87 2691 4102289
1601586635, 0, 926, 1036, 741, 42, 4.11%, 0, 0, 9, 1268.05 2691 4108707
1601586640, 0, 932, 1036, 740, 41, 4.11%, 0, 0, 9, 1280.16 2691 4115157
1601586645, 0, 933, 1036, 739, 40, 4.11%, 0, 0, 9, 1274.68 2691 4121588
1601586650, 0, 934, 1038, 740, 39, 4.11%, 0, 0, 9, 1273.27 2694 4128075
1601586655, 0, 943, 1039, 740, 39, 4.11%, 0, 0, 9, 1266.43 2694 4134493
1601586660, 0, 944, 1039, 739, 38, 4.11%, 0, 0, 9, 1266.00 2694 4140966
1601586665, 0, 947, 1039, 738, 37, 4.11%, 0, 0, 9, 1263.03 2694 4147342
1601586675, 0, 949, 1039, 737, 36, 4.11%, 0, 0, 9, 1263.19 2694 4160130
1601586680, 0, 950, 1039, 736, 35, 4.11%, 0, 0, 9, 1262.62 2694 4166536
1601586685, 0, 950, 1040, 737, 35, 4.12%, 0, 0, 10, 1262.50 2699 4172937
1601586690, 0, 950, 1041, 738, 35, 4.12%, 0, 0, 10, 1258.34 2699 4179358
1601586695, 0, 951, 1041, 737, 35, 4.12%, 0, 0, 10, 1267.70 2699 4185780
1601586700, 0, 952, 1041, 736, 34, 4.12%, 0, 0, 10, 1242.67 2699 4192103
1601586706, 0, 952, 1042, 737, 34, 4.12%, 0, 0, 10, 1231.53 2699 4198321
1601586711, 0, 952, 1046, 741, 34, 4.12%, 0, 0, 10, 1229.46 2699 4204569
1601586726, 0, 953, 1046, 740, 33, 4.12%, 0, 0, 10, 1246.73 2699 4223809
1601586736, 0, 954, 1046, 739, 32, 4.12%, 0, 0, 10, 1262.79 2699 4236542
1601586746, 0, 956, 1046, 738, 31, 4.12%, 0, 0, 10, 1254.35 2699 4249404
1601586756, 0, 960, 1048, 739, 30, 4.12%, 0, 0, 10, 1242.63 2699 4261957
1601586776, 0, 960, 1053, 744, 30, 4.12%, 0, 0, 10, 1251.62 2699 4287140
1601586781, 0, 960, 1055, 746, 30, 4.12%, 0, 0, 10, 1247.20 2699 4293462
1601586787, 0, 960, 1057, 748, 30, 4.12%, 0, 0, 10, 1251.30 2699 4299772
1601586792, 0, 960, 1058, 749, 30, 4.12%, 0, 0, 10, 1254.32 2699 4306155
1601586797, 0, 965, 1060, 750, 30, 4.12%, 0, 0, 10, 1221.00 2699 4312275
1601586807, 0, 970, 1061, 750, 29, 4.12%, 0, 0, 10, 1208.26 2699 4324536
1601586827, 0, 970, 1064, 753, 29, 4.12%, 0, 0, 10, 1198.32 2699 4348552
1601586837, 0, 970, 1065, 754, 29, 4.12%, 0, 0, 10, 1222.21 2699 4360891
1601586842, 0, 971, 1065, 753, 28, 4.12%, 0, 0, 10, 1209.38 2699 4367066
1601586847, 0, 971, 1066, 754, 28, 4.12%, 0, 0, 10, 1121.21 2701 4372583
1601586863, 0, 974, 1066, 753, 29, 4.12%, 0, 0, 10, 1189.27 2701 4390103
1601586873, 0, 987, 1067, 753, 29, 4.13%, 0, 0, 10, 1219.60 2704 4402597
1601586878, 0, 987, 1068, 754, 29, 4.13%, 0, 0, 10, 1217.74 2705 4408886
1601586883, 0, 988, 1068, 753, 29, 4.13%, 0, 0, 10, 1220.25 2705 4415019
1601586894, 0, 988, 1071, 756, 29, 4.14%, 0, 0, 10, 1213.63 2716 4427323
1601586899, 0, 988, 1075, 760, 29, 4.15%, 0, 0, 10, 1241.91 2718 4433619
1601586904, 0, 988, 1076, 761, 29, 4.15%, 0, 0, 10, 1250.82 2722 4439953
1601586909, 0, 988, 1079, 764, 29, 4.15%, 0, 0, 10, 1244.66 2723 4446275
1601586914, 0, 990, 1079, 763, 36, 4.15%, 0, 0, 10, 1227.72 2723 4452461
1601586929, 0, 990, 1083, 767, 36, 4.15%, 0, 0, 10, 1232.79 2723 4470802
1601586944, 0, 999, 1083, 766, 36, 4.15%, 0, 0, 10, 1228.01 2723 4489569
1601586959, 0, 1004, 1084, 766, 35, 4.15%, 0, 0, 10, 1185.13 2723 4507805
1601586969, 0, 1004, 1087, 769, 35, 4.16%, 0, 0, 10, 1184.92 2725 4519346
1601586974, 0, 1004, 1088, 770, 35, 4.16%, 0, 0, 10, 1214.10 2729 4525470
1601586990, 0, 1006, 1089, 770, 36, 4.16%, 0, 0, 10, 1161.15 2729 4543898
1601587005, 0, 1008, 1090, 770, 36, 4.17%, 0, 0, 10, 1143.90 2732 4561253
1601587020, 0, 1008, 1091, 771, 36, 4.17%, 0, 0, 10, 1109.87 2735 4577962
1601587025, 0, 1009, 1093, 772, 36, 4.18%, 0, 0, 10, 1134.14 2742 4583789
1601587030, 0, 1009, 1094, 773, 36, 4.19%, 0, 0, 10, 1112.59 2746 4589512
1601587035, 0, 1009, 1097, 776, 36, 4.19%, 0, 0, 10, 1171.12 2746 4595580
1601587040, 0, 1009, 1098, 777, 36, 4.20%, 0, 0, 10, 1214.75 2750 4601735
1601587056, 0, 1010, 1099, 777, 36, 4.20%, 0, 0, 10, 1089.17 2750 4620000
1601587066, 0, 1011, 1099, 776, 35, 4.20%, 0, 0, 10, 1128.88 2750 4631391
1601587076, 0, 1011, 1100, 777, 35, 4.20%, 0, 0, 10, 1159.04 2750 4643004
1601587081, 0, 1018, 1100, 776, 35, 4.20%, 0, 0, 10, 1116.71 2750 4648798
1601587097, 0, 1022, 1100, 775, 34, 4.20%, 0, 0, 10, 1105.89 2750 4666180
1601587107, 0, 1026, 1100, 774, 33, 4.20%, 0, 0, 10, 1160.07 2750 4677778
1601587123, 0, 1032, 1100, 773, 32, 4.20%, 0, 0, 10, 1218.63 2750 4695319
1601587128, 0, 1032, 1101, 774, 32, 4.20%, 0, 0, 10, 1251.07 2750 4701857
1601587133, 0, 1037, 1103, 775, 31, 4.20%, 0, 0, 10, 1255.79 2750 4708240
1601587138, 0, 1037, 1107, 779, 31, 4.20%, 0, 0, 10, 1262.01 2752 4714622
1601587143, 0, 1037, 1108, 780, 31, 4.20%, 0, 0, 10, 1255.34 2752 4721005
1601587153, 0, 1039, 1108, 779, 31, 4.20%, 0, 0, 10, 1249.44 2752 4733667
1601587163, 0, 1039, 1109, 780, 31, 4.20%, 0, 0, 11, 1240.93 2752 4746212
1601587168, 0, 1041, 1109, 779, 30, 4.20%, 0, 0, 11, 1253.63 2752 4752514
1601587178, 0, 1043, 1109, 778, 29, 4.20%, 0, 0, 11, 1258.30 2752 4765296
1601587188, 0, 1043, 1110, 779, 29, 4.20%, 0, 0, 11, 1248.57 2752 4777927
1601587193, 0, 1050, 1110, 778, 28, 4.20%, 0, 0, 11, 1247.21 2752 4784230
1601587219, 0, 1050, 1114, 782, 28, 4.20%, 0, 0, 11, 1247.21 2752 4815980
1601587224, 0, 1050, 1115, 783, 28, 4.20%, 0, 0, 11, 1249.54 2752 4822289
1601587229, 0, 1050, 1117, 785, 28, 4.20%, 0, 0, 11, 1249.11 2752 4828554
1601587234, 0, 1065, 1118, 785, 27, 4.20%, 0, 0, 11, 1166.02 2754 4834645
1601587254, 0, 1066, 1119, 785, 27, 4.20%, 0, 0, 11, 1200.49 2755 4857378
1601587264, 0, 1067, 1119, 784, 27, 4.20%, 0, 0, 11, 1208.60 2755 4869632
1601587274, 0, 1068, 1119, 783, 26, 4.20%, 0, 0, 11, 1206.49 2755 4881811
1601587279, 0, 1068, 1120, 784, 26, 4.21%, 0, 0, 11, 1205.82 2756 4887952
1601587285, 0, 1068, 1121, 785, 26, 4.21%, 0, 0, 11, 1232.94 2756 4894193
1601587290, 0, 1070, 1121, 784, 26, 4.21%, 0, 0, 11, 1204.21 2756 4900252
1601587305, 0, 1071, 1121, 783, 25, 4.21%, 0, 0, 11, 1206.98 2756 4918460
1601587315, 0, 1071, 1122, 784, 25, 4.21%, 0, 0, 11, 1224.48 2756 4930920
1601587320, 0, 1074, 1122, 783, 24, 4.21%, 0, 0, 11, 1143.18 2756 4936742
1601587335, 0, 1074, 1123, 784, 24, 4.21%, 0, 0, 11, 1113.08 2756 4953601
1601587340, 0, 1074, 1125, 786, 24, 4.21%, 0, 0, 11, 1178.91 2756 4959652
1601587350, 0, 1074, 1127, 788, 24, 4.21%, 0, 0, 11, 1196.12 2756 4971743
1601587361, 0, 1075, 1127, 787, 23, 4.21%, 0, 0, 11, 1205.63 2756 4984080
1601587371, 0, 1077, 1127, 786, 22, 4.21%, 0, 0, 11, 1220.92 2756 4996356
1601587386, 0, 1077, 1128, 787, 22, 4.21%, 0, 0, 11, 1172.91 2756 5013661
1601587391, 0, 1084, 1128, 786, 21, 4.21%, 0, 0, 11, 1167.38 2756 5019572
1601587401, 0, 1087, 1129, 786, 20, 4.21%, 0, 0, 11, 1176.34 2759 5031213
1601587406, 0, 1087, 1130, 787, 20, 4.21%, 0, 0, 11, 1137.87 2762 5036868
1601587416, 0, 1089, 1134, 790, 21, 4.22%, 0, 0, 11, 1119.97 2766 5048526
1601587432, 0, 1090, 1135, 790, 23, 4.22%, 0, 0, 11, 1116.48 2767 5065857
1601587442, 0, 1090, 1136, 791, 23, 4.22%, 0, 0, 11, 1181.50 2767 5077687
1601587447, 0, 1091, 1136, 790, 24, 4.22%, 0, 0, 11, 1114.60 2767 5083394
1601587457, 0, 1092, 1137, 790, 23, 4.23%, 0, 0, 11, 1153.63 2773 5095140
1601587462, 0, 1092, 1138, 791, 23, 4.24%, 0, 0, 11, 1123.66 2777 5100726
1601587473, 0, 1093, 1139, 791, 24, 4.24%, 0, 0, 11, 1174.54 2777 5112519
1601587488, 0, 1093, 1141, 793, 24, 4.24%, 0, 0, 11, 1207.56 2777 5129940
1601587493, 0, 1097, 1141, 792, 23, 4.24%, 0, 0, 11, 1184.33 2777 5135995
1601587508, 0, 1099, 1141, 791, 22, 4.24%, 0, 0, 11, 1107.89 2777 5152985
1601587523, 0, 1104, 1141, 790, 21, 4.24%, 0, 0, 11, 1243.54 2777 5170932
1601587528, 0, 1104, 1144, 793, 21, 4.24%, 0, 0, 11, 1265.72 2777 5177370
1601587533, 0, 1104, 1145, 794, 21, 4.24%, 0, 0, 11, 1266.49 2777 5183753
1601587543, 0, 1117, 1145, 793, 20, 4.24%, 0, 0, 11, 1260.54 2777 5196635
1601587548, 0, 1117, 1146, 794, 20, 4.26%, 0, 0, 12, 1134.46 2791 5202204
1601587564, 0, 1118, 1146, 793, 20, 4.26%, 0, 0, 12, 1203.93 2791 5220041
1601587574, 0, 1119, 1146, 792, 19, 4.26%, 0, 0, 12, 1234.69 2791 5232579
1601587589, 0, 1128, 1146, 791, 18, 4.26%, 0, 0, 12, 1159.93 2791 5250784
1601587599, 0, 1129, 1148, 792, 17, 4.26%, 0, 0, 12, 1173.77 2795 5262454
1601587614, 0, 1130, 1150, 793, 18, 4.26%, 0, 0, 12, 1126.86 2795 5279750
1601587624, 0, 1130, 1152, 795, 18, 4.26%, 0, 0, 12, 1179.38 2795 5291337
1601587629, 0, 1130, 1154, 797, 18, 4.26%, 0, 0, 12, 1213.22 2795 5297459
1601587645, 0, 1132, 1156, 798, 19, 4.27%, 0, 0, 12, 1160.67 2798 5315790
1601587660, 0, 1133, 1156, 797, 19, 4.27%, 0, 0, 12, 1140.41 2798 5332920
1601587675, 0, 1134, 1156, 796, 18, 4.27%, 0, 0, 12, 1137.49 2798 5350252
1601587685, 0, 1134, 1157, 797, 18, 4.27%, 0, 0, 12, 1185.00 2798 5361861
1601587690, 0, 1135, 1157, 796, 17, 4.27%, 0, 0, 12, 1165.27 2798 5367770
1601587701, 0, 1135, 1158, 797, 17, 4.27%, 0, 0, 12, 1142.76 2798 5379256
1601587706, 0, 1135, 1159, 798, 17, 4.27%, 0, 0, 12, 1194.46 2798 5385520
1601587711, 0, 1135, 1160, 799, 17, 4.27%, 0, 0, 12, 1213.53 2798 5391650
1601587716, 0, 1135, 1161, 800, 17, 4.27%, 0, 0, 12, 1220.21 2798 5397850
1601587721, 0, 1136, 1164, 802, 17, 4.28%, 0, 0, 12, 1181.21 2807 5403906
1601587736, 0, 1137, 1165, 802, 17, 4.28%, 0, 0, 12, 1171.18 2807 5421515
1601587752, 0, 1145, 1167, 803, 16, 4.30%, 0, 0, 13, 1130.57 2819 5438706
1601587757, 0, 1145, 1168, 804, 16, 4.30%, 0, 0, 13, 1108.68 2820 5444198
1601587772, 0, 1146, 1168, 803, 17, 4.30%, 0, 0, 13, 1143.07 2820 5461502
1601587782, 0, 1147, 1169, 803, 16, 4.31%, 0, 0, 13, 1159.74 2822 5473413
1601587792, 0, 1148, 1169, 802, 16, 4.31%, 0, 0, 13, 1159.90 2822 5485135
1601587808, 0, 1148, 1177, 810, 16, 4.31%, 0, 0, 13, 1175.55 2822 5502587
1601587813, 0, 1148, 1178, 811, 16, 4.31%, 0, 0, 13, 1213.11 2822 5508726
1601587818, 0, 1148, 1179, 812, 16, 4.31%, 0, 0, 13, 1220.38 2822 5514926
1601587828, 0, 1151, 1180, 812, 16, 4.31%, 0, 0, 13, 1137.88 2822 5527095
1601587843, 0, 1155, 1180, 811, 15, 4.31%, 0, 0, 13, 1131.92 2822 5544306
1601587853, 0, 1160, 1180, 810, 14, 4.31%, 0, 0, 13, 1175.48 2822 5555868
1601587869, 0, 1160, 1182, 812, 14, 4.31%, 0, 0, 13, 1196.09 2822 5573342
1601587879, 0, 1163, 1185, 814, 13, 4.31%, 0, 0, 13, 1143.24 2823 5585339
1601587889, 0, 1163, 1187, 816, 13, 4.31%, 0, 0, 13, 1194.95 2825 5597144
1601587894, 0, 1167, 1189, 817, 14, 4.31%, 0, 0, 14, 1103.43 2827 5602682
1601587914, 0, 1168, 1191, 818, 14, 4.32%, 0, 0, 14, 1134.14 2831 5625047
1601587925, 0, 1176, 1193, 819, 15, 4.32%, 0, 0, 14, 1191.86 2831 5636614
1601587930, 0, 1176, 1194, 820, 15, 4.32%, 0, 0, 14, 1131.46 2834 5642263
1601587940, 0, 1176, 1196, 822, 15, 4.32%, 0, 0, 14, 1197.87 2834 5654200
1601587945, 0, 1176, 1198, 824, 15, 4.32%, 0, 0, 14, 1217.85 2834 5660393
1601587950, 0, 1176, 1199, 825, 15, 4.32%, 0, 0, 14, 1215.30 2834 5666569
1601587955, 0, 1176, 1201, 827, 15, 4.32%, 0, 0, 14, 1223.02 2834 5672801
1601587960, 0, 1184, 1203, 828, 16, 4.32%, 0, 0, 14, 1137.55 2834 5678635
1601587970, 0, 1185, 1203, 827, 17, 4.32%, 0, 0, 14, 1151.25 2834 5690237
1601587980, 0, 1185, 1204, 828, 17, 4.32%, 0, 0, 14, 1158.68 2834 5701672
1601587986, 0, 1185, 1205, 829, 17, 4.32%, 0, 0, 14, 1213.67 2834 5708055
1601587991, 0, 1186, 1208, 831, 17, 4.32%, 0, 0, 14, 1171.09 2834 5713979
1601588006, 0, 1186, 1210, 833, 17, 4.32%, 0, 0, 14, 1215.60 2834 5731354
1601588011, 0, 1186, 1212, 835, 17, 4.32%, 0, 0, 14, 1226.94 2834 5737562
1601588016, 0, 1186, 1213, 836, 17, 4.32%, 0, 0, 14, 1224.44 2834 5743738
1601588021, 0, 1187, 1213, 835, 18, 4.32%, 0, 0, 14, 1183.70 2834 5749773
1601588046, 0, 1189, 1213, 834, 17, 4.32%, 0, 0, 14, 1144.29 2834 5778229
1601588057, 0, 1190, 1213, 833, 16, 4.32%, 0, 0, 14, 1168.25 2834 5790335
1601588067, 0, 1193, 1214, 833, 15, 4.33%, 0, 0, 15, 1158.92 2837 5802357
1601588082, 0, 1193, 1215, 834, 15, 4.33%, 0, 0, 15, 1191.70 2837 5819800
1601588087, 0, 1193, 1217, 836, 15, 4.33%, 0, 0, 15, 1208.00 2837 5825887
1601588103, 0, 1193, 1218, 837, 15, 4.33%, 0, 0, 15, 1210.14 2837 5844423
1601588108, 0, 1196, 1219, 837, 14, 4.33%, 0, 0, 15, 1157.09 2837 5850306
1601588118, 0, 1196, 1220, 838, 14, 4.33%, 0, 0, 15, 1110.56 2837 5861674
1601588123, 0, 1196, 1221, 839, 14, 4.33%, 0, 0, 15, 1188.01 2837 5867752
1601588128, 0, 1196, 1222, 840, 14, 4.33%, 0, 0, 15, 1203.50 2837 5873876
1601588138, 0, 1196, 1223, 841, 14, 4.33%, 0, 0, 15, 1211.30 2837 5886220
1601588148, 0, 1202, 1224, 841, 13, 4.33%, 0, 0, 15, 1140.92 2837 5898145
1601588154, 0, 1202, 1225, 842, 13, 4.33%, 0, 0, 15, 1118.42 2837 5903893
1601588159, 0, 1204, 1225, 841, 12, 4.33%, 0, 0, 15, 1178.89 2837 5910034
1601588174, 0, 1206, 1225, 840, 11, 4.33%, 0, 0, 15, 1142.36 2837 5927043
1601588189, 0, 1206, 1226, 841, 11, 4.33%, 0, 0, 15, 1190.31 2837 5944332
1601588194, 0, 1211, 1227, 841, 10, 4.33%, 0, 0, 15, 1122.05 2837 5950172
1601588210, 0, 1213, 1228, 841, 9, 4.33%, 0, 0, 16, 1105.29 2837 5967122
1601588220, 0, 1213, 1230, 843, 9, 4.33%, 0, 0, 16, 1146.52 2837 5978370
1601588225, 0, 1213, 1232, 845, 9, 4.33%, 0, 0, 16, 1187.56 2837 5984348
1601588245, 0, 1230, 1232, 844, 9, 4.33%, 0, 0, 16, 1183.96 2837 6008447
1601588266, 1, 82, 1232, 841, 7, 4.33%, 0, 0, 16, 1247.77 2837 6031966
1601588271, 1, 82, 1233, 842, 7, 4.35%, 0, 0, 16, 1255.77 2848 6038298
1601588276, 1, 196, 1234, 841, 7, 4.35%, 0, 0, 16, 1252.25 2848 6044773
1601588281, 1, 233, 1234, 840, 6, 4.35%, 0, 0, 16, 1225.28 2848 6050856
1601588286, 1, 268, 1234, 839, 5, 4.35%, 0, 0, 16, 1195.52 2848 6056786
1601588291, 1, 268, 1240, 845, 5, 4.35%, 0, 0, 16, 1224.21 2852 6062963
1601588296, 1, 268, 1243, 848, 5, 4.35%, 0, 0, 16, 1229.84 2854 6069227
1601588301, 1, 268, 1245, 850, 5, 4.35%, 0, 0, 16, 1227.50 2854 6075435
1601588306, 1, 268, 1246, 851, 5, 4.35%, 0, 0, 16, 1237.17 2854 6081683
1601588311, 1, 268, 1248, 853, 5, 4.35%, 0, 0, 16, 1242.01 2854 6087987
1601588316, 1, 316, 1248, 852, 7, 4.35%, 0, 0, 16, 1261.43 2854 6094545
1601588322, 1, 379, 1250, 853, 6, 4.35%, 0, 0, 16, 1267.46 2854 6100983
1601588327, 1, 379, 1258, 861, 6, 4.39%, 0, 0, 16, 1260.39 2878 6107372
1601588332, 1, 379, 1259, 862, 6, 4.39%, 0, 0, 16, 1261.15 2878 6113730
1601588337, 1, 379, 1261, 864, 6, 4.39%, 0, 0, 16, 1263.88 2878 6120171
1601588352, 1, 398, 1261, 863, 5, 4.39%, 0, 0, 16, 1264.89 2878 6139206
1601588357, 1, 483, 1261, 861, 5, 4.39%, 0, 0, 16, 1267.16 2878 6145563
1601588362, 1, 578, 1261, 861, 5, 4.39%, 0, 0, 16, 1268.39 2878 6151963
1601588367, 1, 624, 1261, 860, 5, 4.39%, 0, 0, 16, 1248.82 2878 6158440
1601588372, 1, 791, 1261, 859, 5, 4.39%, 0, 0, 16, 1260.14 2878 6164750
1601588377, 1, 791, 1263, 861, 5, 4.39%, 0, 0, 16, 1264.01 2878 6171141
1601588382, 1, 797, 1263, 860, 4, 4.39%, 0, 0, 16, 1260.24 2878 6177540
1601588393, 1, 797, 1264, 861, 4, 4.39%, 0, 0, 16, 1249.18 2878 6190249
1601588398, 1, 848, 1264, 860, 4, 4.39%, 0, 0, 16, 1194.57 2878 6196345
1601588413, 1, 848, 1268, 864, 4, 4.39%, 0, 0, 16, 1166.07 2878 6213725
1601588418, 1, 848, 1273, 869, 4, 4.39%, 0, 0, 16, 1193.63 2878 6219768
1601588423, 1, 848, 1275, 871, 4, 4.39%, 0, 0, 16, 1198.37 2878 6225810
1601588429, 1, 848, 1276, 872, 4, 4.39%, 0, 0, 16, 1202.70 2878 6232041
1601588434, 1, 969, 1276, 871, 5, 4.39%, 0, 0, 16, 1205.68 2878 6238137
1601588444, 1, 969, 1278, 873, 5, 4.39%, 0, 0, 16, 1206.43 2880 6249710
1601588454, 1, 1100, 1278, 872, 5, 4.39%, 0, 0, 16, 1241.41 2880 6262227
1601588459, 1, 1100, 1280, 874, 5, 4.39%, 0, 0, 16, 1255.89 2880 6268806
1601588469, 1, 1114, 1281, 874, 6, 4.39%, 0, 0, 16, 1249.76 2880 6281524
1601588484, 1, 1114, 1283, 876, 6, 4.40%, 0, 0, 16, 1247.61 2886 6300431
1601588490, 1, 1114, 1286, 879, 6, 4.40%, 0, 0, 16, 1251.54 2886 6306765
1601588495, 1, 1114, 1287, 880, 6, 4.40%, 0, 0, 16, 1251.15 2886 6313048
1601588500, 1, 1114, 1290, 883, 6, 4.40%, 0, 0, 16, 1249.20 2886 6319351
1601588505, 1, 1162, 1291, 883, 7, 4.40%, 0, 0, 16, 1189.74 2886 6325550
1601588520, 1, 1240, 1293, 884, 7, 4.40%, 0, 0, 16, 1234.42 2886 6343308
1601588530, 1, 1240, 1297, 888, 7, 4.41%, 0, 0, 16, 1266.01 2891 6356130
1601588535, 1, 1240, 1298, 889, 7, 4.41%, 0, 0, 16, 1264.49 2893 6362538
1601588540, 1, 1253, 1298, 888, 7, 4.41%, 0, 0, 16, 1268.95 2893 6368975
1601588561, 1, 1253, 1302, 892, 7, 4.41%, 0, 0, 16, 1254.71 2893 6394718
1601588566, 1, 1253, 1306, 896, 7, 4.41%, 0, 0, 16, 1234.46 2893 6400712
1601588571, 1, 1253, 1307, 897, 7, 4.41%, 0, 0, 16, 1242.31 2893 6406984
1601588576, 1, 1253, 1308, 898, 7, 4.41%, 0, 0, 16, 1250.82 2893 6413266
1601588586, 1, 1256, 1308, 897, 7, 4.41%, 0, 0, 16, 1253.26 2893 6425903
1601588591, 1, 1256, 1311, 900, 7, 4.41%, 0, 0, 16, 1262.20 2893 6432373
1601588601, 1, 1256, 1314, 903, 7, 4.41%, 0, 0, 16, 1262.20 2893 6445177
1601588606, 1, 1279, 1314, 902, 6, 4.41%, 0, 0, 16, 1252.06 2893 6451505
1601588611, 1, 1281, 1314, 901, 5, 4.41%, 0, 0, 16, 1241.55 2893 6457748
1601588637, 1, 1281, 1315, 902, 5, 4.41%, 0, 0, 16, 1243.97 2893 6489203
1601588642, 1, 1293, 1315, 901, 4, 4.41%, 0, 0, 16, 1256.89 2893 6495543
1601588657, 1, 1296, 1315, 900, 3, 4.41%, 0, 0, 16, 1266.03 2893 6514886
1601588662, 1, 1296, 1316, 901, 3, 4.41%, 0, 0, 16, 1267.66 2893 6521365
1601588677, 1, 1296, 1317, 902, 3, 4.41%, 0, 0, 16, 1263.40 2893 6540615
1601588682, 1, 1297, 1319, 903, 3, 4.41%, 0, 0, 16, 1275.31 2893 6547140
1601588698, 1, 1303, 1319, 902, 2, 4.41%, 0, 0, 16, 1270.82 2893 6566402
1601588718, 1, 1303, 1323, 906, 2, 4.41%, 0, 0, 16, 1259.93 2893 6592250
1601588728, 1, 1303, 1325, 908, 2, 4.41%, 0, 0, 16, 1261.29 2893 6605091
1601588744, 1, 1315, 1325, 907, 2, 4.41%, 0, 0, 16, 1277.42 2893 6624516
1601588759, 1, 1322, 1327, 908, 1, 4.41%, 0, 0, 16, 1261.57 2893 6643764
1601588779, 1, 1322, 1329, 910, 1, 4.41%, 0, 0, 16, 1264.40 2893 6669419
1601588789, 1, 1322, 1332, 913, 1, 4.41%, 0, 0, 16, 1260.03 2893 6682218
1601588794, 1, 1322, 1333, 914, 1, 4.41%, 0, 0, 16, 1258.84 2893 6688626
1601588799, 1, 1326, 1333, 913, 1, 4.41%, 0, 0, 16, 1268.29 2893 6695121
1601588820, 1, 1328, 1333, 912, 0, 4.41%, 0, 0, 16, 1261.57 2893 6720963
1601588870, 2, 2, 1333, 911, 0, 4.41%, 0, 0, 16, 1259.75 2893 6784496
1601588875, 2, 2, 1336, 914, 0, 4.41%, 0, 0, 16, 1268.92 2893 6790882
1601588880, 2, 11, 1336, 913, 0, 4.41%, 0, 0, 16, 1262.59 2893 6797317
1601588886, 2, 13, 1336, 912, 0, 4.41%, 0, 0, 16, 1268.66 2893 6803726
1601588891, 2, 14, 1336, 911, 0, 4.41%, 0, 0, 16, 1259.33 2893 6810098
1601588901, 2, 15, 1336, 910, 0, 4.41%, 0, 0, 16, 1269.74 2893 6822950
1601588906, 2, 123, 1338, 911, 2, 4.48%, 0, 0, 16, 1254.42 2934 6829300
1601588911, 2, 259, 1338, 910, 2, 4.48%, 0, 0, 16, 1238.79 2934 6835488
1601588921, 2, 431, 1338, 909, 2, 4.48%, 0, 0, 16, 1209.60 2934 6847745
1601588926, 2, 431, 1342, 913, 2, 4.48%, 0, 0, 16, 1191.20 2937 6853267
1601588931, 2, 431, 1348, 919, 2, 4.49%, 0, 0, 16, 1224.11 2944 6859470
1601588936, 2, 431, 1349, 920, 2, 4.50%, 0, 0, 16, 1228.08 2946 6865670
1601588941, 2, 431, 1352, 923, 2, 4.50%, 0, 0, 16, 1223.74 2946 6871862
1601588946, 2, 431, 1354, 925, 2, 4.50%, 0, 0, 16, 1236.98 2946 6878166
1601588951, 2, 586, 1356, 926, 5, 4.50%, 0, 0, 16, 1226.76 2946 6884355
1601588956, 2, 586, 1358, 928, 5, 4.50%, 0, 0, 16, 1228.25 2946 6890674
1601588961, 2, 586, 1361, 931, 5, 4.50%, 0, 0, 16, 1238.72 2947 6896938
1601588967, 2, 586, 1363, 933, 5, 4.50%, 0, 0, 16, 1240.04 2947 6903218
1601588982, 2, 675, 1364, 933, 6, 4.50%, 0, 0, 16, 1238.37 2951 6921941
1601588987, 2, 675, 1365, 934, 6, 4.50%, 0, 0, 16, 1200.66 2951 6927749
1601589002, 2, 675, 1369, 938, 6, 4.51%, 0, 0, 16, 1190.56 2957 6945820
1601589007, 2, 675, 1373, 942, 6, 4.51%, 0, 0, 16, 1201.39 2958 6951901
1601589012, 2, 675, 1375, 944, 6, 4.51%, 0, 0, 16, 1211.87 2958 6958056
1601589017, 2, 675, 1378, 947, 6, 4.51%, 0, 0, 16, 1213.97 2958 6964224
1601589028, 2, 675, 1379, 948, 6, 4.51%, 0, 0, 16, 1217.19 2958 6976688
1601589033, 2, 1121, 1379, 947, 8, 4.51%, 0, 0, 16, 1205.20 2958 6982767
1601589043, 2, 1121, 1382, 950, 8, 4.51%, 0, 0, 16, 1220.23 2958 6995013
1601589048, 2, 1121, 1383, 951, 8, 4.51%, 0, 0, 16, 1229.92 2958 7001285
1601589053, 2, 1121, 1384, 952, 8, 4.51%, 0, 0, 16, 1232.30 2958 7007581
1601589058, 2, 1121, 1385, 953, 8, 4.51%, 0, 0, 16, 1218.49 2958 7013733
1601589063, 2, 1159, 1386, 953, 8, 4.51%, 0, 0, 16, 1119.77 2958 7019287
1601589073, 2, 1159, 1388, 955, 8, 4.51%, 0, 0, 16, 1163.58 2958 7030791
1601589083, 2, 1173, 1388, 954, 8, 4.51%, 0, 0, 16, 1135.73 2958 7042691
1601589099, 2, 1206, 1389, 954, 8, 4.51%, 0, 0, 16, 1188.00 2958 7059998
1601589104, 2, 1337, 1390, 955, 8, 4.52%, 0, 0, 16, 1252.09 2960 7066340
1601589200, 2, 1337, 1391, 956, 8, 4.64%, 0, 0, 16, 1263.35 3041 7189891
1601589205, 2, 1337, 1393, 958, 8, 4.64%, 0, 0, 16, 1254.65 3041 7196182
1601589215, 2, 1337, 1394, 959, 8, 4.64%, 0, 0, 16, 1254.63 3041 7208840
1601589220, 2, 1337, 1395, 960, 8, 4.64%, 0, 0, 16, 1250.09 3041 7215318
1601589225, 2, 1340, 1396, 960, 8, 4.64%, 0, 0, 16, 1170.14 3041 7221303
1601590381, 2, 1340, 1400, 964, 8, 4.65%, 0, 0, 16, 1039.72 3046 8461004
1601590386, 2, 1340, 1401, 965, 8, 4.65%, 0, 0, 16, 1021.35 3046 8466232
1601590411, 2, 1342, 1401, 964, 9, 4.65%, 0, 0, 16, 1170.26 3046 8492790
1601590417, 2, 1342, 1405, 968, 9, 4.65%, 0, 0, 16, 1254.66 3047 8499425
1601590615, 2, 1348, 1406, 968, 10, 4.65%, 0, 0, 16, 1252.68 3050 8750965
1601590731, 2, 1363, 1406, 967, 10, 4.65%, 0, 0, 16, 1234.96 3050 8900184
1601591779, 2, 1366, 1406, 966, 9, 4.65%, 0, 0, 16, 1160.56 3050 10170167
1601591921, 2, 1366, 1407, 967, 9, 4.65%, 0, 0, 16, 1119.72 3050 10329909
1601591926, 2, 1366, 1411, 971, 9, 4.65%, 0, 0, 16, 1122.68 3050 10335573
1601591942, 2, 1372, 1412, 971, 9, 4.65%, 0, 0, 16, 1085.58 3050 10352611
1601591947, 2, 1372, 1415, 974, 9, 4.66%, 0, 0, 16, 864.24 3051 10356629
1601592436, 2, 1372, 1416, 975, 9, 4.66%, 0, 0, 16, 808.73 3051 10749784
1601593489, 2, 1372, 1417, 976, 9, 4.66%, 0, 0, 16, 794.89 3051 11597226
1601593499, 2, 1389, 1417, 975, 11, 4.66%, 0, 0, 16, 783.51 3051 11605260
1601593520, 2, 1391, 1419, 976, 10, 4.66%, 0, 0, 16, 1197.32 3051 11623880
1601593611, 2, 1391, 1420, 977, 10, 4.66%, 0, 0, 16, 1284.87 3055 11741570
1601593616, 2, 1391, 1422, 979, 10, 4.67%, 0, 0, 16, 1268.13 3058 11747946
1601593626, 2, 1391, 1424, 981, 10, 4.68%, 0, 0, 16, 1249.67 3064 11760622
1601593631, 2, 1391, 1425, 982, 10, 4.68%, 0, 0, 16, 1255.52 3064 11766995
1601593637, 2, 1391, 1427, 984, 10, 4.68%, 0, 0, 16, 1251.92 3067 11773336
1601593642, 2, 1396, 1427, 983, 15, 4.68%, 0, 0, 16, 1181.62 3067 11779345
1601595119, 2, 1397, 1427, 982, 14, 4.68%, 0, 0, 16, 1049.69 3067 13430974
1601596262, 2, 1397, 1428, 983, 14, 4.68%, 0, 0, 16, 1046.18 3068 14666084
1601596272, 2, 1401, 1428, 982, 14, 4.68%, 0, 0, 16, 1180.28 3068 14677477
1601596384, 2, 1404, 1428, 981, 13, 4.68%, 0, 0, 16, 1293.30 3068 14820673
1601596495, 2, 1404, 1429, 982, 13, 4.68%, 0, 0, 16, 1280.57 3068 14965091
1601596500, 2, 1405, 1429, 981, 12, 4.68%, 0, 0, 16, 1278.57 3068 14971599
1601596505, 2, 1405, 1430, 982, 12, 4.68%, 0, 0, 16, 1271.47 3069 14978049
1601596515, 2, 1405, 1431, 983, 12, 4.68%, 0, 0, 16, 1276.21 3070 14990898
1601596616, 2, 1405, 1434, 986, 12, 4.68%, 0, 0, 16, 1278.43 3070 15121681
1601596627, 2, 1405, 1435, 987, 12, 4.69%, 0, 0, 16, 1276.85 3072 15134589
1601596632, 2, 1405, 1436, 988, 12, 4.69%, 0, 0, 16, 1279.82 3072 15141147
1601596637, 2, 1405, 1437, 989, 12, 4.69%, 0, 0, 16, 1264.68 3072 15147455
1601596642, 2, 1411, 1438, 989, 15, 4.69%, 0, 0, 16, 1146.87 3072 15153052
1601596764, 2, 1411, 1440, 991, 15, 4.69%, 0, 0, 16, 1132.41 3072 15288884
1601596769, 2, 1411, 1442, 993, 15, 4.69%, 0, 0, 16, 1132.47 3072 15294664
1601596774, 2, 1411, 1443, 994, 15, 4.69%, 0, 0, 16, 1129.53 3072 15300392
1601596784, 2, 1412, 1443, 993, 14, 4.69%, 0, 0, 16, 1131.09 3072 15311943
1601597873, 2, 1412, 1444, 994, 14, 4.69%, 0, 0, 16, 1109.81 3072 16550520
1601597879, 2, 1413, 1444, 993, 13, 4.69%, 0, 0, 16, 1076.52 3072 16555915
1601599363, 2, 1413, 1446, 995, 13, 4.69%, 0, 0, 16, 860.78 3072 17798236
1601599368, 2, 1413, 1451, 1000, 13, 4.69%, 0, 0, 16, 821.21 3072 17802314
1601599373, 2, 1413, 1453, 1002, 13, 4.69%, 0, 0, 16, 817.96 3072 17806474
1601599389, 2, 1415, 1453, 1001, 12, 4.69%, 0, 0, 16, 858.09 3072 17819261
1601601743, 2, 1415, 1454, 1002, 12, 4.69%, 0, 0, 16, 942.53 3072 19963809
1601601748, 2, 1419, 1454, 1001, 11, 4.69%, 0, 0, 16, 1018.57 3072 19968833
1601601849, 2, 1420, 1454, 1000, 10, 4.69%, 0, 0, 16, 1273.54 3072 20098894
1601602072, 2, 1421, 1454, 999, 9, 4.69%, 0, 0, 16, 1248.27 3072 20380967
1601602199, 2, 1421, 1455, 1000, 9, 4.69%, 0, 0, 16, 1273.24 3076 20543574
1601602204, 2, 1422, 1455, 999, 8, 4.69%, 0, 0, 16, 754.27 3076 20546870
1601603085, 2, 1423, 1455, 998, 7, 4.69%, 0, 0, 16, 701.93 3076 20961153
1601603177, 2, 1423, 1456, 999, 7, 4.69%, 0, 0, 16, 1292.27 3076 21079746
1601603187, 2, 1425, 1456, 998, 7, 4.69%, 0, 0, 16, 1282.44 3076 21092773
1601603288, 2, 1427, 1456, 997, 6, 4.69%, 0, 0, 16, 1127.03 3076 21222796
1601606626, 2, 1427, 1457, 998, 6, 4.69%, 0, 0, 16, 915.95 3076 24509778
1601606636, 2, 1429, 1457, 997, 5, 4.69%, 0, 0, 16, 1132.46 3076 24520073
1601606641, 2, 1429, 1458, 998, 5, 4.70%, 0, 0, 16, 1238.62 3080 24526581
1601606646, 2, 1429, 1461, 1001, 5, 4.72%, 0, 0, 16, 1248.96 3092 24532917
1601606753, 2, 1434, 1461, 1000, 6, 4.72%, 0, 0, 16, 1277.28 3092 24669879
1601606854, 2, 1454, 1461, 999, 5, 4.72%, 0, 0, 16, 1278.99 3092 24800846
1601606960, 2, 1454, 1462, 1000, 5, 4.72%, 0, 0, 16, 1293.57 3092 24937907
1601606970, 2, 1454, 1465, 1003, 5, 4.72%, 0, 0, 16, 1281.80 3095 24950926
1601606991, 2, 1454, 1467, 1005, 5, 4.74%, 0, 0, 16, 1274.68 3104 24976842
1601606996, 2, 1455, 1467, 1004, 8, 4.74%, 0, 0, 16, 1302.17 3104 24983412
1601607092, 2, 1458, 1467, 1003, 7, 4.74%, 0, 0, 16, 1286.82 3104 25108750
1601607295, 2, 1459, 1467, 1002, 6, 4.74%, 0, 0, 16, 1265.37 3104 25366823
1601607503, 2, 1460, 1467, 1001, 5, 4.74%, 0, 0, 16, 1279.39 3104 25630271
1601607705, 2, 1461, 1467, 1000, 4, 4.74%, 0, 0, 16, 1279.97 3104 25887694
1601607822, 2, 1463, 1468, 1000, 3, 4.74%, 0, 0, 16, 1281.40 3104 26036622
1601607827, 2, 1463, 1469, 1001, 3, 4.74%, 0, 0, 16, 1298.97 3104 26043170
1601607923, 2, 1464, 1469, 1000, 3, 4.74%, 0, 0, 16, 1274.23 3104 26167358
1601608015, 2, 1464, 1470, 1001, 3, 4.74%, 0, 0, 16, 1287.04 3104 26284823
1601608025, 2, 1465, 1470, 1000, 3, 4.74%, 0, 0, 16, 1283.39 3104 26297883
1601608136, 2, 1465, 1471, 1001, 3, 4.74%, 0, 0, 16, 1261.82 3104 26440954
1601608141, 2, 1467, 1471, 1000, 2, 4.74%, 0, 0, 16, 1258.09 3104 26447282
1601608233, 2, 1467, 1472, 1001, 2, 4.74%, 0, 0, 16, 1294.08 3104 26565325
1601608243, 2, 1469, 1472, 1000, 2, 4.74%, 0, 0, 16, 1263.70 3104 26578101
1601608350, 2, 1471, 1473, 1000, 1, 4.74%, 0, 0, 16, 1283.15 3104 26714855
1601608451, 2, 1472, 1473, 999, 1, 4.74%, 0, 0, 16, 1262.34 3104 26845056
1601608553, 3, 3, 1473, 998, 0, 4.74%, 0, 0, 16, 1262.34 3104 26974033
1601608558, 3, 7, 1473, 997, 0, 4.74%, 0, 0, 16, 1290.73 3104 26980553
1601608563, 3, 10, 1473, 996, 0, 4.74%, 0, 0, 16, 1291.92 3104 26987113
1601608568, 3, 12, 1473, 995, 0, 4.74%, 0, 0, 16, 1299.98 3104 26993623
1601608573, 3, 17, 1473, 994, 0, 4.74%, 0, 0, 16, 1297.00 3104 27000178
1601608578, 3, 44, 1473, 993, 0, 4.74%, 0, 0, 16, 1217.34 3104 27006419
1601608583, 3, 60, 1473, 991, 0, 4.74%, 0, 0, 16, 1109.23 3104 27011487
1601608588, 3, 64, 1473, 989, 0, 4.74%, 0, 0, 16, 1261.32 3104 27018253
1601608594, 3, 69, 1473, 988, 0, 4.74%, 0, 0, 16, 1259.53 3104 27024819
1601608599, 3, 102, 1473, 986, 0, 4.74%, 0, 0, 16, 1248.23 3104 27031383
1601608609, 3, 110, 1473, 985, 0, 4.74%, 0, 0, 16, 1231.00 3104 27044221
1601608614, 3, 111, 1473, 984, 0, 4.74%, 0, 0, 16, 1228.99 3104 27050629
1601608619, 3, 120, 1473, 982, 0, 4.74%, 0, 0, 16, 1240.24 3104 27056915
1601608624, 3, 140, 1473, 981, 0, 4.74%, 0, 0, 16, 1224.23 3104 27063139
1601608629, 3, 158, 1473, 979, 0, 4.74%, 0, 0, 16, 1239.18 3104 27069617
1601608634, 3, 161, 1473, 978, 0, 4.74%, 0, 0, 16, 1232.84 3104 27075795
1601608640, 3, 174, 1473, 976, 0, 4.74%, 0, 0, 16, 1237.19 3104 27082113
1601608645, 3, 176, 1473, 975, 0, 4.74%, 0, 0, 16, 1252.50 3104 27088635
1601608650, 3, 198, 1473, 973, 0, 4.74%, 0, 0, 16, 1229.37 3104 27094829
1601608655, 3, 208, 1473, 972, 0, 4.74%, 0, 0, 16, 1214.40 3104 27101006
1601608660, 3, 209, 1473, 971, 0, 4.74%, 0, 0, 16, 1223.03 3104 27107205
1601608665, 3, 210, 1473, 970, 0, 4.74%, 0, 0, 16, 1241.97 3104 27113520
1601608670, 3, 211, 1473, 969, 0, 4.74%, 0, 0, 16, 1239.37 3104 27119787
1601608675, 3, 213, 1473, 968, 0, 4.74%, 0, 0, 16, 1244.98 3104 27126240
1601608680, 3, 221, 1473, 968, 0, 4.74%, 0, 0, 16, 1252.76 3104 27132584
1601608685, 3, 231, 1474, 968, 0, 4.74%, 0, 0, 16, 1265.11 3104 27139012
1601608690, 3, 239, 1474, 967, 0, 4.74%, 0, 0, 16, 1282.71 3104 27145545
1601608695, 3, 240, 1474, 966, 0, 4.74%, 0, 0, 16, 1265.90 3104 27151992
1601608700, 3, 242, 1476, 967, 0, 4.74%, 0, 0, 16, 1241.51 3104 27158251
1601608706, 3, 246, 1476, 966, 0, 4.74%, 0, 0, 16, 1242.60 3104 27164715
1601608711, 3, 263, 1476, 966, 0, 4.74%, 0, 0, 16, 1208.07 3104 27170820
1601608716, 3, 273, 1476, 965, 0, 4.74%, 0, 0, 16, 1196.70 3104 27177080
1601608721, 3, 275, 1476, 964, 0, 4.74%, 0, 0, 16, 1211.47 3104 27183198
1601608726, 3, 282, 1476, 963, 0, 4.74%, 0, 0, 16, 1230.73 3104 27189451
1601608731, 3, 285, 1476, 962, 0, 4.74%, 0, 0, 16, 1240.67 3104 27195680
1601608736, 3, 293, 1476, 961, 0, 4.74%, 0, 0, 16, 1255.80 3104 27202155
1601608741, 3, 293, 1479, 964, 0, 4.74%, 0, 0, 16, 1274.09 3104 27208639
1601608746, 3, 293, 1480, 965, 0, 4.74%, 0, 0, 16, 1259.51 3104 27214997
1601608757, 3, 293, 1481, 966, 0, 4.74%, 0, 0, 16, 1269.52 3104 27227955
1601608767, 3, 296, 1481, 965, 0, 4.74%, 0, 0, 16, 1280.61 3104 27240892
1601608772, 3, 300, 1481, 964, 0, 4.74%, 0, 0, 16, 1289.47 3104 27247386
1601608777, 3, 300, 1482, 965, 0, 4.74%, 0, 0, 16, 1237.29 3104 27253511
1601608782, 3, 305, 1482, 964, 0, 4.74%, 0, 0, 16, 1291.17 3104 27260258
1601608787, 3, 312, 1482, 963, 0, 4.74%, 0, 0, 16, 1271.50 3104 27266678
1601608792, 3, 313, 1482, 962, 0, 4.74%, 0, 0, 16, 1277.63 3104 27273127
1601608797, 3, 314, 1482, 961, 0, 4.74%, 0, 0, 16, 1273.64 3104 27279491
1601608802, 3, 328, 1483, 960, 0, 4.74%, 0, 0, 16, 1270.21 3104 27285820
1601608807, 3, 359, 1484, 960, 1, 4.74%, 0, 0, 16, 1254.20 3107 27292117
1601608812, 3, 372, 1484, 959, 1, 4.74%, 0, 0, 16, 1265.69 3107 27298601
1601608817, 3, 372, 1486, 961, 1, 4.74%, 0, 0, 16, 1273.55 3109 27304970
1601608822, 3, 372, 1490, 965, 1, 4.75%, 0, 0, 16, 1272.51 3110 27311452
1601608832, 3, 372, 1492, 967, 1, 4.75%, 0, 0, 16, 1260.52 3111 27323993
1601608843, 3, 372, 1493, 968, 1, 4.75%, 0, 0, 16, 1248.33 3111 27336668
1601608848, 3, 417, 1494, 968, 4, 4.75%, 0, 0, 16, 1192.07 3111 27342552
1601608853, 3, 417, 1496, 970, 4, 4.75%, 0, 0, 16, 1221.92 3111 27348766
1601608858, 3, 470, 1496, 969, 4, 4.75%, 0, 0, 16, 1262.45 3111 27355280
1601608863, 3, 938, 1496, 968, 4, 4.75%, 0, 0, 16, 1244.02 3111 27361491
1601608868, 3, 938, 1497, 969, 4, 4.75%, 0, 0, 16, 1259.13 3111 27368001
1601608873, 3, 976, 1497, 968, 4, 4.75%, 0, 0, 16, 1235.12 3111 27374190
1601608878, 3, 976, 1498, 969, 4, 4.75%, 0, 0, 16, 1231.44 3111 27380288
1601608883, 3, 1045, 1498, 968, 5, 4.75%, 0, 0, 16, 1256.32 3111 27386594
1601608899, 3, 1045, 1506, 976, 5, 4.75%, 0, 0, 16, 1252.99 3111 27405584
1601608904, 3, 1045, 1507, 977, 5, 4.75%, 0, 0, 16, 1255.28 3111 27411842
1601608919, 3, 1319, 1507, 976, 5, 4.75%, 0, 0, 16, 1263.95 3111 27430776
1601608955, 3, 1319, 1508, 977, 5, 4.75%, 0, 0, 16, 1238.60 3111 27475140
1601608960, 3, 1410, 1508, 976, 5, 4.75%, 0, 0, 16, 1084.39 3111 27480623
1601611305, 3, 1420, 1508, 975, 5, 4.75%, 0, 0, 16, 1057.46 3111 29960876
1601611310, 3, 1483, 1513, 980, 5, 4.75%, 0, 0, 16, 1006.77 3111 29965883
1601611325, 3, 1483, 1520, 987, 5, 4.75%, 0, 0, 16, 1035.39 3111 29981407
1601611330, 3, 1483, 1522, 989, 5, 4.75%, 0, 0, 16, 1022.21 3111 29986603
1601611335, 3, 1483, 1523, 990, 5, 4.75%, 0, 0, 16, 1016.89 3111 29991778
1601611356, 3, 1483, 1525, 992, 5, 4.75%, 0, 0, 16, 1079.86 3113 30013156
1601611727, 3, 1483, 1534, 1001, 5, 4.75%, 0, 0, 16, 1147.49 3113 30422562
1601611737, 3, 1483, 1535, 1002, 5, 4.75%, 0, 0, 16, 1183.31 3113 30434509
1601611747, 3, 1483, 1536, 1003, 5, 4.75%, 0, 0, 16, 1185.64 3113 30446523
1601611752, 3, 1484, 1536, 1002, 6, 4.75%, 0, 0, 16, 1225.75 3113 30452719
1601611777, 3, 1486, 1536, 1001, 6, 4.75%, 0, 0, 16, 1029.63 3113 30483001
1601615466, 3, 1486, 1537, 1002, 6, 4.75%, 0, 0, 16, 960.96 3113 34014453
1601615472, 3, 1486, 1538, 1003, 6, 4.76%, 0, 0, 16, 959.93 3118 34019344
1601615477, 3, 1486, 1539, 1004, 6, 4.76%, 0, 0, 16, 961.82 3118 34024254
1601615502, 3, 1488, 1539, 1003, 6, 4.76%, 0, 0, 16, 941.54 3118 34048561
1601619691, 3, 1490, 1539, 1002, 5, 4.76%, 0, 0, 16, 844.55 3118 37946526
1601620648, 3, 1490, 1540, 1003, 5, 4.76%, 0, 0, 16, 818.78 3118 38726504
1601620653, 3, 1490, 1541, 1004, 5, 4.76%, 0, 0, 16, 817.76 3118 38730688
1601620658, 3, 1490, 1542, 1005, 5, 4.76%, 0, 0, 16, 820.23 3120 38734888
1601620663, 3, 1490, 1543, 1006, 5, 4.76%, 0, 0, 16, 821.33 3120 38739104
1601620674, 3, 1490, 1544, 1007, 5, 4.76%, 0, 0, 16, 817.48 3120 38747480
1601620679, 3, 1497, 1544, 1006, 5, 4.76%, 0, 0, 16, 973.62 3120 38752226
1601620689, 3, 1497, 1545, 1007, 5, 4.76%, 0, 0, 16, 1246.20 3120 38765156
1601620694, 3, 1509, 1546, 1007, 5, 4.76%, 0, 0, 16, 845.31 3120 38769197
1601621208, 3, 1523, 1546, 1006, 5, 4.76%, 0, 0, 16, 888.22 3120 39225580
1601621625, 3, 1523, 1547, 1007, 5, 4.76%, 0, 0, 16, 1095.91 3120 39683027
1601621630, 3, 1538, 1547, 1006, 4, 4.76%, 0, 0, 16, 1082.31 3120 39688882
1601624937, 3, 1538, 1551, 1010, 4, 4.76%, 0, 0, 16, 611.72 3120 41742191
1601624947, 3, 1538, 1552, 1011, 4, 4.77%, 0, 0, 16, 604.64 3124 41748271
1601624978, 3, 1541, 1552, 1010, 5, 4.77%, 0, 0, 16, 726.75 3124 41767424
1601625924, 3, 1541, 1553, 1011, 5, 4.77%, 0, 0, 16, 831.44 3127 42542389
1601626725, 3, 1541, 1556, 1014, 5, 4.77%, 0, 0, 16, 836.22 3127 43206279
1601626750, 3, 1544, 1556, 1013, 6, 4.77%, 0, 0, 16, 890.44 3127 43227445
1601626765, 3, 1547, 1556, 1012, 5, 4.77%, 0, 0, 16, 939.30 3127 43244890
1601629930, 3, 1551, 1556, 1011, 4, 4.77%, 0, 0, 16, 493.08 3127 45229560
1601640039, 3, 1551, 1557, 1012, 4, 4.77%, 0, 0, 16, 381.73 3128 49065219
1601642670, 3, 1551, 1564, 1019, 4, 4.80%, 0, 0, 16, 381.27 3144 50068915
1601642675, 3, 1551, 1574, 1029, 4, 4.80%, 0, 0, 16, 369.46 3146 50070766
1601642680, 3, 1551, 1577, 1032, 4, 4.80%, 0, 0, 16, 369.31 3146 50072680
1601642686, 3, 1551, 1579, 1034, 4, 4.80%, 0, 0, 16, 368.53 3146 50074593
1601642696, 3, 1551, 1580, 1035, 4, 4.80%, 0, 0, 16, 369.09 3147 50078353
1601642706, 3, 1551, 1581, 1036, 4, 4.80%, 0, 0, 16, 367.51 3147 50082113
1601642711, 3, 1551, 1582, 1037, 4, 4.80%, 0, 0, 16, 365.73 3147 50083955
1601642721, 3, 1551, 1583, 1038, 4, 4.80%, 0, 0, 16, 365.50 3147 50087708
1601642737, 3, 1551, 1584, 1039, 4, 4.80%, 0, 0, 16, 364.90 3148 50093218
1601642742, 3, 1552, 1584, 1038, 9, 4.80%, 0, 0, 16, 710.92 3148 50097101
1601644706, 3, 1552, 1587, 1041, 9, 4.80%, 0, 0, 16, 839.26 3148 51747084
1601644737, 3, 1554, 1587, 1040, 9, 4.80%, 0, 0, 16, 863.95 3148 51772691
1601649051, 3, 1554, 1588, 1041, 9, 4.80%, 0, 0, 16, 871.23 3148 55540486
1601649061, 3, 1556, 1588, 1040, 8, 4.80%, 0, 0, 16, 501.66 3148 55547002
1601660488, 3, 1556, 1589, 1041, 8, 4.80%, 0, 0, 16, 388.45 3149 59904309
1601661753, 3, 1556, 1590, 1042, 8, 4.81%, 0, 0, 16, 375.23 3150 60388324
1601661759, 3, 1558, 1590, 1041, 9, 4.81%, 0, 0, 16, 372.33 3150 60390248
