# unix_time, cycles_done, cur_path, paths_total, pending_total, pending_favs, map_size, unique_crashes, unique_hangs, max_depth, execs_per_sec, edge_coverage, total_execs
1603080659, 0, 0, 2, 2, 2, 6.34%, 0, 0, 1, 0.63, 4155, 16
1603080664, 0, 0, 15, 15, 2, 6.57%, 0, 0, 2, 18.39, 4307, 383
1603080670, 0, 0, 24, 24, 2, 7.16%, 0, 0, 2, 15.19, 4692, 584
1603080675, 0, 0, 34, 34, 2, 7.24%, 0, 0, 2, 16.77, 4744, 671
1603080680, 0, 0, 44, 44, 2, 7.26%, 0, 0, 2, 17.32, 4761, 759
1603080685, 0, 0, 53, 53, 2, 7.38%, 0, 0, 2, 16.53, 4834, 843
1603080690, 0, 0, 63, 63, 2, 7.38%, 0, 0, 2, 17.60, 4835, 935
1603080695, 0, 0, 73, 73, 2, 7.39%, 0, 0, 2, 17.14, 4842, 1023
1603080700, 0, 0, 83, 83, 2, 7.39%, 0, 0, 2, 17.08, 4842, 1109
1603080705, 0, 0, 92, 92, 2, 7.39%, 0, 0, 2, 17.30, 4843, 1197
1603080711, 0, 0, 102, 102, 2, 7.39%, 0, 0, 2, 17.06, 4843, 1285
1603080716, 0, 0, 111, 111, 2, 7.39%, 0, 0, 2, 17.37, 4845, 1373
1603080721, 0, 0, 121, 121, 2, 7.39%, 0, 0, 2, 17.17, 4845, 1461
1603080726, 0, 0, 130, 130, 2, 7.39%, 0, 0, 2, 17.21, 4845, 1547
1603080731, 0, 0, 138, 138, 2, 7.39%, 0, 0, 2, 16.71, 4845, 1631
1603080736, 0, 0, 147, 147, 2, 7.39%, 0, 0, 2, 16.99, 4845, 1719
1603080741, 0, 0, 155, 155, 2, 7.40%, 0, 0, 2, 16.08, 4848, 1799
1603080746, 0, 0, 164, 164, 2, 7.40%, 0, 0, 2, 16.57, 4851, 1884
1603080751, 0, 0, 170, 170, 2, 7.40%, 0, 0, 2, 16.12, 4851, 1967
1603080756, 0, 0, 174, 174, 2, 7.40%, 0, 0, 2, 17.23, 4851, 2055
1603080761, 0, 0, 180, 180, 2, 7.40%, 0, 0, 2, 16.97, 4851, 2139
1603080777, 0, 0, 193, 193, 2, 7.42%, 0, 0, 2, 16.04, 4862, 2494
1603080782, 0, 0, 202, 202, 2, 7.42%, 0, 0, 2, 16.31, 4864, 2578
1603080787, 0, 0, 210, 210, 2, 7.42%, 0, 0, 2, 16.44, 4864, 2664
1603080818, 0, 0, 291, 291, 2, 7.74%, 0, 0, 2, 633.10, 5073, 4321
1603080824, 0, 0, 310, 310, 2, 7.77%, 0, 0, 2, 34.47, 5093, 4515
1603080829, 0, 0, 321, 321, 2, 7.78%, 0, 0, 2, 26.00, 5101, 4632
1603080834, 0, 0, 331, 331, 2, 7.79%, 0, 0, 2, 20.53, 5103, 4728
1603080839, 0, 0, 342, 342, 2, 7.79%, 0, 0, 2, 25.02, 5104, 4849
1603080844, 0, 0, 361, 361, 2, 7.82%, 0, 0, 2, 20.69, 5122, 5370
1603080849, 0, 0, 379, 379, 2, 7.89%, 0, 0, 2, 35.97, 5170, 5652
1603080854, 0, 0, 389, 389, 2, 7.89%, 0, 0, 2, 22.95, 5170, 5752
1603080859, 0, 0, 398, 398, 2, 7.89%, 0, 0, 2, 19.19, 5170, 5845
1603080865, 0, 0, 405, 405, 2, 7.89%, 0, 0, 2, 18.32, 5170, 5936
1603080870, 0, 0, 414, 414, 2, 7.89%, 0, 0, 2, 17.80, 5170, 6025
1603080875, 0, 0, 422, 422, 2, 7.89%, 0, 0, 2, 16.02, 5170, 6105
1603080880, 0, 0, 431, 431, 2, 7.89%, 0, 0, 2, 17.97, 5174, 6195
1603080885, 0, 0, 439, 439, 2, 7.89%, 0, 0, 2, 16.52, 5174, 6280
1603080890, 0, 0, 447, 447, 2, 7.89%, 0, 0, 2, 16.35, 5174, 6364
1603080895, 0, 0, 456, 456, 2, 7.90%, 0, 0, 2, 21.25, 5177, 6476
1603080900, 0, 0, 465, 465, 2, 7.90%, 0, 0, 2, 18.02, 5177, 6566
1603080905, 0, 0, 474, 474, 2, 7.93%, 0, 0, 2, 19.85, 5199, 6668
1603080910, 0, 0, 483, 483, 2, 7.93%, 0, 0, 2, 21.06, 5199, 6780
1603080916, 0, 0, 491, 491, 2, 7.93%, 0, 0, 2, 19.50, 5200, 6877
1603080921, 0, 0, 496, 496, 2, 7.94%, 0, 0, 2, 19.33, 5202, 6980
1603080926, 0, 0, 504, 504, 2, 7.94%, 0, 0, 2, 23.06, 5202, 7098
1603080931, 0, 0, 510, 510, 2, 7.94%, 0, 0, 2, 24.19, 5202, 7227
1603080936, 0, 0, 516, 516, 2, 7.94%, 0, 0, 2, 19.76, 5202, 7323
1603080941, 0, 0, 523, 523, 2, 7.94%, 0, 0, 2, 18.56, 5202, 7420
1603080946, 0, 0, 531, 531, 2, 7.94%, 0, 0, 2, 18.33, 5202, 7514
1603080952, 0, 0, 538, 538, 2, 7.96%, 0, 0, 2, 20.49, 5218, 7621
1603080957, 0, 0, 547, 547, 2, 7.97%, 0, 0, 2, 22.79, 5225, 7736
1603080962, 0, 0, 554, 554, 2, 7.97%, 0, 0, 2, 19.29, 5225, 7828
1603080967, 0, 0, 561, 561, 2, 7.97%, 0, 0, 2, 17.56, 5225, 7913
1603080972, 0, 0, 569, 569, 2, 7.98%, 0, 0, 2, 19.08, 5228, 8009
1603080977, 0, 0, 578, 578, 2, 8.04%, 0, 0, 2, 18.60, 5266, 8197
1603080982, 0, 0, 581, 581, 2, 8.04%, 0, 0, 2, 16.30, 5269, 8344
1603080987, 0, 0, 589, 589, 2, 8.04%, 0, 0, 2, 16.96, 5269, 8430
1603080992, 0, 0, 596, 596, 2, 8.04%, 0, 0, 2, 17.43, 5269, 8518
1603080997, 0, 0, 601, 601, 2, 8.04%, 0, 0, 2, 16.73, 5269, 8601
1603081003, 0, 0, 606, 606, 2, 8.04%, 0, 0, 2, 17.17, 5269, 8690
1603081008, 0, 0, 609, 609, 2, 8.04%, 0, 0, 2, 16.97, 5269, 8775
1603081013, 0, 0, 610, 610, 2, 8.04%, 0, 0, 2, 16.66, 5269, 8863
1603081028, 0, 0, 611, 611, 2, 8.04%, 0, 0, 2, 15.73, 5269, 9174
1603081059, 0, 0, 629, 629, 2, 8.09%, 0, 0, 2, 16.53, 5301, 10376
1603081064, 0, 0, 636, 636, 2, 8.09%, 0, 0, 2, 21.82, 5301, 10499
1603081069, 0, 0, 644, 644, 2, 8.12%, 0, 0, 2, 27.15, 5319, 11078
1603081075, 0, 0, 648, 648, 2, 8.12%, 0, 0, 2, 23.04, 5319, 11194
1603081080, 0, 0, 654, 654, 2, 8.13%, 0, 0, 2, 17.27, 5326, 11277
1603081085, 0, 0, 660, 660, 2, 8.13%, 0, 0, 2, 17.95, 5326, 11371
1603081090, 0, 0, 665, 665, 2, 8.13%, 0, 0, 2, 20.58, 5326, 11486
1603081095, 0, 0, 671, 671, 2, 8.13%, 0, 0, 2, 22.58, 5326, 11606
1603081100, 0, 0, 674, 674, 2, 8.13%, 0, 0, 2, 24.29, 5326, 11731
1603081105, 0, 0, 677, 677, 2, 8.13%, 0, 0, 2, 28.96, 5326, 11905
1603081110, 0, 0, 683, 683, 2, 8.13%, 0, 0, 2, 22.10, 5326, 12005
1603081116, 0, 0, 688, 688, 2, 8.13%, 0, 0, 2, 20.98, 5329, 12111
1603081121, 0, 0, 692, 692, 2, 8.13%, 0, 0, 2, 23.44, 5329, 12233
1603081126, 0, 0, 698, 698, 2, 8.13%, 0, 0, 2, 20.43, 5329, 12333
1603081131, 0, 0, 703, 703, 2, 8.22%, 0, 0, 2, 17.07, 5388, 12496
1603081141, 0, 0, 711, 711, 2, 8.22%, 0, 0, 2, 19.16, 5388, 12729
1603081146, 0, 0, 713, 713, 2, 8.22%, 0, 0, 2, 16.76, 5388, 12811
1603081151, 0, 0, 719, 719, 2, 8.22%, 0, 0, 2, 18.33, 5388, 12911
1603081156, 0, 0, 720, 720, 2, 8.22%, 0, 0, 2, 16.76, 5388, 12993
1603081162, 0, 0, 723, 723, 2, 8.22%, 0, 0, 2, 16.40, 5388, 13077
1603081177, 0, 0, 725, 725, 2, 8.22%, 0, 0, 2, 15.44, 5388, 13379
1603081207, 0, 0, 736, 736, 2, 8.25%, 0, 0, 2, 19.21, 5405, 14556
1603081213, 0, 0, 743, 743, 2, 8.25%, 0, 0, 2, 25.98, 5406, 15171
1603081218, 0, 0, 749, 749, 2, 8.25%, 0, 0, 2, 20.40, 5409, 15265
1603081223, 0, 0, 752, 752, 2, 8.25%, 0, 0, 2, 18.86, 5409, 15369
1603081228, 0, 0, 756, 756, 2, 8.25%, 0, 0, 2, 22.49, 5409, 15488
1603081233, 0, 0, 762, 762, 2, 8.25%, 0, 0, 2, 24.12, 5409, 15618
1603081239, 0, 0, 765, 765, 2, 8.25%, 0, 0, 2, 30.32, 5409, 15775
1603081244, 0, 0, 771, 771, 2, 8.25%, 0, 0, 2, 30.23, 5409, 15918
1603081249, 0, 0, 775, 775, 2, 8.25%, 0, 0, 2, 26.10, 5409, 16040
1603081254, 0, 0, 780, 780, 2, 8.25%, 0, 0, 2, 22.00, 5409, 16148
1603081259, 0, 0, 788, 788, 2, 8.25%, 0, 0, 2, 19.88, 5409, 16253
1603081264, 0, 0, 791, 791, 2, 8.25%, 0, 0, 2, 20.42, 5409, 16363
1603081269, 0, 0, 796, 796, 2, 8.26%, 0, 0, 2, 25.04, 5411, 16512
1603081275, 0, 0, 799, 799, 2, 8.26%, 0, 0, 2, 24.59, 5411, 16884
1603081280, 0, 0, 804, 804, 2, 8.26%, 0, 0, 2, 20.35, 5411, 16992
1603081285, 0, 0, 811, 811, 2, 8.26%, 0, 0, 2, 22.49, 5412, 17356
1603081290, 0, 0, 818, 818, 2, 8.26%, 0, 0, 2, 24.91, 5412, 17495
1603081295, 0, 0, 823, 823, 2, 8.26%, 0, 0, 2, 57.81, 5412, 17878
1603081300, 0, 0, 828, 828, 2, 8.26%, 0, 0, 2, 17.42, 5412, 18104
1603081305, 0, 0, 831, 831, 2, 8.28%, 0, 0, 2, 18.33, 5425, 18267
1603081351, 0, 0, 832, 832, 2, 8.28%, 0, 0, 2, 16.50, 5425, 19403
1603081356, 0, 0, 838, 838, 2, 8.28%, 0, 0, 2, 16.53, 5425, 19485
1603081367, 0, 0, 839, 839, 2, 8.28%, 0, 0, 2, 15.68, 5425, 19652
1603081377, 0, 0, 841, 841, 2, 8.28%, 0, 0, 2, 16.98, 5425, 19822
1603081392, 0, 0, 843, 843, 2, 8.28%, 0, 0, 2, 16.30, 5425, 20067
1603081428, 0, 0, 845, 845, 2, 8.28%, 0, 0, 2, 16.58, 5425, 20675
1603081433, 0, 0, 846, 846, 2, 8.28%, 0, 0, 2, 16.82, 5425, 20763
1603081438, 0, 0, 847, 847, 2, 8.28%, 0, 0, 2, 17.59, 5425, 20855
1603081448, 0, 0, 848, 848, 2, 8.28%, 0, 0, 2, 16.05, 5425, 21023
1603081454, 0, 0, 850, 850, 2, 8.28%, 0, 0, 2, 15.81, 5425, 21102
1603081479, 0, 0, 851, 851, 2, 8.28%, 0, 0, 2, 15.93, 5425, 21532
1603081571, 0, 0, 852, 852, 2, 8.28%, 0, 0, 2, 16.86, 5425, 23441
1603081775, 0, 0, 883, 883, 2, 8.31%, 0, 0, 2, 145.00, 5444, 29557
1603081780, 0, 0, 897, 897, 2, 8.31%, 0, 0, 2, 18.68, 5444, 31199
1603081785, 0, 0, 905, 905, 2, 8.31%, 0, 0, 2, 19.79, 5446, 31305
1603081790, 0, 0, 913, 913, 2, 8.31%, 0, 0, 2, 20.17, 5446, 31405
1603081795, 0, 0, 920, 920, 2, 8.31%, 0, 0, 2, 89.91, 5446, 31767
1603081800, 0, 0, 926, 926, 2, 8.31%, 0, 0, 2, 23.48, 5448, 31899
1603081806, 0, 0, 931, 931, 2, 8.31%, 0, 0, 2, 30.65, 5449, 32062
1603081811, 0, 0, 934, 934, 2, 8.31%, 0, 0, 2, 26.15, 5449, 32187
1603081816, 0, 0, 941, 941, 2, 8.32%, 0, 0, 2, 24.23, 5451, 34856
1603081821, 0, 0, 947, 947, 2, 8.32%, 0, 0, 2, 23.54, 5453, 35150
1603081831, 0, 0, 949, 949, 2, 8.32%, 0, 0, 2, 28.83, 5453, 35960
1603081836, 0, 0, 951, 951, 2, 8.33%, 0, 0, 2, 25.95, 5456, 36090
1603081841, 0, 0, 954, 954, 2, 8.33%, 0, 0, 2, 25.95, 5456, 36224
1603081852, 0, 0, 956, 956, 2, 8.33%, 0, 0, 2, 21.64, 5456, 36470
1603081862, 0, 0, 960, 960, 2, 8.33%, 0, 0, 2, 18.07, 5456, 36691
1603081872, 0, 0, 962, 962, 2, 8.33%, 0, 0, 2, 17.68, 5456, 36873
1603081877, 0, 0, 964, 964, 2, 8.33%, 0, 0, 2, 20.62, 5456, 36991
1603081882, 0, 0, 966, 966, 2, 8.33%, 0, 0, 2, 17.45, 5456, 37072
1603081887, 0, 0, 967, 967, 2, 8.33%, 0, 0, 2, 18.66, 5456, 37167
1603081892, 0, 0, 968, 968, 2, 8.33%, 0, 0, 2, 22.89, 5456, 37284
1603081898, 0, 0, 969, 969, 2, 8.33%, 0, 0, 2, 33.99, 5456, 37455
1603081903, 0, 0, 974, 974, 2, 8.33%, 0, 0, 2, 26.62, 5456, 37588
1603081908, 0, 0, 978, 978, 2, 8.33%, 0, 0, 2, 27.66, 5456, 37740
1603081913, 0, 0, 979, 979, 2, 8.33%, 0, 0, 2, 24.96, 5456, 37861
1603081923, 0, 0, 980, 980, 2, 8.33%, 0, 0, 2, 32.72, 5456, 38222
1603081949, 0, 0, 982, 982, 2, 8.33%, 0, 0, 2, 17.74, 5456, 39262
1603081954, 0, 0, 984, 984, 2, 8.33%, 0, 0, 2, 191.51, 5456, 39493
1603081959, 0, 0, 987, 987, 2, 8.33%, 0, 0, 2, 29.05, 5456, 39683
1603081974, 0, 0, 988, 988, 2, 8.33%, 0, 0, 2, 28.31, 5456, 40156
1603081979, 0, 0, 990, 990, 2, 8.33%, 0, 0, 2, 31.13, 5456, 40309
1603081995, 0, 0, 991, 991, 2, 8.33%, 0, 0, 2, 22.21, 5456, 40722
1603082000, 0, 0, 992, 992, 2, 8.33%, 0, 0, 2, 20.28, 5456, 40834
1603082005, 0, 0, 993, 993, 2, 8.33%, 0, 0, 2, 23.42, 5456, 40949
1603082010, 0, 0, 995, 995, 2, 8.33%, 0, 0, 2, 126.58, 5456, 41151
1603082015, 0, 0, 997, 997, 2, 8.33%, 0, 0, 2, 16.85, 5456, 41349
1603082031, 0, 0, 998, 998, 2, 8.33%, 0, 0, 2, 25.12, 5456, 41798
1603082036, 0, 0, 1000, 1000, 2, 8.33%, 0, 0, 2, 22.99, 5456, 41918
1603082046, 0, 0, 1001, 1001, 2, 8.33%, 0, 0, 2, 37.61, 5456, 42215
1603082097, 0, 0, 1006, 1006, 2, 8.33%, 0, 0, 2, 16.22, 5456, 53997
1603082102, 0, 0, 1007, 1007, 2, 8.33%, 0, 0, 2, 35.62, 5456, 57118
1603082117, 0, 0, 1009, 1009, 2, 8.33%, 0, 0, 2, 31.32, 5456, 58073
1603082133, 0, 0, 1011, 1011, 2, 8.33%, 0, 0, 2, 50.72, 5456, 58647
1603082138, 0, 0, 1013, 1013, 2, 8.33%, 0, 0, 2, 18.60, 5458, 58873
1603082143, 0, 0, 1014, 1014, 2, 8.33%, 0, 0, 2, 2135.11, 5459, 65862
1603082148, 0, 0, 1015, 1015, 2, 8.33%, 0, 0, 2, 22.76, 5459, 69214
1603082153, 0, 0, 1020, 1020, 2, 8.33%, 0, 0, 2, 21.47, 5460, 69356
1603082158, 0, 0, 1021, 1021, 2, 8.33%, 0, 0, 2, 19.49, 5460, 69454
1603082169, 0, 0, 1025, 1025, 2, 8.33%, 0, 0, 2, 16.76, 5460, 69652
1603082184, 0, 0, 1037, 1037, 2, 8.36%, 0, 0, 2, 19.92, 5476, 70530
1603082189, 0, 0, 1041, 1041, 2, 8.36%, 0, 0, 2, 22.54, 5476, 70645
1603082194, 0, 0, 1044, 1044, 2, 8.36%, 0, 0, 2, 36.00, 5476, 70844
1603082199, 0, 0, 1045, 1045, 2, 8.36%, 0, 0, 2, 35.15, 5476, 71036
1603082204, 0, 0, 1047, 1047, 2, 8.36%, 0, 0, 2, 28.54, 5476, 71172
1603082225, 0, 0, 1050, 1050, 2, 8.36%, 0, 0, 2, 17.56, 5478, 71773
1603082230, 0, 0, 1055, 1055, 2, 8.36%, 0, 0, 2, 41.52, 5478, 72022
1603082235, 0, 0, 1057, 1057, 2, 8.36%, 0, 0, 2, 46.31, 5478, 72262
1603082240, 0, 0, 1058, 1058, 2, 8.36%, 0, 0, 2, 63.26, 5478, 72587
1603082245, 0, 0, 1059, 1059, 2, 8.36%, 0, 0, 2, 15.80, 5478, 73086
1603082255, 0, 0, 1061, 1061, 2, 8.37%, 0, 0, 2, 1437.73, 5485, 75163
1603082261, 0, 0, 1063, 1063, 2, 8.38%, 0, 0, 2, 25.98, 5492, 76430
1603082266, 0, 0, 1070, 1070, 2, 8.40%, 0, 0, 2, 38.13, 5503, 76694
1603082271, 0, 0, 1074, 1074, 2, 8.40%, 0, 0, 2, 29.49, 5503, 76859
1603082281, 0, 0, 1075, 1075, 2, 8.40%, 0, 0, 2, 30.25, 5503, 77166
1603082286, 0, 0, 1079, 1079, 2, 8.40%, 0, 0, 2, 34.21, 5503, 77359
1603082296, 0, 0, 1081, 1081, 2, 8.40%, 0, 0, 2, 40.22, 5503, 77947
1603082302, 0, 0, 1082, 1082, 2, 8.40%, 0, 0, 2, 48.65, 5503, 78412
1603082312, 0, 0, 1083, 1083, 2, 8.40%, 0, 0, 2, 39.30, 5503, 78786
1603082317, 0, 0, 1084, 1084, 2, 8.40%, 0, 0, 2, 20.91, 5503, 79010
1603082322, 0, 0, 1085, 1085, 2, 8.40%, 0, 0, 2, 35.23, 5503, 79215
1603082327, 0, 0, 1087, 1087, 2, 8.40%, 0, 0, 2, 27.85, 5503, 79358
1603082332, 0, 0, 1088, 1088, 2, 8.40%, 0, 0, 2, 16.46, 5505, 79686
1603082363, 0, 0, 1089, 1089, 2, 8.40%, 0, 0, 2, 840.99, 5505, 80604
1603082368, 0, 0, 1093, 1093, 2, 8.40%, 0, 0, 2, 92.09, 5505, 80893
1603082373, 0, 0, 1097, 1097, 2, 8.40%, 0, 0, 2, 150.44, 5505, 81150
1603082383, 0, 0, 1100, 1100, 2, 8.40%, 0, 0, 2, 16.17, 5505, 83101
1603082389, 0, 0, 1101, 1101, 2, 8.40%, 0, 0, 2, 168.43, 5505, 83728
1603082394, 0, 0, 1108, 1108, 2, 8.40%, 0, 0, 2, 125.63, 5506, 89172
1603082404, 0, 0, 1109, 1109, 2, 8.40%, 0, 0, 2, 43.06, 5506, 90039
1603082409, 0, 0, 1112, 1112, 2, 8.40%, 0, 0, 2, 36.41, 5506, 90232
1603082414, 0, 0, 1115, 1115, 2, 8.40%, 0, 0, 2, 30.62, 5506, 90365
1603082419, 0, 0, 1118, 1118, 2, 8.40%, 0, 0, 2, 35.87, 5506, 90527
1603082430, 0, 0, 1119, 1119, 2, 8.40%, 0, 0, 2, 39.69, 5506, 90894
1603082435, 0, 0, 1123, 1123, 2, 8.40%, 0, 0, 2, 32.05, 5506, 91170
1603082450, 0, 0, 1125, 1125, 2, 8.40%, 0, 0, 2, 58.71, 5506, 92130
1603082455, 0, 0, 1129, 1129, 2, 8.40%, 0, 0, 2, 38.93, 5506, 92514
1603082460, 0, 0, 1130, 1130, 2, 8.40%, 0, 0, 2, 43.19, 5506, 92826
1603082465, 0, 0, 1131, 1131, 2, 8.40%, 0, 0, 2, 357.75, 5506, 93150
1603082470, 0, 0, 1132, 1132, 2, 8.40%, 0, 0, 2, 44.32, 5506, 93526
1603082481, 0, 0, 1133, 1133, 2, 8.40%, 0, 0, 2, 36.18, 5506, 93999
1603082491, 0, 0, 1136, 1136, 2, 8.41%, 0, 0, 2, 37.79, 5512, 94709
1603082496, 0, 0, 1137, 1137, 2, 8.41%, 0, 0, 2, 17.45, 5512, 94842
1603082506, 0, 0, 1139, 1139, 2, 8.41%, 0, 0, 2, 17.93, 5512, 95118
1603082552, 0, 0, 1141, 1141, 2, 8.41%, 0, 0, 2, 22.65, 5512, 96103
1603082593, 0, 0, 1148, 1148, 2, 8.42%, 0, 0, 2, 2440.00, 5515, 98102
1603082598, 0, 0, 1155, 1155, 2, 8.44%, 0, 0, 2, 36.90, 5532, 99436
1603082603, 0, 0, 1158, 1158, 2, 8.44%, 0, 0, 2, 159.09, 5532, 100515
1603082608, 0, 0, 1160, 1160, 2, 8.44%, 0, 0, 2, 17.47, 5533, 100775
1603082618, 0, 0, 1163, 1163, 2, 8.44%, 0, 0, 2, 14.25, 5533, 101009
1603082623, 0, 0, 1165, 1165, 2, 8.44%, 0, 0, 2, 18.31, 5533, 101110
1603082628, 0, 0, 1166, 1166, 2, 8.44%, 0, 0, 2, 19.35, 5533, 101210
1603082633, 0, 0, 1167, 1167, 2, 8.44%, 0, 0, 2, 20.25, 5533, 101313
1603082669, 0, 0, 1168, 1168, 2, 8.44%, 0, 0, 2, 17.94, 5533, 102084
1603082715, 0, 0, 1172, 1172, 2, 8.44%, 0, 0, 2, 16.81, 5533, 105367
1603082720, 0, 0, 1179, 1179, 2, 8.45%, 0, 0, 2, 208.97, 5539, 106528
1603082725, 0, 0, 1182, 1182, 2, 8.46%, 0, 0, 2, 58.13, 5543, 106971
1603082730, 0, 1, 1228, 1227, 156, 8.49%, 0, 0, 2, 1578.03, 5564, 112220
1603082736, 0, 1, 1233, 1232, 156, 8.53%, 0, 0, 2, 35.09, 5587, 123553
1603082746, 0, 8, 1246, 1242, 160, 8.55%, 0, 0, 2, 37.98, 5604, 146125
1603082929, 0, 8, 1247, 1243, 160, 8.56%, 0, 0, 3, 24.10, 5608, 151892
1603083572, 0, 8, 1249, 1245, 160, 8.56%, 0, 0, 3, 58.55, 5611, 174118
1603084406, 0, 17, 1250, 1244, 161, 8.56%, 0, 0, 3, 3054.48, 5611, 249228
1603084421, 0, 18, 1251, 1244, 160, 8.56%, 0, 0, 3, 2873.12, 5612, 291545
1603084426, 0, 21, 1251, 1243, 159, 8.56%, 0, 0, 3, 2958.26, 5612, 306573
1603084431, 0, 22, 1251, 1242, 158, 8.56%, 0, 0, 3, 2598.63, 5612, 319785
1603084457, 0, 22, 1252, 1243, 158, 8.56%, 0, 0, 3, 2503.66, 5612, 382542
1603084472, 0, 187, 1253, 1243, 158, 8.56%, 0, 0, 3, 18.91, 5612, 410433
1603084482, 0, 187, 1256, 1246, 158, 8.56%, 0, 0, 3, 15.63, 5612, 410639
1603084549, 0, 187, 1260, 1250, 158, 8.56%, 0, 0, 3, 21.29, 5612, 412317
1603084554, 0, 187, 1264, 1254, 158, 8.56%, 0, 0, 3, 16.29, 5612, 412875
1603084559, 0, 187, 1265, 1255, 158, 8.56%, 0, 0, 3, 18.73, 5612, 412973
1603084565, 0, 187, 1266, 1256, 158, 8.56%, 0, 0, 3, 18.40, 5612, 413071
1603084570, 0, 187, 1267, 1257, 158, 8.56%, 0, 0, 3, 21.70, 5612, 413188
1603084575, 0, 187, 1268, 1258, 158, 8.56%, 0, 0, 3, 21.15, 5612, 413297
1603084595, 0, 187, 1270, 1260, 158, 8.56%, 0, 0, 3, 19.69, 5612, 413762
1603084600, 0, 187, 1271, 1261, 158, 8.56%, 0, 0, 3, 17.67, 5612, 413902
1603084673, 0, 187, 1274, 1264, 158, 8.56%, 0, 0, 3, 63.55, 5612, 415745
1603084678, 0, 187, 1277, 1267, 158, 8.56%, 0, 0, 3, 18.54, 5612, 416311
1603084683, 0, 187, 1278, 1268, 158, 8.56%, 0, 0, 3, 20.99, 5612, 416429
1603084688, 0, 187, 1280, 1270, 158, 8.56%, 0, 0, 3, 22.09, 5612, 416545
1603084693, 0, 187, 1281, 1271, 158, 8.56%, 0, 0, 3, 23.94, 5612, 416673
1603084714, 0, 187, 1282, 1272, 158, 8.56%, 0, 0, 3, 88.00, 5612, 417255
1603084724, 0, 187, 1283, 1273, 158, 8.56%, 0, 0, 3, 16.02, 5612, 417460
1603084734, 0, 187, 1284, 1274, 158, 8.56%, 0, 0, 3, 16.17, 5612, 417623
1603084790, 0, 187, 1285, 1275, 158, 8.56%, 0, 0, 3, 18.09, 5612, 419699
1603084801, 0, 187, 1286, 1276, 158, 8.56%, 0, 0, 3, 24.84, 5612, 419948
1603084816, 0, 187, 1287, 1277, 158, 8.56%, 0, 0, 3, 27.20, 5612, 420418
1603084821, 0, 187, 1289, 1279, 158, 8.56%, 0, 0, 3, 26.45, 5612, 420545
1603084827, 0, 187, 1290, 1280, 158, 8.56%, 0, 0, 3, 22.31, 5612, 420894
1603084832, 0, 187, 1291, 1281, 158, 8.56%, 0, 0, 3, 23.32, 5612, 421028
1603084837, 0, 187, 1292, 1282, 158, 8.56%, 0, 0, 3, 43.21, 5612, 421419
1603084842, 0, 187, 1294, 1284, 158, 8.56%, 0, 0, 3, 22.39, 5612, 421796
1603085000, 0, 187, 1295, 1285, 158, 8.56%, 0, 0, 3, 15.68, 5612, 424816
1603085128, 0, 187, 1297, 1287, 158, 8.56%, 0, 0, 3, 15.85, 5612, 427123
1603085133, 0, 187, 1298, 1288, 158, 8.56%, 0, 0, 3, 15.96, 5612, 427207
1603085358, 0, 187, 1303, 1293, 158, 8.56%, 0, 0, 3, 20.58, 5612, 434629
1603085363, 0, 187, 1306, 1296, 158, 8.56%, 0, 0, 3, 88.73, 5612, 435036
1603085455, 0, 187, 1308, 1298, 158, 8.56%, 0, 0, 3, 27.53, 5612, 440468
1603085460, 0, 187, 1309, 1299, 158, 8.56%, 0, 0, 3, 25.31, 5612, 440604
1603085557, 0, 187, 1310, 1300, 158, 8.56%, 0, 0, 3, 20.04, 5612, 443605
1603085583, 0, 187, 1311, 1301, 158, 8.56%, 0, 0, 3, 22.22, 5612, 444421
1603085682, 0, 187, 1312, 1302, 158, 8.56%, 0, 0, 3, 26.69, 5612, 460898
1603085708, 0, 187, 1313, 1303, 158, 8.57%, 0, 0, 3, 17.84, 5614, 471815
1603085744, 0, 187, 1315, 1305, 158, 8.57%, 0, 0, 3, 24.38, 5614, 472945
1603085749, 0, 187, 1316, 1306, 158, 8.57%, 0, 0, 3, 24.62, 5614, 473062
1603085785, 0, 187, 1317, 1307, 158, 8.57%, 0, 0, 3, 36.46, 5614, 474189
1603085790, 0, 187, 1318, 1308, 158, 8.57%, 0, 0, 3, 53.29, 5614, 474478
1603085821, 0, 187, 1319, 1309, 158, 8.57%, 0, 0, 3, 59.64, 5614, 478827
1603085836, 0, 187, 1320, 1310, 158, 8.57%, 0, 0, 3, 27.98, 5614, 479283
1603085929, 0, 187, 1321, 1311, 158, 8.57%, 0, 0, 3, 150.14, 5614, 483479
1603085954, 0, 187, 1322, 1312, 158, 8.57%, 0, 0, 3, 307.69, 5614, 491858
1603085965, 0, 187, 1323, 1313, 158, 8.57%, 0, 0, 3, 30.81, 5614, 492230
1603085975, 0, 187, 1324, 1314, 158, 8.57%, 0, 0, 3, 31.72, 5614, 492573
1603085985, 0, 187, 1325, 1315, 158, 8.57%, 0, 0, 3, 143.90, 5614, 493243
1603086010, 0, 187, 1326, 1316, 158, 8.57%, 0, 0, 3, 56.25, 5614, 494924
1603086021, 0, 187, 1328, 1318, 158, 8.57%, 0, 0, 3, 42.24, 5614, 495576
1603086036, 0, 187, 1330, 1320, 158, 8.57%, 0, 0, 3, 31.91, 5614, 496444
1603086148, 0, 187, 1331, 1321, 158, 8.57%, 0, 0, 3, 1089.98, 5614, 501699
1603086169, 0, 187, 1333, 1323, 158, 8.57%, 0, 0, 3, 16.74, 5614, 502598
1603086179, 0, 187, 1334, 1324, 158, 8.57%, 0, 0, 3, 16.94, 5614, 502775
1603086184, 0, 187, 1335, 1325, 158, 8.57%, 0, 0, 3, 17.25, 5614, 502867
1603086271, 0, 187, 1336, 1326, 158, 8.57%, 0, 0, 3, 101.62, 5614, 507904
1603086282, 0, 217, 1336, 1325, 158, 8.57%, 0, 0, 3, 2737.91, 5614, 521331
1603086292, 0, 219, 1337, 1325, 157, 8.57%, 0, 0, 3, 2955.34, 5616, 551395
1603086307, 0, 221, 1337, 1324, 157, 8.57%, 0, 0, 3, 2959.93, 5616, 596843
1603086317, 0, 223, 1337, 1323, 156, 8.57%, 0, 0, 3, 2942.67, 5616, 626582
1603086333, 0, 227, 1337, 1322, 155, 8.57%, 0, 0, 3, 2941.34, 5616, 672762
1603086343, 0, 230, 1337, 1321, 154, 8.57%, 0, 0, 3, 2943.62, 5616, 703349
1603086358, 0, 233, 1338, 1321, 154, 8.57%, 0, 0, 3, 2942.70, 5618, 748180
1603086373, 0, 237, 1338, 1320, 153, 8.57%, 0, 0, 3, 2738.01, 5618, 792147
1603086389, 0, 238, 1338, 1319, 152, 8.57%, 0, 0, 3, 2665.82, 5618, 834203
1603086404, 0, 240, 1338, 1318, 151, 8.57%, 0, 0, 3, 2448.23, 5618, 875097
1603086425, 0, 240, 1339, 1319, 151, 8.57%, 0, 0, 3, 2585.83, 5618, 925854
1603086430, 0, 254, 1341, 1320, 151, 8.57%, 0, 0, 3, 2458.83, 5618, 937676
1603086445, 0, 267, 1341, 1319, 150, 8.57%, 0, 0, 3, 2713.81, 5618, 979046
1603086465, 0, 271, 1341, 1318, 149, 8.57%, 0, 0, 3, 2579.58, 5618, 1032452
1603086481, 0, 271, 1343, 1320, 149, 8.57%, 0, 0, 3, 2740.58, 5618, 1074174
1603086486, 0, 272, 1344, 1320, 149, 8.57%, 0, 0, 3, 2581.40, 5618, 1087538
1603086506, 0, 274, 1345, 1320, 148, 8.57%, 0, 0, 3, 2596.91, 5619, 1141954
1603086526, 0, 276, 1346, 1320, 148, 8.57%, 0, 0, 3, 2579.31, 5619, 1195999
1603086547, 0, 279, 1349, 1322, 147, 8.57%, 0, 0, 3, 2584.08, 5619, 1251260
1603086568, 0, 290, 1349, 1321, 147, 8.57%, 0, 0, 3, 2557.02, 5619, 1304277
1603086573, 0, 290, 1350, 1322, 147, 8.58%, 0, 0, 3, 14.93, 5621, 1304508
1603086583, 0, 290, 1355, 1327, 147, 8.58%, 0, 0, 3, 14.91, 5621, 1304696
1603086588, 0, 290, 1359, 1331, 147, 8.58%, 0, 0, 3, 14.84, 5623, 1304772
1603086593, 0, 290, 1361, 1333, 147, 8.58%, 0, 0, 3, 14.87, 5623, 1304850
1603086598, 0, 290, 1362, 1334, 147, 8.58%, 0, 0, 3, 14.63, 5623, 1304923
1603086624, 0, 290, 1363, 1335, 147, 8.58%, 0, 0, 3, 14.87, 5623, 1305338
1603086659, 0, 290, 1367, 1339, 147, 8.58%, 0, 0, 3, 18.45, 5623, 1306438
1603086664, 0, 290, 1370, 1342, 147, 8.58%, 0, 0, 3, 14.62, 5623, 1307000
1603086675, 0, 290, 1374, 1346, 147, 8.58%, 0, 0, 3, 18.66, 5623, 1307191
1603086680, 0, 290, 1375, 1347, 147, 8.58%, 0, 0, 3, 20.24, 5623, 1307299
1603086690, 0, 290, 1376, 1348, 147, 8.58%, 0, 0, 3, 28.22, 5623, 1307546
1603086695, 0, 290, 1378, 1350, 147, 8.58%, 0, 0, 3, 20.24, 5623, 1307646
1603086705, 0, 290, 1379, 1351, 147, 8.58%, 0, 0, 3, 20.61, 5623, 1307861
1603086710, 0, 290, 1380, 1352, 147, 8.58%, 0, 0, 3, 166.67, 5623, 1307985
1603086715, 0, 290, 1381, 1353, 147, 8.58%, 0, 0, 3, 16.17, 5626, 1308075
1603086761, 0, 290, 1382, 1354, 147, 8.58%, 0, 0, 3, 14.65, 5626, 1308840
1603086792, 0, 290, 1386, 1358, 147, 8.58%, 0, 0, 3, 21.34, 5626, 1309890
1603086797, 0, 290, 1387, 1359, 147, 8.58%, 0, 0, 3, 25.80, 5626, 1310470
1603086802, 0, 290, 1388, 1360, 147, 8.58%, 0, 0, 3, 23.84, 5626, 1310583
1603086833, 0, 290, 1389, 1361, 147, 8.59%, 0, 0, 3, 100.96, 5632, 1311393
1603086858, 0, 290, 1390, 1362, 147, 8.59%, 0, 0, 3, 14.72, 5632, 1311823
1603086864, 0, 290, 1391, 1363, 147, 8.59%, 0, 0, 3, 14.63, 5632, 1311898
1603086910, 0, 290, 1393, 1365, 147, 8.59%, 0, 0, 3, 314.36, 5632, 1313192
1603086915, 0, 290, 1395, 1367, 147, 8.59%, 0, 0, 3, 33.69, 5632, 1313849
1603086921, 0, 290, 1397, 1369, 147, 8.59%, 0, 0, 3, 21.74, 5632, 1313950
1603086931, 0, 290, 1399, 1371, 147, 8.59%, 0, 0, 3, 23.04, 5632, 1314193
1603086946, 0, 290, 1400, 1372, 147, 8.59%, 0, 0, 3, 24.92, 5632, 1314628
1603086951, 0, 290, 1401, 1373, 147, 8.59%, 0, 0, 3, 27.83, 5632, 1314756
1603086966, 0, 290, 1402, 1374, 147, 8.59%, 0, 0, 3, 28.27, 5632, 1315618
1603086972, 0, 290, 1403, 1375, 147, 8.59%, 0, 0, 3, 14.95, 5632, 1316118
1603087073, 0, 290, 1404, 1376, 147, 8.59%, 0, 0, 3, 16.42, 5632, 1318047
1603087201, 0, 290, 1405, 1377, 147, 8.59%, 0, 0, 3, 14.33, 5632, 1319914
1603087517, 0, 290, 1409, 1381, 147, 8.59%, 0, 0, 3, 17.09, 5632, 1327217
1603087523, 0, 290, 1415, 1387, 147, 8.60%, 0, 0, 3, 16.38, 5635, 1328796
1603087528, 0, 290, 1422, 1394, 147, 8.60%, 0, 0, 3, 18.43, 5637, 1328892
1603087533, 0, 290, 1428, 1400, 147, 8.60%, 0, 0, 3, 15.62, 5637, 1329127
1603087538, 0, 290, 1432, 1404, 147, 8.60%, 0, 0, 3, 22.43, 5637, 1329362
1603087543, 0, 290, 1434, 1406, 147, 8.60%, 0, 0, 3, 18.95, 5637, 1329564
1603087548, 0, 290, 1437, 1409, 147, 8.60%, 0, 0, 3, 19.74, 5637, 1329662
1603087589, 0, 290, 1439, 1411, 147, 8.60%, 0, 0, 3, 19.12, 5637, 1333825
1603087605, 0, 290, 1440, 1412, 147, 8.60%, 0, 0, 3, 22.97, 5637, 1334219
1603087630, 0, 290, 1441, 1413, 147, 8.60%, 0, 0, 3, 22.57, 5637, 1334781
1603087681, 0, 290, 1442, 1414, 147, 8.60%, 0, 0, 3, 17.84, 5637, 1336399
1603087722, 0, 290, 1443, 1415, 147, 8.60%, 0, 0, 3, 17.27, 5637, 1337580
1603087773, 0, 290, 1444, 1416, 147, 8.60%, 0, 0, 3, 19.21, 5637, 1338906
1603087865, 0, 290, 1445, 1417, 147, 8.60%, 0, 0, 3, 29.57, 5637, 1355020
1603087947, 0, 290, 1446, 1418, 147, 8.60%, 0, 0, 3, 29.03, 5637, 1367578
1603087978, 0, 290, 1447, 1419, 147, 8.60%, 0, 0, 3, 31.35, 5637, 1368425
1603087983, 0, 290, 1448, 1420, 147, 8.60%, 0, 0, 3, 50.62, 5637, 1368708
1603087998, 0, 290, 1449, 1421, 147, 8.60%, 0, 0, 3, 75.40, 5637, 1369772
1603088018, 0, 290, 1450, 1422, 147, 8.60%, 0, 0, 3, 38.83, 5637, 1373176
1603088121, 0, 290, 1452, 1424, 147, 8.60%, 0, 0, 3, 148.63, 5638, 1377162
1603088131, 0, 290, 1454, 1426, 147, 8.60%, 0, 0, 3, 26.62, 5638, 1377927
1603088157, 0, 290, 1455, 1427, 147, 8.60%, 0, 0, 3, 168.18, 5638, 1386215
1603088162, 0, 290, 1456, 1428, 147, 8.60%, 0, 0, 3, 26.71, 5638, 1386365
1603088167, 0, 290, 1460, 1432, 147, 8.60%, 0, 0, 3, 27.49, 5638, 1386502
1603088182, 0, 290, 1462, 1434, 147, 8.60%, 0, 0, 3, 46.05, 5638, 1387189
1603088192, 0, 290, 1463, 1435, 147, 8.60%, 0, 0, 3, 211.16, 5638, 1387791
1603088244, 0, 290, 1464, 1436, 147, 8.60%, 0, 0, 3, 14.62, 5639, 1390777
1603088361, 0, 290, 1466, 1438, 147, 8.60%, 0, 0, 3, 299.35, 5639, 1396337
1603088484, 0, 290, 1467, 1439, 147, 8.60%, 0, 0, 3, 15.84, 5639, 1400874
1603088494, 0, 290, 1469, 1441, 147, 8.61%, 0, 0, 3, 13.39, 5640, 1403767
1603088499, 0, 290, 1473, 1445, 147, 8.61%, 0, 0, 3, 15.73, 5640, 1403855
1603088504, 0, 290, 1476, 1448, 147, 8.61%, 0, 0, 3, 19.19, 5640, 1403999
1603088510, 0, 290, 1478, 1450, 147, 8.61%, 0, 0, 3, 17.38, 5640, 1404294
1603088515, 0, 303, 1478, 1449, 146, 8.61%, 0, 0, 3, 2324.40, 5640, 1413366
1603088540, 0, 303, 1479, 1450, 146, 8.61%, 0, 0, 3, 2321.42, 5640, 1475780
1603088551, 0, 308, 1479, 1449, 145, 8.61%, 0, 0, 3, 2331.93, 5640, 1499541
1603088586, 0, 308, 1480, 1450, 145, 8.61%, 0, 0, 3, 2343.07, 5640, 1584582
1603088591, 0, 318, 1481, 1450, 145, 8.61%, 0, 0, 3, 2351.80, 5640, 1596262
1603088626, 0, 343, 1481, 1449, 144, 8.61%, 0, 0, 3, 2318.80, 5640, 1680712
1603088652, 0, 343, 1482, 1450, 144, 8.61%, 0, 0, 3, 456.59, 5643, 1740652
1603088657, 0, 344, 1482, 1449, 143, 8.61%, 0, 0, 3, 2676.66, 5643, 1751931
1603088662, 0, 344, 1483, 1450, 143, 8.61%, 0, 0, 3, 2503.11, 5643, 1764578
1603088677, 0, 350, 1483, 1449, 142, 8.61%, 0, 0, 3, 91.79, 5643, 1799735
1603088687, 0, 350, 1485, 1451, 142, 8.61%, 0, 0, 3, 13.57, 5643, 1799926
1603088693, 0, 350, 1486, 1452, 142, 8.61%, 0, 0, 3, 15.02, 5643, 1800006
1603088703, 0, 350, 1487, 1453, 142, 8.61%, 0, 0, 3, 14.95, 5643, 1800163
1603088759, 0, 350, 1491, 1457, 142, 8.61%, 0, 0, 3, 65.37, 5643, 1801624
1603088765, 0, 350, 1492, 1458, 142, 8.61%, 0, 0, 3, 15.45, 5643, 1802184
1603088770, 0, 350, 1495, 1461, 142, 8.61%, 0, 0, 3, 16.27, 5643, 1802270
1603088775, 0, 350, 1499, 1465, 142, 8.61%, 0, 0, 3, 16.20, 5643, 1802352
1603088780, 0, 350, 1500, 1466, 142, 8.61%, 0, 0, 3, 18.04, 5643, 1802444
1603088785, 0, 350, 1501, 1467, 142, 8.61%, 0, 0, 3, 19.95, 5643, 1802549
1603088888, 0, 350, 1503, 1469, 142, 8.61%, 0, 0, 3, 977.78, 5643, 1804958
1603088898, 0, 350, 1504, 1470, 142, 8.61%, 0, 0, 3, 21.33, 5643, 1805690
1603088908, 0, 350, 1505, 1471, 142, 8.61%, 0, 0, 3, 21.97, 5643, 1805911
1603088913, 0, 350, 1506, 1472, 142, 8.61%, 0, 0, 3, 30.63, 5643, 1806058
1603088938, 0, 350, 1507, 1473, 142, 8.61%, 0, 0, 3, 18.18, 5643, 1806693
1603088943, 0, 350, 1509, 1475, 142, 8.61%, 0, 0, 3, 16.06, 5643, 1806772
1603089009, 0, 350, 1510, 1476, 142, 8.61%, 0, 0, 3, 26.52, 5643, 1808944
1603089019, 0, 350, 1511, 1477, 142, 8.61%, 0, 0, 3, 23.85, 5643, 1809165
1603089024, 0, 350, 1512, 1478, 142, 8.61%, 0, 0, 3, 23.45, 5643, 1809286
1603089055, 0, 350, 1513, 1479, 142, 8.61%, 0, 0, 3, 86.73, 5643, 1810572
1603089060, 0, 350, 1514, 1480, 142, 8.61%, 0, 0, 3, 15.19, 5643, 1810766
1603089066, 0, 350, 1515, 1481, 142, 8.61%, 0, 0, 3, 14.99, 5643, 1811226
1603089127, 0, 350, 1516, 1482, 142, 8.61%, 0, 0, 3, 14.66, 5643, 1812533
1603089132, 0, 350, 1517, 1483, 142, 8.61%, 0, 0, 3, 15.48, 5643, 1812613
1603089163, 0, 350, 1518, 1484, 142, 8.61%, 0, 0, 3, 15.37, 5643, 1813078
1603089604, 0, 350, 1523, 1489, 142, 8.61%, 0, 0, 3, 1490.11, 5643, 1823829
1603089620, 0, 350, 1525, 1491, 142, 8.61%, 0, 0, 3, 23.68, 5643, 1824566
1603089625, 0, 350, 1526, 1492, 142, 8.61%, 0, 0, 3, 48.82, 5643, 1827381
1603089661, 0, 350, 1529, 1495, 142, 8.61%, 0, 0, 3, 21.17, 5643, 1828749
1603089666, 0, 350, 1530, 1496, 142, 8.61%, 0, 0, 3, 20.67, 5643, 1828856
1603089671, 0, 350, 1531, 1497, 142, 8.61%, 0, 0, 3, 16.35, 5643, 1828933
1603089676, 0, 350, 1532, 1498, 142, 8.61%, 0, 0, 3, 16.83, 5643, 1829020
1603089686, 0, 350, 1533, 1499, 142, 8.61%, 0, 0, 3, 16.18, 5643, 1829212
1603089707, 0, 350, 1534, 1500, 142, 8.61%, 0, 0, 3, 31.52, 5643, 1829688
1603089918, 0, 350, 1535, 1501, 142, 8.61%, 0, 0, 3, 34.16, 5643, 1848912
1603089954, 0, 350, 1536, 1502, 142, 8.61%, 0, 0, 3, 53.05, 5643, 1850469
1603089975, 0, 350, 1538, 1504, 142, 8.61%, 0, 0, 3, 13.54, 5643, 1861082
1603090051, 0, 350, 1539, 1505, 142, 8.61%, 0, 0, 3, 94.39, 5643, 1863382
1603090190, 0, 350, 1540, 1506, 142, 8.61%, 0, 0, 3, 141.61, 5643, 1872097
1603090195, 0, 350, 1541, 1507, 142, 8.61%, 0, 0, 3, 15.15, 5643, 1872468
1603090231, 0, 350, 1544, 1510, 142, 8.61%, 0, 0, 3, 14.87, 5643, 1881312
1603090242, 0, 350, 1545, 1511, 142, 8.61%, 0, 0, 3, 25.48, 5643, 1881631
1603090247, 0, 350, 1546, 1512, 142, 8.61%, 0, 0, 3, 26.83, 5643, 1881776
1603090272, 0, 350, 1547, 1513, 142, 8.61%, 0, 0, 3, 56.79, 5643, 1883500
1603090298, 0, 350, 1548, 1514, 142, 8.61%, 0, 0, 3, 38.04, 5643, 1884987
1603090303, 0, 350, 1549, 1515, 142, 8.61%, 0, 0, 3, 39.28, 5643, 1885233
1603090323, 0, 350, 1550, 1516, 142, 8.61%, 0, 0, 3, 16.77, 5643, 1886024
1603090334, 0, 350, 1551, 1517, 142, 8.61%, 0, 0, 3, 16.64, 5643, 1886200
1603090447, 0, 350, 1554, 1520, 142, 8.61%, 0, 0, 3, 14.27, 5643, 1891783
1603090452, 0, 350, 1555, 1521, 142, 8.61%, 0, 0, 3, 16.67, 5643, 1891873
1603090554, 0, 350, 1557, 1523, 142, 8.61%, 0, 0, 3, 15.33, 5643, 1896182
1603090574, 0, 353, 1557, 1522, 144, 8.61%, 0, 0, 3, 1318.82, 5643, 1901513
1603090605, 0, 354, 1557, 1521, 143, 8.61%, 0, 0, 3, 2512.41, 5643, 1979372
1603090630, 0, 357, 1557, 1520, 142, 8.61%, 0, 0, 3, 32.87, 5643, 2034693
1603090635, 0, 357, 1558, 1521, 142, 8.61%, 0, 0, 3, 16.11, 5643, 2034829
1603090640, 0, 357, 1559, 1522, 142, 8.61%, 0, 0, 3, 17.96, 5643, 2034923
1603090692, 0, 357, 1560, 1523, 142, 8.61%, 0, 0, 3, 26.48, 5643, 2037083
1603090723, 0, 357, 1561, 1524, 142, 8.61%, 0, 0, 3, 26.29, 5643, 2037894
1603090784, 0, 357, 1562, 1525, 142, 8.61%, 0, 0, 3, 88.51, 5643, 2040346
1603090789, 0, 357, 1563, 1526, 142, 8.61%, 0, 0, 3, 39.88, 5643, 2040480
1603090800, 0, 357, 1564, 1527, 142, 8.61%, 0, 0, 3, 27.66, 5643, 2040739
1603090820, 0, 357, 1565, 1528, 142, 8.61%, 0, 0, 3, 23.10, 5643, 2041380
1603090876, 0, 357, 1566, 1529, 142, 8.61%, 0, 0, 3, 22.31, 5643, 2043730
1603090886, 0, 357, 1567, 1530, 142, 8.61%, 0, 0, 3, 25.96, 5643, 2043985
1603090918, 0, 357, 1568, 1531, 142, 8.61%, 0, 0, 3, 250.00, 5643, 2045504
1603090923, 0, 357, 1569, 1532, 142, 8.61%, 0, 0, 3, 21.20, 5645, 2045974
1603090970, 0, 357, 1570, 1533, 142, 8.61%, 0, 0, 3, 15.43, 5645, 2047318
1603090990, 0, 357, 1571, 1534, 142, 8.61%, 0, 0, 3, 17.73, 5645, 2047663
1603091319, 0, 357, 1572, 1535, 142, 8.61%, 0, 0, 3, 34.08, 5645, 2058591
1603091376, 0, 357, 1573, 1536, 142, 8.61%, 0, 0, 3, 17.82, 5645, 2063690
1603091402, 0, 357, 1574, 1537, 142, 8.61%, 0, 0, 3, 34.35, 5645, 2064310
1603091407, 0, 357, 1575, 1538, 142, 8.61%, 0, 0, 3, 31.12, 5645, 2064447
1603091632, 0, 357, 1576, 1539, 142, 8.61%, 0, 0, 3, 21.76, 5645, 2095673
1603091642, 0, 357, 1577, 1540, 142, 8.61%, 0, 0, 3, 18.92, 5645, 2095913
1603091775, 0, 357, 1579, 1542, 142, 8.61%, 0, 0, 3, 36.16, 5645, 2105200
1603091821, 0, 357, 1580, 1543, 142, 8.61%, 0, 0, 3, 124.85, 5645, 2108983
1603091842, 0, 357, 1581, 1544, 142, 8.61%, 0, 0, 3, 39.15, 5645, 2115831
1603091857, 0, 357, 1582, 1545, 142, 8.61%, 0, 0, 3, 38.71, 5645, 2116388
1603091862, 0, 357, 1583, 1546, 142, 8.61%, 0, 0, 3, 42.19, 5645, 2116647
1603091914, 0, 357, 1584, 1547, 142, 8.61%, 0, 0, 3, 37.52, 5645, 2119791
1603091970, 0, 357, 1585, 1548, 142, 8.61%, 0, 0, 3, 18.39, 5645, 2121465
1603092011, 0, 357, 1586, 1549, 142, 8.61%, 0, 0, 3, 173.58, 5645, 2125885
1603092027, 0, 357, 1587, 1550, 142, 8.61%, 0, 0, 3, 16.94, 5645, 2126300
1603092108, 0, 357, 1588, 1551, 142, 8.61%, 0, 0, 3, 100.73, 5645, 2131658
1603092129, 0, 361, 1590, 1552, 141, 8.61%, 0, 0, 3, 1861.98, 5645, 2143029
1603092139, 0, 361, 1591, 1553, 141, 8.61%, 0, 0, 3, 2654.48, 5645, 2169104
1603092159, 0, 373, 1591, 1552, 140, 8.61%, 0, 0, 3, 2351.50, 5645, 2215254
1603092190, 0, 374, 1591, 1551, 139, 8.61%, 0, 0, 3, 2360.47, 5645, 2289994
1603092221, 0, 375, 1591, 1550, 138, 8.61%, 0, 0, 3, 2445.39, 5645, 2362919
1603092247, 0, 376, 1591, 1549, 137, 8.61%, 0, 0, 3, 2313.68, 5645, 2425612
1603092277, 0, 377, 1591, 1548, 136, 8.61%, 0, 0, 3, 2403.99, 5645, 2498908
1603092307, 0, 403, 1591, 1547, 135, 8.61%, 0, 0, 3, 19.91, 5645, 2562704
1603092587, 0, 403, 1592, 1548, 135, 8.61%, 0, 0, 3, 17.26, 5645, 2571667
1603092597, 0, 403, 1593, 1549, 135, 8.61%, 0, 0, 3, 26.19, 5645, 2571917
1603093113, 0, 403, 1595, 1551, 135, 8.62%, 0, 0, 3, 388.44, 5646, 2586732
1603093123, 0, 403, 1596, 1552, 135, 8.62%, 0, 0, 3, 33.12, 5646, 2587190
1603093389, 0, 403, 1598, 1554, 135, 8.62%, 0, 0, 3, 12.80, 5646, 2608417
1603093394, 0, 403, 1599, 1555, 135, 8.62%, 0, 0, 3, 33.91, 5646, 2611525
1603093638, 0, 403, 1600, 1556, 135, 8.62%, 0, 0, 3, 113.60, 5646, 2634729
1603093975, 0, 403, 1601, 1557, 135, 8.62%, 0, 0, 3, 237.52, 5646, 2661740
1603093981, 0, 445, 1602, 1557, 135, 8.62%, 0, 0, 3, 30.00, 5646, 2662160
1603093996, 0, 445, 1603, 1558, 135, 8.62%, 0, 0, 3, 14.71, 5646, 2662423
1603094026, 0, 445, 1604, 1559, 135, 8.62%, 0, 0, 3, 14.78, 5646, 2662899
1603094112, 0, 445, 1605, 1560, 135, 8.62%, 0, 0, 3, 15.43, 5646, 2665527
1603094188, 0, 445, 1607, 1562, 135, 8.62%, 0, 0, 3, 9.51, 5646, 2667252
1603094219, 0, 445, 1608, 1563, 135, 8.62%, 0, 0, 3, 20.99, 5646, 2668495
1603094234, 0, 445, 1609, 1564, 135, 8.62%, 0, 0, 3, 14.41, 5646, 2668852
1603094311, 0, 445, 1610, 1565, 135, 8.62%, 0, 0, 3, 75.07, 5646, 2671084
1603094936, 0, 445, 1611, 1566, 135, 8.62%, 0, 0, 3, 80.05, 5646, 2686474
1603094972, 0, 445, 1612, 1567, 135, 8.62%, 0, 0, 3, 21.64, 5646, 2690594
1603095151, 0, 445, 1613, 1568, 135, 8.62%, 0, 0, 3, 18.28, 5646, 2695471
1603095264, 0, 445, 1614, 1569, 135, 8.62%, 0, 0, 3, 31.09, 5646, 2712054
1603095636, 0, 445, 1615, 1570, 135, 8.62%, 0, 0, 3, 13.94, 5646, 2747711
1603095758, 0, 445, 1616, 1571, 135, 8.62%, 0, 0, 3, 51.65, 5646, 2753441
1603095895, 0, 445, 1617, 1572, 135, 8.62%, 0, 0, 3, 37.33, 5646, 2760756
1603095905, 0, 455, 1617, 1571, 135, 8.62%, 0, 0, 3, 39.60, 5646, 2761515
1603095915, 0, 455, 1618, 1572, 135, 8.62%, 0, 0, 3, 18.86, 5646, 2761747
1603095966, 0, 455, 1621, 1575, 135, 8.62%, 0, 0, 3, 42.70, 5646, 2763408
1603096018, 0, 455, 1622, 1576, 135, 8.62%, 0, 0, 3, 17.77, 5646, 2765162
1603096064, 0, 455, 1625, 1579, 135, 8.62%, 0, 0, 3, 904.59, 5646, 2767131
1603096095, 0, 455, 1626, 1580, 135, 8.62%, 0, 0, 3, 26.11, 5646, 2768088
1603096157, 0, 455, 1627, 1581, 135, 8.62%, 0, 0, 3, 21.17, 5646, 2770599
1603096604, 0, 455, 1628, 1582, 135, 8.62%, 0, 0, 3, 151.28, 5646, 2785394
1603096610, 0, 455, 1629, 1583, 135, 8.62%, 0, 0, 3, 46.35, 5648, 2785829
1603096691, 0, 455, 1630, 1584, 135, 8.62%, 0, 0, 3, 21.36, 5648, 2791075
1603096732, 0, 455, 1631, 1585, 135, 8.62%, 0, 0, 3, 42.32, 5648, 2792492
1603096763, 0, 455, 1632, 1586, 135, 8.62%, 0, 0, 3, 28.95, 5648, 2793714
1603096917, 0, 455, 1633, 1587, 135, 8.62%, 0, 0, 3, 17.37, 5648, 2822548
1603096922, 0, 455, 1634, 1588, 135, 8.62%, 0, 0, 3, 17.76, 5648, 2822640
1603096932, 0, 455, 1635, 1589, 135, 8.62%, 0, 0, 3, 19.43, 5648, 2822870
1603097061, 0, 455, 1636, 1590, 135, 8.62%, 0, 0, 3, 40.11, 5648, 2831854
1603097409, 0, 455, 1637, 1591, 135, 8.62%, 0, 0, 3, 19.42, 5648, 2860519
1603097414, 0, 467, 1637, 1590, 136, 8.62%, 0, 0, 3, 36.99, 5648, 2860916
1603097430, 0, 467, 1638, 1591, 136, 8.62%, 0, 0, 3, 16.23, 5648, 2861222
1603097435, 0, 467, 1639, 1592, 136, 8.62%, 0, 0, 3, 15.91, 5648, 2861303
1603097605, 0, 467, 1641, 1594, 136, 8.62%, 0, 0, 3, 53.67, 5648, 2866135
1603097754, 0, 467, 1642, 1595, 136, 8.62%, 0, 0, 3, 26.36, 5648, 2871267
1603098273, 0, 467, 1643, 1596, 136, 8.62%, 0, 0, 3, 26.87, 5648, 2884822
1603098278, 0, 467, 1647, 1600, 136, 8.62%, 0, 0, 3, 144.13, 5648, 2885221
1603098283, 0, 467, 1649, 1602, 136, 8.62%, 0, 0, 3, 19.82, 5648, 2885336
1603098288, 0, 467, 1651, 1604, 136, 8.62%, 0, 0, 3, 25.26, 5648, 2885495
1603098293, 0, 467, 1652, 1605, 136, 8.62%, 0, 0, 3, 2107.05, 5648, 2888153
1603098298, 0, 467, 1653, 1606, 136, 8.62%, 0, 0, 3, 39.75, 5648, 2888476
1603098693, 0, 467, 1654, 1607, 136, 8.62%, 0, 0, 3, 16.84, 5648, 2924202
1603098867, 0, 467, 1655, 1608, 136, 8.62%, 0, 0, 3, 33.33, 5648, 2942237
1603098883, 0, 467, 1656, 1609, 136, 8.62%, 0, 0, 3, 35.51, 5648, 2942773
1603099067, 0, 467, 1657, 1610, 136, 8.62%, 0, 0, 3, 16.30, 5648, 2952604
1603099175, 0, 467, 1659, 1612, 136, 8.62%, 0, 0, 3, 15.31, 5648, 2959577
1603099185, 0, 469, 1659, 1611, 135, 8.62%, 0, 0, 3, 766.17, 5648, 2960187
1603099242, 0, 469, 1660, 1612, 135, 8.62%, 0, 0, 3, 68.44, 5648, 2962212
1603099339, 0, 469, 1661, 1613, 135, 8.62%, 0, 0, 3, 67.86, 5648, 2965549
1603099379, 0, 469, 1662, 1614, 135, 8.62%, 0, 0, 3, 26.50, 5648, 2967088
1603099854, 0, 469, 1663, 1615, 135, 8.62%, 0, 0, 3, 375.37, 5648, 2982756
1603100187, 0, 469, 1664, 1616, 135, 8.62%, 0, 0, 3, 25.91, 5648, 3021348
1603100376, 0, 469, 1665, 1617, 135, 8.62%, 0, 0, 3, 132.87, 5648, 3033216
1603100576, 0, 469, 1666, 1618, 135, 8.62%, 0, 0, 3, 16.69, 5648, 3051918
1603100581, 0, 469, 1667, 1619, 135, 8.62%, 0, 0, 3, 16.82, 5648, 3052005
1603100657, 0, 469, 1668, 1620, 135, 8.62%, 0, 0, 3, 86.54, 5648, 3057328
1603100672, 0, 493, 1668, 1619, 136, 8.62%, 0, 0, 3, 616.75, 5648, 3059571
1603101554, 0, 493, 1669, 1620, 136, 8.62%, 0, 0, 3, 45.99, 5648, 3083560
1603101560, 0, 493, 1672, 1623, 136, 8.62%, 0, 0, 3, 108.21, 5648, 3083945
1603102474, 0, 552, 1674, 1624, 136, 8.62%, 0, 0, 3, 30.51, 5650, 3159182
1603102637, 0, 552, 1675, 1625, 136, 8.62%, 0, 0, 3, 15.58, 5650, 3163261
1603102777, 0, 552, 1676, 1626, 136, 8.62%, 0, 0, 3, 188.18, 5650, 3168139
1603103481, 0, 552, 1677, 1627, 136, 8.62%, 0, 0, 3, 39.49, 5650, 3190138
1603103630, 0, 552, 1678, 1628, 136, 8.62%, 0, 0, 3, 831.82, 5650, 3205541
1603104237, 0, 572, 1678, 1627, 136, 8.62%, 0, 0, 3, 892.96, 5650, 3259639
1603104283, 0, 573, 1678, 1626, 135, 8.62%, 0, 0, 3, 2254.18, 5650, 3366606
1603104324, 0, 574, 1678, 1625, 134, 8.62%, 0, 0, 3, 2236.91, 5650, 3461048
1603104365, 0, 574, 1679, 1626, 134, 8.62%, 0, 0, 3, 2218.88, 5650, 3556031
1603104370, 0, 577, 1679, 1625, 133, 8.62%, 0, 0, 3, 19.24, 5650, 3556338
1603104375, 0, 577, 1680, 1626, 133, 8.62%, 0, 0, 3, 16.08, 5650, 3556465
1603104385, 0, 577, 1682, 1628, 133, 8.62%, 0, 0, 3, 16.33, 5650, 3556637
1603104436, 0, 577, 1684, 1630, 133, 8.63%, 0, 0, 3, 68.01, 5653, 3558140
1603104487, 0, 577, 1685, 1631, 133, 8.63%, 0, 0, 3, 16.14, 5653, 3559848
1603104548, 0, 577, 1687, 1633, 133, 8.63%, 0, 0, 3, 25.19, 5656, 3562032
1603104579, 0, 577, 1688, 1634, 133, 8.63%, 0, 0, 3, 23.94, 5656, 3562855
1603104584, 0, 577, 1689, 1635, 133, 8.63%, 0, 0, 3, 19.98, 5656, 3563008
1603105174, 0, 577, 1691, 1637, 133, 8.63%, 0, 0, 3, 85.71, 5656, 3580459
1603105897, 0, 577, 1692, 1638, 133, 8.63%, 0, 0, 3, 637.45, 5656, 3646866
1603105917, 0, 577, 1693, 1639, 133, 8.63%, 0, 0, 3, 19.58, 5656, 3648070
1603106024, 0, 617, 1694, 1638, 130, 8.63%, 0, 0, 3, 1989.33, 5656, 3665545
1603106034, 0, 617, 1695, 1639, 130, 8.63%, 0, 0, 3, 2376.07, 5656, 3689526
1603106039, 0, 617, 1696, 1640, 130, 8.63%, 0, 0, 3, 2607.45, 5656, 3703014
1603106050, 0, 617, 1699, 1643, 130, 8.63%, 0, 0, 3, 2387.09, 5656, 3728143
1603106055, 0, 617, 1700, 1644, 130, 8.63%, 0, 0, 3, 2376.60, 5656, 3740465
1603106060, 0, 617, 1702, 1646, 130, 8.63%, 0, 0, 3, 2424.44, 5656, 3753043
1603106065, 0, 642, 1704, 1647, 130, 8.63%, 0, 0, 3, 219.63, 5657, 3754343
1603106096, 0, 642, 1706, 1649, 130, 8.64%, 0, 0, 3, 3.94, 5663, 3755467
1603106101, 0, 642, 1714, 1657, 130, 8.67%, 0, 0, 3, 12.79, 5683, 3755544
1603106106, 0, 642, 1721, 1664, 130, 8.73%, 0, 0, 3, 20.62, 5719, 3755626
1603106111, 0, 642, 1722, 1665, 130, 8.73%, 0, 0, 3, 54.26, 5720, 3756223
1603106132, 0, 642, 1723, 1666, 130, 8.73%, 0, 0, 3, 35.51, 5720, 3757378
1603106157, 0, 642, 1724, 1667, 130, 8.73%, 0, 0, 3, 5.12, 5720, 3758339
1603106163, 0, 642, 1737, 1680, 130, 8.74%, 0, 0, 3, 131.36, 5726, 3758753
1603106183, 0, 642, 1738, 1681, 130, 8.74%, 0, 0, 3, 35.81, 5726, 3760106
1603106214, 0, 642, 1742, 1685, 130, 8.74%, 0, 0, 3, 11.96, 5726, 3761228
1603106219, 0, 642, 1744, 1687, 130, 8.74%, 0, 0, 3, 44.54, 5726, 3761807
1603106235, 0, 642, 1745, 1688, 130, 8.74%, 0, 0, 3, 5.12, 5726, 3762809
1603106240, 0, 642, 1746, 1689, 130, 8.74%, 0, 0, 3, 126.93, 5726, 3763006
1603106245, 0, 642, 1747, 1690, 130, 8.74%, 0, 0, 3, 36.31, 5727, 3763734
1603106425, 0, 642, 1758, 1701, 130, 8.74%, 0, 0, 3, 34.90, 5727, 3771058
1603106430, 0, 642, 1762, 1705, 130, 8.74%, 0, 0, 3, 4.75, 5727, 3771096
1603106435, 0, 642, 1771, 1714, 130, 8.74%, 0, 0, 3, 32.06, 5727, 3771262
1603106440, 0, 642, 1774, 1717, 130, 8.74%, 0, 0, 3, 35.98, 5727, 3771392
1603106445, 0, 642, 1775, 1718, 130, 8.77%, 0, 0, 3, 35.14, 5746, 3771900
1603106563, 0, 642, 1778, 1721, 130, 8.77%, 0, 0, 3, 32.36, 5746, 3803728
1603106584, 0, 642, 1779, 1722, 130, 8.77%, 0, 0, 3, 48.91, 5746, 3806326
1603106702, 0, 642, 1780, 1723, 130, 8.77%, 0, 0, 3, 82.48, 5746, 3820795
1603106784, 0, 643, 1780, 1722, 139, 8.77%, 0, 0, 3, 35.51, 5746, 3827599
1603106825, 0, 643, 1783, 1725, 139, 8.77%, 0, 0, 3, 44.82, 5746, 3829935
1603106912, 0, 643, 1785, 1727, 139, 8.77%, 0, 0, 3, 39.75, 5746, 3834894
1603107398, 0, 686, 1785, 1726, 138, 8.77%, 0, 0, 3, 30.37, 5746, 3897014
1603107582, 0, 686, 1786, 1727, 138, 8.77%, 0, 0, 3, 340.25, 5746, 3902654
1603107715, 0, 686, 1787, 1728, 138, 8.77%, 0, 0, 3, 28.04, 5746, 3906787
1603107725, 0, 686, 1788, 1729, 138, 8.77%, 0, 0, 3, 27.02, 5746, 3907304
1603108502, 0, 686, 1789, 1730, 138, 8.77%, 0, 0, 3, 35.81, 5746, 3945777
1603108706, 0, 686, 1790, 1731, 138, 8.77%, 0, 0, 3, 40.71, 5746, 3967226
1603108757, 0, 686, 1791, 1732, 138, 8.77%, 0, 0, 3, 138.28, 5746, 3969428
1603109110, 0, 700, 1791, 1731, 138, 8.77%, 0, 0, 3, 607.78, 5746, 3997126
1603109155, 0, 701, 1791, 1730, 137, 8.77%, 0, 0, 3, 2281.34, 5746, 4102622
1603109196, 0, 726, 1791, 1729, 136, 8.77%, 0, 0, 3, 2237.09, 5746, 4196096
1603109201, 0, 726, 1807, 1745, 136, 8.77%, 0, 0, 3, 1934.89, 5746, 4205403
1603109206, 0, 726, 1809, 1747, 136, 8.77%, 0, 0, 3, 1723.15, 5746, 4213959
1603109211, 0, 726, 1822, 1760, 136, 8.78%, 0, 0, 3, 2081.74, 5756, 4224955
1603109216, 0, 726, 1823, 1761, 136, 8.78%, 0, 0, 3, 2311.44, 5756, 4236042
1603109221, 0, 726, 1824, 1762, 136, 8.78%, 0, 0, 3, 2423.42, 5756, 4248521
1603109246, 0, 727, 1826, 1763, 136, 8.78%, 0, 0, 3, 2672.04, 5756, 4308095
1603109256, 0, 737, 1826, 1762, 136, 8.78%, 0, 0, 3, 285.94, 5756, 4335910
1603109262, 0, 737, 1827, 1763, 136, 8.78%, 0, 0, 3, 22.87, 5756, 4336037
1603109287, 0, 737, 1829, 1765, 136, 8.78%, 0, 0, 3, 15.95, 5756, 4336478
1603109486, 0, 737, 1830, 1766, 136, 8.78%, 0, 0, 3, 16.42, 5756, 4342662
1603109502, 0, 737, 1831, 1767, 136, 8.78%, 0, 0, 3, 15.54, 5756, 4342940
1603109793, 0, 737, 1833, 1769, 136, 8.78%, 0, 0, 3, 15.53, 5756, 4350554
1603109886, 0, 737, 1835, 1771, 136, 8.78%, 0, 0, 3, 16.53, 5756, 4352060
1603110118, 0, 737, 1837, 1773, 136, 8.78%, 0, 0, 3, 26.89, 5756, 4360263
1603110123, 0, 737, 1838, 1774, 136, 8.78%, 0, 0, 3, 33.07, 5756, 4360436
1603110179, 0, 737, 1839, 1775, 136, 8.78%, 0, 0, 3, 27.57, 5756, 4365238
1603110245, 0, 737, 1840, 1776, 136, 8.78%, 0, 0, 3, 28.55, 5756, 4367796
1603110312, 0, 737, 1841, 1777, 136, 8.78%, 0, 0, 3, 24.45, 5756, 4369555
1603110476, 0, 737, 1842, 1778, 136, 8.78%, 0, 0, 3, 36.67, 5756, 4398288
1603110512, 0, 737, 1843, 1779, 136, 8.78%, 0, 0, 3, 58.11, 5756, 4399416
1603110527, 0, 737, 1844, 1780, 136, 8.78%, 0, 0, 3, 18.74, 5756, 4400519
1603110569, 0, 737, 1845, 1781, 136, 8.78%, 0, 0, 3, 12.85, 5756, 4405314
1603110574, 0, 737, 1846, 1782, 136, 8.78%, 0, 0, 3, 18.91, 5756, 4405636
1603110594, 0, 737, 1847, 1783, 136, 8.78%, 0, 0, 3, 24.79, 5756, 4406376
1603110717, 0, 737, 1848, 1784, 136, 8.78%, 0, 0, 3, 30.64, 5756, 4419708
1603110722, 0, 737, 1849, 1785, 136, 8.78%, 0, 0, 3, 37.39, 5756, 4419902
1603110881, 0, 737, 1850, 1786, 136, 8.78%, 0, 0, 3, 16.86, 5756, 4427727
1603111010, 0, 741, 1850, 1785, 137, 8.78%, 0, 0, 3, 2023.52, 5756, 4443235
1603111045, 0, 779, 1850, 1784, 136, 8.78%, 0, 0, 3, 20.19, 5756, 4516969
1603111112, 0, 779, 1851, 1785, 136, 8.78%, 0, 0, 3, 905.25, 5756, 4518728
1603111333, 0, 779, 1852, 1786, 136, 8.78%, 0, 0, 3, 28.44, 5756, 4526013
1603111853, 0, 779, 1855, 1789, 136, 8.78%, 0, 0, 3, 14.02, 5756, 4540736
1603111858, 0, 779, 1857, 1791, 136, 8.78%, 0, 0, 3, 502.09, 5756, 4541105
1603111863, 0, 779, 1858, 1792, 136, 8.78%, 0, 0, 3, 33.55, 5756, 4541277
1603112456, 0, 779, 1859, 1793, 136, 8.78%, 0, 0, 3, 37.99, 5756, 4598702
1603112527, 0, 779, 1860, 1794, 136, 8.78%, 0, 0, 3, 17.34, 5756, 4602506
1603112789, 0, 824, 1860, 1793, 135, 8.78%, 0, 0, 3, 32.08, 5756, 4617202
1603112840, 0, 824, 1861, 1794, 135, 8.78%, 0, 0, 3, 45.62, 5756, 4619425
1603113419, 0, 824, 1862, 1795, 135, 8.78%, 0, 0, 3, 32.76, 5756, 4644456
1603113650, 0, 824, 1863, 1796, 135, 8.78%, 0, 0, 3, 2304.22, 5756, 4665915
1603113757, 0, 824, 1864, 1797, 135, 8.78%, 0, 0, 3, 63.34, 5756, 4680732
1603114172, 0, 824, 1865, 1798, 135, 8.78%, 0, 0, 3, 50.71, 5756, 4716862
1603114177, 0, 828, 1865, 1797, 134, 8.78%, 0, 0, 3, 1550.56, 5756, 4722346
1603114192, 0, 829, 1865, 1796, 133, 8.78%, 0, 0, 3, 33.11, 5756, 4758768
1603115016, 0, 829, 1866, 1797, 133, 8.78%, 0, 0, 3, 43.64, 5756, 4786195
1603115324, 0, 829, 1867, 1798, 133, 8.78%, 0, 0, 3, 26.44, 5757, 4819765
1603115876, 0, 861, 1875, 1805, 133, 8.78%, 0, 0, 3, 1703.14, 5757, 4865865
1603115881, 0, 861, 1876, 1806, 133, 8.78%, 0, 0, 3, 1877.30, 5757, 4875703
1603115886, 0, 861, 1893, 1823, 133, 8.83%, 0, 0, 3, 2166.04, 5788, 4887008
1603115891, 0, 861, 1894, 1824, 133, 8.83%, 0, 0, 3, 2396.36, 5788, 4898374
1603115916, 0, 862, 1895, 1824, 135, 8.83%, 0, 0, 3, 2118.62, 5788, 4957590
1603115922, 0, 862, 1896, 1825, 135, 8.83%, 0, 0, 3, 2043.53, 5788, 4967633
1603115932, 0, 862, 1900, 1829, 135, 8.83%, 0, 0, 3, 2026.44, 5788, 4987185
1603115962, 0, 872, 1900, 1828, 135, 8.83%, 0, 0, 3, 2233.40, 5788, 5057762
1603116003, 0, 875, 1900, 1827, 134, 8.83%, 0, 0, 3, 2350.16, 5788, 5157528
1603116023, 0, 876, 1900, 1826, 133, 8.83%, 0, 0, 3, 2598.89, 5788, 5211980
1603116033, 0, 876, 1901, 1827, 133, 8.84%, 0, 0, 3, 2706.97, 5792, 5240490
1603116039, 0, 877, 1901, 1826, 133, 8.84%, 0, 0, 3, 2560.14, 5792, 5253631
1603116054, 0, 900, 1901, 1825, 132, 8.84%, 0, 0, 3, 51.42, 5792, 5282814
1603116064, 0, 900, 1902, 1826, 132, 8.84%, 0, 0, 3, 19.91, 5792, 5283033
1603116320, 0, 900, 1903, 1827, 132, 8.84%, 0, 0, 3, 25.61, 5792, 5292021
1603116357, 0, 900, 1904, 1828, 132, 8.84%, 0, 0, 3, 33.61, 5792, 5293502
1603116769, 0, 900, 1905, 1829, 132, 8.84%, 0, 0, 3, 35.22, 5792, 5306828
1603116775, 0, 900, 1906, 1830, 132, 8.84%, 0, 0, 3, 29.63, 5792, 5307081
1603116780, 0, 900, 1908, 1832, 132, 8.84%, 0, 0, 3, 23.36, 5792, 5307214
1603117398, 0, 900, 1909, 1833, 132, 8.84%, 0, 0, 3, 46.57, 5792, 5367659
1603117599, 0, 900, 1910, 1834, 132, 8.84%, 0, 0, 3, 810.00, 5792, 5378773
1603117624, 0, 900, 1911, 1835, 132, 8.84%, 0, 0, 3, 21.38, 5792, 5381909
1603117635, 0, 900, 1912, 1836, 132, 8.84%, 0, 0, 3, 16.36, 5792, 5382453
1603117640, 0, 903, 1912, 1835, 131, 8.84%, 0, 0, 3, 42.76, 5792, 5382848
1603117851, 0, 903, 1913, 1836, 131, 8.84%, 0, 0, 3, 18.74, 5792, 5389940
1603117929, 0, 903, 1914, 1837, 131, 8.84%, 0, 0, 3, 26.24, 5792, 5393230
1603118037, 0, 903, 1914, 1837, 131, 8.84%, 1, 0, 3, 17.89, 5792, 5396384
1603118073, 0, 903, 1915, 1838, 131, 8.84%, 1, 0, 3, 17.05, 5792, 5397083
1603118357, 0, 903, 1916, 1839, 131, 8.84%, 1, 0, 3, 15.50, 5792, 5410023
1603118362, 0, 903, 1917, 1840, 131, 8.84%, 1, 0, 3, 41.17, 5792, 5410342
1603118485, 0, 903, 1918, 1841, 131, 8.84%, 1, 0, 3, 169.74, 5794, 5414590
1603119174, 0, 903, 1919, 1842, 131, 8.84%, 1, 0, 3, 13.26, 5794, 5482228
1603119189, 0, 908, 1920, 1842, 130, 8.84%, 1, 0, 3, 24.66, 5794, 5483120
1603119199, 0, 908, 1922, 1844, 130, 8.84%, 1, 0, 3, 14.85, 5794, 5483308
1603119204, 0, 908, 1923, 1845, 130, 8.84%, 1, 0, 3, 14.93, 5794, 5483384
1603119271, 0, 908, 1925, 1847, 130, 8.84%, 1, 0, 3, 14.98, 5794, 5484912
1603119286, 0, 908, 1926, 1848, 130, 8.84%, 1, 0, 3, 17.71, 5794, 5485682
1603119301, 0, 908, 1927, 1849, 130, 8.84%, 1, 0, 3, 26.48, 5794, 5486050
1603119306, 0, 908, 1928, 1850, 130, 8.84%, 1, 0, 3, 19.62, 5794, 5486137
1603119332, 0, 908, 1930, 1852, 130, 8.84%, 1, 0, 3, 14.22, 5794, 5486673
1603119414, 0, 908, 1931, 1853, 130, 8.84%, 1, 0, 3, 20.12, 5794, 5489030
1603119429, 0, 908, 1932, 1854, 130, 8.84%, 1, 0, 3, 24.68, 5794, 5489440
1603119444, 0, 908, 1933, 1855, 130, 8.84%, 1, 0, 3, 14.44, 5794, 5489829
1603119454, 0, 908, 1934, 1856, 130, 8.84%, 1, 0, 3, 15.68, 5794, 5490022
1603119490, 0, 908, 1935, 1857, 130, 8.84%, 1, 0, 3, 14.86, 5794, 5490590
1603119541, 0, 908, 1936, 1858, 130, 8.84%, 1, 0, 3, 28.37, 5794, 5492605
1603119572, 0, 908, 1938, 1860, 130, 8.84%, 1, 0, 3, 15.10, 5794, 5493885
1603119649, 0, 908, 1939, 1861, 130, 8.84%, 1, 0, 3, 15.01, 5794, 5495837
1603119710, 0, 908, 1940, 1862, 130, 8.84%, 1, 0, 3, 15.24, 5794, 5496737
1603119751, 0, 908, 1941, 1863, 130, 8.84%, 1, 0, 3, 13.69, 5794, 5497310
1603120149, 0, 908, 1944, 1866, 130, 8.84%, 1, 0, 3, 30.12, 5794, 5507124
1603120180, 0, 908, 1945, 1867, 130, 8.84%, 1, 0, 3, 21.57, 5794, 5511484
1603120185, 0, 908, 1946, 1868, 130, 8.84%, 1, 0, 3, 22.75, 5794, 5511594
1603120210, 0, 908, 1948, 1870, 130, 8.84%, 1, 0, 3, 15.37, 5794, 5512091
1603120216, 0, 908, 1949, 1871, 130, 8.84%, 1, 0, 3, 15.83, 5794, 5512172
1603120267, 0, 908, 1950, 1872, 130, 8.84%, 1, 0, 3, 28.35, 5794, 5513382
1603120292, 0, 908, 1952, 1874, 130, 8.84%, 1, 0, 3, 20.05, 5794, 5514053
1603120333, 0, 908, 1953, 1875, 130, 8.84%, 1, 0, 3, 17.58, 5794, 5515376
1603120497, 0, 908, 1954, 1876, 130, 8.84%, 1, 0, 3, 27.13, 5794, 5533402
1603120502, 0, 908, 1955, 1877, 130, 8.84%, 1, 0, 3, 24.49, 5794, 5533531
1603120574, 0, 908, 1956, 1878, 130, 8.84%, 1, 0, 3, 31.07, 5794, 5545761
1603120609, 0, 908, 1958, 1880, 130, 8.84%, 1, 0, 3, 63.93, 5794, 5546815
1603120614, 0, 908, 1959, 1881, 130, 8.84%, 1, 0, 3, 56.20, 5794, 5547082
1603120650, 0, 908, 1960, 1882, 130, 8.84%, 1, 0, 3, 30.98, 5794, 5551454
1603120655, 0, 908, 1961, 1883, 130, 8.84%, 1, 0, 3, 27.32, 5794, 5551583
1603120686, 0, 908, 1962, 1884, 130, 8.84%, 1, 0, 3, 22.35, 5794, 5553027
1603120752, 0, 908, 1965, 1887, 130, 8.84%, 1, 0, 3, 20.28, 5794, 5555319
1603120762, 0, 908, 1966, 1888, 130, 8.84%, 1, 0, 3, 69.73, 5794, 5556056
1603120859, 0, 908, 1968, 1890, 130, 8.84%, 1, 0, 3, 53.53, 5794, 5568409
1603120890, 0, 908, 1969, 1891, 130, 8.84%, 1, 0, 3, 15.78, 5794, 5569397
1603121110, 0, 908, 1970, 1892, 130, 8.84%, 1, 0, 3, 1601.69, 5794, 5579929
1603121151, 0, 908, 1971, 1893, 130, 8.84%, 1, 0, 3, 12.45, 5794, 5583150
1603121156, 0, 908, 1972, 1894, 130, 8.84%, 1, 0, 3, 155.38, 5794, 5583425
1603121161, 0, 925, 1972, 1893, 130, 8.84%, 1, 0, 3, 18.73, 5794, 5583793
1603122128, 0, 925, 1973, 1894, 130, 8.84%, 1, 0, 3, 22.16, 5796, 5612908
1603122406, 0, 925, 1974, 1895, 130, 8.84%, 1, 0, 3, 18.24, 5796, 5644674
1603123027, 0, 940, 1974, 1894, 130, 8.84%, 1, 0, 3, 45.70, 5796, 5683865
1603123038, 0, 940, 1975, 1895, 130, 8.84%, 1, 0, 3, 16.94, 5796, 5684086
1603123073, 0, 940, 1976, 1896, 130, 8.84%, 1, 0, 3, 18.04, 5796, 5684783
1603123309, 0, 940, 1977, 1897, 130, 8.84%, 1, 0, 3, 32.41, 5796, 5693487
1603123779, 0, 940, 1978, 1898, 130, 8.84%, 1, 0, 3, 52.23, 5796, 5708324
1603124132, 0, 940, 1979, 1899, 130, 8.84%, 1, 0, 3, 56.51, 5796, 5747351
1603124184, 0, 940, 1980, 1900, 130, 8.84%, 1, 0, 3, 42.03, 5796, 5753206
1603124256, 0, 940, 1981, 1901, 130, 8.84%, 1, 0, 3, 138.23, 5796, 5758218
1603124425, 0, 940, 1982, 1902, 130, 8.84%, 1, 0, 3, 40.70, 5796, 5774241
1603124563, 0, 941, 1982, 1901, 130, 8.84%, 1, 0, 3, 46.46, 5796, 5783968
1603124837, 0, 941, 1983, 1902, 130, 8.85%, 1, 0, 3, 28.31, 5799, 5793045
1603125370, 0, 941, 1985, 1904, 130, 8.85%, 1, 0, 3, 25.90, 5799, 5812156
1603126134, 0, 947, 1985, 1903, 130, 8.85%, 1, 0, 3, 751.86, 5799, 5883933
1603126862, 0, 947, 1986, 1904, 130, 8.85%, 1, 0, 3, 557.31, 5799, 5908034
1603127492, 0, 947, 1987, 1905, 130, 8.85%, 1, 0, 3, 16.03, 5799, 5969758
1603127712, 0, 970, 1987, 1904, 129, 8.85%, 1, 0, 3, 35.13, 5799, 5984196
1603128754, 0, 970, 1988, 1905, 129, 8.85%, 1, 0, 3, 101.45, 5799, 6048561
1603129166, 0, 974, 1988, 1904, 128, 8.85%, 1, 0, 3, 2257.17, 5799, 6086967
1603129176, 0, 974, 1989, 1905, 128, 8.85%, 1, 0, 3, 2286.61, 5799, 6110778
1603129201, 0, 988, 1989, 1904, 127, 8.85%, 1, 0, 3, 2294.24, 5799, 6169899
1603129242, 0, 1014, 1989, 1902, 125, 8.85%, 1, 0, 3, 2444.55, 5799, 6266636
1603129247, 0, 1014, 1990, 1903, 125, 8.85%, 1, 0, 3, 2345.40, 5799, 6278496
1603129268, 0, 1014, 1991, 1904, 125, 8.85%, 1, 0, 3, 2460.55, 5799, 6326111
1603129273, 0, 1015, 1991, 1903, 125, 8.85%, 1, 0, 3, 2409.61, 5799, 6337662
1603129278, 0, 1018, 1991, 1902, 124, 8.85%, 1, 0, 3, 2809.52, 5799, 6352487
1603129283, 0, 1021, 1991, 1901, 123, 8.85%, 1, 0, 3, 34.01, 5799, 6359967
1603129293, 0, 1021, 1992, 1902, 123, 8.85%, 1, 0, 3, 16.48, 5799, 6360169
1603129324, 0, 1021, 1993, 1903, 123, 8.85%, 1, 0, 3, 15.99, 5799, 6360697
1603129359, 0, 1021, 1994, 1904, 123, 8.85%, 1, 0, 3, 41.54, 5799, 6361855
1603130517, 0, 1021, 1995, 1905, 123, 8.85%, 1, 0, 3, 18.68, 5799, 6421285
1603130767, 0, 1021, 1996, 1906, 123, 8.85%, 1, 0, 3, 55.05, 5799, 6442115
1603130935, 0, 1021, 1997, 1907, 123, 8.85%, 1, 0, 3, 143.96, 5799, 6451210
1603131052, 0, 1021, 1998, 1908, 123, 8.85%, 1, 0, 3, 652.34, 5799, 6455996
1603131098, 0, 1022, 1998, 1907, 124, 8.85%, 1, 0, 3, 15.14, 5799, 6460183
1603131300, 0, 1022, 1999, 1908, 124, 8.85%, 1, 0, 3, 22.54, 5799, 6466089
1603131418, 0, 1022, 2000, 1909, 124, 8.85%, 1, 0, 3, 33.78, 5799, 6469646
1603131969, 0, 1022, 2001, 1910, 124, 8.85%, 1, 0, 3, 36.14, 5799, 6484031
1603132189, 0, 1022, 2002, 1911, 124, 8.85%, 1, 0, 3, 22.68, 5799, 6493738
1603132317, 0, 1022, 2003, 1912, 124, 8.85%, 1, 0, 3, 15.21, 5799, 6521173
1603132908, 0, 1026, 2003, 1911, 124, 8.85%, 1, 0, 3, 1324.92, 5799, 6563924
1603132939, 0, 1027, 2003, 1910, 123, 8.85%, 1, 0, 3, 2335.43, 5799, 6637125
1603132969, 0, 1028, 2003, 1909, 122, 8.85%, 1, 0, 3, 2327.17, 5799, 6708712
1603133000, 0, 1029, 2003, 1908, 121, 8.85%, 1, 0, 3, 2335.13, 5799, 6781861
1603133035, 0, 1030, 2003, 1907, 120, 8.85%, 1, 0, 3, 2354.36, 5799, 6862829
1603133066, 0, 1031, 2003, 1906, 119, 8.85%, 1, 0, 3, 2308.05, 5799, 6934242
1603133076, 0, 1031, 2004, 1907, 119, 8.85%, 1, 0, 3, 2393.66, 5799, 6958180
1603133102, 0, 1059, 2006, 1907, 119, 8.85%, 1, 0, 3, 2581.31, 5800, 7019027
1603133122, 0, 1062, 2006, 1906, 118, 8.85%, 1, 0, 3, 2410.82, 5800, 7072238
1603133153, 0, 1064, 2006, 1905, 117, 8.85%, 1, 0, 3, 2311.79, 5800, 7143419
1603133183, 0, 1066, 2006, 1904, 116, 8.85%, 1, 0, 3, 2375.05, 5800, 7214660
1603133214, 0, 1067, 2006, 1903, 115, 8.85%, 1, 0, 3, 140.96, 5800, 7283432
1603134593, 0, 1067, 2007, 1904, 115, 8.85%, 1, 0, 3, 62.01, 5800, 7365811
1603134895, 0, 1068, 2008, 1904, 116, 8.85%, 1, 0, 3, 1377.93, 5800, 7386000
1603134930, 0, 1102, 2008, 1903, 115, 8.85%, 1, 0, 3, 2475.75, 5800, 7471332
1603134945, 0, 1105, 2009, 1903, 114, 8.85%, 1, 0, 3, 2499.67, 5802, 7511560
1603134966, 0, 1107, 2009, 1902, 114, 8.85%, 1, 0, 3, 2520.51, 5802, 7564845
1603134991, 0, 1111, 2009, 1901, 113, 8.85%, 1, 0, 3, 31.91, 5802, 7626815
1603136387, 0, 1111, 2010, 1902, 113, 8.85%, 1, 0, 3, 37.43, 5802, 7711711
1603136515, 0, 1111, 2011, 1903, 113, 8.85%, 1, 0, 3, 15.35, 5802, 7718630
1603136638, 0, 1111, 2012, 1904, 113, 8.85%, 1, 0, 3, 105.59, 5802, 7726773
1603136644, 0, 1111, 2013, 1905, 113, 8.85%, 1, 0, 3, 31.95, 5802, 7727009
1603136649, 0, 1113, 2013, 1904, 112, 8.85%, 1, 0, 3, 18.14, 5802, 7727403
1603136721, 0, 1113, 2014, 1905, 112, 8.85%, 1, 0, 3, 52.93, 5802, 7729636
1603136983, 0, 1113, 2015, 1906, 112, 8.85%, 1, 0, 3, 35.41, 5802, 7737990
1603138392, 0, 1129, 2015, 1905, 112, 8.85%, 1, 0, 3, 51.59, 5802, 7827677
1603139156, 0, 1129, 2016, 1906, 112, 8.85%, 1, 0, 3, 77.02, 5802, 7851900
1603140003, 0, 1129, 2017, 1907, 112, 8.85%, 1, 0, 3, 43.19, 5802, 7927615
1603140008, 0, 1145, 2018, 1907, 111, 8.85%, 1, 0, 3, 2611.65, 5802, 7930453
1603140023, 0, 1149, 2018, 1906, 110, 8.85%, 1, 0, 3, 211.38, 5802, 7969378
1603140125, 0, 1149, 2019, 1907, 110, 8.86%, 1, 0, 3, 40.69, 5807, 7974856
1603140459, 0, 1149, 2020, 1908, 110, 8.87%, 1, 0, 3, 35.46, 5812, 8007434
1603140618, 0, 1149, 2021, 1909, 110, 8.87%, 1, 0, 3, 40.25, 5813, 8035100
1603140711, 0, 1158, 2021, 1908, 110, 8.87%, 1, 0, 3, 1906.75, 5813, 8050867
1603140752, 0, 1166, 2022, 1908, 109, 8.87%, 1, 0, 3, 63.75, 5814, 8142666
1603141008, 0, 1166, 2023, 1909, 109, 8.87%, 1, 0, 3, 18.05, 5814, 8151762
1603141553, 0, 1166, 2024, 1910, 109, 8.87%, 1, 0, 3, 21.98, 5814, 8172418
1603142247, 0, 1166, 2026, 1912, 109, 8.87%, 1, 0, 3, 15.75, 5814, 8235589
1603142325, 0, 1176, 2026, 1911, 109, 8.87%, 1, 0, 3, 614.35, 5814, 8243018
1603142330, 0, 1176, 2027, 1912, 109, 8.87%, 1, 0, 3, 14.60, 5814, 8243285
1603142340, 0, 1176, 2028, 1913, 109, 8.87%, 1, 0, 3, 17.24, 5814, 8243486
1603143271, 0, 1176, 2029, 1914, 109, 8.87%, 1, 0, 3, 91.13, 5814, 8267578
1603143399, 0, 1176, 2030, 1915, 109, 8.87%, 1, 0, 3, 22.94, 5814, 8274121
1603143640, 0, 1176, 2031, 1916, 109, 8.87%, 1, 0, 3, 14.87, 5816, 8293830
1603143701, 0, 1176, 2032, 1917, 109, 8.87%, 1, 0, 3, 17.87, 5816, 8305042
1603143855, 0, 1176, 2033, 1918, 109, 8.87%, 1, 0, 3, 20.27, 5816, 8314141
1603144070, 0, 1176, 2034, 1919, 109, 8.87%, 1, 0, 3, 14.82, 5816, 8329619
1603144193, 0, 1176, 2037, 1922, 109, 8.88%, 1, 0, 3, 24.11, 5819, 8335178
1603144372, 0, 1179, 2037, 1921, 112, 8.88%, 1, 0, 3, 2460.00, 5819, 8344685
1603144413, 0, 1179, 2038, 1922, 112, 8.88%, 1, 0, 3, 2457.26, 5819, 8413720
1603144434, 0, 1184, 2039, 1922, 112, 8.88%, 1, 0, 3, 2712.01, 5819, 8452256
1603144439, 0, 1189, 2039, 1921, 111, 8.88%, 1, 0, 3, 2932.05, 5819, 8467288
1603144449, 0, 1199, 2039, 1920, 110, 8.88%, 1, 0, 3, 2678.39, 5819, 8495432
1603144454, 0, 1200, 2039, 1919, 109, 8.88%, 1, 0, 3, 2794.54, 5819, 8509312
1603144459, 0, 1206, 2039, 1918, 108, 8.88%, 1, 0, 3, 2759.97, 5819, 8522884
1603144469, 0, 1207, 2039, 1917, 107, 8.88%, 1, 0, 3, 2739.29, 5819, 8551324
1603144479, 0, 1208, 2039, 1916, 106, 8.88%, 1, 0, 3, 2669.31, 5819, 8578263
1603144490, 0, 1210, 2039, 1915, 105, 8.88%, 1, 0, 3, 2691.39, 5819, 8605697
1603144495, 0, 1210, 2040, 1916, 105, 8.88%, 1, 0, 3, 2797.05, 5819, 8620371
1603144500, 0, 1212, 2044, 1919, 105, 8.89%, 1, 0, 3, 2625.45, 5823, 8633702
1603144510, 0, 1213, 2047, 1921, 105, 8.89%, 1, 0, 3, 2532.07, 5823, 8655372
1603144520, 0, 1215, 2052, 1925, 104, 8.89%, 1, 0, 3, 2571.86, 5823, 8678740
1603144525, 0, 1215, 2053, 1926, 104, 8.89%, 1, 0, 3, 2601.06, 5823, 8691621
1603144536, 0, 1216, 2054, 1926, 104, 8.89%, 1, 0, 3, 2582.57, 5823, 8714397
1603144546, 0, 1221, 2054, 1925, 103, 8.89%, 1, 0, 3, 2593.00, 5823, 8737066
1603144561, 0, 1226, 2054, 1924, 102, 8.89%, 1, 0, 3, 36.11, 5823, 8762422
1603144592, 0, 1226, 2055, 1925, 102, 8.89%, 1, 0, 3, 45.07, 5823, 8764128
1603144837, 0, 1227, 2055, 1924, 101, 8.89%, 1, 0, 3, 2015.42, 5823, 8792123
1603144843, 0, 1227, 2061, 1930, 101, 8.89%, 1, 0, 3, 2390.02, 5823, 8805647
1603144848, 0, 1227, 2062, 1931, 101, 8.89%, 1, 0, 3, 2681.56, 5823, 8817216
1603144853, 0, 1228, 2062, 1930, 101, 8.89%, 1, 0, 3, 2685.84, 5823, 8830507
1603144864, 0, 1229, 2064, 1931, 100, 8.89%, 1, 0, 3, 2635.20, 5823, 8858160
1603144869, 0, 1229, 2065, 1932, 100, 8.89%, 1, 0, 3, 2726.39, 5823, 8868093
1603144874, 0, 1232, 2066, 1932, 99, 8.89%, 1, 0, 3, 2578.58, 5823, 8881190
1603144879, 0, 1232, 2068, 1934, 99, 8.89%, 1, 0, 3, 1637.42, 5823, 8892221
1603144889, 0, 1235, 2074, 1939, 99, 8.89%, 1, 0, 3, 2589.85, 5823, 8917167
1603144894, 0, 1235, 2075, 1940, 99, 8.89%, 1, 0, 3, 2804.87, 5823, 8926989
1603144899, 0, 1237, 2075, 1939, 98, 8.89%, 1, 0, 3, 2582.38, 5823, 8939685
1603144905, 0, 1237, 2076, 1940, 98, 8.89%, 1, 0, 3, 39.29, 5823, 8950588
1603144910, 0, 1239, 2079, 1942, 98, 8.89%, 1, 0, 3, 2717.99, 5823, 8964290
1603144915, 0, 1242, 2083, 1943, 98, 8.89%, 1, 0, 3, 2897.89, 5826, 8979644
1603144930, 0, 1247, 2083, 1941, 96, 8.89%, 1, 0, 3, 36.37, 5826, 9011989
1603144966, 0, 1247, 2084, 1942, 96, 8.89%, 1, 0, 4, 60.17, 5826, 9013786
1603145012, 0, 1247, 2085, 1943, 96, 8.89%, 1, 0, 4, 44.65, 5826, 9015941
1603145618, 0, 1250, 2085, 1942, 95, 8.89%, 1, 0, 4, 2796.29, 5826, 9095414
1603145623, 0, 1251, 2085, 1941, 94, 8.89%, 1, 0, 4, 2379.51, 5826, 9106984
1603145663, 0, 1271, 2085, 1940, 93, 8.89%, 1, 0, 4, 34.07, 5826, 9197604
1603145674, 0, 1271, 2087, 1942, 93, 8.89%, 1, 0, 4, 19.41, 5826, 9197844
1603145725, 0, 1271, 2088, 1943, 93, 8.89%, 1, 0, 4, 25.64, 5826, 9199971
1603145740, 0, 1271, 2089, 1944, 93, 8.89%, 1, 0, 4, 27.31, 5826, 9200368
1603145817, 0, 1271, 2091, 1946, 93, 8.89%, 1, 0, 4, 385.00, 5826, 9203281
1603145827, 0, 1271, 2092, 1947, 93, 8.89%, 1, 0, 4, 28.82, 5826, 9203569
1603145858, 0, 1271, 2093, 1948, 93, 8.89%, 1, 0, 4, 20.24, 5826, 9204535
1603145934, 0, 1271, 2095, 1950, 93, 8.89%, 1, 0, 4, 24.06, 5826, 9207837
1603145945, 0, 1271, 2096, 1951, 93, 8.89%, 1, 0, 4, 24.74, 5826, 9208679
1603145950, 0, 1271, 2097, 1952, 93, 8.89%, 1, 0, 4, 21.27, 5826, 9208942
1603146021, 0, 1271, 2099, 1954, 93, 8.89%, 1, 0, 4, 19.93, 5826, 9210738
1603146353, 0, 1271, 2100, 1955, 93, 8.89%, 1, 0, 4, 571.78, 5826, 9221748
1603146358, 0, 1271, 2101, 1956, 93, 8.89%, 1, 0, 4, 51.25, 5826, 9222056
1603146414, 0, 1271, 2102, 1957, 93, 8.89%, 1, 0, 4, 20.55, 5826, 9226791
1603146860, 0, 1271, 2103, 1958, 93, 8.89%, 1, 0, 4, 48.60, 5826, 9279467
1603146992, 0, 1271, 2104, 1959, 93, 8.89%, 1, 0, 4, 178.59, 5826, 9288530
1603147023, 0, 1271, 2105, 1960, 93, 8.89%, 1, 0, 4, 22.44, 5826, 9289555
1603147116, 0, 1271, 2106, 1961, 93, 8.89%, 1, 0, 4, 20.31, 5826, 9297191
1603147131, 0, 1274, 2106, 1960, 93, 8.89%, 1, 0, 4, 31.88, 5826, 9298272
1603147172, 0, 1274, 2107, 1961, 93, 8.89%, 1, 0, 4, 15.49, 5826, 9298993
1603147443, 0, 1274, 2108, 1962, 93, 8.89%, 1, 0, 4, 25.89, 5826, 9307501
1603148940, 0, 1293, 2109, 1962, 93, 8.89%, 1, 0, 4, 42.33, 5826, 9398692
1603149180, 0, 1293, 2110, 1963, 93, 8.89%, 1, 0, 4, 29.51, 5826, 9407714
1603149617, 0, 1293, 2112, 1965, 93, 8.89%, 1, 0, 4, 282.87, 5826, 9422505
1603149637, 0, 1293, 2113, 1966, 93, 8.89%, 1, 0, 4, 20.93, 5826, 9426553
1603149648, 0, 1293, 2114, 1967, 93, 8.89%, 1, 0, 4, 29.76, 5826, 9426857
1603149658, 0, 1293, 2115, 1968, 93, 8.89%, 1, 0, 4, 25.21, 5826, 9427143
1603149663, 0, 1293, 2116, 1969, 93, 8.89%, 1, 0, 4, 25.05, 5826, 9427280
1603150073, 0, 1293, 2117, 1970, 93, 8.89%, 1, 0, 4, 157.06, 5826, 9469974
1603150099, 0, 1293, 2118, 1971, 93, 8.89%, 1, 0, 4, 49.15, 5826, 9478505
1603150277, 0, 1293, 2119, 1972, 93, 8.89%, 1, 0, 4, 48.21, 5826, 9488383
1603150374, 0, 1293, 2120, 1973, 93, 8.89%, 1, 0, 4, 126.21, 5826, 9493686
1603150420, 0, 1336, 2120, 1972, 92, 8.89%, 1, 0, 4, 2910.41, 5826, 9511684
1603150430, 0, 1337, 2120, 1971, 91, 8.89%, 1, 0, 4, 2920.55, 5826, 9541449
1603150435, 0, 1339, 2120, 1970, 90, 8.89%, 1, 0, 4, 2800.77, 5826, 9555577
1603150460, 0, 1343, 2120, 1969, 89, 8.89%, 1, 0, 4, 2556.69, 5826, 9625313
1603150481, 0, 1344, 2121, 1969, 88, 8.89%, 1, 0, 4, 2772.40, 5826, 9680111
1603150486, 0, 1347, 2123, 1970, 87, 8.89%, 1, 0, 4, 2702.38, 5826, 9694079
1603150506, 0, 1348, 2123, 1969, 86, 8.89%, 1, 0, 4, 2494.30, 5826, 9747243
1603150521, 0, 1348, 2124, 1970, 86, 8.89%, 1, 0, 4, 2709.81, 5826, 9786672
1603150531, 0, 1375, 2124, 1969, 85, 8.89%, 1, 0, 4, 27.14, 5826, 9800050
1603150850, 0, 1375, 2125, 1970, 85, 8.89%, 1, 0, 4, 22.24, 5826, 9809150
1603151481, 0, 1375, 2126, 1971, 85, 8.89%, 1, 0, 4, 20.63, 5826, 9828681
1603152018, 0, 1375, 2128, 1973, 85, 8.89%, 1, 0, 4, 170.96, 5826, 9872915
1603152417, 0, 1418, 2128, 1972, 85, 8.89%, 1, 0, 4, 372.74, 5826, 9900760
1603152432, 0, 1418, 2129, 1973, 85, 8.89%, 1, 0, 4, 14.52, 5826, 9901058
1603152437, 0, 1418, 2130, 1974, 85, 8.89%, 1, 0, 4, 14.14, 5826, 9901129
1603152678, 0, 1418, 2132, 1976, 85, 8.89%, 1, 0, 4, 20.41, 5826, 9907185
1603152683, 0, 1418, 2133, 1977, 85, 8.89%, 1, 0, 4, 23.66, 5826, 9907299
1603152785, 0, 1418, 2134, 1978, 85, 8.89%, 1, 0, 4, 21.38, 5826, 9910011
1603152806, 0, 1418, 2135, 1979, 85, 8.89%, 1, 0, 4, 21.21, 5826, 9910537
1603153442, 0, 1418, 2136, 1980, 85, 8.89%, 1, 0, 4, 97.22, 5826, 9925084
1603153678, 0, 1418, 2137, 1981, 85, 8.89%, 1, 0, 4, 17.68, 5826, 9934383
1603153791, 0, 1418, 2138, 1982, 85, 8.89%, 1, 0, 4, 23.68, 5826, 9950827
1603154072, 0, 1418, 2139, 1983, 85, 8.89%, 1, 0, 4, 83.72, 5826, 9973480
1603154491, 0, 1418, 2141, 1985, 85, 8.89%, 1, 0, 4, 18.15, 5826, 10000628
1603154512, 0, 1451, 2141, 1984, 85, 8.89%, 1, 0, 4, 30.54, 5826, 10001761
1603154522, 0, 1451, 2142, 1985, 85, 8.89%, 1, 0, 4, 16.40, 5826, 10001970
1603154726, 0, 1451, 2143, 1986, 85, 8.89%, 1, 0, 4, 25.58, 5826, 10008210
1603154849, 0, 1451, 2144, 1987, 85, 8.89%, 1, 0, 4, 61.11, 5826, 10012802
1603155346, 0, 1451, 2145, 1988, 85, 8.89%, 1, 0, 4, 37.95, 5826, 10026023
1603155387, 0, 1451, 2146, 1989, 85, 8.89%, 1, 0, 4, 22.26, 5826, 10030357
1603155702, 0, 1451, 2147, 1990, 85, 8.89%, 1, 0, 4, 18.64, 5826, 10063235
1603155892, 0, 1451, 2148, 1991, 85, 8.89%, 1, 0, 4, 54.65, 5827, 10074417
1603156229, 0, 1451, 2149, 1992, 85, 8.90%, 1, 0, 4, 27.84, 5830, 10099382
1603156266, 0, 1452, 2149, 1991, 85, 8.90%, 1, 0, 4, 24.89, 5830, 10102917
1603156963, 0, 1452, 2151, 1993, 85, 8.90%, 1, 0, 4, 28.29, 5830, 10126956
1603157765, 0, 1452, 2152, 1994, 85, 8.90%, 1, 0, 4, 35.18, 5830, 10202817
1603157770, 0, 1452, 2153, 1995, 85, 8.90%, 1, 0, 4, 27.35, 5830, 10202934
1603157785, 0, 1481, 2154, 1995, 84, 8.90%, 1, 0, 4, 72.39, 5830, 10204016
1603158326, 0, 1481, 2155, 1996, 84, 8.90%, 1, 0, 4, 42.43, 5830, 10260995
1603158449, 0, 1482, 2155, 1995, 84, 8.90%, 1, 0, 4, 42.91, 5830, 10270762
1603158956, 0, 1506, 2157, 1996, 83, 8.90%, 1, 0, 4, 541.94, 5830, 10326276
1603159022, 0, 1506, 2158, 1997, 83, 8.90%, 1, 0, 4, 65.98, 5830, 10328270
1603159242, 0, 1506, 2159, 1998, 83, 8.90%, 1, 0, 4, 25.04, 5830, 10335771
1603159349, 0, 1506, 2160, 1999, 83, 8.90%, 1, 0, 4, 14.47, 5830, 10339305
1603159719, 0, 1506, 2160, 1999, 83, 8.90%, 2, 0, 4, 32.48, 5830, 10350272
1603160153, 0, 1506, 2161, 2000, 83, 8.90%, 2, 0, 4, 35.55, 5830, 10394503
1603160332, 0, 1506, 2162, 2001, 83, 8.90%, 2, 0, 4, 22.74, 5830, 10410689
1603160465, 0, 1506, 2163, 2002, 83, 8.90%, 2, 0, 4, 14.00, 5830, 10417928
1603160603, 0, 1539, 2163, 2001, 82, 8.90%, 2, 0, 4, 42.84, 5830, 10427379
1603160613, 0, 1539, 2166, 2004, 82, 8.90%, 2, 0, 4, 24.55, 5830, 10427634
1603160660, 0, 1539, 2167, 2005, 82, 8.90%, 2, 0, 4, 12.64, 5830, 10428957
1603160670, 0, 1539, 2168, 2006, 82, 8.90%, 2, 0, 4, 23.82, 5830, 10429914
1603160675, 0, 1539, 2169, 2007, 82, 8.90%, 2, 0, 4, 24.82, 5830, 10430040
1603160844, 0, 1539, 2170, 2008, 82, 8.90%, 2, 0, 4, 19.97, 5830, 10436439
1603160849, 0, 1539, 2172, 2010, 82, 8.90%, 2, 0, 4, 19.33, 5830, 10436539
1603160859, 0, 1539, 2173, 2011, 82, 8.90%, 2, 0, 4, 34.02, 5830, 10436849
1603160941, 0, 1539, 2174, 2012, 82, 8.90%, 2, 0, 4, 21.19, 5830, 10440104
1603161280, 0, 1539, 2175, 2013, 82, 8.90%, 2, 0, 4, 325.21, 5830, 10449637
1603161285, 0, 1539, 2179, 2017, 82, 8.90%, 2, 0, 4, 57.34, 5830, 10451554
1603161311, 0, 1539, 2180, 2018, 82, 8.90%, 2, 0, 4, 26.34, 5830, 10455688
1603161336, 0, 1539, 2181, 2019, 82, 8.90%, 2, 0, 4, 19.04, 5830, 10456309
1603161342, 0, 1539, 2182, 2020, 82, 8.90%, 2, 0, 4, 18.99, 5830, 10456405
1603161347, 0, 1539, 2183, 2021, 82, 8.90%, 2, 0, 4, 19.72, 5830, 10456501
1603161398, 0, 1539, 2184, 2022, 82, 8.90%, 2, 0, 4, 30.84, 5830, 10457895
1603161408, 0, 1539, 2185, 2023, 82, 8.90%, 2, 0, 4, 30.06, 5830, 10458303
1603161465, 0, 1539, 2186, 2024, 82, 8.90%, 2, 0, 4, 22.42, 5830, 10460323
1603161797, 0, 1539, 2187, 2025, 82, 8.90%, 2, 0, 4, 25.59, 5830, 10508746
1603161803, 0, 1539, 2188, 2026, 82, 8.90%, 2, 0, 4, 5.32, 5830, 10508919
1603161961, 0, 1539, 2189, 2027, 82, 8.90%, 2, 0, 4, 109.49, 5830, 10518727
1603162100, 0, 1558, 2189, 2026, 82, 8.90%, 2, 0, 4, 123.40, 5830, 10528738
1603163304, 0, 1558, 2190, 2027, 82, 8.90%, 2, 0, 4, 38.77, 5830, 10613728
1603163528, 0, 1562, 2190, 2026, 81, 8.90%, 2, 0, 4, 24.46, 5830, 10629616
1603165303, 0, 1562, 2191, 2027, 81, 8.90%, 2, 0, 4, 33.43, 5830, 10714450
1603165645, 0, 1564, 2191, 2026, 81, 8.90%, 2, 0, 4, 40.37, 5830, 10730370
1603165742, 0, 1564, 2192, 2027, 81, 8.90%, 2, 0, 4, 24.80, 5830, 10733670
1603165984, 0, 1564, 2193, 2028, 81, 8.90%, 2, 0, 4, 16.54, 5830, 10742886
1603166352, 0, 1564, 2194, 2029, 81, 8.90%, 2, 0, 4, 44.88, 5830, 10754726
1603167036, 0, 1564, 2195, 2030, 81, 8.90%, 2, 0, 4, 572.55, 5830, 10821023
1603167180, 0, 1577, 2195, 2029, 80, 8.90%, 2, 0, 4, 24.98, 5830, 10831272
