# unix_time, cycles_done, cur_path, paths_total, pending_total, pending_favs, map_size, unique_crashes, unique_hangs, max_depth, execs_per_sec, edge_coverage, total_execs
1606750393, 0, 0, 2, 2, 2, 6.09%, 0, 0, 1, 39.90, 3992, 16
1606750398, 0, 0, 15, 15, 2, 6.30%, 0, 0, 2, 20.14, 4127, 393
1606750403, 0, 0, 26, 26, 2, 6.96%, 0, 0, 2, 17.06, 4559, 596
1606750408, 0, 0, 36, 36, 2, 7.04%, 0, 0, 2, 18.42, 4613, 688
1606750413, 0, 0, 47, 47, 2, 7.19%, 0, 0, 2, 18.31, 4711, 784
1606750418, 0, 0, 57, 57, 2, 7.21%, 0, 0, 2, 18.30, 4725, 874
1606750424, 0, 0, 67, 67, 2, 7.23%, 0, 0, 2, 18.85, 4735, 971
1606750429, 0, 0, 78, 78, 2, 7.23%, 0, 0, 2, 18.51, 4735, 1064
1606750434, 0, 0, 88, 88, 2, 7.23%, 0, 0, 2, 18.78, 4735, 1160
1606750439, 0, 0, 99, 99, 2, 7.23%, 0, 0, 2, 18.60, 4736, 1256
1606750444, 0, 0, 109, 109, 2, 7.23%, 0, 0, 2, 18.70, 4736, 1352
1606750449, 0, 0, 119, 119, 2, 7.23%, 0, 0, 2, 18.32, 4738, 1444
1606750454, 0, 0, 129, 129, 2, 7.23%, 0, 0, 2, 18.15, 4738, 1536
1606750459, 0, 0, 139, 139, 2, 7.23%, 0, 0, 2, 18.29, 4739, 1628
1606750464, 0, 0, 148, 148, 2, 7.23%, 0, 0, 2, 18.53, 4739, 1720
1606750469, 0, 0, 157, 157, 2, 7.24%, 0, 0, 2, 17.86, 4743, 1812
1606750475, 0, 0, 167, 167, 2, 7.24%, 0, 0, 2, 18.12, 4746, 1904
1606750480, 0, 0, 173, 173, 2, 7.24%, 0, 0, 2, 17.79, 4746, 1996
1606750485, 0, 0, 179, 179, 2, 7.24%, 0, 0, 2, 18.93, 4746, 2092
1606750490, 0, 0, 184, 184, 2, 7.24%, 0, 0, 2, 18.66, 4746, 2184
1606750500, 0, 0, 191, 191, 2, 7.25%, 0, 0, 2, 17.07, 4752, 2471
1606750505, 0, 0, 201, 201, 2, 7.27%, 0, 0, 2, 17.95, 4762, 2563
1606750510, 0, 0, 211, 211, 2, 7.27%, 0, 0, 2, 17.83, 4762, 2655
1606750515, 0, 0, 214, 214, 2, 7.27%, 0, 0, 2, 18.77, 4762, 2751
1606750541, 0, 0, 267, 267, 2, 7.48%, 0, 0, 2, 14.98, 4905, 3939
1606750546, 0, 0, 307, 307, 2, 7.59%, 0, 0, 2, 35.75, 4974, 4487
1606750551, 0, 0, 320, 320, 2, 7.60%, 0, 0, 2, 27.41, 4984, 4623
1606750556, 0, 0, 330, 330, 2, 7.61%, 0, 0, 2, 21.56, 4988, 4725
1606750561, 0, 0, 346, 346, 2, 7.61%, 0, 0, 2, 867.47, 4989, 5062
1606750566, 0, 0, 361, 361, 2, 7.65%, 0, 0, 2, 24.43, 5012, 5384
1606750571, 0, 0, 379, 379, 2, 7.73%, 0, 0, 2, 22.92, 5068, 5658
1606750577, 0, 0, 388, 388, 2, 7.73%, 0, 0, 2, 19.88, 5068, 5755
1606750582, 0, 0, 397, 397, 2, 7.73%, 0, 0, 2, 19.48, 5068, 5855
1606750587, 0, 0, 405, 405, 2, 7.73%, 0, 0, 2, 18.50, 5068, 5948
1606750592, 0, 0, 414, 414, 2, 7.73%, 0, 0, 2, 17.24, 5068, 6039
1606750597, 0, 0, 423, 423, 2, 7.74%, 0, 0, 2, 18.01, 5072, 6129
1606750602, 0, 0, 431, 431, 2, 7.74%, 0, 0, 2, 17.27, 5073, 6218
1606750607, 0, 0, 439, 439, 2, 7.74%, 0, 0, 2, 16.81, 5073, 6306
1606750612, 0, 0, 448, 448, 2, 7.75%, 0, 0, 2, 20.55, 5076, 6423
1606750618, 0, 0, 457, 457, 2, 7.75%, 0, 0, 2, 18.95, 5076, 6515
1606750623, 0, 0, 467, 467, 2, 7.77%, 0, 0, 2, 21.45, 5092, 6624
1606750628, 0, 0, 475, 475, 2, 7.77%, 0, 0, 2, 20.36, 5094, 6730
1606750633, 0, 0, 480, 480, 2, 7.78%, 0, 0, 2, 21.22, 5097, 6838
1606750638, 0, 0, 489, 489, 2, 7.78%, 0, 0, 2, 19.91, 5098, 6937
1606750643, 0, 0, 495, 495, 2, 7.78%, 0, 0, 2, 24.86, 5098, 7079
1606750648, 0, 0, 500, 500, 2, 7.78%, 0, 0, 2, 20.85, 5098, 7181
1606750653, 0, 0, 508, 508, 2, 7.78%, 0, 0, 2, 19.95, 5098, 7276
1606750658, 0, 0, 514, 514, 2, 7.78%, 0, 0, 2, 18.86, 5098, 7368
1606750663, 0, 0, 520, 520, 2, 7.80%, 0, 0, 2, 20.72, 5113, 7472
1606750669, 0, 0, 529, 529, 2, 7.81%, 0, 0, 2, 23.02, 5120, 7592
1606750674, 0, 0, 536, 536, 2, 7.81%, 0, 0, 2, 19.04, 5120, 7683
1606750679, 0, 0, 544, 544, 2, 7.81%, 0, 0, 2, 17.86, 5120, 7773
1606750684, 0, 0, 552, 552, 2, 7.81%, 0, 0, 2, 17.65, 5120, 7863
1606750689, 0, 0, 564, 564, 2, 7.87%, 0, 0, 2, 18.03, 5157, 8065
1606750699, 0, 0, 574, 574, 2, 7.87%, 0, 0, 2, 17.09, 5159, 8298
1606750704, 0, 0, 581, 581, 2, 7.87%, 0, 0, 2, 17.23, 5159, 8382
1606750710, 0, 0, 587, 587, 2, 7.87%, 0, 0, 2, 15.97, 5159, 8464
1606750715, 0, 0, 591, 591, 2, 7.87%, 0, 0, 2, 15.24, 5159, 8539
1606750720, 0, 0, 595, 595, 2, 7.87%, 0, 0, 2, 15.42, 5159, 8618
1606750746, 0, 1, 628, 627, 109, 7.91%, 0, 0, 2, 1699.57, 5181, 10280
1606750751, 0, 1, 648, 647, 109, 7.98%, 0, 0, 2, 1602.22, 5231, 17550
1606750756, 0, 1, 649, 648, 109, 8.00%, 0, 0, 2, 18.44, 5241, 23659
1606750761, 0, 1, 655, 654, 109, 8.00%, 0, 0, 2, 1829.38, 5246, 30477
1606750766, 0, 1, 682, 681, 109, 8.06%, 0, 0, 2, 1235.78, 5283, 37399
1606750771, 0, 6, 701, 697, 132, 8.08%, 0, 0, 2, 2262.30, 5295, 50128
1606750776, 0, 8, 701, 696, 131, 8.08%, 0, 0, 2, 12.45, 5295, 52695
1606750812, 0, 11, 702, 696, 130, 8.08%, 0, 0, 3, 1550.00, 5295, 53679
1606750817, 0, 11, 712, 706, 130, 8.09%, 0, 0, 3, 1538.91, 5301, 59902
1606750823, 0, 11, 721, 715, 130, 8.10%, 0, 0, 3, 177.70, 5306, 64500
1606750833, 0, 11, 729, 723, 130, 8.10%, 0, 0, 3, 1452.13, 5306, 71513
1606750838, 0, 11, 736, 730, 130, 8.10%, 0, 0, 3, 1527.80, 5306, 79485
1606750844, 0, 11, 737, 731, 130, 8.10%, 0, 0, 3, 12.34, 5307, 80073
1606750849, 0, 11, 738, 732, 130, 8.10%, 0, 0, 3, 1617.15, 5307, 85971
1606750854, 0, 11, 740, 734, 130, 8.10%, 0, 0, 3, 1617.40, 5307, 94346
1606750859, 0, 11, 751, 745, 130, 8.11%, 0, 0, 3, 110.24, 5318, 96385
1606750864, 0, 11, 766, 760, 130, 8.15%, 0, 0, 3, 12.44, 5344, 102277
1606750874, 0, 11, 767, 761, 130, 8.15%, 0, 0, 3, 1412.32, 5344, 109014
1606750879, 0, 11, 772, 766, 130, 8.15%, 0, 0, 3, 1698.34, 5344, 115808
1606750885, 0, 14, 775, 768, 150, 8.16%, 0, 0, 3, 1529.61, 5347, 122992
1606750890, 0, 17, 775, 767, 149, 8.16%, 0, 0, 3, 1742.31, 5347, 132707
1606750905, 0, 17, 778, 770, 149, 8.16%, 0, 0, 3, 1861.89, 5347, 160889
1606750910, 0, 18, 778, 769, 148, 8.16%, 0, 0, 3, 2038.53, 5347, 171129
1606750920, 0, 20, 778, 768, 147, 8.16%, 0, 0, 3, 2100.75, 5347, 192475
1606750925, 0, 21, 780, 769, 146, 8.16%, 0, 0, 3, 2147.59, 5347, 203261
1606750930, 0, 22, 780, 768, 145, 8.16%, 0, 0, 3, 1666.59, 5347, 210789
1606750976, 0, 22, 782, 770, 145, 8.16%, 0, 0, 3, 1663.27, 5347, 284916
1606750981, 0, 22, 784, 772, 145, 8.16%, 0, 0, 3, 1597.58, 5347, 292764
1606750986, 0, 22, 786, 774, 145, 8.16%, 0, 0, 3, 1553.75, 5347, 300587
1606750991, 0, 23, 787, 774, 144, 8.16%, 0, 0, 3, 12.41, 5347, 301786
1606751027, 0, 25, 787, 773, 143, 8.16%, 0, 0, 3, 12.41, 5347, 302462
1606751058, 0, 29, 787, 772, 143, 8.16%, 0, 0, 3, 13.22, 5347, 303032
1606751094, 0, 64, 787, 771, 142, 8.16%, 0, 0, 3, 12.40, 5347, 303763
1606751124, 0, 65, 787, 770, 141, 8.16%, 0, 0, 3, 392.16, 5347, 304332
1606751160, 0, 112, 787, 769, 140, 8.16%, 0, 0, 3, 23.00, 5347, 305063
1606751181, 0, 112, 790, 772, 140, 8.16%, 0, 0, 3, 14.83, 5347, 305367
1606751186, 0, 112, 792, 774, 140, 8.16%, 0, 0, 3, 15.79, 5347, 305451
1606751196, 0, 112, 793, 775, 140, 8.16%, 0, 0, 3, 16.61, 5347, 305618
1606751206, 0, 112, 795, 777, 140, 8.16%, 0, 0, 3, 14.36, 5347, 305829
1606751211, 0, 112, 797, 779, 140, 8.16%, 0, 0, 3, 16.17, 5347, 305913
1606751242, 0, 112, 802, 784, 140, 8.16%, 0, 0, 3, 17.73, 5347, 307009
1606751247, 0, 112, 808, 790, 140, 8.16%, 0, 0, 3, 23.47, 5347, 307497
1606751252, 0, 112, 811, 793, 140, 8.16%, 0, 0, 3, 18.80, 5347, 307677
1606751257, 0, 112, 816, 798, 140, 8.16%, 0, 0, 3, 18.34, 5347, 307772
1606751263, 0, 112, 821, 803, 140, 8.16%, 0, 0, 3, 17.16, 5347, 307864
1606751268, 0, 112, 824, 806, 140, 8.16%, 0, 0, 3, 20.84, 5347, 307976
1606751273, 0, 112, 830, 812, 140, 8.16%, 0, 0, 3, 20.39, 5347, 308076
1606751278, 0, 112, 833, 815, 140, 8.16%, 0, 0, 3, 21.36, 5347, 308184
1606751283, 0, 112, 834, 816, 140, 8.16%, 0, 0, 3, 29.81, 5347, 308339
1606751288, 0, 112, 835, 817, 140, 8.16%, 0, 0, 3, 22.21, 5347, 308446
1606751299, 0, 112, 838, 820, 140, 8.16%, 0, 0, 3, 19.50, 5347, 308672
1606751304, 0, 112, 839, 821, 140, 8.16%, 0, 0, 3, 19.74, 5347, 308818
1606751309, 0, 112, 840, 822, 140, 8.16%, 0, 0, 3, 14.87, 5347, 308944
1606751314, 0, 112, 844, 826, 140, 8.16%, 0, 0, 3, 15.58, 5347, 309023
1606751319, 0, 112, 846, 828, 140, 8.16%, 0, 0, 3, 15.80, 5347, 309104
1606751324, 0, 112, 848, 830, 140, 8.16%, 0, 0, 3, 16.12, 5347, 309189
1606751334, 0, 112, 849, 831, 140, 8.16%, 0, 0, 3, 17.04, 5347, 309361
1606751375, 0, 112, 857, 839, 140, 8.20%, 0, 0, 3, 21.32, 5371, 310692
1606751381, 0, 112, 862, 844, 140, 8.20%, 0, 0, 3, 728.48, 5373, 311206
1606751386, 0, 112, 868, 850, 140, 8.21%, 0, 0, 3, 22.07, 5381, 311399
1606751391, 0, 112, 873, 855, 140, 8.21%, 0, 0, 3, 22.39, 5381, 311514
1606751396, 0, 112, 880, 862, 140, 8.22%, 0, 0, 3, 17.28, 5388, 311595
1606751401, 0, 112, 884, 866, 140, 8.22%, 0, 0, 3, 17.97, 5388, 311687
1606751406, 0, 112, 888, 870, 140, 8.22%, 0, 0, 3, 20.73, 5388, 311803
1606751411, 0, 112, 891, 873, 140, 8.22%, 0, 0, 3, 22.71, 5388, 311921
1606751416, 0, 112, 895, 877, 140, 8.22%, 0, 0, 3, 30.30, 5388, 312074
1606751421, 0, 112, 900, 882, 140, 8.22%, 0, 0, 3, 26.49, 5388, 312208
1606751426, 0, 112, 904, 886, 140, 8.22%, 0, 0, 3, 21.53, 5388, 312308
1606751431, 0, 112, 908, 890, 140, 8.22%, 0, 0, 3, 26.41, 5388, 312440
1606751436, 0, 112, 913, 895, 140, 8.22%, 0, 0, 3, 20.33, 5388, 312536
1606751442, 0, 112, 917, 899, 140, 8.22%, 0, 0, 3, 21.65, 5388, 312643
1606751447, 0, 112, 918, 900, 140, 8.28%, 0, 0, 3, 17.15, 5427, 312779
1606751452, 0, 112, 920, 902, 140, 8.28%, 0, 0, 3, 16.12, 5427, 312907
1606751457, 0, 112, 923, 905, 140, 8.28%, 0, 0, 3, 16.48, 5427, 312993
1606751462, 0, 112, 925, 907, 140, 8.28%, 0, 0, 3, 16.85, 5427, 313080
1606751467, 0, 112, 927, 909, 140, 8.28%, 0, 0, 3, 16.36, 5427, 313163
1606751472, 0, 112, 930, 912, 140, 8.28%, 0, 0, 3, 15.81, 5427, 313244
1606751487, 0, 112, 931, 913, 140, 8.28%, 0, 0, 3, 14.88, 5427, 313546
1606751518, 0, 112, 937, 919, 140, 8.30%, 0, 0, 3, 21.44, 5442, 314707
1606751523, 0, 112, 941, 923, 140, 8.31%, 0, 0, 3, 27.86, 5445, 315302
1606751528, 0, 112, 944, 926, 140, 8.31%, 0, 0, 3, 22.50, 5445, 315412
1606751533, 0, 112, 951, 933, 140, 8.31%, 0, 0, 3, 18.90, 5445, 315501
1606751539, 0, 112, 953, 935, 140, 8.31%, 0, 0, 3, 24.19, 5445, 315630
1606751544, 0, 112, 958, 940, 140, 8.31%, 0, 0, 3, 23.40, 5445, 315749
1606751549, 0, 112, 962, 944, 140, 8.31%, 0, 0, 3, 29.64, 5445, 315912
1606751554, 0, 112, 963, 945, 140, 8.31%, 0, 0, 3, 29.27, 5445, 316067
1606751559, 0, 112, 968, 950, 140, 8.31%, 0, 0, 3, 23.98, 5445, 316178
1606751564, 0, 112, 973, 955, 140, 8.31%, 0, 0, 3, 23.55, 5445, 316300
1606751569, 0, 112, 975, 957, 140, 8.31%, 0, 0, 3, 29.57, 5445, 316433
1606751574, 0, 112, 977, 959, 140, 8.31%, 0, 0, 3, 21.52, 5445, 316769
1606751579, 0, 112, 980, 962, 140, 8.31%, 0, 0, 3, 24.17, 5445, 316909
1606751585, 0, 112, 985, 967, 140, 8.31%, 0, 0, 3, 28.19, 5446, 317252
1606751590, 0, 112, 989, 971, 140, 8.31%, 0, 0, 3, 27.38, 5446, 317407
1606751595, 0, 112, 995, 977, 140, 8.31%, 0, 0, 3, 32.73, 5446, 317793
1606751600, 0, 112, 998, 980, 140, 8.31%, 0, 0, 3, 17.39, 5446, 318007
1606751605, 0, 112, 999, 981, 140, 8.32%, 0, 0, 3, 17.49, 5454, 318203
1606751651, 0, 112, 1000, 982, 140, 8.32%, 0, 0, 3, 15.96, 5454, 319276
1606751656, 0, 112, 1004, 986, 140, 8.32%, 0, 0, 3, 14.84, 5454, 319350
1606751667, 0, 112, 1006, 988, 140, 8.32%, 0, 0, 3, 15.88, 5454, 319518
1606751677, 0, 112, 1009, 991, 140, 8.32%, 0, 0, 3, 16.28, 5454, 319681
1606751682, 0, 112, 1011, 993, 140, 8.32%, 0, 0, 3, 16.08, 5454, 319766
1606751687, 0, 112, 1012, 994, 140, 8.32%, 0, 0, 3, 16.28, 5454, 319850
1606751693, 0, 112, 1013, 995, 140, 8.32%, 0, 0, 3, 16.17, 5454, 319934
1606751728, 0, 112, 1015, 997, 140, 8.32%, 0, 0, 3, 15.84, 5454, 320520
1606751733, 0, 112, 1018, 1000, 140, 8.32%, 0, 0, 3, 15.93, 5454, 320602
1606751754, 0, 112, 1019, 1001, 140, 8.32%, 0, 0, 3, 15.91, 5454, 320928
1606751759, 0, 112, 1020, 1002, 140, 8.32%, 0, 0, 3, 15.81, 5454, 321007
1606751764, 0, 112, 1021, 1003, 140, 8.32%, 0, 0, 3, 16.50, 5454, 321091
1606751784, 0, 112, 1022, 1004, 140, 8.32%, 0, 0, 3, 15.17, 5454, 321425
1606751881, 0, 112, 1023, 1005, 140, 8.32%, 0, 0, 3, 16.59, 5454, 323369
1606751897, 0, 112, 1024, 1006, 140, 8.32%, 0, 0, 3, 16.49, 5454, 323627
1606752090, 0, 112, 1042, 1024, 140, 8.34%, 0, 0, 3, 1172.08, 5466, 330898
1606752110, 0, 112, 1043, 1025, 140, 8.34%, 0, 0, 3, 563.36, 5466, 332917
1606752116, 0, 112, 1044, 1026, 140, 8.34%, 0, 0, 3, 38.73, 5466, 334450
1606752432, 0, 152, 1044, 1025, 161, 8.34%, 0, 0, 3, 23.04, 5466, 342035
1606752463, 0, 191, 1044, 1024, 160, 8.34%, 0, 0, 3, 110.67, 5466, 342642
1606752498, 0, 199, 1044, 1023, 159, 8.34%, 0, 0, 3, 12.44, 5466, 343345
1606752529, 0, 216, 1046, 1024, 159, 8.35%, 0, 0, 3, 1768.49, 5470, 351070
1606752534, 0, 216, 1047, 1025, 159, 8.35%, 0, 0, 3, 1915.04, 5471, 361171
1606752549, 0, 216, 1048, 1026, 159, 8.35%, 0, 0, 3, 2018.65, 5472, 391680
1606752559, 0, 216, 1049, 1027, 159, 8.35%, 0, 0, 3, 2007.59, 5472, 412202
1606752565, 0, 220, 1050, 1027, 161, 8.35%, 0, 0, 3, 2013.58, 5472, 422330
1606752585, 0, 222, 1050, 1026, 160, 8.35%, 0, 0, 3, 2061.28, 5472, 465370
1606752606, 0, 224, 1050, 1025, 159, 8.35%, 0, 0, 3, 2044.60, 5472, 507184
1606752626, 0, 230, 1050, 1024, 158, 8.35%, 0, 0, 3, 2074.88, 5472, 549758
1606752647, 0, 233, 1050, 1023, 157, 8.35%, 0, 0, 3, 2049.71, 5472, 591172
1606752667, 0, 237, 1051, 1023, 157, 8.35%, 0, 0, 3, 2034.53, 5472, 632725
1606752687, 0, 242, 1051, 1022, 156, 8.35%, 0, 0, 3, 1868.27, 5472, 673673
1606752713, 0, 250, 1051, 1021, 155, 8.35%, 0, 0, 3, 1718.03, 5472, 719685
1606752738, 0, 252, 1051, 1020, 154, 8.35%, 0, 0, 3, 1695.63, 5472, 764541
1606752743, 0, 252, 1052, 1021, 154, 8.35%, 0, 0, 3, 1605.40, 5472, 772400
1606752784, 0, 252, 1054, 1023, 154, 8.35%, 0, 0, 3, 1554.11, 5475, 835293
1606752789, 0, 254, 1054, 1022, 155, 8.35%, 0, 0, 3, 1601.15, 5475, 843643
1606752814, 0, 258, 1054, 1021, 154, 8.35%, 0, 0, 3, 1730.31, 5475, 888897
1606752840, 0, 266, 1054, 1020, 153, 8.35%, 0, 0, 3, 12.45, 5475, 932834
1606752875, 0, 270, 1054, 1019, 152, 8.35%, 0, 0, 3, 1488.16, 5475, 940226
1606752906, 0, 272, 1054, 1018, 151, 8.35%, 0, 0, 3, 1617.98, 5475, 994048
1606752942, 0, 273, 1054, 1017, 150, 8.35%, 0, 0, 3, 1656.84, 5475, 1055232
1606752962, 0, 273, 1056, 1019, 150, 8.35%, 0, 0, 3, 1833.69, 5475, 1091348
1606752972, 0, 274, 1056, 1018, 147, 8.35%, 0, 0, 3, 1669.42, 5475, 1108368
1606752998, 0, 274, 1057, 1019, 147, 8.35%, 0, 0, 3, 1738.20, 5475, 1154514
1606753003, 0, 275, 1058, 1019, 147, 8.36%, 0, 0, 3, 1748.20, 5477, 1163182
1606753038, 0, 276, 1058, 1018, 146, 8.36%, 0, 0, 3, 1668.86, 5477, 1224926
1606753069, 0, 277, 1058, 1017, 145, 8.36%, 0, 0, 3, 1660.88, 5477, 1278109
1606753104, 0, 278, 1058, 1016, 144, 8.36%, 0, 0, 3, 1656.61, 5477, 1339818
1606753140, 0, 281, 1058, 1015, 143, 8.36%, 0, 0, 3, 1710.13, 5477, 1401418
1606753171, 0, 285, 1059, 1015, 142, 8.36%, 0, 0, 3, 1645.28, 5477, 1455303
1606753212, 0, 285, 1061, 1017, 142, 8.36%, 0, 0, 3, 1579.26, 5479, 1518731
1606753222, 0, 285, 1062, 1018, 142, 8.36%, 0, 0, 3, 1554.18, 5481, 1533852
1606753228, 0, 286, 1063, 1018, 143, 8.36%, 0, 0, 3, 1562.95, 5482, 1541801
1606753273, 0, 286, 1064, 1019, 143, 8.36%, 0, 0, 3, 1630.50, 5482, 1612644
1606753279, 0, 287, 1064, 1018, 142, 8.36%, 0, 0, 3, 1576.83, 5482, 1620562
1606753329, 0, 289, 1064, 1017, 141, 8.36%, 0, 0, 3, 177.38, 5482, 1697351
1606753365, 0, 290, 1064, 1016, 140, 8.36%, 0, 0, 3, 12.40, 5482, 1698082
1606753396, 0, 293, 1064, 1015, 139, 8.36%, 0, 0, 3, 12.45, 5482, 1698690
1606753426, 0, 310, 1064, 1014, 138, 8.36%, 0, 0, 3, 259.84, 5482, 1699197
1606753462, 0, 347, 1064, 1013, 137, 8.36%, 0, 0, 3, 34.42, 5482, 1700019
1606753493, 0, 352, 1064, 1012, 136, 8.36%, 0, 0, 3, 1671.10, 5482, 1703119
1606753538, 0, 354, 1064, 1011, 135, 8.36%, 0, 0, 3, 1578.48, 5482, 1779000
1606753579, 0, 355, 1065, 1011, 134, 8.36%, 0, 0, 3, 13.88, 5482, 1844696
1606753614, 0, 357, 1065, 1010, 133, 8.36%, 0, 0, 3, 21.32, 5482, 1845431
1606753645, 0, 369, 1065, 1009, 132, 8.36%, 0, 0, 3, 1281.49, 5482, 1851835
1606753691, 0, 370, 1065, 1008, 131, 8.36%, 0, 0, 3, 1582.67, 5482, 1922959
1606753742, 0, 372, 1065, 1007, 130, 8.36%, 0, 0, 3, 1620.21, 5482, 2001870
1606753794, 0, 373, 1066, 1007, 129, 8.36%, 0, 0, 3, 1598.89, 5482, 2082819
1606753839, 0, 422, 1066, 1006, 128, 8.36%, 0, 0, 3, 25.68, 5482, 2152287
1606753875, 0, 435, 1066, 1005, 127, 8.36%, 0, 0, 3, 25.00, 5482, 2153011
1606753906, 0, 440, 1066, 1004, 126, 8.36%, 0, 0, 3, 1181.05, 5482, 2158570
1606753962, 0, 445, 1067, 1004, 125, 8.36%, 0, 0, 3, 12.64, 5482, 2240292
1606753992, 0, 454, 1067, 1003, 124, 8.36%, 0, 0, 3, 27.69, 5482, 2240889
1606754028, 0, 457, 1067, 1002, 123, 8.36%, 0, 0, 3, 12.44, 5482, 2241622
1606754058, 0, 466, 1067, 1001, 122, 8.36%, 0, 0, 3, 12.45, 5482, 2242245
1606754089, 0, 477, 1067, 1000, 121, 8.36%, 0, 0, 3, 17.10, 5482, 2242827
1606754125, 0, 481, 1067, 999, 120, 8.36%, 0, 0, 3, 19.63, 5482, 2243554
1606754155, 0, 486, 1067, 998, 119, 8.36%, 0, 0, 3, 12.45, 5482, 2244178
1606754186, 0, 558, 1067, 997, 118, 8.36%, 0, 0, 3, 1238.20, 5482, 2247025
1606754196, 0, 558, 1068, 998, 118, 8.36%, 0, 0, 3, 1466.15, 5482, 2262039
1606754262, 0, 559, 1070, 999, 117, 8.36%, 0, 0, 3, 1549.21, 5482, 2361999
1606754339, 0, 560, 1070, 998, 116, 8.36%, 0, 0, 3, 1520.50, 5482, 2477786
1606754416, 0, 563, 1072, 999, 115, 8.36%, 0, 0, 3, 12.45, 5482, 2588834
1606754446, 0, 565, 1072, 998, 114, 8.36%, 0, 0, 3, 1511.78, 5482, 2592065
1606754451, 0, 572, 1073, 998, 114, 8.37%, 0, 0, 3, 34.12, 5483, 2596589
1606754482, 0, 574, 1073, 997, 113, 8.37%, 0, 0, 3, 13.90, 5483, 2597172
1606754518, 0, 579, 1073, 996, 112, 8.37%, 0, 0, 3, 12.40, 5483, 2597898
1606754548, 0, 591, 1073, 995, 111, 8.37%, 0, 0, 3, 23.76, 5483, 2598522
1606754589, 0, 597, 1073, 994, 111, 8.37%, 0, 0, 3, 938.92, 5483, 2601987
1606754604, 0, 608, 1075, 994, 108, 8.37%, 0, 0, 3, 1809.13, 5486, 2629570
1606754625, 0, 610, 1075, 993, 108, 8.37%, 0, 0, 3, 1707.70, 5486, 2659175
1606754645, 0, 611, 1075, 992, 107, 8.37%, 0, 0, 3, 1769.68, 5486, 2695874
1606754666, 0, 613, 1075, 991, 106, 8.37%, 0, 0, 3, 1732.78, 5486, 2731472
1606754681, 0, 616, 1082, 997, 105, 8.38%, 0, 0, 3, 1628.36, 5495, 2758389
1606754686, 0, 616, 1083, 998, 105, 8.38%, 0, 0, 3, 1713.28, 5495, 2766943
1606754702, 0, 619, 1085, 999, 104, 8.38%, 0, 0, 3, 1638.33, 5495, 2789656
1606754723, 0, 619, 1087, 1001, 104, 8.39%, 0, 0, 3, 1642.48, 5497, 2819290
1606754728, 0, 621, 1088, 1001, 104, 8.39%, 0, 0, 3, 1629.65, 5500, 2827702
1606754748, 0, 622, 1089, 1001, 104, 8.39%, 0, 0, 3, 1667.94, 5500, 2857311
1606754769, 0, 627, 1089, 1000, 103, 8.39%, 0, 0, 3, 1629.41, 5500, 2887538
1606754786, 0, 627, 1090, 1001, 103, 8.39%, 0, 0, 3, 1681.18, 5500, 2910641
1606754791, 0, 632, 1090, 1000, 103, 8.39%, 0, 0, 3, 1676.33, 5500, 2919196
1606754806, 0, 635, 1091, 1000, 103, 8.40%, 0, 0, 3, 1659.19, 5502, 2945010
1606754811, 0, 635, 1092, 1001, 103, 8.40%, 0, 0, 3, 1967.85, 5503, 2955550
1606754821, 0, 636, 1092, 1000, 103, 8.40%, 0, 0, 3, 2050.88, 5503, 2976309
1606754826, 0, 636, 1093, 1001, 103, 8.40%, 0, 0, 3, 2049.17, 5503, 2986699
1606754837, 0, 638, 1098, 1005, 102, 8.40%, 0, 0, 3, 1776.07, 5503, 3006488
1606754842, 0, 638, 1099, 1006, 102, 8.40%, 0, 0, 3, 82.32, 5503, 3014777
1606754853, 0, 638, 1102, 1009, 102, 8.40%, 0, 0, 3, 1655.77, 5503, 3028258
1606754858, 0, 645, 1102, 1008, 102, 8.40%, 0, 0, 3, 1706.51, 5503, 3037305
1606754873, 0, 646, 1102, 1007, 101, 8.40%, 0, 0, 3, 1820.13, 5503, 3065389
1606754888, 0, 647, 1102, 1006, 100, 8.40%, 0, 0, 3, 1752.75, 5503, 3093065
1606754904, 0, 648, 1102, 1005, 99, 8.40%, 0, 0, 3, 1705.58, 5503, 3120622
1606754909, 0, 648, 1104, 1007, 99, 8.40%, 0, 0, 3, 134.96, 5503, 3128887
1606754924, 0, 649, 1105, 1007, 99, 8.40%, 0, 0, 3, 1669.64, 5503, 3150850
1606754940, 0, 651, 1105, 1005, 99, 8.40%, 0, 0, 3, 2051.12, 5503, 3180177
1606754945, 0, 653, 1105, 1004, 98, 8.40%, 0, 0, 3, 2083.78, 5503, 3190845
1606754950, 0, 656, 1105, 1003, 97, 8.40%, 0, 0, 3, 2062.21, 5503, 3201456
1606754970, 0, 657, 1106, 1003, 97, 8.40%, 0, 0, 3, 1772.03, 5503, 3241437
1606754980, 0, 658, 1106, 1002, 96, 8.40%, 0, 0, 3, 1864.85, 5503, 3260682
1606755000, 0, 662, 1106, 1001, 95, 8.40%, 0, 0, 3, 1748.95, 5503, 3296419
1606755011, 0, 664, 1106, 1000, 94, 8.40%, 0, 0, 3, 1881.55, 5503, 3316410
1606755016, 0, 664, 1107, 1001, 94, 8.40%, 0, 0, 3, 1681.55, 5504, 3324656
1606755026, 0, 664, 1108, 1002, 94, 8.42%, 0, 0, 3, 1744.47, 5516, 3341931
1606755031, 0, 665, 1108, 1001, 95, 8.42%, 0, 0, 3, 18.17, 5516, 3346934
1606755062, 0, 665, 1113, 1006, 95, 8.46%, 0, 0, 3, 18.62, 5543, 3347514
1606755067, 0, 665, 1117, 1010, 95, 8.52%, 0, 0, 3, 19.15, 5581, 3347838
1606755098, 0, 665, 1119, 1012, 95, 8.52%, 0, 0, 3, 34.76, 5581, 3348509
1606755103, 0, 665, 1128, 1021, 95, 8.52%, 0, 0, 3, 20.83, 5585, 3348865
1606755139, 0, 665, 1129, 1022, 95, 8.52%, 0, 0, 3, 24.53, 5585, 3349893
1606755349, 0, 665, 1131, 1024, 95, 8.52%, 0, 0, 3, 15.21, 5585, 3354569
1606755354, 0, 665, 1136, 1029, 95, 8.52%, 0, 0, 3, 16.21, 5585, 3354720
1606755359, 0, 665, 1140, 1033, 95, 8.52%, 0, 0, 3, 237.90, 5585, 3354865
1606755364, 0, 665, 1141, 1034, 95, 8.56%, 0, 0, 3, 17.54, 5607, 3355061
1606755538, 0, 665, 1142, 1035, 95, 8.56%, 0, 0, 3, 18.89, 5611, 3373518
1606755652, 0, 665, 1145, 1038, 95, 8.59%, 0, 0, 3, 183.59, 5629, 3379577
1606755657, 0, 666, 1145, 1037, 100, 8.59%, 0, 0, 3, 17.33, 5629, 3380646
1606756235, 0, 669, 1152, 1043, 99, 8.59%, 0, 0, 3, 1026.93, 5629, 3415546
1606756241, 0, 669, 1153, 1044, 99, 8.59%, 0, 0, 3, 1639.12, 5629, 3424534
1606756251, 0, 669, 1154, 1045, 99, 8.59%, 0, 0, 3, 1749.79, 5629, 3437454
1606756256, 0, 671, 1154, 1044, 98, 8.59%, 0, 0, 3, 1693.44, 5629, 3445963
1606756261, 0, 671, 1155, 1045, 98, 8.59%, 0, 0, 3, 1633.85, 5629, 3454216
1606756272, 0, 671, 1156, 1046, 98, 8.59%, 0, 0, 3, 1836.36, 5629, 3467319
1606756282, 0, 673, 1157, 1046, 99, 8.59%, 0, 0, 3, 1962.80, 5629, 3485775
1606756287, 0, 680, 1157, 1043, 96, 8.59%, 0, 0, 3, 2099.36, 5629, 3496618
1606756292, 0, 681, 1157, 1042, 95, 8.59%, 0, 0, 3, 2073.00, 5629, 3507240
1606756302, 0, 684, 1157, 1041, 94, 8.59%, 0, 0, 3, 2116.52, 5629, 3529169
1606756307, 0, 692, 1158, 1041, 93, 8.59%, 0, 0, 3, 1809.36, 5629, 3538297
1606756323, 0, 694, 1159, 1041, 92, 8.59%, 0, 0, 3, 1780.23, 5629, 3564327
1606756333, 0, 695, 1159, 1040, 91, 8.59%, 0, 0, 3, 2062.11, 5629, 3585619
1606756338, 0, 696, 1159, 1039, 90, 8.59%, 0, 0, 3, 1913.00, 5629, 3595600
1606756353, 0, 697, 1160, 1039, 89, 8.59%, 0, 0, 3, 1809.07, 5629, 3622192
1606756358, 0, 699, 1160, 1038, 88, 8.59%, 0, 0, 3, 1939.34, 5629, 3632302
1606756374, 0, 711, 1160, 1037, 87, 8.59%, 0, 0, 3, 20.27, 5629, 3655580
1606756379, 0, 711, 1161, 1038, 87, 8.59%, 0, 0, 4, 1495.96, 5629, 3662047
1606756400, 0, 711, 1162, 1039, 87, 8.59%, 0, 0, 4, 51.84, 5629, 3678678
1606756416, 0, 711, 1163, 1040, 87, 8.59%, 0, 0, 4, 51.51, 5629, 3694857
1606756427, 0, 711, 1164, 1041, 87, 8.59%, 0, 0, 4, 12.43, 5629, 3700737
1606756457, 0, 711, 1165, 1042, 87, 8.59%, 0, 0, 4, 1461.38, 5629, 3730802
1606756462, 0, 740, 1165, 1041, 87, 8.59%, 0, 0, 4, 1546.27, 5629, 3738673
1606756493, 0, 741, 1165, 1040, 86, 8.59%, 0, 0, 4, 1561.62, 5629, 3788519
1606756529, 0, 742, 1165, 1039, 85, 8.59%, 0, 0, 4, 1580.02, 5629, 3845876
1606756564, 0, 743, 1166, 1039, 84, 8.59%, 0, 0, 4, 1503.04, 5629, 3902514
1606756600, 0, 744, 1166, 1038, 83, 8.59%, 0, 0, 4, 1536.42, 5629, 3956993
1606756636, 0, 745, 1166, 1037, 82, 8.59%, 0, 0, 4, 1508.06, 5629, 4014333
1606756646, 0, 745, 1167, 1038, 82, 8.59%, 0, 0, 4, 1535.66, 5629, 4029407
1606756677, 0, 751, 1167, 1037, 81, 8.59%, 0, 0, 4, 1618.23, 5629, 4076365
1606756692, 0, 754, 1167, 1036, 80, 8.59%, 0, 0, 4, 1631.90, 5629, 4102298
1606756723, 0, 755, 1167, 1035, 79, 8.59%, 0, 0, 4, 1585.47, 5629, 4151827
1606756759, 0, 756, 1167, 1034, 78, 8.59%, 0, 0, 4, 1523.62, 5629, 4209097
1606756795, 0, 757, 1167, 1033, 77, 8.59%, 0, 0, 4, 1593.67, 5629, 4266448
1606756831, 0, 758, 1167, 1032, 76, 8.59%, 0, 0, 4, 1575.41, 5629, 4324723
1606756862, 0, 759, 1167, 1031, 75, 8.59%, 0, 0, 4, 194.78, 5629, 4374417
1606756874, 0, 759, 1168, 1032, 75, 8.59%, 0, 0, 4, 12.44, 5629, 4385409
1606756952, 0, 760, 1168, 1031, 74, 8.59%, 0, 0, 4, 1502.43, 5629, 4458604
1606756988, 0, 761, 1168, 1030, 73, 8.59%, 0, 0, 4, 1058.43, 5629, 4514108
1606757072, 0, 761, 1169, 1031, 73, 8.59%, 0, 0, 4, 1458.81, 5630, 4589658
1606757077, 0, 766, 1169, 1030, 72, 8.59%, 0, 0, 4, 1508.82, 5630, 4597266
1606757097, 0, 766, 1170, 1031, 72, 8.59%, 0, 0, 4, 1627.73, 5630, 4630313
1606757108, 0, 772, 1170, 1030, 71, 8.59%, 0, 0, 4, 1579.22, 5630, 4646918
1606757159, 0, 773, 1170, 1029, 70, 8.59%, 0, 0, 4, 97.61, 5630, 4725618
1606757211, 0, 773, 1172, 1031, 70, 8.59%, 0, 0, 4, 229.10, 5630, 4773902
1606757227, 0, 773, 1173, 1032, 70, 8.59%, 0, 0, 4, 1679.46, 5630, 4787426
1606757234, 0, 773, 1175, 1034, 70, 8.59%, 0, 0, 4, 12.44, 5630, 4793946
1606757249, 0, 804, 1175, 1033, 69, 8.59%, 0, 0, 4, 34.46, 5630, 4806691
1606757280, 0, 814, 1175, 1032, 68, 8.59%, 0, 0, 4, 13.18, 5630, 4807287
1606757315, 0, 852, 1175, 1031, 68, 8.59%, 0, 0, 4, 1446.64, 5630, 4815376
1606757321, 0, 852, 1176, 1032, 68, 8.59%, 0, 0, 4, 1532.98, 5631, 4823556
1606757382, 0, 853, 1176, 1031, 68, 8.59%, 0, 0, 4, 12.44, 5631, 4916420
1606757412, 0, 855, 1176, 1030, 67, 8.59%, 0, 0, 4, 12.40, 5631, 4917025
1606757443, 0, 856, 1176, 1029, 66, 8.59%, 0, 0, 4, 147.15, 5631, 4917539
1606757478, 0, 866, 1178, 1030, 65, 8.61%, 0, 0, 4, 39.43, 5643, 4918333
1606757545, 0, 866, 1180, 1032, 65, 8.62%, 0, 0, 4, 31.91, 5647, 4919714
1606757581, 0, 866, 1181, 1033, 65, 8.62%, 0, 0, 4, 20.88, 5650, 4921101
1606757586, 0, 866, 1182, 1034, 65, 8.62%, 0, 0, 4, 212.00, 5650, 4921242
1606757683, 0, 866, 1183, 1035, 65, 8.62%, 0, 0, 4, 17.71, 5651, 4923881
1606757796, 0, 866, 1184, 1036, 65, 8.63%, 0, 0, 4, 18.87, 5655, 4927588
1606758152, 0, 866, 1185, 1037, 65, 8.63%, 0, 0, 4, 17.49, 5656, 4935196
1606758333, 0, 866, 1186, 1038, 65, 8.63%, 0, 0, 4, 17.84, 5659, 4956350
1606758565, 0, 866, 1187, 1039, 65, 8.63%, 0, 0, 4, 17.93, 5659, 4980722
1606758652, 0, 866, 1188, 1040, 65, 8.63%, 0, 0, 4, 40.40, 5659, 4984199
1606759047, 0, 876, 1188, 1039, 70, 8.63%, 0, 0, 4, 31.35, 5659, 5003509
1606759078, 0, 888, 1188, 1038, 69, 8.63%, 0, 0, 4, 154.11, 5659, 5004099
1606759113, 0, 891, 1188, 1037, 69, 8.63%, 0, 0, 4, 12.37, 5659, 5004835
1606759144, 0, 901, 1188, 1036, 68, 8.63%, 0, 0, 4, 76.00, 5659, 5005460
1606759175, 0, 919, 1188, 1035, 67, 8.63%, 0, 0, 4, 13.90, 5659, 5006043
1606759211, 0, 932, 1210, 1056, 66, 8.63%, 0, 0, 4, 1211.07, 5659, 5012913
1606759216, 0, 932, 1218, 1064, 66, 8.63%, 0, 0, 4, 1230.99, 5659, 5019232
1606759226, 0, 932, 1233, 1079, 66, 8.64%, 0, 0, 4, 1346.05, 5661, 5031746
1606759231, 0, 932, 1234, 1080, 66, 8.64%, 0, 0, 4, 1313.38, 5661, 5038592
1606759246, 0, 932, 1235, 1081, 66, 8.64%, 0, 0, 4, 1835.83, 5661, 5063811
1606759267, 0, 932, 1236, 1082, 66, 8.64%, 0, 0, 4, 1371.11, 5661, 5094215
1606759277, 0, 932, 1237, 1083, 66, 8.64%, 0, 0, 4, 1378.83, 5661, 5108075
1606759287, 0, 932, 1240, 1086, 66, 8.64%, 0, 0, 4, 1406.63, 5662, 5122976
1606759292, 0, 936, 1240, 1085, 70, 8.64%, 0, 0, 4, 12.40, 5662, 5125254
1606759323, 0, 948, 1240, 1084, 69, 8.64%, 0, 0, 4, 29.39, 5662, 5125866
1606759353, 0, 956, 1240, 1083, 69, 8.64%, 0, 0, 4, 12.46, 5662, 5126459
1606759389, 0, 970, 1240, 1082, 68, 8.64%, 0, 0, 4, 12.44, 5662, 5127190
1606759419, 0, 982, 1240, 1081, 67, 8.64%, 0, 0, 4, 31.28, 5662, 5127818
1606759450, 0, 983, 1240, 1080, 66, 8.64%, 0, 0, 4, 28.47, 5662, 5128429
1606759485, 0, 986, 1240, 1079, 65, 8.64%, 0, 0, 4, 12.44, 5662, 5129129
1606759516, 0, 991, 1240, 1078, 64, 8.64%, 0, 0, 4, 24.90, 5662, 5129727
1606759546, 0, 993, 1240, 1077, 63, 8.64%, 0, 0, 4, 254.35, 5662, 5130318
1606759582, 0, 998, 1240, 1076, 62, 8.64%, 0, 0, 4, 12.44, 5662, 5131046
1606759612, 0, 1023, 1240, 1075, 61, 8.64%, 0, 0, 4, 110.67, 5662, 5131652
1606759643, 0, 1030, 1240, 1074, 61, 8.64%, 0, 0, 4, 945.00, 5662, 5132274
1606759648, 0, 1030, 1241, 1075, 61, 8.64%, 0, 0, 4, 1191.79, 5662, 5138626
1606759663, 0, 1030, 1251, 1085, 61, 8.65%, 0, 0, 4, 1352.28, 5672, 5157445
1606759725, 0, 1030, 1252, 1086, 61, 8.65%, 0, 0, 4, 1412.69, 5672, 5248898
1606759730, 0, 1032, 1253, 1086, 65, 8.65%, 0, 0, 4, 1280.37, 5672, 5255259
1606759735, 0, 1032, 1254, 1087, 65, 8.66%, 0, 0, 4, 1308.78, 5674, 5261781
1606759745, 0, 1032, 1263, 1096, 65, 8.66%, 0, 0, 4, 1314.37, 5674, 5273828
1606759810, 0, 1037, 1273, 1105, 64, 8.66%, 0, 0, 4, 1397.07, 5674, 5371921
1606759815, 0, 1037, 1276, 1108, 64, 8.66%, 0, 0, 4, 1362.58, 5676, 5378688
1606759821, 0, 1037, 1277, 1109, 64, 8.66%, 0, 0, 4, 1262.66, 5676, 5384957
1606759826, 0, 1037, 1286, 1118, 64, 8.66%, 0, 0, 4, 1423.72, 5678, 5392160
1606759831, 0, 1037, 1289, 1121, 64, 8.67%, 0, 0, 4, 1363.84, 5679, 5399157
1606759836, 0, 1037, 1290, 1122, 64, 8.67%, 0, 0, 4, 1691.05, 5679, 5407345
1606759856, 0, 1037, 1291, 1123, 64, 8.67%, 0, 0, 4, 1547.75, 5679, 5440295
1606759871, 0, 1037, 1294, 1126, 64, 8.67%, 0, 0, 4, 1442.35, 5680, 5462641
1606759881, 0, 1037, 1295, 1127, 64, 8.67%, 0, 0, 4, 1526.62, 5682, 5478389
1606759886, 0, 1039, 1296, 1127, 71, 8.67%, 0, 0, 4, 1457.51, 5682, 5485351
1606759963, 0, 1040, 1296, 1126, 70, 8.67%, 0, 0, 4, 12.41, 5682, 5600995
1606759993, 0, 1044, 1297, 1126, 69, 8.67%, 0, 0, 4, 1675.31, 5682, 5607346
1606760024, 0, 1044, 1298, 1127, 69, 8.67%, 0, 0, 4, 1986.47, 5683, 5668637
1606760034, 0, 1050, 1299, 1127, 69, 8.67%, 0, 0, 4, 2018.17, 5683, 5689007
1606760049, 0, 1054, 1306, 1133, 69, 8.67%, 0, 0, 4, 1968.49, 5683, 5720157
1606760085, 0, 1057, 1307, 1133, 69, 8.67%, 0, 0, 4, 1644.03, 5684, 5781412
1606760125, 0, 1059, 1308, 1133, 69, 8.68%, 0, 0, 4, 1571.86, 5686, 5850648
1606760181, 0, 1062, 1308, 1132, 68, 8.68%, 0, 0, 4, 1591.63, 5686, 5937234
1606760192, 0, 1072, 1308, 1131, 67, 8.68%, 0, 0, 4, 2031.42, 5686, 5958319
1606760197, 0, 1074, 1309, 1130, 66, 8.68%, 0, 0, 4, 1779.11, 5688, 5967447
1606760218, 0, 1077, 1309, 1129, 65, 8.68%, 0, 0, 4, 1892.91, 5688, 6000036
1606760223, 0, 1081, 1317, 1136, 64, 8.68%, 0, 0, 4, 1793.66, 5688, 6009399
1606760228, 0, 1081, 1318, 1137, 64, 8.68%, 0, 0, 4, 1801.97, 5688, 6018349
1606760244, 0, 1084, 1318, 1136, 64, 8.68%, 0, 0, 4, 1681.38, 5688, 6039122
1606760269, 0, 1086, 1318, 1135, 63, 8.68%, 0, 0, 4, 1653.17, 5688, 6076551
1606760289, 0, 1087, 1326, 1142, 62, 8.68%, 0, 0, 4, 1630.12, 5688, 6110395
1606760295, 0, 1087, 1331, 1147, 62, 8.68%, 0, 0, 4, 207.64, 5688, 6118729
1606760305, 0, 1087, 1332, 1148, 62, 8.68%, 0, 0, 4, 307.13, 5688, 6131223
1606760310, 0, 1090, 1332, 1147, 65, 8.68%, 0, 0, 4, 64.04, 5688, 6136731
1606760346, 0, 1090, 1333, 1148, 65, 8.68%, 0, 0, 4, 19.95, 5689, 6137666
1606760873, 0, 1091, 1333, 1147, 65, 8.68%, 0, 0, 4, 1383.44, 5689, 6173826
1606760878, 0, 1091, 1334, 1148, 65, 8.68%, 0, 0, 4, 1905.72, 5689, 6184383
1606760884, 0, 1093, 1334, 1147, 66, 8.68%, 0, 0, 4, 1804.12, 5689, 6194039
1606760904, 0, 1100, 1334, 1146, 65, 8.68%, 0, 0, 4, 1656.51, 5689, 6223463
1606760909, 0, 1100, 1337, 1149, 65, 8.68%, 0, 0, 4, 1629.77, 5690, 6231820
1606760929, 0, 1103, 1343, 1154, 66, 8.68%, 0, 0, 4, 1611.96, 5690, 6260370
1606760934, 0, 1103, 1344, 1155, 66, 8.68%, 0, 0, 4, 1734.79, 5690, 6269197
1606760950, 0, 1104, 1344, 1154, 66, 8.68%, 0, 0, 4, 1693.17, 5690, 6289996
1606760965, 0, 1105, 1344, 1153, 65, 8.68%, 0, 0, 4, 1742.65, 5690, 6316361
1606760975, 0, 1106, 1345, 1153, 64, 8.68%, 0, 0, 4, 1853.74, 5690, 6336408
1606760986, 0, 1107, 1346, 1153, 64, 8.68%, 0, 0, 4, 139.28, 5691, 6353833
1606761534, 0, 1114, 1346, 1152, 63, 8.68%, 0, 0, 4, 17.71, 5691, 6385141
1606761565, 0, 1114, 1350, 1156, 63, 8.71%, 0, 0, 4, 189.80, 5711, 6385894
1606761601, 0, 1114, 1353, 1159, 63, 8.71%, 0, 0, 4, 32.15, 5711, 6386656
1606761636, 0, 1114, 1354, 1160, 63, 8.71%, 0, 0, 4, 147.81, 5711, 6387612
1606761861, 0, 1114, 1357, 1163, 63, 8.71%, 0, 0, 4, 14.76, 5711, 6392629
1606761866, 0, 1114, 1367, 1173, 63, 8.71%, 0, 0, 4, 31.82, 5711, 6392827
1606761876, 0, 1114, 1368, 1174, 63, 8.71%, 0, 0, 4, 16.40, 5711, 6393287
1606762205, 0, 1115, 1368, 1173, 62, 8.71%, 0, 0, 4, 631.30, 5711, 6419352
1606762236, 0, 1115, 1370, 1175, 62, 8.72%, 0, 0, 4, 16.78, 5716, 6419923
1606762272, 0, 1115, 1371, 1176, 62, 8.72%, 0, 0, 4, 13.75, 5716, 6420886
1606762278, 0, 1115, 1372, 1177, 62, 8.74%, 0, 0, 4, 25.76, 5725, 6421228
1606762314, 0, 1115, 1373, 1178, 62, 8.74%, 0, 0, 4, 23.96, 5725, 6422220
1606762535, 0, 1115, 1382, 1187, 62, 8.74%, 0, 0, 4, 33.33, 5725, 6427057
1606762540, 0, 1115, 1383, 1188, 62, 8.74%, 0, 0, 4, 108.79, 5725, 6427237
1606762869, 0, 1123, 1383, 1187, 63, 8.74%, 0, 0, 4, 16.68, 5725, 6453645
1606762899, 0, 1123, 1385, 1189, 63, 8.74%, 0, 0, 4, 271.89, 5725, 6454289
1606762940, 0, 1123, 1386, 1190, 63, 8.74%, 0, 0, 4, 23.06, 5725, 6455446
1606762976, 0, 1123, 1387, 1191, 63, 8.74%, 0, 0, 4, 16.45, 5725, 6456380
1606763208, 0, 1123, 1392, 1196, 63, 8.74%, 0, 0, 4, 17.34, 5725, 6461150
1606763213, 0, 1123, 1396, 1200, 63, 8.74%, 0, 0, 4, 15.51, 5725, 6461403
1606763218, 0, 1123, 1397, 1201, 63, 8.74%, 0, 0, 4, 15.89, 5725, 6461592
1606763562, 0, 1124, 1398, 1201, 62, 8.74%, 0, 0, 4, 1126.56, 5726, 6490952
1606763582, 0, 1125, 1399, 1201, 62, 8.74%, 0, 0, 4, 1711.55, 5727, 6526471
1606763603, 0, 1141, 1399, 1200, 62, 8.74%, 0, 0, 4, 48.41, 5727, 6556011
1606764111, 0, 1141, 1400, 1201, 62, 8.74%, 0, 0, 4, 19.43, 5727, 6582910
1606764248, 0, 1155, 1402, 1202, 61, 8.74%, 0, 0, 4, 1323.31, 5727, 6595278
1606764253, 0, 1155, 1403, 1203, 61, 8.74%, 0, 0, 4, 1666.66, 5727, 6603955
1606764269, 0, 1156, 1404, 1203, 60, 8.74%, 0, 0, 4, 1663.47, 5727, 6625395
1606764274, 0, 1156, 1405, 1204, 60, 8.74%, 0, 0, 4, 1639.91, 5727, 6633497
1606764294, 0, 1158, 1407, 1205, 60, 8.74%, 0, 0, 4, 1665.75, 5727, 6663066
1606764315, 0, 1163, 1407, 1204, 60, 8.74%, 0, 0, 4, 1547.49, 5727, 6696765
1606764320, 0, 1163, 1408, 1205, 60, 8.74%, 0, 0, 5, 1537.03, 5727, 6704386
1606764345, 0, 1163, 1409, 1206, 60, 8.74%, 0, 0, 5, 1597.90, 5727, 6744135
1606764350, 0, 1163, 1410, 1207, 60, 8.74%, 0, 0, 5, 1510.26, 5727, 6751724
1606764371, 0, 1168, 1411, 1207, 60, 8.74%, 0, 0, 5, 1568.33, 5727, 6783327
1606764401, 0, 1168, 1412, 1208, 60, 8.74%, 0, 0, 5, 1628.16, 5727, 6832816
1606764406, 0, 1175, 1412, 1207, 59, 8.74%, 0, 0, 5, 1562.45, 5727, 6840606
1606764421, 0, 1175, 1414, 1209, 59, 8.74%, 0, 0, 5, 1541.60, 5729, 6863982
1606764442, 0, 1175, 1415, 1210, 59, 8.74%, 0, 0, 5, 1637.16, 5730, 6899135
1606764472, 0, 1176, 1415, 1209, 61, 8.74%, 0, 0, 5, 18.36, 5730, 6943186
1606764539, 0, 1176, 1416, 1210, 61, 8.74%, 0, 0, 5, 28.44, 5730, 6944554
1606765695, 0, 1176, 1417, 1211, 61, 8.74%, 0, 0, 5, 30.13, 5730, 7008348
1606765710, 0, 1176, 1418, 1212, 61, 8.74%, 0, 0, 5, 35.98, 5731, 7009970
1606766110, 0, 1178, 1420, 1213, 58, 8.76%, 0, 0, 5, 2031.36, 5743, 7031999
1606766115, 0, 1178, 1421, 1214, 58, 8.76%, 0, 0, 5, 2095.51, 5743, 7042637
1606766141, 0, 1178, 1422, 1215, 58, 8.77%, 0, 0, 5, 2012.64, 5745, 7095022
1606766151, 0, 1179, 1422, 1214, 58, 8.77%, 0, 0, 5, 73.24, 5745, 7112798
1606766156, 0, 1179, 1423, 1215, 58, 8.77%, 0, 0, 5, 33.50, 5745, 7112925
1606766233, 0, 1179, 1424, 1216, 58, 8.77%, 0, 0, 5, 23.21, 5745, 7114636
1606767186, 0, 1179, 1425, 1217, 58, 8.77%, 0, 0, 5, 106.81, 5745, 7162121
1606767878, 0, 1182, 1425, 1216, 57, 8.77%, 0, 0, 5, 46.98, 5745, 7194080
1606768233, 0, 1182, 1426, 1217, 57, 8.77%, 0, 0, 5, 16.99, 5745, 7204094
1606768644, 0, 1182, 1427, 1218, 57, 8.78%, 0, 0, 5, 18.86, 5752, 7216857
1606769075, 0, 1182, 1428, 1219, 57, 8.78%, 0, 0, 5, 25.49, 5754, 7259190
1606769464, 0, 1183, 1428, 1218, 57, 8.78%, 0, 0, 5, 21.82, 5754, 7279402
1606769531, 0, 1183, 1429, 1219, 57, 8.78%, 0, 0, 5, 66.83, 5754, 7280973
1606769547, 0, 1183, 1430, 1220, 57, 8.78%, 0, 0, 5, 19.86, 5755, 7281780
1606769567, 0, 1183, 1431, 1221, 57, 8.78%, 0, 0, 5, 19.70, 5757, 7282212
1606769719, 0, 1183, 1433, 1223, 57, 8.78%, 0, 0, 5, 32.49, 5757, 7286256
1606770113, 0, 1183, 1434, 1224, 57, 8.79%, 0, 0, 5, 19.01, 5758, 7296401
1606770314, 0, 1183, 1435, 1225, 57, 8.79%, 0, 0, 5, 25.43, 5759, 7328031
1606770961, 0, 1184, 1435, 1224, 59, 8.79%, 0, 0, 5, 28.49, 5759, 7364671
1606771022, 0, 1184, 1437, 1226, 59, 8.79%, 0, 0, 5, 22.11, 5759, 7365949
1606771027, 0, 1184, 1438, 1227, 59, 8.79%, 0, 0, 5, 28.30, 5759, 7366429
1606771119, 0, 1184, 1444, 1233, 59, 8.79%, 0, 0, 5, 34.95, 5759, 7368736
1606771211, 0, 1184, 1445, 1234, 59, 8.79%, 0, 0, 5, 18.94, 5759, 7371469
1606771593, 0, 1184, 1449, 1238, 59, 8.79%, 0, 0, 5, 18.19, 5759, 7381305
1606772356, 0, 1184, 1450, 1239, 59, 8.79%, 0, 0, 5, 20.79, 5759, 7443374
1606772443, 0, 1198, 1453, 1241, 59, 8.79%, 0, 0, 5, 840.73, 5759, 7452470
1606772448, 0, 1198, 1454, 1242, 59, 8.79%, 0, 0, 5, 1159.13, 5759, 7458799
1606772458, 0, 1198, 1455, 1243, 59, 8.79%, 0, 0, 5, 1188.67, 5759, 7470894
1606772463, 0, 1198, 1456, 1244, 59, 8.79%, 0, 0, 5, 1415.83, 5759, 7478421
1606772524, 0, 1203, 1456, 1243, 59, 8.79%, 0, 0, 5, 1363.87, 5759, 7569596
1606772545, 0, 1203, 1457, 1244, 59, 8.79%, 0, 0, 5, 1414.17, 5759, 7595205
1606772610, 0, 1231, 1460, 1246, 58, 8.79%, 0, 0, 5, 1294.61, 5762, 7693004
1606772631, 0, 1231, 1461, 1247, 58, 8.79%, 0, 0, 5, 1329.80, 5763, 7718867
1606772691, 0, 1237, 1462, 1247, 59, 8.79%, 0, 0, 5, 1349.18, 5763, 7810245
1606772717, 0, 1237, 1463, 1248, 59, 8.79%, 0, 0, 5, 1288.52, 5763, 7842104
1606772772, 0, 1264, 1464, 1248, 58, 8.79%, 0, 0, 5, 1418.72, 5763, 7926324
1606772777, 0, 1264, 1465, 1249, 58, 8.79%, 0, 0, 5, 1329.23, 5763, 7933035
1606772849, 0, 1267, 1465, 1248, 58, 8.79%, 0, 0, 5, 1434.95, 5763, 8040562
1606772854, 0, 1267, 1466, 1249, 58, 8.79%, 0, 0, 5, 1354.50, 5763, 8047465
1606772869, 0, 1267, 1467, 1250, 58, 8.79%, 0, 0, 5, 1463.59, 5763, 8068157
1606772925, 0, 1271, 1467, 1249, 58, 8.79%, 0, 0, 5, 1421.49, 5763, 8154191
1606772945, 0, 1271, 1468, 1250, 58, 8.79%, 0, 0, 5, 1401.12, 5763, 8181746
1606773001, 0, 1285, 1471, 1252, 57, 8.79%, 0, 0, 5, 1402.03, 5763, 8267581
1606773006, 0, 1285, 1478, 1259, 57, 8.80%, 0, 0, 5, 1401.48, 5767, 8274550
1606773016, 0, 1285, 1480, 1261, 57, 8.80%, 0, 0, 5, 1463.39, 5768, 8288715
1606773021, 0, 1285, 1481, 1262, 57, 8.80%, 0, 0, 5, 1396.86, 5768, 8295874
1606773031, 0, 1285, 1482, 1263, 57, 8.80%, 0, 0, 5, 1550.91, 5768, 8312567
1606773072, 0, 1289, 1483, 1263, 59, 8.80%, 0, 0, 5, 1431.94, 5768, 8375886
1606773153, 0, 1297, 1483, 1262, 58, 8.80%, 0, 0, 5, 1838.32, 5768, 8498332
1606773194, 0, 1302, 1484, 1262, 57, 8.80%, 0, 0, 5, 2006.74, 5768, 8580214
1606773204, 0, 1306, 1485, 1262, 56, 8.80%, 0, 0, 5, 1765.71, 5768, 8598918
1606773239, 0, 1307, 1486, 1262, 56, 8.80%, 0, 0, 5, 1645.63, 5768, 8660525
1606773265, 0, 1307, 1487, 1263, 56, 8.80%, 0, 0, 5, 1729.31, 5768, 8705762
1606773275, 0, 1308, 1487, 1262, 56, 8.80%, 0, 0, 5, 1805.35, 5768, 8722752
1606773280, 0, 1317, 1490, 1264, 57, 8.80%, 0, 0, 5, 1829.27, 5768, 8732355
1606773300, 0, 1318, 1490, 1263, 56, 8.80%, 0, 0, 5, 1651.65, 5768, 8767320
1606773321, 0, 1324, 1492, 1264, 55, 8.80%, 0, 0, 5, 1663.05, 5768, 8797353
1606773342, 0, 1330, 1493, 1264, 55, 8.80%, 0, 0, 5, 1637.45, 5768, 8827380
1606773368, 0, 1331, 1496, 1266, 54, 8.80%, 0, 0, 5, 1622.55, 5768, 8865084
1606773383, 0, 1331, 1497, 1267, 54, 8.80%, 0, 0, 5, 1630.26, 5769, 8883749
1606773388, 0, 1332, 1497, 1266, 55, 8.80%, 0, 0, 5, 17.63, 5769, 8889402
1606773952, 0, 1333, 1497, 1265, 54, 8.80%, 0, 0, 5, 1404.04, 5769, 8926550
1606773962, 0, 1334, 1497, 1264, 53, 8.80%, 0, 0, 5, 1701.62, 5769, 8946273
1606773967, 0, 1334, 1498, 1265, 53, 8.81%, 0, 0, 5, 87.52, 5776, 8953924
1606773978, 0, 1334, 1499, 1266, 53, 8.81%, 0, 0, 5, 1626.11, 5776, 8967154
1606773983, 0, 1341, 1500, 1266, 50, 8.81%, 0, 0, 5, 1659.85, 5776, 8975884
1606774003, 0, 1349, 1500, 1265, 50, 8.81%, 0, 0, 5, 16.08, 5776, 9006137
1606774034, 0, 1349, 1501, 1266, 50, 8.81%, 0, 0, 5, 18.63, 5776, 9006692
1606774346, 0, 1349, 1503, 1268, 50, 8.81%, 0, 0, 5, 18.56, 5776, 9013728
1606774351, 0, 1349, 1504, 1269, 50, 8.81%, 0, 0, 5, 397.38, 5776, 9013985
1606774697, 0, 1365, 1505, 1269, 49, 8.81%, 0, 0, 5, 775.99, 5776, 9041220
1606774717, 0, 1365, 1506, 1270, 49, 8.81%, 0, 0, 5, 1625.50, 5776, 9067604
1606774722, 0, 1367, 1506, 1269, 48, 8.81%, 0, 0, 5, 316.48, 5776, 9075075
1606774753, 0, 1367, 1508, 1271, 48, 8.81%, 0, 0, 5, 19.73, 5776, 9075647
1606774788, 0, 1367, 1509, 1272, 48, 8.81%, 0, 0, 5, 31.09, 5776, 9076634
1606775039, 0, 1367, 1511, 1274, 48, 8.81%, 0, 0, 5, 23.78, 5776, 9082626
1606775364, 0, 1369, 1511, 1273, 47, 8.81%, 0, 0, 5, 16.83, 5776, 9109467
1606775697, 0, 1369, 1512, 1274, 47, 8.81%, 0, 0, 5, 17.58, 5776, 9116918
1606775707, 0, 1369, 1513, 1275, 47, 8.81%, 0, 0, 5, 16.20, 5776, 9117327
1606776046, 0, 1371, 1513, 1274, 47, 8.81%, 0, 0, 5, 15.64, 5776, 9143686
1606776082, 0, 1371, 1514, 1275, 47, 8.81%, 0, 0, 5, 18.82, 5776, 9144517
1606776412, 0, 1371, 1515, 1276, 47, 8.81%, 0, 0, 5, 15.45, 5776, 9151555
1606776772, 0, 1377, 1515, 1275, 47, 8.81%, 0, 0, 5, 661.76, 5776, 9178361
1606776777, 0, 1377, 1516, 1276, 47, 8.81%, 0, 0, 5, 1087.12, 5776, 9184154
1606776782, 0, 1377, 1517, 1277, 47, 8.81%, 0, 0, 5, 1141.96, 5776, 9187541
1606776798, 0, 1382, 1517, 1276, 47, 8.81%, 0, 0, 5, 1646.73, 5776, 9212535
1606776828, 0, 1382, 1518, 1277, 47, 8.81%, 0, 0, 5, 249.86, 5776, 9213446
1606776859, 0, 1382, 1519, 1278, 47, 8.81%, 0, 0, 5, 16.46, 5776, 9214140
1606776895, 0, 1382, 1520, 1279, 47, 8.81%, 0, 0, 5, 69.65, 5776, 9215402
1606777099, 0, 1382, 1523, 1282, 47, 8.81%, 0, 0, 5, 30.28, 5776, 9220173
1606777407, 0, 1392, 1523, 1281, 46, 8.81%, 0, 0, 5, 1007.91, 5776, 9250684
1606777417, 0, 1392, 1524, 1282, 46, 8.81%, 0, 0, 5, 1751.83, 5776, 9261832
1606777432, 0, 1395, 1525, 1282, 45, 8.81%, 0, 0, 5, 1599.82, 5776, 9286003
1606777458, 0, 1396, 1525, 1281, 44, 8.81%, 0, 0, 5, 18.42, 5776, 9316370
1606777519, 0, 1396, 1526, 1282, 44, 8.81%, 0, 0, 5, 20.24, 5776, 9318107
1606777760, 0, 1396, 1527, 1283, 44, 8.81%, 0, 0, 5, 20.24, 5776, 9323828
1606778077, 0, 1397, 1527, 1282, 43, 8.81%, 0, 0, 5, 1226.95, 5776, 9353832
1606778098, 0, 1398, 1527, 1281, 42, 8.81%, 0, 0, 5, 1762.31, 5776, 9389666
1606778118, 0, 1404, 1527, 1280, 41, 8.81%, 0, 0, 5, 1659.58, 5776, 9425640
1606778139, 0, 1408, 1528, 1280, 40, 8.81%, 0, 0, 6, 1576.76, 5776, 9456150
1606778154, 0, 1408, 1529, 1281, 40, 8.81%, 0, 0, 6, 1626.21, 5776, 9480631
1606778169, 0, 1408, 1530, 1282, 40, 8.81%, 0, 0, 6, 1592.21, 5776, 9505206
1606778175, 0, 1408, 1531, 1283, 40, 8.81%, 0, 0, 6, 1522.65, 5776, 9512739
1606778190, 0, 1412, 1531, 1282, 39, 8.81%, 0, 0, 6, 1539.86, 5776, 9537044
1606778241, 0, 1414, 1531, 1281, 38, 8.81%, 0, 0, 6, 1568.79, 5776, 9622807
1606778256, 0, 1414, 1532, 1282, 38, 8.82%, 0, 0, 6, 1536.04, 5777, 9646575
1606778307, 0, 1417, 1532, 1281, 38, 8.82%, 0, 0, 6, 17.46, 5777, 9726701
1606779432, 0, 1417, 1533, 1282, 38, 8.82%, 0, 0, 6, 46.56, 5777, 9789830
1606779504, 0, 1417, 1534, 1283, 38, 8.82%, 0, 0, 6, 33.75, 5777, 9791842
1606779927, 0, 1418, 1535, 1283, 37, 8.82%, 0, 0, 6, 1778.59, 5777, 9818999
1606779968, 0, 1421, 1535, 1282, 36, 8.82%, 0, 0, 6, 2058.57, 5777, 9901771
1606780008, 0, 1426, 1535, 1281, 35, 8.82%, 0, 0, 6, 20.84, 5777, 9975961
1606780111, 0, 1426, 1536, 1282, 35, 8.82%, 0, 0, 6, 20.01, 5780, 9978701
1606780865, 0, 1426, 1537, 1283, 35, 8.82%, 0, 0, 6, 18.27, 5780, 10013928
1606781176, 0, 1426, 1538, 1284, 35, 8.82%, 0, 0, 6, 25.84, 5780, 10041076
1606781582, 0, 1427, 1538, 1283, 35, 8.82%, 0, 0, 6, 54.52, 5780, 10061234
1606781956, 0, 1427, 1539, 1284, 35, 8.82%, 0, 0, 6, 17.89, 5780, 10071270
1606782847, 0, 1427, 1540, 1285, 35, 8.82%, 0, 0, 6, 19.41, 5780, 10123074
1606783286, 0, 1429, 1540, 1284, 34, 8.82%, 0, 0, 6, 305.77, 5780, 10142526
1606783367, 0, 1429, 1541, 1285, 34, 8.82%, 0, 0, 6, 20.33, 5780, 10145049
1606784767, 0, 1430, 1541, 1284, 34, 8.82%, 0, 0, 6, 267.46, 5780, 10227712
1606784874, 0, 1430, 1542, 1285, 34, 8.82%, 0, 0, 6, 17.69, 5780, 10230728
1606785665, 0, 1430, 1543, 1286, 34, 8.82%, 0, 0, 6, 17.31, 5780, 10266292
1606786021, 0, 1430, 1545, 1288, 34, 8.82%, 0, 0, 6, 44.33, 5780, 10294856
1606786408, 0, 1433, 1545, 1287, 33, 8.82%, 0, 0, 6, 844.73, 5780, 10313900
1606787891, 0, 1434, 1545, 1286, 32, 8.82%, 0, 0, 6, 1600.57, 5780, 10401455
1606788008, 0, 1452, 1547, 1287, 31, 8.82%, 0, 0, 6, 1437.85, 5780, 10487404
1606788013, 0, 1452, 1548, 1288, 31, 8.82%, 0, 0, 6, 1277.26, 5780, 10493564
1606788089, 0, 1453, 1548, 1287, 30, 8.82%, 0, 0, 6, 1400.71, 5780, 10603698
1606788175, 0, 1458, 1549, 1287, 29, 8.82%, 0, 0, 6, 1281.68, 5780, 10726232
1606788256, 0, 1459, 1549, 1286, 29, 8.82%, 0, 0, 6, 1326.13, 5780, 10843771
1606788267, 0, 1459, 1550, 1287, 29, 8.82%, 0, 0, 6, 1155.66, 5780, 10855970
1606788337, 0, 1460, 1551, 1287, 29, 8.82%, 0, 0, 6, 1343.20, 5780, 10960289
1606788342, 0, 1460, 1553, 1289, 29, 8.82%, 0, 0, 6, 1251.92, 5783, 10966633
1606788383, 0, 1460, 1554, 1290, 29, 8.83%, 0, 0, 6, 1560.31, 5786, 11026411
1606788419, 0, 1460, 1556, 1292, 29, 8.83%, 0, 0, 6, 1556.57, 5788, 11078591
1606788424, 0, 1464, 1556, 1291, 31, 8.83%, 0, 0, 6, 1420.93, 5788, 11085795
1606788490, 0, 1464, 1557, 1292, 31, 8.83%, 0, 0, 6, 1434.70, 5788, 11185794
1606788495, 0, 1467, 1558, 1292, 31, 8.83%, 0, 0, 6, 1340.38, 5788, 11192559
1606788572, 0, 1468, 1558, 1291, 31, 8.83%, 0, 0, 6, 1419.11, 5788, 11306567
1606788643, 0, 1476, 1560, 1292, 30, 8.83%, 0, 0, 6, 1400.49, 5788, 11415443
1606788709, 0, 1477, 1560, 1291, 29, 8.83%, 0, 0, 6, 1491.60, 5788, 11517159
1606788714, 0, 1477, 1562, 1293, 29, 8.83%, 0, 0, 6, 1426.37, 5788, 11524278
1606788724, 0, 1477, 1563, 1294, 29, 8.83%, 0, 0, 6, 1471.44, 5788, 11539069
1606788775, 0, 1478, 1563, 1293, 28, 8.83%, 0, 0, 6, 1442.04, 5788, 11619889
1606788841, 0, 1481, 1563, 1292, 27, 8.83%, 0, 0, 6, 1493.44, 5788, 11721773
1606788846, 0, 1481, 1565, 1294, 27, 8.83%, 0, 0, 6, 1368.00, 5788, 11728533
1606788912, 0, 1484, 1566, 1294, 27, 8.86%, 0, 0, 6, 1582.16, 5809, 11831754
1606788948, 0, 1485, 1566, 1293, 26, 8.86%, 0, 0, 6, 1675.64, 5809, 11893870
1606788984, 0, 1487, 1566, 1292, 25, 8.86%, 0, 0, 6, 1800.21, 5809, 11956704
1606788989, 0, 1496, 1569, 1294, 24, 8.86%, 0, 0, 6, 52.60, 5809, 11963361
1606789025, 0, 1496, 1572, 1297, 24, 8.86%, 0, 0, 6, 16.60, 5809, 11964398
1606789030, 0, 1496, 1574, 1299, 24, 8.86%, 0, 0, 6, 16.30, 5809, 11964480
1606789061, 0, 1496, 1576, 1301, 24, 8.86%, 0, 0, 6, 16.25, 5809, 11965453
1606789092, 0, 1496, 1577, 1302, 24, 8.86%, 0, 0, 6, 207.41, 5809, 11966047
1606789097, 0, 1496, 1580, 1305, 24, 8.86%, 0, 0, 6, 25.51, 5809, 11966462
1606789113, 0, 1496, 1581, 1306, 24, 8.86%, 0, 0, 6, 16.41, 5809, 11967380
