# unix_time, cycles_done, cur_path, paths_total, pending_total, pending_favs, map_size, unique_crashes, unique_hangs, max_depth, execs_per_sec, edge_coverage, total_execs
1603757207, 0, 0, 3, 3, 3, 5.37%, 0, 0, 1, 0.57, 3519, 24
1603757212, 0, 0, 35, 35, 3, 5.62%, 0, 0, 2, 166.69, 3683, 542
1603757217, 0, 0, 67, 67, 3, 5.87%, 0, 0, 2, 140.86, 3849, 1089
1603757222, 0, 0, 79, 79, 3, 5.90%, 0, 0, 2, 141.62, 3865, 1794
1603757227, 0, 0, 122, 122, 3, 6.16%, 0, 0, 2, 137.60, 4035, 2498
1603757232, 0, 0, 132, 132, 3, 6.17%, 0, 0, 2, 141.68, 4044, 3236
1603757237, 0, 0, 177, 177, 3, 6.27%, 0, 0, 2, 142.55, 4111, 3930
1603757243, 0, 0, 188, 188, 3, 6.32%, 0, 0, 2, 141.46, 4143, 4600
1603757248, 0, 0, 198, 198, 3, 6.36%, 0, 0, 2, 141.08, 4166, 5338
1603757253, 0, 0, 205, 205, 3, 6.39%, 0, 0, 2, 136.93, 4187, 6034
1603757258, 0, 0, 213, 213, 3, 7.26%, 0, 0, 2, 136.81, 4760, 6242
1603757263, 0, 0, 238, 238, 3, 7.34%, 0, 0, 2, 132.99, 4812, 6913
1603757268, 0, 0, 243, 243, 3, 7.35%, 0, 0, 2, 138.22, 4818, 7623
1603757273, 0, 0, 251, 251, 3, 7.41%, 0, 0, 2, 137.61, 4859, 8317
1603757279, 0, 0, 257, 257, 3, 7.42%, 0, 0, 2, 139.63, 4860, 9035
1603757284, 0, 0, 264, 264, 3, 7.42%, 0, 0, 2, 139.44, 4864, 9744
1603757289, 0, 0, 280, 280, 3, 7.47%, 0, 0, 2, 130.41, 4897, 10431
1603757294, 0, 0, 291, 291, 3, 7.50%, 0, 0, 2, 123.08, 4917, 11041
1603757299, 0, 0, 302, 302, 3, 7.54%, 0, 0, 2, 134.27, 4939, 11741
1603757309, 0, 0, 309, 309, 3, 7.60%, 0, 0, 2, 136.44, 4979, 13113
1603757315, 0, 0, 319, 319, 3, 7.90%, 0, 0, 2, 103.30, 5176, 13587
1603757340, 0, 0, 343, 343, 3, 8.00%, 0, 0, 2, 133.90, 5242, 17111
1603757345, 0, 0, 351, 351, 3, 8.04%, 0, 0, 2, 137.00, 5267, 17819
1603757350, 0, 0, 353, 353, 3, 8.04%, 0, 0, 2, 139.82, 5268, 18543
1603757355, 0, 0, 354, 354, 3, 8.04%, 0, 0, 2, 139.05, 5271, 19249
1603757366, 0, 0, 356, 356, 3, 8.05%, 0, 0, 2, 139.99, 5273, 20683
1603757371, 0, 0, 361, 361, 3, 8.06%, 0, 0, 2, 138.12, 5281, 21383
1603757376, 0, 0, 366, 366, 3, 8.06%, 0, 0, 2, 138.17, 5285, 22089
1603757422, 0, 0, 373, 373, 3, 8.06%, 0, 0, 2, 138.04, 5285, 28438
1603757442, 0, 0, 375, 375, 3, 8.06%, 0, 0, 2, 139.65, 5285, 31230
1603757447, 0, 0, 376, 376, 3, 8.06%, 0, 0, 2, 134.67, 5285, 31901
1603757452, 0, 0, 378, 378, 3, 8.06%, 0, 0, 2, 137.48, 5285, 32624
1603757458, 0, 0, 380, 380, 3, 8.07%, 0, 0, 2, 139.21, 5288, 33330
1603757468, 0, 0, 382, 382, 3, 8.07%, 0, 0, 2, 138.08, 5289, 34738
1603757473, 0, 0, 385, 385, 3, 8.07%, 0, 0, 2, 134.59, 5289, 35416
1603757478, 0, 0, 388, 388, 3, 8.07%, 0, 0, 2, 134.95, 5289, 36118
1603757483, 0, 0, 390, 390, 3, 8.07%, 0, 0, 2, 144.93, 5289, 36856
1603757493, 0, 0, 391, 391, 3, 8.07%, 0, 0, 2, 139.68, 5292, 38276
1603757498, 0, 0, 393, 393, 3, 8.08%, 0, 0, 2, 137.28, 5293, 38978
1603757504, 0, 0, 395, 395, 3, 8.08%, 0, 0, 2, 134.42, 5296, 39650
1603757524, 0, 0, 396, 396, 3, 8.08%, 0, 0, 2, 139.46, 5296, 42468
1603757529, 0, 0, 397, 397, 3, 8.08%, 0, 0, 2, 135.75, 5296, 43168
1603757545, 0, 0, 399, 399, 3, 8.08%, 0, 0, 2, 135.52, 5296, 45280
1603757550, 0, 0, 400, 400, 3, 8.08%, 0, 0, 2, 136.92, 5296, 45981
1603757555, 0, 0, 458, 458, 3, 8.10%, 0, 0, 2, 147.30, 5310, 46701
1603757560, 0, 0, 512, 512, 3, 8.15%, 0, 0, 2, 144.35, 5344, 47453
1603757568, 0, 0, 522, 522, 3, 8.42%, 0, 0, 2, 0.14, 5517, 47576
1603757573, 0, 0, 564, 564, 3, 8.42%, 0, 0, 2, 148.77, 5521, 48335
1603757579, 0, 0, 590, 590, 3, 8.43%, 0, 0, 2, 153.64, 5523, 49143
1603757584, 0, 0, 607, 607, 3, 8.44%, 0, 0, 2, 156.55, 5530, 49933
1603757589, 0, 0, 624, 624, 3, 8.45%, 0, 0, 2, 158.00, 5535, 50730
1603757594, 0, 1, 638, 637, 221, 8.45%, 0, 0, 2, 109.86, 5539, 51321
1603757609, 0, 1, 643, 642, 221, 8.52%, 0, 0, 2, 44.92, 5581, 51989
1603757614, 0, 1, 649, 648, 221, 8.52%, 0, 0, 2, 43.30, 5583, 52205
1603757619, 0, 1, 658, 657, 221, 8.52%, 0, 0, 2, 43.40, 5583, 52431
1603757625, 0, 1, 661, 660, 221, 8.52%, 0, 0, 2, 43.49, 5583, 52656
1603757630, 0, 1, 663, 662, 221, 8.52%, 0, 0, 2, 43.04, 5583, 52872
1603757635, 0, 1, 665, 664, 221, 8.52%, 0, 0, 2, 41.71, 5583, 53079
1603757640, 0, 1, 666, 665, 221, 8.52%, 0, 0, 2, 42.29, 5583, 53295
1603757645, 0, 1, 670, 669, 221, 8.53%, 0, 0, 2, 42.92, 5593, 53519
1603757660, 0, 1, 671, 670, 221, 8.53%, 0, 0, 2, 43.96, 5593, 54184
1603757665, 0, 1, 675, 674, 221, 8.53%, 0, 0, 2, 43.14, 5593, 54401
1603757670, 0, 1, 676, 675, 221, 8.53%, 0, 0, 2, 42.75, 5593, 54619
1603757675, 0, 1, 679, 678, 221, 8.53%, 0, 0, 2, 42.62, 5593, 54835
1603757680, 0, 1, 683, 682, 221, 8.54%, 0, 0, 2, 44.33, 5594, 55056
1603757691, 0, 1, 688, 687, 221, 8.54%, 0, 0, 2, 44.97, 5595, 55501
1603757696, 0, 1, 690, 689, 221, 8.54%, 0, 0, 2, 43.37, 5595, 55721
1603757701, 0, 1, 692, 691, 221, 8.54%, 0, 0, 2, 42.38, 5596, 55937
1603757706, 0, 1, 696, 695, 221, 8.57%, 0, 0, 2, 42.85, 5615, 56157
1603757711, 0, 1, 702, 701, 221, 8.60%, 0, 0, 2, 43.58, 5634, 56361
1603757716, 0, 1, 703, 702, 221, 8.60%, 0, 0, 2, 42.64, 5635, 56579
1603757721, 0, 1, 705, 704, 221, 8.60%, 0, 0, 2, 42.81, 5635, 56795
1603757731, 0, 1, 711, 710, 221, 8.60%, 0, 0, 2, 43.99, 5636, 57244
1603757752, 0, 1, 712, 711, 221, 8.60%, 0, 0, 2, 42.21, 5636, 58117
1603757777, 0, 1, 713, 712, 221, 8.60%, 0, 0, 2, 42.78, 5636, 59197
1603757788, 0, 1, 716, 715, 221, 8.60%, 0, 0, 2, 42.49, 5637, 59629
1603757793, 0, 1, 719, 718, 221, 8.61%, 0, 0, 2, 42.68, 5640, 59845
1603757798, 0, 1, 720, 719, 221, 8.61%, 0, 0, 2, 43.54, 5640, 60070
1603757818, 0, 1, 722, 721, 221, 8.61%, 0, 0, 2, 43.39, 5642, 60934
1603757864, 0, 1, 723, 722, 221, 8.61%, 0, 0, 2, 42.24, 5642, 62929
1603757885, 0, 1, 724, 723, 221, 8.61%, 0, 0, 2, 44.59, 5642, 63830
1603757911, 0, 1, 725, 724, 221, 8.61%, 0, 0, 2, 42.45, 5642, 64929
1603757931, 0, 1, 726, 725, 221, 8.61%, 0, 0, 2, 43.84, 5642, 65800
1603757936, 0, 1, 727, 726, 221, 8.61%, 0, 0, 2, 43.82, 5644, 66028
1603757941, 0, 1, 729, 728, 221, 8.61%, 0, 0, 2, 42.37, 5644, 66245
1603757946, 0, 1, 730, 729, 221, 8.61%, 0, 0, 2, 42.28, 5644, 66461
1603757966, 0, 1, 731, 730, 221, 8.61%, 0, 0, 2, 43.03, 5644, 67327
1603758048, 0, 1, 732, 731, 221, 8.61%, 0, 0, 2, 42.37, 5644, 70792
1603758119, 0, 1, 733, 732, 221, 8.61%, 0, 0, 2, 43.10, 5644, 73836
1603758139, 0, 1, 734, 733, 221, 8.61%, 0, 0, 2, 43.11, 5644, 74710
1603758180, 0, 1, 735, 734, 221, 8.61%, 0, 0, 2, 43.54, 5645, 76467
1603758364, 0, 1, 736, 735, 221, 8.61%, 0, 0, 2, 42.85, 5645, 84275
1603758414, 0, 1, 738, 737, 221, 8.61%, 0, 0, 2, 42.89, 5645, 86505
1603758445, 0, 1, 739, 738, 221, 8.61%, 0, 0, 2, 41.26, 5645, 87793
1603758455, 0, 1, 741, 740, 221, 8.61%, 0, 0, 2, 42.09, 5645, 88219
1603758592, 0, 1, 742, 741, 221, 8.61%, 0, 0, 2, 42.99, 5645, 94087
1603758642, 0, 1, 743, 742, 221, 8.61%, 0, 0, 2, 43.26, 5645, 96332
1603758688, 0, 1, 744, 743, 221, 8.61%, 0, 0, 2, 43.28, 5645, 98282
1603758733, 0, 1, 745, 744, 221, 8.62%, 0, 0, 2, 42.77, 5646, 100227
1603758738, 0, 1, 746, 745, 221, 8.62%, 0, 0, 2, 43.04, 5647, 100443
1603758794, 0, 1, 747, 746, 221, 8.62%, 0, 0, 2, 42.09, 5647, 102828
1603758814, 0, 1, 748, 747, 221, 8.62%, 0, 0, 2, 42.49, 5648, 103739
1603758916, 0, 1, 749, 748, 221, 8.62%, 0, 0, 2, 42.67, 5649, 108069
1603758951, 0, 1, 750, 749, 221, 8.62%, 0, 0, 2, 43.10, 5649, 109583
1603759118, 0, 1, 751, 750, 221, 8.62%, 0, 0, 2, 42.75, 5649, 116738
1603759128, 0, 1, 752, 751, 221, 8.63%, 0, 0, 2, 42.24, 5657, 117170
1603759133, 0, 1, 758, 757, 221, 8.65%, 0, 0, 2, 42.12, 5672, 117382
1603759291, 0, 1, 760, 759, 221, 8.66%, 0, 0, 2, 42.57, 5675, 124132
1603759301, 0, 1, 762, 761, 221, 8.67%, 0, 0, 2, 42.58, 5679, 124562
1603759464, 0, 1, 763, 762, 221, 8.67%, 0, 0, 2, 42.97, 5679, 131555
1603759495, 0, 1, 764, 763, 221, 8.67%, 0, 0, 2, 43.79, 5679, 132878
1603760697, 0, 1, 765, 764, 221, 8.67%, 0, 0, 2, 42.66, 5681, 144227
1603761104, 0, 1, 766, 765, 221, 8.67%, 0, 0, 2, 44.04, 5681, 161635
1603761109, 0, 1, 767, 766, 221, 8.67%, 0, 0, 2, 44.61, 5681, 161866
1603761150, 0, 1, 768, 767, 221, 8.67%, 0, 0, 2, 48.72, 5681, 163648
1603761161, 0, 1, 769, 768, 221, 8.67%, 0, 0, 2, 45.65, 5681, 164112
1603761181, 0, 1, 770, 769, 221, 8.67%, 0, 0, 2, 43.24, 5684, 164982
1603761283, 0, 1, 771, 770, 221, 8.67%, 0, 0, 2, 42.16, 5684, 169440
1603761329, 0, 1, 772, 771, 221, 8.67%, 0, 0, 2, 44.43, 5684, 171417
1603761365, 0, 1, 773, 772, 221, 8.67%, 0, 0, 2, 43.07, 5685, 172945
1603761375, 0, 1, 774, 773, 221, 8.67%, 0, 0, 2, 42.73, 5685, 173379
1603761380, 0, 1, 775, 774, 221, 8.67%, 0, 0, 2, 42.92, 5685, 173595
1603761395, 0, 1, 776, 775, 221, 8.67%, 0, 0, 2, 42.74, 5685, 174260
1603761400, 0, 1, 777, 776, 221, 8.67%, 0, 0, 2, 43.04, 5685, 174478
1603761568, 0, 1, 778, 777, 221, 8.67%, 0, 0, 2, 42.35, 5685, 181655
1603761578, 0, 1, 779, 778, 221, 8.67%, 0, 0, 2, 42.87, 5685, 182087
1603761614, 0, 1, 781, 780, 221, 8.67%, 0, 0, 2, 42.65, 5685, 183599
1603761669, 0, 1, 782, 781, 221, 8.68%, 0, 0, 2, 42.70, 5686, 186023
1603761674, 0, 1, 783, 782, 221, 8.68%, 0, 0, 2, 43.35, 5686, 186248
1603761843, 0, 1, 784, 783, 221, 8.68%, 0, 0, 2, 42.49, 5686, 193504
1603761863, 0, 1, 785, 784, 221, 8.68%, 0, 0, 2, 42.25, 5686, 194368
1603761930, 0, 1, 786, 785, 221, 8.68%, 0, 0, 2, 42.43, 5686, 197180
1603762220, 0, 1, 787, 786, 221, 8.68%, 0, 0, 2, 42.38, 5686, 209534
1603762261, 0, 1, 789, 788, 221, 8.68%, 0, 0, 2, 43.48, 5686, 211271
1603762484, 0, 1, 790, 789, 221, 8.68%, 0, 0, 2, 42.70, 5686, 220734
1603762509, 0, 1, 792, 791, 221, 8.68%, 0, 0, 2, 43.18, 5686, 221853
1603762625, 0, 1, 793, 792, 221, 8.68%, 0, 0, 2, 42.56, 5686, 226827
1603762656, 0, 1, 798, 797, 221, 8.68%, 0, 0, 2, 44.53, 5686, 228131
1603762661, 0, 1, 818, 817, 221, 8.68%, 0, 0, 2, 44.21, 5688, 228355
1603762666, 0, 1, 832, 831, 221, 8.69%, 0, 0, 2, 45.06, 5698, 228582
1603762671, 0, 1, 848, 847, 221, 8.71%, 0, 0, 2, 47.38, 5708, 228830
1603762676, 0, 1, 862, 861, 221, 8.71%, 0, 0, 2, 46.82, 5709, 229063
1603762681, 0, 1, 875, 874, 221, 8.72%, 0, 0, 2, 45.75, 5714, 229294
1603762686, 0, 1, 882, 881, 221, 8.72%, 0, 0, 2, 46.13, 5714, 229529
1603762691, 0, 1, 890, 889, 221, 8.72%, 0, 0, 2, 47.53, 5714, 229773
1603762696, 0, 1, 900, 899, 221, 8.72%, 0, 0, 2, 49.50, 5716, 230025
1603762701, 0, 1, 908, 907, 221, 8.72%, 0, 0, 2, 47.20, 5716, 230261
1603762706, 0, 1, 917, 916, 221, 8.72%, 0, 0, 2, 46.37, 5716, 230498
1603762711, 0, 1, 923, 922, 221, 8.72%, 0, 0, 2, 46.66, 5716, 230734
1603762716, 0, 1, 932, 931, 221, 8.72%, 0, 0, 2, 46.58, 5716, 230970
1603762722, 0, 1, 943, 942, 221, 8.72%, 0, 0, 2, 44.94, 5716, 231199
1603762727, 0, 1, 946, 945, 221, 8.72%, 0, 0, 2, 48.61, 5716, 231449
1603762732, 0, 1, 951, 950, 221, 8.85%, 0, 0, 2, 8.94, 5797, 231669
1603762737, 0, 1, 959, 958, 221, 8.85%, 0, 0, 2, 48.65, 5799, 231917
1603762742, 0, 1, 963, 962, 221, 8.85%, 0, 0, 2, 48.05, 5799, 232159
1603762747, 0, 1, 966, 965, 221, 8.85%, 0, 0, 2, 49.37, 5799, 232407
1603762753, 0, 1, 970, 969, 221, 8.85%, 0, 0, 2, 48.30, 5799, 232648
1603762758, 0, 1, 975, 974, 221, 8.85%, 0, 0, 2, 47.21, 5801, 232885
1603762763, 0, 1, 981, 980, 221, 8.85%, 0, 0, 2, 47.81, 5801, 233129
1603762768, 0, 1, 986, 985, 221, 8.85%, 0, 0, 2, 49.33, 5801, 233380
1603762773, 0, 1, 988, 987, 221, 8.85%, 0, 0, 2, 48.90, 5801, 233624
1603762778, 0, 2, 1009, 1007, 239, 8.88%, 0, 0, 2, 425.87, 5821, 234976
1603762783, 0, 2, 1011, 1009, 239, 8.88%, 0, 0, 2, 487.22, 5821, 237572
1603762788, 0, 2, 1016, 1014, 239, 8.93%, 0, 0, 2, 474.68, 5851, 239998
1603762793, 0, 2, 1018, 1016, 239, 8.93%, 0, 0, 2, 500.55, 5854, 242523
1603762798, 0, 2, 1021, 1019, 239, 8.93%, 0, 0, 2, 500.57, 5854, 245028
1603762803, 0, 2, 1052, 1050, 239, 8.96%, 0, 0, 2, 530.30, 5869, 247729
1603762808, 0, 2, 1063, 1061, 239, 8.96%, 0, 0, 2, 549.40, 5872, 250507
1603762813, 0, 2, 1073, 1071, 239, 8.96%, 0, 0, 2, 548.61, 5872, 253317
1603762819, 0, 2, 1077, 1075, 239, 8.96%, 0, 0, 2, 554.64, 5873, 256140
1603762824, 0, 2, 1080, 1078, 239, 8.96%, 0, 0, 2, 552.62, 5873, 258903
1603762829, 0, 2, 1082, 1080, 239, 8.96%, 0, 0, 2, 551.69, 5873, 261691
1603762834, 0, 17, 1083, 1079, 256, 8.96%, 0, 0, 2, 498.22, 5873, 264248
1603762839, 0, 21, 1083, 1078, 255, 8.96%, 0, 0, 2, 303.18, 5873, 265765
1603763167, 0, 21, 1096, 1091, 255, 8.97%, 0, 0, 3, 150.93, 5879, 310986
1603763172, 0, 21, 1103, 1098, 255, 8.97%, 0, 0, 3, 156.82, 5879, 311804
1603763177, 0, 21, 1113, 1108, 255, 8.98%, 0, 0, 3, 152.82, 5882, 312599
1603763182, 0, 22, 1114, 1108, 254, 8.98%, 0, 0, 3, 149.92, 5882, 313362
1603763213, 0, 22, 1115, 1109, 254, 8.98%, 0, 0, 3, 137.37, 5882, 317592
1603763510, 0, 22, 1121, 1115, 254, 8.98%, 0, 0, 3, 148.99, 5884, 358581
1603763515, 0, 22, 1128, 1122, 254, 8.98%, 0, 0, 3, 156.34, 5884, 359394
1603763520, 0, 22, 1133, 1127, 254, 9.08%, 0, 0, 3, 155.26, 5950, 360136
1603763525, 0, 27, 1140, 1133, 252, 9.08%, 0, 0, 3, 149.59, 5953, 360903
1603763561, 0, 27, 1141, 1134, 252, 9.09%, 0, 0, 3, 138.80, 5954, 365843
1603763586, 0, 27, 1143, 1136, 252, 9.09%, 0, 0, 3, 138.22, 5957, 369411
1603763853, 0, 27, 1148, 1141, 252, 9.09%, 0, 0, 3, 150.73, 5957, 406251
1603763858, 0, 27, 1151, 1144, 252, 9.09%, 0, 0, 3, 152.62, 5957, 407049
1603763863, 0, 27, 1156, 1149, 252, 9.09%, 0, 0, 3, 155.38, 5959, 407839
1603763868, 0, 40, 1158, 1150, 255, 9.09%, 0, 0, 3, 147.45, 5960, 408583
1603763929, 0, 40, 1159, 1151, 255, 9.10%, 0, 0, 3, 138.05, 5961, 417040
1603764205, 0, 42, 1159, 1150, 256, 9.10%, 0, 0, 3, 140.18, 5961, 454873
1603764225, 0, 42, 1161, 1152, 256, 9.10%, 0, 0, 3, 136.40, 5961, 457659
1603764271, 0, 42, 1162, 1153, 256, 9.10%, 0, 0, 3, 135.95, 5962, 463934
1603764548, 0, 47, 1163, 1153, 257, 9.10%, 0, 0, 3, 137.60, 5963, 501797
1603764564, 0, 47, 1164, 1154, 257, 9.10%, 0, 0, 3, 137.12, 5963, 503915
1603764620, 0, 47, 1166, 1156, 257, 9.10%, 0, 0, 3, 136.94, 5964, 511714
1603764877, 0, 56, 1166, 1155, 258, 9.10%, 0, 0, 3, 139.71, 5964, 546777
1603764948, 0, 56, 1167, 1156, 258, 9.10%, 0, 0, 3, 136.40, 5965, 556646
1603765128, 0, 60, 1169, 1157, 258, 9.10%, 0, 0, 3, 144.25, 5965, 580913
1603765133, 0, 60, 1170, 1158, 258, 9.10%, 0, 0, 3, 133.07, 5966, 581584
1603765148, 0, 60, 1171, 1159, 258, 9.10%, 0, 0, 3, 131.04, 5966, 583602
1603765169, 0, 60, 1172, 1160, 258, 9.10%, 0, 0, 3, 132.21, 5966, 586283
1603765205, 0, 60, 1173, 1161, 258, 9.10%, 0, 0, 3, 135.48, 5967, 591185
1603765343, 0, 60, 1174, 1162, 258, 9.11%, 0, 0, 3, 136.50, 5968, 609942
1603765395, 0, 60, 1179, 1167, 258, 9.11%, 0, 0, 3, 145.52, 5968, 616932
1603765400, 0, 60, 1180, 1168, 258, 9.11%, 0, 0, 3, 152.50, 5968, 617729
1603765405, 0, 60, 1189, 1177, 258, 9.11%, 0, 0, 3, 152.44, 5969, 618518
1603765410, 0, 67, 1195, 1182, 258, 9.11%, 0, 0, 3, 146.70, 5969, 619283
1603765498, 0, 67, 1196, 1183, 258, 9.11%, 0, 0, 3, 135.12, 5969, 631056
1603765672, 0, 86, 1197, 1183, 257, 9.11%, 0, 0, 3, 139.23, 5969, 654931
1603765683, 0, 86, 1198, 1184, 257, 9.11%, 0, 0, 3, 135.24, 5971, 656338
1603765698, 0, 86, 1199, 1185, 257, 9.11%, 0, 0, 3, 134.10, 5972, 658420
1603765780, 0, 86, 1201, 1187, 257, 9.12%, 0, 0, 3, 135.27, 5980, 669485
1603766005, 0, 86, 1202, 1188, 257, 9.22%, 0, 0, 3, 18.04, 6042, 699797
1603766010, 0, 86, 1207, 1193, 257, 9.23%, 0, 0, 3, 151.06, 6048, 700571
1603766015, 0, 86, 1212, 1198, 257, 9.23%, 0, 0, 3, 151.83, 6048, 701333
1603766020, 0, 86, 1216, 1202, 257, 9.23%, 0, 0, 3, 153.94, 6049, 702104
1603766025, 0, 87, 1216, 1201, 259, 9.23%, 0, 0, 3, 142.50, 6049, 702828
1603766035, 0, 87, 1218, 1203, 259, 9.23%, 0, 0, 3, 134.98, 6052, 704202
1603766050, 0, 87, 1219, 1204, 259, 9.24%, 0, 0, 3, 134.86, 6053, 706286
1603766127, 0, 87, 1220, 1205, 259, 9.24%, 0, 0, 3, 136.38, 6054, 716695
1603766132, 0, 87, 1221, 1206, 259, 9.24%, 0, 0, 3, 133.66, 6056, 717367
1603766357, 0, 87, 1225, 1210, 259, 9.24%, 0, 0, 3, 149.92, 6056, 747986
1603766362, 0, 87, 1231, 1216, 259, 9.24%, 0, 0, 3, 156.61, 6056, 748787
1603766367, 0, 87, 1234, 1219, 259, 9.24%, 0, 0, 3, 153.07, 6056, 749570
1603766372, 0, 88, 1236, 1220, 263, 9.24%, 0, 0, 3, 142.24, 6056, 750309
1603766383, 0, 88, 1237, 1221, 263, 9.24%, 0, 0, 3, 138.04, 6057, 751713
1603766475, 0, 88, 1238, 1222, 263, 9.24%, 0, 0, 3, 137.55, 6058, 764230
1603766700, 0, 88, 1240, 1224, 263, 9.25%, 0, 0, 3, 143.82, 6060, 795129
1603766706, 0, 88, 1244, 1228, 263, 9.25%, 0, 0, 3, 155.85, 6060, 795946
1603766711, 0, 88, 1247, 1231, 263, 9.25%, 0, 0, 3, 153.01, 6060, 796741
1603766717, 0, 88, 1249, 1233, 263, 10.03%, 0, 0, 3, 6.20, 6571, 796897
1603766722, 0, 89, 1252, 1235, 264, 10.03%, 0, 0, 3, 148.24, 6571, 797648
1603766732, 0, 89, 1254, 1237, 264, 10.03%, 0, 0, 3, 136.53, 6573, 799056
1603766829, 0, 89, 1255, 1238, 264, 10.03%, 0, 0, 3, 133.19, 6574, 812341
1603767050, 0, 92, 1255, 1237, 266, 10.03%, 0, 0, 3, 141.38, 6574, 842554
1603767384, 0, 92, 1259, 1241, 266, 10.03%, 0, 0, 3, 147.55, 6574, 888081
1603767389, 0, 92, 1263, 1245, 266, 10.03%, 0, 0, 3, 152.24, 6574, 888892
1603767394, 0, 92, 1267, 1249, 266, 10.03%, 0, 0, 3, 157.28, 6575, 889689
1603767399, 0, 94, 1267, 1248, 266, 10.03%, 0, 0, 3, 144.98, 6575, 890414
1603767410, 0, 94, 1270, 1251, 266, 10.05%, 0, 0, 3, 136.08, 6584, 891814
1603767425, 0, 94, 1272, 1253, 266, 10.05%, 0, 0, 3, 136.56, 6586, 893904
1603767435, 0, 94, 1273, 1254, 266, 10.05%, 0, 0, 3, 137.45, 6586, 895315
1603767446, 0, 94, 1275, 1256, 266, 10.05%, 0, 0, 3, 133.29, 6587, 896701
1603767507, 0, 94, 1281, 1262, 266, 10.06%, 0, 0, 3, 135.39, 6593, 905107
1603767610, 0, 94, 1282, 1263, 266, 10.06%, 0, 0, 3, 141.60, 6594, 919145
1603767723, 0, 94, 1286, 1267, 266, 10.09%, 0, 0, 3, 136.16, 6612, 934584
1603767729, 0, 94, 1290, 1271, 266, 10.09%, 0, 0, 3, 140.22, 6613, 935303
1603767734, 0, 94, 1296, 1277, 266, 10.10%, 0, 0, 3, 153.37, 6620, 936106
1603767739, 0, 94, 1304, 1285, 266, 10.10%, 0, 0, 3, 158.26, 6622, 936926
1603767744, 0, 94, 1309, 1290, 266, 10.11%, 0, 0, 3, 151.23, 6628, 937674
1603767749, 0, 95, 1309, 1289, 282, 10.11%, 0, 0, 3, 140.54, 6628, 938394
1603767759, 0, 95, 1310, 1290, 282, 10.11%, 0, 0, 3, 136.68, 6628, 939796
1603768079, 0, 98, 1310, 1289, 281, 10.11%, 0, 0, 3, 141.05, 6628, 983299
1603768187, 0, 98, 1311, 1290, 281, 10.12%, 0, 0, 3, 139.03, 6629, 998010
1603768408, 0, 103, 1311, 1289, 281, 10.12%, 0, 0, 3, 139.79, 6629, 1028316
1603768737, 0, 106, 1311, 1288, 280, 10.12%, 0, 0, 3, 142.50, 6629, 1073208
1603769071, 0, 108, 1312, 1288, 279, 10.12%, 0, 0, 3, 143.47, 6629, 1118840
1603769117, 0, 108, 1313, 1289, 279, 10.12%, 0, 0, 3, 139.81, 6630, 1125163
1603769184, 0, 108, 1316, 1292, 279, 10.12%, 0, 0, 3, 137.76, 6633, 1134307
1603769400, 0, 108, 1322, 1298, 279, 10.13%, 0, 0, 3, 148.56, 6639, 1163918
1603769405, 0, 108, 1323, 1299, 279, 10.13%, 0, 0, 3, 156.33, 6639, 1164708
1603769410, 0, 108, 1326, 1302, 279, 10.13%, 0, 0, 3, 157.24, 6639, 1165497
1603769415, 0, 119, 1326, 1301, 285, 10.13%, 0, 0, 3, 147.03, 6639, 1166243
1603769425, 0, 119, 1327, 1302, 285, 10.13%, 0, 0, 3, 136.34, 6640, 1167643
1603769533, 0, 119, 1328, 1303, 285, 10.13%, 0, 0, 3, 137.19, 6641, 1182434
1603769742, 0, 120, 1328, 1302, 286, 10.13%, 0, 0, 3, 139.01, 6641, 1211331
1603770070, 0, 120, 1330, 1304, 286, 10.13%, 0, 0, 3, 152.05, 6641, 1256460
1603770075, 0, 127, 1330, 1303, 285, 10.13%, 0, 0, 3, 140.21, 6641, 1257188
1603770121, 0, 127, 1331, 1304, 285, 10.13%, 0, 0, 3, 137.73, 6642, 1263493
1603770398, 0, 127, 1332, 1305, 285, 10.13%, 0, 0, 3, 139.66, 6642, 1301505
1603770403, 0, 127, 1335, 1308, 285, 10.14%, 0, 0, 3, 153.58, 6643, 1302328
1603770409, 0, 127, 1340, 1313, 285, 10.14%, 0, 0, 3, 153.95, 6643, 1303115
1603770414, 0, 127, 1344, 1317, 285, 10.14%, 0, 0, 3, 157.86, 6643, 1303921
1603770419, 0, 132, 1344, 1316, 286, 10.14%, 0, 0, 3, 142.43, 6643, 1304632
1603770698, 0, 143, 1346, 1317, 285, 10.14%, 0, 0, 3, 198.64, 6643, 1348843
1603770942, 0, 148, 1346, 1316, 284, 10.14%, 0, 0, 3, 190.26, 6643, 1393974
1603770968, 0, 148, 1347, 1317, 284, 10.14%, 0, 0, 3, 185.09, 6643, 1398625
1603771186, 0, 148, 1349, 1319, 284, 10.14%, 0, 0, 3, 183.92, 6643, 1438660
1603771192, 0, 148, 1353, 1323, 284, 10.14%, 0, 0, 3, 206.25, 6643, 1439765
1603771197, 0, 148, 1357, 1327, 284, 10.14%, 0, 0, 3, 207.17, 6644, 1440803
1603771202, 0, 149, 1357, 1326, 284, 10.14%, 0, 0, 3, 191.96, 6644, 1441769
1603771227, 0, 149, 1358, 1327, 284, 10.14%, 0, 0, 3, 183.31, 6646, 1446432
1603771445, 0, 163, 1358, 1326, 284, 10.14%, 0, 0, 3, 190.15, 6646, 1486564
1603771689, 0, 164, 1358, 1325, 283, 10.14%, 0, 0, 3, 190.48, 6646, 1531399
1603771938, 0, 171, 1358, 1324, 282, 10.14%, 0, 0, 3, 187.37, 6646, 1577175
1603772181, 0, 171, 1359, 1325, 282, 10.15%, 0, 0, 3, 135.72, 6653, 1621487
1603772186, 0, 172, 1359, 1324, 281, 10.15%, 0, 0, 3, 134.18, 6653, 1622192
1603772202, 0, 172, 1360, 1325, 281, 10.15%, 0, 0, 3, 137.91, 6653, 1624266
1603772514, 0, 176, 1360, 1324, 280, 10.15%, 0, 0, 3, 139.66, 6653, 1667198
1603772842, 0, 177, 1361, 1324, 279, 10.15%, 0, 0, 3, 147.05, 6653, 1712154
1603772847, 0, 177, 1362, 1325, 279, 10.15%, 0, 0, 3, 139.19, 6654, 1712854
1603772903, 0, 177, 1363, 1326, 279, 10.15%, 0, 0, 3, 136.62, 6655, 1720675
1603773170, 0, 183, 1363, 1325, 280, 10.15%, 0, 0, 3, 140.66, 6655, 1757365
1603773283, 0, 183, 1364, 1326, 280, 10.15%, 0, 0, 3, 137.48, 6655, 1772846
1603773498, 0, 185, 1364, 1325, 279, 10.15%, 0, 0, 3, 140.70, 6655, 1802478
1603773570, 0, 185, 1365, 1326, 279, 10.16%, 0, 0, 3, 136.62, 6656, 1812371
1603773606, 0, 185, 1366, 1327, 279, 10.17%, 0, 0, 3, 141.47, 6662, 1817295
1603773826, 0, 189, 1366, 1326, 280, 10.17%, 0, 0, 3, 140.99, 6662, 1847578
1603773836, 0, 189, 1367, 1327, 280, 10.17%, 0, 0, 3, 136.61, 6663, 1848982
1603773929, 0, 189, 1368, 1328, 280, 10.17%, 0, 0, 3, 138.32, 6664, 1861635
1603774155, 0, 189, 1370, 1330, 280, 10.17%, 0, 0, 3, 150.35, 6666, 1892662
1603774160, 0, 190, 1370, 1329, 282, 10.17%, 0, 0, 3, 140.66, 6666, 1893365
1603774165, 0, 190, 1371, 1330, 282, 10.17%, 0, 0, 3, 137.89, 6668, 1894065
1603774186, 0, 190, 1372, 1331, 282, 10.18%, 0, 0, 3, 136.94, 6669, 1896817
1603774262, 0, 190, 1374, 1333, 282, 10.20%, 0, 0, 3, 132.58, 6683, 1907312
1603774488, 0, 192, 1374, 1332, 285, 10.20%, 0, 0, 3, 139.03, 6683, 1938340
1603774498, 0, 192, 1375, 1333, 285, 10.20%, 0, 0, 3, 137.45, 6685, 1939718
1603774816, 0, 192, 1381, 1339, 285, 10.22%, 0, 0, 3, 152.25, 6697, 1983421
1603774831, 0, 193, 1381, 1338, 287, 10.22%, 0, 0, 3, 147.34, 6697, 1985744
1603774939, 0, 193, 1382, 1339, 287, 10.22%, 0, 0, 3, 141.65, 6698, 2000527
1603775159, 0, 194, 1382, 1338, 287, 10.22%, 0, 0, 3, 140.27, 6698, 2030820
1603775488, 0, 195, 1382, 1337, 286, 10.22%, 0, 0, 3, 140.14, 6698, 2075886
1603775524, 0, 195, 1383, 1338, 286, 10.22%, 0, 0, 3, 137.08, 6698, 2080827
1603775596, 0, 195, 1384, 1339, 286, 10.22%, 0, 0, 3, 140.88, 6699, 2090705
1603775816, 0, 195, 1387, 1342, 286, 10.22%, 0, 0, 3, 151.70, 6700, 2121124
1603775821, 0, 195, 1388, 1343, 286, 10.22%, 0, 0, 3, 156.35, 6700, 2121945
1603775826, 0, 195, 1395, 1350, 286, 10.22%, 0, 0, 3, 156.13, 6701, 2122727
1603775831, 0, 200, 1395, 1349, 286, 10.22%, 0, 0, 3, 143.74, 6701, 2123448
1603776159, 0, 202, 1395, 1348, 285, 10.22%, 0, 0, 3, 140.58, 6701, 2168511
1603776277, 0, 202, 1396, 1349, 285, 10.23%, 0, 0, 3, 135.82, 6702, 2184732
1603776487, 0, 204, 1396, 1348, 285, 10.23%, 0, 0, 3, 163.39, 6702, 2213760
1603776681, 0, 212, 1396, 1347, 285, 10.23%, 0, 0, 3, 164.13, 6702, 2247558
1603777004, 0, 219, 1396, 1346, 284, 10.23%, 0, 0, 3, 140.92, 6702, 2291961
1603777332, 0, 219, 1400, 1350, 284, 10.23%, 0, 0, 3, 153.65, 6702, 2337033
1603777337, 0, 219, 1401, 1351, 284, 10.23%, 0, 0, 3, 155.39, 6702, 2337818
1603777352, 0, 222, 1401, 1350, 283, 10.23%, 0, 0, 3, 145.15, 6702, 2340074
1603777675, 0, 222, 1402, 1351, 283, 10.23%, 0, 0, 3, 146.60, 6702, 2384666
1603777680, 0, 234, 1402, 1350, 281, 10.23%, 0, 0, 3, 138.44, 6702, 2385367
1603778007, 0, 234, 1405, 1353, 281, 10.23%, 0, 0, 3, 153.76, 6702, 2430468
1603778012, 0, 236, 1405, 1352, 281, 10.23%, 0, 0, 3, 154.47, 6702, 2431254
1603778350, 0, 238, 1405, 1351, 280, 10.23%, 0, 0, 3, 142.86, 6702, 2477803
1603778457, 0, 238, 1406, 1352, 280, 10.23%, 0, 0, 3, 138.77, 6702, 2492600
1603778677, 0, 240, 1406, 1351, 279, 10.23%, 0, 0, 3, 144.00, 6702, 2523023
1603778871, 0, 240, 1407, 1352, 279, 10.23%, 0, 0, 3, 137.34, 6704, 2549988
1603778922, 0, 243, 1407, 1351, 279, 10.23%, 0, 0, 3, 140.33, 6704, 2557093
1603779244, 0, 243, 1408, 1352, 279, 10.23%, 0, 0, 3, 143.40, 6704, 2601574
1603779249, 0, 244, 1408, 1351, 279, 10.23%, 0, 0, 3, 143.50, 6704, 2602304
1603779254, 0, 244, 1409, 1352, 279, 10.23%, 0, 0, 3, 139.64, 6706, 2603012
1603779275, 0, 244, 1410, 1353, 279, 10.24%, 0, 0, 3, 140.01, 6708, 2605820
1603779351, 0, 244, 1411, 1354, 279, 10.24%, 0, 0, 3, 137.33, 6710, 2616389
1603779576, 0, 245, 1413, 1355, 281, 10.24%, 0, 0, 3, 150.29, 6710, 2647492
1603779581, 0, 245, 1414, 1356, 281, 10.24%, 0, 0, 3, 139.21, 6710, 2648195
1603779904, 0, 246, 1415, 1356, 281, 10.24%, 0, 0, 3, 139.20, 6714, 2692658
1603779981, 0, 246, 1416, 1357, 281, 10.25%, 0, 0, 3, 137.04, 6715, 2703235
1603780011, 0, 246, 1417, 1358, 281, 10.25%, 0, 0, 3, 137.54, 6716, 2707439
1603780032, 0, 246, 1418, 1359, 281, 10.25%, 0, 0, 3, 137.46, 6716, 2710281
1603780232, 0, 248, 1418, 1358, 282, 10.25%, 0, 0, 3, 140.26, 6716, 2737839
1603780339, 0, 248, 1419, 1359, 282, 10.25%, 0, 0, 3, 139.94, 6717, 2752664
1603780560, 0, 275, 1420, 1359, 282, 10.25%, 0, 0, 3, 137.65, 6717, 2782915
1603780887, 0, 275, 1422, 1361, 282, 10.25%, 0, 0, 3, 146.53, 6719, 2827990
1603780892, 0, 275, 1424, 1363, 282, 10.25%, 0, 0, 3, 151.26, 6719, 2828768
1603780897, 0, 278, 1424, 1362, 281, 10.25%, 0, 0, 3, 150.44, 6719, 2829548
1603781225, 0, 280, 1425, 1362, 281, 10.25%, 0, 0, 3, 143.55, 6719, 2874717
1603781552, 0, 281, 1425, 1361, 280, 10.25%, 0, 0, 3, 144.31, 6719, 2919882
1603781614, 0, 281, 1426, 1362, 280, 10.25%, 0, 0, 3, 138.36, 6720, 2928355
1603781880, 0, 282, 1427, 1362, 280, 10.25%, 0, 0, 3, 141.66, 6720, 2965101
1603782208, 0, 283, 1428, 1362, 279, 10.25%, 0, 0, 3, 142.85, 6720, 3010300
1603782351, 0, 283, 1442, 1376, 279, 10.30%, 0, 0, 3, 136.70, 6748, 3030032
1603782536, 0, 285, 1442, 1375, 292, 10.30%, 0, 0, 3, 144.10, 6748, 3055466
1603782869, 0, 287, 1443, 1375, 291, 10.30%, 0, 0, 3, 139.02, 6748, 3100691
1603783197, 0, 288, 1444, 1375, 290, 10.30%, 0, 0, 3, 141.85, 6748, 3145747
1603783525, 0, 289, 1445, 1375, 290, 10.30%, 0, 0, 3, 141.97, 6748, 3190911
1603783858, 0, 289, 1451, 1381, 290, 10.30%, 0, 0, 3, 148.48, 6748, 3235960
1603783863, 0, 289, 1454, 1384, 290, 10.30%, 0, 0, 3, 152.82, 6748, 3236733
1603783868, 0, 289, 1457, 1387, 290, 10.30%, 0, 0, 3, 153.99, 6748, 3237507
1603783878, 0, 290, 1458, 1387, 291, 10.30%, 0, 0, 3, 148.09, 6748, 3239039
1603784207, 0, 290, 1460, 1389, 291, 10.30%, 0, 0, 3, 144.73, 6748, 3283952
1603784213, 0, 292, 1461, 1389, 293, 10.30%, 0, 0, 3, 148.78, 6748, 3284729
1603784284, 0, 292, 1462, 1390, 293, 10.30%, 0, 0, 3, 136.25, 6748, 3294546
1603784551, 0, 294, 1462, 1389, 292, 10.30%, 0, 0, 3, 141.36, 6748, 3331084
1603784622, 0, 294, 1463, 1390, 292, 10.30%, 0, 0, 3, 136.33, 6748, 3340995
1603784893, 0, 302, 1463, 1389, 291, 10.30%, 0, 0, 3, 139.58, 6748, 3378007
1603784966, 0, 302, 1464, 1390, 291, 10.30%, 0, 0, 3, 135.75, 6752, 3387866
1603785223, 0, 302, 1468, 1394, 291, 10.30%, 0, 0, 3, 150.67, 6752, 3423144
1603785228, 0, 302, 1470, 1396, 291, 10.30%, 0, 0, 3, 157.25, 6752, 3423967
1603785238, 0, 302, 1472, 1398, 291, 10.30%, 0, 0, 3, 156.26, 6752, 3425585
1603785243, 0, 304, 1473, 1398, 292, 10.30%, 0, 0, 3, 144.40, 6752, 3426302
1603785566, 0, 307, 1473, 1397, 291, 10.30%, 0, 0, 3, 141.71, 6752, 3470828
1603785643, 0, 307, 1474, 1398, 291, 10.30%, 0, 0, 3, 135.65, 6753, 3481370
1603785684, 0, 307, 1475, 1399, 291, 10.30%, 0, 0, 3, 136.59, 6753, 3486992
1603785894, 0, 319, 1475, 1398, 291, 10.30%, 0, 0, 3, 142.40, 6753, 3515913
1603786002, 0, 319, 1477, 1400, 291, 10.31%, 0, 0, 3, 136.37, 6755, 3530691
1603786227, 0, 320, 1477, 1399, 292, 10.31%, 0, 0, 3, 138.49, 6755, 3561590
1603786232, 0, 320, 1479, 1401, 292, 10.31%, 0, 0, 3, 137.91, 6759, 3562290
1603786329, 0, 320, 1481, 1403, 292, 10.32%, 0, 0, 3, 136.32, 6761, 3575697
1603786555, 0, 321, 1481, 1402, 295, 10.32%, 0, 0, 3, 140.96, 6761, 3606220
1603786663, 0, 321, 1482, 1403, 295, 10.32%, 0, 0, 3, 135.44, 6763, 3620967
1603786883, 0, 321, 1483, 1404, 295, 10.32%, 0, 0, 3, 138.96, 6763, 3651173
1603786888, 0, 322, 1483, 1403, 295, 10.32%, 0, 0, 3, 133.55, 6763, 3651842
1603786996, 0, 322, 1484, 1404, 295, 10.32%, 0, 0, 3, 138.94, 6763, 3666619
1603787165, 0, 322, 1485, 1405, 295, 10.35%, 0, 0, 3, 131.53, 6784, 3689841
1603787211, 0, 322, 1486, 1406, 295, 10.35%, 0, 0, 3, 138.67, 6784, 3696199
1603787216, 0, 322, 1489, 1409, 295, 10.35%, 0, 0, 3, 153.70, 6784, 3696994
1603787221, 0, 322, 1491, 1411, 295, 10.35%, 0, 0, 3, 156.56, 6784, 3697779
1603787226, 0, 322, 1495, 1415, 295, 10.35%, 0, 0, 3, 157.88, 6786, 3698569
1603787236, 0, 323, 1495, 1414, 298, 10.35%, 0, 0, 3, 143.63, 6786, 3700098
1603787241, 0, 323, 1496, 1415, 298, 10.36%, 0, 0, 3, 141.15, 6788, 3700800
1603787262, 0, 323, 1497, 1416, 298, 10.36%, 0, 0, 3, 136.67, 6789, 3703590
1603787338, 0, 323, 1499, 1418, 298, 10.37%, 0, 0, 3, 136.30, 6793, 3714145
1603787563, 0, 325, 1500, 1418, 302, 10.37%, 0, 0, 3, 141.34, 6793, 3745066
1603787891, 0, 326, 1502, 1419, 302, 10.37%, 0, 0, 3, 147.39, 6793, 3790223
1603787901, 0, 326, 1504, 1421, 302, 10.37%, 0, 0, 3, 138.43, 6797, 3791629
1603787917, 0, 326, 1505, 1422, 302, 10.37%, 0, 0, 3, 137.39, 6799, 3793745
1603787998, 0, 326, 1508, 1425, 302, 10.38%, 0, 0, 3, 136.11, 6804, 3805004
1603788224, 0, 326, 1509, 1426, 302, 10.38%, 0, 0, 3, 138.23, 6804, 3835211
1603788229, 0, 327, 1509, 1425, 306, 10.38%, 0, 0, 3, 134.76, 6804, 3835884
1603788234, 0, 327, 1510, 1426, 306, 10.38%, 0, 0, 3, 131.86, 6805, 3836568
1603788330, 0, 327, 1511, 1427, 306, 10.39%, 0, 0, 3, 136.50, 6806, 3849525
1603788559, 0, 327, 1512, 1428, 306, 10.39%, 0, 0, 3, 138.72, 6806, 3880355
1603788565, 0, 328, 1512, 1427, 307, 10.39%, 0, 0, 3, 136.74, 6806, 3881076
1603788570, 0, 328, 1514, 1429, 307, 10.39%, 0, 0, 3, 135.29, 6811, 3881748
1603788590, 0, 328, 1515, 1430, 307, 10.40%, 0, 0, 3, 134.21, 6814, 3884478
1603788667, 0, 328, 1517, 1432, 307, 10.40%, 0, 0, 3, 133.81, 6815, 3894871
1603788897, 0, 329, 1519, 1433, 310, 10.40%, 0, 0, 3, 142.07, 6815, 3926157
1603789180, 0, 329, 1520, 1434, 310, 10.41%, 0, 0, 3, 127.39, 6822, 3964627
1603789226, 0, 329, 1521, 1435, 310, 10.41%, 0, 0, 3, 140.71, 6822, 3970951
1603789231, 0, 331, 1521, 1434, 310, 10.41%, 0, 0, 3, 136.57, 6822, 3971662
1603789236, 0, 331, 1522, 1435, 310, 10.41%, 0, 0, 3, 137.21, 6823, 3972364
1603789334, 0, 331, 1523, 1436, 310, 10.41%, 0, 0, 3, 135.29, 6824, 3985697
1603789559, 0, 332, 1525, 1437, 311, 10.41%, 0, 0, 3, 145.11, 6824, 4016590
1603789888, 0, 333, 1526, 1437, 310, 10.41%, 0, 0, 3, 141.84, 6824, 4061582
1603790217, 0, 334, 1527, 1437, 309, 10.41%, 0, 0, 3, 145.73, 6824, 4106710
1603790227, 0, 334, 1528, 1438, 309, 10.41%, 0, 0, 3, 138.55, 6825, 4108135
1603790324, 0, 334, 1529, 1439, 309, 10.42%, 0, 0, 3, 134.56, 6826, 4121480
1603790544, 0, 335, 1529, 1438, 310, 10.42%, 0, 0, 3, 142.03, 6826, 4151788
1603790554, 0, 335, 1530, 1439, 310, 10.42%, 0, 0, 3, 137.86, 6827, 4153203
1603790872, 0, 336, 1531, 1439, 310, 10.42%, 0, 0, 3, 145.35, 6827, 4196922
1603790882, 0, 336, 1532, 1440, 310, 10.42%, 0, 0, 3, 136.71, 6827, 4198311
1603790979, 0, 336, 1533, 1441, 310, 10.42%, 0, 0, 3, 136.55, 6828, 4211688
1603791199, 0, 336, 1535, 1443, 310, 10.42%, 0, 0, 3, 141.28, 6828, 4242016
1603791205, 0, 338, 1535, 1442, 310, 10.42%, 0, 0, 3, 142.19, 6828, 4242765
1603791533, 0, 339, 1536, 1442, 309, 10.42%, 0, 0, 3, 142.65, 6828, 4287699
1603791861, 0, 340, 1537, 1442, 308, 10.42%, 0, 0, 3, 138.06, 6828, 4332690
1603791871, 0, 340, 1538, 1443, 308, 10.42%, 0, 0, 3, 136.70, 6829, 4334099
1603791969, 0, 340, 1539, 1444, 308, 10.42%, 0, 0, 3, 136.23, 6830, 4347468
1603792190, 0, 341, 1539, 1443, 309, 10.42%, 0, 0, 3, 141.10, 6830, 4377700
1603792201, 0, 341, 1540, 1444, 309, 10.42%, 0, 0, 3, 135.70, 6831, 4379127
1603792298, 0, 341, 1541, 1445, 309, 10.42%, 0, 0, 3, 137.01, 6832, 4392590
1603792472, 0, 341, 1542, 1446, 309, 10.44%, 0, 0, 3, 134.49, 6840, 4416537
1603792519, 0, 345, 1542, 1445, 310, 10.44%, 0, 0, 3, 141.37, 6840, 4422910
1603792847, 0, 346, 1543, 1445, 309, 10.44%, 0, 0, 3, 141.93, 6840, 4468193
1603793176, 0, 349, 1543, 1444, 308, 10.44%, 0, 0, 3, 142.30, 6840, 4513204
1603793504, 0, 350, 1544, 1444, 307, 10.44%, 0, 0, 3, 144.16, 6840, 4558297
1603793530, 0, 350, 1545, 1445, 307, 10.44%, 0, 0, 3, 136.51, 6841, 4561811
1603793617, 0, 350, 1547, 1447, 307, 10.44%, 0, 0, 3, 137.07, 6843, 4573784
1603793833, 0, 352, 1547, 1446, 309, 10.44%, 0, 0, 3, 140.81, 6843, 4603297
1603793946, 0, 352, 1549, 1448, 309, 10.44%, 0, 0, 3, 137.38, 6845, 4618827
1603793951, 0, 352, 1551, 1450, 309, 10.45%, 0, 0, 3, 136.28, 6846, 4619527
1603794161, 0, 354, 1551, 1449, 311, 10.45%, 0, 0, 3, 143.05, 6846, 4648497
1603794289, 0, 354, 1552, 1450, 311, 10.45%, 0, 0, 3, 136.25, 6847, 4665936
1603794489, 0, 355, 1552, 1449, 311, 10.45%, 0, 0, 3, 141.28, 6847, 4693436
1603794812, 0, 379, 1553, 1449, 311, 10.45%, 0, 0, 3, 143.99, 6847, 4737637
1603794889, 0, 379, 1554, 1450, 311, 10.46%, 0, 0, 3, 137.22, 6852, 4748168
1603795155, 0, 392, 1554, 1449, 309, 10.46%, 0, 0, 3, 134.24, 6852, 4784502
1603795232, 0, 392, 1555, 1450, 309, 10.46%, 0, 0, 3, 131.84, 6854, 4794569
1603795440, 0, 394, 1555, 1449, 309, 10.46%, 0, 0, 3, 136.22, 6854, 4822427
1603795786, 0, 409, 1555, 1448, 309, 10.46%, 0, 0, 3, 143.94, 6854, 4868934
1603795930, 0, 425, 1556, 1448, 308, 10.46%, 0, 0, 3, 156.69, 6854, 4890106
1603796022, 0, 430, 1556, 1447, 307, 10.46%, 0, 0, 3, 161.80, 6854, 4907141
1603796027, 0, 430, 1557, 1448, 307, 10.46%, 0, 0, 3, 144.29, 6854, 4907847
1603796032, 0, 430, 1558, 1449, 307, 10.46%, 0, 0, 3, 139.20, 6855, 4908553
1603796047, 0, 430, 1559, 1450, 307, 10.46%, 0, 0, 3, 139.12, 6856, 4910653
1603796083, 0, 430, 1561, 1452, 307, 10.67%, 0, 0, 3, 12.36, 6991, 4915590
1603796104, 0, 430, 1564, 1455, 307, 10.68%, 0, 0, 3, 137.97, 6996, 4918427
1603796287, 0, 468, 1564, 1454, 312, 10.68%, 0, 0, 3, 146.69, 6996, 4944089
1603796456, 0, 494, 1564, 1453, 311, 10.68%, 0, 0, 3, 156.67, 6996, 4968974
1603796600, 0, 496, 1564, 1452, 310, 10.68%, 0, 0, 3, 164.02, 6996, 4992246
1603796671, 0, 496, 1565, 1453, 310, 10.68%, 0, 0, 3, 145.25, 6996, 5002672
1603796871, 0, 503, 1565, 1452, 310, 10.68%, 0, 0, 3, 149.81, 6996, 5031722
1603796922, 0, 503, 1566, 1453, 310, 10.68%, 0, 0, 3, 146.03, 6997, 5039203
1603797065, 0, 519, 1566, 1452, 310, 10.68%, 0, 0, 3, 150.12, 6997, 5060221
1603797101, 0, 519, 1567, 1453, 310, 10.68%, 0, 0, 3, 143.76, 6997, 5065291
1603797406, 0, 520, 1567, 1452, 310, 10.68%, 0, 0, 3, 154.21, 6997, 5108388
1603797432, 0, 520, 1568, 1453, 310, 10.68%, 0, 0, 3, 162.89, 6998, 5112533
1603797575, 0, 529, 1570, 1454, 310, 10.68%, 0, 0, 3, 173.22, 6998, 5135903
1603797754, 0, 546, 1571, 1454, 310, 10.68%, 0, 0, 3, 155.57, 6998, 5164826
1603797846, 0, 546, 1572, 1455, 310, 10.68%, 0, 0, 3, 138.74, 6998, 5177737
1603797989, 0, 547, 1572, 1454, 310, 10.68%, 0, 0, 3, 153.08, 6998, 5197798
1603797994, 0, 547, 1573, 1455, 310, 10.68%, 0, 0, 3, 157.91, 6999, 5198622
1603798009, 0, 547, 1574, 1456, 310, 10.68%, 0, 0, 3, 159.53, 7000, 5201104
1603798040, 0, 547, 1577, 1459, 310, 10.69%, 0, 0, 3, 160.30, 7004, 5206114
1603798138, 0, 557, 1577, 1458, 313, 10.69%, 0, 0, 3, 161.58, 7004, 5221920
1603798158, 0, 557, 1578, 1459, 313, 10.69%, 0, 0, 3, 161.37, 7004, 5225269
1603798280, 0, 563, 1578, 1458, 312, 10.69%, 0, 0, 3, 152.78, 7004, 5245201
1603798546, 0, 563, 1580, 1460, 312, 10.69%, 0, 0, 3, 149.93, 7005, 5283548
1603798551, 0, 567, 1580, 1459, 311, 10.69%, 0, 0, 3, 138.70, 7005, 5284275
1603798628, 0, 567, 1582, 1461, 311, 10.69%, 0, 0, 3, 129.20, 7007, 5294401
1603798841, 0, 581, 1582, 1460, 312, 10.69%, 0, 0, 3, 135.71, 7007, 5322557
1603798897, 0, 581, 1583, 1461, 312, 10.69%, 0, 0, 3, 144.42, 7007, 5330617
1603799004, 0, 581, 1584, 1462, 312, 10.69%, 0, 0, 3, 138.92, 7007, 5345772
1603799085, 0, 581, 1586, 1464, 312, 10.69%, 0, 0, 3, 149.13, 7007, 5357335
1603799090, 0, 583, 1586, 1463, 312, 10.69%, 0, 0, 3, 147.23, 7007, 5358112
1603799168, 0, 583, 1587, 1464, 312, 10.69%, 0, 0, 3, 145.33, 7007, 5369404
1603799302, 0, 593, 1588, 1464, 311, 10.69%, 0, 0, 3, 150.54, 7007, 5388953
1603799307, 0, 593, 1590, 1466, 311, 10.69%, 0, 0, 3, 157.46, 7007, 5389787
1603799399, 0, 593, 1591, 1467, 311, 10.69%, 0, 0, 3, 162.50, 7007, 5404730
1603799506, 0, 594, 1592, 1467, 311, 10.69%, 0, 0, 3, 166.98, 7007, 5422201
1603799767, 0, 615, 1592, 1466, 310, 10.69%, 0, 0, 3, 164.94, 7007, 5463835
1603800002, 0, 617, 1592, 1465, 309, 10.69%, 0, 0, 3, 167.02, 7007, 5501188
1603800084, 0, 634, 1592, 1464, 308, 10.69%, 0, 0, 3, 240.98, 7007, 5521636
1603800110, 0, 634, 1593, 1465, 308, 10.69%, 0, 0, 3, 205.15, 7007, 5526956
1603800177, 0, 634, 1594, 1466, 308, 10.69%, 0, 0, 3, 209.69, 7007, 5540682
1603800182, 0, 679, 1594, 1465, 307, 10.69%, 0, 0, 3, 93.44, 7007, 5541054
1603800386, 0, 679, 1595, 1466, 307, 10.69%, 0, 0, 3, 40.97, 7007, 5549763
1603804338, 0, 679, 1597, 1468, 307, 10.69%, 0, 0, 3, 43.76, 7007, 5719330
1603804343, 0, 679, 1598, 1469, 307, 10.69%, 0, 0, 3, 47.48, 7007, 5719574
1603804348, 0, 679, 1601, 1472, 307, 10.69%, 0, 0, 3, 46.95, 7007, 5719811
1603804353, 0, 679, 1604, 1475, 307, 10.69%, 0, 0, 3, 48.96, 7007, 5720055
1603804358, 0, 679, 1607, 1478, 307, 10.69%, 0, 0, 3, 48.38, 7007, 5720299
1603804363, 0, 679, 1611, 1482, 307, 10.69%, 0, 0, 3, 47.11, 7007, 5720539
1603804368, 0, 679, 1615, 1486, 307, 10.69%, 0, 0, 3, 48.31, 7007, 5720787
1603804378, 0, 679, 1618, 1489, 307, 10.69%, 0, 0, 3, 48.82, 7007, 5721277
1603804383, 0, 679, 1621, 1492, 307, 10.70%, 0, 0, 3, 48.35, 7014, 5721519
1603804389, 0, 679, 1622, 1493, 307, 10.70%, 0, 0, 3, 50.34, 7014, 5721772
1603804394, 0, 696, 1623, 1493, 307, 10.70%, 0, 0, 3, 48.76, 7014, 5722018
1603804520, 0, 696, 1624, 1494, 307, 10.70%, 0, 0, 3, 43.82, 7014, 5727522
1603808427, 0, 707, 1625, 1494, 307, 10.70%, 0, 0, 3, 45.67, 7014, 5900590
1603808473, 0, 707, 1626, 1495, 307, 10.71%, 0, 0, 3, 43.22, 7019, 5902572
1603808534, 0, 707, 1627, 1496, 307, 10.71%, 0, 0, 3, 43.26, 7019, 5905212
1603808611, 0, 707, 1629, 1498, 307, 10.71%, 0, 0, 3, 42.19, 7020, 5908462
1603809788, 0, 707, 1630, 1499, 307, 10.71%, 0, 0, 3, 42.87, 7021, 5959477
1603812577, 0, 708, 1630, 1498, 309, 10.71%, 0, 0, 3, 43.84, 7021, 6079250
1603812755, 0, 708, 1631, 1499, 309, 10.71%, 0, 0, 3, 41.94, 7021, 6086908
1603813952, 0, 708, 1632, 1500, 309, 10.71%, 0, 0, 3, 42.40, 7022, 6138370
1603816735, 0, 715, 1632, 1499, 308, 10.71%, 0, 0, 3, 44.81, 7022, 6257841
1603821076, 0, 715, 1635, 1502, 308, 10.71%, 0, 0, 3, 42.68, 7022, 6436239
1603821086, 0, 715, 1637, 1504, 308, 10.72%, 0, 0, 3, 45.71, 7025, 6436704
1603821097, 0, 715, 1638, 1505, 308, 10.72%, 0, 0, 3, 45.00, 7025, 6437167
1603821102, 0, 715, 1642, 1509, 308, 10.72%, 0, 0, 3, 47.11, 7025, 6437408
1603821107, 0, 715, 1644, 1511, 308, 10.72%, 0, 0, 3, 44.43, 7025, 6437629
1603821112, 0, 715, 1645, 1512, 308, 10.72%, 0, 0, 3, 45.30, 7025, 6437858
1603821117, 0, 715, 1647, 1514, 308, 10.72%, 0, 0, 3, 51.26, 7025, 6438123
1603821122, 0, 715, 1650, 1517, 308, 10.72%, 0, 0, 3, 47.11, 7025, 6438358
1603821132, 0, 716, 1650, 1516, 309, 10.72%, 0, 0, 3, 44.08, 7025, 6438822
1603821157, 0, 716, 1651, 1517, 309, 10.72%, 0, 0, 3, 41.11, 7025, 6439879
1603821321, 0, 716, 1652, 1518, 309, 10.72%, 0, 0, 3, 40.33, 7027, 6446453
1603823397, 0, 716, 1653, 1519, 309, 10.73%, 0, 0, 3, 42.99, 7029, 6533966
1603824757, 0, 716, 1654, 1520, 309, 10.73%, 0, 0, 3, 45.61, 7031, 6593523
1603824803, 0, 726, 1654, 1519, 310, 10.73%, 0, 0, 3, 47.88, 7031, 6595616
1603825227, 0, 726, 1655, 1520, 310, 10.73%, 0, 0, 3, 45.55, 7031, 6614537
1603828878, 0, 734, 1655, 1519, 310, 10.73%, 0, 0, 3, 44.37, 7031, 6774146
1603829483, 0, 734, 1656, 1520, 310, 10.73%, 0, 0, 3, 42.92, 7031, 6799413
1603833084, 0, 744, 1656, 1519, 309, 10.73%, 0, 0, 3, 43.90, 7031, 6952763
1603834759, 0, 744, 1657, 1520, 309, 10.73%, 0, 0, 3, 42.98, 7031, 7024683
1603837238, 0, 745, 1657, 1519, 309, 10.73%, 0, 0, 3, 44.18, 7031, 7131216
1603838920, 0, 745, 1658, 1520, 309, 10.73%, 0, 0, 3, 43.05, 7031, 7203468
1603841384, 0, 745, 1659, 1521, 309, 10.73%, 0, 0, 3, 43.21, 7031, 7309603
1603841390, 0, 747, 1659, 1520, 309, 10.73%, 0, 0, 3, 44.83, 7031, 7309842
1603843113, 0, 747, 1660, 1521, 309, 10.73%, 0, 0, 3, 41.86, 7031, 7383762
