# unix_time, cycles_done, cur_path, paths_total, pending_total, pending_favs, map_size, unique_crashes, unique_hangs, max_depth, execs_per_sec, edge_coverage, total_execs
1606838257, 0, 0, 1, 1, 1, 2.09%, 0, 0, 1, 64.00, 1370, 8
1606838262, 0, 0, 11, 11, 1, 2.11%, 0, 0, 2, 68.97, 1385, 2145
1606838267, 0, 0, 34, 34, 1, 2.24%, 0, 0, 2, 88.04, 1470, 2659
1606838272, 0, 0, 59, 59, 1, 2.41%, 0, 0, 2, 99.40, 1579, 3168
1606838277, 0, 0, 166, 166, 1, 2.62%, 0, 0, 2, 222.28, 1715, 4524
1606838282, 0, 0, 245, 245, 1, 2.67%, 0, 0, 2, 286.07, 1752, 6085
1606838287, 0, 0, 272, 272, 1, 2.68%, 0, 0, 2, 274.74, 1756, 7501
1606838292, 0, 0, 297, 297, 1, 2.74%, 0, 0, 2, 205.11, 1797, 8521
1606838297, 0, 0, 321, 321, 1, 2.75%, 0, 0, 2, 195.02, 1804, 9359
1606838302, 0, 0, 350, 350, 1, 2.75%, 0, 0, 2, 282.76, 1805, 10935
1606838308, 0, 0, 376, 376, 1, 2.76%, 0, 0, 2, 252.59, 1811, 12182
1606838313, 0, 0, 390, 390, 1, 2.76%, 0, 0, 2, 245.18, 1811, 13474
1606838318, 0, 0, 410, 410, 1, 2.77%, 0, 0, 2, 189.13, 1816, 14472
1606838323, 0, 0, 418, 418, 1, 2.77%, 0, 0, 2, 225.82, 1818, 15734
1606838328, 0, 0, 433, 433, 1, 2.78%, 0, 0, 2, 198.00, 1820, 16654
1606838333, 0, 0, 450, 450, 1, 2.78%, 0, 0, 2, 250.43, 1821, 17942
1606838338, 0, 0, 462, 462, 1, 2.78%, 0, 0, 2, 256.48, 1821, 19261
1606838343, 0, 0, 471, 471, 1, 2.78%, 0, 0, 2, 240.59, 1822, 20442
1606838348, 0, 0, 481, 481, 1, 2.78%, 0, 0, 2, 233.38, 1823, 21554
1606838353, 0, 0, 487, 487, 1, 2.79%, 0, 0, 2, 238.00, 1826, 22731
1606838358, 0, 0, 494, 494, 1, 2.79%, 0, 0, 2, 254.64, 1827, 24062
1606838368, 0, 0, 495, 495, 1, 2.79%, 0, 0, 2, 120.83, 1827, 25422
1606838389, 0, 0, 496, 496, 1, 2.79%, 0, 0, 2, 104.28, 1827, 27258
1606838419, 0, 0, 497, 497, 1, 2.79%, 0, 0, 2, 123.11, 1827, 30886
1606838439, 0, 0, 498, 498, 1, 2.79%, 0, 0, 2, 113.04, 1827, 33054
1606838480, 0, 0, 500, 500, 1, 2.79%, 0, 0, 2, 107.42, 1827, 37162
1606838486, 0, 0, 501, 501, 1, 2.79%, 0, 0, 2, 104.24, 1827, 37678
1606838496, 0, 0, 502, 502, 1, 2.79%, 0, 0, 2, 116.91, 1827, 38792
1606838511, 0, 0, 503, 503, 1, 2.79%, 0, 0, 2, 88.99, 1827, 40226
1606838522, 0, 0, 504, 504, 1, 2.79%, 0, 0, 2, 109.03, 1827, 41348
1606838537, 0, 0, 505, 505, 1, 2.79%, 0, 0, 2, 108.24, 1827, 42970
1606838552, 0, 0, 506, 506, 1, 2.79%, 0, 0, 2, 95.64, 1827, 44513
1606838593, 0, 0, 507, 507, 1, 2.79%, 0, 0, 2, 94.03, 1827, 48451
1606838598, 0, 0, 508, 508, 1, 2.79%, 0, 0, 2, 102.92, 1827, 48960
1606838623, 0, 0, 509, 509, 1, 2.79%, 0, 0, 2, 111.41, 1827, 51804
1606838639, 0, 0, 510, 510, 1, 2.79%, 0, 0, 2, 107.73, 1827, 53368
1606838644, 0, 0, 511, 511, 1, 2.79%, 0, 0, 2, 109.51, 1827, 53930
1606838756, 0, 0, 512, 512, 1, 2.79%, 0, 0, 2, 118.94, 1827, 66228
1606838802, 0, 0, 513, 513, 1, 2.79%, 0, 0, 2, 93.82, 1827, 70962
1606838812, 0, 0, 514, 514, 1, 2.79%, 0, 0, 2, 97.36, 1827, 72047
1606838842, 0, 0, 515, 515, 1, 2.79%, 0, 0, 2, 124.17, 1827, 75356
1606838857, 0, 0, 516, 516, 1, 2.79%, 0, 0, 2, 126.29, 1827, 77232
1606838903, 0, 0, 517, 517, 1, 2.80%, 0, 0, 2, 112.23, 1835, 82516
1606838918, 0, 0, 518, 518, 1, 2.80%, 0, 0, 2, 106.29, 1836, 84204
1606838934, 0, 0, 521, 521, 1, 2.80%, 0, 0, 2, 107.22, 1837, 85886
1606838959, 0, 0, 522, 522, 1, 2.80%, 0, 0, 2, 117.78, 1837, 88778
1606838975, 0, 0, 523, 523, 1, 2.80%, 0, 0, 2, 125.72, 1837, 90600
1606838995, 0, 0, 524, 524, 1, 2.80%, 0, 0, 2, 92.91, 1837, 92710
1606839010, 0, 0, 525, 525, 1, 2.81%, 0, 0, 2, 87.76, 1844, 94121
1606839026, 0, 0, 528, 528, 1, 2.81%, 0, 0, 2, 102.38, 1844, 95514
1606839098, 0, 0, 529, 529, 1, 2.81%, 0, 0, 2, 106.90, 1844, 102412
1606839133, 0, 0, 530, 530, 1, 2.81%, 0, 0, 2, 108.26, 1844, 106086
1606839169, 0, 0, 531, 531, 1, 2.81%, 0, 0, 2, 99.35, 1844, 109835
1606839199, 0, 0, 532, 532, 1, 2.81%, 0, 0, 2, 78.43, 1844, 112749
1606839215, 0, 0, 533, 533, 1, 2.81%, 0, 0, 2, 106.12, 1844, 114394
1606839245, 0, 0, 534, 534, 1, 2.81%, 0, 0, 2, 112.04, 1844, 117376
1606839266, 0, 0, 536, 536, 1, 2.82%, 0, 0, 2, 98.12, 1847, 119537
1606839271, 0, 0, 537, 537, 1, 2.82%, 0, 0, 2, 98.58, 1847, 120036
1606839286, 0, 0, 539, 539, 1, 2.84%, 0, 0, 2, 99.38, 1864, 121620
1606839291, 0, 0, 540, 540, 1, 2.84%, 0, 0, 2, 101.68, 1864, 122144
1606839311, 0, 0, 541, 541, 1, 2.84%, 0, 0, 2, 104.96, 1864, 124208
1606839322, 0, 0, 542, 542, 1, 2.84%, 0, 0, 2, 105.73, 1864, 125272
1606839337, 0, 0, 544, 544, 1, 2.85%, 0, 0, 2, 102.68, 1866, 126888
1606839342, 0, 0, 545, 545, 1, 2.85%, 0, 0, 2, 105.40, 1866, 127410
1606839347, 0, 0, 546, 546, 1, 2.86%, 0, 0, 2, 113.69, 1872, 127978
1606839352, 0, 0, 547, 547, 1, 2.86%, 0, 0, 2, 108.93, 1872, 128534
1606839357, 0, 0, 562, 562, 1, 2.86%, 0, 0, 2, 109.40, 1877, 129105
1606839362, 0, 0, 587, 587, 1, 2.87%, 0, 0, 2, 93.79, 1878, 129572
1606839367, 0, 0, 612, 612, 1, 2.87%, 0, 0, 2, 96.74, 1878, 130068
1606839372, 0, 0, 636, 636, 1, 2.88%, 0, 0, 2, 90.42, 1890, 130536
1606839377, 0, 0, 655, 655, 1, 2.89%, 0, 0, 2, 97.50, 1892, 131060
1606839382, 0, 0, 660, 660, 1, 2.89%, 0, 0, 2, 112.25, 1894, 131624
1606839387, 0, 0, 673, 673, 1, 2.89%, 0, 0, 2, 98.66, 1895, 132148
1606839393, 0, 0, 694, 694, 1, 2.89%, 0, 0, 2, 84.52, 1895, 132563
1606839398, 0, 0, 707, 707, 1, 2.89%, 0, 0, 2, 79.63, 1895, 132957
1606839403, 0, 0, 716, 716, 1, 2.89%, 0, 0, 2, 78.92, 1895, 133350
1606839408, 0, 0, 719, 719, 1, 2.89%, 0, 0, 2, 88.14, 1895, 133807
1606839413, 0, 0, 724, 724, 1, 2.89%, 0, 0, 2, 81.12, 1895, 134208
1606839418, 0, 0, 726, 726, 1, 2.89%, 0, 0, 2, 78.15, 1895, 134614
1606839424, 0, 0, 730, 730, 1, 2.89%, 0, 0, 2, 75.36, 1895, 135014
1606839459, 0, 0, 733, 733, 1, 2.89%, 0, 0, 2, 97.89, 1895, 138420
1606839470, 0, 0, 734, 734, 1, 2.89%, 0, 0, 2, 111.42, 1895, 139524
1606839480, 0, 0, 735, 735, 1, 2.89%, 0, 0, 2, 106.99, 1895, 140584
1606839490, 0, 0, 736, 736, 1, 2.89%, 0, 0, 2, 110.85, 1895, 141700
1606839500, 0, 0, 738, 738, 1, 2.92%, 0, 0, 2, 109.39, 1912, 142774
1606839510, 0, 0, 739, 739, 1, 2.92%, 0, 0, 2, 111.23, 1912, 143870
1606839515, 0, 0, 740, 740, 1, 2.92%, 0, 0, 2, 106.09, 1912, 144414
1606839541, 0, 0, 743, 743, 1, 2.92%, 0, 0, 2, 107.92, 1912, 147032
1606839551, 0, 0, 745, 745, 1, 2.92%, 0, 0, 2, 98.03, 1912, 148023
1606839561, 0, 0, 746, 746, 1, 2.92%, 0, 0, 2, 96.12, 1912, 149037
1606839571, 0, 0, 747, 747, 1, 2.92%, 0, 0, 2, 108.22, 1912, 150088
1606839587, 0, 0, 748, 748, 1, 2.92%, 0, 0, 2, 97.92, 1912, 151614
1606839617, 0, 0, 749, 749, 1, 2.92%, 0, 0, 2, 97.59, 1912, 154712
1606839653, 0, 0, 750, 750, 1, 2.92%, 0, 0, 2, 102.28, 1913, 158308
1606839679, 0, 0, 751, 751, 1, 2.93%, 0, 0, 2, 99.73, 1918, 160886
1606839699, 0, 0, 753, 753, 1, 2.93%, 0, 0, 2, 97.18, 1918, 162928
1606839715, 0, 0, 754, 754, 1, 2.93%, 0, 0, 2, 100.11, 1920, 164438
1606839720, 0, 0, 755, 755, 1, 2.93%, 0, 0, 2, 95.93, 1920, 164940
1606839746, 0, 0, 756, 756, 1, 2.93%, 0, 0, 2, 105.62, 1922, 167552
1606839777, 0, 0, 757, 757, 1, 2.93%, 0, 0, 2, 93.83, 1922, 170447
1606839782, 0, 0, 758, 758, 1, 2.93%, 0, 0, 2, 97.19, 1922, 170940
1606839787, 0, 0, 759, 759, 1, 2.93%, 0, 0, 2, 99.12, 1922, 171446
1606839792, 0, 0, 760, 760, 1, 2.93%, 0, 0, 2, 92.53, 1922, 171920
1606839812, 0, 0, 761, 761, 1, 2.93%, 0, 0, 2, 99.06, 1922, 173930
1606839833, 0, 0, 762, 762, 1, 2.93%, 0, 0, 2, 102.20, 1922, 176042
1606839843, 0, 0, 763, 763, 1, 2.93%, 0, 0, 2, 96.61, 1922, 177015
1606839858, 0, 0, 764, 764, 1, 2.93%, 0, 0, 2, 107.57, 1922, 178560
1606839889, 0, 0, 765, 765, 1, 2.93%, 0, 0, 2, 104.75, 1923, 181666
1606840085, 0, 0, 766, 766, 1, 2.93%, 0, 0, 2, 76.47, 1923, 196645
