# unix_time, cycles_done, cur_path, paths_total, pending_total, pending_favs, map_size, unique_crashes, unique_hangs, max_depth, execs_per_sec, edge_coverage, total_execs
1605479107, 0, 0, 1, 1, 1, 0.02%, 0, 0, 1, 1600.00 0 8
1605479112, 0, 11, 12, 3, 1, 0.05%, 0, 0, 5, 5767.67 30 35070
1605479117, 9, 7, 12, 0, 0, 0.05%, 0, 0, 5, 6619.42 30 70097
1605479122, 17, 10, 12, 0, 0, 0.05%, 0, 0, 5, 6790.97 30 105370
1605479127, 25, 10, 12, 0, 0, 0.05%, 0, 0, 5, 6817.96 30 140808
1605479133, 33, 11, 12, 0, 0, 0.05%, 0, 0, 5, 6814.24 30 175769
1605479138, 41, 11, 12, 0, 0, 0.05%, 0, 0, 5, 6817.43 30 210793
1605479143, 49, 10, 12, 0, 0, 0.05%, 0, 0, 5, 6829.69 30 245944
1605479148, 57, 6, 12, 0, 0, 0.05%, 0, 0, 5, 6834.65 30 281188
1605479153, 65, 7, 12, 0, 0, 0.05%, 0, 0, 5, 6836.89 30 316546
1605479158, 73, 11, 12, 0, 0, 0.05%, 0, 0, 5, 6843.45 30 351995
1605479164, 81, 11, 12, 0, 0, 0.05%, 0, 0, 5, 6833.16 30 387200
1605479169, 84, 13, 16, 3, 1, 0.05%, 0, 0, 8, 6804.43 33 422136
1605479174, 84, 14, 17, 3, 1, 0.05%, 0, 0, 9, 6780.29 34 456199
1605479179, 85, 15, 17, 1, 0, 0.05%, 0, 0, 9, 6773.15 34 490795
1605479184, 86, 16, 17, 0, 0, 0.05%, 0, 0, 9, 6784.84 34 524983
1605479189, 88, 15, 17, 0, 0, 0.05%, 0, 0, 9, 6772.90 34 558838
1605479194, 88, 18, 20, 3, 1, 0.05%, 0, 0, 11, 6766.43 36 593007
1605479199, 88, 20, 22, 3, 2, 0.06%, 0, 0, 12, 6754.86 40 627204
1605479204, 88, 21, 24, 4, 1, 0.07%, 0, 0, 13, 6745.64 43 661835
1605479209, 88, 22, 25, 4, 2, 0.07%, 0, 0, 14, 6734.40 44 695861
1605479214, 88, 24, 26, 4, 1, 0.07%, 0, 0, 15, 6699.40 46 730187
1605479219, 88, 25, 26, 3, 1, 0.07%, 0, 0, 15, 6674.41 46 764067
1605479224, 88, 26, 28, 4, 1, 0.07%, 0, 0, 17, 6641.61 49 797955
