# unix_time, cycles_done, cur_path, paths_total, pending_total, pending_favs, map_size, unique_crashes, unique_hangs, max_depth, execs_per_sec, edge_coverage, total_execs
1606832141, 0, 0, 1, 1, 1, 2.09%, 0, 0, 1, 67.23, 1370, 8
1606832146, 0, 0, 11, 11, 1, 2.11%, 0, 0, 2, 94.99, 1385, 2110
1606832151, 0, 0, 29, 29, 1, 2.24%, 0, 0, 2, 94.44, 1468, 2595
1606832156, 0, 0, 50, 50, 1, 2.30%, 0, 0, 2, 96.07, 1509, 3071
1606832161, 0, 0, 147, 147, 1, 2.58%, 0, 0, 2, 232.57, 1689, 4332
1606832166, 0, 0, 229, 229, 1, 2.66%, 0, 0, 2, 245.88, 1746, 5582
1606832171, 0, 0, 263, 263, 1, 2.68%, 0, 0, 2, 257.01, 1755, 6939
1606832177, 0, 0, 281, 281, 1, 2.68%, 0, 0, 2, 227.38, 1756, 8090
1606832182, 0, 0, 309, 309, 1, 2.75%, 0, 0, 2, 158.49, 1803, 8843
1606832187, 0, 0, 335, 335, 1, 2.75%, 0, 0, 2, 245.55, 1805, 10110
1606832192, 0, 0, 365, 365, 1, 2.76%, 0, 0, 2, 255.51, 1811, 11475
1606832197, 0, 0, 382, 382, 1, 2.76%, 0, 0, 2, 243.36, 1811, 12682
1606832202, 0, 0, 394, 394, 1, 2.76%, 0, 0, 2, 222.03, 1811, 13810
1606832207, 0, 0, 414, 414, 1, 2.77%, 0, 0, 2, 202.93, 1818, 14798
1606832212, 0, 0, 423, 423, 1, 2.77%, 0, 0, 2, 203.31, 1818, 15910
1606832217, 0, 0, 436, 436, 1, 2.78%, 0, 0, 2, 190.21, 1820, 16837
1606832222, 0, 0, 452, 452, 1, 2.78%, 0, 0, 2, 238.62, 1821, 18118
1606832227, 0, 0, 464, 464, 1, 2.78%, 0, 0, 2, 240.73, 1821, 19341
1606832233, 0, 0, 472, 472, 1, 2.78%, 0, 0, 2, 224.38, 1822, 20470
1606832238, 0, 0, 481, 481, 1, 2.78%, 0, 0, 2, 213.65, 1823, 21558
1606832243, 0, 0, 486, 486, 1, 2.79%, 0, 0, 2, 225.56, 1826, 22718
1606832248, 0, 0, 494, 494, 1, 2.79%, 0, 0, 2, 236.28, 1827, 23918
1606832258, 0, 0, 495, 495, 1, 2.79%, 0, 0, 2, 123.75, 1827, 25354
1606832278, 0, 0, 496, 496, 1, 2.79%, 0, 0, 2, 96.90, 1827, 27124
1606832314, 0, 0, 497, 497, 1, 2.79%, 0, 0, 2, 105.77, 1827, 31256
1606832329, 0, 0, 498, 498, 1, 2.79%, 0, 0, 2, 107.99, 1827, 32870
1606832370, 0, 0, 500, 500, 1, 2.79%, 0, 0, 2, 102.89, 1827, 36924
1606832375, 0, 0, 501, 501, 1, 2.79%, 0, 0, 2, 96.88, 1827, 37423
1606832390, 0, 0, 502, 502, 1, 2.79%, 0, 0, 2, 105.71, 1827, 39020
1606832400, 0, 0, 503, 503, 1, 2.79%, 0, 0, 2, 91.20, 1827, 39959
1606832416, 0, 0, 504, 504, 1, 2.79%, 0, 0, 2, 107.92, 1827, 41574
1606832431, 0, 0, 505, 505, 1, 2.79%, 0, 0, 2, 94.55, 1827, 43137
1606832441, 0, 0, 506, 506, 1, 2.79%, 0, 0, 2, 110.69, 1827, 44244
1606832487, 0, 0, 507, 507, 1, 2.79%, 0, 0, 2, 92.40, 1827, 48587
1606832493, 0, 0, 508, 508, 1, 2.79%, 0, 0, 2, 106.84, 1827, 49120
1606832518, 0, 0, 509, 509, 1, 2.79%, 0, 0, 2, 105.96, 1827, 51864
1606832533, 0, 0, 510, 510, 1, 2.79%, 0, 0, 2, 100.29, 1827, 53351
1606832538, 0, 0, 511, 511, 1, 2.79%, 0, 0, 2, 102.30, 1827, 53872
1606832656, 0, 0, 512, 512, 1, 2.79%, 0, 0, 2, 111.88, 1827, 66240
1606832701, 0, 0, 513, 513, 1, 2.79%, 0, 0, 2, 99.13, 1827, 70810
1606832712, 0, 0, 514, 514, 1, 2.79%, 0, 0, 2, 107.55, 1827, 71840
1606832742, 0, 0, 515, 515, 1, 2.79%, 0, 0, 2, 121.97, 1827, 74958
1606832763, 0, 0, 516, 516, 1, 2.79%, 0, 0, 2, 121.44, 1827, 77418
1606832809, 0, 0, 517, 517, 1, 2.80%, 0, 0, 2, 106.78, 1835, 82462
1606832824, 0, 0, 518, 518, 1, 2.80%, 0, 0, 2, 105.61, 1836, 84067
1606832839, 0, 0, 521, 521, 1, 2.80%, 0, 0, 2, 108.21, 1837, 85638
1606832870, 0, 0, 522, 522, 1, 2.80%, 0, 0, 2, 111.62, 1837, 88968
1606832885, 0, 0, 523, 523, 1, 2.80%, 0, 0, 2, 130.03, 1837, 90748
1606832905, 0, 0, 524, 524, 1, 2.80%, 0, 0, 2, 94.78, 1837, 92796
1606832921, 0, 0, 525, 525, 1, 2.81%, 0, 0, 2, 86.35, 1844, 94192
1606832936, 0, 0, 528, 528, 1, 2.81%, 0, 0, 2, 103.26, 1844, 95620
1606833008, 0, 0, 529, 529, 1, 2.81%, 0, 0, 2, 104.19, 1844, 102382
1606833049, 0, 0, 530, 530, 1, 2.81%, 0, 0, 2, 107.08, 1844, 106502
1606833085, 0, 0, 531, 531, 1, 2.81%, 0, 0, 2, 104.29, 1844, 110182
1606833116, 0, 0, 532, 532, 1, 2.81%, 0, 0, 2, 91.18, 1844, 113027
1606833131, 0, 0, 533, 533, 1, 2.81%, 0, 0, 2, 106.28, 1844, 114594
1606833157, 0, 0, 534, 534, 1, 2.81%, 0, 0, 2, 101.63, 1844, 116882
1606833182, 0, 0, 536, 536, 1, 2.82%, 0, 0, 2, 92.96, 1847, 119491
1606833187, 0, 0, 537, 537, 1, 2.82%, 0, 0, 2, 95.14, 1847, 119973
1606833202, 0, 0, 539, 539, 1, 2.84%, 0, 0, 2, 100.70, 1864, 121558
1606833208, 0, 0, 540, 540, 1, 2.84%, 0, 0, 2, 100.38, 1864, 122086
1606833228, 0, 0, 541, 541, 1, 2.84%, 0, 0, 2, 106.10, 1864, 124136
1606833238, 0, 0, 542, 542, 1, 2.84%, 0, 0, 2, 106.08, 1864, 125218
1606833253, 0, 0, 544, 544, 1, 2.85%, 0, 0, 2, 106.59, 1866, 126845
1606833258, 0, 0, 545, 545, 1, 2.85%, 0, 0, 2, 106.43, 1866, 127382
1606833263, 0, 0, 546, 546, 1, 2.86%, 0, 0, 2, 114.45, 1872, 127956
1606833269, 0, 0, 547, 547, 1, 2.86%, 0, 0, 2, 109.28, 1872, 128530
1606833274, 0, 0, 561, 561, 1, 2.86%, 0, 0, 2, 109.42, 1877, 129089
1606833279, 0, 0, 587, 587, 1, 2.87%, 0, 0, 2, 95.47, 1878, 129578
1606833284, 0, 0, 612, 612, 1, 2.87%, 0, 0, 2, 95.57, 1878, 130064
1606833289, 0, 0, 636, 636, 1, 2.88%, 0, 0, 2, 91.94, 1890, 130540
1606833294, 0, 0, 655, 655, 1, 2.89%, 0, 0, 2, 99.41, 1892, 131077
1606833299, 0, 0, 660, 660, 1, 2.89%, 0, 0, 2, 113.57, 1894, 131644
1606833304, 0, 0, 675, 675, 1, 2.89%, 0, 0, 2, 98.27, 1895, 132170
1606833310, 0, 0, 695, 695, 1, 2.89%, 0, 0, 2, 83.78, 1895, 132583
1606833315, 0, 0, 708, 708, 1, 2.89%, 0, 0, 2, 78.46, 1895, 132981
1606833320, 0, 0, 716, 716, 1, 2.89%, 0, 0, 2, 83.82, 1895, 133398
1606833325, 0, 0, 720, 720, 1, 2.89%, 0, 0, 2, 85.59, 1895, 133832
1606833330, 0, 0, 724, 724, 1, 2.89%, 0, 0, 2, 80.13, 1895, 134234
1606833335, 0, 0, 727, 727, 1, 2.89%, 0, 0, 2, 81.35, 1895, 134660
1606833341, 0, 0, 730, 730, 1, 2.89%, 0, 0, 2, 77.04, 1895, 135057
1606833376, 0, 0, 733, 733, 1, 2.89%, 0, 0, 2, 99.68, 1895, 138480
1606833386, 0, 0, 734, 734, 1, 2.89%, 0, 0, 2, 107.43, 1895, 139576
1606833396, 0, 0, 735, 735, 1, 2.89%, 0, 0, 2, 107.41, 1895, 140654
1606833407, 0, 0, 736, 736, 1, 2.89%, 0, 0, 2, 112.68, 1895, 141770
1606833417, 0, 0, 738, 738, 1, 2.92%, 0, 0, 2, 109.47, 1912, 142830
1606833427, 0, 0, 739, 739, 1, 2.92%, 0, 0, 2, 108.63, 1912, 143926
1606833432, 0, 0, 740, 740, 1, 2.92%, 0, 0, 2, 102.74, 1912, 144456
1606833458, 0, 0, 743, 743, 1, 2.92%, 0, 0, 2, 105.68, 1912, 147044
1606833468, 0, 0, 745, 745, 1, 2.92%, 0, 0, 2, 98.94, 1912, 148040
1606833478, 0, 0, 746, 746, 1, 2.92%, 0, 0, 2, 92.59, 1912, 149063
1606833488, 0, 0, 747, 747, 1, 2.92%, 0, 0, 2, 108.89, 1912, 150122
1606833504, 0, 0, 748, 748, 1, 2.92%, 0, 0, 2, 96.06, 1912, 151613
1606833535, 0, 0, 749, 749, 1, 2.92%, 0, 0, 2, 100.56, 1912, 154728
1606833571, 0, 0, 750, 750, 1, 2.92%, 0, 0, 2, 101.65, 1913, 158306
1606833596, 0, 0, 751, 751, 1, 2.93%, 0, 0, 2, 96.80, 1918, 160856
1606833617, 0, 0, 753, 753, 1, 2.93%, 0, 0, 2, 92.45, 1918, 162844
1606833632, 0, 0, 754, 754, 1, 2.93%, 0, 0, 2, 95.94, 1920, 164288
1606833638, 0, 0, 755, 755, 1, 2.93%, 0, 0, 2, 96.42, 1920, 164787
1606833663, 0, 0, 756, 756, 1, 2.93%, 0, 0, 2, 102.71, 1922, 167302
1606833699, 0, 0, 757, 757, 1, 2.93%, 0, 0, 2, 92.98, 1922, 170639
1606833704, 0, 0, 759, 759, 1, 2.93%, 0, 0, 2, 94.87, 1922, 171129
1606833715, 0, 0, 760, 760, 1, 2.93%, 0, 0, 2, 94.30, 1922, 172105
1606833735, 0, 0, 761, 761, 1, 2.93%, 0, 0, 2, 94.64, 1922, 174088
1606833756, 0, 0, 762, 762, 1, 2.93%, 0, 0, 2, 99.46, 1922, 176186
1606833761, 0, 0, 763, 763, 1, 2.93%, 0, 0, 2, 93.22, 1922, 176666
1606833781, 0, 0, 764, 764, 1, 2.93%, 0, 0, 2, 102.75, 1922, 178678
1606833812, 0, 0, 765, 765, 1, 2.93%, 0, 0, 2, 108.19, 1923, 181804
1606834002, 0, 0, 766, 766, 1, 2.93%, 0, 0, 2, 79.79, 1923, 196508
