# unix_time, cycles_done, cur_path, paths_total, pending_total, pending_favs, map_size, unique_crashes, unique_hangs, max_depth, execs_per_sec, edge_coverage, total_execs
1605479304, 0, 0, 1, 1, 1, 0.02%, 0, 0, 1, 1600.00 0 8
1605479309, 1, 4, 12, 3, 0, 0.05%, 0, 0, 4, 5798.86 30 35244
1605479314, 10, 4, 12, 1, 0, 0.05%, 0, 0, 4, 6620.66 30 69498
1605479319, 19, 6, 12, 0, 0, 0.05%, 0, 0, 4, 6791.38 30 105070
1605479325, 29, 10, 12, 0, 0, 0.05%, 0, 0, 4, 6837.83 30 140422
1605479330, 39, 4, 12, 0, 0, 0.05%, 0, 0, 4, 6839.52 30 175599
1605479335, 49, 6, 12, 0, 0, 0.05%, 0, 0, 4, 6835.24 30 210847
1605479340, 54, 12, 15, 3, 1, 0.05%, 0, 0, 6, 6803.96 32 245891
1605479345, 55, 12, 15, 1, 0, 0.05%, 0, 0, 6, 6783.63 32 280396
1605479350, 56, 15, 17, 2, 1, 0.05%, 0, 0, 8, 6798.57 34 314710
1605479355, 56, 16, 18, 2, 1, 0.05%, 0, 0, 9, 6773.99 34 348989
1605479360, 56, 17, 19, 2, 0, 0.05%, 0, 0, 10, 6771.56 35 383579
1605479365, 56, 19, 21, 2, 1, 0.06%, 0, 0, 12, 6750.89 37 417610
1605479370, 56, 21, 23, 3, 1, 0.06%, 0, 0, 13, 6705.65 40 451252
1605479375, 56, 22, 25, 4, 1, 0.06%, 0, 0, 14, 6692.06 42 485472
1605479381, 56, 23, 27, 5, 2, 0.07%, 0, 0, 15, 6705.10 46 519530
1605479386, 56, 26, 28, 5, 1, 0.07%, 0, 0, 16, 6657.92 47 553532
