# unix_time, cycles_done, cur_path, paths_total, pending_total, pending_favs, map_size, unique_crashes, unique_hangs, max_depth, execs_per_sec, edge_coverage, total_execs
1601778725, 0, 0, 3, 3, 3, 6.91%, 0, 0, 1, 70.18 0 24
1601778730, 0, 0, 47, 47, 3, 7.14%, 0, 0, 2, 87.16 4681 498
1601778736, 0, 0, 79, 79, 3, 7.17%, 0, 0, 2, 95.93 4699 920
1601778741, 0, 0, 97, 97, 3, 7.18%, 0, 0, 2, 80.09 4708 1313
1601778746, 0, 0, 112, 112, 3, 7.27%, 0, 0, 2, 80.04 4767 1723
1601778751, 0, 0, 129, 129, 3, 7.36%, 0, 0, 2, 78.47 4825 2129
1601778756, 0, 0, 131, 131, 3, 7.37%, 0, 0, 2, 78.39 4827 2527
1601778761, 0, 0, 140, 140, 3, 7.37%, 0, 0, 2, 79.03 4829 2940
1601778766, 0, 0, 143, 143, 3, 7.37%, 0, 0, 2, 76.20 4829 3303
1601778771, 0, 0, 149, 149, 3, 7.40%, 0, 0, 2, 80.88 4850 3712
1601778777, 0, 0, 156, 156, 3, 7.47%, 0, 0, 2, 83.11 4894 4147
1601778782, 0, 0, 163, 163, 3, 7.72%, 0, 0, 2, 83.49 5060 4573
1601778787, 0, 0, 170, 170, 3, 7.73%, 0, 0, 2, 82.03 5068 4998
1601778792, 0, 0, 175, 175, 3, 8.66%, 0, 0, 2, 81.46 5673 5415
1601778797, 0, 0, 177, 177, 3, 8.66%, 0, 0, 2, 79.82 5673 5784
1601778802, 0, 0, 180, 180, 3, 8.69%, 0, 0, 2, 78.39 5693 6185
1601778807, 0, 0, 183, 183, 3, 8.69%, 0, 0, 2, 77.65 5693 6590
1601778818, 0, 0, 185, 185, 3, 8.69%, 0, 0, 2, 76.29 5693 7389
1601778833, 0, 0, 186, 186, 3, 8.69%, 0, 0, 2, 77.75 5693 8589
1601778838, 0, 0, 194, 194, 3, 8.69%, 0, 0, 2, 81.49 5696 9006
1601778843, 0, 0, 195, 195, 3, 8.70%, 0, 0, 2, 80.56 5701 9412
1601778854, 0, 0, 196, 196, 3, 8.70%, 0, 0, 2, 80.09 5701 10270
1601778926, 0, 0, 214, 214, 3, 8.82%, 0, 0, 2, 83.29 5779 15881
1601778941, 0, 0, 235, 235, 3, 9.21%, 0, 0, 2, 82.03 6039 17199
1601778946, 0, 0, 253, 253, 3, 9.47%, 0, 0, 2, 86.15 6207 17642
1601778951, 0, 0, 258, 258, 3, 9.48%, 0, 0, 2, 85.96 6214 18088
1601778957, 0, 0, 266, 266, 3, 9.60%, 0, 0, 2, 81.68 6289 18505
1601778962, 0, 0, 272, 272, 3, 9.67%, 0, 0, 2, 75.18 6338 18894
1601778967, 0, 0, 280, 280, 3, 9.68%, 0, 0, 2, 80.29 6342 19307
1601778972, 0, 0, 283, 283, 3, 9.68%, 0, 0, 2, 81.96 6342 19730
1601778977, 0, 0, 284, 284, 3, 9.68%, 0, 0, 2, 84.23 6342 20167
1601778982, 0, 0, 291, 291, 3, 9.69%, 0, 0, 2, 84.11 6352 20595
1601778987, 0, 0, 293, 293, 3, 9.69%, 0, 0, 2, 84.83 6352 21029
1601778992, 0, 0, 300, 300, 3, 9.70%, 0, 0, 2, 79.77 6360 21438
1601778998, 0, 0, 304, 304, 3, 9.70%, 0, 0, 2, 77.88 6360 21831
1601779008, 0, 0, 305, 305, 3, 9.70%, 0, 0, 2, 78.27 6360 22626
1601779013, 0, 0, 306, 306, 3, 9.76%, 0, 0, 2, 75.10 6396 23002
1601779023, 0, 0, 313, 313, 3, 9.79%, 0, 0, 2, 74.71 6416 23768
1601779028, 0, 0, 331, 331, 3, 10.07%, 0, 0, 2, 75.35 6601 24152
1601779033, 0, 0, 339, 339, 3, 10.30%, 0, 0, 2, 73.33 6753 24527
1601779038, 0, 0, 341, 341, 3, 10.30%, 0, 0, 2, 73.63 6753 24905
1601779044, 0, 0, 346, 346, 3, 10.33%, 0, 0, 2, 75.38 6769 25291
1601779049, 0, 0, 351, 351, 3, 10.39%, 0, 0, 2, 76.35 6806 25678
1601779054, 0, 0, 353, 353, 3, 10.39%, 0, 0, 2, 76.88 6806 26069
1601779059, 0, 0, 357, 357, 3, 10.39%, 0, 0, 2, 72.99 6807 26447
1601779069, 0, 0, 358, 358, 3, 10.39%, 0, 0, 2, 75.02 6808 27193
1601779074, 0, 0, 360, 360, 3, 10.39%, 0, 0, 2, 72.30 6808 27566
1601779085, 0, 0, 363, 363, 3, 10.45%, 0, 0, 2, 74.12 6847 28316
1601779090, 0, 0, 366, 366, 3, 10.45%, 0, 0, 2, 74.93 6849 28704
1601779095, 0, 0, 368, 368, 3, 10.45%, 0, 0, 2, 75.66 6849 29093
1601779100, 0, 0, 369, 369, 3, 10.46%, 0, 0, 2, 72.18 6853 29453
1601779110, 0, 0, 371, 371, 3, 10.46%, 0, 0, 2, 73.14 6853 30198
1601779115, 0, 0, 372, 372, 3, 10.46%, 0, 0, 2, 74.09 6853 30587
1601779125, 0, 0, 373, 373, 3, 10.46%, 0, 0, 2, 74.66 6854 31344
1601779136, 0, 0, 374, 374, 3, 10.46%, 0, 0, 2, 75.84 6854 32112
1601779141, 0, 0, 375, 375, 3, 10.49%, 0, 0, 2, 75.23 6874 32496
1601779151, 0, 0, 376, 376, 3, 10.49%, 0, 0, 2, 74.04 6874 33247
1601779167, 0, 0, 377, 377, 3, 10.49%, 0, 0, 2, 86.63 6876 34611
1601779172, 0, 0, 382, 382, 3, 10.51%, 0, 0, 2, 82.74 6891 35025
1601779177, 0, 0, 383, 383, 3, 10.51%, 0, 0, 2, 83.21 6891 35449
1601779182, 0, 0, 386, 386, 3, 10.51%, 0, 0, 2, 80.30 6891 35855
1601779187, 0, 0, 387, 387, 3, 10.51%, 0, 0, 2, 81.88 6891 36273
1601779202, 0, 0, 388, 388, 3, 10.51%, 0, 0, 2, 82.32 6891 37568
1601779208, 0, 0, 392, 392, 3, 10.52%, 0, 0, 2, 80.89 6892 37983
1601779213, 0, 0, 393, 393, 3, 10.52%, 0, 0, 2, 80.13 6892 38396
1601779218, 0, 0, 401, 401, 3, 10.54%, 0, 0, 2, 73.62 6905 38772
1601779243, 0, 0, 402, 402, 3, 10.54%, 0, 0, 2, 74.65 6909 40650
1601779249, 0, 0, 405, 405, 3, 10.55%, 0, 0, 2, 70.55 6913 41011
1601779259, 0, 0, 406, 406, 3, 10.55%, 0, 0, 2, 72.75 6913 41760
1601779264, 0, 0, 411, 411, 3, 10.59%, 0, 0, 2, 70.47 6943 42118
1601779269, 0, 0, 413, 413, 3, 10.60%, 0, 0, 2, 70.19 6944 42481
1601779274, 0, 0, 415, 415, 3, 10.60%, 0, 0, 2, 70.13 6947 42845
1601779279, 0, 0, 416, 416, 3, 10.60%, 0, 0, 2, 72.05 6948 43226
1601779305, 0, 0, 417, 417, 3, 10.60%, 0, 0, 2, 70.59 6948 45032
1601779361, 0, 0, 418, 418, 3, 10.60%, 0, 0, 2, 69.27 6948 48983
1601779397, 0, 0, 422, 422, 3, 10.60%, 0, 0, 2, 75.55 6949 51481
1601779402, 0, 0, 428, 428, 3, 10.62%, 0, 0, 2, 84.17 6958 51924
1601779407, 0, 0, 439, 439, 3, 10.63%, 0, 0, 2, 83.60 6966 52350
1601779412, 0, 0, 443, 443, 3, 10.63%, 0, 0, 2, 84.57 6966 52786
1601779418, 0, 0, 447, 447, 3, 10.64%, 0, 0, 2, 86.61 6971 53231
1601779423, 0, 0, 453, 453, 3, 10.65%, 0, 0, 2, 85.89 6979 53675
1601779428, 0, 0, 455, 455, 3, 10.66%, 0, 0, 2, 86.41 6985 54118
1601779433, 0, 0, 459, 459, 3, 10.66%, 0, 0, 2, 86.87 6985 54566
1601779438, 0, 0, 462, 462, 3, 10.66%, 0, 0, 2, 87.30 6987 55014
1601779443, 0, 0, 466, 466, 3, 10.66%, 0, 0, 2, 88.06 6989 55460
1601779448, 0, 0, 467, 467, 3, 10.67%, 0, 0, 2, 87.78 6990 55910
1601779453, 0, 0, 468, 468, 3, 10.67%, 0, 0, 2, 87.20 6990 56357
1601779459, 0, 0, 469, 469, 3, 10.67%, 0, 0, 2, 88.35 6991 56813
1601779464, 0, 0, 473, 473, 3, 10.74%, 0, 0, 2, 87.40 7037 57262
1601779469, 0, 0, 475, 475, 3, 10.74%, 0, 0, 2, 87.24 7037 57708
1601779474, 0, 0, 480, 480, 3, 10.74%, 0, 0, 2, 86.04 7037 58152
1601779479, 0, 0, 482, 482, 3, 10.75%, 0, 0, 2, 86.07 7048 58594
1601779484, 0, 0, 484, 484, 3, 10.77%, 0, 0, 2, 86.51 7057 59039
1601779490, 0, 0, 487, 487, 3, 10.77%, 0, 0, 2, 87.06 7057 59487
1601779495, 0, 0, 489, 489, 3, 10.78%, 0, 0, 2, 87.75 7062 59941
1601779500, 0, 0, 490, 490, 3, 10.78%, 0, 0, 2, 86.96 7062 60387
1601779505, 0, 0, 491, 491, 3, 10.78%, 0, 0, 2, 88.21 7062 60842
1601779520, 0, 0, 492, 492, 3, 10.78%, 0, 0, 2, 86.90 7062 62181
1601779526, 0, 0, 494, 494, 3, 10.78%, 0, 0, 2, 86.52 7062 62624
1601779531, 0, 0, 495, 495, 3, 10.78%, 0, 0, 2, 87.12 7063 63072
1601779536, 0, 0, 497, 497, 3, 10.78%, 0, 0, 2, 86.98 7065 63518
1601779541, 0, 0, 498, 498, 3, 10.78%, 0, 0, 2, 86.74 7065 63964
1601779546, 0, 0, 499, 499, 3, 10.78%, 0, 0, 2, 83.46 7065 64388
1601779551, 0, 0, 503, 503, 3, 10.80%, 0, 0, 2, 85.45 7078 64839
1601779556, 0, 0, 504, 504, 3, 10.80%, 0, 0, 2, 85.67 7078 65282
1601779562, 0, 0, 506, 506, 3, 10.80%, 0, 0, 2, 85.44 7080 65724
1601779567, 0, 0, 508, 508, 3, 10.81%, 0, 0, 2, 85.62 7084 66162
1601779572, 0, 0, 511, 511, 3, 10.81%, 0, 0, 2, 85.63 7085 66602
1601779577, 0, 0, 513, 513, 3, 10.81%, 0, 0, 2, 87.64 7085 67053
1601779582, 0, 0, 514, 514, 3, 10.81%, 0, 0, 2, 85.91 7085 67490
1601779587, 0, 0, 516, 516, 3, 10.82%, 0, 0, 2, 86.70 7088 67939
1601779592, 0, 0, 519, 519, 3, 10.82%, 0, 0, 2, 86.12 7088 68378
1601779598, 0, 1, 525, 524, 145, 10.83%, 0, 0, 2, 78.21 7098 68781
1601779603, 0, 1, 533, 532, 145, 10.84%, 0, 0, 2, 64.01 7103 69096
1601779608, 0, 1, 535, 534, 145, 11.20%, 0, 0, 2, 67.44 7339 69452
1601779613, 0, 1, 536, 535, 145, 11.20%, 0, 0, 2, 70.43 7339 69813
1601779618, 0, 1, 537, 536, 145, 11.20%, 0, 0, 2, 64.88 7340 70135
1601779633, 0, 1, 538, 537, 145, 11.20%, 0, 0, 2, 73.40 7341 71380
1601779649, 0, 1, 539, 538, 145, 11.20%, 0, 0, 2, 61.28 7341 72355
1601779654, 0, 1, 540, 539, 145, 11.20%, 0, 0, 2, 60.86 7341 72662
1601779659, 0, 1, 541, 540, 145, 11.22%, 0, 0, 2, 60.60 7355 72978
1601779741, 0, 1, 543, 542, 145, 11.34%, 0, 0, 2, 79.15 7429 78689
1601779761, 0, 1, 548, 547, 145, 11.35%, 0, 0, 2, 89.15 7437 80495
1601779772, 0, 1, 550, 549, 145, 11.35%, 0, 0, 2, 83.17 7438 81377
1601779777, 0, 1, 552, 551, 145, 11.36%, 0, 0, 2, 67.97 7444 81712
1601779782, 0, 1, 553, 552, 145, 11.36%, 0, 0, 2, 64.76 7446 82043
1601779808, 0, 1, 554, 553, 145, 11.36%, 0, 0, 2, 62.96 7447 83692
1601779813, 0, 1, 560, 559, 145, 11.39%, 0, 0, 2, 61.68 7462 84002
1601779818, 0, 1, 562, 561, 145, 11.39%, 0, 0, 2, 59.58 7462 84305
1601779843, 0, 1, 563, 562, 145, 11.39%, 0, 0, 2, 61.10 7465 85866
1601779859, 0, 1, 564, 563, 145, 11.39%, 0, 0, 2, 62.63 7465 86812
1601779890, 0, 1, 565, 564, 145, 11.41%, 0, 0, 2, 82.40 7475 88837
1601779905, 0, 1, 567, 566, 145, 11.46%, 0, 0, 2, 87.61 7513 90186
1601779936, 0, 1, 568, 567, 145, 11.46%, 0, 0, 2, 63.99 7513 92554
1601780064, 0, 1, 569, 568, 145, 11.46%, 0, 0, 2, 83.74 7513 100469
1601780069, 0, 1, 571, 570, 145, 11.46%, 0, 0, 2, 86.40 7513 100914
1601780079, 0, 1, 572, 571, 145, 11.46%, 0, 0, 2, 87.46 7513 101809
1601780085, 0, 1, 574, 573, 145, 11.54%, 0, 0, 2, 86.87 7564 102256
1601780095, 0, 1, 575, 574, 145, 11.54%, 0, 0, 2, 88.57 7564 103122
1601780110, 0, 1, 577, 576, 145, 11.54%, 0, 0, 2, 87.44 7564 104472
1601780141, 0, 1, 578, 577, 145, 11.54%, 0, 0, 2, 86.71 7564 107183
1601780162, 0, 1, 580, 579, 145, 11.54%, 0, 0, 2, 87.72 7564 108968
1601780172, 0, 1, 583, 582, 145, 11.54%, 0, 0, 2, 86.93 7566 109865
1601780203, 0, 2, 583, 581, 165, 11.54%, 0, 0, 2, 81.48 7566 112544
1601780218, 0, 2, 594, 592, 165, 11.55%, 0, 0, 2, 77.32 7572 113690
1601780223, 0, 2, 609, 607, 165, 11.55%, 0, 0, 2, 78.37 7572 114091
1601780228, 0, 2, 618, 616, 165, 11.55%, 0, 0, 2, 79.17 7572 114497
1601780234, 0, 2, 628, 626, 165, 11.55%, 0, 0, 2, 78.01 7572 114895
1601780239, 0, 2, 637, 635, 165, 11.56%, 0, 0, 2, 77.22 7578 115286
1601780244, 0, 2, 647, 645, 165, 11.57%, 0, 0, 2, 78.68 7583 115689
1601780249, 0, 2, 654, 652, 165, 11.57%, 0, 0, 2, 79.33 7583 116096
1601780254, 0, 2, 662, 660, 165, 11.57%, 0, 0, 2, 77.57 7583 116494
1601780259, 0, 2, 671, 669, 165, 11.57%, 0, 0, 2, 78.88 7583 116900
1601780264, 0, 2, 679, 677, 165, 11.57%, 0, 0, 2, 77.10 7583 117297
1601780269, 0, 2, 686, 684, 165, 11.57%, 0, 0, 2, 76.37 7583 117691
1601780275, 0, 2, 694, 692, 165, 11.57%, 0, 0, 2, 78.13 7583 118097
1601780280, 0, 2, 704, 702, 165, 11.58%, 0, 0, 2, 77.10 7589 118488
1601780285, 0, 2, 710, 708, 165, 11.58%, 0, 0, 2, 77.77 7589 118887
1601780290, 0, 2, 713, 711, 165, 11.58%, 0, 0, 2, 76.40 7589 119279
1601780295, 0, 2, 714, 712, 165, 11.58%, 0, 0, 2, 75.90 7589 119670
1601780300, 0, 2, 717, 715, 165, 11.58%, 0, 0, 2, 76.52 7589 120066
1601780306, 0, 2, 723, 721, 165, 11.58%, 0, 0, 2, 77.16 7589 120464
1601780311, 0, 2, 727, 725, 165, 11.58%, 0, 0, 2, 77.21 7589 120864
1601780326, 0, 2, 732, 730, 165, 11.58%, 0, 0, 2, 76.14 7589 122033
1601780331, 0, 2, 733, 731, 165, 11.58%, 0, 0, 2, 76.42 7589 122349
1601780336, 0, 2, 736, 734, 165, 11.58%, 0, 0, 2, 75.88 7589 122741
1601780341, 0, 2, 737, 735, 165, 11.58%, 0, 0, 2, 76.23 7589 123133
1601780352, 0, 2, 740, 738, 165, 11.58%, 0, 0, 2, 73.92 7589 123901
1601780357, 0, 2, 741, 739, 165, 11.58%, 0, 0, 2, 74.45 7589 124283
1601780372, 0, 2, 742, 740, 165, 11.58%, 0, 0, 2, 74.71 7589 125419
1601780378, 0, 2, 743, 741, 165, 11.58%, 0, 0, 2, 75.18 7589 125809
1601780383, 0, 2, 744, 742, 165, 11.58%, 0, 0, 2, 74.48 7590 126193
1601780388, 0, 2, 749, 747, 165, 11.58%, 0, 0, 2, 75.43 7590 126580
1601780393, 0, 2, 758, 756, 165, 11.58%, 0, 0, 2, 76.10 7591 126935
1601780398, 0, 2, 765, 763, 165, 11.58%, 0, 0, 2, 74.42 7591 127316
1601780403, 0, 2, 768, 766, 165, 11.58%, 0, 0, 2, 73.36 7591 127690
1601780408, 0, 2, 774, 772, 165, 11.58%, 0, 0, 2, 73.43 7592 128069
1601780414, 0, 2, 779, 777, 165, 11.58%, 0, 0, 2, 73.06 7592 128444
1601780424, 0, 2, 780, 778, 165, 11.58%, 0, 0, 2, 73.33 7592 129203
1601780475, 0, 2, 783, 781, 165, 11.60%, 0, 0, 2, 78.45 7599 132917
1601780516, 0, 2, 784, 782, 165, 11.60%, 0, 0, 2, 75.08 7599 136074
1601780521, 0, 2, 785, 783, 165, 11.60%, 0, 0, 2, 76.38 7599 136473
1601780532, 0, 2, 786, 784, 165, 11.60%, 0, 0, 2, 76.27 7599 137266
1601780537, 0, 2, 787, 785, 165, 11.60%, 0, 0, 2, 75.97 7600 137655
1601780629, 0, 2, 788, 786, 165, 11.60%, 0, 0, 2, 79.29 7604 144632
1601780645, 0, 2, 789, 787, 165, 11.60%, 0, 0, 2, 73.80 7604 145772
1601780665, 0, 2, 790, 788, 165, 11.60%, 0, 0, 2, 73.19 7605 147284
1601780722, 0, 2, 791, 789, 165, 11.60%, 0, 0, 2, 80.86 7605 151469
1601780752, 0, 2, 792, 790, 165, 11.61%, 0, 0, 2, 79.17 7606 153908
1601781030, 0, 2, 796, 794, 165, 11.61%, 0, 0, 2, 81.64 7608 174680
1601781035, 0, 2, 800, 798, 165, 11.61%, 0, 0, 2, 82.20 7608 175096
1601781040, 0, 2, 801, 799, 165, 11.61%, 0, 0, 2, 76.45 7608 175488
1601781055, 0, 2, 802, 800, 165, 11.61%, 0, 0, 2, 80.48 7608 176719
1601781133, 0, 2, 805, 803, 165, 11.61%, 0, 0, 2, 81.69 7608 182824
1601781143, 0, 2, 806, 804, 165, 11.61%, 0, 0, 2, 82.72 7608 183674
1601781220, 0, 2, 807, 805, 165, 11.61%, 0, 0, 2, 74.28 7608 189748
1601781447, 0, 2, 808, 806, 165, 11.61%, 0, 0, 2, 76.44 7608 207399
1601781571, 0, 2, 809, 807, 165, 11.61%, 0, 0, 2, 77.38 7610 217018
1601781858, 0, 2, 810, 808, 165, 11.62%, 0, 0, 2, 76.24 7616 238744
1601782362, 0, 2, 811, 809, 165, 11.62%, 0, 0, 2, 70.60 7617 276766
1601784857, 0, 2, 813, 811, 165, 11.62%, 0, 0, 2, 84.84 7617 471405
1601784862, 0, 2, 814, 812, 165, 11.62%, 0, 0, 2, 81.96 7617 471814
1601784872, 0, 2, 818, 816, 165, 11.63%, 0, 0, 2, 81.16 7623 472650
1601784888, 0, 2, 819, 817, 165, 11.65%, 0, 0, 2, 81.13 7632 473930
1601784893, 0, 2, 825, 823, 165, 11.65%, 0, 0, 2, 77.68 7633 474326
1601784898, 0, 2, 826, 824, 165, 11.65%, 0, 0, 2, 80.68 7633 474740
1601784908, 0, 2, 827, 825, 165, 11.65%, 0, 0, 2, 83.84 7633 475595
1601784924, 0, 2, 828, 826, 165, 11.65%, 0, 0, 2, 85.07 7633 476907
1601784939, 0, 2, 829, 827, 165, 11.65%, 0, 0, 2, 83.46 7634 478212
1601784944, 0, 2, 832, 830, 165, 11.65%, 0, 0, 2, 79.93 7636 478627
1601784949, 0, 2, 833, 831, 165, 11.65%, 0, 0, 2, 79.42 7636 479027
1601785119, 0, 2, 834, 832, 165, 11.66%, 0, 0, 2, 82.90 7639 492886
1601785170, 0, 2, 836, 834, 165, 11.66%, 0, 0, 2, 84.08 7639 497058
1601785268, 0, 2, 837, 835, 165, 11.66%, 0, 0, 2, 83.15 7640 505066
1601785638, 0, 2, 838, 836, 165, 11.66%, 0, 0, 2, 77.99 7642 534613
1601785710, 0, 2, 839, 837, 165, 11.66%, 0, 0, 2, 78.54 7642 540405
1601785726, 0, 2, 840, 838, 165, 11.66%, 0, 0, 2, 74.45 7642 541567
1601785757, 0, 2, 841, 839, 165, 11.66%, 0, 0, 2, 81.17 7642 544000
1601786112, 0, 2, 842, 840, 165, 11.66%, 0, 0, 2, 80.32 7642 571689
1601786297, 0, 2, 843, 841, 165, 11.66%, 0, 0, 2, 81.15 7642 586323
1601787270, 0, 2, 845, 843, 165, 11.67%, 0, 0, 2, 76.39 7647 661719
1601788078, 0, 2, 846, 844, 165, 11.67%, 0, 0, 2, 73.96 7647 722947
1601788243, 0, 2, 847, 845, 165, 11.67%, 0, 0, 2, 71.35 7647 735244
1601788619, 0, 2, 848, 846, 165, 11.67%, 0, 0, 2, 73.37 7647 763386
1601788635, 0, 2, 849, 847, 165, 11.67%, 0, 0, 2, 74.96 7647 764528
1601789021, 0, 2, 851, 849, 165, 11.68%, 0, 0, 2, 78.72 7654 793293
1601789787, 0, 2, 852, 850, 165, 11.70%, 0, 0, 2, 71.02 7666 848772
1601790199, 0, 2, 854, 852, 165, 11.70%, 0, 0, 2, 69.78 7666 877664
1601790204, 0, 2, 855, 853, 165, 11.70%, 0, 0, 2, 69.02 7666 878018
1601790214, 0, 2, 856, 854, 165, 11.70%, 0, 0, 2, 69.77 7666 878740
1601790665, 0, 2, 857, 855, 165, 11.70%, 0, 0, 2, 77.60 7666 911530
1601794274, 0, 2, 858, 856, 165, 11.71%, 0, 0, 2, 79.02 7671 1196178
1601794654, 0, 2, 859, 857, 165, 11.71%, 0, 0, 2, 74.91 7674 1225717
1601796344, 0, 2, 860, 858, 165, 11.72%, 0, 0, 2, 75.83 7680 1352095
1601796349, 0, 2, 863, 861, 165, 11.73%, 0, 0, 2, 81.09 7690 1352516
1601796354, 0, 2, 864, 862, 165, 11.73%, 0, 0, 2, 82.00 7690 1352941
1601796359, 0, 2, 865, 863, 165, 11.73%, 0, 0, 2, 82.22 7690 1353365
1601796364, 0, 2, 866, 864, 165, 11.74%, 0, 0, 2, 83.04 7692 1353794
1601796370, 0, 2, 867, 865, 165, 11.74%, 0, 0, 2, 83.76 7692 1354224
1601796385, 0, 2, 869, 867, 165, 11.74%, 0, 0, 2, 83.13 7692 1355499
1601796390, 0, 2, 870, 868, 165, 11.74%, 0, 0, 2, 83.96 7692 1355928
1601796395, 0, 2, 871, 869, 165, 11.74%, 0, 0, 2, 84.23 7692 1356359
1601796400, 0, 2, 874, 872, 165, 11.74%, 0, 0, 2, 84.09 7694 1356793
1601796411, 0, 2, 875, 873, 165, 11.74%, 0, 0, 2, 84.63 7696 1357661
1601796416, 0, 2, 876, 874, 165, 11.74%, 0, 0, 2, 83.51 7696 1358086
1601796421, 0, 2, 877, 875, 165, 11.74%, 0, 0, 2, 82.06 7696 1358503
1601796426, 0, 2, 878, 876, 165, 11.74%, 0, 0, 2, 82.95 7696 1358932
1601796436, 0, 2, 879, 877, 165, 11.74%, 0, 0, 2, 81.08 7696 1359767
1601796441, 0, 2, 881, 879, 165, 11.75%, 0, 0, 2, 80.74 7703 1360182
1601796447, 0, 2, 882, 880, 165, 11.75%, 0, 0, 2, 81.18 7703 1360601
1601796452, 0, 2, 885, 883, 165, 11.75%, 0, 0, 2, 80.83 7703 1361021
1601796457, 0, 2, 888, 886, 165, 11.75%, 0, 0, 2, 82.49 7703 1361443
1601796472, 0, 2, 892, 890, 165, 11.81%, 0, 0, 2, 82.73 7742 1362729
1601796477, 0, 2, 893, 891, 165, 11.81%, 0, 0, 2, 84.18 7742 1363159
1601796488, 0, 2, 894, 892, 165, 11.82%, 0, 0, 2, 82.61 7745 1364012
1601796513, 0, 2, 896, 894, 165, 11.82%, 0, 0, 2, 81.91 7747 1366078
1601796518, 0, 2, 897, 895, 165, 11.82%, 0, 0, 2, 82.08 7747 1366496
1601796523, 0, 2, 898, 896, 165, 11.82%, 0, 0, 2, 82.24 7747 1366915
1601796539, 0, 2, 900, 898, 165, 11.83%, 0, 0, 2, 83.98 7754 1368216
1601796544, 0, 2, 901, 899, 165, 11.83%, 0, 0, 2, 83.19 7754 1368641
1601796549, 0, 23, 901, 898, 190, 11.83%, 0, 0, 2, 86.52 7754 1369092
1601796693, 0, 23, 903, 900, 190, 11.83%, 0, 0, 3, 85.26 7754 1381573
1601796852, 0, 23, 904, 901, 190, 11.83%, 0, 0, 3, 83.15 7754 1394788
1601797022, 0, 41, 904, 900, 190, 11.83%, 0, 0, 3, 88.25 7754 1408779
1601797053, 0, 41, 905, 901, 190, 11.83%, 0, 0, 3, 84.23 7755 1411338
1601797488, 0, 41, 906, 902, 190, 11.83%, 0, 0, 3, 82.20 7755 1448529
1601797494, 0, 41, 907, 903, 190, 11.83%, 0, 0, 3, 84.75 7755 1448964
1601797504, 0, 45, 907, 902, 190, 11.83%, 0, 0, 3, 85.09 7755 1449847
1601798013, 0, 58, 907, 901, 189, 11.83%, 0, 0, 3, 86.88 7755 1489946
1601798049, 0, 58, 908, 902, 189, 11.83%, 0, 0, 3, 86.69 7755 1493104
1601798156, 0, 58, 909, 903, 189, 11.84%, 0, 0, 3, 91.35 7757 1502504
1601798172, 0, 58, 910, 904, 189, 11.84%, 0, 0, 3, 87.91 7757 1503920
1601798177, 0, 58, 911, 905, 189, 11.84%, 0, 0, 3, 92.71 7757 1504396
1601798192, 0, 58, 913, 907, 189, 11.84%, 0, 0, 3, 83.59 7757 1505716
1601798228, 0, 58, 914, 908, 189, 11.84%, 0, 0, 3, 81.06 7757 1508865
1601798254, 0, 58, 916, 910, 189, 11.84%, 0, 0, 3, 87.49 7757 1511093
1601798315, 0, 58, 917, 911, 189, 11.84%, 0, 0, 3, 87.18 7757 1516428
1601798372, 0, 58, 929, 923, 189, 11.85%, 0, 0, 3, 83.79 7765 1521439
1601798387, 0, 58, 930, 924, 189, 11.85%, 0, 0, 3, 82.21 7765 1522675
1601798423, 0, 58, 931, 925, 189, 11.85%, 0, 0, 3, 83.40 7765 1525645
1601798531, 0, 69, 931, 924, 191, 11.85%, 0, 0, 3, 88.58 7765 1534429
1601798731, 0, 69, 933, 926, 191, 11.85%, 0, 0, 3, 76.25 7768 1551825
1601799060, 0, 70, 933, 925, 191, 11.85%, 0, 0, 3, 83.54 7768 1576965
1601799091, 0, 70, 935, 927, 191, 11.85%, 0, 0, 3, 84.49 7768 1579399
1601799096, 0, 70, 936, 928, 191, 11.85%, 0, 0, 3, 85.31 7768 1579840
1601799563, 0, 80, 936, 927, 191, 11.85%, 0, 0, 3, 82.42 7768 1616950
1601799805, 0, 80, 937, 928, 191, 11.87%, 0, 0, 3, 74.69 7776 1635481
1601799943, 0, 80, 938, 929, 191, 11.87%, 0, 0, 3, 80.30 7776 1646287
1601800087, 0, 89, 938, 928, 191, 11.87%, 0, 0, 3, 79.53 7776 1657050
1601800098, 0, 89, 940, 930, 191, 11.87%, 0, 0, 3, 75.20 7776 1657843
1601800118, 0, 89, 943, 933, 191, 11.87%, 0, 0, 3, 81.57 7776 1659482
1601800123, 0, 89, 945, 935, 191, 11.87%, 0, 0, 3, 80.22 7776 1659895
1601800247, 0, 89, 947, 937, 191, 11.87%, 0, 0, 3, 90.93 7776 1669803
1601800257, 0, 89, 948, 938, 191, 11.87%, 0, 0, 3, 87.67 7776 1670724
1601800262, 0, 89, 949, 939, 191, 11.87%, 0, 0, 3, 86.61 7776 1671162
1601800406, 0, 89, 951, 941, 191, 11.87%, 0, 0, 3, 86.92 7776 1682734
1601800411, 0, 89, 953, 943, 191, 11.87%, 0, 0, 3, 86.35 7776 1683179
1601800442, 0, 89, 954, 944, 191, 11.87%, 0, 0, 3, 83.63 7776 1685762
1601800447, 0, 89, 955, 945, 191, 11.87%, 0, 0, 3, 87.16 7776 1686209
1601800452, 0, 89, 957, 947, 191, 11.87%, 0, 0, 3, 82.72 7776 1686633
1601800591, 0, 105, 958, 947, 190, 11.87%, 0, 0, 3, 96.27 7776 1697560
1601800612, 0, 105, 959, 948, 190, 11.87%, 0, 0, 3, 96.27 7777 1699476
1601800715, 0, 105, 961, 950, 190, 11.89%, 0, 0, 3, 90.81 7789 1708968
1601800720, 0, 105, 962, 951, 190, 11.89%, 0, 0, 3, 88.71 7790 1709417
1601801037, 0, 119, 962, 950, 191, 11.89%, 0, 0, 3, 88.03 7790 1737027
1601801057, 0, 119, 963, 951, 191, 11.89%, 0, 0, 3, 86.05 7790 1738785
1601801078, 0, 119, 964, 952, 191, 11.89%, 0, 0, 3, 85.35 7790 1740549
1601801248, 0, 119, 965, 953, 191, 11.89%, 0, 0, 3, 83.34 7790 1754715
1601801422, 0, 119, 967, 955, 191, 11.89%, 0, 0, 3, 84.45 7792 1769056
1601801572, 0, 119, 968, 956, 191, 11.89%, 0, 0, 3, 86.19 7794 1781266
1601801582, 0, 145, 968, 955, 193, 11.89%, 0, 0, 3, 88.41 7794 1782177
1601801792, 0, 145, 969, 956, 193, 11.89%, 0, 0, 3, 86.47 7795 1799941
1601801808, 0, 145, 970, 957, 193, 11.89%, 0, 0, 3, 86.76 7795 1801282
1601801967, 0, 145, 971, 958, 193, 11.89%, 0, 0, 3, 85.27 7795 1814769
1601802110, 0, 150, 972, 958, 194, 11.90%, 0, 0, 3, 90.20 7797 1826754
1601802238, 0, 150, 974, 960, 194, 11.90%, 0, 0, 3, 90.02 7799 1838285
1601802572, 0, 159, 974, 959, 195, 11.90%, 0, 0, 3, 90.15 7799 1866561
1601802858, 0, 159, 975, 960, 195, 11.90%, 0, 0, 3, 91.06 7799 1892388
1601803022, 0, 160, 977, 961, 194, 11.91%, 0, 0, 3, 86.87 7805 1906779
1601803033, 0, 160, 978, 962, 194, 11.91%, 0, 0, 3, 84.78 7805 1907647
1601803043, 0, 160, 979, 963, 194, 11.91%, 0, 0, 3, 87.61 7805 1908542
1601803058, 0, 160, 980, 964, 194, 11.91%, 0, 0, 3, 90.48 7805 1909943
1601803063, 0, 160, 981, 965, 194, 11.91%, 0, 0, 3, 89.01 7805 1910395
1601803186, 0, 160, 983, 967, 194, 11.91%, 0, 0, 3, 98.14 7805 1921429
1601803197, 0, 160, 994, 978, 194, 11.91%, 0, 0, 3, 86.77 7808 1922318
1601803212, 0, 160, 996, 980, 194, 11.91%, 0, 0, 3, 90.34 7808 1923707
1601803222, 0, 160, 997, 981, 194, 11.92%, 0, 0, 3, 93.26 7810 1924672
1601803253, 0, 160, 998, 982, 194, 11.92%, 0, 0, 3, 84.08 7810 1927261
1601803274, 0, 160, 999, 983, 194, 11.92%, 0, 0, 3, 84.58 7810 1928983
1601803366, 0, 160, 1001, 985, 194, 11.94%, 0, 0, 3, 86.81 7826 1937049
1601803392, 0, 160, 1004, 988, 194, 11.94%, 0, 0, 3, 85.45 7826 1939279
1601803530, 0, 170, 1004, 987, 196, 11.94%, 0, 0, 3, 95.46 7826 1951496
1601803684, 0, 170, 1005, 988, 196, 11.94%, 0, 0, 3, 92.23 7826 1965691
1601803884, 0, 170, 1007, 990, 196, 11.94%, 0, 0, 3, 83.95 7826 1983037
1601804038, 0, 186, 1007, 989, 195, 11.94%, 0, 0, 3, 91.02 7826 1996004
1601804043, 0, 186, 1010, 992, 195, 11.98%, 0, 0, 3, 91.32 7849 1996479
1601804048, 0, 186, 1012, 994, 195, 13.41%, 0, 0, 3, 96.24 8791 1996956
1601804059, 0, 198, 1012, 993, 183, 13.41%, 0, 0, 3, 99.89 8791 1997999
1601804325, 0, 198, 1016, 997, 183, 13.43%, 0, 0, 3, 97.46 8803 2022254
1601804330, 0, 198, 1019, 1000, 183, 13.48%, 0, 0, 3, 94.83 8836 2022736
1601804489, 0, 204, 1019, 999, 189, 13.48%, 0, 0, 3, 92.17 8836 2037834
1601804499, 0, 204, 1020, 1000, 189, 13.48%, 0, 0, 3, 83.08 8836 2038690
1601804530, 0, 204, 1021, 1001, 189, 13.50%, 0, 0, 3, 86.13 8847 2041380
1601804633, 0, 204, 1022, 1002, 189, 13.50%, 0, 0, 3, 96.45 8847 2050317
1601804638, 0, 204, 1023, 1003, 189, 13.50%, 0, 0, 3, 96.17 8847 2050805
1601804951, 0, 210, 1023, 1002, 191, 13.50%, 0, 0, 3, 98.11 8847 2077961
1601805361, 0, 215, 1023, 1001, 190, 13.50%, 0, 0, 3, 95.32 8847 2117443
1601805366, 0, 215, 1025, 1003, 190, 13.50%, 0, 0, 3, 86.51 8850 2117880
1601805371, 0, 215, 1026, 1004, 190, 13.51%, 0, 0, 3, 85.08 8854 2118314
1601805376, 0, 215, 1027, 1005, 190, 13.51%, 0, 0, 3, 87.60 8854 2118761
1601805391, 0, 215, 1030, 1008, 190, 13.52%, 0, 0, 3, 88.77 8859 2120117
1601805520, 0, 215, 1031, 1009, 190, 13.52%, 0, 0, 3, 84.17 8862 2130640
1601805525, 0, 215, 1033, 1011, 190, 13.52%, 0, 0, 3, 81.91 8863 2131061
1601805679, 0, 215, 1034, 1012, 190, 13.53%, 0, 0, 3, 85.01 8864 2143481
1601805684, 0, 215, 1035, 1013, 190, 13.58%, 0, 0, 3, 81.88 8903 2143897
1601805854, 0, 218, 1035, 1012, 192, 13.58%, 0, 0, 3, 86.98 8903 2157650
1601805869, 0, 218, 1036, 1013, 192, 13.61%, 0, 0, 3, 84.29 8917 2158872
1601805992, 0, 218, 1037, 1014, 192, 13.61%, 0, 0, 3, 83.15 8919 2169044
1601806013, 0, 218, 1038, 1015, 192, 13.62%, 0, 0, 3, 84.19 8928 2170827
1601806341, 0, 221, 1038, 1014, 193, 13.62%, 0, 0, 3, 88.29 8928 2197536
1601806347, 0, 221, 1039, 1015, 193, 13.64%, 0, 0, 3, 79.47 8936 2197941
1601806352, 0, 221, 1040, 1016, 193, 13.64%, 0, 0, 3, 80.38 8942 2198360
1601806372, 0, 221, 1041, 1017, 193, 13.64%, 0, 0, 3, 85.71 8942 2200029
1601806378, 0, 221, 1043, 1019, 193, 13.71%, 0, 0, 3, 82.20 8984 2200455
1601806491, 0, 221, 1044, 1020, 193, 13.71%, 0, 0, 3, 88.32 8988 2209387
1601806522, 0, 221, 1047, 1023, 193, 13.74%, 0, 0, 3, 78.83 9005 2212010
1601806681, 0, 221, 1049, 1025, 193, 13.74%, 0, 0, 3, 85.28 9005 2224715
1601806835, 0, 228, 1049, 1024, 200, 13.74%, 0, 0, 3, 92.28 9005 2237658
1601806840, 0, 228, 1051, 1026, 200, 13.77%, 0, 0, 3, 86.64 9026 2238097
1601806845, 0, 228, 1052, 1027, 200, 13.78%, 0, 0, 3, 84.36 9028 2238539
1601806979, 0, 228, 1053, 1028, 200, 13.78%, 0, 0, 3, 85.49 9029 2249378
1601807015, 0, 228, 1054, 1029, 200, 13.78%, 0, 0, 3, 80.95 9030 2252421
1601807159, 0, 228, 1055, 1030, 200, 13.78%, 0, 0, 3, 85.56 9032 2264194
1601807169, 0, 228, 1056, 1031, 200, 13.78%, 0, 0, 3, 90.75 9032 2265098
1601807323, 0, 231, 1056, 1030, 204, 13.78%, 0, 0, 3, 91.69 9032 2277707
1601807329, 0, 231, 1057, 1031, 204, 13.79%, 0, 0, 3, 84.07 9037 2278135
1601807467, 0, 231, 1058, 1032, 204, 13.79%, 0, 0, 3, 85.96 9037 2289317
1601807821, 0, 234, 1059, 1032, 204, 13.80%, 0, 0, 3, 87.91 9042 2317997
1601807996, 0, 234, 1060, 1033, 204, 13.81%, 0, 0, 3, 80.55 9048 2332901
1601808294, 0, 240, 1060, 1032, 207, 13.81%, 0, 0, 3, 88.64 9048 2357863
1601808448, 0, 240, 1061, 1033, 207, 13.81%, 0, 0, 3, 87.33 9048 2371317
1601808745, 0, 249, 1063, 1034, 206, 13.81%, 0, 0, 3, 92.29 9051 2397993
1601808755, 0, 249, 1064, 1035, 206, 13.82%, 0, 0, 3, 89.60 9055 2398907
1601808781, 0, 249, 1067, 1038, 206, 13.83%, 0, 0, 3, 92.69 9064 2401279
1601808883, 0, 249, 1069, 1040, 206, 13.84%, 0, 0, 3, 92.39 9067 2410579
1601808899, 0, 249, 1070, 1041, 206, 13.84%, 0, 0, 3, 90.26 9067 2412021
1601808991, 0, 249, 1071, 1042, 206, 13.84%, 0, 0, 3, 86.79 9067 2420022
1601809109, 0, 249, 1074, 1045, 206, 13.84%, 0, 0, 3, 84.94 9068 2430461
1601809247, 0, 249, 1075, 1046, 206, 13.84%, 0, 0, 3, 89.34 9068 2442248
1601809258, 0, 251, 1075, 1045, 212, 13.84%, 0, 0, 3, 85.19 9068 2443139
1601809263, 0, 251, 1076, 1046, 212, 13.84%, 0, 0, 3, 81.31 9068 2443550
1601809268, 0, 251, 1077, 1047, 212, 13.84%, 0, 0, 3, 82.29 9068 2443978
1601809294, 0, 251, 1079, 1049, 212, 13.84%, 0, 0, 3, 84.34 9073 2446099
1601809509, 0, 251, 1082, 1052, 212, 13.84%, 0, 0, 3, 83.55 9073 2464184
1601809514, 0, 251, 1089, 1059, 212, 13.85%, 0, 0, 3, 82.65 9075 2464607
1601809525, 0, 251, 1090, 1060, 212, 13.85%, 0, 0, 3, 83.07 9076 2465443
1601809540, 0, 251, 1091, 1061, 212, 13.85%, 0, 0, 3, 77.86 9076 2466688
1601809545, 0, 251, 1092, 1062, 212, 13.85%, 0, 0, 3, 77.13 9076 2467085
1601809550, 0, 251, 1093, 1063, 212, 13.85%, 0, 0, 3, 78.54 9076 2467498
1601809561, 0, 251, 1094, 1064, 212, 13.85%, 0, 0, 3, 80.03 9076 2468307
1601809566, 0, 251, 1095, 1065, 212, 13.85%, 0, 0, 3, 80.27 9076 2468716
1601809571, 0, 251, 1096, 1066, 212, 13.85%, 0, 0, 3, 80.61 9076 2469129
1601809638, 0, 251, 1098, 1068, 212, 13.86%, 0, 0, 3, 92.10 9081 2474786
1601809679, 0, 251, 1099, 1069, 212, 13.86%, 0, 0, 3, 83.39 9081 2478380
1601809710, 0, 251, 1101, 1071, 212, 13.86%, 0, 0, 3, 77.99 9081 2480825
1601809726, 0, 251, 1102, 1072, 212, 13.86%, 0, 0, 3, 83.99 9081 2482111
1601809849, 0, 264, 1102, 1071, 211, 13.86%, 0, 0, 3, 97.24 9081 2492558
1601810018, 0, 264, 1103, 1072, 211, 13.95%, 0, 0, 3, 88.24 9143 2508113
1601810290, 0, 267, 1103, 1071, 211, 13.95%, 0, 0, 3, 89.37 9143 2532659
1601810300, 0, 267, 1104, 1072, 211, 13.95%, 0, 0, 3, 72.93 9144 2533390
1601810326, 0, 267, 1105, 1073, 211, 13.95%, 0, 0, 3, 77.27 9145 2535362
1601810464, 0, 267, 1106, 1074, 211, 13.95%, 0, 0, 3, 86.04 9145 2545354
1601810500, 0, 267, 1107, 1075, 211, 13.95%, 0, 0, 3, 68.84 9145 2548160
1601810670, 0, 267, 1109, 1077, 211, 13.95%, 0, 0, 3, 67.10 9145 2560112
1601810860, 0, 272, 1109, 1076, 211, 13.95%, 0, 0, 3, 84.54 9145 2573143
1601811045, 0, 272, 1111, 1078, 211, 13.96%, 0, 0, 3, 88.49 9147 2588114
1601811483, 0, 276, 1111, 1077, 211, 13.96%, 0, 0, 3, 84.10 9147 2618119
1601811948, 0, 276, 1112, 1078, 211, 13.96%, 0, 0, 3, 90.88 9147 2658093
1601811959, 0, 285, 1113, 1078, 211, 13.97%, 0, 0, 3, 84.97 9158 2658995
1601811969, 0, 285, 1114, 1079, 211, 13.97%, 0, 0, 3, 81.84 9158 2659837
1601811995, 0, 285, 1115, 1080, 211, 13.98%, 0, 0, 3, 88.40 9159 2662028
1601812138, 0, 285, 1117, 1082, 211, 13.98%, 0, 0, 3, 88.67 9159 2674238
1601812215, 0, 285, 1118, 1083, 211, 13.98%, 0, 0, 3, 81.59 9159 2680640
1601812226, 0, 285, 1119, 1084, 211, 13.98%, 0, 0, 3, 78.56 9159 2681445
1601812262, 0, 285, 1120, 1085, 211, 13.98%, 0, 0, 3, 79.18 9159 2684296
1601812272, 0, 285, 1121, 1086, 211, 13.98%, 0, 0, 3, 77.51 9159 2685107
1601812282, 0, 285, 1122, 1087, 211, 13.98%, 0, 0, 3, 79.15 9159 2685912
1601812293, 0, 285, 1123, 1088, 211, 13.98%, 0, 0, 3, 78.22 9159 2686716
1601812339, 0, 285, 1124, 1089, 211, 13.98%, 0, 0, 3, 82.81 9159 2690472
1601812354, 0, 285, 1126, 1091, 211, 13.99%, 0, 0, 3, 79.28 9168 2691719
1601812385, 0, 285, 1127, 1092, 211, 13.99%, 0, 0, 3, 76.98 9168 2694250
1601812565, 0, 285, 1129, 1094, 211, 14.00%, 0, 0, 3, 84.04 9173 2708029
1601812570, 0, 285, 1130, 1095, 211, 14.00%, 0, 0, 3, 86.07 9173 2708479
1601812580, 0, 285, 1131, 1096, 211, 14.00%, 0, 0, 3, 86.16 9173 2709373
1601812586, 0, 285, 1132, 1097, 211, 14.00%, 0, 0, 3, 87.05 9173 2709820
1601812637, 0, 285, 1133, 1098, 211, 14.00%, 0, 0, 3, 86.08 9173 2714241
1601812647, 0, 285, 1134, 1099, 211, 14.00%, 0, 0, 3, 84.93 9173 2715108
1601812652, 0, 285, 1135, 1100, 211, 14.00%, 0, 0, 3, 84.54 9173 2715547
1601812663, 0, 285, 1137, 1102, 211, 14.00%, 0, 0, 3, 84.80 9173 2716422
1601812673, 0, 285, 1138, 1103, 211, 14.00%, 0, 0, 3, 84.01 9173 2717299
1601812699, 0, 285, 1139, 1104, 211, 14.00%, 0, 0, 3, 89.16 9173 2719529
1601812709, 0, 285, 1140, 1105, 211, 14.00%, 0, 0, 3, 87.93 9173 2720424
1601812729, 0, 285, 1141, 1106, 211, 14.00%, 0, 0, 3, 85.92 9174 2722206
1601812745, 0, 285, 1143, 1108, 211, 14.00%, 0, 0, 3, 86.03 9174 2723529
1601812755, 0, 289, 1143, 1107, 210, 14.00%, 0, 0, 3, 87.78 9174 2724429
1601813093, 0, 289, 1144, 1108, 210, 14.00%, 0, 0, 3, 82.88 9174 2753529
1601813216, 0, 316, 1144, 1107, 209, 14.00%, 0, 0, 3, 87.01 9174 2764425
1601813222, 0, 316, 1147, 1110, 209, 14.01%, 0, 0, 3, 80.86 9182 2764834
1601813232, 0, 316, 1148, 1111, 209, 14.01%, 0, 0, 3, 82.22 9182 2765683
1601813252, 0, 316, 1149, 1112, 209, 14.01%, 0, 0, 3, 87.43 9182 2767423
1601813268, 0, 316, 1151, 1114, 209, 14.02%, 0, 0, 3, 80.54 9185 2768718
1601813273, 0, 316, 1153, 1116, 209, 14.02%, 0, 0, 3, 81.62 9191 2769140
1601813278, 0, 316, 1154, 1117, 209, 14.03%, 0, 0, 3, 81.38 9192 2769555
1601813407, 0, 316, 1155, 1118, 209, 14.03%, 0, 0, 3, 88.85 9192 2780247
1601813412, 0, 316, 1156, 1119, 209, 14.03%, 0, 0, 3, 84.10 9192 2780679
1601813479, 0, 316, 1159, 1122, 209, 14.04%, 0, 0, 3, 79.97 9201 2786116
1601813510, 0, 316, 1163, 1126, 209, 14.04%, 0, 0, 3, 76.06 9201 2788593
1601813525, 0, 316, 1164, 1127, 209, 14.04%, 0, 0, 3, 75.47 9201 2789741
1601813654, 0, 316, 1166, 1129, 209, 14.04%, 0, 0, 3, 74.32 9201 2799991
1601813700, 0, 316, 1169, 1132, 209, 14.04%, 0, 0, 3, 82.55 9203 2803562
1601813706, 0, 316, 1172, 1135, 209, 14.05%, 0, 0, 3, 82.58 9208 2803985
1601813844, 0, 319, 1172, 1134, 212, 14.05%, 0, 0, 3, 85.20 9208 2814183
1601814029, 0, 319, 1173, 1135, 212, 14.05%, 0, 0, 3, 96.56 9208 2829687
1601814122, 0, 319, 1174, 1136, 212, 14.05%, 0, 0, 3, 81.59 9208 2837995
1601814127, 0, 319, 1180, 1142, 212, 14.05%, 0, 0, 3, 84.17 9209 2838431
1601814132, 0, 319, 1181, 1143, 212, 14.05%, 0, 0, 3, 82.30 9209 2838850
1601814435, 0, 329, 1181, 1142, 215, 14.05%, 0, 0, 3, 95.45 9209 2863718
1601814445, 0, 329, 1183, 1144, 215, 14.05%, 0, 0, 3, 88.83 9211 2864630
1601814455, 0, 329, 1184, 1145, 215, 14.06%, 0, 0, 3, 84.05 9212 2865499
1601814486, 0, 329, 1185, 1146, 215, 14.06%, 0, 0, 3, 82.15 9215 2868218
1601814871, 0, 329, 1187, 1148, 215, 14.07%, 0, 0, 3, 80.57 9220 2901608
1601814891, 0, 329, 1188, 1149, 215, 14.07%, 0, 0, 3, 77.72 9220 2903178
1601814917, 0, 329, 1189, 1150, 215, 14.07%, 0, 0, 3, 80.14 9220 2905226
1601815020, 0, 330, 1189, 1149, 217, 14.07%, 0, 0, 3, 88.82 9220 2913284
1601815071, 0, 330, 1190, 1150, 217, 14.07%, 0, 0, 3, 83.63 9220 2917649
1601815076, 0, 330, 1191, 1151, 217, 14.07%, 0, 0, 3, 78.26 9221 2918043
1601815205, 0, 330, 1192, 1152, 217, 14.07%, 0, 0, 3, 91.43 9221 2929121
1601815307, 0, 330, 1193, 1153, 217, 14.07%, 0, 0, 3, 78.14 9221 2937690
1601815472, 0, 330, 1194, 1154, 217, 14.07%, 0, 0, 3, 73.43 9221 2951432
1601815487, 0, 330, 1195, 1155, 217, 14.07%, 0, 0, 3, 76.94 9221 2952572
1601815518, 0, 330, 1196, 1156, 217, 14.07%, 0, 0, 3, 79.07 9221 2955039
1601815615, 0, 336, 1196, 1155, 218, 14.07%, 0, 0, 3, 94.28 9221 2962885
1601815892, 0, 336, 1197, 1156, 218, 14.10%, 0, 0, 3, 75.57 9241 2986384
1601815902, 0, 336, 1198, 1157, 218, 14.10%, 0, 0, 3, 76.77 9241 2987164
1601815908, 0, 336, 1199, 1158, 218, 14.10%, 0, 0, 3, 74.09 9241 2987539
1601816211, 0, 336, 1200, 1159, 218, 14.10%, 0, 0, 3, 90.71 9241 3012179
1601816221, 0, 336, 1201, 1160, 218, 14.10%, 0, 0, 3, 96.49 9241 3013150
1601816231, 0, 336, 1202, 1161, 218, 14.10%, 0, 0, 3, 96.85 9241 3014150
1601816272, 0, 337, 1202, 1160, 218, 14.10%, 0, 0, 3, 92.83 9241 3018056
1601816498, 0, 337, 1203, 1161, 218, 14.10%, 0, 0, 3, 81.49 9243 3037792
1601816503, 0, 337, 1205, 1163, 218, 14.11%, 0, 0, 3, 81.20 9245 3038211
1601816610, 0, 337, 1206, 1164, 218, 14.11%, 0, 0, 3, 82.23 9245 3047546
1601816646, 0, 337, 1207, 1165, 218, 14.11%, 0, 0, 3, 84.45 9247 3050542
1601816651, 0, 337, 1208, 1166, 218, 14.11%, 0, 0, 3, 82.54 9250 3050965
1601816739, 0, 348, 1208, 1165, 218, 14.11%, 0, 0, 3, 95.54 9250 3058317
1601816759, 0, 348, 1209, 1166, 218, 14.12%, 0, 0, 3, 91.85 9253 3060164
1601816790, 0, 348, 1210, 1167, 218, 14.12%, 0, 0, 3, 86.53 9255 3062968
1601816980, 0, 348, 1211, 1168, 218, 14.13%, 0, 0, 3, 84.03 9259 3079645
1601817031, 0, 348, 1212, 1169, 218, 14.13%, 0, 0, 3, 84.44 9259 3083867
1601817185, 0, 348, 1214, 1171, 218, 14.14%, 0, 0, 3, 79.09 9264 3097172
1601817309, 0, 352, 1214, 1170, 222, 14.14%, 0, 0, 3, 92.20 9264 3107740
1601817781, 0, 352, 1215, 1171, 222, 14.15%, 0, 0, 3, 91.37 9273 3147659
1601817791, 0, 363, 1215, 1170, 223, 14.15%, 0, 0, 3, 90.33 9273 3148617
1601817801, 0, 363, 1217, 1172, 223, 14.15%, 0, 0, 3, 87.08 9273 3149510
1601817827, 0, 363, 1218, 1173, 223, 14.15%, 0, 0, 3, 92.50 9274 3151782
1601817832, 0, 363, 1220, 1175, 223, 14.15%, 0, 0, 3, 92.53 9274 3152252
1601817976, 0, 363, 1221, 1176, 223, 14.15%, 0, 0, 3, 87.48 9274 3164221
1601817981, 0, 363, 1222, 1177, 223, 14.15%, 0, 0, 3, 84.56 9274 3164658
1601817991, 0, 363, 1225, 1180, 223, 14.15%, 0, 0, 3, 82.11 9274 3165477
1601818017, 0, 363, 1226, 1181, 223, 14.15%, 0, 0, 3, 80.71 9274 3167633
1601818048, 0, 363, 1230, 1185, 223, 14.15%, 0, 0, 3, 76.49 9276 3170036
1601818063, 0, 363, 1232, 1187, 223, 14.15%, 0, 0, 3, 76.60 9276 3171196
1601818073, 0, 363, 1233, 1188, 223, 14.15%, 0, 0, 3, 75.61 9276 3171990
1601818084, 0, 363, 1235, 1190, 223, 14.17%, 0, 0, 3, 78.45 9287 3172765
1601818120, 0, 363, 1236, 1191, 223, 14.17%, 0, 0, 3, 79.12 9287 3175453
1601818125, 0, 363, 1237, 1192, 223, 14.18%, 0, 0, 3, 86.75 9294 3175912
1601818130, 0, 363, 1238, 1193, 223, 14.18%, 0, 0, 3, 88.53 9294 3176371
1601818140, 0, 363, 1239, 1194, 223, 14.18%, 0, 0, 3, 86.47 9295 3177285
1601818145, 0, 363, 1240, 1195, 223, 14.21%, 0, 0, 3, 83.53 9310 3177706
1601818150, 0, 363, 1242, 1197, 223, 14.21%, 0, 0, 3, 81.67 9312 3178125
1601818155, 0, 363, 1243, 1198, 223, 14.21%, 0, 0, 3, 78.83 9312 3178526
1601818176, 0, 363, 1244, 1199, 223, 14.21%, 0, 0, 3, 88.91 9312 3180445
1601818181, 0, 363, 1245, 1200, 223, 14.21%, 0, 0, 3, 92.23 9312 3180918
1601818207, 0, 363, 1246, 1201, 223, 14.21%, 0, 0, 3, 84.97 9312 3183168
1601818217, 0, 363, 1249, 1204, 223, 14.21%, 0, 0, 3, 82.23 9312 3184030
1601818325, 0, 363, 1250, 1205, 223, 14.21%, 0, 0, 3, 79.16 9312 3192390
1601818341, 0, 363, 1251, 1206, 223, 14.21%, 0, 0, 3, 77.49 9313 3193646
1601818402, 0, 369, 1251, 1205, 225, 14.21%, 0, 0, 3, 88.03 9313 3198623
1601818469, 0, 369, 1252, 1206, 225, 14.21%, 0, 0, 3, 83.82 9314 3204286
1601818984, 0, 369, 1253, 1207, 225, 14.21%, 0, 0, 3, 96.08 9314 3245559
1601818999, 0, 374, 1253, 1206, 225, 14.21%, 0, 0, 3, 83.25 9314 3246932
1601819173, 0, 374, 1254, 1207, 225, 14.21%, 0, 0, 3, 95.47 9314 3262154
1601819255, 0, 374, 1255, 1208, 225, 14.21%, 0, 0, 3, 82.28 9314 3269251
1601819291, 0, 374, 1256, 1209, 225, 14.22%, 0, 0, 3, 83.74 9317 3272226
1601819348, 0, 374, 1258, 1211, 225, 14.22%, 0, 0, 3, 80.25 9322 3276684
1601819369, 0, 374, 1259, 1212, 225, 14.22%, 0, 0, 3, 93.19 9322 3278609
1601819410, 0, 374, 1260, 1213, 225, 14.22%, 0, 0, 3, 79.24 9322 3282250
1601819451, 0, 374, 1261, 1214, 225, 14.22%, 0, 0, 3, 79.43 9322 3285466
1601819554, 0, 374, 1264, 1217, 225, 14.24%, 0, 0, 3, 76.73 9334 3293445
1601819559, 0, 374, 1265, 1218, 225, 14.24%, 0, 0, 3, 77.74 9335 3293848
1601819590, 0, 376, 1265, 1217, 226, 14.24%, 0, 0, 3, 94.36 9335 3296474
1601819754, 0, 376, 1267, 1219, 226, 14.25%, 0, 0, 3, 93.33 9337 3311446
1601820123, 0, 398, 1271, 1222, 226, 14.25%, 0, 0, 3, 83.49 9337 3344097
1601820128, 0, 398, 1272, 1223, 226, 14.25%, 0, 0, 3, 80.98 9337 3344508
1601820133, 0, 398, 1277, 1228, 226, 14.25%, 0, 0, 3, 85.92 9337 3344960
1601820143, 0, 398, 1278, 1229, 226, 14.25%, 0, 0, 3, 82.80 9337 3345827
1601820159, 0, 398, 1279, 1230, 226, 14.25%, 0, 0, 3, 84.70 9337 3347103
1601820164, 0, 398, 1280, 1231, 226, 14.25%, 0, 0, 3, 86.56 9337 3347545
1601820174, 0, 398, 1287, 1238, 226, 14.25%, 0, 0, 3, 84.62 9339 3348409
1601820323, 0, 398, 1290, 1241, 226, 14.25%, 0, 0, 3, 93.76 9340 3361251
1601820328, 0, 398, 1292, 1243, 226, 14.25%, 0, 0, 3, 92.36 9340 3361727
1601820338, 0, 398, 1294, 1245, 226, 14.25%, 0, 0, 3, 85.54 9340 3362582
1601820344, 0, 398, 1295, 1246, 226, 14.25%, 0, 0, 3, 90.92 9340 3363054
1601820354, 0, 398, 1296, 1247, 226, 14.25%, 0, 0, 3, 88.67 9340 3363952
1601820364, 0, 398, 1298, 1249, 226, 14.25%, 0, 0, 3, 83.96 9340 3364851
1601820374, 0, 398, 1303, 1254, 226, 14.30%, 0, 0, 3, 77.03 9373 3365649
1601820380, 0, 398, 1309, 1260, 226, 14.38%, 0, 0, 3, 82.72 9424 3366061
1601820431, 0, 398, 1310, 1261, 226, 14.38%, 0, 0, 3, 79.63 9424 3370288
1601820482, 0, 398, 1311, 1262, 226, 14.38%, 0, 0, 3, 73.34 9424 3374202
1601820534, 0, 398, 1312, 1263, 226, 14.38%, 0, 0, 3, 78.62 9424 3377994
1601820549, 0, 398, 1313, 1264, 226, 14.38%, 0, 0, 3, 85.59 9424 3379349
1601820554, 0, 398, 1315, 1266, 226, 14.38%, 0, 0, 3, 88.24 9424 3379805
1601820590, 0, 398, 1319, 1270, 226, 14.38%, 0, 0, 3, 85.85 9424 3382988
1601820595, 0, 398, 1321, 1272, 226, 14.38%, 0, 0, 3, 77.02 9424 3383373
1601820611, 0, 398, 1322, 1273, 226, 14.38%, 0, 0, 3, 85.99 9424 3384623
1601820616, 0, 398, 1323, 1274, 226, 14.38%, 0, 0, 3, 80.26 9427 3385040
1601820678, 0, 398, 1324, 1275, 226, 14.38%, 0, 0, 3, 76.71 9427 3389732
1601820806, 0, 398, 1325, 1276, 226, 14.39%, 0, 0, 3, 88.93 9431 3399295
1601820816, 0, 402, 1325, 1275, 235, 14.39%, 0, 0, 3, 90.00 9431 3400236
1601820832, 0, 402, 1326, 1276, 235, 14.39%, 0, 0, 3, 85.22 9433 3401543
1601820842, 0, 402, 1327, 1277, 235, 14.39%, 0, 0, 3, 90.49 9433 3402446
1601821037, 0, 402, 1328, 1278, 235, 14.40%, 0, 0, 3, 81.81 9436 3418972
1601821304, 0, 408, 1328, 1277, 236, 14.40%, 0, 0, 3, 85.33 9436 3440684
1601821335, 0, 408, 1329, 1278, 236, 14.40%, 0, 0, 3, 89.06 9440 3443207
1601821422, 0, 408, 1331, 1280, 236, 14.41%, 0, 0, 3, 81.05 9443 3450132
1601821545, 0, 408, 1332, 1281, 236, 14.41%, 0, 0, 3, 79.40 9443 3460369
1601821560, 0, 408, 1333, 1282, 236, 14.41%, 0, 0, 3, 72.24 9443 3461525
1601821602, 0, 408, 1336, 1285, 236, 14.41%, 0, 0, 3, 76.93 9443 3464570
1601821622, 0, 408, 1337, 1286, 236, 14.41%, 0, 0, 3, 78.40 9443 3466175
1601821627, 0, 408, 1338, 1287, 236, 14.41%, 0, 0, 3, 75.13 9445 3466562
1601821730, 0, 408, 1339, 1288, 236, 14.41%, 0, 0, 3, 79.89 9445 3474724
1601821761, 0, 408, 1340, 1289, 236, 14.41%, 0, 0, 3, 80.79 9445 3477303
1601821828, 0, 408, 1341, 1290, 236, 14.41%, 0, 0, 3, 70.19 9445 3482258
1601821859, 0, 408, 1342, 1291, 236, 14.41%, 0, 0, 3, 70.12 9445 3484490
1601821967, 0, 408, 1343, 1292, 236, 14.41%, 0, 0, 3, 87.25 9445 3492257
1601821972, 0, 408, 1344, 1293, 236, 14.41%, 0, 0, 3, 89.18 9445 3492718
1601821982, 0, 408, 1345, 1294, 236, 14.41%, 0, 0, 3, 90.18 9445 3493648
1601821988, 0, 408, 1346, 1295, 236, 14.41%, 0, 0, 3, 90.61 9445 3494111
1601822111, 0, 410, 1346, 1294, 239, 14.41%, 0, 0, 3, 76.98 9445 3504494
1601822116, 0, 410, 1347, 1295, 239, 14.41%, 0, 0, 3, 73.29 9447 3504869
1601822121, 0, 410, 1348, 1296, 239, 14.42%, 0, 0, 3, 79.01 9450 3505285
1601822384, 0, 410, 1350, 1298, 239, 14.44%, 0, 0, 3, 74.75 9464 3526197
1601822409, 0, 410, 1351, 1299, 239, 14.45%, 0, 0, 3, 81.52 9467 3528207
1601822620, 0, 410, 1356, 1304, 239, 14.48%, 0, 0, 3, 77.07 9492 3545012
1601822625, 0, 410, 1361, 1309, 239, 14.56%, 0, 0, 3, 81.89 9539 3545430
1601822630, 0, 410, 1362, 1310, 239, 14.56%, 0, 0, 3, 75.84 9539 3545813
1601822661, 0, 410, 1363, 1311, 239, 14.56%, 0, 0, 3, 76.13 9539 3548173
1601822770, 0, 411, 1363, 1310, 248, 14.56%, 0, 0, 3, 87.95 9539 3556290
1601823371, 0, 418, 1363, 1309, 247, 14.56%, 0, 0, 3, 92.95 9539 3606226
1601823376, 0, 424, 1365, 1310, 246, 14.56%, 0, 0, 3, 94.36 9541 3606717
1601823386, 0, 424, 1366, 1311, 246, 14.56%, 0, 0, 3, 88.16 9541 3607622
1601823396, 0, 424, 1367, 1312, 246, 14.56%, 0, 0, 3, 86.29 9541 3608534
1601823422, 0, 424, 1371, 1316, 246, 14.59%, 0, 0, 3, 82.79 9562 3610789
1601823427, 0, 424, 1376, 1321, 246, 14.61%, 0, 0, 3, 86.10 9575 3611224
1601823432, 0, 424, 1378, 1323, 246, 14.61%, 0, 0, 3, 91.56 9575 3611698
1601823442, 0, 427, 1378, 1322, 253, 14.61%, 0, 0, 3, 94.09 9575 3612645
1601823468, 0, 428, 1378, 1321, 252, 14.61%, 0, 0, 3, 86.90 9575 3615000
1601823478, 0, 428, 1379, 1322, 252, 14.61%, 0, 0, 3, 83.97 9575 3615864
1601823648, 0, 428, 1380, 1323, 252, 14.61%, 0, 0, 3, 84.54 9575 3630241
1601823951, 0, 429, 1380, 1322, 252, 14.61%, 0, 0, 3, 88.44 9575 3655229
1601824207, 0, 429, 1382, 1324, 252, 14.61%, 0, 0, 3, 78.26 9575 3676272
1601824223, 0, 429, 1383, 1325, 252, 14.61%, 0, 0, 3, 74.72 9575 3677457
1601824300, 0, 429, 1384, 1326, 252, 14.61%, 0, 0, 3, 80.65 9576 3683365
1601824310, 0, 429, 1385, 1327, 252, 14.61%, 0, 0, 3, 81.80 9576 3684169
1601824413, 0, 429, 1386, 1328, 252, 14.61%, 0, 0, 3, 70.98 9576 3692493
1601824501, 0, 429, 1387, 1329, 252, 14.62%, 0, 0, 3, 76.85 9584 3698930
1601824547, 0, 430, 1387, 1328, 251, 14.62%, 0, 0, 3, 83.47 9584 3702621
1601824552, 0, 430, 1389, 1330, 251, 14.62%, 0, 0, 3, 86.59 9584 3703069
1601824659, 0, 430, 1390, 1331, 251, 14.62%, 0, 0, 3, 94.32 9584 3712885
1601824767, 0, 437, 1390, 1330, 251, 14.62%, 0, 0, 3, 95.50 9584 3722586
1601824793, 0, 444, 1390, 1329, 250, 14.62%, 0, 0, 3, 95.47 9584 3725033
1601824813, 0, 445, 1390, 1328, 249, 14.62%, 0, 0, 3, 92.89 9584 3726995
1601824818, 0, 445, 1391, 1329, 249, 14.63%, 0, 0, 3, 90.09 9585 3727436
1601824880, 0, 447, 1392, 1329, 249, 14.63%, 0, 0, 3, 93.34 9585 3732890
1601824915, 0, 447, 1395, 1332, 249, 14.63%, 0, 0, 3, 87.11 9585 3736136
1601824926, 0, 447, 1396, 1333, 249, 14.63%, 0, 0, 3, 90.88 9585 3737071
1601825003, 0, 453, 1396, 1332, 249, 14.63%, 0, 0, 3, 83.23 9585 3743955
1601825018, 0, 453, 1397, 1333, 249, 14.63%, 0, 0, 3, 82.43 9585 3745199
1601825044, 0, 453, 1398, 1334, 249, 14.63%, 0, 0, 3, 85.21 9585 3747365
1601825244, 0, 453, 1399, 1335, 249, 14.63%, 0, 0, 3, 82.74 9585 3763750
1601825259, 0, 453, 1400, 1336, 249, 14.63%, 0, 0, 3, 83.42 9585 3765017
1601825614, 0, 459, 1400, 1335, 249, 14.63%, 0, 0, 3, 84.59 9585 3792795
1601825660, 0, 461, 1400, 1334, 248, 14.63%, 0, 0, 3, 95.62 9585 3796972
1601825670, 0, 461, 1402, 1336, 248, 14.80%, 0, 0, 3, 88.61 9702 3797893
1601825681, 0, 468, 1402, 1335, 249, 14.80%, 0, 0, 3, 88.01 9702 3798816
1601825701, 0, 468, 1403, 1336, 249, 14.82%, 0, 0, 3, 89.41 9713 3800617
1601825742, 0, 469, 1403, 1335, 248, 14.82%, 0, 0, 3, 92.10 9713 3804235
1601825747, 0, 469, 1406, 1338, 248, 14.82%, 0, 0, 3, 84.14 9715 3804654
1601825767, 0, 469, 1408, 1340, 248, 14.82%, 0, 0, 3, 85.61 9715 3806420
1601825932, 0, 469, 1410, 1342, 248, 14.83%, 0, 0, 3, 72.15 9718 3819659
1601825999, 0, 474, 1410, 1341, 248, 14.83%, 0, 0, 3, 82.73 9718 3824600
1601826235, 0, 481, 1412, 1342, 247, 14.83%, 0, 0, 3, 83.79 9721 3844299
1601826241, 0, 481, 1414, 1344, 247, 14.85%, 0, 0, 3, 75.74 9733 3844678
1601826246, 0, 481, 1419, 1349, 247, 14.89%, 0, 0, 3, 75.40 9761 3845073
1601826271, 0, 481, 1420, 1350, 247, 14.92%, 0, 0, 3, 86.39 9780 3847192
1601826359, 0, 481, 1421, 1351, 247, 14.92%, 0, 0, 3, 84.25 9781 3854050
1601826425, 0, 481, 1427, 1357, 247, 14.93%, 0, 0, 3, 67.76 9787 3859392
1601826436, 0, 481, 1428, 1358, 247, 14.94%, 0, 0, 3, 67.36 9788 3860089
1601826472, 0, 481, 1429, 1359, 247, 14.94%, 0, 0, 3, 63.50 9789 3862480
1601826523, 0, 481, 1430, 1360, 247, 14.94%, 0, 0, 3, 80.22 9789 3866389
1601826554, 0, 481, 1432, 1362, 247, 14.95%, 0, 0, 3, 83.41 9796 3868959
1601826559, 0, 481, 1434, 1364, 247, 14.95%, 0, 0, 3, 83.40 9798 3869388
1601826565, 0, 481, 1435, 1365, 247, 14.96%, 0, 0, 3, 78.82 9804 3869795
1601826570, 0, 481, 1438, 1368, 247, 14.97%, 0, 0, 3, 66.84 9809 3870130
1601826575, 0, 481, 1439, 1369, 247, 14.97%, 0, 0, 3, 66.67 9809 3870478
1601826693, 0, 490, 1439, 1368, 257, 14.97%, 0, 0, 3, 83.28 9809 3878389
1601826719, 0, 490, 1440, 1369, 257, 14.97%, 0, 0, 3, 80.00 9809 3880408
1601826729, 0, 490, 1441, 1370, 257, 14.97%, 0, 0, 3, 80.53 9809 3881245
1601826837, 0, 490, 1442, 1371, 257, 14.97%, 0, 0, 3, 100.62 9812 3890068
1601826842, 0, 490, 1443, 1372, 257, 14.97%, 0, 0, 3, 83.20 9812 3890471
1601826847, 0, 490, 1447, 1376, 257, 15.01%, 0, 0, 3, 81.77 9836 3890886
1601826919, 0, 490, 1448, 1377, 257, 15.01%, 0, 0, 3, 76.97 9836 3896642
1601827007, 0, 490, 1449, 1378, 257, 15.01%, 0, 0, 3, 78.05 9836 3903789
1601827115, 0, 492, 1449, 1377, 260, 15.01%, 0, 0, 3, 90.70 9836 3912191
1601827151, 0, 492, 1450, 1378, 260, 15.01%, 0, 0, 3, 90.39 9837 3915366
1601827156, 0, 498, 1450, 1377, 259, 15.01%, 0, 0, 3, 90.23 9837 3915833
1601827202, 0, 499, 1450, 1376, 258, 15.01%, 0, 0, 3, 83.50 9837 3919968
1601827207, 0, 499, 1452, 1378, 258, 15.01%, 0, 0, 3, 79.73 9837 3920373
1601827222, 0, 499, 1453, 1379, 258, 15.01%, 0, 0, 3, 89.10 9840 3921724
1601827227, 0, 499, 1454, 1380, 258, 15.01%, 0, 0, 3, 86.75 9840 3922154
1601827392, 0, 499, 1457, 1383, 258, 15.05%, 0, 0, 3, 91.84 9860 3936040
1601827500, 0, 500, 1457, 1382, 260, 15.05%, 0, 0, 3, 94.54 9860 3944592
1601827566, 0, 501, 1457, 1381, 259, 15.05%, 0, 0, 3, 97.59 9860 3950958
1601827633, 0, 505, 1458, 1381, 258, 15.05%, 0, 0, 3, 87.46 9861 3957125
1601827643, 0, 505, 1459, 1382, 258, 15.05%, 0, 0, 3, 80.19 9861 3957958
1601827663, 0, 505, 1461, 1384, 258, 15.05%, 0, 0, 3, 91.76 9861 3959709
1601827668, 0, 505, 1462, 1385, 258, 15.05%, 0, 0, 3, 91.43 9861 3960176
1601827674, 0, 505, 1463, 1386, 258, 15.05%, 0, 0, 3, 83.98 9861 3960606
1601827812, 0, 505, 1464, 1387, 258, 15.05%, 0, 0, 3, 84.75 9861 3971867
1601827823, 0, 505, 1465, 1388, 258, 15.05%, 0, 0, 3, 81.35 9861 3972724
1601827889, 0, 505, 1466, 1389, 258, 15.05%, 0, 0, 3, 78.54 9861 3978065
1601827899, 0, 505, 1467, 1390, 258, 15.05%, 0, 0, 3, 78.24 9861 3978868
1601828043, 0, 505, 1468, 1391, 258, 15.05%, 0, 0, 3, 77.60 9861 3990983
1601828213, 0, 515, 1468, 1390, 258, 15.05%, 0, 0, 3, 89.35 9861 4004273
1601828218, 0, 515, 1469, 1391, 258, 15.05%, 0, 0, 3, 84.96 9861 4004703
1601828233, 0, 515, 1470, 1392, 258, 15.05%, 0, 0, 3, 85.41 9863 4006023
1601828238, 0, 515, 1471, 1393, 258, 15.05%, 0, 0, 3, 82.57 9864 4006439
1601828413, 0, 515, 1472, 1394, 258, 15.06%, 0, 0, 3, 89.78 9868 4021472
1601828474, 0, 521, 1472, 1393, 260, 15.06%, 0, 0, 3, 78.13 9868 4026720
1601828495, 0, 521, 1473, 1394, 260, 15.06%, 0, 0, 3, 87.16 9869 4028480
1601828536, 0, 521, 1474, 1395, 260, 15.06%, 0, 0, 3, 73.26 9869 4031601
1601828665, 0, 521, 1475, 1396, 260, 15.06%, 0, 0, 3, 96.01 9869 4042098
1601828768, 0, 533, 1475, 1395, 261, 15.06%, 0, 0, 3, 91.72 9869 4049788
1601829066, 0, 534, 1475, 1394, 260, 15.06%, 0, 0, 3, 82.44 9869 4074803
1601829101, 0, 534, 1477, 1396, 260, 15.06%, 0, 0, 3, 65.52 9872 4077527
1601829199, 0, 534, 1478, 1397, 260, 15.06%, 0, 0, 3, 64.05 9872 4085126
1601829251, 0, 534, 1479, 1398, 260, 15.07%, 0, 0, 3, 89.31 9873 4088772
1601829266, 0, 534, 1480, 1399, 260, 15.07%, 0, 0, 3, 96.50 9874 4090244
1601829369, 0, 540, 1480, 1398, 263, 15.07%, 0, 0, 3, 85.93 9874 4097715
1601829431, 0, 540, 1482, 1400, 263, 15.14%, 0, 0, 3, 62.65 9921 4102079
1601829544, 0, 540, 1483, 1401, 263, 15.14%, 0, 0, 3, 68.86 9921 4110944
1601829658, 0, 540, 1484, 1402, 263, 15.14%, 0, 0, 3, 87.52 9921 4118903
1601829689, 0, 540, 1486, 1404, 263, 15.14%, 0, 0, 3, 62.97 9921 4121292
1601829751, 0, 540, 1487, 1405, 263, 15.15%, 0, 0, 3, 64.93 9928 4125246
1601829823, 0, 543, 1487, 1404, 262, 15.15%, 0, 0, 3, 94.62 9928 4130224
1601830063, 0, 544, 1487, 1403, 261, 15.15%, 0, 0, 3, 94.25 9928 4152713
1601830263, 0, 544, 1490, 1406, 261, 15.16%, 0, 0, 3, 94.68 9933 4171258
1601830309, 0, 546, 1490, 1405, 263, 15.16%, 0, 0, 3, 87.10 9933 4175463
1601830566, 0, 550, 1490, 1404, 262, 15.16%, 0, 0, 3, 84.65 9933 4198181
1601830740, 0, 550, 1491, 1405, 262, 15.16%, 0, 0, 3, 90.76 9933 4212937
1601830832, 0, 553, 1491, 1404, 261, 15.16%, 0, 0, 3, 75.97 9933 4220513
1601831285, 0, 555, 1491, 1403, 260, 15.16%, 0, 0, 3, 83.78 9933 4252771
1601831295, 0, 555, 1492, 1404, 260, 15.16%, 0, 0, 3, 68.33 9937 4253480
1601831629, 0, 555, 1497, 1409, 260, 15.30%, 0, 0, 3, 63.55 10030 4277963
1601831738, 0, 556, 1497, 1408, 262, 15.30%, 0, 0, 3, 83.19 10030 4285188
1601831743, 0, 556, 1498, 1409, 262, 15.31%, 0, 0, 3, 67.83 10031 4285530
1601831970, 0, 556, 1499, 1410, 262, 15.31%, 0, 0, 3, 61.16 10032 4301311
1601832221, 0, 558, 1499, 1409, 263, 15.31%, 0, 0, 3, 81.11 10032 4317720
1601832227, 0, 558, 1501, 1411, 263, 15.31%, 0, 0, 3, 74.51 10035 4318083
1601832237, 0, 558, 1502, 1412, 263, 15.32%, 0, 0, 3, 67.02 10038 4318783
1601832242, 0, 558, 1503, 1413, 263, 15.32%, 0, 0, 3, 81.02 10038 4319209
1601832324, 0, 558, 1504, 1414, 263, 15.32%, 0, 0, 3, 63.74 10038 4324963
1601832411, 0, 558, 1505, 1415, 263, 15.32%, 0, 0, 3, 60.28 10039 4331196
1601832416, 0, 558, 1506, 1416, 263, 15.32%, 0, 0, 3, 61.14 10039 4331514
1601832421, 0, 558, 1508, 1418, 263, 15.32%, 0, 0, 3, 61.28 10039 4331822
1601832528, 0, 558, 1509, 1419, 263, 15.32%, 0, 0, 3, 61.38 10039 4339327
1601832590, 0, 559, 1509, 1418, 266, 15.32%, 0, 0, 3, 72.92 10039 4343385
1601832958, 0, 562, 1509, 1417, 265, 15.32%, 0, 0, 3, 69.98 10039 4368811
1601833236, 0, 562, 1510, 1418, 265, 15.32%, 0, 0, 3, 61.45 10039 4387377
1601833446, 0, 565, 1510, 1417, 264, 15.32%, 0, 0, 3, 79.70 10039 4401157
1601833601, 0, 565, 1511, 1418, 264, 15.32%, 0, 0, 3, 67.77 10042 4411471
1601833606, 0, 565, 1513, 1420, 264, 15.32%, 0, 0, 3, 79.11 10043 4411894
1601833766, 0, 565, 1514, 1421, 264, 15.33%, 0, 0, 3, 80.14 10044 4422521
1601833972, 0, 569, 1514, 1420, 265, 15.33%, 0, 0, 3, 68.36 10044 4436215
1601834377, 0, 571, 1514, 1419, 264, 15.33%, 0, 0, 3, 82.28 10044 4463740
1601834403, 0, 572, 1514, 1418, 263, 15.33%, 0, 0, 3, 83.94 10044 4465902
1601834531, 0, 573, 1518, 1421, 262, 15.33%, 0, 0, 3, 83.69 10046 4476659
1601834536, 0, 573, 1519, 1422, 262, 15.33%, 0, 0, 3, 84.62 10046 4477092
1601834547, 0, 573, 1520, 1423, 262, 15.33%, 0, 0, 3, 82.71 10047 4477941
1601834598, 0, 573, 1521, 1424, 262, 15.33%, 0, 0, 3, 83.18 10047 4482253
1601834608, 0, 573, 1523, 1426, 262, 15.34%, 0, 0, 3, 80.69 10050 4483088
1601834613, 0, 573, 1524, 1427, 262, 15.34%, 0, 0, 3, 80.92 10050 4483501
1601834624, 0, 573, 1525, 1428, 262, 15.34%, 0, 0, 3, 82.05 10052 4484334
1601834690, 0, 582, 1525, 1427, 264, 15.34%, 0, 0, 3, 86.79 10052 4489847
1601834737, 0, 603, 1525, 1426, 263, 15.34%, 0, 0, 3, 77.46 10052 4493770
1601839418, 0, 603, 1526, 1427, 263, 15.34%, 0, 0, 3, 85.83 10052 4858144
1601842930, 0, 603, 1527, 1428, 263, 15.34%, 0, 0, 3, 78.77 10053 5130992
1601849183, 0, 646, 1527, 1427, 263, 15.34%, 0, 0, 3, 79.77 10053 5612060
1601849254, 0, 646, 1528, 1428, 263, 15.34%, 0, 0, 3, 79.76 10053 5617911
1601849413, 0, 646, 1529, 1429, 263, 15.34%, 0, 0, 3, 81.30 10056 5630869
1601850757, 0, 723, 1529, 1428, 262, 15.34%, 0, 0, 3, 88.81 10056 5747734
1601854627, 0, 723, 1530, 1429, 262, 15.34%, 0, 0, 3, 86.26 10056 6062562
1601856017, 0, 723, 1531, 1430, 262, 15.35%, 0, 0, 3, 87.50 10062 6179306
1601856027, 0, 742, 1531, 1429, 261, 15.35%, 0, 0, 3, 82.11 10062 6180180
1601856038, 0, 742, 1532, 1430, 261, 15.35%, 0, 0, 3, 82.73 10062 6181031
