# unix_time, cycles_done, cur_path, paths_total, pending_total, pending_favs, map_size, unique_crashes, unique_hangs, max_depth, execs_per_sec, edge_coverage, total_execs
1602367464, 0, 0, 1, 1, 1, 0.80%, 0, 0, 1, 5.33, 527, 8
1602367469, 0, 0, 97, 97, 1, 1.35%, 0, 0, 2, 3382.89, 886, 12564
1602367474, 0, 0, 106, 106, 1, 1.35%, 0, 0, 2, 3105.06, 886, 27937
1602367479, 0, 0, 110, 110, 1, 1.35%, 0, 0, 2, 3370.19, 887, 45209
1602367484, 0, 0, 114, 114, 1, 1.35%, 0, 0, 2, 2943.59, 887, 59888
1602367489, 0, 0, 119, 119, 1, 1.35%, 0, 0, 2, 2786.26, 887, 73702
1602367494, 0, 0, 120, 120, 1, 1.35%, 0, 0, 2, 2776.52, 887, 87625
1602367504, 0, 0, 128, 128, 1, 1.38%, 0, 0, 2, 2876.74, 906, 116998
1602367509, 0, 0, 130, 130, 1, 1.38%, 0, 0, 2, 2689.28, 906, 130808
1602367514, 0, 0, 131, 131, 1, 1.38%, 0, 0, 2, 2525.16, 906, 143476
1602367525, 0, 0, 133, 133, 1, 1.38%, 0, 0, 2, 2523.04, 906, 170981
1602367530, 0, 0, 134, 134, 1, 1.38%, 0, 0, 2, 2559.96, 906, 183909
1602367535, 0, 0, 144, 144, 1, 1.40%, 0, 0, 2, 2919.70, 919, 198600
1602367540, 0, 0, 146, 146, 1, 1.41%, 0, 0, 2, 2797.52, 921, 212820
1602367550, 0, 0, 147, 147, 1, 1.41%, 0, 0, 2, 2592.67, 921, 238927
1602367555, 0, 3, 148, 145, 51, 1.41%, 0, 0, 3, 3165.80, 922, 254565
1602367560, 0, 9, 148, 141, 47, 1.41%, 0, 0, 3, 3478.27, 922, 272883
1602367565, 0, 12, 149, 140, 46, 1.41%, 0, 0, 3, 3348.78, 923, 289883
1602367575, 0, 24, 150, 140, 46, 1.41%, 0, 0, 3, 3271.40, 925, 323247
1602367580, 0, 28, 150, 138, 44, 1.41%, 0, 0, 3, 3355.07, 925, 340180
1602367585, 0, 29, 157, 144, 43, 1.42%, 0, 0, 3, 2939.92, 931, 355173
1602367590, 0, 29, 158, 145, 43, 1.42%, 0, 0, 3, 2722.33, 931, 368483
1602367596, 0, 29, 159, 146, 43, 1.42%, 0, 0, 3, 2772.54, 931, 382052
1602367601, 0, 29, 160, 147, 43, 1.42%, 0, 0, 3, 2760.16, 931, 396444
1602367606, 0, 29, 161, 148, 43, 1.42%, 0, 0, 3, 2548.63, 931, 408999
1602367626, 0, 29, 162, 149, 43, 1.42%, 0, 0, 3, 2611.62, 933, 461457
1602367631, 0, 29, 164, 151, 43, 1.42%, 0, 0, 3, 2666.75, 933, 475414
1602367646, 0, 29, 165, 152, 43, 1.42%, 0, 0, 3, 2582.52, 933, 515997
1602367677, 0, 31, 165, 151, 45, 1.42%, 0, 0, 3, 2615.03, 933, 594159
1602367682, 0, 33, 165, 149, 43, 1.42%, 0, 0, 3, 3172.37, 933, 610893
1602367687, 0, 34, 165, 148, 42, 1.42%, 0, 0, 3, 3233.18, 933, 627621
1602367692, 0, 35, 220, 202, 41, 1.43%, 0, 0, 3, 1949.95, 935, 636539
1602367697, 0, 35, 229, 211, 41, 1.48%, 0, 0, 3, 1657.72, 972, 644980
1602367702, 0, 35, 230, 212, 41, 1.48%, 0, 0, 3, 1624.29, 972, 653475
1602367707, 0, 35, 238, 220, 41, 1.58%, 0, 0, 3, 2167.35, 1033, 663948
1602367712, 0, 35, 239, 221, 41, 1.58%, 0, 0, 3, 2311.82, 1033, 676826
1602367753, 0, 35, 241, 223, 41, 1.58%, 0, 0, 3, 1788.52, 1036, 741278
1602367758, 0, 35, 244, 226, 41, 1.58%, 0, 0, 3, 2034.24, 1036, 752084
1602367809, 0, 35, 245, 227, 41, 1.58%, 0, 0, 3, 1972.42, 1036, 840173
1602367814, 0, 35, 246, 228, 41, 1.58%, 0, 0, 3, 1614.96, 1036, 848291
1602367835, 0, 39, 246, 227, 41, 1.58%, 0, 0, 3, 2465.39, 1036, 883047
1602367845, 0, 42, 247, 227, 40, 1.58%, 0, 0, 3, 3244.71, 1036, 916106
1602367850, 0, 45, 248, 227, 39, 1.58%, 0, 0, 3, 3261.33, 1036, 933179
1602367855, 0, 49, 249, 227, 39, 1.59%, 0, 0, 3, 3283.70, 1039, 949712
1602367860, 0, 52, 249, 226, 38, 1.59%, 0, 0, 3, 3185.12, 1039, 965751
1602367865, 0, 55, 249, 225, 37, 1.59%, 0, 0, 3, 3159.31, 1039, 982042
1602367870, 0, 58, 249, 224, 36, 1.59%, 0, 0, 3, 3192.54, 1039, 998709
1602367881, 0, 59, 250, 224, 35, 1.59%, 0, 0, 3, 3212.00, 1039, 1031792
1602367891, 0, 60, 251, 224, 35, 1.59%, 0, 0, 3, 3085.44, 1039, 1063927
1602367901, 0, 63, 251, 223, 34, 1.59%, 0, 0, 3, 2862.28, 1039, 1094673
1602367992, 0, 66, 251, 222, 33, 1.59%, 0, 0, 3, 2546.05, 1039, 1335856
1602368038, 0, 66, 252, 223, 33, 1.59%, 0, 0, 3, 2434.41, 1040, 1443756
1602368099, 0, 86, 252, 222, 33, 1.59%, 0, 0, 3, 2542.02, 1040, 1589419
1602368191, 0, 94, 254, 223, 32, 1.59%, 0, 0, 3, 2789.30, 1040, 1828207
1602368201, 0, 95, 255, 223, 31, 1.59%, 0, 0, 3, 3097.08, 1040, 1860064
1602368206, 0, 95, 258, 226, 31, 1.59%, 0, 0, 3, 3120.53, 1040, 1875708
1602368227, 0, 109, 259, 226, 31, 1.59%, 0, 0, 3, 2981.40, 1042, 1937908
1602368323, 0, 121, 259, 224, 29, 1.59%, 0, 0, 3, 3060.50, 1042, 2193559
1602368328, 0, 126, 259, 222, 27, 1.59%, 0, 0, 3, 3263.96, 1042, 2210618
1602368333, 0, 134, 259, 220, 25, 1.59%, 0, 0, 3, 3290.83, 1042, 2227140
1602368338, 0, 140, 259, 216, 21, 1.59%, 0, 0, 3, 3279.20, 1042, 2244492
1602368343, 0, 141, 259, 215, 20, 1.59%, 0, 0, 3, 3147.62, 1042, 2260330
1602368353, 0, 143, 260, 215, 19, 1.59%, 0, 0, 3, 3124.63, 1042, 2292772
1602368364, 0, 144, 260, 214, 18, 1.59%, 0, 0, 3, 3025.75, 1042, 2324137
1602368384, 0, 153, 260, 210, 14, 1.59%, 0, 0, 3, 3282.56, 1042, 2389210
1602368430, 0, 153, 261, 211, 14, 1.59%, 0, 0, 4, 2791.45, 1042, 2508244
1602368480, 0, 161, 267, 216, 13, 1.59%, 0, 0, 4, 2416.33, 1042, 2638631
1602368486, 0, 161, 268, 217, 13, 1.59%, 0, 0, 4, 2415.57, 1042, 2651151
1602368491, 0, 161, 269, 218, 13, 1.59%, 0, 0, 4, 2548.28, 1042, 2664109
1602368496, 0, 161, 270, 219, 13, 1.59%, 0, 0, 4, 2754.95, 1042, 2678607
1602368506, 0, 161, 271, 220, 13, 1.59%, 0, 0, 4, 2899.89, 1042, 2708881
1602368516, 0, 184, 277, 225, 13, 1.59%, 0, 0, 4, 2023.32, 1042, 2733476
1602368521, 0, 184, 280, 228, 13, 1.59%, 0, 0, 4, 1929.18, 1042, 2743198
1602368531, 0, 184, 284, 232, 13, 1.59%, 0, 0, 4, 2698.56, 1042, 2767715
1602368536, 0, 184, 285, 233, 13, 1.59%, 0, 0, 4, 2082.88, 1042, 2777843
1602368541, 0, 184, 286, 234, 13, 1.59%, 0, 0, 4, 1781.28, 1042, 2786926
1602368567, 0, 184, 287, 235, 13, 1.59%, 0, 0, 4, 2164.73, 1042, 2834415
1602368572, 0, 184, 289, 237, 13, 1.59%, 0, 0, 4, 2396.26, 1042, 2845885
1602368638, 0, 223, 306, 253, 14, 1.59%, 0, 0, 4, 1783.80, 1042, 2970774
1602368643, 0, 223, 329, 276, 14, 1.59%, 0, 0, 4, 1958.53, 1042, 2980757
1602368648, 0, 223, 332, 279, 14, 1.59%, 0, 0, 4, 2010.12, 1042, 2990797
1602368653, 0, 223, 336, 283, 14, 1.59%, 0, 0, 4, 1995.75, 1042, 3000274
1602368658, 0, 223, 337, 284, 14, 1.59%, 0, 0, 4, 2636.33, 1042, 3014608
1602368720, 0, 236, 385, 331, 15, 1.59%, 0, 0, 4, 1960.89, 1043, 3139989
1602368725, 0, 236, 392, 338, 15, 1.59%, 0, 0, 4, 1931.94, 1043, 3149367
1602368730, 0, 236, 394, 340, 15, 1.59%, 0, 0, 4, 1916.15, 1043, 3159024
1602368735, 0, 236, 404, 350, 15, 1.59%, 0, 0, 4, 2160.75, 1043, 3169556
1602368786, 0, 237, 438, 383, 16, 1.59%, 0, 0, 4, 1853.77, 1043, 3280267
1602368791, 0, 237, 439, 384, 16, 1.59%, 0, 0, 4, 1847.04, 1043, 3289857
1602368796, 0, 237, 441, 386, 16, 1.59%, 0, 0, 4, 1826.22, 1043, 3299272
1602368801, 0, 237, 449, 394, 16, 1.59%, 0, 0, 4, 2640.59, 1043, 3313029
1602368806, 0, 237, 450, 395, 16, 1.59%, 0, 0, 4, 2089.19, 1043, 3323589
1602368816, 0, 237, 451, 396, 16, 1.59%, 0, 0, 4, 2272.47, 1043, 3348136
1602368821, 0, 237, 452, 397, 16, 1.59%, 0, 0, 4, 2468.16, 1043, 3361482
1602368836, 0, 239, 459, 403, 19, 1.59%, 0, 0, 4, 2204.57, 1043, 3396286
1602368841, 0, 239, 461, 405, 19, 1.59%, 0, 0, 4, 2296.31, 1043, 3407944
1602368847, 0, 239, 462, 406, 19, 1.59%, 0, 0, 4, 2333.24, 1043, 3419350
1602368857, 0, 239, 466, 410, 19, 1.59%, 0, 0, 4, 2886.70, 1043, 3449292
1602368862, 0, 239, 467, 411, 19, 1.59%, 0, 0, 4, 2855.38, 1043, 3463731
1602368867, 0, 247, 470, 413, 20, 1.60%, 0, 0, 4, 2842.10, 1050, 3478502
1602368872, 0, 249, 470, 411, 18, 1.60%, 0, 0, 4, 3150.91, 1050, 3494927
1602368883, 0, 258, 470, 410, 17, 1.60%, 0, 0, 4, 2975.74, 1050, 3526079
1602368908, 0, 267, 470, 409, 16, 1.60%, 0, 0, 4, 2903.14, 1050, 3602792
1602368939, 0, 268, 470, 408, 15, 1.60%, 0, 0, 4, 2793.22, 1050, 3688805
1602368974, 0, 275, 472, 409, 14, 1.60%, 0, 0, 5, 2690.28, 1050, 3787521
1602368979, 0, 275, 473, 410, 14, 1.60%, 0, 0, 5, 2623.09, 1050, 3800794
1602368984, 0, 275, 474, 411, 14, 1.60%, 0, 0, 5, 2870.02, 1050, 3815453
1602369015, 0, 306, 475, 411, 14, 1.60%, 0, 0, 5, 2860.47, 1050, 3901065
1602369030, 0, 306, 477, 413, 14, 1.60%, 0, 0, 5, 3047.74, 1050, 3947084
1602369040, 0, 337, 477, 412, 13, 1.60%, 0, 0, 5, 3022.76, 1050, 3978261
1602369060, 0, 350, 479, 413, 12, 1.60%, 0, 0, 5, 2232.21, 1050, 4037064
1602369071, 0, 350, 481, 415, 12, 1.60%, 0, 0, 5, 1789.66, 1050, 4055805
1602369076, 0, 350, 483, 417, 12, 1.60%, 0, 0, 5, 2628.25, 1050, 4069759
1602369121, 0, 358, 483, 416, 12, 1.60%, 0, 0, 5, 2146.85, 1050, 4169467
1602369132, 0, 358, 484, 417, 12, 1.60%, 0, 0, 5, 2525.52, 1050, 4195584
1602369137, 0, 358, 485, 418, 12, 1.60%, 0, 0, 5, 2802.51, 1050, 4210333
1602369142, 0, 358, 486, 419, 12, 1.60%, 0, 0, 5, 2803.33, 1050, 4224216
1602369157, 0, 362, 486, 418, 12, 1.60%, 0, 0, 5, 2851.43, 1050, 4268223
1602369188, 0, 392, 486, 417, 11, 1.60%, 0, 0, 5, 1407.03, 1050, 4351634
1602369499, 0, 420, 487, 417, 11, 1.60%, 0, 0, 5, 2998.03, 1050, 4604728
1602369514, 0, 420, 489, 419, 11, 1.60%, 0, 0, 5, 2970.91, 1050, 4650683
1602369524, 0, 428, 489, 418, 10, 1.60%, 0, 0, 5, 2848.11, 1050, 4680754
1602369529, 0, 428, 490, 419, 10, 1.60%, 0, 0, 5, 2652.82, 1050, 4694066
1602369534, 0, 428, 491, 420, 10, 1.60%, 0, 0, 5, 2790.35, 1050, 4707892
1602369544, 0, 428, 492, 421, 10, 1.60%, 0, 0, 5, 2992.36, 1050, 4738136
1602369555, 0, 452, 495, 423, 9, 1.60%, 0, 0, 5, 2243.58, 1050, 4765420
1602369570, 0, 452, 496, 424, 9, 1.60%, 0, 0, 5, 776.13, 1050, 4777027
1602369605, 0, 452, 497, 425, 9, 1.60%, 0, 0, 5, 790.49, 1050, 4815042
1602369616, 0, 452, 498, 426, 9, 1.60%, 0, 0, 5, 678.38, 1050, 4822124
1602369636, 0, 452, 499, 427, 9, 1.60%, 0, 0, 5, 1047.04, 1050, 4849298
1602369656, 0, 452, 500, 428, 9, 1.60%, 0, 0, 5, 849.95, 1050, 4871982
1602369698, 0, 464, 505, 432, 9, 1.60%, 0, 0, 5, 2263.38, 1050, 4920964
1602369708, 0, 464, 507, 434, 9, 1.60%, 0, 0, 5, 2919.91, 1050, 4950100
1602369723, 0, 468, 507, 433, 10, 1.60%, 0, 0, 5, 3111.16, 1050, 4995489
1602369733, 0, 474, 510, 435, 10, 1.60%, 0, 0, 6, 2941.80, 1051, 5026016
1602369758, 0, 484, 510, 434, 10, 1.60%, 0, 0, 6, 2922.80, 1051, 5102642
1602369763, 0, 484, 511, 435, 10, 1.60%, 0, 0, 6, 2768.37, 1051, 5116275
1602369788, 0, 502, 511, 434, 9, 1.60%, 0, 0, 6, 2946.83, 1051, 5192200
1602369814, 0, 503, 512, 434, 8, 1.60%, 0, 0, 6, 2996.53, 1051, 5267674
1602369834, 0, 503, 513, 435, 8, 1.60%, 0, 0, 6, 2978.57, 1051, 5326494
1602369844, 0, 504, 518, 439, 7, 1.60%, 0, 0, 6, 2959.53, 1051, 5357881
1602369849, 0, 504, 519, 440, 7, 1.61%, 0, 0, 6, 2915.44, 1055, 5372350
1602369875, 0, 507, 519, 439, 7, 1.61%, 0, 0, 6, 3182.15, 1055, 5449717
1602369880, 0, 511, 519, 438, 6, 1.61%, 0, 0, 6, 2237.68, 1055, 5461425
1602370032, 0, 514, 520, 438, 6, 1.61%, 0, 0, 7, 1979.29, 1055, 5706675
1602370037, 0, 514, 522, 440, 6, 1.61%, 0, 0, 7, 2665.67, 1058, 5720892
1602370042, 0, 514, 523, 441, 6, 1.61%, 0, 0, 7, 2919.54, 1058, 5735639
1602370063, 0, 518, 530, 447, 6, 1.61%, 0, 0, 7, 2941.03, 1058, 5797123
1602370088, 0, 521, 531, 447, 6, 1.62%, 0, 0, 8, 3017.98, 1059, 5873277
1602370108, 0, 526, 531, 446, 6, 1.62%, 0, 0, 8, 3025.70, 1059, 5935091
1602370144, 0, 530, 531, 445, 5, 1.62%, 0, 0, 8, 3027.71, 1059, 6040538
1602370164, 1, 13, 531, 444, 4, 1.62%, 0, 0, 8, 2886.84, 1059, 6102264
1602370251, 1, 90, 531, 443, 3, 1.62%, 0, 0, 8, 2709.92, 1059, 6349877
1602370343, 1, 91, 531, 442, 2, 1.62%, 0, 0, 8, 2630.68, 1059, 6587338
1602370440, 1, 217, 531, 441, 1, 1.62%, 0, 0, 8, 1827.34, 1059, 6835944
1602370526, 1, 241, 531, 440, 1, 1.62%, 0, 0, 8, 1923.89, 1059, 7004709
1602370566, 1, 250, 531, 439, 1, 1.62%, 0, 0, 8, 2920.78, 1059, 7108548
1602370577, 1, 457, 531, 438, 1, 1.62%, 0, 0, 8, 3035.47, 1059, 7139819
1602370602, 1, 459, 531, 437, 0, 1.62%, 0, 0, 8, 3023.24, 1059, 7217694
1602370638, 1, 460, 531, 436, 0, 1.62%, 0, 0, 8, 2629.79, 1059, 7313443
1602370668, 1, 477, 531, 435, 0, 1.62%, 0, 0, 8, 2498.69, 1059, 7396216
1602370704, 1, 481, 531, 434, 0, 1.62%, 0, 0, 8, 1769.35, 1059, 7487731
1602370958, 1, 515, 531, 433, 0, 1.62%, 0, 0, 8, 1418.92, 1059, 7731963
1602370979, 1, 515, 532, 434, 0, 1.62%, 0, 0, 8, 3035.26, 1059, 7791660
1602370989, 1, 516, 532, 433, 0, 1.62%, 0, 0, 8, 2855.86, 1059, 7821413
1602371020, 1, 519, 533, 433, 0, 1.62%, 0, 0, 8, 1667.07, 1059, 7904509
1602371040, 1, 519, 534, 434, 0, 1.62%, 0, 0, 8, 904.47, 1059, 7924086
1602371061, 1, 519, 535, 435, 0, 1.62%, 0, 0, 8, 1033.15, 1059, 7952873
1602371168, 1, 519, 536, 436, 0, 1.62%, 0, 0, 8, 1082.39, 1059, 8061774
1602371254, 1, 529, 536, 435, 0, 1.62%, 0, 0, 8, 897.58, 1059, 8144832
1602371285, 1, 531, 536, 434, 0, 1.62%, 0, 0, 8, 2965.89, 1059, 8236050
1602371290, 1, 531, 538, 436, 0, 1.62%, 0, 0, 8, 2887.56, 1059, 8250329
1602371295, 1, 531, 540, 438, 0, 1.62%, 0, 0, 8, 2901.07, 1059, 8264553
1602371315, 1, 536, 540, 437, 2, 1.62%, 0, 0, 8, 2925.27, 1059, 8325137
1602371341, 2, 168, 540, 436, 1, 1.62%, 0, 0, 8, 3028.39, 1059, 8400603
1602371524, 2, 205, 540, 435, 1, 1.62%, 0, 0, 8, 1859.54, 1059, 8650522
1602371565, 2, 255, 540, 434, 1, 1.62%, 0, 0, 8, 2795.65, 1059, 8759790
1602371590, 2, 282, 540, 433, 1, 1.62%, 0, 0, 8, 2514.84, 1059, 8835344
1602371712, 2, 294, 541, 433, 1, 1.62%, 0, 0, 8, 1960.39, 1059, 9076948
1602371727, 2, 294, 542, 434, 1, 1.62%, 0, 0, 8, 2318.02, 1059, 9108426
1602371757, 2, 388, 542, 433, 1, 1.62%, 0, 0, 8, 1980.75, 1059, 9184715
1602371763, 2, 388, 543, 434, 1, 1.62%, 0, 0, 8, 879.84, 1059, 9187777
1602371768, 2, 388, 544, 435, 1, 1.62%, 0, 0, 8, 614.41, 1059, 9190521
1602372094, 2, 500, 544, 434, 1, 1.62%, 0, 0, 8, 2193.56, 1059, 9438329
1602372120, 2, 509, 544, 433, 0, 1.62%, 0, 0, 8, 2958.01, 1059, 9512759
1602372125, 2, 509, 545, 434, 0, 1.62%, 0, 0, 8, 2933.41, 1059, 9527420
1602372150, 2, 538, 545, 433, 0, 1.62%, 0, 0, 8, 2901.13, 1059, 9605141
1602372161, 2, 538, 546, 434, 0, 1.62%, 0, 0, 9, 2933.27, 1059, 9633801
1602372176, 2, 542, 546, 433, 0, 1.62%, 0, 0, 9, 3035.26, 1059, 9680804
1602372482, 2, 543, 546, 432, 0, 1.62%, 0, 0, 9, 1179.81, 1059, 9928308
1602372650, 3, 6, 546, 431, 0, 1.62%, 0, 0, 9, 1013.60, 1059, 10103424
1602372655, 3, 19, 546, 430, 0, 1.62%, 0, 0, 9, 2426.01, 1059, 10118155
1602372747, 3, 30, 546, 428, 0, 1.62%, 0, 0, 9, 2848.77, 1059, 10366064
1602372839, 3, 41, 546, 427, 0, 1.62%, 0, 0, 9, 2797.66, 1059, 10609521
1602372844, 3, 43, 546, 426, 0, 1.62%, 0, 0, 9, 3100.30, 1059, 10625626
1602372849, 3, 47, 546, 425, 0, 1.62%, 0, 0, 9, 3040.69, 1059, 10641096
1602372859, 3, 51, 546, 424, 0, 1.62%, 0, 0, 9, 3201.57, 1059, 10673301
1602372869, 3, 74, 546, 423, 0, 1.62%, 0, 0, 9, 2659.49, 1059, 10702832
1602372966, 3, 75, 546, 422, 0, 1.62%, 0, 0, 9, 2351.67, 1059, 10938216
1602373068, 3, 77, 546, 421, 0, 1.62%, 0, 0, 9, 2392.85, 1059, 11183897
1602373098, 3, 83, 546, 420, 0, 1.62%, 0, 0, 9, 2884.05, 1059, 11275242
1602373200, 3, 88, 546, 419, 0, 1.62%, 0, 0, 9, 2510.02, 1059, 11525890
1602373261, 3, 89, 546, 418, 0, 1.62%, 0, 0, 9, 2650.93, 1059, 11696600
1602373358, 3, 92, 546, 417, 0, 1.62%, 0, 0, 9, 2591.87, 1059, 11947115
1602373419, 3, 93, 546, 416, 0, 1.62%, 0, 0, 9, 2654.07, 1059, 12108264
1602373505, 3, 100, 546, 415, 0, 1.62%, 0, 0, 9, 2797.39, 1059, 12347841
1602373526, 3, 105, 546, 414, 0, 1.62%, 0, 0, 9, 3058.16, 1059, 12410711
1602373622, 3, 108, 546, 413, 0, 1.62%, 0, 0, 9, 2671.95, 1059, 12664426
1602373713, 3, 117, 546, 412, 0, 1.62%, 0, 0, 9, 2600.76, 1059, 12905023
1602373805, 3, 125, 546, 411, 0, 1.62%, 0, 0, 9, 2534.51, 1059, 13144546
1602373810, 3, 142, 546, 410, 0, 1.62%, 0, 0, 9, 3071.67, 1059, 13160999
1602373815, 3, 142, 547, 411, 0, 1.62%, 0, 0, 9, 3063.56, 1059, 13176886
1602373820, 3, 145, 547, 410, 0, 1.62%, 0, 0, 9, 2622.47, 1059, 13190305
1602373917, 3, 152, 547, 409, 0, 1.62%, 0, 0, 9, 2451.71, 1059, 13430049
1602374049, 3, 158, 547, 408, 0, 1.62%, 0, 0, 9, 1611.90, 1059, 13672780
1602374146, 3, 172, 547, 407, 0, 1.62%, 0, 0, 9, 2260.97, 1059, 13923212
1602374197, 3, 175, 547, 406, 0, 1.62%, 0, 0, 9, 2220.06, 1059, 14041747
1602374487, 3, 177, 547, 405, 0, 1.62%, 0, 0, 9, 908.82, 1059, 14290649
1602374726, 3, 182, 547, 404, 0, 1.62%, 0, 0, 9, 1333.47, 1059, 14533413
1602374873, 3, 197, 547, 403, 0, 1.62%, 0, 0, 9, 2078.43, 1059, 14782661
1602374909, 3, 209, 547, 402, 0, 1.62%, 0, 0, 9, 2461.14, 1059, 14880607
1602374955, 3, 215, 547, 401, 0, 1.62%, 0, 0, 9, 2220.78, 1059, 14996103
1602375041, 3, 218, 547, 400, 0, 1.62%, 0, 0, 9, 1829.49, 1059, 15166966
1602375127, 3, 220, 547, 399, 0, 1.62%, 0, 0, 9, 1549.73, 1059, 15336669
1602375335, 3, 224, 547, 398, 0, 1.62%, 0, 0, 9, 1638.05, 1059, 15583328
1602375452, 3, 226, 547, 397, 0, 1.62%, 0, 0, 9, 2586.51, 1059, 15834928
1602375477, 3, 227, 547, 396, 0, 1.62%, 0, 0, 9, 2997.01, 1059, 15910639
1602375538, 3, 240, 547, 395, 0, 1.62%, 0, 0, 9, 2622.56, 1059, 16055804
1602375564, 3, 251, 547, 394, 0, 1.62%, 0, 0, 9, 3039.28, 1059, 16132306
1602375599, 3, 254, 547, 393, 0, 1.62%, 0, 0, 9, 3081.59, 1059, 16232685
1602375609, 3, 261, 547, 392, 0, 1.62%, 0, 0, 9, 566.83, 1059, 16260064
1602375990, 3, 264, 547, 391, 0, 1.62%, 0, 0, 9, 2805.00, 1059, 16503521
1602376026, 3, 265, 547, 390, 0, 1.62%, 0, 0, 9, 2703.58, 1059, 16603723
1602376057, 3, 272, 547, 389, 0, 1.62%, 0, 0, 9, 2299.88, 1059, 16689323
1602376179, 3, 273, 547, 388, 0, 1.62%, 0, 0, 9, 1936.70, 1059, 16933324
1602376301, 3, 304, 549, 389, 1, 1.62%, 0, 0, 9, 2023.38, 1061, 17178158
1602376373, 3, 325, 549, 388, 1, 1.62%, 0, 0, 9, 1908.87, 1061, 17336396
1602376434, 3, 547, 550, 388, 1, 1.62%, 0, 0, 9, 2611.26, 1062, 17477878
1602376511, 3, 549, 553, 390, 1, 1.62%, 0, 0, 9, 3008.40, 1062, 17705955
1602376582, 3, 551, 553, 389, 0, 1.62%, 0, 0, 9, 2934.56, 1062, 17919660
1602376817, 3, 552, 554, 389, 0, 1.62%, 0, 0, 9, 2846.33, 1062, 18564502
1602376965, 3, 553, 554, 388, 0, 1.62%, 0, 0, 9, 2826.78, 1062, 18984774
1602377670, 3, 553, 555, 389, 0, 1.62%, 0, 0, 9, 2607.00, 1062, 20641599
1602377675, 4, 15, 556, 389, 0, 1.62%, 0, 0, 9, 2824.60, 1062, 20655875
1602377757, 4, 16, 556, 388, 0, 1.62%, 0, 0, 9, 2860.44, 1062, 20892542
1602377844, 4, 17, 556, 387, 0, 1.62%, 0, 0, 9, 2783.98, 1062, 21141716
1602377931, 4, 20, 556, 386, 0, 1.62%, 0, 0, 9, 2607.81, 1062, 21387903
1602377971, 4, 25, 556, 385, 0, 1.62%, 0, 0, 9, 2709.74, 1062, 21501093
1602378068, 4, 46, 556, 383, 0, 1.62%, 0, 0, 9, 3147.68, 1062, 21761654
1602378073, 4, 50, 556, 382, 0, 1.62%, 0, 0, 9, 3238.34, 1062, 21778656
1602378078, 4, 64, 556, 381, 0, 1.62%, 0, 0, 9, 3191.24, 1062, 21795162
1602378098, 4, 79, 556, 380, 0, 1.62%, 0, 0, 9, 2688.80, 1062, 21856950
1602378200, 4, 84, 556, 379, 0, 1.62%, 0, 0, 9, 2257.29, 1062, 22102504
1602378297, 4, 96, 556, 378, 0, 1.62%, 0, 0, 9, 2441.68, 1062, 22343939
1602378383, 4, 99, 556, 377, 0, 1.62%, 0, 0, 9, 2636.79, 1062, 22574961
1602378479, 4, 101, 556, 376, 0, 1.62%, 0, 0, 9, 2672.49, 1062, 22824527
1602378540, 4, 102, 556, 375, 0, 1.62%, 0, 0, 9, 2546.34, 1062, 22997769
1602378637, 4, 104, 556, 374, 0, 1.62%, 0, 0, 9, 2440.36, 1062, 23238973
1602378728, 4, 114, 556, 373, 0, 1.62%, 0, 0, 9, 2610.45, 1062, 23479683
1602378825, 4, 118, 556, 372, 0, 1.62%, 0, 0, 9, 2454.29, 1062, 23730838
1602378922, 4, 151, 556, 371, 0, 1.62%, 0, 0, 9, 2618.86, 1062, 23983096
1602379013, 4, 154, 556, 370, 0, 1.62%, 0, 0, 9, 2576.20, 1062, 24224589
1602379105, 4, 159, 556, 369, 0, 1.62%, 0, 0, 9, 2636.83, 1062, 24470312
1602379196, 4, 162, 556, 368, 0, 1.62%, 0, 0, 9, 2494.49, 1062, 24711792
1602379232, 4, 173, 556, 367, 0, 1.62%, 0, 0, 9, 2781.39, 1062, 24811913
1602379384, 4, 179, 556, 366, 0, 1.62%, 0, 0, 9, 1279.98, 1062, 25061651
1602379582, 4, 181, 556, 365, 0, 1.62%, 0, 0, 9, 1869.29, 1062, 25308182
1602379633, 4, 185, 556, 364, 0, 1.62%, 0, 0, 9, 3047.60, 1062, 25448719
1602379644, 4, 186, 556, 363, 0, 1.62%, 0, 0, 9, 3026.55, 1062, 25480254
1602379669, 4, 190, 556, 362, 0, 1.62%, 0, 0, 9, 2963.63, 1062, 25557612
1602379700, 4, 191, 556, 361, 0, 1.62%, 0, 0, 9, 2889.04, 1062, 25648375
1602379730, 4, 194, 556, 360, 0, 1.62%, 0, 0, 9, 2705.01, 1062, 25736132
1602379760, 4, 198, 556, 359, 0, 1.62%, 0, 0, 9, 2899.66, 1062, 25822656
1602379801, 4, 200, 556, 358, 0, 1.62%, 0, 0, 9, 2573.87, 1062, 25932493
1602379836, 4, 203, 556, 357, 0, 1.62%, 0, 0, 9, 2512.93, 1062, 26028365
1602379877, 4, 225, 556, 356, 0, 1.62%, 0, 0, 9, 2212.29, 1062, 26135143
1602379958, 4, 230, 556, 355, 0, 1.62%, 0, 0, 9, 1602.65, 1062, 26295852
1602380135, 4, 232, 556, 354, 0, 1.62%, 0, 0, 9, 1547.16, 1062, 26541269
1602380222, 4, 238, 556, 353, 0, 1.62%, 0, 0, 9, 1715.27, 1062, 26715002
1602380364, 4, 243, 556, 352, 0, 1.62%, 0, 0, 9, 2297.52, 1062, 26962727
1602380394, 4, 244, 556, 351, 0, 1.62%, 0, 0, 9, 2417.02, 1062, 27051468
1602380537, 4, 245, 556, 350, 0, 1.62%, 0, 0, 9, 1724.44, 1062, 27296067
1602380679, 4, 259, 556, 349, 0, 1.62%, 0, 0, 9, 2389.64, 1062, 27544986
1602380690, 4, 260, 556, 348, 0, 1.62%, 0, 0, 9, 2922.16, 1062, 27575583
1602380725, 4, 270, 556, 347, 0, 1.62%, 0, 0, 9, 2815.07, 1062, 27676115
1602380755, 4, 279, 556, 346, 0, 1.62%, 0, 0, 9, 2323.82, 1062, 27763157
1602380852, 4, 283, 556, 345, 0, 1.62%, 0, 0, 9, 2013.27, 1062, 27969352
1602380974, 4, 287, 556, 344, 0, 1.62%, 0, 0, 9, 2126.24, 1062, 28220507
1602381009, 4, 291, 556, 343, 0, 1.62%, 0, 0, 9, 2584.00, 1062, 28313952
1602381198, 4, 293, 556, 342, 0, 1.62%, 0, 0, 9, 1442.15, 1062, 28563778
1602381349, 4, 296, 556, 341, 0, 1.62%, 0, 0, 9, 1740.67, 1062, 28809395
1602381425, 4, 297, 556, 340, 0, 1.62%, 0, 0, 9, 2054.58, 1062, 28969329
1602381506, 4, 299, 556, 339, 0, 1.62%, 0, 0, 9, 1132.58, 1062, 29133531
1602381883, 4, 315, 556, 338, 0, 1.62%, 0, 0, 9, 2430.21, 1062, 29380423
1602381919, 4, 317, 556, 337, 0, 1.62%, 0, 0, 9, 2651.85, 1062, 29480227
1602381950, 4, 320, 556, 336, 0, 1.62%, 0, 0, 9, 2715.09, 1062, 29565946
1602381990, 4, 326, 556, 335, 0, 1.62%, 0, 0, 9, 2109.07, 1062, 29672519
1602382051, 4, 327, 556, 334, 0, 1.62%, 0, 0, 9, 1992.14, 1062, 29811691
1602382112, 4, 328, 556, 333, 0, 1.62%, 0, 0, 9, 2048.63, 1062, 29950255
1602382255, 4, 334, 556, 332, 0, 1.62%, 0, 0, 9, 1413.74, 1062, 30175645
1602382423, 4, 338, 556, 331, 0, 1.62%, 0, 0, 9, 1131.65, 1062, 30419556
1602382723, 4, 348, 556, 330, 0, 1.62%, 0, 0, 9, 1068.97, 1062, 30662636
1602382789, 4, 353, 556, 329, 0, 1.62%, 0, 0, 9, 1109.30, 1062, 30801101
1602383217, 4, 359, 556, 328, 0, 1.62%, 0, 0, 9, 1992.53, 1062, 31049900
1602383293, 4, 363, 556, 327, 0, 1.62%, 0, 0, 9, 2380.06, 1062, 31200731
1602383318, 4, 369, 556, 326, 0, 1.62%, 0, 0, 9, 3114.31, 1062, 31279123
1602383348, 4, 371, 556, 325, 0, 1.62%, 0, 0, 9, 2895.73, 1062, 31368021
1602383379, 4, 374, 556, 324, 0, 1.62%, 0, 0, 9, 2966.41, 1062, 31454946
1602383414, 4, 379, 556, 323, 0, 1.62%, 0, 0, 9, 2472.06, 1062, 31551308
1602383450, 4, 404, 556, 322, 0, 1.62%, 0, 0, 9, 462.99, 1062, 31644040
1602383912, 4, 405, 556, 321, 0, 1.62%, 0, 0, 9, 1797.58, 1062, 31889006
1602384315, 4, 407, 556, 320, 0, 1.62%, 0, 0, 9, 2658.91, 1062, 32133292
1602384340, 4, 407, 557, 321, 0, 1.62%, 0, 0, 9, 908.92, 1062, 32152729
1602384625, 4, 409, 559, 322, 0, 1.62%, 0, 0, 9, 1274.96, 1062, 32382364
1602384707, 4, 411, 559, 321, 0, 1.62%, 0, 0, 9, 1726.10, 1062, 32534202
1602384757, 4, 415, 559, 320, 0, 1.62%, 0, 0, 9, 306.21, 1062, 32646652
1602385409, 4, 418, 559, 319, 0, 1.62%, 0, 0, 9, 2479.99, 1062, 32893833
1602385465, 4, 425, 559, 318, 0, 1.62%, 0, 0, 9, 2549.17, 1062, 33020028
1602385490, 4, 429, 559, 317, 0, 1.62%, 0, 0, 9, 2941.70, 1062, 33095636
1602385520, 4, 433, 559, 316, 0, 1.62%, 0, 0, 9, 2951.90, 1062, 33182349
1602385556, 4, 441, 559, 315, 0, 1.62%, 0, 0, 9, 2445.49, 1062, 33275884
1602385637, 4, 445, 559, 314, 0, 1.62%, 0, 0, 9, 1739.79, 1062, 33416259
1602385693, 4, 450, 559, 313, 0, 1.62%, 0, 0, 9, 2005.80, 1062, 33536444
1602385724, 4, 453, 559, 312, 0, 1.62%, 0, 0, 9, 2288.43, 1062, 33624762
1602385800, 4, 454, 559, 311, 0, 1.62%, 0, 0, 9, 1468.39, 1062, 33748011
1602385846, 4, 462, 559, 310, 0, 1.62%, 0, 0, 9, 1956.02, 1062, 33843554
1602385876, 4, 471, 559, 309, 0, 1.62%, 0, 0, 9, 2885.01, 1062, 33934330
1602385912, 4, 475, 559, 308, 0, 1.62%, 0, 0, 9, 2850.57, 1062, 34037426
1602385942, 4, 483, 559, 307, 0, 1.62%, 0, 0, 9, 2870.02, 1062, 34129732
1602385972, 4, 559, 561, 308, 1, 1.62%, 0, 0, 9, 3169.16, 1063, 34219281
1602385978, 4, 560, 562, 308, 0, 1.62%, 0, 0, 9, 3246.13, 1063, 34236266
1602385988, 5, 14, 562, 306, 0, 1.62%, 0, 0, 9, 2995.64, 1063, 34267163
1602386070, 5, 18, 562, 305, 0, 1.62%, 0, 0, 9, 2807.84, 1063, 34503619
1602386161, 5, 53, 562, 303, 0, 1.62%, 0, 0, 9, 3103.09, 1063, 34760035
1602386172, 5, 69, 562, 302, 0, 1.62%, 0, 0, 9, 3188.07, 1063, 34793143
1602386268, 5, 98, 562, 301, 0, 1.62%, 0, 0, 9, 2468.87, 1063, 35037939
1602386364, 5, 103, 562, 300, 0, 1.62%, 0, 0, 9, 2476.39, 1063, 35283055
1602386461, 5, 106, 562, 299, 0, 1.62%, 0, 0, 9, 2602.96, 1063, 35539111
1602386553, 5, 107, 562, 298, 0, 1.62%, 0, 0, 9, 2543.46, 1063, 35777955
1602386645, 5, 131, 562, 297, 0, 1.62%, 0, 0, 9, 2512.79, 1063, 36022960
1602386746, 5, 133, 562, 296, 0, 1.62%, 0, 0, 9, 2448.11, 1063, 36271406
1602386837, 5, 155, 562, 295, 0, 1.62%, 0, 0, 9, 2583.65, 1063, 36509905
1602386934, 5, 165, 562, 294, 0, 1.62%, 0, 0, 9, 1582.48, 1063, 36759653
1602387107, 5, 166, 562, 293, 0, 1.62%, 0, 0, 9, 1428.51, 1063, 37001731
1602387284, 5, 171, 562, 292, 0, 1.62%, 0, 0, 9, 1418.86, 1063, 37248968
1602387437, 5, 183, 562, 291, 0, 1.62%, 0, 0, 9, 1509.11, 1063, 37489199
1602387585, 5, 192, 562, 290, 0, 1.62%, 0, 0, 9, 2161.68, 1063, 37740588
1602387616, 5, 195, 562, 289, 0, 1.62%, 0, 0, 9, 2847.02, 1063, 37828702
1602387651, 5, 201, 562, 288, 0, 1.62%, 0, 0, 9, 2675.97, 1063, 37927254
1602387687, 5, 213, 562, 287, 0, 1.62%, 0, 0, 9, 2630.42, 1063, 38023651
1602387753, 5, 235, 562, 286, 0, 1.62%, 0, 0, 9, 1681.03, 1063, 38171756
1602387900, 5, 252, 562, 285, 0, 1.62%, 0, 0, 9, 2596.05, 1063, 38419972
1602387911, 5, 262, 562, 284, 0, 1.62%, 0, 0, 9, 1787.79, 1063, 38445447
1602388048, 5, 269, 562, 283, 0, 1.62%, 0, 0, 9, 2208.18, 1063, 38617368
1602388079, 5, 276, 562, 282, 0, 1.62%, 0, 0, 9, 2598.76, 1063, 38705308
1602388129, 5, 281, 562, 281, 0, 1.62%, 0, 0, 9, 2011.12, 1063, 38837129
1602388251, 5, 284, 562, 280, 0, 1.62%, 0, 0, 9, 1846.36, 1063, 39081205
1602388369, 5, 285, 562, 279, 0, 1.62%, 0, 0, 9, 1800.90, 1063, 39318636
1602388496, 5, 286, 562, 278, 0, 1.62%, 0, 0, 9, 1779.01, 1063, 39572662
1602388622, 5, 288, 562, 277, 0, 1.62%, 0, 0, 9, 1825.81, 1063, 39816734
1602388745, 5, 305, 562, 276, 0, 1.62%, 0, 0, 9, 1926.19, 1063, 40058651
1602388831, 5, 307, 562, 275, 0, 1.62%, 0, 0, 9, 2312.21, 1063, 40232252
1602388857, 5, 308, 562, 274, 0, 1.62%, 0, 0, 9, 3132.14, 1063, 40310809
1602388887, 5, 310, 562, 273, 0, 1.62%, 0, 0, 9, 2876.48, 1063, 40403105
1602388912, 5, 311, 562, 272, 0, 1.62%, 0, 0, 9, 3074.89, 1063, 40479825
1602388943, 5, 312, 562, 271, 0, 1.62%, 0, 0, 9, 2908.29, 1063, 40571739
1602388973, 5, 331, 562, 270, 0, 1.62%, 0, 0, 9, 1998.99, 1063, 40658497
1602389060, 5, 352, 562, 269, 0, 1.62%, 0, 0, 9, 1854.58, 1063, 40827785
1602389542, 5, 354, 562, 268, 0, 1.62%, 0, 0, 9, 1417.36, 1063, 41075091
1602389894, 5, 355, 562, 267, 0, 1.62%, 0, 0, 9, 514.47, 1063, 41315493
1602390209, 5, 370, 562, 266, 0, 1.62%, 0, 0, 9, 2191.28, 1063, 41573816
1602390235, 5, 380, 562, 265, 0, 1.62%, 0, 0, 9, 2888.65, 1063, 41647848
1602390275, 5, 382, 562, 264, 0, 1.62%, 0, 0, 9, 2343.93, 1063, 41753478
1602390311, 5, 387, 562, 263, 0, 1.62%, 0, 0, 9, 2491.71, 1063, 41847766
1602390356, 5, 395, 562, 262, 0, 1.62%, 0, 0, 9, 2505.58, 1063, 41958491
1602390386, 5, 398, 562, 261, 0, 1.62%, 0, 0, 9, 2181.40, 1063, 42046498
1602390447, 5, 402, 562, 260, 0, 1.62%, 0, 0, 9, 1005.11, 1063, 42174193
1602390935, 5, 403, 562, 259, 0, 1.62%, 0, 0, 9, 2400.79, 1063, 42420512
1602391006, 5, 414, 562, 258, 0, 1.62%, 0, 0, 9, 1731.76, 1063, 42561928
1602391057, 5, 424, 563, 258, 0, 1.62%, 0, 0, 9, 2343.42, 1063, 42679100
1602391087, 5, 427, 563, 257, 0, 1.62%, 0, 0, 9, 2790.86, 1063, 42768974
1602391118, 5, 430, 563, 256, 0, 1.62%, 0, 0, 9, 2577.77, 1063, 42856315
1602391148, 5, 439, 563, 255, 0, 1.62%, 0, 0, 9, 2398.95, 1063, 42940128
1602391220, 5, 449, 563, 254, 0, 1.62%, 0, 0, 9, 1970.51, 1063, 43078915
1602391250, 5, 461, 563, 253, 0, 1.62%, 0, 0, 9, 2721.32, 1063, 43165905
1602391291, 5, 463, 563, 252, 0, 1.62%, 0, 0, 9, 2733.68, 1063, 43267519
1602391316, 5, 469, 563, 251, 0, 1.62%, 0, 0, 9, 3090.33, 1063, 43342118
1602391321, 5, 476, 563, 250, 0, 1.62%, 0, 0, 9, 3023.45, 1063, 43357403
1602391347, 5, 478, 563, 249, 0, 1.62%, 0, 0, 9, 2603.78, 1063, 43434111
1602391393, 5, 493, 563, 248, 0, 1.62%, 0, 0, 9, 1680.00, 1063, 43543501
1602391444, 5, 496, 563, 247, 0, 1.62%, 0, 0, 9, 1446.34, 1063, 43644337
1602391571, 5, 499, 563, 246, 0, 1.62%, 0, 0, 9, 1258.99, 1063, 43792408
1602391628, 5, 506, 563, 245, 0, 1.62%, 0, 0, 9, 1739.43, 1063, 43897306
1602391658, 5, 513, 563, 244, 0, 1.62%, 0, 0, 9, 2955.32, 1063, 43989060
1602391684, 5, 522, 563, 243, 0, 1.62%, 0, 0, 9, 3092.81, 1063, 44067175
1602391847, 5, 524, 563, 242, 0, 1.62%, 0, 0, 9, 2381.41, 1063, 44323704
1602391882, 5, 533, 563, 241, 0, 1.62%, 0, 0, 9, 2913.67, 1063, 44427446
1602392116, 5, 537, 563, 240, 0, 1.62%, 0, 0, 9, 2030.98, 1063, 44682490
1602392147, 5, 545, 563, 239, 0, 1.62%, 0, 0, 9, 2880.06, 1063, 44767036
1602392178, 5, 555, 563, 238, 0, 1.62%, 0, 0, 9, 2463.54, 1063, 44855137
1602393333, 5, 555, 564, 239, 0, 1.62%, 0, 0, 9, 2406.26, 1063, 47326708
1602393338, 5, 561, 564, 238, 0, 1.62%, 0, 0, 9, 3083.09, 1063, 47342968
1602393343, 6, 38, 564, 236, 0, 1.62%, 0, 0, 9, 3291.67, 1063, 47359659
1602393348, 6, 62, 564, 236, 0, 1.62%, 0, 0, 9, 2837.58, 1063, 47373611
1602393434, 6, 68, 564, 235, 0, 1.62%, 0, 0, 9, 2606.40, 1063, 47605365
1602393536, 6, 73, 564, 234, 0, 1.62%, 0, 0, 9, 2364.75, 1063, 47848676
1602393638, 6, 76, 564, 233, 0, 1.62%, 0, 0, 9, 2322.66, 1063, 48098902
1602393739, 6, 81, 564, 232, 0, 1.62%, 0, 0, 9, 2601.34, 1063, 48348797
1602393831, 6, 82, 564, 231, 0, 1.62%, 0, 0, 9, 2530.12, 1063, 48593836
1602393927, 6, 123, 564, 230, 0, 1.62%, 0, 0, 9, 2426.73, 1063, 48833046
1602393958, 6, 128, 564, 229, 0, 1.62%, 0, 0, 9, 2854.36, 1063, 48918386
1602394059, 6, 150, 564, 228, 0, 1.62%, 0, 0, 9, 2431.48, 1063, 49166851
1602394115, 6, 163, 564, 227, 0, 1.62%, 0, 0, 9, 2628.15, 1063, 49316754
1602394206, 6, 170, 564, 226, 0, 1.62%, 0, 0, 9, 2518.96, 1063, 49559563
1602394375, 6, 176, 564, 225, 0, 1.62%, 0, 0, 9, 1090.92, 1063, 49807527
1602394650, 6, 204, 564, 224, 0, 1.62%, 0, 0, 9, 2119.04, 1063, 50060200
1602394686, 6, 210, 564, 223, 0, 1.62%, 0, 0, 9, 2598.64, 1063, 50156403
1602394742, 6, 214, 564, 222, 0, 1.62%, 0, 0, 9, 2084.23, 1063, 50289360
1602394818, 6, 221, 564, 221, 0, 1.62%, 0, 0, 9, 1731.90, 1063, 50445521
1602394996, 6, 256, 564, 219, 0, 1.62%, 0, 0, 9, 2526.76, 1063, 50702620
1602395021, 6, 267, 564, 218, 0, 1.62%, 0, 0, 9, 2964.51, 1063, 50779627
1602395026, 6, 274, 564, 218, 0, 1.62%, 0, 0, 9, 2088.93, 1063, 50789475
1602395148, 6, 289, 564, 217, 0, 1.62%, 0, 0, 9, 1512.68, 1063, 51030085
1602395331, 6, 303, 564, 216, 0, 1.62%, 0, 0, 9, 1404.79, 1063, 51273398
1602395545, 6, 324, 564, 215, 0, 1.62%, 0, 0, 9, 1863.21, 1063, 51525944
1602395606, 6, 329, 564, 214, 0, 1.62%, 0, 0, 9, 1450.58, 1063, 51660466
1602395773, 6, 330, 564, 213, 0, 1.62%, 0, 0, 9, 1454.69, 1063, 51901405
1602396094, 6, 341, 564, 212, 0, 1.62%, 0, 0, 9, 939.06, 1063, 52148921
1602396334, 6, 347, 564, 211, 0, 1.62%, 0, 0, 9, 1458.80, 1063, 52393691
1602396395, 6, 349, 564, 210, 0, 1.62%, 0, 0, 9, 2088.97, 1063, 52527573
1602396461, 6, 356, 564, 209, 0, 1.62%, 0, 0, 9, 1295.46, 1063, 52665543
1602396706, 6, 366, 564, 208, 0, 1.62%, 0, 0, 9, 2401.20, 1063, 52919306
1602396731, 6, 368, 564, 207, 0, 1.62%, 0, 0, 9, 2877.03, 1063, 52996154
1602396762, 6, 372, 564, 206, 0, 1.62%, 0, 0, 9, 2688.96, 1063, 53082385
1602396797, 6, 378, 564, 205, 0, 1.62%, 0, 0, 9, 2412.02, 1063, 53178548
1602396832, 6, 381, 564, 204, 0, 1.62%, 0, 0, 9, 2338.36, 1063, 53272693
1602396868, 6, 386, 564, 203, 0, 1.62%, 0, 0, 9, 2397.04, 1063, 53367218
1602396913, 6, 390, 564, 202, 0, 1.62%, 0, 0, 9, 2097.36, 1063, 53478193
1602396969, 6, 394, 564, 201, 0, 1.62%, 0, 0, 9, 2116.03, 1063, 53604626
1602397081, 6, 399, 564, 200, 0, 1.62%, 0, 0, 9, 1703.72, 1063, 53783139
1602397137, 6, 408, 564, 199, 0, 1.62%, 0, 0, 9, 2002.33, 1063, 53907001
1602397244, 6, 417, 564, 198, 0, 1.62%, 0, 0, 9, 1507.94, 1063, 54077117
1602397290, 6, 422, 564, 197, 0, 1.62%, 0, 0, 9, 2465.02, 1063, 54185893
1602397320, 6, 431, 564, 196, 0, 1.62%, 0, 0, 9, 2665.04, 1063, 54274822
1602397350, 6, 438, 564, 195, 0, 1.62%, 0, 0, 9, 2616.15, 1063, 54359348
1602397401, 6, 458, 564, 194, 0, 1.62%, 0, 0, 9, 2250.84, 1063, 54474397
1602397431, 6, 466, 564, 193, 0, 1.62%, 0, 0, 9, 2836.32, 1063, 54558030
1602397462, 6, 473, 564, 192, 0, 1.62%, 0, 0, 9, 2986.98, 1063, 54645725
1602397502, 6, 485, 564, 191, 0, 1.62%, 0, 0, 9, 2752.31, 1063, 54757308
1602397533, 6, 491, 564, 190, 0, 1.62%, 0, 0, 9, 2854.78, 1063, 54843597
1602397563, 6, 494, 564, 189, 0, 1.62%, 0, 0, 9, 1911.23, 1063, 54927439
1602397696, 6, 510, 564, 188, 0, 1.62%, 0, 0, 9, 1288.22, 1063, 55072973
1602397732, 6, 523, 564, 187, 0, 1.62%, 0, 0, 9, 2878.38, 1063, 55175793
1602397783, 6, 532, 564, 186, 0, 1.62%, 0, 0, 9, 1716.71, 1063, 55318312
1602398007, 6, 534, 564, 185, 0, 1.62%, 0, 0, 9, 1315.86, 1063, 55561861
1602398221, 6, 539, 564, 184, 0, 1.62%, 0, 0, 9, 1262.30, 1063, 55805702
1602398282, 6, 544, 564, 183, 0, 1.62%, 0, 0, 9, 2287.51, 1063, 55922363
1602398307, 6, 548, 564, 182, 0, 1.62%, 0, 0, 9, 3035.66, 1063, 56000715
1602398353, 6, 562, 565, 182, 0, 1.62%, 0, 0, 9, 2808.96, 1063, 56119063
1602398363, 6, 562, 566, 183, 0, 1.62%, 0, 0, 9, 3148.68, 1063, 56151512
1602398368, 7, 23, 568, 184, 0, 1.62%, 0, 0, 9, 3264.25, 1063, 56168218
1602398373, 7, 48, 568, 183, 0, 1.62%, 0, 0, 9, 3308.52, 1063, 56185462
1602398378, 7, 65, 568, 182, 0, 1.62%, 0, 0, 9, 3138.53, 1063, 56201047
1602398399, 7, 70, 568, 181, 0, 1.62%, 0, 0, 9, 2842.07, 1063, 56263001
1602398490, 7, 71, 568, 180, 0, 1.62%, 0, 0, 9, 2552.00, 1063, 56502254
1602398592, 7, 116, 568, 179, 0, 1.62%, 0, 0, 9, 2204.82, 1063, 56742749
1602398688, 7, 146, 568, 178, 0, 1.62%, 0, 0, 9, 2565.79, 1063, 56991677
1602398779, 7, 156, 568, 177, 0, 1.62%, 0, 0, 9, 2653.64, 1063, 57234452
1602398876, 7, 167, 568, 176, 0, 1.62%, 0, 0, 9, 1660.82, 1063, 57484257
1602399054, 7, 193, 568, 175, 0, 1.62%, 0, 0, 9, 2307.70, 1063, 57734611
1602399084, 7, 196, 568, 174, 0, 1.62%, 0, 0, 9, 2702.38, 1063, 57821744
1602399120, 7, 202, 568, 173, 0, 1.62%, 0, 0, 9, 2554.62, 1063, 57920863
1602399160, 7, 207, 568, 172, 0, 1.62%, 0, 0, 9, 2490.87, 1063, 58029709
1602399201, 7, 211, 568, 171, 0, 1.62%, 0, 0, 9, 2260.60, 1063, 58135463
1602399256, 7, 228, 568, 170, 0, 1.62%, 0, 0, 9, 2288.51, 1063, 58267748
1602399317, 7, 242, 568, 169, 0, 1.62%, 0, 0, 9, 2294.67, 1063, 58409083
1602399348, 7, 257, 568, 168, 0, 1.62%, 0, 0, 9, 2953.86, 1063, 58499309
1602399373, 7, 295, 568, 167, 0, 1.62%, 0, 0, 9, 2800.60, 1063, 58576108
1602399470, 7, 300, 568, 166, 0, 1.62%, 0, 0, 9, 1724.38, 1063, 58762561
1602399842, 7, 309, 568, 165, 0, 1.62%, 0, 0, 9, 2847.85, 1063, 59012179
1602399872, 7, 314, 568, 164, 0, 1.62%, 0, 0, 9, 2789.12, 1063, 59102415
1602399903, 7, 322, 568, 163, 0, 1.62%, 0, 0, 9, 2787.57, 1063, 59188324
1602399948, 7, 333, 568, 162, 0, 1.62%, 0, 0, 9, 2310.02, 1063, 59302907
1602400009, 7, 344, 568, 161, 0, 1.62%, 0, 0, 9, 1823.45, 1063, 59440047
1602400106, 7, 360, 568, 160, 0, 1.62%, 0, 0, 9, 1628.98, 1063, 59614127
1602400172, 7, 361, 568, 159, 0, 1.62%, 0, 0, 9, 2090.47, 1063, 59753975
1602400238, 7, 385, 568, 158, 0, 1.62%, 0, 0, 9, 1986.34, 1063, 59896386
1602400279, 7, 397, 568, 157, 0, 1.62%, 0, 0, 9, 2313.77, 1063, 59997843
1602400350, 7, 400, 568, 156, 0, 1.62%, 0, 0, 9, 1753.77, 1063, 60147757
1602400416, 7, 410, 568, 155, 0, 1.62%, 0, 0, 9, 1753.06, 1063, 60285276
1602400477, 7, 416, 568, 154, 0, 1.62%, 0, 0, 9, 1171.99, 1063, 60410469
1602400997, 7, 419, 568, 153, 0, 1.62%, 0, 0, 9, 1919.50, 1063, 60659940
1602401047, 7, 432, 568, 152, 0, 1.62%, 0, 0, 9, 2387.97, 1063, 60777791
1602401078, 7, 434, 568, 151, 0, 1.62%, 0, 0, 9, 2500.76, 1063, 60861802
1602401113, 7, 440, 568, 150, 0, 1.62%, 0, 0, 9, 2322.43, 1063, 60955477
1602401169, 7, 444, 568, 149, 0, 1.62%, 0, 0, 9, 2019.52, 1063, 61075238
1602401225, 7, 455, 568, 148, 0, 1.62%, 0, 0, 9, 1977.98, 1063, 61197283
1602401266, 7, 480, 568, 147, 0, 1.62%, 0, 0, 9, 2515.74, 1063, 61295345
1602401296, 7, 492, 568, 146, 0, 1.62%, 0, 0, 9, 2901.17, 1063, 61381076
1602401327, 7, 498, 568, 145, 0, 1.62%, 0, 0, 9, 2473.21, 1063, 61465910
1602401454, 7, 501, 568, 144, 0, 1.62%, 0, 0, 9, 1922.96, 1063, 61615984
1602401485, 7, 512, 568, 143, 0, 1.62%, 0, 0, 9, 1857.53, 1063, 61701047
1602401632, 7, 520, 568, 142, 0, 1.62%, 0, 0, 9, 2190.54, 1063, 61945885
1602401663, 7, 528, 568, 141, 0, 1.62%, 0, 0, 9, 2881.47, 1063, 62035708
1602401673, 7, 528, 569, 142, 0, 1.62%, 0, 0, 9, 2930.50, 1063, 62064890
1602401693, 7, 540, 569, 141, 0, 1.62%, 0, 0, 9, 2219.07, 1063, 62120685
1602401739, 7, 541, 569, 140, 0, 1.62%, 0, 0, 9, 300.48, 1063, 62222614
1602402362, 7, 546, 569, 139, 0, 1.62%, 0, 0, 9, 3096.20, 1063, 62467407
1602402372, 7, 554, 569, 138, 0, 1.62%, 0, 0, 9, 2697.03, 1063, 62497715
1602403420, 7, 568, 570, 138, 0, 1.62%, 0, 0, 9, 1659.93, 1063, 64775767
1602403558, 8, 10, 570, 137, 0, 1.62%, 0, 0, 9, 1924.49, 1063, 64995835
1602403563, 8, 40, 570, 136, 0, 1.62%, 0, 0, 9, 3079.45, 1063, 65013315
1602403568, 8, 72, 570, 135, 0, 1.62%, 0, 0, 9, 3000.45, 1063, 65028375
1602403594, 8, 78, 570, 134, 0, 1.62%, 0, 0, 9, 2966.68, 1063, 65106276
1602403690, 8, 85, 570, 133, 0, 1.62%, 0, 0, 9, 2532.13, 1063, 65352181
1602403786, 8, 87, 570, 132, 0, 1.62%, 0, 0, 9, 2439.48, 1063, 65595676
1602403883, 8, 112, 570, 131, 0, 1.62%, 0, 0, 9, 2665.11, 1063, 65851839
1602403975, 8, 174, 570, 129, 0, 1.62%, 0, 0, 9, 2412.10, 1063, 66091326
1602404260, 8, 180, 570, 128, 0, 1.62%, 0, 0, 9, 1202.21, 1063, 66338123
1602404438, 8, 208, 570, 127, 0, 1.62%, 0, 0, 9, 1861.69, 1063, 66585269
1602404478, 8, 216, 570, 126, 0, 1.62%, 0, 0, 9, 2566.65, 1063, 66692200
1602404565, 8, 278, 570, 125, 0, 1.62%, 0, 0, 9, 1993.72, 1063, 66865284
1602404651, 8, 298, 571, 125, 0, 1.62%, 0, 0, 9, 2067.75, 1063, 67058761
1602404727, 8, 302, 571, 124, 0, 1.62%, 0, 0, 9, 1867.90, 1063, 67219214
1602404961, 8, 329, 571, 123, 0, 1.62%, 0, 0, 9, 846.93, 1063, 67463811
1602404966, 8, 332, 571, 123, 0, 1.62%, 0, 0, 9, 1265.64, 1063, 67471604
1602405129, 8, 335, 571, 122, 0, 1.62%, 0, 0, 9, 1414.21, 1063, 67713288
1602405318, 8, 339, 571, 121, 0, 1.62%, 0, 0, 9, 1067.61, 1063, 67958445
1602405614, 8, 346, 571, 120, 0, 1.62%, 0, 0, 9, 2691.51, 1063, 68204182
1602405680, 8, 375, 571, 119, 0, 1.62%, 0, 0, 9, 2147.72, 1063, 68343710
1602405715, 8, 393, 571, 118, 0, 1.62%, 0, 0, 9, 2133.95, 1063, 68438204
1602405786, 8, 401, 571, 117, 0, 1.62%, 0, 0, 9, 1970.88, 1063, 68581049
1602405862, 8, 423, 571, 116, 0, 1.62%, 0, 0, 9, 2575.92, 1063, 68740219
1602405888, 8, 436, 571, 115, 0, 1.62%, 0, 0, 9, 2779.70, 1063, 68817190
1602405923, 8, 456, 571, 114, 0, 1.62%, 0, 0, 9, 2746.22, 1063, 68913114
1602405954, 8, 487, 571, 113, 0, 1.62%, 0, 0, 9, 2992.93, 1063, 69001826
1602405979, 8, 489, 571, 112, 0, 1.62%, 0, 0, 9, 2967.32, 1063, 69077950
1602406010, 8, 550, 571, 111, 0, 1.62%, 0, 0, 9, 2931.12, 1063, 69165222
1602406327, 8, 558, 571, 110, 0, 1.62%, 0, 0, 9, 2528.64, 1063, 70010007
1602406362, 8, 565, 571, 109, 0, 1.62%, 0, 0, 9, 2743.63, 1063, 70103187
1602406383, 8, 566, 571, 108, 0, 1.62%, 0, 0, 9, 3108.24, 1063, 70166471
1602406398, 8, 567, 571, 107, 0, 1.62%, 0, 0, 9, 3143.36, 1063, 70214623
1602406403, 8, 567, 572, 108, 0, 1.62%, 0, 0, 9, 3156.88, 1063, 70230453
1602406413, 8, 569, 572, 107, 0, 1.62%, 0, 0, 9, 1976.22, 1063, 70256085
1602406495, 9, 54, 572, 106, 0, 1.62%, 0, 0, 9, 2698.85, 1063, 70421059
1602406500, 9, 57, 572, 105, 0, 1.62%, 0, 0, 9, 3089.03, 1063, 70437362
1602406510, 9, 67, 572, 104, 0, 1.62%, 0, 0, 9, 2519.57, 1063, 70466090
1602406611, 9, 97, 572, 103, 0, 1.62%, 0, 0, 9, 2425.07, 1063, 70709232
1602406708, 9, 115, 572, 102, 0, 1.62%, 0, 0, 9, 2533.50, 1063, 70960427
1602406800, 9, 138, 572, 101, 0, 1.62%, 0, 0, 9, 2572.60, 1063, 71197792
1602406846, 9, 188, 573, 101, 1, 1.63%, 0, 0, 9, 2787.71, 1065, 71323656
1602406871, 10, 22, 573, 99, 0, 1.63%, 0, 0, 9, 3101.64, 1065, 71401896
1602406963, 10, 119, 573, 98, 0, 1.63%, 0, 0, 9, 2603.45, 1065, 71633706
1602407055, 10, 132, 573, 97, 0, 1.63%, 0, 0, 9, 2623.32, 1065, 71874535
1602407151, 10, 229, 573, 96, 0, 1.63%, 0, 0, 9, 2011.65, 1065, 72120654
1602407299, 10, 263, 573, 95, 0, 1.63%, 0, 0, 9, 1525.65, 1065, 72365271
1602407376, 10, 292, 573, 94, 0, 1.63%, 0, 0, 9, 1712.57, 1065, 72500081
1602407549, 10, 319, 573, 93, 0, 1.63%, 0, 0, 9, 1969.02, 1065, 72749271
1602407584, 10, 383, 573, 92, 0, 1.63%, 0, 0, 9, 2375.43, 1065, 72847006
1602407619, 10, 384, 573, 91, 0, 1.63%, 0, 0, 9, 2527.24, 1065, 72939987
1602407665, 10, 391, 573, 90, 0, 1.63%, 0, 0, 9, 2406.60, 1065, 73056024
1602407701, 10, 412, 573, 89, 0, 1.63%, 0, 0, 9, 2502.39, 1065, 73149236
1602407751, 10, 413, 573, 88, 0, 1.63%, 0, 0, 9, 2010.43, 1065, 73265355
1602407802, 10, 472, 573, 87, 0, 1.63%, 0, 0, 9, 2639.34, 1065, 73385943
1602407838, 10, 479, 573, 86, 0, 1.63%, 0, 0, 9, 1795.24, 1065, 73485184
1602408143, 10, 488, 573, 85, 0, 1.63%, 0, 0, 9, 3026.25, 1065, 73731689
1602408173, 10, 505, 573, 84, 0, 1.63%, 0, 0, 9, 2857.73, 1065, 73822306
1602408199, 10, 517, 573, 83, 0, 1.63%, 0, 0, 9, 3040.86, 1065, 73897582
1602408230, 10, 556, 573, 82, 0, 1.63%, 0, 0, 9, 1695.52, 1065, 73982835
1602408535, 10, 557, 573, 81, 0, 1.63%, 0, 0, 9, 730.33, 1065, 74227791
1602409035, 10, 571, 573, 80, 0, 1.63%, 0, 0, 9, 2508.84, 1065, 74473310
1602409051, 10, 573, 578, 84, 0, 1.63%, 0, 0, 9, 3132.51, 1065, 74520653
1602409061, 10, 576, 579, 84, 0, 1.63%, 0, 0, 9, 3154.52, 1065, 74552298
1602409076, 11, 61, 579, 83, 0, 1.63%, 0, 0, 9, 2937.44, 1065, 74599346
1602409122, 11, 80, 579, 82, 0, 1.63%, 0, 0, 9, 2619.33, 1065, 74730342
1602409218, 11, 129, 579, 81, 0, 1.63%, 0, 0, 9, 2514.73, 1065, 74972995
1602409315, 11, 130, 579, 80, 0, 1.63%, 0, 0, 9, 2654.33, 1065, 75219489
1602409376, 11, 169, 579, 78, 0, 1.63%, 0, 0, 9, 3052.21, 1065, 75393582
1602409549, 11, 212, 579, 77, 0, 1.63%, 0, 0, 9, 1693.82, 1065, 75643415
1602409610, 11, 266, 579, 76, 0, 1.63%, 0, 0, 9, 2272.55, 1065, 75782867
1602409640, 11, 313, 579, 75, 0, 1.63%, 0, 0, 9, 2814.66, 1065, 75868159
1602409671, 11, 318, 579, 74, 0, 1.63%, 0, 0, 9, 2976.61, 1065, 75955740
1602409706, 11, 336, 579, 73, 0, 1.63%, 0, 0, 9, 2752.54, 1065, 76052750
1602409777, 11, 377, 579, 72, 0, 1.63%, 0, 0, 9, 2142.47, 1065, 76203731
1602409813, 11, 426, 579, 71, 0, 1.63%, 0, 0, 9, 2715.56, 1065, 76301036
1602409844, 11, 442, 579, 70, 0, 1.63%, 0, 0, 9, 2284.88, 1065, 76385623
1602410160, 11, 467, 579, 69, 0, 1.63%, 0, 0, 9, 1719.49, 1065, 76635380
1602410191, 11, 470, 579, 68, 0, 1.63%, 0, 0, 9, 2888.99, 1065, 76719815
1602410221, 11, 486, 579, 67, 0, 1.63%, 0, 0, 9, 2950.03, 1065, 76807002
1602410252, 11, 495, 579, 66, 0, 1.63%, 0, 0, 9, 1841.19, 1065, 76894652
1602410394, 11, 535, 579, 65, 0, 1.63%, 0, 0, 9, 1158.18, 1065, 77042282
1602410603, 11, 574, 579, 64, 0, 1.63%, 0, 0, 9, 1530.85, 1065, 77286809
1602410619, 11, 575, 579, 63, 0, 1.63%, 0, 0, 9, 3116.87, 1065, 77333900
1602410629, 11, 577, 579, 62, 0, 1.63%, 0, 0, 9, 3205.65, 1065, 77365967
1602410639, 12, 80, 579, 61, 0, 1.63%, 0, 0, 9, 3267.59, 1065, 77399209
1602410644, 12, 110, 579, 61, 0, 1.63%, 0, 0, 9, 2835.78, 1065, 77413050
1602410736, 12, 199, 579, 60, 0, 1.63%, 0, 0, 9, 2793.97, 1065, 77653432
1602410776, 12, 364, 579, 59, 0, 1.63%, 0, 0, 9, 2891.10, 1065, 77764123
1602410807, 12, 406, 579, 58, 0, 1.63%, 0, 0, 9, 1598.22, 1065, 77848715
1602411164, 12, 451, 579, 57, 0, 1.63%, 0, 0, 9, 2798.46, 1065, 78104227
1602411190, 12, 465, 579, 56, 0, 1.63%, 0, 0, 9, 2940.90, 1065, 78182530
1602411220, 12, 508, 579, 55, 0, 1.63%, 0, 0, 9, 2988.05, 1065, 78272992
1602411246, 13, 58, 579, 54, 0, 1.63%, 0, 0, 9, 3257.19, 1065, 78352245
1602411251, 13, 111, 579, 54, 0, 1.63%, 0, 0, 9, 2886.39, 1065, 78367056
1602411343, 13, 164, 579, 53, 0, 1.63%, 0, 0, 9, 2879.12, 1065, 78608027
1602411439, 13, 206, 579, 52, 0, 1.63%, 0, 0, 9, 2497.86, 1065, 78852834
1602411485, 13, 277, 579, 51, 0, 1.63%, 0, 0, 9, 2586.10, 1065, 78968001
1602411597, 13, 280, 579, 50, 0, 1.63%, 0, 0, 9, 2096.52, 1065, 79215890
1602411719, 13, 342, 579, 49, 0, 1.63%, 0, 0, 9, 1582.83, 1065, 79461707
1602411933, 13, 343, 579, 48, 0, 1.63%, 0, 0, 9, 1382.95, 1065, 79706699
1602412101, 13, 396, 579, 47, 0, 1.63%, 0, 0, 9, 1485.86, 1065, 79949410
1602412361, 13, 435, 579, 46, 0, 1.63%, 0, 0, 9, 1835.89, 1065, 80204159
1602412397, 13, 437, 579, 45, 0, 1.63%, 0, 0, 9, 2284.37, 1065, 80297703
1602412432, 13, 482, 579, 44, 0, 1.63%, 0, 0, 9, 2142.05, 1065, 80388467
1602412855, 13, 490, 579, 43, 0, 1.63%, 0, 0, 9, 2881.82, 1065, 80644447
1602412885, 13, 497, 579, 42, 0, 1.63%, 0, 0, 9, 1375.36, 1065, 80723465
1602413022, 13, 579, 580, 42, 0, 1.63%, 0, 0, 9, 1807.88, 1065, 80875282
1602414776, 14, 234, 582, 43, 1, 1.63%, 0, 0, 10, 2513.78, 1067, 84179164
1602414929, 14, 581, 583, 43, 1, 1.63%, 0, 0, 10, 1838.57, 1067, 84430693
1602414934, 14, 581, 584, 44, 1, 1.63%, 0, 0, 10, 1902.95, 1067, 84440712
1602414985, 14, 581, 585, 45, 1, 1.63%, 0, 0, 10, 2757.17, 1067, 84561217
1602414995, 14, 583, 588, 47, 1, 1.63%, 0, 0, 10, 2702.78, 1067, 84584312
1602415010, 14, 583, 589, 48, 1, 1.63%, 0, 0, 10, 3038.26, 1067, 84631746
1602415015, 14, 586, 589, 47, 1, 1.63%, 0, 0, 10, 3131.05, 1067, 84647711
1602415030, 14, 588, 589, 46, 0, 1.63%, 0, 0, 10, 3218.71, 1067, 84696181
1602415051, 15, 44, 589, 45, 0, 1.63%, 0, 0, 10, 3265.47, 1067, 84761485
1602415056, 15, 113, 589, 44, 0, 1.63%, 0, 0, 10, 2781.71, 1067, 84776116
1602415148, 15, 121, 589, 43, 0, 1.63%, 0, 0, 10, 2441.68, 1067, 85013011
1602415153, 15, 222, 589, 43, 0, 1.63%, 0, 0, 10, 2114.00, 1067, 85024790
1602415300, 15, 589, 591, 44, 1, 1.63%, 0, 0, 10, 2038.46, 1068, 85274705
1602415525, 15, 590, 591, 43, 0, 1.63%, 0, 0, 10, 2389.01, 1068, 85751375
1602415714, 15, 591, 593, 44, 0, 1.63%, 0, 0, 10, 2122.07, 1068, 86234524
1602415740, 15, 591, 594, 45, 0, 1.63%, 0, 0, 10, 1085.13, 1068, 86261260
1602419544, 15, 591, 595, 46, 0, 1.63%, 0, 0, 10, 1724.88, 1068, 90373301
1602422572, 16, 24, 596, 46, 0, 1.63%, 0, 0, 10, 1542.54, 1068, 93757795
1602422577, 16, 56, 596, 46, 0, 1.63%, 0, 0, 10, 2896.64, 1068, 93774494
1602422582, 16, 127, 596, 45, 0, 1.63%, 0, 0, 10, 3177.78, 1068, 93790805
1602422587, 16, 233, 596, 45, 0, 1.63%, 0, 0, 10, 2155.20, 1068, 93801712
1602422730, 16, 345, 596, 44, 0, 1.63%, 0, 0, 10, 2202.47, 1068, 94047056
1602422806, 16, 357, 596, 43, 0, 1.63%, 0, 0, 10, 1370.86, 1068, 94199588
1602422928, 16, 367, 596, 42, 0, 1.63%, 0, 0, 10, 1426.27, 1068, 94374630
1602422959, 16, 525, 596, 41, 0, 1.63%, 0, 0, 10, 3039.87, 1068, 94465416
1602422995, 16, 580, 596, 40, 0, 1.63%, 0, 0, 10, 2453.88, 1068, 94569488
1602425683, 17, 58, 596, 39, 0, 1.63%, 0, 0, 10, 2653.08, 1068, 99101235
1602425688, 17, 157, 596, 39, 0, 1.63%, 0, 0, 10, 2692.92, 1068, 99116170
1602425779, 17, 231, 596, 38, 0, 1.63%, 0, 0, 10, 2580.21, 1068, 99355308
1602425962, 17, 271, 596, 37, 0, 1.63%, 0, 0, 10, 1779.94, 1068, 99607312
1602426089, 17, 446, 596, 36, 0, 1.63%, 0, 0, 10, 2137.61, 1068, 99853605
1602426145, 17, 448, 596, 35, 0, 1.63%, 0, 0, 10, 2018.33, 1068, 99975938
1602426201, 17, 536, 596, 34, 0, 1.63%, 0, 0, 10, 2245.00, 1068, 100095332
1602426206, 17, 587, 596, 34, 0, 1.63%, 0, 0, 10, 2966.38, 1068, 100111701
1602426222, 17, 593, 596, 33, 0, 1.63%, 0, 0, 10, 2684.15, 1068, 100157421
1602434316, 18, 42, 596, 32, 0, 1.63%, 0, 0, 10, 2020.00, 1068, 108672218
1602434322, 18, 187, 596, 32, 0, 1.63%, 0, 0, 10, 2760.59, 1068, 108687710
1602434352, 18, 301, 596, 31, 0, 1.63%, 0, 0, 10, 1602.81, 1068, 108771267
1602434633, 18, 316, 596, 30, 0, 1.63%, 0, 0, 10, 1715.89, 1068, 109017962
1602434668, 18, 321, 596, 29, 0, 1.63%, 0, 0, 10, 2611.33, 1068, 109117740
1602434703, 18, 340, 596, 28, 0, 1.63%, 0, 0, 10, 2586.31, 1068, 109213528
1602434967, 18, 421, 596, 27, 0, 1.63%, 0, 0, 10, 1827.41, 1068, 109462138
1602434998, 18, 447, 596, 26, 0, 1.63%, 0, 0, 10, 414.41, 1068, 109545773
1602435466, 18, 484, 596, 25, 0, 1.63%, 0, 0, 10, 3130.00, 1068, 109787506
1602435471, 18, 563, 596, 25, 0, 1.63%, 0, 0, 10, 2298.26, 1068, 109798597
1602437037, 18, 564, 596, 24, 0, 1.63%, 0, 0, 10, 2770.36, 1068, 112894590
1602437053, 18, 578, 596, 23, 0, 1.63%, 0, 0, 10, 3221.75, 1068, 112943862
1602437068, 18, 582, 596, 22, 0, 1.63%, 0, 0, 10, 3169.17, 1068, 112993416
1602437094, 18, 585, 596, 21, 0, 1.63%, 0, 0, 10, 3226.13, 1068, 113073957
1602437109, 18, 596, 597, 21, 1, 1.65%, 0, 0, 10, 3234.03, 1080, 113123635
1602437125, 19, 219, 597, 20, 0, 1.65%, 0, 0, 10, 3262.02, 1080, 113173123
1602437216, 19, 290, 597, 19, 0, 1.65%, 0, 0, 10, 1754.02, 1080, 113354164
1602437404, 19, 365, 597, 18, 0, 1.65%, 0, 0, 10, 2432.73, 1080, 113609357
1602437429, 19, 373, 597, 17, 0, 1.65%, 0, 0, 10, 2946.60, 1080, 113684009
1602437465, 19, 376, 597, 16, 0, 1.65%, 0, 0, 10, 2692.91, 1080, 113779228
1602437500, 19, 594, 597, 15, 0, 1.65%, 0, 0, 10, 2384.05, 1080, 113875943
1602442930, 19, 596, 597, 14, 0, 1.65%, 0, 0, 10, 1383.54, 1080, 120672894
1602442935, 20, 21, 597, 14, 0, 1.65%, 0, 0, 10, 2420.51, 1080, 120687091
1602443026, 20, 42, 597, 13, 0, 1.65%, 0, 0, 10, 2621.24, 1080, 120922510
1602443031, 20, 178, 598, 14, 0, 1.65%, 0, 0, 10, 2205.17, 1080, 120934878
1602443251, 20, 443, 598, 13, 0, 1.65%, 0, 0, 10, 1756.40, 1080, 121184861
1602443608, 20, 491, 598, 12, 0, 1.65%, 0, 0, 10, 2885.00, 1080, 121428152
1602443613, 20, 527, 598, 12, 0, 1.65%, 0, 0, 10, 2832.81, 1080, 121442842
1602443639, 20, 556, 598, 11, 0, 1.65%, 0, 0, 10, 3099.89, 1080, 121519318
1602443644, 20, 592, 598, 11, 0, 1.65%, 0, 0, 10, 2097.75, 1080, 121529326
1602445400, 21, 143, 598, 10, 0, 1.65%, 0, 0, 10, 2897.42, 1080, 124410470
1602445405, 21, 389, 598, 10, 0, 1.65%, 0, 0, 10, 2454.71, 1080, 124423736
1602445471, 22, 11, 598, 9, 0, 1.65%, 0, 0, 10, 2846.75, 1080, 124571807
1602445476, 22, 500, 598, 9, 0, 1.65%, 0, 0, 10, 3286.42, 1080, 124589330
1602445481, 22, 570, 598, 9, 0, 1.65%, 0, 0, 10, 2058.64, 1080, 124599557
1602446006, 22, 597, 598, 8, 0, 1.65%, 0, 0, 10, 1679.27, 1080, 125280241
1602446011, 22, 597, 599, 9, 0, 1.65%, 0, 0, 10, 1045.33, 1080, 125285372
