# unix_time, cycles_done, cur_path, paths_total, pending_total, pending_favs, map_size, unique_crashes, unique_hangs, max_depth, execs_per_sec, edge_coverage, total_execs
1602189259, 0, 0, 1, 1, 1, 2.09%, 0, 0, 1, 68.38 0 8
1602189264, 0, 0, 11, 11, 1, 2.11%, 0, 0, 2, 70.48 1385 2134
1602189269, 0, 0, 32, 32, 1, 2.24%, 0, 0, 2, 90.95 1470 2645
1602189274, 0, 0, 59, 59, 1, 2.41%, 0, 0, 2, 102.52 1579 3168
1602189279, 0, 0, 162, 162, 1, 2.61%, 0, 0, 2, 216.33 1712 4480
1602189284, 0, 0, 241, 241, 1, 2.67%, 0, 0, 2, 268.35 1747 5910
1602189290, 0, 0, 270, 270, 1, 2.68%, 0, 0, 2, 268.84 1756 7340
1602189295, 0, 0, 292, 292, 1, 2.70%, 0, 0, 2, 227.31 1771 8463
1602189300, 0, 0, 320, 320, 1, 2.75%, 0, 0, 2, 199.95 1804 9345
1602189305, 0, 0, 350, 350, 1, 2.75%, 0, 0, 2, 286.31 1805 10940
1602189310, 0, 0, 376, 376, 1, 2.76%, 0, 0, 2, 251.44 1811 12182
1602189315, 0, 0, 393, 393, 1, 2.76%, 0, 0, 2, 251.00 1811 13534
1602189320, 0, 0, 410, 410, 1, 2.77%, 0, 0, 2, 199.72 1816 14541
1602189325, 0, 0, 418, 418, 1, 2.77%, 0, 0, 2, 218.69 1818 15706
1602189330, 0, 0, 433, 433, 1, 2.78%, 0, 0, 2, 197.69 1820 16624
1602189335, 0, 0, 448, 448, 1, 2.78%, 0, 0, 2, 224.51 1821 17774
1602189341, 0, 0, 461, 461, 1, 2.78%, 0, 0, 2, 244.39 1821 19086
1602189346, 0, 0, 470, 470, 1, 2.78%, 0, 0, 2, 236.00 1822 20234
1602189351, 0, 0, 475, 475, 1, 2.78%, 0, 0, 2, 231.38 1822 21386
1602189356, 0, 0, 486, 486, 1, 2.79%, 0, 0, 2, 216.70 1826 22430
1602189361, 0, 0, 491, 491, 1, 2.79%, 0, 0, 2, 231.44 1826 23630
1602189366, 0, 0, 494, 494, 1, 2.79%, 0, 0, 2, 174.50 1827 24564
1602189371, 0, 0, 495, 495, 1, 2.79%, 0, 0, 2, 136.04 1827 25232
1602189392, 0, 0, 496, 496, 1, 2.79%, 0, 0, 2, 97.07 1827 27048
1602189427, 0, 0, 497, 497, 1, 2.79%, 0, 0, 2, 109.75 1827 31154
1602189442, 0, 0, 498, 498, 1, 2.79%, 0, 0, 2, 105.34 1827 32748
1602189483, 0, 0, 499, 499, 1, 2.79%, 0, 0, 2, 95.14 1827 36789
1602189488, 0, 0, 501, 501, 1, 2.79%, 0, 0, 2, 98.06 1827 37321
1602189504, 0, 0, 502, 502, 1, 2.79%, 0, 0, 2, 108.75 1827 38936
1602189519, 0, 0, 503, 503, 1, 2.79%, 0, 0, 2, 89.84 1827 40312
1602189529, 0, 0, 504, 504, 1, 2.79%, 0, 0, 2, 106.52 1827 41422
1602189545, 0, 0, 505, 505, 1, 2.79%, 0, 0, 2, 103.78 1827 42996
1602189560, 0, 0, 506, 506, 1, 2.79%, 0, 0, 2, 93.32 1827 44543
1602189601, 0, 0, 507, 507, 1, 2.79%, 0, 0, 2, 93.28 1827 48433
1602189606, 0, 0, 508, 508, 1, 2.79%, 0, 0, 2, 97.22 1827 48917
1602189632, 0, 0, 509, 509, 1, 2.79%, 0, 0, 2, 110.57 1827 51716
1602189647, 0, 0, 510, 510, 1, 2.79%, 0, 0, 2, 98.29 1827 53232
1602189652, 0, 0, 511, 511, 1, 2.79%, 0, 0, 2, 100.40 1827 53780
1602189769, 0, 0, 512, 512, 1, 2.79%, 0, 0, 2, 115.82 1827 66180
1602189815, 0, 0, 513, 513, 1, 2.79%, 0, 0, 2, 99.33 1827 70776
1602189825, 0, 0, 514, 514, 1, 2.79%, 0, 0, 2, 109.86 1827 71814
1602189860, 0, 0, 515, 515, 1, 2.79%, 0, 0, 2, 119.20 1827 75480
1602189876, 0, 0, 516, 516, 1, 2.79%, 0, 0, 2, 125.02 1827 77374
1602189921, 0, 0, 517, 517, 1, 2.80%, 0, 0, 2, 109.85 1835 82484
1602189937, 0, 0, 518, 518, 1, 2.80%, 0, 0, 2, 103.54 1836 84120
1602189952, 0, 0, 521, 521, 1, 2.80%, 0, 0, 2, 105.16 1837 85710
1602189982, 0, 0, 522, 522, 1, 2.80%, 0, 0, 2, 107.86 1837 89056
1602189998, 0, 0, 523, 523, 1, 2.80%, 0, 0, 2, 117.26 1837 90874
1602190018, 0, 0, 524, 524, 1, 2.80%, 0, 0, 2, 89.90 1837 92844
1602190034, 0, 0, 525, 525, 1, 2.81%, 0, 0, 2, 81.88 1844 94191
1602190049, 0, 0, 528, 528, 1, 2.81%, 0, 0, 2, 102.19 1844 95582
1602190121, 0, 0, 529, 529, 1, 2.81%, 0, 0, 2, 100.21 1844 102231
1602190162, 0, 0, 530, 530, 1, 2.81%, 0, 0, 2, 107.23 1844 106376
1602190198, 0, 0, 531, 531, 1, 2.81%, 0, 0, 2, 100.40 1844 110018
1602190228, 0, 0, 532, 532, 1, 2.81%, 0, 0, 2, 86.78 1844 112856
1602190243, 0, 0, 533, 533, 1, 2.81%, 0, 0, 2, 100.25 1844 114396
1602190274, 0, 0, 534, 534, 1, 2.81%, 0, 0, 2, 103.24 1844 117202
1602190299, 0, 0, 537, 537, 1, 2.82%, 0, 0, 2, 93.49 1847 119752
1602190320, 0, 0, 540, 540, 1, 2.84%, 0, 0, 2, 98.81 1864 121790
1602190340, 0, 0, 541, 541, 1, 2.84%, 0, 0, 2, 94.58 1864 123789
1602190355, 0, 0, 542, 542, 1, 2.84%, 0, 0, 2, 101.32 1864 125340
1602190371, 0, 0, 544, 544, 1, 2.85%, 0, 0, 2, 97.21 1866 126877
1602190376, 0, 0, 545, 545, 1, 2.85%, 0, 0, 2, 100.26 1866 127386
1602190381, 0, 0, 546, 546, 1, 2.86%, 0, 0, 2, 107.97 1872 127930
1602190386, 0, 0, 547, 547, 1, 2.86%, 0, 0, 2, 105.88 1872 128472
1602190391, 0, 0, 558, 558, 1, 2.86%, 0, 0, 2, 104.61 1877 129008
1602190396, 0, 0, 580, 580, 1, 2.87%, 0, 0, 2, 93.54 1878 129472
1602190401, 0, 0, 607, 607, 1, 2.87%, 0, 0, 2, 93.33 1878 129930
1602190406, 0, 0, 629, 629, 1, 2.88%, 0, 0, 2, 91.46 1890 130401
1602190411, 0, 0, 647, 647, 1, 2.89%, 0, 0, 2, 97.25 1892 130901
1602190416, 0, 0, 660, 660, 1, 2.89%, 0, 0, 2, 98.21 1894 131396
1602190421, 0, 0, 663, 663, 1, 2.89%, 0, 0, 2, 111.48 1895 131988
1602190427, 0, 0, 687, 687, 1, 2.89%, 0, 0, 2, 82.11 1895 132362
1602190432, 0, 0, 702, 702, 1, 2.89%, 0, 0, 2, 77.76 1895 132761
1602190437, 0, 0, 713, 713, 1, 2.89%, 0, 0, 2, 73.37 1895 133132
1602190442, 0, 0, 717, 717, 1, 2.89%, 0, 0, 2, 72.64 1895 133513
1602190447, 0, 0, 721, 721, 1, 2.89%, 0, 0, 2, 76.80 1895 133924
1602190452, 0, 0, 724, 724, 1, 2.89%, 0, 0, 2, 79.99 1895 134325
1602190457, 0, 0, 728, 728, 1, 2.89%, 0, 0, 2, 78.80 1895 134720
1602190463, 0, 0, 730, 730, 1, 2.89%, 0, 0, 2, 75.26 1895 135101
1602190498, 0, 0, 732, 732, 1, 2.89%, 0, 0, 2, 94.23 1895 138388
1602190504, 0, 0, 733, 733, 1, 2.89%, 0, 0, 2, 105.91 1895 138922
1602190509, 0, 0, 734, 734, 1, 2.89%, 0, 0, 2, 108.83 1895 139452
1602190519, 0, 0, 735, 735, 1, 2.89%, 0, 0, 2, 104.48 1895 140500
1602190534, 0, 0, 736, 736, 1, 2.89%, 0, 0, 2, 100.13 1895 142078
1602190539, 0, 0, 738, 738, 1, 2.92%, 0, 0, 2, 101.45 1912 142586
1602190554, 0, 0, 740, 740, 1, 2.92%, 0, 0, 2, 105.17 1912 144184
1602190580, 0, 0, 742, 742, 1, 2.92%, 0, 0, 2, 98.00 1912 146594
1602190585, 0, 0, 743, 743, 1, 2.92%, 0, 0, 2, 98.42 1912 147112
1602190590, 0, 0, 744, 744, 1, 2.92%, 0, 0, 2, 94.06 1912 147607
1602190595, 0, 0, 745, 745, 1, 2.92%, 0, 0, 2, 96.72 1912 148091
1602190606, 0, 0, 746, 746, 1, 2.92%, 0, 0, 2, 89.36 1912 149057
1602190616, 0, 0, 747, 747, 1, 2.92%, 0, 0, 2, 102.71 1912 150062
1602190631, 0, 0, 748, 748, 1, 2.92%, 0, 0, 2, 95.21 1912 151522
1602190662, 0, 0, 749, 749, 1, 2.92%, 0, 0, 2, 96.34 1912 154476
1602190703, 0, 0, 750, 750, 1, 2.92%, 0, 0, 2, 95.45 1913 158379
1602190729, 0, 0, 751, 751, 1, 2.93%, 0, 0, 2, 96.35 1918 160859
1602190749, 0, 0, 753, 753, 1, 2.93%, 0, 0, 2, 95.36 1918 162825
1602190765, 0, 0, 754, 754, 1, 2.93%, 0, 0, 2, 95.27 1920 164260
1602190770, 0, 0, 755, 755, 1, 2.93%, 0, 0, 2, 93.94 1920 164743
1602190796, 0, 0, 756, 756, 1, 2.93%, 0, 0, 2, 102.00 1922 167238
1602190832, 0, 0, 757, 757, 1, 2.93%, 0, 0, 2, 94.99 1922 170568
1602190837, 0, 0, 758, 758, 1, 2.93%, 0, 0, 2, 94.58 1922 171046
1602190842, 0, 0, 759, 759, 1, 2.93%, 0, 0, 2, 94.52 1922 171530
1602190847, 0, 0, 760, 760, 1, 2.93%, 0, 0, 2, 89.02 1922 171980
1602190868, 0, 0, 761, 761, 1, 2.93%, 0, 0, 2, 95.67 1922 173942
1602190888, 0, 0, 762, 762, 1, 2.93%, 0, 0, 2, 97.40 1922 175987
1602190898, 0, 0, 763, 763, 1, 2.93%, 0, 0, 2, 93.64 1922 176945
1602190919, 0, 0, 764, 764, 1, 2.93%, 0, 0, 2, 102.96 1922 178946
1602190945, 0, 0, 765, 765, 1, 2.93%, 0, 0, 2, 97.84 1923 181432
1602191144, 0, 0, 766, 766, 1, 2.93%, 0, 0, 2, 76.68 1923 196269
1602191309, 0, 0, 766, 766, 1, 2.93%, 1, 0, 2, 67.89 1923 207955
1602191479, 0, 0, 767, 767, 1, 2.94%, 1, 0, 2, 69.74 1926 219960
1602191545, 0, 0, 768, 768, 1, 2.94%, 1, 0, 2, 73.60 1928 224764
1602191628, 0, 0, 769, 769, 1, 2.95%, 1, 0, 2, 67.96 1933 230390
1602191648, 0, 0, 770, 770, 1, 2.96%, 1, 0, 2, 70.11 1940 231805
1602191674, 0, 0, 771, 771, 1, 2.97%, 1, 0, 2, 69.01 1946 233586
1602191705, 0, 0, 772, 772, 1, 2.97%, 1, 0, 2, 69.65 1948 235676
1602191710, 0, 0, 773, 773, 1, 2.97%, 1, 0, 2, 71.95 1948 236048
1602191735, 0, 0, 774, 774, 1, 2.98%, 1, 0, 2, 76.76 1950 237898
1602191859, 0, 0, 775, 775, 1, 2.98%, 1, 0, 2, 77.83 1950 246700
1602191864, 0, 0, 776, 776, 1, 2.98%, 1, 0, 2, 71.61 1955 247063
1602191885, 0, 0, 778, 778, 1, 2.99%, 1, 0, 2, 77.39 1957 248616
1602191890, 0, 0, 779, 779, 1, 2.99%, 1, 0, 2, 73.61 1957 248999
1602191911, 0, 0, 780, 780, 1, 2.99%, 1, 0, 2, 73.52 1957 250521
1602191921, 0, 0, 781, 781, 1, 2.99%, 1, 0, 2, 74.22 1957 251249
1602191936, 0, 0, 782, 782, 1, 2.99%, 1, 0, 2, 70.91 1958 252331
1602191962, 0, 0, 784, 784, 1, 2.99%, 1, 0, 2, 76.89 1958 254195
1602192070, 0, 0, 785, 785, 1, 2.99%, 1, 0, 2, 73.57 1958 261992
1602192085, 0, 0, 786, 786, 1, 3.00%, 1, 0, 2, 76.26 1963 263174
1602192106, 0, 0, 787, 787, 1, 3.00%, 1, 0, 2, 73.61 1965 264663
1602192147, 0, 0, 788, 788, 1, 3.02%, 1, 0, 2, 71.02 1976 267543
1602192172, 0, 0, 789, 789, 1, 3.02%, 1, 0, 2, 74.79 1976 269353
1602192301, 0, 0, 790, 790, 1, 3.02%, 1, 0, 2, 77.49 1976 278841
1602192337, 0, 0, 791, 791, 1, 3.02%, 1, 0, 2, 82.59 1976 281621
1602192409, 0, 0, 793, 793, 1, 3.02%, 1, 0, 2, 73.39 1976 287020
1602192445, 0, 0, 794, 794, 1, 3.02%, 1, 0, 2, 74.16 1980 289574
1602192672, 0, 0, 795, 795, 1, 3.02%, 1, 0, 2, 79.62 1982 306650
1602192687, 0, 0, 797, 797, 1, 3.03%, 1, 0, 2, 81.58 1983 307869
1602192749, 0, 0, 798, 798, 1, 3.03%, 1, 0, 2, 78.25 1985 312530
1602192785, 0, 0, 799, 799, 1, 3.03%, 1, 0, 2, 72.49 1985 315220
1602192800, 0, 0, 800, 800, 1, 3.03%, 1, 0, 2, 84.41 1985 316453
1602192811, 0, 0, 801, 801, 1, 3.04%, 1, 0, 2, 85.06 1991 317306
1602192852, 0, 0, 802, 802, 1, 3.04%, 1, 0, 2, 83.74 1991 320690
1602192862, 0, 0, 807, 807, 1, 3.04%, 1, 0, 2, 92.46 1991 321598
1602192867, 0, 0, 808, 808, 1, 3.04%, 1, 0, 2, 98.70 1993 322116
1602192883, 0, 0, 809, 809, 1, 3.04%, 1, 0, 2, 96.00 1993 323557
1602192898, 0, 0, 810, 810, 1, 3.05%, 1, 0, 2, 95.46 1996 325029
1602192919, 0, 0, 811, 811, 1, 3.05%, 1, 0, 2, 94.89 1999 327028
1602192944, 0, 0, 813, 813, 1, 3.05%, 1, 0, 2, 95.65 1999 329502
1602192980, 0, 0, 814, 814, 1, 3.05%, 1, 0, 2, 89.85 1999 332715
1602192995, 0, 0, 815, 815, 1, 3.05%, 1, 0, 2, 90.88 1999 334081
1602193021, 0, 0, 816, 816, 1, 3.05%, 1, 0, 2, 96.17 1999 336454
1602193026, 0, 0, 817, 817, 1, 3.05%, 1, 0, 2, 97.62 1999 336953
1602193047, 0, 0, 818, 818, 1, 3.05%, 1, 0, 2, 92.05 1999 338860
1602193052, 0, 0, 819, 819, 1, 3.05%, 1, 0, 2, 92.27 1999 339330
1602193057, 0, 0, 820, 820, 1, 3.05%, 1, 0, 2, 93.33 1999 339809
1602193062, 0, 0, 821, 821, 1, 3.05%, 1, 0, 2, 93.47 1999 340288
1602193067, 0, 0, 823, 823, 1, 3.05%, 1, 0, 2, 90.79 2000 340751
1602193124, 0, 0, 825, 825, 1, 3.05%, 1, 0, 2, 95.13 2001 345955
1602193129, 0, 0, 826, 826, 1, 3.05%, 1, 0, 2, 95.96 2001 346447
1602193154, 0, 0, 827, 827, 1, 3.05%, 1, 0, 2, 90.06 2002 348681
1602193160, 0, 0, 828, 828, 1, 3.05%, 1, 0, 2, 88.16 2002 349134
1602193165, 0, 0, 829, 829, 1, 3.05%, 1, 0, 2, 91.82 2002 349607
1602193175, 0, 0, 830, 830, 1, 3.05%, 1, 0, 2, 88.21 2002 350518
1602193185, 0, 0, 832, 832, 1, 3.05%, 1, 0, 2, 91.22 2002 351437
1602193206, 0, 0, 833, 833, 1, 3.05%, 1, 0, 2, 92.04 2002 353319
1602193242, 0, 0, 836, 836, 1, 3.05%, 1, 0, 2, 91.94 2002 356646
1602193267, 0, 0, 837, 837, 1, 3.06%, 1, 0, 2, 90.24 2003 358950
1602193278, 0, 0, 838, 838, 1, 3.06%, 1, 0, 2, 89.60 2003 359879
1602193283, 0, 0, 839, 839, 1, 3.06%, 1, 0, 2, 92.45 2003 360359
1602193349, 0, 0, 840, 840, 1, 3.06%, 1, 0, 2, 93.24 2003 366397
1602193390, 0, 0, 842, 842, 1, 3.06%, 1, 0, 2, 92.59 2005 370113
1602193411, 0, 0, 843, 843, 1, 3.06%, 1, 0, 2, 90.92 2005 371978
1602193457, 0, 0, 844, 844, 1, 3.06%, 1, 0, 2, 90.15 2005 376235
1602193483, 0, 0, 845, 845, 1, 3.06%, 1, 0, 2, 89.66 2008 378513
1602193493, 0, 0, 846, 846, 1, 3.06%, 1, 0, 2, 90.07 2008 379434
1602193549, 0, 0, 847, 847, 1, 3.06%, 1, 0, 2, 87.39 2008 384389
1602193606, 0, 0, 848, 848, 1, 3.07%, 1, 0, 2, 85.58 2011 389231
1602193642, 0, 0, 849, 849, 1, 3.07%, 1, 0, 2, 88.05 2011 392325
1602193647, 0, 0, 850, 850, 1, 3.07%, 1, 0, 2, 87.73 2011 392772
1602193693, 0, 0, 851, 851, 1, 3.07%, 1, 0, 2, 85.72 2011 396787
1602193704, 0, 0, 852, 852, 1, 3.07%, 1, 0, 2, 86.10 2012 397663
1602193724, 0, 0, 853, 853, 1, 3.07%, 1, 0, 2, 83.37 2012 399438
1602193735, 0, 0, 855, 855, 1, 3.07%, 1, 0, 2, 84.32 2012 400310
1602193745, 0, 0, 856, 856, 1, 3.07%, 1, 0, 2, 83.74 2014 401188
1602193812, 0, 0, 857, 857, 1, 3.07%, 1, 0, 2, 85.62 2014 406929
1602193843, 0, 0, 858, 858, 1, 3.07%, 1, 0, 2, 84.55 2014 409523
1602193915, 0, 0, 859, 859, 1, 3.07%, 1, 0, 2, 79.71 2014 415531
1602193971, 0, 0, 860, 860, 1, 3.07%, 1, 0, 2, 84.97 2014 420319
1602193981, 0, 0, 861, 861, 1, 3.07%, 1, 0, 2, 85.44 2014 421203
1602194028, 0, 0, 862, 862, 1, 3.07%, 1, 0, 2, 84.71 2014 425071
1602194059, 0, 0, 863, 863, 1, 3.07%, 1, 0, 2, 83.63 2014 427639
1602194074, 0, 0, 864, 864, 1, 3.07%, 1, 0, 2, 80.63 2015 428895
1602194079, 0, 0, 865, 865, 1, 3.07%, 1, 0, 2, 86.81 2015 429341
1602194167, 0, 0, 866, 866, 1, 3.07%, 1, 0, 2, 83.22 2015 436682
1602194177, 0, 0, 867, 867, 1, 3.07%, 1, 0, 2, 86.36 2015 437544
1602194203, 0, 0, 868, 868, 1, 3.07%, 1, 0, 2, 82.03 2015 439638
1602194213, 0, 0, 869, 869, 1, 3.07%, 1, 0, 2, 83.06 2015 440492
1602194347, 0, 0, 870, 870, 1, 3.07%, 1, 0, 2, 80.53 2015 451492
1602194357, 0, 0, 871, 871, 1, 3.08%, 1, 0, 2, 83.39 2016 452358
1602194496, 0, 0, 872, 872, 1, 3.08%, 1, 0, 2, 82.38 2019 463740
1602194903, 0, 0, 873, 873, 1, 3.08%, 1, 0, 2, 75.95 2021 495631
1602194991, 0, 0, 876, 876, 1, 3.09%, 1, 0, 2, 98.73 2023 502458
1602194996, 0, 0, 886, 886, 1, 3.09%, 1, 0, 2, 136.87 2027 503092
1602195001, 0, 0, 892, 892, 1, 3.09%, 1, 0, 2, 256.52 2027 504588
1602195016, 0, 0, 893, 893, 1, 3.09%, 1, 0, 2, 279.43 2027 508566
1602195021, 0, 0, 895, 895, 1, 3.09%, 1, 0, 2, 266.14 2027 509877
1602195031, 0, 0, 896, 896, 1, 3.09%, 1, 0, 2, 255.01 2027 512385
1602195036, 0, 0, 898, 898, 1, 3.09%, 1, 0, 2, 234.06 2027 513506
1602195041, 0, 0, 899, 899, 1, 3.09%, 1, 0, 2, 253.75 2027 514764
1602195047, 0, 0, 900, 900, 1, 3.09%, 1, 0, 2, 253.54 2027 516057
1602195052, 0, 0, 901, 901, 1, 3.09%, 1, 0, 2, 241.70 2027 517250
1602195072, 0, 0, 903, 903, 1, 3.09%, 1, 0, 2, 158.33 2027 521621
1602195280, 0, 0, 904, 904, 1, 3.09%, 1, 0, 2, 109.01 2027 544678
1602195483, 0, 0, 905, 905, 1, 3.09%, 1, 0, 2, 114.02 2027 568222
1602195926, 0, 0, 906, 906, 1, 3.09%, 1, 0, 2, 99.10 2027 616070
1602195982, 0, 0, 907, 907, 1, 3.09%, 1, 0, 2, 105.82 2027 621962
1602196013, 0, 0, 911, 911, 1, 3.09%, 1, 0, 2, 123.05 2027 625400
1602196018, 0, 0, 912, 912, 1, 3.09%, 1, 0, 2, 122.38 2027 626038
1602196028, 0, 0, 914, 914, 1, 3.09%, 1, 0, 2, 112.02 2027 627232
1602196033, 0, 0, 915, 915, 1, 3.09%, 1, 0, 2, 87.29 2027 627659
1602196043, 0, 0, 916, 916, 1, 3.09%, 1, 0, 2, 85.58 2027 628509
1602196064, 0, 0, 917, 917, 1, 3.09%, 1, 0, 2, 78.99 2027 630163
1602196105, 0, 0, 917, 917, 1, 3.09%, 2, 0, 2, 108.54 2027 634218
1602196140, 0, 0, 918, 918, 1, 3.09%, 2, 0, 2, 105.62 2027 638088
1602196171, 0, 0, 919, 919, 1, 3.09%, 2, 0, 2, 102.56 2027 641244
1602196176, 0, 0, 920, 920, 1, 3.09%, 2, 0, 2, 101.22 2027 641782
1602196791, 0, 0, 921, 921, 1, 3.09%, 2, 0, 2, 69.94 2027 696448
1602196873, 0, 0, 921, 921, 1, 3.09%, 3, 0, 2, 68.45 2027 702464
1602198441, 0, 0, 922, 922, 1, 3.09%, 3, 0, 2, 73.20 2027 750199
1602199135, 0, 0, 923, 923, 1, 3.09%, 3, 0, 2, 75.00 2027 801021
1602199592, 0, 0, 924, 924, 1, 3.09%, 3, 0, 2, 90.58 2027 840070
1602199705, 0, 0, 925, 925, 1, 3.09%, 3, 0, 2, 89.76 2027 850068
1602199849, 0, 0, 926, 926, 1, 3.09%, 3, 0, 2, 92.69 2027 862807
1602199859, 0, 0, 927, 927, 1, 3.09%, 3, 0, 2, 93.50 2027 863759
1602199879, 0, 0, 928, 928, 1, 3.10%, 3, 0, 2, 90.20 2029 865647
1602200290, 0, 0, 929, 929, 1, 3.10%, 3, 0, 2, 86.98 2029 901893
1602200403, 0, 0, 930, 930, 1, 3.10%, 3, 0, 2, 87.10 2029 911578
1602200593, 0, 0, 931, 931, 1, 3.10%, 3, 0, 2, 85.91 2029 927672
1602200727, 0, 0, 932, 932, 1, 3.10%, 3, 0, 2, 86.53 2029 938905
1602201422, 0, 0, 933, 933, 1, 3.10%, 3, 0, 2, 76.42 2029 995357
1602201432, 0, 0, 935, 935, 1, 3.10%, 3, 0, 2, 97.94 2031 996314
1602201437, 0, 0, 944, 944, 1, 3.11%, 3, 0, 2, 253.34 2038 997689
1602201453, 0, 0, 946, 946, 1, 3.11%, 3, 0, 2, 268.96 2038 1001941
1602201473, 0, 0, 948, 948, 1, 3.11%, 3, 0, 2, 244.46 2038 1007293
1602201478, 0, 0, 949, 949, 1, 3.11%, 3, 0, 2, 259.02 2038 1008620
1602201646, 0, 0, 950, 950, 1, 3.11%, 3, 0, 2, 130.35 2038 1034347
1602201651, 0, 0, 951, 951, 1, 3.11%, 3, 0, 2, 123.82 2038 1034943
1602201666, 0, 0, 952, 952, 1, 3.11%, 3, 0, 2, 123.78 2038 1036841
1602201829, 0, 0, 953, 953, 1, 3.11%, 3, 0, 2, 129.06 2038 1059259
1602201860, 0, 0, 954, 954, 1, 3.11%, 3, 0, 2, 127.94 2038 1063061
1602202315, 0, 0, 958, 958, 1, 3.11%, 3, 0, 2, 135.93 2038 1118943
1602202335, 0, 0, 960, 960, 1, 3.11%, 3, 0, 2, 93.15 2038 1121374
1602202345, 0, 0, 961, 961, 1, 3.11%, 3, 0, 2, 81.77 2038 1122277
1602202356, 0, 0, 962, 962, 1, 3.11%, 3, 0, 2, 80.81 2038 1123175
1602204654, 0, 0, 963, 963, 1, 3.11%, 3, 0, 2, 99.21 2038 1311597
1602204670, 0, 0, 964, 964, 1, 3.11%, 3, 0, 2, 98.56 2038 1313122
1602204690, 0, 0, 965, 965, 1, 3.11%, 3, 0, 2, 96.36 2038 1315151
1602204721, 0, 0, 966, 966, 1, 3.11%, 3, 0, 2, 97.60 2038 1318145
1602204818, 0, 0, 967, 967, 1, 3.11%, 3, 0, 2, 93.08 2038 1327520
1602204906, 0, 0, 968, 968, 1, 3.11%, 3, 0, 2, 88.39 2038 1335577
1602205188, 0, 0, 969, 969, 1, 3.11%, 3, 0, 2, 95.50 2038 1361881
1602205244, 0, 0, 970, 970, 1, 3.11%, 3, 0, 2, 94.50 2038 1367106
1602205382, 0, 0, 971, 971, 1, 3.11%, 3, 0, 2, 89.26 2038 1379708
1602205449, 0, 0, 972, 972, 1, 3.11%, 3, 0, 2, 90.22 2038 1385772
1602205824, 0, 0, 973, 973, 1, 3.11%, 3, 0, 2, 88.96 2038 1419123
1602205957, 0, 0, 974, 974, 1, 3.11%, 3, 0, 2, 89.08 2038 1430756
1602206055, 0, 0, 975, 975, 1, 3.11%, 3, 0, 2, 88.55 2038 1439186
1602206569, 0, 0, 976, 976, 1, 3.11%, 3, 0, 2, 79.14 2038 1481797
1602206768, 0, 0, 977, 977, 1, 3.11%, 3, 0, 2, 128.29 2038 1506076
1602207283, 0, 0, 977, 977, 1, 3.11%, 4, 0, 2, 237.05 2038 1552068
1602207873, 0, 0, 980, 980, 1, 3.11%, 5, 0, 2, 239.26 2038 1613715
1602207878, 0, 0, 981, 981, 1, 3.11%, 5, 0, 2, 240.29 2038 1614999
1602207929, 0, 0, 982, 982, 1, 3.17%, 5, 0, 2, 143.47 2075 1624301
1602208366, 0, 0, 983, 983, 1, 3.17%, 5, 0, 2, 90.29 2075 1667835
1602208381, 0, 0, 984, 984, 1, 3.17%, 5, 0, 2, 87.81 2075 1669205
1602208442, 0, 0, 988, 988, 1, 3.17%, 5, 0, 2, 164.37 2076 1674994
1602208463, 0, 0, 989, 989, 1, 3.17%, 5, 0, 2, 65.31 2076 1676892
1602208468, 0, 0, 992, 992, 1, 3.17%, 5, 0, 2, 93.08 2077 1677381
1602208478, 0, 0, 993, 993, 1, 3.17%, 5, 0, 2, 96.67 2078 1678349
1602208494, 0, 0, 997, 997, 1, 3.19%, 5, 0, 2, 107.93 2092 1679846
1602208499, 0, 0, 1000, 1000, 1, 3.19%, 5, 0, 2, 287.91 2092 1681525
1602208504, 0, 0, 1001, 1001, 1, 3.20%, 5, 0, 2, 297.95 2094 1683108
1602208509, 0, 0, 1008, 1008, 1, 3.20%, 5, 0, 2, 307.29 2094 1684628
1602208534, 0, 0, 1009, 1009, 1, 3.20%, 5, 0, 2, 304.71 2094 1692262
1602208605, 0, 0, 1010, 1010, 1, 3.20%, 5, 0, 2, 307.51 2094 1712130
1602208733, 0, 0, 1011, 1011, 1, 3.20%, 5, 0, 2, 218.83 2094 1747752
1602208819, 0, 0, 1012, 1012, 1, 3.20%, 5, 0, 2, 256.26 2094 1770478
1602208830, 0, 0, 1013, 1013, 1, 3.20%, 5, 0, 2, 229.27 2094 1772864
1602208855, 0, 0, 1014, 1014, 1, 3.20%, 5, 0, 2, 245.99 2094 1779352
1602209217, 0, 0, 1015, 1015, 1, 3.20%, 5, 0, 2, 164.17 2094 1841080
1602214139, 0, 0, 1016, 1016, 1, 3.20%, 5, 0, 2, 129.88 2096 2492554
1602214417, 0, 0, 1017, 1017, 1, 3.20%, 5, 0, 2, 127.93 2096 2527842
1602214422, 0, 0, 1018, 1018, 1, 3.20%, 5, 0, 2, 130.01 2096 2528516
1602214443, 0, 0, 1020, 1020, 1, 3.20%, 5, 0, 2, 129.02 2096 2531388
1602214484, 0, 0, 1021, 1021, 1, 3.20%, 5, 0, 2, 132.32 2096 2537072
1602214530, 0, 0, 1022, 1022, 1, 3.20%, 5, 0, 2, 138.78 2096 2543262
1602214664, 0, 0, 1023, 1023, 1, 3.20%, 5, 0, 2, 85.14 2096 2555624
1602215120, 0, 0, 1024, 1024, 1, 3.20%, 5, 0, 2, 117.54 2096 2607328
1602215263, 0, 0, 1025, 1025, 1, 3.20%, 5, 0, 2, 117.39 2096 2625176
1602215482, 0, 0, 1026, 1026, 1, 3.20%, 5, 0, 2, 113.37 2096 2649896
1602215914, 0, 0, 1027, 1027, 1, 3.20%, 5, 0, 2, 114.85 2096 2698526
1602216439, 0, 0, 1028, 1028, 1, 3.20%, 5, 0, 2, 114.99 2096 2757878
1602219911, 0, 0, 1028, 1028, 1, 3.20%, 6, 0, 2, 73.40 2096 3065652
1602222103, 0, 0, 1029, 1029, 1, 3.20%, 6, 0, 2, 69.35 2096 3227608
1602224535, 0, 0, 1030, 1030, 1, 3.20%, 6, 0, 2, 87.93 2096 3412294
1602225386, 0, 0, 1031, 1031, 1, 3.20%, 6, 0, 2, 91.53 2096 3476174
1602230406, 0, 0, 1032, 1032, 1, 3.20%, 6, 0, 2, 103.25 2096 3856270
1602230631, 0, 0, 1033, 1033, 1, 3.20%, 6, 0, 2, 99.30 2096 3879080
1602231846, 0, 0, 1034, 1034, 1, 3.20%, 6, 0, 2, 90.05 2096 3999231
1602233339, 0, 0, 1035, 1035, 1, 3.20%, 6, 0, 2, 87.37 2096 4138712
1602234333, 0, 0, 1036, 1036, 1, 3.20%, 6, 0, 2, 96.21 2096 4234155
1602236005, 0, 0, 1037, 1037, 1, 3.20%, 6, 0, 2, 90.64 2096 4387790
1602236708, 0, 0, 1038, 1038, 1, 3.20%, 6, 0, 2, 89.35 2096 4451580
1602236892, 0, 0, 1039, 1039, 1, 3.20%, 6, 0, 2, 90.10 2096 4468201
1602237858, 0, 0, 1040, 1040, 1, 3.20%, 6, 0, 2, 87.74 2096 4553616
1602237925, 0, 0, 1041, 1041, 1, 3.20%, 6, 0, 2, 86.89 2096 4559511
1602238227, 0, 0, 1042, 1042, 1, 3.20%, 6, 0, 2, 87.15 2096 4585698
1602245377, 0, 0, 1043, 1043, 1, 3.20%, 6, 0, 2, 142.90 2096 5269245
1602250223, 0, 0, 1044, 1044, 1, 3.20%, 6, 0, 2, 111.67 2096 5717519
1602250815, 0, 0, 1046, 1046, 1, 3.20%, 6, 0, 2, 137.58 2096 5812647
1602252620, 0, 0, 1047, 1047, 1, 3.20%, 6, 0, 2, 97.24 2096 5979315
1602254020, 0, 0, 1048, 1048, 1, 3.20%, 6, 0, 2, 241.31 2096 6106077
1602254025, 0, 0, 1050, 1050, 1, 3.20%, 6, 0, 2, 301.76 2096 6107693
1602254040, 0, 0, 1051, 1051, 1, 3.20%, 6, 0, 2, 305.59 2096 6112441
1602254148, 0, 0, 1052, 1052, 1, 3.20%, 6, 0, 2, 261.28 2096 6142816
1602254224, 0, 0, 1053, 1053, 1, 3.20%, 6, 0, 2, 246.16 2096 6162241
1602254377, 0, 0, 1054, 1054, 1, 3.20%, 6, 0, 2, 219.99 2096 6195257
1602256258, 0, 0, 1055, 1055, 1, 3.20%, 6, 0, 2, 138.33 2097 6510605
1602256407, 0, 0, 1056, 1056, 1, 3.20%, 6, 0, 2, 147.18 2097 6532059
1602256418, 0, 0, 1057, 1057, 1, 3.20%, 6, 0, 2, 143.67 2097 6533525
1602256464, 0, 0, 1058, 1058, 1, 3.20%, 6, 0, 2, 102.24 2097 6539043
1602256489, 0, 0, 1059, 1059, 1, 3.20%, 6, 0, 2, 125.29 2097 6542027
1602262460, 0, 0, 1060, 1060, 1, 3.20%, 6, 0, 2, 114.65 2097 7167423
1602264373, 0, 0, 1061, 1061, 1, 3.20%, 6, 0, 2, 98.47 2097 7372154
1602268880, 0, 0, 1062, 1062, 1, 3.20%, 6, 0, 2, 89.26 2097 7781351
1602269286, 0, 0, 1065, 1065, 1, 3.20%, 7, 0, 2, 137.56 2097 7817141
1602269291, 0, 0, 1065, 1065, 1, 3.20%, 10, 0, 2, 213.56 2097 7818271
1602269296, 0, 0, 1071, 1071, 1, 3.22%, 10, 0, 2, 300.41 2110 7819809
1602269307, 0, 0, 1073, 1073, 1, 3.22%, 10, 0, 2, 321.49 2110 7823189
1602269373, 0, 0, 1074, 1074, 1, 3.22%, 10, 0, 2, 308.25 2110 7843687
1602269414, 0, 0, 1075, 1075, 1, 3.22%, 10, 0, 2, 290.12 2110 7855896
1602269495, 0, 0, 1076, 1076, 1, 3.22%, 10, 0, 2, 268.13 2110 7878554
1602269551, 0, 0, 1077, 1077, 1, 3.22%, 10, 0, 2, 262.73 2110 7893402
1602269582, 0, 0, 1078, 1078, 1, 3.23%, 10, 0, 2, 251.09 2115 7901285
1602269607, 0, 0, 1079, 1079, 1, 3.23%, 10, 0, 2, 251.02 2115 7907738
1602269796, 0, 0, 1080, 1080, 1, 3.23%, 10, 0, 2, 233.51 2115 7951035
1602270826, 0, 0, 1081, 1081, 1, 3.23%, 10, 0, 2, 185.11 2115 8157303
1602271402, 0, 0, 1082, 1082, 1, 3.23%, 10, 0, 2, 160.88 2115 8259077
1602272679, 0, 0, 1083, 1083, 1, 3.23%, 10, 0, 2, 139.65 2116 8456049
1602272911, 0, 0, 1084, 1084, 1, 3.23%, 10, 0, 2, 145.81 2116 8489727
1602272937, 0, 0, 1085, 1085, 1, 3.23%, 10, 0, 2, 146.92 2116 8493513
1602273049, 0, 0, 1086, 1086, 1, 3.23%, 10, 0, 2, 129.25 2116 8509189
1602273055, 0, 0, 1087, 1087, 1, 3.23%, 10, 0, 2, 132.74 2116 8509891
1602273767, 0, 0, 1088, 1088, 1, 3.23%, 10, 0, 2, 132.85 2116 8607731
1602275086, 0, 0, 1089, 1089, 1, 3.23%, 10, 0, 2, 127.22 2116 8779159
1602275561, 0, 0, 1090, 1090, 1, 3.23%, 10, 0, 2, 109.16 2116 8834563
