# unix_time, cycles_done, cur_path, paths_total, pending_total, pending_favs, map_size, unique_crashes, unique_hangs, max_depth, execs_per_sec, edge_coverage, total_execs
1601778718, 0, 0, 1, 1, 1, 0.80%, 0, 0, 1, 285.71 0 8
1601778724, 0, 0, 66, 66, 1, 1.29%, 0, 0, 2, 410.29 844 2341
1601778729, 0, 0, 81, 81, 1, 1.31%, 0, 0, 2, 400.57 857 4413
1601778734, 0, 0, 88, 88, 1, 1.31%, 0, 0, 2, 396.81 857 6404
1601778739, 0, 0, 91, 91, 1, 1.31%, 0, 0, 2, 395.31 857 8416
1601778744, 0, 0, 96, 96, 1, 1.35%, 0, 0, 2, 408.54 882 10445
1601778749, 0, 0, 98, 98, 1, 1.35%, 0, 0, 2, 415.37 882 12581
1601778754, 0, 0, 101, 101, 1, 1.35%, 0, 0, 2, 385.26 882 14478
1601778769, 0, 0, 103, 103, 1, 1.35%, 0, 0, 2, 428.95 882 20660
1601778774, 0, 0, 104, 104, 1, 1.35%, 0, 0, 2, 347.85 882 22408
1601778790, 0, 0, 106, 106, 1, 1.35%, 0, 0, 2, 301.29 882 27084
1601778800, 0, 0, 108, 108, 1, 1.35%, 0, 0, 2, 315.61 883 30220
1601778805, 0, 0, 109, 109, 1, 1.35%, 0, 0, 2, 362.70 883 32068
1601778825, 0, 0, 110, 110, 1, 1.35%, 0, 0, 2, 337.31 884 39243
1601778856, 0, 0, 111, 111, 1, 1.35%, 0, 0, 2, 293.72 884 48713
1601778861, 0, 0, 112, 112, 1, 1.35%, 0, 0, 2, 285.22 884 50136
1601778876, 0, 0, 113, 113, 1, 1.35%, 0, 0, 2, 289.26 884 54514
1601778892, 0, 0, 117, 117, 1, 1.35%, 0, 0, 2, 390.88 884 60566
1601778897, 0, 0, 118, 118, 1, 1.35%, 0, 0, 2, 388.39 884 62506
1601778948, 0, 0, 119, 119, 1, 1.35%, 0, 0, 2, 370.82 884 82499
1601779015, 0, 0, 123, 123, 1, 1.37%, 0, 0, 2, 453.51 897 109409
1601779020, 0, 0, 124, 124, 1, 1.37%, 0, 0, 2, 395.44 897 111373
1601779035, 0, 0, 131, 131, 1, 1.38%, 0, 0, 2, 442.78 906 117602
1601779045, 0, 0, 132, 132, 1, 1.38%, 0, 0, 2, 413.22 906 121902
1601779066, 0, 0, 133, 133, 1, 1.38%, 0, 0, 2, 374.88 906 129610
1601779076, 0, 0, 134, 134, 1, 1.38%, 0, 0, 2, 381.30 906 133447
1601779106, 0, 0, 135, 135, 1, 1.38%, 0, 0, 2, 453.33 907 145455
1601779147, 0, 0, 136, 136, 1, 1.38%, 0, 0, 2, 372.96 907 161917
1601779162, 0, 0, 137, 137, 1, 1.38%, 0, 0, 2, 377.63 907 167721
1601779193, 0, 0, 138, 138, 1, 1.38%, 0, 0, 2, 373.15 907 179286
1601779229, 0, 0, 144, 144, 1, 1.40%, 0, 0, 2, 495.13 917 193414
1601779234, 0, 0, 145, 145, 1, 1.40%, 0, 0, 2, 472.75 919 195798
1601779239, 0, 0, 147, 147, 1, 1.41%, 0, 0, 2, 455.59 921 198109
1601779244, 0, 0, 148, 148, 1, 1.41%, 0, 0, 2, 431.99 923 200340
1601779265, 0, 0, 149, 149, 1, 1.41%, 0, 0, 2, 389.60 923 208434
1601779321, 0, 0, 150, 150, 1, 1.41%, 0, 0, 2, 376.06 923 230093
1601779367, 0, 0, 156, 156, 1, 1.43%, 0, 0, 2, 444.59 937 248277
1601779378, 0, 0, 158, 158, 1, 1.43%, 0, 0, 2, 486.99 937 253359
1601779383, 0, 0, 159, 159, 1, 1.43%, 0, 0, 2, 495.99 937 255869
1601779393, 0, 0, 160, 160, 1, 1.43%, 0, 0, 2, 485.73 937 260872
1601779398, 0, 0, 161, 161, 1, 1.43%, 0, 0, 2, 493.07 937 263355
1601779424, 0, 0, 162, 162, 1, 1.43%, 0, 0, 2, 498.57 937 276233
1601779434, 0, 3, 163, 161, 60, 1.43%, 0, 0, 3, 640.45 938 282089
1601779439, 0, 4, 163, 160, 59, 1.43%, 0, 0, 3, 642.87 938 285353
1601779450, 0, 5, 163, 159, 58, 1.43%, 0, 0, 3, 586.53 938 291671
1601779465, 0, 6, 163, 158, 57, 1.43%, 0, 0, 3, 607.72 938 300661
1601779470, 0, 7, 163, 157, 56, 1.43%, 0, 0, 3, 631.35 938 303986
1601779475, 0, 8, 163, 156, 55, 1.43%, 0, 0, 3, 651.58 938 307345
1601779485, 0, 9, 163, 155, 54, 1.43%, 0, 0, 3, 639.97 938 313722
1601779490, 0, 11, 163, 154, 53, 1.43%, 0, 0, 3, 601.73 938 316743
1601779506, 0, 12, 163, 153, 52, 1.43%, 0, 0, 3, 561.21 938 325101
1601779587, 0, 24, 163, 152, 51, 1.43%, 0, 0, 3, 564.42 938 364457
1601779602, 0, 28, 163, 151, 50, 1.43%, 0, 0, 3, 590.46 938 373149
1601779617, 0, 29, 166, 153, 49, 1.44%, 0, 0, 3, 561.16 946 381787
1601779622, 0, 29, 169, 156, 49, 1.44%, 0, 0, 3, 462.53 946 384052
1601779627, 0, 29, 170, 157, 49, 1.44%, 0, 0, 3, 392.85 946 385971
1601779658, 0, 29, 171, 158, 49, 1.44%, 0, 0, 3, 366.47 946 397526
1601779678, 0, 29, 172, 159, 49, 1.44%, 0, 0, 3, 364.68 946 405342
1601779734, 0, 29, 173, 160, 49, 1.44%, 0, 0, 3, 406.94 946 429209
1601779750, 0, 29, 174, 161, 49, 1.44%, 0, 0, 3, 396.60 946 435257
1601779893, 0, 29, 175, 162, 49, 1.45%, 0, 0, 3, 415.08 948 490414
1601779908, 0, 29, 176, 163, 49, 1.45%, 0, 0, 3, 425.47 948 496297
1601779928, 0, 29, 177, 164, 49, 1.45%, 0, 0, 3, 382.83 948 504667
1601780010, 0, 29, 178, 165, 49, 1.45%, 0, 0, 3, 394.19 948 537068
1601780245, 0, 30, 178, 164, 52, 1.45%, 0, 0, 3, 423.62 948 627058
1601780250, 0, 30, 183, 169, 52, 1.45%, 0, 0, 3, 430.41 949 629266
1601780255, 0, 30, 187, 173, 52, 1.45%, 0, 0, 3, 402.38 950 631306
1601780260, 0, 30, 188, 174, 52, 1.45%, 0, 0, 3, 396.01 950 633290
1601780316, 0, 30, 189, 175, 52, 1.45%, 0, 0, 3, 404.55 950 655830
1601780362, 0, 30, 190, 176, 52, 1.45%, 0, 0, 3, 398.03 950 676197
1601780372, 0, 30, 191, 177, 52, 1.45%, 0, 0, 3, 400.86 950 680306
1601780525, 0, 30, 192, 178, 52, 1.45%, 0, 0, 3, 436.53 950 741769
1601780561, 0, 30, 193, 179, 52, 1.45%, 0, 0, 3, 385.08 950 756520
1601780724, 0, 30, 194, 180, 52, 1.45%, 0, 0, 3, 476.08 950 823537
1601780749, 0, 30, 195, 181, 52, 1.45%, 0, 0, 3, 397.86 950 834372
1601780851, 0, 32, 195, 180, 52, 1.45%, 0, 0, 3, 534.80 950 875099
1601780867, 0, 33, 195, 179, 51, 1.45%, 0, 0, 3, 603.97 950 884105
1601780882, 0, 34, 195, 178, 50, 1.45%, 0, 0, 3, 577.27 950 892380
1601780898, 0, 35, 195, 177, 49, 1.45%, 0, 0, 3, 570.75 950 901253
1601780903, 0, 35, 214, 196, 49, 1.45%, 0, 0, 3, 432.86 952 903120
1601780908, 0, 35, 230, 212, 49, 1.45%, 0, 0, 3, 301.60 952 904584
1601780913, 0, 35, 239, 221, 49, 1.45%, 0, 0, 3, 243.33 952 905760
1601780918, 0, 35, 243, 225, 49, 1.45%, 0, 0, 3, 216.19 952 906832
1601780923, 0, 35, 249, 231, 49, 1.45%, 0, 0, 3, 210.05 952 907884
1601780938, 0, 35, 254, 236, 49, 1.51%, 0, 0, 3, 299.74 990 911408
1601780944, 0, 35, 256, 238, 49, 1.51%, 0, 0, 3, 313.06 990 913230
1601780954, 0, 35, 258, 240, 49, 1.51%, 0, 0, 3, 223.76 990 915496
1601780975, 0, 35, 259, 241, 49, 1.51%, 0, 0, 3, 307.75 990 920240
1601781026, 0, 35, 265, 247, 49, 1.61%, 0, 0, 3, 335.72 1053 933362
1601781072, 0, 35, 266, 248, 49, 1.61%, 0, 0, 3, 238.84 1053 950280
1601781323, 0, 35, 268, 250, 49, 1.61%, 0, 0, 3, 417.12 1056 1010278
1601781354, 0, 35, 270, 252, 49, 1.61%, 0, 0, 3, 413.55 1056 1018322
1601781527, 0, 35, 271, 253, 49, 1.61%, 0, 0, 3, 220.80 1056 1063213
1601781671, 0, 35, 272, 254, 49, 1.61%, 0, 0, 3, 459.69 1056 1095001
1601781722, 0, 35, 273, 255, 49, 1.61%, 0, 0, 3, 235.78 1056 1111747
1601781727, 0, 35, 274, 256, 49, 1.61%, 0, 0, 3, 240.26 1056 1112979
1601781891, 0, 37, 274, 255, 49, 1.61%, 0, 0, 3, 440.87 1056 1148641
1601781911, 0, 42, 274, 254, 48, 1.61%, 0, 0, 3, 557.74 1056 1159807
1601781932, 0, 46, 274, 253, 47, 1.61%, 0, 0, 3, 557.90 1056 1171008
1601781963, 0, 53, 274, 252, 46, 1.61%, 0, 0, 3, 503.30 1056 1187287
1601782028, 0, 55, 274, 251, 45, 1.61%, 0, 0, 3, 520.69 1056 1219909
1601782064, 0, 58, 274, 250, 44, 1.61%, 0, 0, 3, 536.65 1056 1238753
1601782125, 0, 59, 274, 249, 43, 1.61%, 0, 0, 3, 500.03 1056 1268412
1601782192, 0, 60, 274, 248, 42, 1.61%, 0, 0, 3, 489.65 1056 1300870
1601782268, 0, 61, 274, 247, 41, 1.61%, 0, 0, 3, 467.80 1056 1338112
1601782279, 0, 61, 275, 248, 41, 1.61%, 0, 0, 3, 445.17 1056 1342437
1601782325, 0, 61, 276, 249, 41, 1.61%, 0, 0, 3, 432.74 1056 1362457
1601782590, 0, 63, 276, 248, 40, 1.61%, 0, 0, 3, 493.96 1056 1473751
1601783201, 0, 63, 278, 250, 40, 1.62%, 0, 0, 3, 476.27 1061 1719877
1601783206, 0, 66, 278, 249, 40, 1.62%, 0, 0, 3, 480.26 1061 1722313
1601783487, 0, 66, 279, 250, 40, 1.62%, 0, 0, 3, 427.40 1062 1830263
1601783854, 0, 93, 279, 249, 40, 1.62%, 0, 0, 3, 438.84 1062 1967695
1601783859, 0, 93, 280, 250, 40, 1.62%, 0, 0, 3, 430.71 1063 1969967
1601784134, 0, 93, 281, 251, 40, 1.62%, 0, 0, 3, 461.42 1063 2082765
1601784353, 0, 93, 282, 252, 40, 1.62%, 0, 0, 3, 406.01 1063 2172703
1601784460, 0, 94, 282, 251, 42, 1.62%, 0, 0, 3, 466.79 1063 2215106
1601784531, 0, 94, 283, 252, 42, 1.62%, 0, 0, 3, 449.25 1063 2249408
1601784536, 0, 119, 283, 251, 42, 1.62%, 0, 0, 3, 503.49 1063 2252034
1601784551, 0, 122, 283, 250, 41, 1.62%, 0, 0, 3, 595.43 1063 2260874
1601784571, 0, 125, 287, 253, 40, 1.62%, 0, 0, 3, 472.68 1064 2271828
1601784577, 0, 125, 289, 255, 40, 1.62%, 0, 0, 3, 398.76 1064 2273814
1601784597, 0, 125, 290, 256, 40, 1.62%, 0, 0, 3, 409.00 1064 2281710
1601784623, 0, 125, 291, 257, 40, 1.62%, 0, 0, 3, 385.71 1064 2291335
1601784781, 0, 125, 292, 258, 40, 1.62%, 0, 0, 3, 18.26 1064 2359503
1601784791, 0, 126, 292, 257, 41, 1.62%, 0, 0, 3, 525.18 1064 2364318
1601784806, 0, 127, 292, 256, 40, 1.62%, 0, 0, 3, 602.40 1064 2372996
1601784821, 0, 129, 292, 255, 39, 1.62%, 0, 0, 3, 578.73 1064 2381639
1601784837, 0, 130, 292, 254, 37, 1.62%, 0, 0, 3, 598.25 1064 2390434
1601784857, 0, 133, 292, 253, 36, 1.62%, 0, 0, 3, 504.34 1064 2401582
1601785270, 0, 134, 292, 252, 36, 1.62%, 0, 0, 3, 537.03 1064 2572882
1601785286, 0, 138, 292, 251, 35, 1.62%, 0, 0, 3, 613.78 1064 2581629
1601785291, 0, 139, 292, 250, 34, 1.62%, 0, 0, 3, 644.33 1064 2584845
1601785301, 0, 140, 292, 249, 33, 1.62%, 0, 0, 3, 631.97 1064 2591077
1601785306, 0, 141, 292, 248, 32, 1.62%, 0, 0, 3, 634.75 1064 2594345
1601785311, 0, 143, 292, 247, 31, 1.62%, 0, 0, 3, 611.84 1064 2597555
1601785331, 0, 144, 292, 246, 30, 1.62%, 0, 0, 3, 560.75 1064 2608633
1601785387, 0, 146, 292, 245, 29, 1.62%, 0, 0, 3, 498.29 1064 2636282
1601785458, 0, 147, 292, 244, 28, 1.62%, 0, 0, 3, 507.66 1064 2670873
1601785595, 0, 150, 292, 243, 27, 1.62%, 0, 0, 3, 499.25 1064 2734909
1601785641, 0, 151, 292, 242, 26, 1.62%, 0, 0, 3, 545.74 1064 2758433
1601785656, 0, 152, 292, 241, 25, 1.62%, 0, 0, 3, 599.20 1064 2767256
1601785677, 0, 153, 292, 240, 24, 1.62%, 0, 0, 3, 513.44 1064 2778060
1601785789, 0, 153, 293, 241, 24, 1.63%, 0, 0, 3, 477.85 1066 2830708
1601785794, 0, 154, 293, 240, 24, 1.63%, 0, 0, 3, 562.90 1066 2833600
1601785800, 0, 155, 293, 239, 23, 1.63%, 0, 0, 3, 621.82 1066 2836916
1601785815, 0, 158, 294, 239, 22, 1.63%, 0, 0, 3, 570.96 1066 2845431
1601785845, 0, 174, 294, 237, 20, 1.63%, 0, 0, 3, 572.93 1066 2861031
1601785850, 0, 174, 297, 240, 20, 1.63%, 0, 0, 4, 465.98 1066 2863266
1601785856, 0, 174, 300, 243, 20, 1.63%, 0, 0, 4, 395.36 1066 2865280
1601785876, 0, 174, 301, 244, 20, 1.63%, 0, 0, 4, 397.02 1066 2872999
1601785901, 0, 174, 302, 245, 20, 1.63%, 0, 0, 4, 376.48 1066 2882670
1601785957, 0, 174, 303, 246, 20, 1.63%, 0, 0, 4, 289.82 1066 2905580
1601785998, 0, 174, 304, 247, 20, 1.63%, 0, 0, 4, 414.50 1066 2923947
1601786059, 0, 174, 305, 248, 20, 1.63%, 0, 0, 4, 382.59 1066 2950995
1601786064, 0, 179, 305, 247, 20, 1.63%, 0, 0, 4, 430.69 1066 2953129
1601786069, 0, 179, 309, 251, 20, 1.63%, 0, 0, 4, 436.96 1066 2955385
1601786074, 0, 179, 310, 252, 20, 1.63%, 0, 0, 4, 304.21 1066 2956799
1601786079, 0, 179, 311, 253, 20, 1.63%, 0, 0, 4, 262.92 1066 2958077
1601786100, 0, 179, 312, 254, 20, 1.63%, 0, 0, 4, 365.61 1066 2963734
1601786120, 0, 179, 313, 255, 20, 1.63%, 0, 0, 4, 237.46 1066 2969097
1601786125, 0, 179, 314, 256, 20, 1.63%, 0, 0, 4, 241.50 1066 2970353
1601786131, 0, 179, 315, 257, 20, 1.63%, 0, 0, 4, 348.83 1066 2972028
1601786177, 0, 179, 319, 261, 20, 1.63%, 0, 0, 4, 409.32 1066 2985665
1601786238, 0, 179, 320, 262, 20, 1.63%, 0, 0, 4, 273.02 1066 3007183
1601786269, 0, 179, 321, 263, 20, 1.63%, 0, 0, 4, 248.35 1066 3015005
1601786443, 0, 179, 322, 264, 20, 1.63%, 0, 0, 4, 418.17 1066 3061719
1601786944, 0, 189, 322, 263, 20, 1.63%, 0, 0, 4, 420.52 1066 3200410
1601787535, 0, 190, 322, 262, 19, 1.63%, 0, 0, 4, 492.56 1066 3446540
1601788056, 0, 214, 322, 261, 18, 1.63%, 0, 0, 4, 461.08 1066 3673308
1601788077, 0, 214, 323, 262, 18, 1.63%, 0, 0, 4, 432.92 1066 3681773
1601788128, 0, 214, 325, 264, 18, 1.63%, 0, 0, 4, 476.67 1066 3703380
1601788245, 0, 252, 325, 263, 19, 1.63%, 0, 0, 4, 445.84 1066 3756314
1601788250, 0, 252, 344, 282, 19, 1.63%, 0, 0, 4, 309.98 1067 3758134
1601788255, 0, 252, 360, 298, 19, 1.63%, 0, 0, 4, 282.20 1067 3759638
1601788260, 0, 252, 365, 303, 19, 1.63%, 0, 0, 4, 243.74 1067 3760818
1601788265, 0, 252, 369, 307, 19, 1.63%, 0, 0, 4, 232.29 1067 3761986
1601788286, 0, 252, 371, 309, 19, 1.63%, 0, 0, 4, 350.50 1067 3767124
1601788322, 0, 252, 373, 311, 19, 1.63%, 0, 0, 4, 350.61 1067 3776009
1601788352, 0, 252, 374, 312, 19, 1.63%, 0, 0, 4, 229.52 1067 3783182
1601788362, 0, 252, 375, 313, 19, 1.63%, 0, 0, 4, 333.59 1067 3786222
1601788367, 0, 252, 378, 316, 19, 1.63%, 0, 0, 4, 363.76 1067 3788017
1601788843, 0, 263, 391, 328, 20, 1.63%, 0, 0, 4, 78.66 1068 3924268
1601788848, 0, 263, 399, 336, 20, 1.63%, 0, 0, 4, 336.22 1068 3926190
1601788853, 0, 263, 424, 361, 20, 1.63%, 0, 0, 4, 273.35 1068 3927487
1601788858, 0, 263, 425, 362, 20, 1.63%, 0, 0, 4, 238.93 1068 3928650
1601788883, 0, 263, 428, 365, 20, 1.63%, 0, 0, 4, 356.07 1068 3935066
1601788888, 0, 263, 429, 366, 20, 1.63%, 0, 0, 4, 267.07 1068 3936350
1601788914, 0, 263, 430, 367, 20, 1.63%, 0, 0, 4, 261.08 1068 3942297
1601788950, 0, 263, 431, 368, 20, 1.63%, 0, 0, 4, 245.50 1068 3951694
1601788955, 0, 263, 433, 370, 20, 1.63%, 0, 0, 4, 381.76 1068 3953616
1601788960, 0, 263, 442, 379, 20, 1.63%, 0, 0, 4, 356.30 1068 3955272
1601789098, 0, 263, 444, 381, 20, 1.63%, 0, 0, 4, 437.07 1068 3999050
1601789303, 0, 264, 460, 396, 21, 1.63%, 0, 0, 4, 188.38 1068 4062498
1601789308, 0, 264, 474, 410, 21, 1.63%, 0, 0, 4, 306.21 1068 4064383
1601789313, 0, 264, 478, 414, 21, 1.63%, 0, 0, 4, 246.30 1068 4065579
1601789339, 0, 264, 481, 417, 21, 1.63%, 0, 0, 4, 362.77 1069 4072217
1601789370, 0, 264, 482, 418, 21, 1.63%, 0, 0, 4, 247.65 1069 4079757
1601789375, 0, 264, 483, 419, 21, 1.63%, 0, 0, 4, 355.05 1069 4081827
1601789405, 0, 264, 484, 420, 21, 1.63%, 0, 0, 4, 252.34 1069 4089208
1601789416, 0, 264, 490, 426, 21, 1.63%, 0, 0, 4, 312.87 1069 4092921
1601789446, 0, 264, 491, 427, 21, 1.63%, 0, 0, 4, 327.15 1069 4105715
1601789568, 0, 264, 492, 428, 21, 1.63%, 0, 0, 4, 394.82 1069 4147450
1601789665, 0, 266, 495, 430, 25, 1.63%, 0, 0, 4, 62.02 1069 4177524
1601789670, 0, 266, 500, 435, 25, 1.63%, 0, 0, 4, 381.94 1069 4179489
1601789696, 0, 266, 503, 438, 25, 1.63%, 0, 0, 4, 387.36 1069 4188457
1601789742, 0, 266, 504, 439, 25, 1.63%, 0, 0, 4, 344.86 1069 4204029
1601789783, 0, 266, 505, 440, 25, 1.63%, 0, 0, 4, 367.14 1069 4220812
1601789808, 0, 266, 507, 442, 25, 1.63%, 0, 0, 4, 454.05 1069 4231870
1601789813, 0, 266, 509, 444, 25, 1.63%, 0, 0, 4, 437.57 1069 4234019
1601789859, 0, 266, 510, 445, 25, 1.63%, 0, 0, 4, 464.87 1069 4253625
1601789895, 0, 274, 510, 444, 24, 1.63%, 0, 0, 4, 430.93 1069 4268507
1601790222, 0, 276, 510, 443, 23, 1.63%, 0, 0, 4, 456.64 1069 4404428
1601790238, 0, 276, 511, 444, 23, 1.63%, 0, 0, 4, 393.25 1070 4410633
1601790849, 0, 277, 511, 443, 23, 1.63%, 0, 0, 4, 436.43 1070 4652420
1601791496, 0, 279, 511, 442, 22, 1.63%, 0, 0, 4, 520.23 1070 4903799
1601791512, 0, 281, 512, 442, 21, 1.63%, 0, 0, 4, 503.30 1070 4912082
1601792124, 0, 282, 512, 441, 20, 1.63%, 0, 0, 4, 458.73 1070 5157861
1601792195, 0, 282, 513, 442, 20, 1.64%, 0, 0, 4, 505.61 1073 5192001
1601792200, 0, 287, 513, 441, 20, 1.64%, 0, 0, 4, 496.73 1073 5194593
1601792414, 0, 292, 513, 440, 19, 1.64%, 0, 0, 4, 493.11 1073 5286098
1601792454, 0, 297, 513, 439, 18, 1.64%, 0, 0, 4, 544.52 1073 5307290
1601792464, 0, 297, 514, 440, 18, 1.64%, 0, 0, 5, 396.19 1073 5311441
1601792674, 0, 298, 514, 439, 17, 1.64%, 0, 0, 5, 492.75 1073 5401653
1601792887, 0, 309, 515, 439, 16, 1.64%, 0, 0, 5, 459.30 1073 5493262
1601792913, 0, 309, 516, 440, 16, 1.64%, 0, 0, 5, 400.22 1073 5502156
1601792969, 0, 309, 517, 441, 16, 1.64%, 0, 0, 5, 450.70 1073 5522151
1601793148, 0, 324, 517, 440, 15, 1.64%, 0, 0, 5, 468.62 1073 5602258
1601793174, 0, 324, 518, 441, 15, 1.64%, 0, 0, 5, 433.40 1073 5612713
1601793220, 0, 324, 519, 442, 15, 1.64%, 0, 0, 5, 513.45 1073 5632383
1601793276, 0, 324, 521, 444, 15, 1.64%, 0, 0, 5, 468.32 1073 5657538
1601793348, 0, 338, 521, 443, 15, 1.64%, 0, 0, 5, 72.73 1073 5689196
1601793358, 0, 338, 522, 444, 15, 1.64%, 0, 0, 5, 89.97 1073 5691556
1601793363, 0, 338, 523, 445, 15, 1.64%, 0, 0, 5, 82.17 1073 5691970
1601793368, 0, 338, 526, 448, 15, 1.64%, 0, 0, 5, 86.53 1073 5692418
1601793373, 0, 338, 527, 449, 15, 1.64%, 0, 0, 5, 88.21 1073 5692865
1601793388, 0, 338, 528, 450, 15, 1.64%, 0, 0, 5, 80.73 1073 5694051
1601793414, 0, 338, 529, 451, 15, 1.64%, 0, 0, 5, 71.80 1073 5695998
1601793440, 0, 338, 530, 452, 15, 1.64%, 0, 0, 5, 466.53 1073 5698437
1601793455, 0, 338, 531, 453, 15, 1.64%, 0, 0, 5, 91.30 1073 5700941
1601793475, 0, 338, 532, 454, 15, 1.64%, 0, 0, 5, 78.69 1073 5702689
1601793491, 0, 338, 533, 455, 15, 1.64%, 0, 0, 5, 76.76 1073 5703944
1601793609, 0, 338, 534, 456, 15, 1.64%, 0, 0, 5, 140.90 1073 5715642
1601793614, 0, 338, 535, 457, 15, 1.64%, 0, 0, 5, 100.96 1073 5716110
1601793634, 0, 338, 536, 458, 15, 1.64%, 0, 0, 5, 103.16 1073 5718330
1601793645, 0, 338, 539, 461, 15, 1.64%, 0, 0, 5, 135.61 1073 5720427
1601793762, 0, 338, 540, 462, 15, 1.64%, 0, 0, 5, 86.96 1073 5741694
1601793855, 0, 338, 541, 463, 15, 1.64%, 0, 0, 5, 78.75 1073 5749931
1601794439, 0, 338, 542, 464, 15, 1.64%, 0, 0, 5, 247.44 1073 5809352
1601795081, 0, 338, 543, 465, 15, 1.64%, 0, 0, 5, 74.64 1073 5872501
1601795673, 0, 342, 543, 464, 14, 1.64%, 0, 0, 5, 411.10 1073 5936450
1601795749, 0, 342, 544, 465, 14, 1.64%, 0, 0, 5, 472.13 1073 5964117
1601795754, 0, 342, 547, 468, 14, 1.64%, 0, 0, 5, 462.83 1073 5966247
1601795837, 0, 342, 548, 469, 14, 1.64%, 0, 0, 5, 365.71 1073 5995370
1601795847, 0, 342, 549, 470, 14, 1.64%, 0, 0, 5, 362.71 1073 5998927
1601795975, 0, 365, 549, 469, 13, 1.64%, 0, 0, 5, 460.14 1073 6043131
1601796408, 0, 388, 549, 468, 13, 1.64%, 0, 0, 5, 346.00 1073 6183078
1601796413, 0, 388, 552, 471, 13, 1.64%, 0, 0, 5, 341.18 1073 6184748
1601796418, 0, 388, 558, 477, 13, 1.64%, 0, 0, 5, 264.22 1073 6186102
1601796423, 0, 388, 559, 478, 13, 1.64%, 0, 0, 5, 213.36 1073 6187106
1601796459, 0, 388, 560, 479, 13, 1.64%, 0, 0, 5, 253.43 1073 6195106
1601796495, 0, 388, 562, 481, 13, 1.64%, 0, 0, 5, 288.19 1073 6203275
1601796535, 0, 388, 563, 482, 13, 1.64%, 0, 0, 5, 250.72 1073 6211975
1601796861, 0, 388, 564, 483, 13, 1.64%, 0, 0, 5, 360.19 1073 6305049
1601796928, 0, 389, 564, 482, 13, 1.64%, 0, 0, 5, 395.28 1073 6321720
1601796943, 0, 389, 565, 483, 13, 1.64%, 0, 0, 5, 225.12 1073 6325620
1601797004, 0, 389, 566, 484, 13, 1.64%, 0, 0, 5, 373.19 1073 6340896
1601797045, 0, 389, 568, 486, 13, 1.64%, 0, 0, 5, 352.11 1073 6351832
1601797388, 0, 395, 568, 485, 13, 1.64%, 0, 0, 5, 409.83 1073 6459718
1601797469, 0, 395, 569, 486, 13, 1.64%, 0, 0, 5, 492.67 1073 6489294
1601797536, 0, 395, 570, 487, 13, 1.64%, 0, 0, 5, 449.76 1073 6517713
1601797633, 0, 398, 570, 486, 12, 1.64%, 0, 0, 5, 484.07 1073 6559997
1601797816, 0, 474, 570, 485, 11, 1.64%, 0, 0, 5, 479.05 1073 6643986
1601797821, 0, 474, 571, 486, 11, 1.64%, 0, 0, 5, 462.74 1073 6646375
1601797847, 0, 474, 572, 487, 11, 1.64%, 0, 0, 5, 377.94 1073 6654160
1601797974, 0, 474, 573, 488, 11, 1.64%, 0, 0, 5, 475.49 1073 6702852
1601798082, 0, 482, 574, 488, 10, 1.64%, 0, 0, 5, 345.70 1073 6740820
1601798143, 0, 482, 575, 489, 10, 1.64%, 0, 0, 5, 323.30 1073 6758735
1601798245, 0, 482, 576, 490, 10, 1.64%, 0, 0, 5, 419.34 1073 6795699
1601798332, 0, 497, 576, 489, 9, 1.64%, 0, 0, 5, 368.00 1073 6829334
1601798357, 0, 497, 578, 491, 9, 1.64%, 0, 0, 5, 337.80 1073 6837952
1601798388, 0, 497, 579, 492, 9, 1.64%, 0, 0, 5, 353.91 1073 6848063
1601798418, 0, 497, 581, 494, 9, 1.64%, 0, 0, 5, 315.27 1073 6858234
1601798560, 0, 510, 581, 493, 9, 1.64%, 0, 0, 5, 414.99 1073 6915418
1601799207, 0, 512, 581, 492, 8, 1.64%, 0, 0, 5, 491.09 1073 7164763
1601799259, 0, 514, 581, 491, 7, 1.64%, 0, 0, 5, 496.67 1073 7191043
1601799264, 0, 514, 582, 492, 7, 1.64%, 0, 0, 6, 398.69 1073 7192981
1601799284, 0, 514, 583, 493, 7, 1.64%, 0, 0, 6, 408.59 1078 7200493
1601799304, 0, 514, 584, 494, 7, 1.64%, 0, 0, 6, 425.01 1078 7208180
1601799523, 0, 517, 584, 493, 8, 1.64%, 0, 0, 6, 456.41 1078 7299386
1601799528, 0, 517, 585, 494, 8, 1.64%, 0, 0, 6, 455.79 1078 7301730
1601799743, 0, 518, 585, 493, 7, 1.64%, 0, 0, 6, 389.13 1078 7386089
1601799994, 0, 545, 585, 492, 6, 1.64%, 0, 0, 6, 350.14 1078 7472768
1601800167, 0, 545, 586, 493, 6, 1.64%, 0, 0, 6, 360.58 1078 7527713
1601800270, 0, 564, 586, 492, 5, 1.64%, 0, 0, 6, 350.67 1078 7562468
1601800643, 0, 564, 587, 493, 5, 1.65%, 0, 0, 6, 344.37 1080 7671062
1601800653, 0, 568, 587, 492, 6, 1.65%, 0, 0, 6, 363.67 1080 7674806
1601800955, 0, 581, 587, 491, 5, 1.65%, 0, 0, 6, 382.50 1080 7775786
1601800980, 0, 581, 588, 492, 5, 1.65%, 0, 0, 7, 374.22 1080 7785098
1601801153, 0, 586, 588, 491, 4, 1.65%, 0, 0, 7, 587.71 1080 7865358
1601801158, 0, 587, 588, 490, 3, 1.65%, 0, 0, 7, 627.04 1080 7868671
1601801163, 0, 587, 590, 492, 3, 1.65%, 0, 0, 8, 499.34 1080 7871101
1601801199, 0, 587, 591, 493, 3, 1.65%, 0, 0, 8, 453.80 1080 7886694
1601801342, 0, 587, 592, 494, 3, 1.65%, 0, 0, 8, 484.48 1080 7955804
1601801352, 0, 589, 592, 493, 3, 1.65%, 0, 0, 8, 479.86 1080 7960841
1601801541, 1, 13, 592, 492, 2, 1.65%, 0, 0, 8, 512.27 1080 8049434
1601802102, 1, 22, 592, 491, 1, 1.65%, 0, 0, 8, 459.57 1080 8295265
1601802629, 1, 27, 592, 490, 1, 1.65%, 0, 0, 8, 591.74 1080 8519457
1601802639, 1, 113, 592, 489, 1, 1.65%, 0, 0, 8, 608.91 1080 8525759
1601803211, 1, 168, 592, 488, 1, 1.65%, 0, 0, 8, 493.26 1080 8771642
1601803764, 1, 170, 592, 487, 0, 1.65%, 0, 0, 8, 546.12 1080 9018656
1601804311, 1, 171, 592, 486, 0, 1.65%, 0, 0, 8, 483.27 1080 9263779
1601804868, 1, 172, 592, 485, 0, 1.65%, 0, 0, 8, 473.50 1080 9509755
1601805417, 1, 175, 592, 484, 0, 1.65%, 0, 0, 8, 505.00 1080 9756465
1601805641, 1, 178, 592, 483, 0, 1.65%, 0, 0, 8, 499.69 1080 9862660
1601806027, 1, 180, 592, 482, 0, 1.65%, 0, 0, 8, 527.41 1080 10035648
1601806082, 1, 188, 592, 481, 0, 1.65%, 0, 0, 8, 573.84 1080 10066340
1601806643, 1, 190, 592, 480, 0, 1.65%, 0, 0, 8, 472.18 1080 10312073
1601806648, 1, 191, 592, 480, 0, 1.65%, 0, 0, 8, 470.32 1080 10314467
1601806872, 1, 192, 592, 479, 0, 1.65%, 0, 0, 8, 472.14 1080 10416043
1601807448, 1, 195, 592, 478, 0, 1.65%, 0, 0, 8, 463.65 1080 10661701
1601808838, 1, 201, 592, 477, 0, 1.65%, 0, 0, 8, 332.84 1080 10907366
1601809891, 1, 204, 592, 476, 0, 1.65%, 0, 0, 8, 338.13 1080 11153080
1601810713, 1, 205, 592, 475, 0, 1.65%, 0, 0, 8, 415.29 1080 11378889
1601812536, 1, 211, 592, 474, 0, 1.65%, 0, 0, 8, 245.12 1080 11622561
1601812561, 1, 211, 593, 475, 0, 1.65%, 0, 0, 8, 168.70 1080 11628392
1601813707, 1, 221, 593, 474, 0, 1.65%, 0, 0, 8, 390.11 1080 11869110
1601813927, 1, 225, 593, 473, 0, 1.65%, 0, 0, 8, 462.06 1080 11963537
1601814167, 1, 228, 593, 472, 0, 1.65%, 0, 0, 8, 456.72 1080 12063488
1601814412, 1, 232, 593, 471, 0, 1.65%, 0, 0, 8, 417.12 1080 12164004
1601814672, 1, 235, 593, 470, 0, 1.65%, 0, 0, 8, 413.24 1080 12269937
1601814963, 1, 238, 593, 469, 0, 1.65%, 0, 0, 8, 440.55 1080 12383858
1601815875, 1, 240, 593, 468, 0, 1.65%, 0, 0, 8, 438.70 1080 12629714
1601815968, 1, 240, 594, 469, 0, 1.65%, 0, 0, 8, 434.10 1080 12658430
1601816263, 1, 241, 594, 468, 0, 1.65%, 0, 0, 8, 378.00 1080 12765150
1601816655, 1, 242, 594, 467, 0, 1.65%, 0, 0, 8, 456.10 1080 12905161
1601817054, 1, 244, 594, 466, 0, 1.65%, 0, 0, 8, 405.81 1080 13046397
1601817636, 1, 257, 594, 465, 0, 1.65%, 0, 0, 8, 436.79 1080 13218584
1601818038, 1, 258, 594, 464, 0, 1.65%, 0, 0, 8, 458.84 1080 13360594
1601818976, 1, 260, 594, 463, 0, 1.65%, 0, 0, 8, 410.84 1080 13606003
1601819894, 1, 265, 594, 462, 0, 1.65%, 0, 0, 8, 370.22 1080 13850971
1601820825, 1, 268, 594, 461, 0, 1.65%, 0, 0, 8, 433.74 1080 14098711
1601821025, 1, 270, 594, 460, 0, 1.65%, 0, 0, 8, 465.21 1080 14187364
1601821932, 1, 272, 594, 459, 0, 1.65%, 0, 0, 8, 388.36 1080 14432742
1601822848, 1, 275, 594, 458, 0, 1.65%, 0, 0, 8, 451.72 1080 14680084
1601823129, 1, 280, 594, 457, 0, 1.65%, 0, 0, 8, 508.14 1080 14810575
1601823282, 1, 280, 595, 458, 0, 1.65%, 0, 0, 8, 434.50 1080 14878475
1601823364, 1, 284, 595, 457, 0, 1.65%, 0, 0, 8, 461.96 1080 14916066
1601823374, 1, 284, 597, 459, 0, 1.65%, 0, 0, 8, 200.74 1080 14918956
1601823379, 1, 284, 598, 460, 0, 1.65%, 0, 0, 8, 150.52 1080 14919644
1601823389, 1, 284, 599, 461, 0, 1.65%, 0, 0, 8, 132.64 1080 14921050
1601824847, 1, 285, 599, 460, 0, 1.65%, 0, 0, 8, 382.21 1080 15162693
1601825477, 1, 286, 599, 459, 0, 1.65%, 0, 0, 8, 439.02 1080 15330569
1601825878, 1, 294, 599, 458, 0, 1.65%, 0, 0, 8, 449.44 1080 15468009
1601825884, 1, 294, 600, 459, 0, 1.65%, 0, 0, 8, 259.52 1080 15469299
1601825889, 1, 294, 601, 460, 0, 1.65%, 0, 0, 8, 163.42 1080 15469989
1601825904, 1, 294, 602, 461, 0, 1.65%, 0, 0, 8, 137.83 1080 15472105
1601826569, 1, 294, 603, 462, 0, 1.65%, 0, 0, 8, 221.51 1080 15587720
1601827362, 1, 295, 603, 461, 0, 1.65%, 0, 0, 8, 425.93 1080 15714520
1601827989, 1, 303, 603, 460, 0, 1.65%, 0, 0, 8, 437.20 1080 15881542
1601828178, 1, 317, 603, 459, 0, 1.65%, 0, 0, 8, 501.59 1080 15969006
1601829011, 1, 319, 603, 458, 0, 1.65%, 0, 0, 8, 444.35 1080 16216750
1601829836, 1, 320, 603, 457, 0, 1.65%, 0, 0, 8, 450.19 1080 16463432
1601830667, 1, 321, 603, 456, 0, 1.65%, 0, 0, 8, 462.07 1080 16711497
1601831519, 1, 326, 603, 455, 0, 1.65%, 0, 0, 8, 434.54 1080 16957444
1601833504, 1, 327, 603, 454, 0, 1.65%, 0, 0, 8, 365.78 1080 17204238
1601835465, 1, 331, 603, 453, 0, 1.65%, 0, 0, 8, 399.58 1080 17450507
1601835522, 1, 331, 604, 454, 0, 1.65%, 0, 0, 8, 455.43 1080 17469091
1601835746, 1, 345, 604, 453, 0, 1.65%, 0, 0, 8, 451.27 1080 17558386
1601835930, 1, 354, 604, 452, 0, 1.65%, 0, 0, 8, 492.93 1080 17643873
1601836154, 1, 359, 604, 451, 0, 1.65%, 0, 0, 8, 475.71 1080 17739019
1601836414, 1, 361, 604, 450, 0, 1.65%, 0, 0, 8, 459.35 1080 17842927
1601836750, 1, 366, 604, 449, 0, 1.65%, 0, 0, 8, 436.20 1080 17963555
1601837188, 1, 380, 604, 448, 0, 1.65%, 0, 0, 8, 508.04 1080 18108138
1601837512, 1, 380, 605, 449, 0, 1.65%, 0, 0, 8, 94.21 1080 18137587
1601839737, 1, 381, 605, 448, 0, 1.65%, 0, 0, 8, 348.51 1080 18353756
1601841966, 1, 384, 605, 447, 0, 1.65%, 0, 0, 8, 333.79 1080 18599382
1601842709, 1, 403, 605, 446, 0, 1.65%, 0, 0, 8, 430.25 1080 18779672
1601842912, 1, 407, 605, 445, 0, 1.65%, 0, 0, 8, 471.59 1080 18869274
1601843122, 1, 408, 605, 444, 0, 1.65%, 0, 0, 8, 476.66 1080 18959789
1601843352, 1, 409, 605, 443, 0, 1.65%, 0, 0, 8, 477.97 1080 19053829
1601843582, 1, 412, 605, 442, 0, 1.65%, 0, 0, 8, 466.93 1080 19149033
1601843817, 1, 413, 605, 441, 0, 1.65%, 0, 0, 8, 468.77 1080 19245006
1601844057, 1, 414, 605, 440, 0, 1.65%, 0, 0, 8, 447.08 1080 19340763
1601844302, 1, 416, 605, 439, 0, 1.65%, 0, 0, 8, 472.12 1080 19439800
1601844562, 1, 421, 605, 438, 0, 1.65%, 0, 0, 8, 444.96 1080 19540777
1601844869, 1, 428, 605, 437, 0, 1.65%, 0, 0, 8, 450.99 1080 19652594
1601845130, 1, 434, 605, 436, 0, 1.65%, 0, 0, 8, 445.06 1080 19754156
1601847582, 1, 437, 605, 435, 0, 1.65%, 0, 0, 8, 429.88 1080 20001505
1601847979, 1, 442, 605, 434, 0, 1.65%, 0, 0, 8, 416.09 1080 20133768
1601850902, 1, 444, 605, 433, 0, 1.65%, 0, 0, 8, 409.42 1080 20379278
1601851141, 1, 444, 606, 434, 0, 1.65%, 0, 0, 8, 460.76 1080 20398694
1601851295, 1, 444, 608, 436, 0, 1.65%, 0, 0, 8, 76.59 1080 20410403
1601851300, 1, 444, 609, 437, 0, 1.65%, 0, 0, 8, 56.01 1080 20411084
1601853966, 1, 450, 610, 437, 0, 1.65%, 0, 0, 8, 386.26 1080 20626854
1601853971, 1, 450, 611, 438, 0, 1.65%, 0, 0, 8, 289.92 1080 20628294
1601854333, 1, 452, 611, 437, 0, 1.65%, 0, 0, 8, 418.57 1080 20745836
1601854343, 1, 452, 615, 441, 0, 1.65%, 0, 0, 8, 297.86 1080 20749530
1601854674, 1, 612, 615, 440, 2, 1.65%, 0, 0, 8, 434.03 1080 20862439
1601854801, 1, 612, 616, 441, 2, 1.65%, 0, 0, 8, 487.35 1080 20916189
1601854882, 1, 613, 616, 440, 1, 1.65%, 0, 0, 8, 483.72 1080 20954333
1601854908, 1, 613, 617, 441, 1, 1.65%, 0, 0, 8, 361.74 1080 20962320
1601854969, 1, 613, 618, 442, 1, 1.65%, 0, 0, 8, 435.34 1080 20982673
1601855127, 1, 615, 618, 441, 0, 1.65%, 0, 0, 8, 490.42 1080 21052134
1601855331, 1, 617, 618, 440, 0, 1.65%, 0, 0, 8, 492.99 1080 21142219
1601855601, 2, 0, 618, 439, 0, 1.65%, 0, 0, 8, 461.84 1080 21238978
1601855607, 2, 18, 618, 439, 0, 1.65%, 0, 0, 8, 553.05 1080 21242161
1601856168, 2, 20, 618, 438, 0, 1.65%, 0, 0, 8, 486.98 1080 21488753
1601856438, 2, 21, 618, 437, 0, 1.65%, 0, 0, 8, 447.77 1080 21609141
1601857019, 2, 23, 618, 436, 0, 1.65%, 0, 0, 8, 494.69 1080 21855408
1601857034, 2, 34, 618, 435, 0, 1.65%, 0, 0, 8, 655.64 1080 21864789
1601857039, 2, 43, 618, 435, 0, 1.65%, 0, 0, 8, 608.78 1080 21867797
1601857060, 2, 55, 618, 434, 0, 1.65%, 0, 0, 8, 625.29 1080 21879767
1601857065, 2, 64, 618, 434, 0, 1.65%, 0, 0, 8, 558.67 1080 21882622
1601857188, 2, 64, 619, 435, 0, 1.65%, 0, 0, 8, 488.30 1082 21943863
1601857198, 2, 262, 619, 434, 1, 1.65%, 0, 0, 8, 483.67 1082 21949076
1601858159, 2, 262, 620, 435, 1, 1.65%, 0, 0, 8, 369.65 1082 22193281
1601858164, 2, 343, 620, 434, 1, 1.65%, 0, 0, 8, 450.73 1082 22195675
1601858753, 2, 445, 620, 433, 1, 1.65%, 0, 0, 8, 430.81 1082 22370222
1601858819, 2, 445, 621, 434, 1, 1.66%, 0, 0, 8, 266.60 1086 22378483
1601860551, 2, 607, 621, 433, 2, 1.66%, 0, 0, 8, 279.86 1086 22614388
1601863606, 2, 607, 622, 434, 2, 1.66%, 0, 0, 8, 341.13 1087 22861388
1601863616, 2, 619, 622, 433, 3, 1.66%, 0, 0, 8, 445.75 1087 22865307
1601864112, 2, 619, 623, 434, 3, 1.66%, 0, 0, 8, 482.17 1087 23101087
1601864117, 2, 619, 624, 435, 3, 1.66%, 0, 0, 8, 485.15 1087 23103570
1601864138, 2, 619, 625, 436, 3, 1.66%, 0, 0, 8, 486.08 1087 23113487
1601864163, 2, 620, 625, 435, 2, 1.66%, 0, 0, 8, 434.68 1087 23125671
1601864398, 2, 620, 626, 436, 2, 1.66%, 0, 0, 8, 122.80 1087 23156248
