# unix_time, cycles_done, cur_path, paths_total, pending_total, pending_favs, map_size, unique_crashes, unique_hangs, max_depth, execs_per_sec, edge_coverage, total_execs
1606322176, 0, 0, 1, 1, 1, 1.77%, 0, 0, 1, 888.89, 1161, 8
1606322181, 0, 0, 61, 61, 1, 2.27%, 0, 0, 2, 1151.77, 1490, 6364
1606322186, 0, 0, 73, 73, 1, 2.28%, 0, 0, 2, 1200.89, 1495, 12494
1606322191, 0, 0, 75, 75, 1, 2.28%, 0, 0, 2, 1212.69, 1497, 18798
1606322196, 0, 0, 78, 78, 1, 2.28%, 0, 0, 2, 1213.79, 1497, 25086
1606322202, 0, 0, 79, 79, 1, 2.28%, 0, 0, 2, 1218.82, 1497, 31382
1606322212, 0, 3, 81, 78, 42, 2.29%, 0, 0, 3, 1221.83, 1502, 43901
1606322217, 0, 6, 81, 76, 40, 2.29%, 0, 0, 3, 1212.94, 1502, 50022
1606322222, 0, 8, 81, 75, 39, 2.29%, 0, 0, 3, 1210.21, 1502, 56118
1606322227, 0, 12, 85, 78, 38, 2.30%, 0, 0, 3, 1207.16, 1508, 62237
1606322232, 0, 13, 87, 79, 41, 2.31%, 0, 0, 3, 1204.91, 1511, 68299
1606322237, 0, 14, 90, 81, 40, 2.37%, 0, 0, 3, 1202.89, 1553, 74348
1606322242, 0, 15, 91, 81, 42, 2.37%, 0, 0, 3, 1202.55, 1553, 80607
1606322247, 0, 16, 91, 80, 41, 2.37%, 0, 0, 3, 1200.92, 1553, 86845
1606322252, 0, 17, 91, 79, 40, 2.37%, 0, 0, 3, 1200.34, 1553, 92891
1606322258, 0, 19, 91, 78, 39, 2.37%, 0, 0, 3, 1198.89, 1553, 99142
1606322263, 0, 20, 92, 78, 38, 2.37%, 0, 0, 3, 1202.39, 1553, 105183
1606322268, 0, 21, 92, 77, 37, 2.37%, 0, 0, 3, 1202.80, 1553, 111231
1606322273, 0, 21, 95, 80, 37, 2.37%, 0, 0, 3, 1203.49, 1553, 117279
1606322278, 0, 23, 99, 82, 35, 2.40%, 0, 0, 3, 1202.41, 1571, 123386
1606322283, 0, 24, 99, 81, 37, 2.40%, 0, 0, 3, 1199.31, 1571, 129582
1606322288, 0, 25, 102, 83, 36, 2.40%, 0, 0, 3, 1196.76, 1573, 135588
1606322293, 0, 27, 102, 82, 36, 2.40%, 0, 0, 3, 1193.88, 1573, 141629
1606322298, 0, 30, 103, 82, 35, 2.40%, 0, 0, 3, 1195.89, 1573, 147665
1606322303, 0, 31, 104, 82, 35, 2.40%, 0, 0, 3, 1197.19, 1573, 153708
1606322308, 0, 32, 106, 83, 34, 2.42%, 0, 0, 3, 1199.76, 1584, 159729
1606322313, 0, 32, 107, 84, 34, 2.42%, 0, 0, 3, 1193.29, 1584, 165767
1606322318, 0, 33, 109, 85, 34, 2.44%, 0, 0, 3, 1198.54, 1597, 171802
1606322323, 0, 34, 111, 86, 34, 2.44%, 0, 0, 3, 1185.55, 1597, 177801
1606322328, 0, 35, 112, 86, 34, 2.44%, 0, 0, 3, 1197.70, 1597, 183834
1606322333, 0, 36, 115, 88, 33, 2.44%, 0, 0, 3, 1185.01, 1601, 189850
1606322338, 0, 37, 116, 88, 33, 2.44%, 0, 0, 3, 1194.06, 1601, 195855
1606322344, 0, 38, 116, 87, 32, 2.44%, 0, 0, 3, 1184.86, 1601, 201855
1606322349, 0, 39, 117, 87, 31, 2.44%, 0, 0, 3, 1182.96, 1601, 207882
1606322354, 0, 40, 118, 87, 30, 2.44%, 0, 0, 3, 1193.07, 1601, 213920
1606322359, 0, 41, 119, 87, 29, 2.44%, 0, 0, 3, 1177.11, 1601, 219902
1606322364, 0, 42, 120, 87, 28, 2.44%, 0, 0, 3, 1141.42, 1601, 225772
1606322369, 0, 43, 120, 86, 28, 2.44%, 0, 0, 3, 1160.76, 1601, 231634
1606322374, 0, 45, 121, 86, 27, 2.44%, 0, 0, 3, 1189.36, 1601, 237636
1606322379, 0, 46, 122, 86, 26, 2.44%, 0, 0, 3, 1185.04, 1601, 243684
1606322384, 0, 47, 123, 86, 26, 2.44%, 0, 0, 3, 1188.42, 1601, 249717
1606322389, 0, 47, 124, 87, 26, 2.44%, 0, 0, 3, 1190.63, 1601, 255763
1606322394, 0, 62, 124, 84, 24, 2.44%, 0, 0, 3, 1194.23, 1601, 261782
1606322404, 0, 66, 124, 83, 23, 2.44%, 0, 0, 3, 1203.20, 1601, 273922
1606322410, 0, 73, 124, 82, 23, 2.44%, 0, 0, 3, 1188.92, 1601, 279983
1606322415, 0, 79, 125, 82, 23, 2.44%, 0, 0, 3, 1202.25, 1601, 286091
1606322425, 0, 82, 126, 82, 22, 2.44%, 0, 0, 4, 1188.70, 1601, 298113
1606322430, 0, 84, 126, 80, 20, 2.44%, 0, 0, 4, 1190.57, 1601, 304081
1606322435, 0, 85, 126, 79, 19, 2.44%, 0, 0, 4, 1174.42, 1601, 310076
1606322445, 0, 87, 127, 79, 18, 2.44%, 0, 0, 4, 1156.16, 1601, 321897
1606322450, 0, 88, 128, 79, 17, 2.44%, 0, 0, 4, 1139.02, 1601, 327669
1606322455, 0, 89, 129, 79, 16, 2.44%, 0, 0, 4, 1155.38, 1601, 333484
1606322460, 0, 93, 131, 80, 15, 2.44%, 0, 0, 4, 1148.97, 1601, 339227
1606322465, 0, 96, 131, 79, 14, 2.44%, 0, 0, 4, 1144.92, 1601, 345023
1606322470, 0, 97, 132, 79, 13, 2.44%, 0, 0, 4, 1146.76, 1601, 350796
1606322475, 0, 98, 132, 78, 12, 2.44%, 0, 0, 4, 1170.17, 1601, 356749
1606322480, 0, 99, 133, 78, 11, 2.44%, 0, 0, 4, 1146.88, 1601, 362607
1606322485, 0, 102, 134, 78, 11, 2.47%, 0, 0, 4, 1130.42, 1618, 368250
1606322490, 0, 102, 135, 79, 11, 2.47%, 0, 0, 4, 1149.96, 1618, 374054
1606322495, 0, 105, 136, 79, 10, 2.47%, 0, 0, 4, 1144.22, 1621, 379855
1606322501, 0, 107, 136, 78, 10, 2.47%, 0, 0, 4, 1147.02, 1621, 385672
1606322506, 0, 110, 136, 77, 9, 2.47%, 0, 0, 4, 1154.61, 1621, 391498
1606322511, 0, 113, 136, 76, 8, 2.47%, 0, 0, 4, 1142.69, 1621, 397305
1606322516, 0, 114, 140, 79, 8, 2.48%, 0, 0, 4, 1151.91, 1627, 403097
1606322521, 0, 119, 140, 78, 8, 2.48%, 0, 0, 4, 1146.33, 1627, 408862
1606322526, 0, 122, 140, 77, 7, 2.48%, 0, 0, 4, 1146.58, 1627, 414613
1606322531, 0, 123, 140, 76, 6, 2.48%, 0, 0, 4, 1158.11, 1627, 420485
1606322541, 0, 124, 140, 75, 5, 2.48%, 0, 0, 4, 1110.52, 1627, 431670
1606322546, 0, 133, 140, 74, 4, 2.48%, 0, 0, 4, 1127.85, 1627, 437413
1606322551, 0, 135, 141, 74, 3, 2.48%, 0, 0, 5, 1151.88, 1627, 443235
1606322561, 0, 136, 141, 73, 2, 2.48%, 0, 0, 5, 1147.12, 1627, 454838
1606322566, 0, 138, 141, 72, 1, 2.48%, 0, 0, 5, 1154.83, 1627, 460693
1606322571, 1, 8, 141, 71, 0, 2.48%, 0, 0, 5, 1148.84, 1627, 466592
1606322576, 1, 9, 141, 71, 0, 2.48%, 0, 0, 5, 1153.97, 1627, 472430
1606322581, 1, 10, 141, 70, 0, 2.48%, 0, 0, 5, 1121.27, 1627, 478246
1606322587, 1, 14, 141, 68, 0, 2.48%, 0, 0, 5, 1111.57, 1627, 483951
1606322592, 1, 18, 142, 69, 0, 2.50%, 0, 0, 5, 1126.78, 1637, 489701
1606322597, 1, 141, 144, 70, 1, 2.50%, 0, 0, 5, 1133.90, 1637, 495482
1606322602, 1, 141, 145, 71, 1, 2.50%, 0, 0, 5, 1124.27, 1637, 501200
1606322607, 1, 142, 147, 72, 0, 2.50%, 0, 0, 5, 1124.88, 1637, 506955
1606322612, 1, 142, 149, 74, 0, 2.50%, 0, 0, 5, 1124.45, 1637, 512643
1606322622, 1, 146, 149, 73, 0, 2.50%, 0, 0, 5, 1127.65, 1637, 524214
1606322632, 2, 7, 149, 72, 0, 2.50%, 0, 0, 5, 1125.07, 1637, 535618
1606322638, 2, 17, 149, 71, 0, 2.50%, 0, 0, 5, 1129.86, 1637, 541300
1606322643, 2, 51, 150, 72, 0, 2.50%, 0, 0, 5, 1128.76, 1637, 547168
1606322648, 2, 63, 150, 70, 0, 2.50%, 0, 0, 5, 1142.48, 1637, 552909
1606322653, 2, 67, 150, 69, 0, 2.50%, 0, 0, 5, 1132.98, 1637, 558671
1606322663, 2, 74, 150, 68, 0, 2.50%, 0, 0, 5, 1125.74, 1637, 570123
1606322668, 2, 79, 150, 67, 0, 2.50%, 0, 0, 5, 1118.69, 1637, 575865
1606322673, 2, 91, 152, 69, 0, 2.50%, 0, 0, 5, 1114.25, 1637, 581687
1606322684, 2, 104, 153, 69, 0, 2.50%, 0, 0, 5, 1148.43, 1640, 593449
1606322689, 2, 152, 153, 68, 1, 2.50%, 0, 0, 5, 1120.45, 1640, 599084
1606322699, 3, 25, 153, 67, 0, 2.50%, 0, 0, 5, 1129.64, 1640, 610525
1606322704, 3, 29, 153, 67, 0, 2.50%, 0, 0, 5, 1117.29, 1640, 616082
1606322709, 3, 44, 153, 66, 0, 2.50%, 0, 0, 5, 1140.16, 1640, 622035
1606322714, 3, 57, 153, 65, 0, 2.50%, 0, 0, 5, 1139.85, 1640, 627788
1606322719, 3, 57, 154, 66, 0, 2.50%, 0, 0, 5, 1164.14, 1640, 633717
1606322730, 3, 61, 154, 65, 0, 2.50%, 0, 0, 5, 1171.91, 1640, 645675
1606322735, 3, 64, 154, 64, 0, 2.50%, 0, 0, 5, 1183.64, 1640, 651667
1606322740, 3, 70, 154, 63, 0, 2.50%, 0, 0, 5, 1154.82, 1640, 657491
1606322745, 3, 72, 155, 63, 0, 2.50%, 0, 0, 5, 1159.69, 1640, 663389
1606322755, 3, 75, 156, 63, 0, 2.50%, 0, 0, 5, 1177.67, 1640, 675190
1606322765, 3, 76, 156, 62, 0, 2.50%, 0, 0, 5, 1143.02, 1640, 686897
1606322770, 3, 80, 156, 61, 0, 2.50%, 0, 0, 5, 1164.25, 1640, 692755
1606322775, 3, 81, 156, 60, 0, 2.50%, 0, 0, 5, 1151.90, 1640, 698659
1606322780, 3, 90, 159, 62, 0, 2.51%, 0, 0, 5, 1163.88, 1642, 704571
1606322785, 3, 158, 160, 62, 2, 2.51%, 0, 0, 5, 1162.68, 1645, 710554
1606322796, 3, 159, 160, 61, 1, 2.51%, 0, 0, 5, 1156.36, 1645, 722505
1606322893, 3, 159, 165, 66, 1, 2.52%, 0, 0, 5, 1141.63, 1651, 832556
1606322898, 3, 159, 166, 67, 1, 2.53%, 0, 0, 5, 1139.53, 1660, 838350
1606322918, 3, 160, 167, 67, 2, 2.53%, 0, 0, 5, 1146.30, 1660, 861542
1606323107, 3, 165, 168, 67, 1, 2.53%, 0, 0, 6, 1134.41, 1660, 1073638
1606323204, 3, 165, 169, 68, 1, 2.53%, 0, 0, 6, 1131.91, 1660, 1182546
1606323209, 3, 166, 170, 68, 0, 2.53%, 0, 0, 6, 1040.61, 1660, 1187900
1606323230, 3, 166, 171, 69, 0, 2.53%, 0, 0, 6, 993.12, 1660, 1207816
1606323265, 3, 166, 172, 70, 0, 2.53%, 0, 0, 6, 977.73, 1660, 1242860
1606323270, 3, 166, 173, 71, 0, 2.53%, 0, 0, 6, 966.90, 1660, 1247713
1606324891, 3, 166, 176, 74, 0, 2.53%, 0, 0, 6, 969.31, 1660, 2843733
1606324896, 3, 166, 177, 75, 0, 2.53%, 0, 0, 6, 932.76, 1660, 2848578
1606324906, 3, 166, 178, 76, 0, 2.53%, 0, 0, 6, 961.02, 1660, 2858341
1606324922, 3, 170, 178, 75, 0, 2.53%, 0, 0, 6, 972.42, 1660, 2873277
1606325522, 3, 170, 179, 76, 0, 2.53%, 0, 0, 7, 990.62, 1660, 3465960
1606335971, 3, 172, 179, 75, 0, 2.53%, 0, 0, 7, 1008.09, 1660, 13962018
1606348012, 3, 175, 179, 74, 0, 2.53%, 0, 0, 7, 926.16, 1660, 25044727
1606351501, 4, 11, 179, 73, 0, 2.53%, 0, 0, 7, 965.07, 1660, 28146220
1606351507, 4, 62, 179, 73, 0, 2.53%, 0, 0, 7, 1121.51, 1660, 28152135
1606351512, 4, 65, 179, 73, 0, 2.53%, 0, 0, 7, 1136.57, 1660, 28157951
1606351517, 4, 68, 179, 72, 0, 2.53%, 0, 0, 7, 1151.89, 1660, 28163837
1606351522, 4, 77, 179, 71, 0, 2.53%, 0, 0, 7, 1164.22, 1660, 28169719
1606351532, 4, 87, 179, 70, 0, 2.53%, 0, 0, 7, 1170.72, 1660, 28181716
1606351537, 4, 108, 179, 70, 0, 2.53%, 0, 0, 7, 1152.18, 1660, 28187616
1606351542, 4, 109, 180, 70, 0, 2.53%, 0, 0, 7, 1145.80, 1660, 28193480
1606351547, 4, 109, 181, 71, 0, 2.53%, 0, 0, 7, 1148.02, 1660, 28199241
1606351552, 4, 126, 181, 70, 0, 2.53%, 0, 0, 7, 1144.36, 1660, 28204989
1606351562, 4, 126, 184, 73, 0, 2.53%, 0, 0, 7, 1154.72, 1660, 28216655
1606351567, 4, 129, 184, 72, 0, 2.53%, 0, 0, 7, 1147.92, 1660, 28222424
1606351573, 4, 130, 185, 72, 0, 2.53%, 0, 0, 7, 1159.46, 1660, 28228345
1606351583, 4, 140, 186, 72, 0, 2.53%, 0, 0, 7, 1150.39, 1660, 28239926
1606351593, 4, 140, 188, 74, 0, 2.53%, 0, 0, 7, 1151.18, 1660, 28251580
1606351598, 4, 140, 189, 75, 0, 2.53%, 0, 0, 7, 1154.71, 1660, 28257430
1606351608, 4, 143, 192, 77, 0, 2.53%, 0, 0, 7, 1173.99, 1660, 28269199
1606351613, 4, 143, 193, 78, 0, 2.53%, 0, 0, 7, 1142.10, 1660, 28275086
1606351618, 4, 145, 193, 77, 0, 2.53%, 0, 0, 7, 1120.94, 1660, 28280802
1606351628, 4, 148, 195, 78, 0, 2.53%, 0, 0, 7, 1138.19, 1660, 28292351
1606351638, 4, 148, 196, 79, 0, 2.53%, 0, 0, 7, 1149.32, 1660, 28303963
1606351643, 4, 148, 197, 80, 0, 2.53%, 0, 0, 7, 1177.94, 1660, 28310002
1606351649, 4, 148, 199, 82, 0, 2.53%, 0, 0, 7, 1159.62, 1660, 28315975
1606351659, 4, 148, 200, 83, 0, 2.53%, 0, 0, 7, 1154.92, 1660, 28327575
1606351669, 4, 151, 202, 84, 0, 2.53%, 0, 0, 7, 1152.74, 1660, 28339534
1606351674, 4, 151, 204, 86, 0, 2.53%, 0, 0, 7, 1137.51, 1660, 28345261
1606351689, 4, 154, 204, 85, 0, 2.53%, 0, 0, 7, 1156.58, 1660, 28362987
1606351699, 4, 155, 205, 85, 0, 2.53%, 0, 0, 7, 1144.63, 1660, 28374512
1606351710, 4, 160, 205, 84, 0, 2.53%, 0, 0, 7, 1149.48, 1660, 28386044
1606351715, 4, 161, 205, 84, 0, 2.53%, 0, 0, 7, 1088.06, 1660, 28391441
1606352485, 4, 167, 205, 83, 0, 2.53%, 0, 0, 7, 1111.46, 1660, 29218793
1606352577, 4, 167, 206, 84, 0, 2.56%, 0, 0, 7, 1125.17, 1679, 29322606
1606352587, 4, 205, 206, 83, 1, 2.56%, 0, 0, 7, 1137.37, 1679, 29334216
1606352685, 4, 205, 207, 84, 1, 2.63%, 0, 0, 8, 1147.28, 1725, 29444558
1606352695, 4, 206, 216, 92, 1, 2.66%, 0, 0, 9, 1138.61, 1744, 29456118
1606352813, 4, 211, 216, 91, 2, 2.66%, 0, 0, 9, 1124.97, 1744, 29588764
1606352921, 4, 213, 216, 90, 2, 2.66%, 0, 0, 9, 1143.24, 1744, 29710444
1606353039, 4, 215, 216, 89, 1, 2.66%, 0, 0, 9, 1137.24, 1744, 29842526
1606353152, 5, 4, 216, 88, 0, 2.66%, 0, 0, 9, 1143.78, 1744, 29968539
1606353157, 5, 19, 216, 87, 0, 2.66%, 0, 0, 9, 1154.49, 1744, 29974579
1606353162, 5, 49, 216, 87, 0, 2.66%, 0, 0, 9, 1163.20, 1744, 29980532
1606353167, 5, 50, 216, 86, 0, 2.66%, 0, 0, 9, 1161.51, 1744, 29986311
1606353177, 5, 55, 216, 85, 0, 2.66%, 0, 0, 9, 1179.09, 1744, 29998298
1606353188, 5, 78, 216, 84, 0, 2.66%, 0, 0, 9, 1158.13, 1744, 30010165
1606353193, 5, 94, 216, 83, 0, 2.66%, 0, 0, 9, 1162.91, 1744, 30016204
1606353208, 5, 112, 216, 82, 0, 2.66%, 0, 0, 9, 1159.99, 1744, 30033980
1606353213, 5, 115, 216, 81, 0, 2.66%, 0, 0, 9, 1149.59, 1744, 30039778
1606353218, 5, 115, 217, 82, 0, 2.66%, 0, 0, 9, 1153.98, 1744, 30045597
1606353223, 5, 116, 217, 81, 0, 2.66%, 0, 0, 9, 1153.06, 1744, 30051400
1606353228, 5, 128, 217, 80, 0, 2.66%, 0, 0, 9, 1149.36, 1744, 30057380
1606353234, 5, 138, 218, 80, 0, 2.66%, 0, 0, 9, 1166.65, 1744, 30063309
1606353239, 5, 149, 218, 80, 0, 2.66%, 0, 0, 9, 1155.25, 1744, 30069253
1606353244, 5, 157, 218, 79, 0, 2.66%, 0, 0, 9, 1153.74, 1744, 30075085
1606353269, 5, 168, 218, 78, 0, 2.66%, 0, 0, 9, 1129.77, 1744, 30104421
1606353372, 5, 169, 218, 77, 0, 2.66%, 0, 0, 9, 1083.79, 1744, 30219162
1606353728, 5, 169, 219, 78, 0, 2.66%, 0, 0, 9, 1089.09, 1744, 30607300
1606353733, 5, 176, 219, 77, 0, 2.66%, 0, 0, 9, 1078.47, 1744, 30612762
1606357339, 5, 179, 219, 76, 0, 2.66%, 0, 0, 9, 933.52, 1744, 33822114
1606357349, 5, 179, 220, 77, 0, 2.66%, 0, 0, 9, 1153.88, 1744, 33833854
1606357354, 5, 179, 221, 78, 0, 2.66%, 0, 0, 9, 1158.39, 1744, 33839796
1606357380, 5, 182, 221, 77, 0, 2.66%, 0, 0, 9, 1135.61, 1744, 33869254
1606357385, 5, 182, 223, 79, 0, 2.66%, 0, 0, 9, 1155.98, 1744, 33875105
1606357395, 5, 182, 224, 80, 0, 2.66%, 0, 0, 9, 1159.80, 1744, 33886912
1606357400, 5, 187, 224, 79, 0, 2.66%, 0, 0, 9, 1163.18, 1744, 33892779
1606357420, 5, 187, 225, 80, 0, 2.66%, 0, 0, 9, 1156.51, 1744, 33916197
1606357431, 5, 203, 226, 80, 0, 2.66%, 0, 0, 9, 1175.94, 1744, 33928205
1606357451, 5, 203, 227, 81, 0, 2.66%, 0, 0, 9, 1179.11, 1744, 33952360
1606357456, 5, 203, 229, 83, 0, 2.66%, 0, 0, 9, 1174.59, 1744, 33958402
1606357467, 5, 203, 230, 84, 0, 2.66%, 0, 0, 9, 1150.36, 1744, 33970416
1606357477, 5, 204, 230, 83, 0, 2.66%, 0, 0, 9, 1147.11, 1744, 33981991
1606357487, 5, 204, 231, 84, 0, 2.66%, 0, 0, 9, 1176.10, 1744, 33994045
1606357497, 5, 210, 231, 83, 0, 2.66%, 0, 0, 9, 1172.66, 1744, 34006102
1606357610, 5, 214, 231, 82, 0, 2.66%, 0, 0, 9, 1129.75, 1744, 34131752
1606357722, 5, 220, 231, 81, 0, 2.66%, 0, 0, 9, 1109.41, 1744, 34258137
1606357742, 5, 220, 233, 83, 0, 2.66%, 0, 0, 9, 1179.98, 1744, 34281744
1606357752, 5, 220, 234, 84, 0, 2.66%, 0, 0, 9, 1174.22, 1744, 34293735
1606357757, 5, 220, 235, 85, 0, 2.66%, 0, 0, 9, 1184.99, 1744, 34299792
1606357768, 5, 226, 235, 84, 0, 2.66%, 0, 0, 9, 1171.37, 1744, 34311810
1606357793, 5, 226, 236, 85, 0, 2.66%, 0, 0, 9, 1149.43, 1744, 34340990
1606357798, 5, 226, 237, 86, 0, 2.66%, 0, 0, 9, 1170.51, 1744, 34347013
1606357813, 5, 226, 238, 87, 0, 2.66%, 0, 0, 9, 1145.87, 1744, 34364722
1606357819, 5, 228, 238, 86, 0, 2.66%, 0, 0, 9, 1161.58, 1744, 34370655
1606357844, 5, 228, 239, 87, 0, 2.66%, 0, 0, 9, 1153.85, 1744, 34400346
1606357860, 5, 233, 239, 86, 0, 2.66%, 0, 0, 9, 1157.73, 1744, 34418204
1606357865, 5, 233, 240, 87, 0, 2.66%, 0, 0, 9, 1159.35, 1744, 34424019
1606357880, 5, 234, 240, 86, 0, 2.66%, 0, 0, 9, 1149.43, 1744, 34441814
1606357911, 5, 234, 241, 87, 0, 2.66%, 0, 0, 9, 1167.02, 1744, 34476957
1606357926, 5, 235, 241, 86, 0, 2.66%, 0, 0, 9, 1135.82, 1744, 34494592
1606357967, 5, 235, 242, 87, 0, 2.66%, 0, 0, 9, 1179.65, 1744, 34541946
1606357972, 5, 235, 243, 88, 0, 2.66%, 0, 0, 9, 1181.94, 1744, 34548026
1606357987, 5, 240, 244, 88, 0, 2.66%, 0, 0, 9, 1140.38, 1744, 34565789
1606357992, 5, 240, 245, 89, 0, 2.66%, 0, 0, 9, 1143.83, 1744, 34571592
1606358002, 5, 240, 246, 90, 0, 2.66%, 0, 0, 9, 1152.71, 1744, 34583225
1606358038, 5, 240, 249, 93, 0, 2.66%, 0, 0, 9, 1153.27, 1744, 34624029
1606358043, 5, 240, 251, 95, 0, 2.66%, 0, 0, 9, 1148.87, 1744, 34629761
1606358048, 5, 240, 252, 96, 0, 2.66%, 0, 0, 9, 1170.65, 1744, 34635760
1606358064, 5, 243, 252, 95, 0, 2.66%, 0, 0, 9, 1139.65, 1744, 34653389
1606358130, 5, 243, 254, 97, 0, 2.66%, 0, 0, 9, 1178.10, 1744, 34728775
1606358135, 5, 243, 256, 99, 0, 2.66%, 0, 0, 9, 1156.24, 1744, 34734702
1606358145, 5, 243, 257, 100, 0, 2.66%, 0, 0, 9, 1156.73, 1744, 34746325
1606358150, 5, 248, 257, 99, 0, 2.66%, 0, 0, 9, 1135.73, 1744, 34752102
1606358160, 5, 248, 258, 100, 0, 2.66%, 0, 0, 9, 1102.07, 1744, 34763451
1606358166, 5, 248, 259, 101, 0, 2.66%, 0, 0, 9, 1098.19, 1744, 34768991
1606358232, 5, 248, 261, 103, 0, 2.66%, 0, 0, 9, 1138.28, 1744, 34844435
1606358237, 5, 248, 264, 106, 0, 2.66%, 0, 0, 9, 1146.05, 1744, 34850223
1606358242, 5, 248, 265, 107, 0, 2.66%, 0, 0, 9, 1158.06, 1744, 34856184
1606358247, 5, 248, 266, 108, 0, 2.66%, 0, 0, 9, 1153.02, 1744, 34862126
1606358252, 5, 250, 266, 107, 0, 2.66%, 0, 0, 9, 1149.19, 1744, 34867978
1606358329, 5, 256, 268, 108, 0, 2.66%, 0, 0, 10, 1135.30, 1744, 34955245
1606358415, 5, 256, 271, 111, 0, 2.66%, 0, 0, 10, 1141.00, 1744, 35053867
1606358436, 5, 260, 271, 110, 0, 2.66%, 0, 0, 10, 1162.56, 1744, 35077661
1606358446, 5, 260, 272, 111, 0, 2.66%, 0, 0, 10, 1148.52, 1744, 35089221
1606358543, 5, 261, 272, 110, 0, 2.66%, 0, 0, 10, 1156.94, 1744, 35200123
1606358634, 5, 265, 272, 109, 0, 2.66%, 0, 0, 10, 1178.05, 1744, 35304691
1606358736, 5, 266, 273, 109, 0, 2.66%, 0, 0, 11, 1153.57, 1744, 35420636
1606358828, 5, 266, 274, 110, 0, 2.66%, 0, 0, 11, 1132.63, 1744, 35524649
1606358848, 5, 268, 274, 109, 0, 2.66%, 0, 0, 11, 1154.87, 1744, 35548205
1606358945, 5, 272, 274, 108, 0, 2.66%, 0, 0, 11, 1157.50, 1744, 35658110
1606359047, 5, 273, 274, 107, 0, 2.66%, 0, 0, 11, 1132.19, 1744, 35773284
1606359145, 5, 273, 275, 108, 0, 2.66%, 0, 0, 12, 1139.05, 1744, 35883132
1606359160, 6, 22, 275, 107, 0, 2.66%, 0, 0, 12, 1155.06, 1744, 35900714
1606359165, 6, 26, 275, 107, 0, 2.66%, 0, 0, 12, 1177.87, 1744, 35906712
1606359170, 6, 79, 275, 106, 0, 2.66%, 0, 0, 12, 1179.43, 1744, 35912825
1606359175, 6, 86, 275, 106, 0, 2.66%, 0, 0, 12, 1137.23, 1744, 35918583
1606359181, 6, 92, 275, 105, 0, 2.66%, 0, 0, 12, 1151.42, 1744, 35924586
1606359186, 6, 113, 275, 104, 0, 2.66%, 0, 0, 12, 1154.70, 1744, 35930384
1606359191, 6, 121, 275, 104, 0, 2.66%, 0, 0, 12, 1163.39, 1744, 35936346
1606359196, 6, 127, 275, 103, 0, 2.66%, 0, 0, 12, 1151.95, 1744, 35942259
1606359201, 6, 134, 275, 102, 0, 2.66%, 0, 0, 12, 1177.29, 1744, 35948279
1606359211, 6, 134, 276, 103, 0, 2.66%, 0, 0, 12, 1175.94, 1744, 35960190
1606359216, 6, 162, 276, 102, 0, 2.66%, 0, 0, 12, 1152.79, 1744, 35965975
1606359696, 6, 173, 276, 101, 0, 2.66%, 0, 0, 12, 979.85, 1744, 36490804
1606362293, 6, 186, 276, 100, 0, 2.66%, 0, 0, 12, 1084.54, 1744, 38976258
1606362314, 6, 190, 276, 99, 0, 2.66%, 0, 0, 12, 1189.16, 1744, 39000025
1606362324, 6, 190, 277, 100, 0, 2.68%, 0, 0, 12, 1176.83, 1755, 39011974
1606362329, 6, 196, 278, 100, 1, 2.68%, 0, 0, 12, 1139.17, 1755, 39017731
1606362354, 6, 276, 278, 99, 1, 2.68%, 0, 0, 12, 1137.46, 1755, 39046902
1606362364, 6, 276, 279, 100, 1, 2.68%, 0, 0, 12, 1173.56, 1755, 39058785
1606362380, 7, 37, 279, 99, 0, 2.68%, 0, 0, 12, 1180.21, 1755, 39076454
1606362385, 7, 71, 279, 99, 0, 2.68%, 0, 0, 12, 1179.84, 1755, 39082496
1606362390, 7, 88, 280, 99, 0, 2.68%, 0, 0, 12, 1138.25, 1755, 39088160
1606362395, 7, 117, 283, 102, 0, 2.68%, 0, 0, 12, 1148.30, 1755, 39094148
1606362405, 7, 138, 284, 102, 0, 2.68%, 0, 0, 12, 1164.01, 1755, 39105908
1606362410, 7, 139, 284, 102, 0, 2.68%, 0, 0, 12, 1184.46, 1755, 39111931
1606362415, 7, 164, 284, 101, 0, 2.68%, 0, 0, 12, 1158.00, 1755, 39117760
1606362696, 7, 171, 284, 100, 0, 2.68%, 0, 0, 12, 1049.13, 1755, 39435231
1606373799, 7, 180, 284, 99, 0, 2.68%, 0, 0, 12, 1036.38, 1755, 50650539
1606373814, 7, 181, 284, 98, 0, 2.68%, 0, 0, 12, 1175.29, 1755, 50668482
1606373835, 7, 184, 286, 99, 0, 2.68%, 0, 0, 12, 1169.39, 1755, 50692474
1606373850, 7, 189, 286, 98, 0, 2.68%, 0, 0, 12, 1159.31, 1755, 50710512
1606373866, 7, 192, 286, 97, 0, 2.68%, 0, 0, 12, 1181.99, 1755, 50728634
1606373881, 7, 207, 286, 96, 0, 2.68%, 0, 0, 12, 1152.25, 1755, 50746054
1606373988, 7, 209, 286, 95, 0, 2.68%, 0, 0, 12, 1173.35, 1755, 50868325
1606374095, 7, 212, 286, 94, 0, 2.68%, 0, 0, 12, 1139.65, 1755, 50989658
1606374207, 7, 219, 286, 93, 0, 2.68%, 0, 0, 12, 1119.75, 1755, 51117028
1606374233, 7, 221, 286, 92, 0, 2.68%, 0, 0, 12, 1143.10, 1755, 51146714
1606374248, 7, 222, 287, 92, 0, 2.68%, 0, 0, 12, 1162.68, 1755, 51164469
1606374264, 7, 222, 288, 93, 0, 2.68%, 0, 0, 12, 1165.27, 1755, 51182272
1606374274, 7, 224, 288, 92, 0, 2.68%, 0, 0, 12, 1163.45, 1755, 51194100
1606374294, 7, 224, 289, 93, 0, 2.68%, 0, 0, 12, 1136.22, 1755, 51217620
1606374309, 7, 227, 289, 92, 0, 2.68%, 0, 0, 12, 1158.14, 1755, 51235070
1606374345, 7, 230, 290, 92, 0, 2.69%, 0, 0, 12, 1143.78, 1765, 51275856
1606374355, 7, 230, 291, 93, 0, 2.69%, 0, 0, 12, 1176.64, 1765, 51287752
1606374370, 7, 249, 291, 92, 1, 2.69%, 0, 0, 12, 1162.20, 1765, 51305886
1606374513, 7, 252, 291, 91, 1, 2.69%, 0, 0, 12, 1140.75, 1765, 51467892
1606374594, 7, 289, 291, 90, 1, 2.69%, 0, 0, 12, 1164.19, 1765, 51560888
1606374599, 7, 289, 292, 91, 1, 2.69%, 0, 0, 12, 1155.65, 1765, 51566810
1606374615, 7, 291, 292, 90, 1, 2.69%, 0, 0, 12, 1124.87, 1765, 51584239
1606374620, 7, 291, 293, 91, 1, 2.69%, 0, 0, 12, 1125.38, 1765, 51590029
1606374635, 7, 291, 294, 92, 1, 2.69%, 0, 0, 12, 1148.52, 1765, 51607402
1606374645, 7, 293, 296, 93, 0, 2.69%, 0, 0, 12, 1149.54, 1765, 51619021
1606374655, 7, 293, 297, 94, 0, 2.69%, 0, 0, 12, 1152.68, 1765, 51630779
1606374676, 7, 296, 298, 94, 1, 2.69%, 0, 0, 12, 1135.61, 1765, 51653809
1606374681, 7, 296, 300, 96, 1, 2.69%, 0, 0, 12, 1152.52, 1765, 51659586
1606374701, 8, 9, 300, 95, 0, 2.69%, 0, 0, 12, 1162.33, 1765, 51682632
1606374706, 8, 35, 300, 94, 0, 2.69%, 0, 0, 12, 1159.78, 1765, 51688500
1606374711, 8, 93, 300, 93, 0, 2.69%, 0, 0, 12, 1169.42, 1765, 51694502
1606374716, 8, 106, 300, 93, 0, 2.69%, 0, 0, 12, 1159.11, 1765, 51700291
1606374721, 8, 111, 300, 92, 0, 2.69%, 0, 0, 12, 1154.82, 1765, 51706296
1606374727, 8, 120, 300, 91, 0, 2.69%, 0, 0, 12, 1166.63, 1765, 51712219
1606374732, 8, 126, 300, 90, 0, 2.69%, 0, 0, 12, 1160.77, 1765, 51717998
1606374737, 8, 144, 300, 90, 0, 2.69%, 0, 0, 12, 1158.08, 1765, 51724005
1606374747, 8, 147, 300, 89, 0, 2.69%, 0, 0, 12, 1151.33, 1765, 51735878
1606374757, 8, 174, 300, 88, 0, 2.69%, 0, 0, 12, 1053.01, 1765, 51747195
1606377732, 8, 185, 300, 87, 0, 2.69%, 0, 0, 12, 926.45, 1765, 54543913
1606377752, 8, 188, 300, 86, 0, 2.69%, 0, 0, 12, 1181.36, 1765, 54567800
1606377773, 8, 200, 300, 85, 0, 2.69%, 0, 0, 12, 1173.52, 1765, 54592071
1606377788, 8, 238, 300, 84, 0, 2.69%, 0, 0, 12, 1195.99, 1765, 54610256
1606377819, 8, 241, 300, 83, 0, 2.69%, 0, 0, 12, 1178.97, 1765, 54646479
1606377890, 8, 263, 300, 82, 0, 2.69%, 0, 0, 12, 1123.39, 1765, 54728637
1606377916, 8, 263, 301, 83, 0, 2.69%, 0, 0, 12, 1149.73, 1765, 54757456
1606378038, 8, 263, 302, 84, 0, 2.69%, 0, 0, 12, 1161.72, 1765, 54896364
1606378043, 8, 263, 303, 85, 0, 2.69%, 0, 0, 12, 1167.81, 1765, 54902421
1606378054, 8, 264, 303, 84, 0, 2.69%, 0, 0, 12, 1147.61, 1765, 54914270
1606378212, 8, 264, 304, 85, 0, 2.69%, 0, 0, 12, 1139.96, 1765, 55092339
1606378232, 8, 277, 305, 85, 0, 2.69%, 0, 0, 12, 1173.42, 1765, 55115800
1606378247, 8, 277, 306, 86, 0, 2.69%, 0, 0, 12, 1144.97, 1765, 55133554
1606378252, 8, 277, 308, 88, 0, 2.69%, 0, 0, 12, 1165.45, 1765, 55139486
1606378273, 8, 285, 308, 87, 0, 2.69%, 0, 0, 12, 1163.62, 1765, 55163571
1606378294, 8, 286, 308, 86, 0, 2.69%, 0, 0, 12, 1172.47, 1765, 55187668
1606378309, 8, 300, 308, 85, 0, 2.69%, 0, 0, 12, 1147.97, 1765, 55205538
1606378452, 8, 300, 309, 86, 0, 2.69%, 0, 0, 12, 1138.49, 1765, 55366209
1606378473, 8, 304, 309, 85, 0, 2.69%, 0, 0, 12, 1150.04, 1765, 55389628
1606378493, 8, 308, 309, 84, 0, 2.69%, 0, 0, 12, 1159.66, 1765, 55413092
1606378672, 9, 13, 309, 83, 0, 2.69%, 0, 0, 12, 1153.50, 1765, 55612376
1606378677, 9, 62, 309, 83, 0, 2.69%, 0, 0, 12, 1173.04, 1765, 55618264
1606378682, 9, 69, 309, 83, 0, 2.69%, 0, 0, 12, 1176.10, 1765, 55624305
1606378687, 9, 100, 309, 82, 0, 2.69%, 0, 0, 12, 1177.93, 1765, 55630361
1606378692, 9, 105, 309, 81, 0, 2.69%, 0, 0, 12, 1172.41, 1765, 55636435
1606378697, 9, 153, 309, 81, 0, 2.69%, 0, 0, 12, 1162.64, 1765, 55642335
1606378713, 9, 177, 309, 80, 0, 2.69%, 0, 0, 12, 1105.26, 1765, 55659432
1606382601, 9, 193, 309, 79, 0, 2.69%, 0, 0, 12, 930.78, 1765, 58993582
1606382621, 9, 197, 309, 78, 0, 2.69%, 0, 0, 12, 1161.32, 1765, 59017419
1606382647, 9, 215, 309, 77, 0, 2.69%, 0, 0, 12, 1163.06, 1765, 59046682
1606382652, 9, 218, 309, 77, 0, 2.69%, 0, 0, 12, 1113.86, 1765, 59052375
1606383055, 9, 232, 309, 76, 0, 2.69%, 0, 0, 12, 1114.43, 1765, 59490342
1606383086, 9, 242, 309, 75, 0, 2.69%, 0, 0, 12, 1138.43, 1765, 59525179
1606383096, 9, 242, 310, 76, 0, 2.69%, 0, 0, 12, 1134.81, 1765, 59536743
1606383163, 9, 246, 310, 75, 0, 2.69%, 0, 0, 12, 1155.48, 1765, 59612336
1606383234, 9, 247, 310, 74, 0, 2.69%, 0, 0, 12, 1117.01, 1765, 59692929
1606383300, 9, 254, 310, 73, 0, 2.69%, 0, 0, 12, 1154.49, 1765, 59768188
1606383367, 9, 269, 310, 72, 0, 2.69%, 0, 0, 12, 1119.95, 1765, 59843149
1606383469, 9, 275, 310, 71, 0, 2.69%, 0, 0, 12, 1157.43, 1765, 59957915
1606383489, 9, 281, 310, 70, 0, 2.69%, 0, 0, 12, 1156.96, 1765, 59981095
1606383499, 9, 281, 311, 71, 0, 2.69%, 0, 0, 12, 1158.14, 1765, 59992848
1606383509, 9, 284, 311, 70, 0, 2.69%, 0, 0, 12, 1166.88, 1765, 60004689
1606383530, 9, 297, 311, 69, 0, 2.69%, 0, 0, 12, 1176.22, 1765, 60028712
1606383545, 9, 297, 312, 70, 0, 2.69%, 0, 0, 12, 1152.68, 1765, 60046252
1606383566, 9, 303, 313, 70, 0, 2.69%, 0, 0, 12, 1094.03, 1765, 60069781
1606383861, 9, 303, 315, 72, 0, 2.69%, 0, 0, 12, 1099.71, 1765, 60387070
1606383871, 10, 16, 315, 71, 0, 2.69%, 0, 0, 12, 1155.90, 1765, 60398712
1606383876, 10, 84, 315, 71, 0, 2.69%, 0, 0, 12, 1166.60, 1765, 60404738
1606383881, 10, 135, 317, 73, 0, 2.69%, 0, 0, 12, 1172.23, 1765, 60410711
1606383886, 10, 150, 317, 73, 0, 2.69%, 0, 0, 12, 1175.75, 1765, 60416679
1606383897, 10, 202, 317, 72, 0, 2.69%, 0, 0, 12, 1169.21, 1765, 60428533
1606383922, 10, 216, 318, 72, 0, 2.69%, 0, 0, 12, 1121.38, 1765, 60457508
1606383937, 10, 239, 318, 71, 0, 2.69%, 0, 0, 12, 1161.01, 1765, 60474862
1606383952, 10, 239, 319, 72, 0, 2.69%, 0, 0, 12, 1159.29, 1765, 60492408
1606383968, 10, 251, 319, 71, 0, 2.69%, 0, 0, 12, 1103.36, 1765, 60509946
1606384065, 10, 253, 319, 70, 0, 2.69%, 0, 0, 12, 1145.90, 1765, 60619608
1606384166, 10, 257, 319, 69, 0, 2.69%, 0, 0, 12, 1151.18, 1765, 60736282
1606384258, 10, 258, 319, 68, 0, 2.69%, 0, 0, 12, 1125.18, 1765, 60840213
1606384365, 10, 283, 319, 67, 0, 2.69%, 0, 0, 12, 1156.22, 1765, 60960409
1606384386, 10, 283, 320, 68, 0, 2.69%, 0, 0, 12, 1164.80, 1765, 60983598
1606384396, 10, 292, 320, 67, 0, 2.69%, 0, 0, 12, 1127.75, 1765, 60995157
1606384401, 10, 292, 321, 68, 0, 2.69%, 0, 0, 12, 1147.33, 1765, 61000948
1606384421, 10, 294, 321, 67, 0, 2.69%, 0, 0, 12, 1154.09, 1765, 61024174
1606384447, 10, 299, 322, 67, 0, 2.69%, 0, 0, 12, 1143.96, 1765, 61053383
1606384472, 10, 305, 322, 66, 0, 2.69%, 0, 0, 12, 1136.30, 1765, 61082328
1606384497, 10, 305, 323, 67, 0, 2.69%, 0, 0, 12, 1160.78, 1765, 61111343
1606384502, 10, 318, 323, 66, 0, 2.69%, 0, 0, 12, 1168.19, 1765, 61117389
1606384528, 10, 318, 324, 67, 0, 2.69%, 0, 0, 12, 1177.95, 1765, 61146847
1606384548, 11, 37, 324, 66, 0, 2.69%, 0, 0, 12, 1179.83, 1765, 61170537
1606384554, 11, 98, 325, 67, 0, 2.69%, 0, 0, 12, 1177.63, 1765, 61176522
1606384559, 11, 103, 325, 67, 0, 2.69%, 0, 0, 12, 1166.92, 1765, 61182406
1606384564, 11, 105, 325, 66, 0, 2.69%, 0, 0, 12, 1130.51, 1765, 61188087
1606384569, 11, 132, 325, 66, 0, 2.69%, 0, 0, 12, 1141.02, 1765, 61193806
1606384574, 11, 138, 325, 65, 0, 2.69%, 0, 0, 12, 1176.87, 1765, 61199848
1606384579, 11, 198, 325, 65, 0, 2.69%, 0, 0, 12, 1159.49, 1765, 61205749
1606384604, 11, 199, 325, 64, 0, 2.69%, 0, 0, 12, 1130.49, 1765, 61235240
1606384625, 11, 199, 326, 65, 0, 2.69%, 0, 0, 12, 1126.13, 1765, 61258346
1606384640, 11, 201, 326, 64, 0, 2.69%, 0, 0, 12, 1172.96, 1765, 61276203
1606384655, 11, 223, 326, 63, 0, 2.69%, 0, 0, 12, 1157.36, 1765, 61293976
1606384681, 11, 231, 326, 62, 0, 2.69%, 0, 0, 12, 1144.46, 1765, 61323140
1606384711, 11, 245, 326, 61, 0, 2.69%, 0, 0, 12, 1163.27, 1765, 61358198
1606384773, 11, 252, 326, 60, 0, 2.69%, 0, 0, 12, 1127.98, 1765, 61427546
1606384778, 11, 259, 326, 60, 0, 2.69%, 0, 0, 12, 1124.94, 1765, 61433269
1606384885, 11, 271, 326, 59, 0, 2.69%, 0, 0, 12, 1120.85, 1765, 61553778
1606384992, 11, 280, 326, 58, 0, 2.69%, 0, 0, 12, 1135.20, 1765, 61673611
1606385002, 11, 280, 327, 59, 0, 2.69%, 0, 0, 12, 1168.99, 1765, 61685428
1606385007, 11, 280, 328, 60, 0, 2.69%, 0, 0, 12, 1172.69, 1765, 61691485
1606385012, 11, 280, 329, 61, 0, 2.69%, 0, 0, 12, 1135.09, 1765, 61697237
1606385033, 11, 282, 329, 60, 0, 2.69%, 0, 0, 12, 1119.65, 1765, 61720632
1606385048, 11, 288, 329, 59, 0, 2.69%, 0, 0, 12, 1143.85, 1765, 61738062
1606385089, 11, 307, 330, 59, 0, 2.69%, 0, 0, 12, 1149.20, 1765, 61784429
1606385119, 11, 311, 331, 59, 0, 2.69%, 0, 0, 12, 1136.66, 1765, 61819129
1606385150, 11, 319, 332, 59, 0, 2.69%, 0, 0, 12, 1155.90, 1765, 61854051
1606385155, 11, 319, 333, 60, 0, 2.69%, 0, 0, 12, 1154.82, 1765, 61859878
1606385180, 11, 324, 334, 60, 0, 2.69%, 0, 0, 12, 1122.99, 1765, 61888734
1606385190, 11, 324, 335, 61, 0, 2.69%, 0, 0, 12, 1168.92, 1765, 61900404
1606385196, 11, 324, 336, 62, 0, 2.69%, 0, 0, 12, 1171.70, 1765, 61906461
1606385216, 11, 328, 336, 61, 0, 2.69%, 0, 0, 12, 1163.61, 1765, 61929997
1606385226, 11, 328, 337, 62, 0, 2.69%, 0, 0, 12, 1141.68, 1765, 61941821
1606385231, 11, 328, 338, 63, 0, 2.69%, 0, 0, 12, 1132.12, 1765, 61947615
1606385247, 11, 328, 339, 64, 0, 2.69%, 0, 0, 12, 1142.41, 1765, 61965377
1606385257, 11, 334, 339, 63, 0, 2.69%, 0, 0, 12, 1148.05, 1765, 61976994
1606385272, 11, 334, 340, 64, 0, 2.69%, 0, 0, 12, 1163.18, 1765, 61994777
1606385288, 12, 38, 340, 63, 0, 2.69%, 0, 0, 12, 1175.75, 1765, 62012883
1606385293, 12, 58, 340, 63, 0, 2.69%, 0, 0, 12, 1130.48, 1765, 62018593
1606385298, 12, 97, 340, 62, 0, 2.69%, 0, 0, 12, 1146.70, 1765, 62024510
1606385303, 12, 152, 340, 62, 0, 2.69%, 0, 0, 12, 1174.99, 1765, 62030533
1606385308, 12, 156, 340, 62, 0, 2.69%, 0, 0, 12, 1182.30, 1765, 62036587
1606385333, 12, 178, 340, 61, 0, 2.69%, 0, 0, 12, 1087.95, 1765, 62066097
1606396491, 12, 183, 341, 61, 0, 2.69%, 0, 0, 12, 1210.00, 1765, 73287796
1606396506, 12, 183, 342, 62, 0, 2.69%, 0, 0, 12, 1260.07, 1765, 73307209
1606396516, 12, 236, 342, 61, 0, 2.69%, 0, 0, 12, 1242.06, 1765, 73319939
1606396567, 12, 237, 342, 60, 0, 2.69%, 0, 0, 12, 1206.17, 1765, 73383095
1606396618, 12, 279, 343, 60, 0, 2.69%, 0, 0, 12, 1257.63, 1765, 73446485
1606396628, 12, 279, 344, 61, 0, 2.69%, 0, 0, 12, 1267.45, 1765, 73459215
1606396639, 12, 279, 345, 62, 0, 2.69%, 0, 0, 12, 1263.71, 1765, 73472298
1606396654, 12, 302, 345, 61, 0, 2.69%, 0, 0, 12, 1228.80, 1765, 73491691
1606396889, 12, 310, 345, 60, 0, 2.69%, 0, 0, 12, 1241.08, 1765, 73770491
1606396909, 12, 313, 345, 59, 0, 2.69%, 0, 0, 12, 1251.94, 1765, 73796164
1606396924, 12, 313, 349, 63, 0, 2.69%, 0, 0, 12, 1166.00, 1765, 73813871
1606396935, 12, 313, 350, 64, 0, 2.69%, 0, 0, 12, 1172.58, 1765, 73825849
1606397209, 12, 313, 351, 65, 0, 2.69%, 0, 0, 12, 1215.59, 1765, 74148452
1606397220, 12, 315, 351, 64, 0, 2.69%, 0, 0, 12, 1234.68, 1765, 74161132
1606397235, 12, 315, 353, 66, 0, 2.69%, 0, 0, 12, 1265.25, 1765, 74180424
1606397255, 12, 321, 353, 65, 0, 2.69%, 0, 0, 12, 1256.86, 1765, 74206217
1606397281, 12, 323, 353, 64, 0, 2.69%, 0, 0, 12, 1245.19, 1765, 74237909
1606397321, 12, 323, 354, 65, 0, 2.69%, 0, 0, 12, 1248.66, 1765, 74288458
1606397337, 12, 327, 354, 64, 0, 2.69%, 0, 0, 12, 1249.09, 1765, 74307633
1606397357, 12, 336, 354, 63, 0, 2.69%, 0, 0, 12, 1214.13, 1765, 74333027
1606397372, 12, 336, 355, 64, 0, 2.69%, 0, 0, 12, 1252.72, 1765, 74352219
1606397382, 12, 341, 355, 63, 0, 2.69%, 0, 0, 12, 1258.05, 1765, 74365024
1606397413, 12, 352, 355, 62, 0, 2.69%, 0, 0, 12, 1266.73, 1765, 74403137
1606397433, 13, 43, 355, 61, 0, 2.69%, 0, 0, 12, 1265.81, 1765, 74428236
1606397438, 13, 119, 355, 61, 0, 2.69%, 0, 0, 12, 1265.77, 1765, 74434636
1606397444, 13, 137, 355, 61, 0, 2.69%, 0, 0, 12, 1256.79, 1765, 74441128
1606397449, 13, 160, 355, 60, 0, 2.69%, 0, 0, 12, 1215.31, 1765, 74447283
1606397454, 13, 229, 355, 60, 0, 2.69%, 0, 0, 12, 1186.45, 1765, 74453143
1606397489, 13, 262, 355, 59, 0, 2.69%, 0, 0, 12, 1217.45, 1765, 74496799
1606397627, 13, 267, 355, 58, 0, 2.69%, 0, 0, 12, 1236.21, 1765, 74663735
1606397714, 13, 331, 355, 57, 0, 2.69%, 0, 0, 12, 1243.24, 1765, 74770638
1606397745, 13, 335, 355, 56, 0, 2.69%, 0, 0, 12, 1216.85, 1765, 74808535
1606397765, 13, 344, 355, 55, 0, 2.69%, 0, 0, 12, 1246.67, 1765, 74834063
1606397786, 13, 347, 355, 54, 0, 2.69%, 0, 0, 12, 1199.55, 1765, 74859090
1606398081, 13, 348, 355, 53, 0, 2.69%, 0, 0, 12, 1191.72, 1765, 75204107
1606398372, 13, 348, 356, 54, 0, 2.69%, 0, 0, 13, 1221.58, 1765, 75544087
1606398377, 13, 348, 357, 55, 0, 2.69%, 0, 0, 13, 1231.28, 1765, 75550407
1606398387, 13, 353, 357, 54, 0, 2.69%, 0, 0, 13, 1223.91, 1765, 75562945
1606398463, 13, 354, 357, 53, 0, 2.69%, 0, 0, 13, 1259.01, 1765, 75658561
1606398484, 14, 33, 357, 52, 0, 2.69%, 0, 0, 13, 1275.07, 1765, 75684624
1606398489, 14, 48, 357, 52, 0, 2.69%, 0, 0, 13, 1241.69, 1765, 75691034
1606398494, 14, 56, 357, 51, 0, 2.69%, 0, 0, 13, 1257.51, 1765, 75697361
1606398499, 14, 59, 357, 50, 0, 2.69%, 0, 0, 13, 1269.07, 1765, 75703834
1606398504, 14, 98, 357, 49, 0, 2.69%, 0, 0, 13, 1275.74, 1765, 75710460
1606398510, 14, 145, 357, 49, 0, 2.69%, 0, 0, 13, 1285.94, 1765, 75717135
1606398515, 14, 208, 357, 49, 0, 2.69%, 0, 0, 13, 1241.42, 1765, 75723587
1606398617, 14, 257, 358, 49, 0, 2.69%, 0, 0, 13, 1201.95, 1765, 75847822
1606398622, 14, 301, 358, 49, 0, 2.69%, 0, 0, 13, 1222.87, 1765, 75854051
1606398841, 14, 322, 358, 48, 0, 2.69%, 0, 0, 13, 1242.97, 1765, 76114243
1606398866, 14, 322, 359, 49, 0, 2.69%, 0, 0, 13, 1257.74, 1765, 76145967
1606398871, 14, 322, 360, 50, 0, 2.69%, 0, 0, 13, 1254.29, 1765, 76152375
1606398887, 14, 333, 360, 49, 0, 2.69%, 0, 0, 13, 1240.82, 1765, 76171747
1606398902, 14, 338, 360, 48, 0, 2.69%, 0, 0, 13, 1266.55, 1765, 76191176
1606398917, 14, 341, 360, 47, 0, 2.69%, 0, 0, 13, 1269.35, 1765, 76210655
1606398923, 14, 342, 360, 47, 0, 2.69%, 0, 0, 13, 1250.82, 1765, 76217055
1606398933, 14, 350, 360, 46, 0, 2.69%, 0, 0, 13, 1261.01, 1765, 76229889
1606398948, 14, 350, 362, 48, 0, 2.69%, 0, 0, 13, 1136.50, 1765, 76247533
1606399050, 14, 350, 363, 49, 0, 2.69%, 0, 0, 13, 1130.07, 1765, 76363165
1606399289, 14, 350, 364, 50, 0, 2.69%, 0, 0, 13, 1133.77, 1765, 76634436
1606399401, 14, 356, 364, 49, 0, 2.69%, 0, 0, 13, 1163.64, 1765, 76762957
1606399538, 14, 356, 365, 50, 0, 2.69%, 0, 0, 14, 1123.94, 1765, 76917733
1606399909, 14, 360, 365, 49, 0, 2.69%, 0, 0, 14, 1185.52, 1765, 77337831
1606400250, 14, 361, 365, 48, 0, 2.69%, 0, 0, 14, 1206.75, 1765, 77732593
1606400601, 14, 364, 365, 47, 0, 2.69%, 0, 0, 14, 1166.06, 1765, 78139025
1606401069, 15, 1, 365, 46, 0, 2.69%, 0, 0, 14, 1218.96, 1765, 78672607
1606401074, 15, 45, 365, 46, 0, 2.69%, 0, 0, 14, 1261.24, 1765, 78679010
1606401079, 15, 122, 365, 46, 0, 2.69%, 0, 0, 14, 1264.98, 1765, 78685560
1606401084, 15, 188, 365, 46, 0, 2.69%, 0, 0, 14, 1151.64, 1765, 78691363
1606401090, 15, 195, 365, 46, 0, 2.69%, 0, 0, 14, 1214.08, 1765, 78697728
1606401105, 15, 213, 365, 45, 0, 2.69%, 0, 0, 14, 1257.00, 1765, 78716824
1606401110, 15, 225, 365, 45, 0, 2.69%, 0, 0, 14, 1256.41, 1765, 78723097
1606401130, 15, 241, 365, 44, 0, 2.69%, 0, 0, 14, 1253.84, 1765, 78748222
1606401135, 15, 290, 365, 44, 0, 2.69%, 0, 0, 14, 1252.61, 1765, 78754523
1606401140, 15, 290, 367, 46, 0, 2.69%, 0, 0, 14, 1256.04, 1765, 78761017
1606401161, 15, 290, 368, 47, 0, 2.69%, 0, 0, 14, 1262.22, 1765, 78786399
1606401171, 15, 309, 368, 46, 0, 2.69%, 0, 0, 14, 1213.21, 1765, 78798820
1606401181, 15, 309, 369, 47, 0, 2.69%, 0, 0, 14, 1243.37, 1765, 78811456
1606401242, 15, 317, 369, 46, 0, 2.69%, 0, 0, 14, 1255.45, 1765, 78887478
1606401258, 15, 324, 369, 45, 0, 2.69%, 0, 0, 14, 1267.89, 1765, 78906954
1606401263, 15, 326, 369, 45, 0, 2.69%, 0, 0, 14, 1258.00, 1765, 78913503
1606401283, 15, 332, 369, 44, 0, 2.69%, 0, 0, 14, 1262.25, 1765, 78939466
1606401309, 15, 343, 369, 43, 0, 2.69%, 0, 0, 14, 1262.56, 1765, 78971370
1606401329, 15, 347, 369, 42, 0, 2.69%, 0, 0, 14, 1246.12, 1765, 78997024
1606401335, 15, 349, 369, 42, 0, 2.69%, 0, 0, 14, 1190.23, 1765, 79003183
1606401610, 15, 354, 369, 41, 0, 2.69%, 0, 0, 14, 1233.84, 1765, 79327255
1606401615, 15, 359, 369, 41, 0, 2.69%, 0, 0, 14, 1240.75, 1765, 79333598
1606401666, 16, 17, 369, 40, 0, 2.69%, 0, 0, 14, 1259.64, 1765, 79397228
1606401671, 16, 83, 369, 40, 0, 2.69%, 0, 0, 14, 1265.42, 1765, 79403678
1606401676, 16, 101, 369, 40, 0, 2.69%, 0, 0, 14, 1269.91, 1765, 79410057
1606401681, 16, 131, 369, 39, 0, 2.69%, 0, 0, 14, 1264.19, 1765, 79416428
1606401691, 16, 135, 369, 38, 0, 2.69%, 0, 0, 14, 1260.39, 1765, 79429144
1606401696, 16, 206, 369, 38, 0, 2.69%, 0, 0, 14, 1246.89, 1765, 79435456
1606401701, 16, 276, 369, 38, 0, 2.69%, 0, 0, 14, 1252.02, 1765, 79441788
1606401706, 16, 295, 369, 38, 0, 2.69%, 0, 0, 14, 1255.67, 1765, 79448092
1606401727, 16, 298, 369, 37, 0, 2.69%, 0, 0, 14, 1259.29, 1765, 79473652
1606401753, 16, 312, 369, 36, 0, 2.69%, 0, 0, 14, 1196.59, 1765, 79505745
1606402023, 16, 314, 369, 35, 0, 2.69%, 0, 0, 14, 1175.06, 1765, 79824976
1606402399, 16, 316, 369, 34, 0, 2.69%, 0, 0, 14, 1223.79, 1765, 80258396
1606402409, 16, 316, 370, 35, 0, 2.69%, 0, 0, 14, 1259.30, 1765, 80271208
1606402420, 16, 327, 370, 34, 0, 2.69%, 0, 0, 14, 1268.63, 1765, 80284317
1606402425, 16, 340, 370, 34, 0, 2.69%, 0, 0, 14, 1252.56, 1765, 80290775
1606402440, 16, 351, 370, 33, 0, 2.69%, 0, 0, 14, 1256.35, 1765, 80309990
1606402455, 16, 358, 370, 32, 0, 2.69%, 0, 0, 14, 1257.16, 1765, 80329368
1606402461, 16, 358, 372, 34, 0, 2.69%, 0, 0, 14, 1252.98, 1765, 80335653
1606402491, 17, 16, 372, 33, 0, 2.69%, 0, 0, 14, 1263.98, 1765, 80373793
1606402496, 17, 84, 372, 33, 0, 2.69%, 0, 0, 14, 1266.36, 1765, 80380243
1606402501, 17, 125, 373, 34, 0, 2.69%, 0, 0, 14, 1273.52, 1765, 80386817
1606402506, 17, 135, 373, 33, 0, 2.69%, 0, 0, 14, 1265.06, 1765, 80393186
1606402511, 17, 201, 373, 33, 0, 2.69%, 0, 0, 14, 1223.25, 1765, 80399372
1606402516, 17, 270, 373, 33, 0, 2.69%, 0, 0, 14, 1235.53, 1765, 80405662
1606402649, 17, 274, 373, 32, 0, 2.69%, 0, 0, 14, 1232.05, 1765, 80569041
1606402762, 17, 295, 373, 31, 0, 2.69%, 0, 0, 14, 1245.76, 1765, 80707135
1606402767, 17, 329, 374, 32, 0, 2.69%, 0, 0, 14, 1254.81, 1765, 80713521
1606402772, 17, 329, 375, 33, 0, 2.69%, 0, 0, 14, 1251.95, 1765, 80719792
1606402798, 17, 329, 376, 34, 0, 2.69%, 0, 0, 14, 1263.35, 1765, 80751666
1606402808, 17, 357, 377, 34, 0, 2.69%, 0, 0, 14, 1255.51, 1765, 80764530
1606402839, 17, 370, 377, 33, 0, 2.69%, 0, 0, 14, 1249.81, 1765, 80803080
1606402874, 17, 372, 378, 33, 0, 2.69%, 0, 0, 14, 1254.17, 1765, 80847614
1606402890, 17, 376, 378, 32, 0, 2.69%, 0, 0, 14, 1254.15, 1765, 80866883
1606402915, 17, 376, 379, 33, 0, 2.69%, 0, 0, 14, 1266.73, 1765, 80899383
1606402926, 17, 378, 379, 32, 0, 2.69%, 0, 0, 14, 1267.80, 1765, 80912494
1606402972, 17, 378, 380, 33, 0, 2.69%, 0, 0, 14, 1263.38, 1765, 80969907
1606402982, 18, 16, 380, 32, 0, 2.69%, 0, 0, 14, 1270.19, 1765, 80982781
1606402987, 18, 85, 380, 32, 0, 2.69%, 0, 0, 14, 1266.69, 1765, 80989186
1606402992, 18, 95, 380, 32, 0, 2.69%, 0, 0, 14, 1262.67, 1765, 80995577
1606402997, 18, 136, 380, 31, 0, 2.69%, 0, 0, 14, 1273.92, 1765, 81001985
1606403002, 18, 194, 380, 31, 0, 2.69%, 0, 0, 14, 1254.70, 1765, 81008458
1606403017, 18, 213, 380, 30, 0, 2.69%, 0, 0, 14, 1248.32, 1765, 81027608
1606403023, 18, 217, 380, 30, 0, 2.69%, 0, 0, 14, 1263.76, 1765, 81034057
1606403028, 18, 217, 383, 33, 0, 2.69%, 0, 0, 14, 1267.52, 1765, 81040533
1606403053, 18, 291, 383, 32, 0, 2.69%, 0, 0, 14, 1260.77, 1765, 81073283
1606403058, 18, 306, 383, 32, 0, 2.69%, 0, 0, 14, 1252.95, 1765, 81079565
1606403079, 18, 313, 383, 31, 0, 2.69%, 0, 0, 14, 1253.99, 1765, 81105106
1606403084, 18, 325, 383, 31, 0, 2.69%, 0, 0, 14, 1250.51, 1765, 81111380
1606403130, 18, 335, 383, 30, 0, 2.69%, 0, 0, 14, 1255.60, 1765, 81168411
1606403135, 18, 339, 383, 30, 0, 2.69%, 0, 0, 14, 1257.29, 1765, 81174854
1606403160, 18, 339, 384, 31, 0, 2.69%, 0, 0, 14, 1252.29, 1765, 81206784
1606403170, 18, 344, 384, 30, 0, 2.69%, 0, 0, 14, 1253.32, 1765, 81219543
1606403176, 18, 345, 384, 30, 0, 2.69%, 0, 0, 14, 1206.82, 1765, 81225850
1606403466, 18, 346, 384, 29, 0, 2.69%, 0, 0, 14, 1192.16, 1765, 81568658
1606403762, 18, 355, 384, 28, 0, 2.69%, 0, 0, 14, 1164.61, 1765, 81916651
1606404204, 18, 363, 384, 27, 0, 2.69%, 0, 0, 14, 1214.19, 1765, 82425823
1606404545, 18, 367, 384, 26, 0, 2.69%, 0, 0, 14, 1240.62, 1765, 82825878
1606404550, 18, 367, 385, 27, 0, 2.69%, 0, 0, 14, 1248.09, 1765, 82832218
1606404581, 18, 367, 386, 28, 0, 2.69%, 0, 0, 14, 1253.78, 1765, 82870355
1606404591, 18, 367, 387, 29, 0, 2.69%, 0, 0, 14, 1272.14, 1765, 82883538
1606404596, 18, 367, 388, 30, 0, 2.69%, 0, 0, 14, 1242.23, 1765, 82889957
1606404606, 18, 368, 388, 29, 0, 2.69%, 0, 0, 14, 1238.41, 1765, 82902570
1606404673, 18, 371, 388, 28, 0, 2.69%, 0, 0, 14, 1233.42, 1765, 82985092
1606404709, 18, 374, 388, 27, 0, 2.69%, 0, 0, 14, 1251.50, 1765, 83029770
1606404739, 18, 377, 388, 26, 0, 2.69%, 0, 0, 14, 1251.98, 1765, 83067907
1606404754, 18, 384, 388, 25, 0, 2.69%, 0, 0, 14, 1250.45, 1765, 83087186
1606404795, 19, 9, 388, 24, 0, 2.69%, 0, 0, 14, 1254.63, 1765, 83137928
1606404800, 19, 83, 388, 24, 0, 2.69%, 0, 0, 14, 1274.89, 1765, 83144459
1606404805, 19, 138, 388, 24, 0, 2.69%, 0, 0, 14, 1285.06, 1765, 83151084
1606404810, 19, 191, 388, 24, 0, 2.69%, 0, 0, 14, 1243.19, 1765, 83157518
1606404826, 19, 277, 388, 23, 0, 2.69%, 0, 0, 14, 1251.65, 1765, 83176681
1606404831, 19, 308, 388, 23, 0, 2.69%, 0, 0, 14, 1245.43, 1765, 83183027
1606404836, 19, 320, 388, 23, 0, 2.69%, 0, 0, 14, 1254.68, 1765, 83189499
1606404856, 19, 366, 388, 22, 0, 2.69%, 0, 0, 14, 1252.68, 1765, 83215114
1606404882, 19, 380, 388, 21, 0, 2.69%, 0, 0, 14, 1275.37, 1765, 83247167
1606404892, 19, 380, 389, 22, 0, 2.69%, 0, 0, 14, 1275.30, 1765, 83260309
1606404902, 19, 381, 389, 21, 0, 2.69%, 0, 0, 14, 1257.42, 1765, 83273103
1606404913, 19, 381, 390, 22, 0, 2.69%, 0, 0, 14, 1279.89, 1765, 83286217
1606404923, 19, 382, 390, 21, 0, 2.69%, 0, 0, 14, 1243.30, 1765, 83299074
1606404933, 19, 382, 391, 22, 0, 2.69%, 0, 0, 14, 1262.76, 1765, 83311910
1606404943, 19, 385, 391, 21, 0, 2.69%, 0, 0, 14, 1243.94, 1765, 83324750
1606404994, 19, 385, 392, 22, 0, 2.69%, 0, 0, 14, 1245.36, 1765, 83387830
1606405000, 19, 385, 393, 23, 0, 2.69%, 0, 0, 14, 1257.44, 1765, 83394289
1606405010, 19, 387, 393, 22, 0, 2.69%, 0, 0, 14, 1251.80, 1765, 83407090
1606405076, 19, 387, 394, 23, 0, 2.69%, 0, 0, 14, 1248.60, 1765, 83489133
1606405091, 19, 389, 394, 22, 0, 2.69%, 0, 0, 14, 1258.78, 1765, 83508208
1606405112, 19, 391, 394, 21, 0, 2.69%, 0, 0, 14, 1225.64, 1765, 83533866
1606405189, 19, 391, 395, 22, 0, 2.69%, 0, 0, 14, 1244.32, 1765, 83628821
1606405199, 19, 391, 396, 23, 0, 2.69%, 0, 0, 14, 1254.26, 1765, 83641562
1606405204, 20, 35, 396, 22, 0, 2.69%, 0, 0, 14, 1256.25, 1765, 83648040
1606405209, 20, 107, 396, 22, 0, 2.69%, 0, 0, 14, 1269.01, 1765, 83654540
1606405214, 20, 118, 396, 22, 0, 2.69%, 0, 0, 14, 1263.59, 1765, 83660871
1606405219, 20, 160, 396, 21, 0, 2.69%, 0, 0, 14, 1257.06, 1765, 83667415
1606405224, 20, 213, 396, 21, 0, 2.69%, 0, 0, 14, 1235.11, 1765, 83673603
1606405230, 20, 255, 396, 21, 0, 2.69%, 0, 0, 14, 1242.21, 1765, 83679929
1606405322, 20, 337, 396, 20, 0, 2.69%, 0, 0, 14, 1232.43, 1765, 83793633
1606405342, 20, 349, 396, 19, 0, 2.69%, 0, 0, 14, 1257.41, 1765, 83819354
1606405347, 20, 364, 396, 19, 0, 2.69%, 0, 0, 14, 1218.76, 1765, 83825662
1606405353, 20, 369, 396, 19, 0, 2.69%, 0, 0, 14, 1253.33, 1765, 83832003
1606405363, 20, 377, 396, 18, 0, 2.69%, 0, 0, 14, 1226.55, 1765, 83844568
1606405368, 20, 386, 396, 18, 0, 2.69%, 0, 0, 14, 1228.24, 1765, 83850886
1606405424, 20, 393, 396, 17, 0, 2.69%, 0, 0, 14, 1245.60, 1765, 83920489
1606405542, 20, 393, 397, 18, 0, 2.69%, 0, 0, 14, 1243.23, 1765, 84064493
1606405557, 21, 22, 397, 17, 0, 2.69%, 0, 0, 14, 1256.47, 1765, 84083690
1606405562, 21, 84, 397, 17, 0, 2.69%, 0, 0, 14, 1264.01, 1765, 84090090
1606405568, 21, 138, 397, 17, 0, 2.69%, 0, 0, 14, 1271.16, 1765, 84096565
1606405573, 21, 205, 397, 17, 0, 2.69%, 0, 0, 14, 1140.91, 1765, 84102239
1606405578, 21, 244, 397, 17, 0, 2.69%, 0, 0, 14, 1217.34, 1765, 84108480
1606405634, 21, 275, 397, 16, 0, 2.69%, 0, 0, 14, 1251.76, 1765, 84178173
1606405639, 21, 330, 397, 16, 0, 2.69%, 0, 0, 14, 1259.73, 1765, 84184527
1606405669, 21, 365, 397, 15, 0, 2.69%, 0, 0, 14, 1253.33, 1765, 84222909
1606405695, 21, 383, 397, 14, 0, 2.69%, 0, 0, 14, 1249.55, 1765, 84254747
1606405751, 21, 384, 397, 13, 0, 2.69%, 0, 0, 14, 1268.10, 1765, 84324770
1606405756, 21, 388, 397, 13, 0, 2.69%, 0, 0, 14, 1269.72, 1765, 84331341
1606405766, 21, 388, 398, 14, 0, 2.69%, 0, 0, 14, 1252.94, 1765, 84343873
1606405782, 21, 396, 398, 13, 0, 2.69%, 0, 0, 14, 1240.59, 1765, 84363503
1606405960, 21, 396, 399, 14, 0, 2.69%, 0, 0, 14, 1223.95, 1765, 84577822
1606405976, 21, 397, 399, 13, 0, 2.69%, 0, 0, 14, 1235.55, 1765, 84596820
1606406006, 22, 41, 399, 12, 0, 2.69%, 0, 0, 14, 1261.08, 1765, 84635056
1606406011, 22, 113, 399, 12, 0, 2.69%, 0, 0, 14, 1263.59, 1765, 84641456
1606406016, 22, 159, 399, 12, 0, 2.69%, 0, 0, 14, 1253.88, 1765, 84647950
1606406021, 22, 278, 399, 12, 0, 2.69%, 0, 0, 14, 1246.21, 1765, 84654214
1606406037, 22, 278, 400, 13, 0, 2.69%, 0, 0, 14, 1254.81, 1765, 84673239
1606406047, 22, 278, 401, 14, 0, 2.69%, 0, 0, 14, 1255.27, 1765, 84686072
1606406062, 22, 298, 401, 13, 0, 2.69%, 0, 0, 14, 1257.08, 1765, 84705344
1606406067, 22, 373, 401, 13, 0, 2.69%, 0, 0, 14, 1251.69, 1765, 84711818
1606406103, 22, 400, 401, 12, 0, 2.69%, 0, 0, 14, 1243.46, 1765, 84756317
1606406129, 23, 33, 401, 11, 0, 2.69%, 0, 0, 14, 1258.29, 1765, 84788271
1606406134, 23, 96, 402, 12, 0, 2.69%, 0, 0, 14, 1224.35, 1765, 84794414
1606406139, 23, 138, 402, 12, 0, 2.69%, 0, 0, 14, 1243.62, 1765, 84800654
1606406144, 23, 213, 402, 12, 0, 2.69%, 0, 0, 14, 1247.66, 1765, 84806966
1606406149, 23, 296, 402, 12, 0, 2.69%, 0, 0, 14, 1248.70, 1765, 84813310
1606406154, 23, 370, 402, 12, 0, 2.69%, 0, 0, 14, 1256.99, 1765, 84819732
1606406159, 23, 375, 402, 12, 0, 2.69%, 0, 0, 14, 1254.39, 1765, 84826246
1606406174, 23, 375, 403, 13, 0, 2.69%, 0, 0, 14, 1255.31, 1765, 84845201
1606406179, 23, 375, 404, 14, 0, 2.69%, 0, 0, 14, 1254.55, 1765, 84851534
1606406195, 24, 35, 404, 13, 0, 2.69%, 0, 0, 14, 1261.88, 1765, 84870793
1606406200, 24, 105, 404, 13, 0, 2.69%, 0, 0, 14, 1270.86, 1765, 84877218
1606406205, 24, 205, 404, 13, 0, 2.69%, 0, 0, 14, 1256.98, 1765, 84883749
1606406210, 24, 302, 404, 13, 0, 2.69%, 0, 0, 14, 1255.26, 1765, 84890018
1606406215, 24, 333, 404, 13, 0, 2.69%, 0, 0, 14, 1254.05, 1765, 84896301
1606406220, 24, 379, 404, 13, 0, 2.69%, 0, 0, 14, 1243.63, 1765, 84902645
1606406291, 24, 390, 404, 12, 0, 2.69%, 0, 0, 14, 1259.95, 1765, 84991214
1606406317, 24, 394, 404, 11, 0, 2.69%, 0, 0, 14, 1249.26, 1765, 85023614
1606406425, 25, 0, 404, 10, 0, 2.69%, 0, 0, 14, 1208.99, 1765, 85155969
1606406430, 25, 22, 404, 10, 0, 2.69%, 0, 0, 14, 1231.72, 1765, 85162369
1606406435, 25, 39, 404, 10, 0, 2.69%, 0, 0, 14, 1259.32, 1765, 85168891
1606406440, 25, 74, 404, 10, 0, 2.69%, 0, 0, 14, 1256.24, 1765, 85175391
1606406445, 25, 89, 404, 10, 0, 2.69%, 0, 0, 14, 1214.37, 1765, 85181448
1606406450, 25, 110, 404, 10, 0, 2.69%, 0, 0, 14, 1233.73, 1765, 85187777
1606406456, 25, 135, 404, 10, 0, 2.69%, 0, 0, 14, 1258.27, 1765, 85194248
1606406461, 25, 158, 404, 10, 0, 2.69%, 0, 0, 14, 1253.88, 1765, 85200770
1606406466, 25, 213, 404, 10, 0, 2.69%, 0, 0, 14, 1259.25, 1765, 85207259
1606406471, 25, 246, 404, 10, 0, 2.69%, 0, 0, 14, 1255.22, 1765, 85213748
1606406476, 25, 267, 404, 10, 0, 2.69%, 0, 0, 14, 1253.56, 1765, 85220065
1606406481, 25, 282, 404, 10, 0, 2.69%, 0, 0, 14, 1265.30, 1765, 85226651
1606406487, 25, 331, 404, 10, 0, 2.69%, 0, 0, 14, 1231.83, 1765, 85233049
1606406492, 25, 349, 404, 10, 0, 2.69%, 0, 0, 14, 1213.95, 1765, 85239297
1606406502, 25, 400, 404, 10, 0, 2.69%, 0, 0, 14, 1255.87, 1765, 85251903
1606406507, 26, 14, 404, 10, 0, 2.69%, 0, 0, 14, 1261.10, 1765, 85258381
1606406512, 26, 32, 404, 10, 0, 2.69%, 0, 0, 14, 1252.98, 1765, 85264834
1606406517, 26, 45, 404, 10, 0, 2.69%, 0, 0, 14, 1260.91, 1765, 85271362
1606406523, 26, 85, 404, 10, 0, 2.69%, 0, 0, 14, 1255.04, 1765, 85277858
1606406528, 26, 105, 404, 10, 0, 2.69%, 0, 0, 14, 1256.26, 1765, 85284354
1606406533, 26, 133, 404, 10, 0, 2.69%, 0, 0, 14, 1220.93, 1765, 85290497
1606406538, 26, 141, 404, 10, 0, 2.69%, 0, 0, 14, 1229.86, 1765, 85296648
1606406543, 26, 160, 404, 10, 0, 2.69%, 0, 0, 14, 1245.44, 1765, 85303113
1606406548, 26, 191, 404, 10, 0, 2.69%, 0, 0, 14, 1222.64, 1765, 85309401
1606406553, 26, 208, 405, 11, 0, 2.69%, 0, 0, 14, 1248.25, 1765, 85315921
1606406558, 26, 215, 405, 11, 0, 2.69%, 0, 0, 14, 1251.45, 1765, 85322256
1606406564, 26, 296, 405, 11, 0, 2.69%, 0, 0, 14, 1255.15, 1765, 85328784
1606406569, 26, 320, 405, 11, 0, 2.69%, 0, 0, 14, 1264.87, 1765, 85335120
1606406574, 26, 369, 405, 11, 0, 2.69%, 0, 0, 14, 1245.46, 1765, 85341529
1606406579, 26, 372, 405, 11, 0, 2.69%, 0, 0, 14, 1222.66, 1765, 85347689
1606406584, 26, 382, 405, 11, 0, 2.69%, 0, 0, 14, 1236.88, 1765, 85353905
1606406589, 26, 384, 405, 11, 0, 2.69%, 0, 0, 14, 1256.48, 1765, 85360449
1606406594, 26, 393, 405, 11, 0, 2.69%, 0, 0, 14, 1256.26, 1765, 85366981
1606406604, 26, 395, 405, 11, 0, 2.69%, 0, 0, 14, 1248.34, 1765, 85379663
1606406661, 26, 399, 405, 10, 0, 2.69%, 0, 0, 14, 1250.50, 1765, 85448819
1606406691, 27, 13, 405, 9, 0, 2.69%, 0, 0, 14, 1239.68, 1765, 85486366
1606406696, 27, 33, 405, 9, 0, 2.69%, 0, 0, 14, 1259.27, 1765, 85492831
1606406701, 27, 54, 405, 9, 0, 2.69%, 0, 0, 14, 1247.65, 1765, 85499269
1606406707, 27, 89, 405, 9, 0, 2.69%, 0, 0, 14, 1257.20, 1765, 85505795
1606406712, 27, 110, 405, 9, 0, 2.69%, 0, 0, 14, 1256.96, 1765, 85512223
1606406717, 27, 136, 405, 9, 0, 2.69%, 0, 0, 14, 1251.54, 1765, 85518712
1606406722, 27, 152, 405, 9, 0, 2.69%, 0, 0, 14, 1264.15, 1765, 85525272
1606406727, 27, 178, 405, 9, 0, 2.69%, 0, 0, 14, 1192.19, 1765, 85531261
1606406732, 27, 209, 405, 9, 0, 2.69%, 0, 0, 14, 1201.51, 1765, 85537355
1606406737, 27, 216, 405, 9, 0, 2.69%, 0, 0, 14, 1234.61, 1765, 85543685
1606406742, 27, 248, 405, 9, 0, 2.69%, 0, 0, 14, 1254.13, 1765, 85550250
1606406747, 27, 296, 405, 9, 0, 2.69%, 0, 0, 14, 1257.59, 1765, 85556543
1606406753, 27, 328, 405, 9, 0, 2.69%, 0, 0, 14, 1249.46, 1765, 85562894
1606406758, 27, 364, 405, 9, 0, 2.69%, 0, 0, 14, 1234.82, 1765, 85569166
1606406768, 27, 390, 405, 9, 0, 2.69%, 0, 0, 14, 1245.33, 1765, 85581982
1606406773, 27, 402, 405, 9, 0, 2.69%, 0, 0, 14, 1255.54, 1765, 85588350
1606406808, 28, 11, 405, 8, 0, 2.69%, 0, 0, 14, 1215.97, 1765, 85632302
1606406814, 28, 28, 405, 8, 0, 2.69%, 0, 0, 14, 1234.46, 1765, 85638734
1606406819, 28, 43, 405, 8, 0, 2.69%, 0, 0, 14, 1229.98, 1765, 85644885
1606406824, 28, 84, 405, 8, 0, 2.69%, 0, 0, 14, 1258.11, 1765, 85651407
1606406829, 28, 102, 405, 8, 0, 2.69%, 0, 0, 14, 1247.24, 1765, 85657870
1606406834, 28, 123, 405, 8, 0, 2.69%, 0, 0, 14, 1259.55, 1765, 85664368
1606406839, 28, 138, 405, 8, 0, 2.69%, 0, 0, 14, 1256.10, 1765, 85670824
1606406844, 28, 188, 405, 8, 0, 2.69%, 0, 0, 14, 1251.70, 1765, 85677256
1606406850, 28, 206, 405, 8, 0, 2.69%, 0, 0, 14, 1255.16, 1765, 85683727
1606406855, 28, 237, 405, 8, 0, 2.69%, 0, 0, 14, 1269.48, 1765, 85690159
1606406860, 28, 243, 405, 8, 0, 2.69%, 0, 0, 14, 1232.05, 1765, 85696318
1606406865, 28, 296, 405, 8, 0, 2.69%, 0, 0, 14, 1234.64, 1765, 85702470
1606406870, 28, 328, 405, 8, 0, 2.69%, 0, 0, 14, 1252.35, 1765, 85709011
1606406875, 28, 356, 405, 8, 0, 2.69%, 0, 0, 14, 1207.01, 1765, 85715198
1606406880, 29, 9, 405, 8, 0, 2.69%, 0, 0, 14, 1237.06, 1765, 85721678
1606406885, 29, 28, 405, 8, 0, 2.69%, 0, 0, 14, 1253.93, 1765, 85728175
1606406891, 29, 43, 405, 8, 0, 2.69%, 0, 0, 14, 1253.62, 1765, 85734639
1606406896, 29, 87, 405, 8, 0, 2.69%, 0, 0, 14, 1252.22, 1765, 85741167
1606406901, 29, 107, 405, 8, 0, 2.69%, 0, 0, 14, 1210.30, 1765, 85747414
1606406906, 29, 133, 406, 9, 0, 2.69%, 0, 0, 14, 1223.64, 1765, 85753757
1606406911, 29, 152, 406, 9, 0, 2.69%, 0, 0, 14, 1248.60, 1765, 85760246
1606406916, 29, 164, 406, 9, 0, 2.69%, 0, 0, 14, 1240.45, 1765, 85766454
1606406922, 29, 212, 406, 9, 0, 2.69%, 0, 0, 14, 1252.87, 1765, 85772969
1606406927, 29, 217, 406, 9, 0, 2.69%, 0, 0, 14, 1228.34, 1765, 85779374
1606406932, 29, 254, 406, 9, 0, 2.69%, 0, 0, 14, 1215.05, 1765, 85785469
1606406937, 29, 287, 406, 9, 0, 2.69%, 0, 0, 14, 1232.53, 1765, 85791691
1606406968, 29, 311, 406, 8, 0, 2.69%, 0, 0, 14, 1215.87, 1765, 85829731
1606406973, 29, 322, 406, 8, 0, 2.69%, 0, 0, 14, 1234.70, 1765, 85836067
1606406978, 29, 334, 406, 8, 0, 2.69%, 0, 0, 14, 1246.02, 1765, 85842507
1606406983, 29, 339, 406, 8, 0, 2.69%, 0, 0, 14, 1252.48, 1765, 85848957
1606406988, 29, 358, 406, 8, 0, 2.69%, 0, 0, 14, 1274.93, 1765, 85855366
1606406993, 29, 386, 406, 8, 0, 2.69%, 0, 0, 14, 1270.43, 1765, 85861758
1606407003, 29, 392, 406, 8, 0, 2.69%, 0, 0, 14, 1230.34, 1765, 85874319
1606407101, 29, 393, 406, 7, 0, 2.69%, 0, 0, 14, 1258.95, 1765, 85994018
1606407106, 29, 398, 406, 7, 0, 2.69%, 0, 0, 14, 1220.86, 1765, 86000171
1606407259, 29, 399, 406, 6, 0, 2.69%, 0, 0, 14, 1245.61, 1765, 86184738
1606407264, 29, 403, 406, 6, 0, 2.69%, 0, 0, 14, 1249.19, 1765, 86191209
1606407299, 29, 403, 407, 7, 0, 2.69%, 0, 0, 14, 1252.23, 1765, 86235430
1606407315, 29, 405, 407, 6, 0, 2.69%, 0, 0, 14, 1231.23, 1765, 86254143
1606407330, 29, 405, 408, 7, 0, 2.69%, 0, 0, 14, 1248.62, 1765, 86273279
1606407345, 30, 16, 408, 6, 0, 2.69%, 0, 0, 14, 1278.65, 1765, 86292684
1606407351, 30, 37, 408, 6, 0, 2.69%, 0, 0, 14, 1258.48, 1765, 86299169
1606407356, 30, 60, 408, 6, 0, 2.69%, 0, 0, 14, 1238.98, 1765, 86305319
1606407361, 30, 89, 408, 6, 0, 2.69%, 0, 0, 14, 1260.63, 1765, 86311848
1606407366, 30, 110, 408, 6, 0, 2.69%, 0, 0, 14, 1254.87, 1765, 86318344
1606407371, 30, 135, 408, 6, 0, 2.69%, 0, 0, 14, 1262.67, 1765, 86324846
1606407376, 30, 158, 408, 6, 0, 2.69%, 0, 0, 14, 1259.17, 1765, 86331329
1606407381, 30, 168, 408, 6, 0, 2.69%, 0, 0, 14, 1235.46, 1765, 86337727
1606407386, 30, 196, 408, 6, 0, 2.69%, 0, 0, 14, 1166.43, 1765, 86343406
1606407392, 30, 210, 408, 6, 0, 2.69%, 0, 0, 14, 1212.79, 1765, 86349599
1606407397, 30, 243, 408, 6, 0, 2.69%, 0, 0, 14, 1245.51, 1765, 86355919
1606407402, 30, 285, 408, 6, 0, 2.69%, 0, 0, 14, 1247.08, 1765, 86362190
1606407407, 30, 292, 408, 6, 0, 2.69%, 0, 0, 14, 1210.73, 1765, 86368415
1606407412, 30, 333, 408, 6, 0, 2.69%, 0, 0, 14, 1229.78, 1765, 86374647
1606407417, 30, 351, 408, 6, 0, 2.69%, 0, 0, 14, 1223.16, 1765, 86380831
1606407422, 30, 359, 408, 6, 0, 2.69%, 0, 0, 14, 1234.45, 1765, 86387023
1606407432, 30, 360, 408, 6, 0, 2.69%, 0, 0, 14, 1199.71, 1765, 86399335
1606407437, 30, 378, 408, 6, 0, 2.69%, 0, 0, 14, 1209.54, 1765, 86405455
1606407447, 31, 14, 408, 6, 0, 2.69%, 0, 0, 14, 1257.22, 1765, 86418376
1606407453, 31, 35, 408, 6, 0, 2.69%, 0, 0, 14, 1259.19, 1765, 86424844
1606407458, 31, 54, 408, 6, 0, 2.69%, 0, 0, 14, 1250.49, 1765, 86431248
1606407463, 31, 88, 408, 6, 0, 2.69%, 0, 0, 14, 1260.98, 1765, 86437801
1606407468, 31, 107, 408, 6, 0, 2.69%, 0, 0, 14, 1221.12, 1765, 86443911
1606407473, 31, 135, 408, 6, 0, 2.69%, 0, 0, 14, 1216.42, 1765, 86450183
1606407478, 31, 158, 408, 6, 0, 2.69%, 0, 0, 14, 1238.99, 1765, 86456623
1606407483, 31, 191, 408, 6, 0, 2.69%, 0, 0, 14, 1230.64, 1765, 86462958
1606407489, 31, 213, 408, 6, 0, 2.69%, 0, 0, 14, 1206.07, 1765, 86469207
1606407494, 31, 227, 408, 6, 0, 2.69%, 0, 0, 14, 1209.53, 1765, 86475255
1606407499, 31, 276, 408, 6, 0, 2.69%, 0, 0, 14, 1233.03, 1765, 86481486
1606407504, 31, 353, 408, 6, 0, 2.69%, 0, 0, 14, 1227.92, 1765, 86487799
1606407509, 31, 369, 408, 6, 0, 2.69%, 0, 0, 14, 1253.45, 1765, 86494162
1606407514, 31, 391, 408, 6, 0, 2.69%, 0, 0, 14, 1247.00, 1765, 86500671
1606407524, 31, 404, 408, 6, 0, 2.69%, 0, 0, 14, 1211.59, 1765, 86512998
1606407622, 31, 404, 413, 11, 0, 2.69%, 0, 0, 14, 1188.64, 1765, 86631555
1606407627, 31, 404, 417, 15, 0, 2.69%, 0, 0, 14, 1198.40, 1765, 86637590
1606407647, 31, 406, 418, 15, 0, 2.69%, 0, 0, 15, 1232.04, 1765, 86662765
1606407698, 31, 406, 419, 16, 0, 2.69%, 0, 0, 15, 1256.77, 1765, 86726134
1606407704, 31, 406, 420, 17, 0, 2.69%, 0, 0, 15, 1270.59, 1765, 86732717
1606407709, 31, 406, 421, 18, 0, 2.69%, 0, 0, 15, 1242.14, 1765, 86739028
1606407714, 31, 406, 422, 19, 0, 2.69%, 0, 0, 15, 1236.61, 1765, 86745348
1606407729, 31, 411, 422, 18, 0, 2.69%, 0, 0, 15, 1236.05, 1765, 86764238
1606407842, 31, 412, 422, 17, 0, 2.69%, 0, 0, 15, 1250.29, 1765, 86901529
1606407955, 31, 415, 422, 16, 0, 2.69%, 0, 0, 15, 1247.00, 1765, 87040452
1606408067, 31, 415, 423, 17, 0, 2.69%, 0, 0, 15, 1238.77, 1765, 87178619
1606408083, 31, 422, 424, 17, 0, 2.69%, 0, 0, 15, 1231.38, 1765, 87197528
1606408180, 31, 422, 425, 18, 0, 2.69%, 0, 0, 15, 1237.51, 1765, 87317719
1606408206, 31, 423, 425, 17, 1, 2.69%, 0, 0, 15, 1237.69, 1765, 87349288
1606408314, 31, 423, 426, 18, 1, 2.69%, 0, 0, 15, 1233.77, 1765, 87482121
1606408329, 31, 424, 426, 17, 0, 2.69%, 0, 0, 15, 1229.40, 1765, 87500974
1606408447, 32, 13, 426, 16, 0, 2.69%, 0, 0, 15, 1269.79, 1765, 87646590
1606408452, 32, 32, 426, 16, 0, 2.69%, 0, 0, 15, 1239.31, 1765, 87652983
1606408457, 32, 45, 426, 16, 0, 2.69%, 0, 0, 15, 1219.01, 1765, 87659127
1606408463, 32, 87, 426, 16, 0, 2.69%, 0, 0, 15, 1239.33, 1765, 87665559
1606408468, 32, 107, 426, 16, 0, 2.69%, 0, 0, 15, 1256.38, 1765, 87672057
1606408473, 32, 133, 426, 16, 0, 2.69%, 0, 0, 15, 1260.11, 1765, 87678526
1606408478, 32, 152, 426, 16, 0, 2.69%, 0, 0, 15, 1251.72, 1765, 87684995
1606408483, 32, 163, 426, 16, 0, 2.69%, 0, 0, 15, 1197.05, 1765, 87691244
