# unix_time, cycles_done, cur_path, paths_total, pending_total, pending_favs, map_size, unique_crashes, unique_hangs, max_depth, execs_per_sec, edge_coverage, total_execs
1606784531, 0, 0, 2, 2, 2, 7.53%, 0, 0, 1, 23.43, 4936, 16
1606784536, 0, 0, 9, 9, 2, 7.73%, 0, 0, 2, 13.27, 5064, 288
1606784542, 0, 0, 15, 15, 2, 7.79%, 0, 0, 2, 11.36, 5104, 411
1606784552, 0, 0, 29, 29, 2, 8.56%, 0, 0, 2, 10.33, 5610, 629
1606784557, 0, 0, 36, 36, 2, 8.59%, 0, 0, 2, 11.22, 5630, 688
1606784562, 0, 0, 42, 42, 2, 8.62%, 0, 0, 2, 11.12, 5651, 745
1606784567, 0, 0, 48, 48, 2, 8.74%, 0, 0, 2, 10.40, 5729, 800
1606784573, 0, 0, 54, 54, 2, 8.75%, 0, 0, 2, 10.34, 5734, 853
1606784578, 0, 0, 61, 61, 2, 8.75%, 0, 0, 2, 11.32, 5736, 913
1606784583, 0, 0, 68, 68, 2, 8.76%, 0, 0, 2, 11.31, 5744, 972
1606784588, 0, 0, 74, 74, 2, 8.76%, 0, 0, 2, 11.09, 5744, 1029
1606784593, 0, 0, 80, 80, 2, 8.76%, 0, 0, 2, 10.78, 5744, 1086
1606784599, 0, 0, 86, 86, 2, 8.76%, 0, 0, 2, 10.94, 5744, 1143
1606784604, 0, 0, 92, 92, 2, 8.77%, 0, 0, 2, 11.12, 5745, 1200
1606784609, 0, 0, 98, 98, 2, 8.77%, 0, 0, 2, 11.21, 5745, 1257
1606784614, 0, 0, 105, 105, 2, 8.77%, 0, 0, 2, 10.99, 5745, 1314
1606784619, 0, 0, 111, 111, 2, 8.77%, 0, 0, 2, 10.96, 5748, 1371
1606784624, 0, 0, 117, 117, 2, 8.77%, 0, 0, 2, 11.04, 5748, 1428
1606784630, 0, 0, 123, 123, 2, 8.77%, 0, 0, 2, 10.77, 5748, 1484
1606784635, 0, 0, 129, 129, 2, 8.77%, 0, 0, 2, 10.82, 5748, 1540
1606784640, 0, 0, 135, 135, 2, 8.77%, 0, 0, 2, 10.87, 5748, 1597
1606784645, 0, 0, 140, 140, 2, 8.77%, 0, 0, 2, 11.04, 5748, 1654
1606784650, 0, 0, 146, 146, 2, 8.77%, 0, 0, 2, 10.94, 5748, 1711
1606784655, 0, 0, 151, 151, 2, 8.78%, 0, 0, 2, 10.42, 5752, 1765
1606784661, 0, 0, 157, 157, 2, 8.78%, 0, 0, 2, 10.54, 5755, 1820
1606784666, 0, 0, 161, 161, 2, 8.78%, 0, 0, 2, 11.09, 5755, 1878
1606784671, 0, 0, 165, 165, 2, 8.78%, 0, 0, 2, 10.62, 5755, 1932
1606784676, 0, 0, 169, 169, 2, 8.78%, 0, 0, 2, 11.16, 5755, 1990
1606784681, 0, 0, 172, 172, 2, 8.78%, 0, 0, 2, 10.86, 5755, 2047
1606784686, 0, 0, 175, 175, 2, 8.78%, 0, 0, 2, 11.09, 5755, 2102
1606784707, 0, 0, 185, 185, 2, 8.81%, 0, 0, 2, 10.07, 5772, 2424
1606784712, 0, 0, 191, 191, 2, 8.81%, 0, 0, 2, 10.49, 5774, 2478
1606784717, 0, 0, 196, 196, 2, 8.81%, 0, 0, 2, 10.59, 5774, 2532
1606784722, 0, 0, 202, 202, 2, 8.81%, 0, 0, 2, 10.61, 5774, 2586
1606784727, 0, 0, 206, 206, 2, 8.81%, 0, 0, 2, 10.88, 5774, 2642
1606784768, 0, 0, 232, 232, 2, 8.94%, 0, 0, 2, 10.36, 5862, 3415
1606784773, 0, 0, 286, 286, 2, 9.18%, 0, 0, 2, 11.69, 6015, 4282
1606784779, 0, 0, 300, 300, 2, 9.20%, 0, 0, 2, 11.76, 6031, 4431
1606784784, 0, 0, 309, 309, 2, 9.22%, 0, 0, 2, 10.60, 6040, 4515
1606784789, 0, 0, 316, 316, 2, 9.22%, 0, 0, 2, 13.42, 6040, 4593
1606784794, 0, 0, 322, 322, 2, 9.22%, 0, 0, 2, 12.74, 6044, 4656
1606784799, 0, 0, 329, 329, 2, 9.22%, 0, 0, 2, 12.05, 6044, 4717
1606784804, 0, 0, 335, 335, 2, 9.22%, 0, 0, 2, 14.96, 6045, 4798
1606784810, 0, 0, 351, 351, 2, 9.25%, 0, 0, 2, 14.11, 6064, 5288
1606784815, 0, 0, 359, 359, 2, 9.25%, 0, 0, 2, 12.01, 6064, 5379
1606784820, 0, 0, 374, 374, 2, 9.35%, 0, 0, 2, 16.58, 6127, 5611
1606784825, 0, 0, 380, 380, 2, 9.35%, 0, 0, 2, 13.19, 6127, 5670
1606784830, 0, 0, 385, 385, 2, 9.35%, 0, 0, 2, 11.91, 6127, 5728
1606784835, 0, 0, 391, 391, 2, 9.35%, 0, 0, 2, 12.66, 6127, 5795
1606784840, 0, 0, 396, 396, 2, 9.35%, 0, 0, 2, 12.17, 6127, 5855
1606784846, 0, 0, 402, 402, 2, 9.35%, 0, 0, 2, 11.45, 6127, 5914
1606784851, 0, 0, 407, 407, 2, 9.35%, 0, 0, 2, 11.15, 6127, 5972
1606784856, 0, 0, 413, 413, 2, 9.35%, 0, 0, 2, 10.45, 6127, 6026
1606784861, 0, 0, 418, 418, 2, 9.35%, 0, 0, 2, 10.79, 6127, 6081
1606784866, 0, 0, 424, 424, 2, 9.36%, 0, 0, 2, 11.81, 6131, 6142
1606784871, 0, 0, 429, 429, 2, 9.36%, 0, 0, 2, 10.75, 6131, 6196
1606784876, 0, 0, 434, 434, 2, 9.36%, 0, 0, 2, 10.56, 6131, 6249
1606784881, 0, 0, 439, 439, 2, 9.36%, 0, 0, 2, 10.46, 6131, 6302
1606784886, 0, 0, 445, 445, 2, 9.36%, 0, 0, 2, 13.18, 6134, 6375
1606784892, 0, 0, 451, 451, 2, 9.36%, 0, 0, 2, 12.45, 6134, 6444
1606784897, 0, 0, 457, 457, 2, 9.36%, 0, 0, 2, 11.71, 6134, 6503
1606784902, 0, 0, 462, 462, 2, 9.39%, 0, 0, 2, 11.12, 6155, 6559
1606784907, 0, 0, 469, 469, 2, 9.39%, 0, 0, 2, 14.30, 6157, 6638
1606784912, 0, 0, 474, 474, 2, 9.39%, 0, 0, 2, 13.79, 6157, 6711
1606784917, 0, 0, 479, 479, 2, 9.40%, 0, 0, 2, 12.32, 6158, 6772
1606784922, 0, 0, 483, 483, 2, 9.40%, 0, 0, 2, 13.36, 6160, 6845
1606784927, 0, 0, 488, 488, 2, 9.40%, 0, 0, 2, 12.52, 6160, 6907
1606784933, 0, 0, 494, 494, 2, 9.40%, 0, 0, 2, 12.60, 6160, 6973
1606784938, 0, 0, 498, 498, 2, 9.40%, 0, 0, 2, 14.90, 6160, 7056
1606784943, 0, 0, 503, 503, 2, 9.40%, 0, 0, 2, 15.56, 6160, 7147
1606784948, 0, 0, 506, 506, 2, 9.40%, 0, 0, 2, 14.21, 6160, 7219
1606784953, 0, 0, 511, 511, 2, 9.40%, 0, 0, 2, 12.29, 6160, 7279
1606784959, 0, 0, 515, 515, 2, 9.40%, 0, 0, 2, 12.47, 6160, 7345
1606784964, 0, 0, 519, 519, 2, 9.40%, 0, 0, 2, 12.50, 6160, 7406
1606784969, 0, 0, 526, 526, 2, 9.40%, 0, 0, 2, 12.05, 6160, 7468
1606784974, 0, 0, 530, 530, 2, 9.43%, 0, 0, 2, 13.61, 6177, 7538
1606784979, 0, 0, 534, 534, 2, 9.43%, 0, 0, 2, 14.01, 6183, 7614
1606784984, 0, 0, 541, 541, 2, 9.43%, 0, 0, 2, 11.44, 6183, 7687
1606784989, 0, 0, 545, 545, 2, 9.43%, 0, 0, 2, 12.34, 6183, 7751
1606784995, 0, 0, 550, 550, 2, 9.43%, 0, 0, 2, 11.44, 6183, 7807
1606785000, 0, 0, 555, 555, 2, 9.43%, 0, 0, 2, 10.94, 6183, 7863
1606785005, 0, 0, 560, 560, 2, 9.43%, 0, 0, 2, 11.22, 6183, 7921
1606785010, 0, 0, 565, 565, 2, 9.44%, 0, 0, 2, 12.10, 6187, 7986
1606785015, 0, 0, 572, 572, 2, 9.50%, 0, 0, 2, 12.18, 6228, 8136
1606785025, 0, 0, 577, 577, 2, 9.51%, 0, 0, 2, 10.74, 6231, 8311
1606785030, 0, 0, 582, 582, 2, 9.51%, 0, 0, 2, 11.15, 6231, 8366
1606785036, 0, 0, 587, 587, 2, 9.51%, 0, 0, 2, 10.54, 6231, 8421
1606785041, 0, 0, 592, 592, 2, 9.51%, 0, 0, 2, 11.40, 6231, 8480
1606785046, 0, 0, 596, 596, 2, 9.51%, 0, 0, 2, 10.99, 6231, 8534
1606785051, 0, 0, 598, 598, 2, 9.51%, 0, 0, 2, 10.77, 6231, 8589
1606785056, 0, 0, 601, 601, 2, 9.51%, 0, 0, 2, 11.32, 6231, 8649
1606785061, 0, 0, 603, 603, 2, 9.51%, 0, 0, 2, 10.64, 6231, 8702
1606785071, 0, 0, 604, 604, 2, 9.51%, 0, 0, 2, 10.99, 6231, 8815
1606785092, 0, 0, 605, 605, 2, 9.51%, 0, 0, 2, 9.86, 6231, 9094
1606785138, 0, 0, 618, 618, 2, 9.57%, 0, 0, 2, 14.21, 6270, 10256
1606785144, 0, 0, 624, 624, 2, 9.57%, 0, 0, 2, 14.41, 6272, 10362
1606785149, 0, 0, 630, 630, 2, 9.57%, 0, 0, 2, 14.85, 6272, 10442
1606785154, 0, 0, 636, 636, 2, 9.57%, 0, 0, 2, 13.58, 6272, 10899
1606785159, 0, 0, 639, 639, 2, 9.60%, 0, 0, 2, 16.39, 6292, 11057
1606785164, 0, 0, 642, 642, 2, 9.60%, 0, 0, 2, 16.21, 6292, 11139
1606785169, 0, 0, 646, 646, 2, 9.61%, 0, 0, 2, 11.75, 6301, 11193
1606785174, 0, 0, 650, 650, 2, 9.61%, 0, 0, 2, 10.52, 6301, 11245
1606785179, 0, 0, 653, 653, 2, 9.61%, 0, 0, 2, 12.53, 6301, 11316
1606785185, 0, 0, 657, 657, 2, 9.61%, 0, 0, 2, 14.73, 6301, 11395
1606785190, 0, 0, 662, 662, 2, 9.61%, 0, 0, 2, 13.31, 6301, 11460
1606785195, 0, 0, 666, 666, 2, 9.61%, 0, 0, 2, 16.23, 6301, 11543
1606785200, 0, 0, 669, 669, 2, 9.61%, 0, 0, 2, 16.63, 6301, 11623
1606785205, 0, 0, 670, 670, 2, 9.61%, 0, 0, 2, 17.61, 6301, 11710
1606785210, 0, 0, 675, 675, 2, 9.61%, 0, 0, 2, 18.87, 6301, 11822
1606785215, 0, 0, 677, 677, 2, 9.61%, 0, 0, 2, 16.19, 6301, 11906
1606785220, 0, 0, 679, 679, 2, 9.61%, 0, 0, 2, 14.37, 6301, 11978
1606785226, 0, 0, 682, 682, 2, 9.61%, 0, 0, 2, 13.41, 6301, 12047
1606785231, 0, 0, 687, 687, 2, 9.62%, 0, 0, 2, 14.61, 6304, 12123
1606785236, 0, 0, 690, 690, 2, 9.62%, 0, 0, 2, 14.36, 6304, 12197
1606785241, 0, 0, 693, 693, 2, 9.62%, 0, 0, 2, 13.67, 6304, 12268
1606785246, 0, 0, 698, 698, 2, 9.62%, 0, 0, 2, 14.97, 6304, 12348
1606785251, 0, 0, 701, 701, 2, 9.73%, 0, 0, 2, 11.61, 6379, 12477
1606785262, 0, 0, 704, 704, 2, 9.73%, 0, 0, 2, 11.95, 6379, 12645
1606785267, 0, 0, 709, 709, 2, 9.73%, 0, 0, 2, 12.95, 6379, 12712
1606785272, 0, 0, 710, 710, 2, 9.73%, 0, 0, 2, 11.39, 6379, 12766
1606785277, 0, 0, 714, 714, 2, 9.73%, 0, 0, 2, 11.85, 6379, 12831
1606785282, 0, 0, 717, 717, 2, 9.73%, 0, 0, 2, 12.50, 6379, 12896
1606785292, 0, 0, 718, 718, 2, 9.73%, 0, 0, 2, 11.39, 6379, 13009
1606785297, 0, 0, 721, 721, 2, 9.73%, 0, 0, 2, 10.80, 6379, 13064
1606785318, 0, 0, 723, 723, 2, 9.73%, 0, 0, 2, 9.85, 6379, 13342
1606785323, 0, 0, 724, 724, 2, 9.73%, 0, 0, 2, 11.08, 6379, 13401
1606785364, 0, 0, 733, 733, 2, 9.76%, 0, 0, 2, 13.97, 6397, 14492
1606785369, 0, 0, 739, 739, 2, 9.76%, 0, 0, 2, 15.88, 6398, 14616
1606785374, 0, 0, 743, 743, 2, 9.76%, 0, 0, 2, 19.65, 6398, 15179
1606785380, 0, 0, 747, 747, 2, 9.77%, 0, 0, 2, 14.15, 6401, 15244
1606785385, 0, 0, 749, 749, 2, 9.77%, 0, 0, 2, 14.30, 6401, 15324
1606785390, 0, 0, 752, 752, 2, 9.77%, 0, 0, 2, 12.89, 6401, 15385
1606785395, 0, 0, 754, 754, 2, 9.77%, 0, 0, 2, 16.31, 6401, 15469
1606785400, 0, 0, 758, 758, 2, 9.77%, 0, 0, 2, 18.05, 6401, 15557
1606785405, 0, 0, 760, 760, 2, 9.77%, 0, 0, 2, 16.74, 6401, 15640
1606785410, 0, 0, 762, 762, 2, 9.77%, 0, 0, 2, 21.76, 6401, 15756
1606785415, 0, 0, 767, 767, 2, 9.77%, 0, 0, 2, 19.14, 6401, 15849
1606785420, 0, 0, 768, 768, 2, 9.77%, 0, 0, 2, 17.78, 6401, 15944
1606785426, 0, 0, 771, 771, 2, 9.77%, 0, 0, 2, 17.30, 6401, 16033
1606785431, 0, 0, 775, 775, 2, 9.77%, 0, 0, 2, 13.94, 6401, 16099
1606785436, 0, 0, 780, 780, 2, 9.77%, 0, 0, 2, 15.61, 6401, 16178
1606785441, 0, 0, 784, 784, 2, 9.77%, 0, 0, 2, 13.60, 6401, 16241
1606785446, 0, 0, 787, 787, 2, 9.77%, 0, 0, 2, 12.45, 6401, 16303
1606785451, 0, 0, 792, 792, 2, 9.77%, 0, 0, 2, 15.23, 6404, 16383
1606785456, 0, 0, 795, 795, 2, 9.77%, 0, 0, 2, 12.39, 6404, 16495
1606785461, 0, 0, 796, 796, 2, 9.77%, 0, 0, 2, 17.50, 6404, 16822
1606785466, 0, 0, 799, 799, 2, 9.77%, 0, 0, 2, 17.69, 6404, 16912
1606785472, 0, 0, 801, 801, 2, 9.77%, 0, 0, 2, 161.51, 6404, 17017
1606785477, 0, 0, 807, 807, 2, 9.77%, 0, 0, 2, 14.37, 6405, 17291
1606785482, 0, 0, 811, 811, 2, 9.77%, 0, 0, 2, 18.95, 6405, 17393
1606785487, 0, 0, 815, 815, 2, 9.77%, 0, 0, 2, 16.01, 6405, 17472
1606785492, 0, 0, 818, 818, 2, 9.77%, 0, 0, 2, 41.99, 6405, 17793
1606785497, 0, 0, 824, 824, 2, 9.77%, 0, 0, 2, 25.57, 6405, 17893
1606785503, 0, 0, 828, 828, 2, 9.77%, 0, 0, 2, 11.85, 6405, 18080
1606785508, 0, 0, 830, 830, 2, 9.79%, 0, 0, 2, 13.99, 6418, 18152
1606785513, 0, 0, 831, 831, 2, 9.79%, 0, 0, 2, 12.91, 6418, 18276
1606785585, 0, 0, 834, 834, 2, 9.79%, 0, 0, 2, 10.38, 6418, 19434
1606785590, 0, 0, 839, 839, 2, 9.79%, 0, 0, 2, 10.97, 6418, 19491
1606785605, 0, 0, 840, 840, 2, 9.79%, 0, 0, 2, 10.46, 6418, 19657
1606785616, 0, 0, 841, 841, 2, 9.79%, 0, 0, 2, 10.77, 6418, 19770
1606785621, 0, 0, 843, 843, 2, 9.79%, 0, 0, 2, 10.72, 6418, 19825
1606785642, 0, 0, 844, 844, 2, 9.79%, 0, 0, 2, 10.74, 6418, 20049
1606785647, 0, 0, 845, 845, 2, 9.79%, 0, 0, 2, 10.42, 6418, 20104
1606785673, 0, 0, 846, 846, 2, 9.79%, 0, 0, 2, 11.12, 6418, 20388
1606785698, 0, 0, 848, 848, 2, 9.79%, 0, 0, 2, 10.47, 6418, 20668
1606785703, 0, 0, 850, 850, 2, 9.79%, 0, 0, 2, 10.77, 6418, 20723
1606785734, 0, 0, 852, 852, 2, 9.79%, 0, 0, 2, 10.28, 6418, 21066
1606785775, 0, 0, 854, 854, 2, 9.79%, 0, 0, 2, 10.54, 6418, 21529
1606785919, 0, 0, 855, 855, 2, 9.79%, 0, 0, 2, 11.01, 6418, 23483
1606786222, 0, 0, 882, 882, 2, 9.82%, 0, 0, 2, 2348.46, 6435, 29451
1606786227, 0, 0, 887, 887, 2, 9.82%, 0, 0, 2, 10.91, 6436, 29607
1606786232, 0, 0, 898, 898, 2, 9.82%, 0, 0, 2, 11.43, 6436, 31202
1606786238, 0, 0, 904, 904, 2, 9.82%, 0, 0, 2, 14.55, 6436, 31275
1606786243, 0, 0, 909, 909, 2, 9.82%, 0, 0, 2, 12.39, 6438, 31338
1606786248, 0, 0, 914, 914, 2, 9.82%, 0, 0, 2, 13.63, 6438, 31409
1606786253, 0, 0, 919, 919, 2, 9.82%, 0, 0, 2, 359.59, 6438, 31617
1606786258, 0, 0, 923, 923, 2, 9.82%, 0, 0, 2, 15.47, 6438, 31811
1606786263, 0, 0, 927, 927, 2, 9.82%, 0, 0, 2, 15.16, 6438, 31889
1606786268, 0, 0, 929, 929, 2, 9.83%, 0, 0, 2, 18.34, 6441, 31986
1606786273, 0, 0, 934, 934, 2, 9.83%, 0, 0, 2, 9.95, 6442, 32085
1606786278, 0, 0, 937, 937, 2, 9.83%, 0, 0, 2, 14.05, 6442, 32167
1606786283, 0, 0, 938, 938, 2, 9.83%, 0, 0, 2, 458.13, 6442, 32387
1606786289, 0, 0, 945, 945, 2, 9.83%, 0, 0, 2, 14.11, 6445, 34890
1606786294, 0, 0, 951, 951, 2, 9.83%, 0, 0, 2, 11.73, 6445, 35090
1606786299, 0, 0, 952, 952, 2, 9.83%, 0, 0, 2, 20.03, 6445, 35232
1606786315, 0, 0, 956, 956, 2, 9.84%, 0, 0, 2, 19.17, 6448, 36037
1606786320, 0, 0, 957, 957, 2, 9.84%, 0, 0, 2, 18.33, 6448, 36127
1606786325, 0, 0, 960, 960, 2, 9.84%, 0, 0, 2, 16.56, 6448, 36206
1606786330, 0, 0, 961, 961, 2, 9.84%, 0, 0, 2, 16.45, 6448, 36287
1606786335, 0, 0, 962, 962, 2, 9.84%, 0, 0, 2, 16.02, 6448, 36364
1606786346, 0, 0, 964, 964, 2, 9.84%, 0, 0, 2, 14.04, 6448, 36530
1606786356, 0, 0, 965, 965, 2, 9.84%, 0, 0, 2, 15.35, 6448, 36701
1606786361, 0, 0, 967, 967, 2, 9.84%, 0, 0, 2, 10.96, 6448, 36752
1606786366, 0, 0, 968, 968, 2, 9.84%, 0, 0, 2, 10.70, 6448, 36804
1606786376, 0, 0, 970, 970, 2, 9.84%, 0, 0, 2, 11.67, 6448, 36925
1606786387, 0, 0, 973, 973, 2, 9.84%, 0, 0, 2, 12.34, 6448, 37072
1606786392, 0, 0, 974, 974, 2, 9.84%, 0, 0, 2, 10.89, 6448, 37124
1606786397, 0, 0, 975, 975, 2, 9.84%, 0, 0, 2, 12.04, 6448, 37187
1606786407, 0, 0, 976, 976, 2, 9.84%, 0, 0, 2, 14.26, 6448, 37323
1606786412, 0, 0, 977, 977, 2, 9.84%, 0, 0, 2, 15.40, 6448, 37408
1606786417, 0, 0, 978, 978, 2, 9.84%, 0, 0, 2, 24.03, 6448, 37543
1606786422, 0, 0, 983, 983, 2, 9.84%, 0, 0, 2, 19.77, 6448, 37638
1606786433, 0, 0, 987, 987, 2, 9.84%, 0, 0, 2, 16.32, 6448, 37818
1606786443, 0, 0, 988, 988, 2, 9.84%, 0, 0, 2, 19.85, 6448, 38009
1606786454, 0, 0, 989, 989, 2, 9.84%, 0, 0, 2, 18.28, 6448, 38234
1606786495, 0, 0, 991, 991, 2, 9.84%, 0, 0, 2, 30.09, 6448, 39335
1606786500, 0, 0, 993, 993, 2, 9.84%, 0, 0, 2, 17.60, 6448, 39394
1606786505, 0, 0, 994, 994, 2, 9.84%, 0, 0, 2, 26.65, 6448, 39623
1606786510, 0, 0, 996, 996, 2, 9.84%, 0, 0, 2, 24.17, 6448, 39744
1606786536, 0, 0, 997, 997, 2, 9.84%, 0, 0, 2, 16.83, 6448, 40243
1606786541, 0, 0, 998, 998, 2, 9.84%, 0, 0, 2, 23.73, 6448, 40359
1606786546, 0, 0, 999, 999, 2, 9.84%, 0, 0, 2, 14.25, 6448, 40480
1606786566, 0, 0, 1001, 1001, 2, 9.84%, 0, 0, 2, 13.22, 6448, 40783
1606786572, 0, 0, 1002, 1002, 2, 9.84%, 0, 0, 2, 14.51, 6448, 40874
1606786577, 0, 0, 1003, 1003, 2, 9.84%, 0, 0, 2, 12.82, 6448, 40936
1606786587, 0, 0, 1005, 1005, 2, 9.84%, 0, 0, 2, 16.56, 6448, 41118
1606786597, 0, 0, 1009, 1009, 2, 9.84%, 0, 0, 2, 23.61, 6448, 41415
1606786602, 0, 0, 1010, 1010, 2, 9.84%, 0, 0, 2, 159.35, 6448, 41526
1606786618, 0, 0, 1012, 1012, 2, 9.84%, 0, 0, 2, 13.74, 6448, 41794
1606786628, 0, 0, 1014, 1014, 2, 9.84%, 0, 0, 2, 14.88, 6448, 41944
1606786633, 0, 0, 1015, 1015, 2, 9.84%, 0, 0, 2, 15.37, 6448, 42029
1606786649, 0, 0, 1016, 1016, 2, 9.84%, 0, 0, 2, 15.92, 6448, 42308
1606786654, 0, 0, 1017, 1017, 2, 9.84%, 0, 0, 2, 11.79, 6449, 42601
1606786726, 0, 0, 1023, 1023, 2, 9.84%, 0, 0, 2, 11.31, 6449, 54133
1606786756, 0, 0, 1024, 1024, 2, 9.84%, 0, 0, 2, 19.60, 6449, 58204
1606786777, 0, 0, 1026, 1026, 2, 9.84%, 0, 0, 2, 15.01, 6449, 58611
1606786782, 0, 0, 1029, 1029, 2, 9.84%, 0, 0, 2, 13.43, 6451, 58940
1606786797, 0, 0, 1031, 1031, 2, 9.84%, 0, 0, 2, 29.64, 6452, 69302
1606786802, 0, 0, 1032, 1032, 2, 9.85%, 0, 0, 2, 11.66, 6453, 69393
1606786807, 0, 0, 1035, 1035, 2, 9.85%, 0, 0, 2, 13.29, 6453, 69471
1606786812, 0, 0, 1036, 1036, 2, 9.85%, 0, 0, 2, 12.81, 6453, 69537
1606786828, 0, 0, 1038, 1038, 2, 9.85%, 0, 0, 2, 13.38, 6453, 69738
1606786833, 0, 0, 1040, 1040, 2, 9.85%, 0, 0, 2, 12.09, 6453, 69798
1606786853, 0, 0, 1051, 1051, 2, 9.87%, 0, 0, 2, 47.80, 6471, 70640
1606786859, 0, 0, 1053, 1053, 2, 9.87%, 0, 0, 2, 22.14, 6471, 70704
1606786864, 0, 0, 1058, 1058, 2, 9.87%, 0, 0, 2, 21.51, 6471, 70814
1606786869, 0, 0, 1059, 1059, 2, 9.87%, 0, 0, 2, 24.83, 6471, 70951
1606786874, 0, 0, 1060, 1060, 2, 9.87%, 0, 0, 2, 19.10, 6471, 71102
1606786879, 0, 0, 1061, 1061, 2, 9.87%, 0, 0, 2, 16.55, 6471, 71186
1606786884, 0, 0, 1062, 1062, 2, 9.87%, 0, 0, 2, 18.30, 6471, 71285
1606786915, 0, 0, 1065, 1065, 2, 9.88%, 0, 0, 2, 10.04, 6473, 71892
1606786920, 0, 0, 1068, 1068, 2, 9.88%, 0, 0, 2, 37.19, 6473, 72043
1606786926, 0, 0, 1071, 1071, 2, 9.88%, 0, 0, 2, 30.76, 6473, 72207
1606786931, 0, 0, 1072, 1072, 2, 9.88%, 0, 0, 2, 32.75, 6473, 72398
1606786936, 0, 0, 1073, 1073, 2, 9.88%, 0, 0, 2, 41.22, 6473, 72623
1606786946, 0, 0, 1074, 1074, 2, 9.88%, 0, 0, 2, 35.57, 6473, 73255
1606786962, 0, 0, 1077, 1077, 2, 9.89%, 0, 0, 2, 278.67, 6484, 76228
1606786968, 0, 0, 1078, 1078, 2, 9.90%, 0, 0, 2, 24.50, 6486, 76550
1606786973, 0, 0, 1085, 1085, 2, 9.92%, 0, 0, 2, 36.14, 6499, 76776
1606786978, 0, 0, 1086, 1086, 2, 9.92%, 0, 0, 2, 31.75, 6499, 76914
1606786983, 0, 0, 1088, 1088, 2, 9.92%, 0, 0, 2, 18.90, 6499, 76988
1606786999, 0, 0, 1089, 1089, 2, 9.92%, 0, 0, 2, 24.18, 6499, 77328
1606787004, 0, 0, 1092, 1092, 2, 9.92%, 0, 0, 2, 25.18, 6499, 77455
1606787019, 0, 0, 1095, 1095, 2, 9.92%, 0, 0, 2, 28.85, 6499, 78046
1606787025, 0, 0, 1097, 1097, 2, 9.92%, 0, 0, 2, 25.42, 6499, 78393
1606787030, 0, 0, 1098, 1098, 2, 9.92%, 0, 0, 2, 28.15, 6499, 78550
1606787040, 0, 0, 1100, 1100, 2, 9.92%, 0, 0, 2, 14.31, 6499, 78795
1606787045, 0, 0, 1101, 1101, 2, 9.92%, 0, 0, 2, 23.49, 6499, 78929
1606787050, 0, 0, 1102, 1102, 2, 9.92%, 0, 0, 2, 18.03, 6499, 79012
1606787055, 0, 0, 1104, 1104, 2, 9.92%, 0, 0, 2, 25.36, 6499, 79219
1606787061, 0, 0, 1105, 1105, 2, 9.92%, 0, 0, 2, 20.50, 6499, 79315
1606787071, 0, 0, 1106, 1106, 2, 9.92%, 0, 0, 2, 18.48, 6499, 79544
1606787076, 0, 0, 1107, 1107, 2, 9.92%, 0, 0, 2, 11.53, 6502, 79834
1606787122, 0, 0, 1108, 1108, 2, 9.92%, 0, 0, 2, 9.82, 6502, 80764
1606787128, 0, 0, 1111, 1111, 2, 9.92%, 0, 0, 2, 14.60, 6504, 80923
1606787133, 0, 0, 1114, 1114, 2, 9.92%, 0, 0, 2, 9.83, 6504, 81121
1606787138, 0, 0, 1117, 1117, 2, 9.92%, 0, 0, 2, 149.32, 6504, 81311
1606787143, 0, 0, 1118, 1118, 2, 9.92%, 0, 0, 2, 38.68, 6504, 81566
1606787153, 0, 0, 1120, 1120, 2, 9.92%, 0, 0, 2, 140.10, 6504, 83243
1606787158, 0, 0, 1122, 1122, 2, 9.92%, 0, 0, 2, 33.72, 6504, 83476
1606787169, 0, 0, 1129, 1129, 2, 9.93%, 0, 0, 2, 64.90, 6505, 89345
1606787179, 0, 0, 1130, 1130, 2, 9.93%, 0, 0, 2, 35.23, 6505, 90013
1606787189, 0, 0, 1132, 1132, 2, 9.93%, 0, 0, 2, 10.18, 6505, 90355
1606787194, 0, 0, 1135, 1135, 2, 9.93%, 0, 0, 2, 13.82, 6505, 90443
1606787199, 0, 0, 1136, 1136, 2, 9.93%, 0, 0, 2, 16.80, 6505, 90528
1606787205, 0, 0, 1139, 1139, 2, 9.93%, 0, 0, 2, 16.30, 6505, 90611
1606787210, 0, 0, 1140, 1140, 2, 9.93%, 0, 0, 2, 11.07, 6505, 90752
1606787225, 0, 0, 1141, 1141, 2, 9.93%, 0, 0, 2, 22.28, 6505, 91251
1606787230, 0, 0, 1143, 1143, 2, 9.93%, 0, 0, 2, 32.53, 6505, 91439
1606787251, 0, 0, 1144, 1144, 2, 9.93%, 0, 0, 2, 11.96, 6505, 92286
1606787256, 0, 0, 1146, 1146, 2, 9.93%, 0, 0, 2, 30.46, 6505, 92635
1606787261, 0, 0, 1147, 1147, 2, 9.93%, 0, 0, 2, 247.39, 6505, 92839
1606787266, 0, 0, 1148, 1148, 2, 9.93%, 0, 0, 2, 30.23, 6505, 92994
1606787277, 0, 0, 1149, 1149, 2, 9.93%, 0, 0, 2, 29.70, 6505, 93403
1606787287, 0, 0, 1150, 1150, 2, 9.93%, 0, 0, 2, 32.48, 6505, 93960
1606787292, 0, 0, 1152, 1152, 2, 9.93%, 0, 0, 2, 23.85, 6505, 94073
1606787297, 0, 0, 1155, 1155, 2, 9.93%, 0, 0, 2, 17.71, 6505, 94146
1606787307, 0, 0, 1156, 1156, 2, 9.93%, 0, 0, 2, 23.78, 6505, 94462
1606787312, 0, 0, 1157, 1157, 2, 9.93%, 0, 0, 2, 19.99, 6505, 94557
1606787317, 0, 0, 1159, 1159, 2, 9.93%, 0, 0, 2, 11.41, 6509, 94968
1606787333, 0, 0, 1161, 1161, 2, 9.93%, 0, 0, 2, 10.28, 6509, 95241
1606787399, 0, 0, 1162, 1162, 2, 9.93%, 0, 0, 2, 9.07, 6509, 96199
1606787405, 0, 0, 1163, 1163, 2, 9.93%, 0, 0, 2, 11.93, 6509, 96265
1606787467, 0, 0, 1170, 1170, 2, 9.94%, 0, 0, 2, 2540.00, 6513, 98299
1606787472, 0, 0, 1175, 1175, 2, 9.97%, 0, 0, 2, 8.21, 6535, 99379
1606787477, 0, 0, 1180, 1180, 2, 9.97%, 0, 0, 2, 33.85, 6535, 99990
1606787482, 0, 0, 1183, 1183, 2, 9.97%, 0, 0, 2, 193.43, 6535, 100599
1606787487, 0, 0, 1185, 1185, 2, 9.97%, 0, 0, 2, 28.13, 6536, 100927
1606787508, 0, 0, 1188, 1188, 2, 9.97%, 0, 0, 2, 10.29, 6536, 101223
1606787513, 0, 0, 1189, 1189, 2, 9.97%, 0, 0, 2, 11.91, 6536, 101290
1606787518, 0, 0, 1190, 1190, 2, 9.97%, 0, 0, 2, 12.08, 6536, 101353
1606787523, 0, 0, 1192, 1192, 2, 9.97%, 0, 0, 2, 13.18, 6536, 101423
1606787580, 0, 0, 1193, 1193, 2, 9.97%, 0, 0, 2, 10.64, 6536, 102230
1606787647, 0, 0, 1195, 1195, 2, 9.97%, 0, 0, 2, 92.19, 6536, 104306
1606787652, 0, 0, 1199, 1199, 2, 9.97%, 0, 0, 2, 440.94, 6536, 105689
1606787657, 0, 0, 1203, 1203, 2, 9.98%, 0, 0, 2, 141.72, 6538, 106584
1606787663, 0, 0, 1207, 1207, 2, 9.99%, 0, 0, 2, 13.16, 6548, 106800
1606787668, 0, 0, 1208, 1208, 2, 9.99%, 0, 0, 2, 27.63, 6548, 107189
1606787673, 0, 0, 1224, 1224, 2, 10.01%, 0, 0, 2, 362.87, 6558, 109087
1606787678, 0, 0, 1232, 1232, 2, 10.03%, 0, 0, 2, 640.01, 6570, 110138
1606787683, 0, 1, 1263, 1262, 155, 10.08%, 0, 0, 2, 2060.32, 6609, 114391
1606787688, 0, 1, 1265, 1264, 155, 10.10%, 0, 0, 2, 42.55, 6619, 125648
1606787698, 0, 8, 1272, 1269, 159, 10.11%, 0, 0, 2, 33.27, 6624, 142680
1606787966, 0, 8, 1273, 1270, 159, 10.12%, 0, 0, 3, 277.98, 6630, 148356
1606788921, 0, 8, 1275, 1272, 159, 10.12%, 0, 0, 3, 34.74, 6634, 170114
1606790127, 0, 11, 1275, 1271, 160, 10.12%, 0, 0, 3, 2437.60, 6634, 242018
1606790132, 0, 11, 1277, 1273, 160, 10.12%, 0, 0, 3, 2504.18, 6634, 250297
1606790179, 0, 11, 1278, 1274, 160, 10.12%, 0, 0, 3, 2650.00, 6634, 299714
1606790184, 0, 11, 1282, 1278, 160, 10.13%, 0, 0, 3, 64.06, 6636, 309422
1606790189, 0, 17, 1289, 1282, 159, 10.13%, 0, 0, 3, 3084.43, 6636, 324606
1606790205, 0, 18, 1291, 1283, 160, 10.13%, 0, 0, 3, 3290.17, 6638, 372238
1606790210, 0, 22, 1291, 1281, 159, 10.13%, 0, 0, 3, 3221.74, 6638, 389100
1606790250, 0, 34, 1291, 1280, 158, 10.13%, 0, 0, 3, 11.96, 6638, 487057
1606790261, 0, 34, 1292, 1281, 158, 10.13%, 0, 0, 3, 12.15, 6638, 487233
1606790352, 0, 34, 1293, 1282, 158, 10.13%, 0, 0, 3, 37.96, 6638, 488954
1606790358, 0, 34, 1294, 1283, 158, 10.13%, 0, 0, 3, 12.26, 6638, 489483
1606790368, 0, 34, 1295, 1284, 158, 10.13%, 0, 0, 3, 14.29, 6638, 489632
1606790409, 0, 34, 1296, 1285, 158, 10.13%, 0, 0, 3, 14.89, 6638, 490330
1606790450, 0, 34, 1297, 1286, 158, 10.13%, 0, 0, 3, 11.72, 6638, 490911
1606790511, 0, 34, 1298, 1287, 158, 10.13%, 0, 0, 3, 20.99, 6638, 492263
1606790516, 0, 34, 1299, 1288, 158, 10.13%, 0, 0, 3, 18.51, 6638, 492819
1606790531, 0, 34, 1300, 1289, 158, 10.13%, 0, 0, 3, 17.22, 6638, 493076
1606790542, 0, 34, 1301, 1290, 158, 10.13%, 0, 0, 3, 19.79, 6638, 493276
1606790552, 0, 34, 1302, 1291, 158, 10.13%, 0, 0, 3, 17.19, 6638, 493488
1606790598, 0, 34, 1303, 1292, 158, 10.13%, 0, 0, 3, 11.37, 6638, 494208
1606790680, 0, 34, 1304, 1293, 158, 10.13%, 0, 0, 3, 17.61, 6638, 496407
1606790716, 0, 34, 1305, 1294, 158, 10.13%, 0, 0, 3, 18.68, 6638, 497377
1606790726, 0, 34, 1307, 1296, 158, 10.13%, 0, 0, 3, 20.41, 6638, 497810
1606790818, 0, 34, 1308, 1297, 158, 10.13%, 0, 0, 3, 10.23, 6638, 499754
1606791126, 0, 34, 1309, 1298, 158, 10.13%, 0, 0, 3, 11.54, 6638, 503587
1606791434, 0, 34, 1311, 1300, 158, 10.13%, 0, 0, 3, 9.57, 6638, 509454
1606791440, 0, 34, 1314, 1303, 158, 10.13%, 0, 0, 3, 10.66, 6638, 511059
1606791445, 0, 34, 1316, 1305, 158, 10.13%, 0, 0, 3, 38.56, 6638, 511342
1606791465, 0, 34, 1318, 1307, 158, 10.13%, 0, 0, 3, 44.23, 6638, 514596
1606791481, 0, 34, 1319, 1308, 158, 10.13%, 0, 0, 3, 14.73, 6638, 515407
1606791497, 0, 34, 1320, 1309, 158, 10.13%, 0, 0, 3, 17.25, 6638, 515678
1606791574, 0, 34, 1321, 1310, 158, 10.13%, 0, 0, 3, 23.91, 6638, 516854
1606791579, 0, 34, 1322, 1311, 158, 10.13%, 0, 0, 3, 20.81, 6638, 516938
1606791584, 0, 34, 1324, 1313, 158, 10.13%, 0, 0, 3, 18.48, 6638, 517036
1606791707, 0, 34, 1325, 1314, 158, 10.13%, 0, 0, 3, 15.57, 6638, 519981
1606791733, 0, 34, 1326, 1315, 158, 10.13%, 0, 0, 3, 14.20, 6638, 520596
1606791754, 0, 34, 1327, 1316, 158, 10.13%, 0, 0, 3, 17.58, 6638, 520987
1606791841, 0, 34, 1330, 1319, 158, 10.13%, 0, 0, 3, 12.23, 6638, 533099
1606791867, 0, 34, 1331, 1320, 158, 10.13%, 0, 0, 3, 20.95, 6638, 537105
1606791887, 0, 34, 1332, 1321, 158, 10.13%, 0, 0, 3, 19.00, 6638, 537551
1606791914, 0, 34, 1333, 1322, 158, 10.13%, 0, 0, 3, 14.95, 6638, 548316
1606792022, 0, 34, 1335, 1324, 158, 10.13%, 0, 0, 3, 76.86, 6638, 551008
1606792037, 0, 34, 1336, 1325, 158, 10.13%, 0, 0, 3, 25.31, 6638, 551894
1606792089, 0, 34, 1337, 1326, 158, 10.13%, 0, 0, 3, 26.82, 6638, 555928
1606792094, 0, 34, 1339, 1328, 158, 10.13%, 0, 0, 3, 32.25, 6638, 556091
1606792269, 0, 34, 1340, 1329, 158, 10.13%, 0, 0, 3, 13.15, 6638, 568614
1606792310, 0, 34, 1341, 1330, 158, 10.13%, 0, 0, 3, 36.81, 6638, 569869
1606792326, 0, 34, 1342, 1331, 158, 10.13%, 0, 0, 3, 12.41, 6638, 570467
1606792351, 0, 34, 1343, 1332, 158, 10.13%, 0, 0, 3, 23.94, 6638, 571843
1606792361, 0, 34, 1344, 1333, 158, 10.13%, 0, 0, 3, 26.92, 6638, 572213
1606792407, 0, 34, 1345, 1334, 158, 10.13%, 0, 0, 3, 12.56, 6638, 573463
1606792530, 0, 34, 1348, 1337, 158, 10.13%, 0, 0, 3, 13.45, 6638, 577555
1606792696, 0, 34, 1350, 1339, 158, 10.13%, 0, 0, 3, 528.21, 6638, 584101
1606792722, 0, 34, 1351, 1340, 158, 10.13%, 0, 0, 3, 10.61, 6638, 585412
1606792727, 0, 34, 1354, 1343, 158, 10.13%, 0, 0, 3, 371.33, 6642, 586572
1606792732, 0, 34, 1358, 1347, 158, 10.15%, 0, 0, 3, 265.77, 6655, 588068
1606792737, 0, 34, 1360, 1349, 158, 10.16%, 0, 0, 3, 437.33, 6657, 590494
1606792742, 0, 175, 1362, 1350, 159, 10.16%, 0, 0, 3, 2400.89, 6660, 594469
1606792778, 0, 175, 1363, 1351, 159, 10.16%, 0, 0, 3, 2365.31, 6660, 682367
1606792783, 0, 213, 1366, 1353, 160, 10.17%, 0, 0, 3, 2870.02, 6662, 697081
1606792798, 0, 215, 1366, 1352, 159, 10.17%, 0, 0, 3, 3126.26, 6662, 745326
1606792808, 0, 217, 1366, 1351, 158, 10.17%, 0, 0, 3, 3217.59, 6662, 777925
1606792819, 0, 220, 1366, 1350, 157, 10.17%, 0, 0, 3, 3278.51, 6662, 811072
1606792834, 0, 223, 1367, 1350, 156, 10.17%, 0, 0, 3, 3226.25, 6662, 860145
1606792844, 0, 226, 1367, 1349, 155, 10.17%, 0, 0, 3, 3099.20, 6662, 892171
1606792860, 0, 229, 1367, 1348, 154, 10.17%, 0, 0, 3, 3166.97, 6662, 940926
1606792870, 0, 234, 1367, 1347, 153, 10.17%, 0, 0, 3, 3027.01, 6662, 972483
1606792885, 0, 237, 1368, 1347, 152, 10.17%, 0, 0, 3, 24.42, 6662, 1008184
1606792900, 0, 237, 1370, 1349, 152, 10.17%, 0, 0, 3, 9.75, 6662, 1008401
1606792905, 0, 237, 1372, 1351, 152, 10.17%, 0, 0, 3, 10.87, 6662, 1008461
1606792916, 0, 237, 1374, 1353, 152, 10.17%, 0, 0, 3, 11.11, 6662, 1008574
1606792997, 0, 237, 1375, 1354, 152, 10.17%, 0, 0, 3, 295.06, 6662, 1009584
1606793002, 0, 237, 1378, 1357, 152, 10.17%, 0, 0, 3, 63.47, 6662, 1010116
1606793007, 0, 237, 1379, 1358, 152, 10.17%, 0, 0, 3, 33.45, 6662, 1010571
1606793022, 0, 237, 1381, 1360, 152, 10.17%, 0, 0, 3, 12.41, 6662, 1010859
1606793027, 0, 237, 1382, 1361, 152, 10.17%, 0, 0, 3, 14.67, 6662, 1010936
1606793125, 0, 237, 1383, 1362, 152, 10.17%, 0, 0, 3, 10.84, 6662, 1012336
1606793176, 0, 237, 1384, 1363, 152, 10.17%, 0, 0, 3, 22.63, 6662, 1013472
1606793186, 0, 237, 1386, 1365, 152, 10.17%, 0, 0, 3, 15.04, 6662, 1014105
1606793192, 0, 237, 1387, 1366, 152, 10.17%, 0, 0, 3, 13.95, 6662, 1014180
1606793207, 0, 237, 1388, 1367, 152, 10.17%, 0, 0, 3, 18.03, 6662, 1014439
1606793222, 0, 237, 1389, 1368, 152, 10.17%, 0, 0, 3, 14.89, 6662, 1014735
1606793238, 0, 237, 1390, 1369, 152, 10.17%, 0, 0, 3, 10.74, 6662, 1015030
1606793248, 0, 237, 1391, 1370, 152, 10.17%, 0, 0, 3, 10.38, 6662, 1015180
1606793253, 0, 237, 1392, 1371, 152, 10.17%, 0, 0, 3, 10.70, 6662, 1015236
1606793258, 0, 237, 1393, 1372, 152, 10.17%, 0, 0, 3, 10.90, 6662, 1015293
1606793273, 0, 237, 1394, 1373, 152, 10.17%, 0, 0, 3, 10.36, 6662, 1015458
1606793345, 0, 237, 1395, 1374, 152, 10.17%, 0, 0, 3, 20.60, 6662, 1017408
1606793355, 0, 237, 1396, 1375, 152, 10.17%, 0, 0, 3, 14.82, 6662, 1017565
1606793360, 0, 237, 1397, 1376, 152, 10.17%, 0, 0, 3, 18.43, 6662, 1017658
1606793391, 0, 237, 1398, 1377, 152, 10.17%, 0, 0, 3, 91.24, 6662, 1018314
1606793412, 0, 237, 1399, 1378, 152, 10.17%, 0, 0, 3, 19.80, 6662, 1019183
1606793505, 0, 237, 1400, 1379, 152, 10.17%, 0, 0, 3, 11.05, 6662, 1021028
1606793515, 0, 237, 1401, 1380, 152, 10.17%, 0, 0, 3, 10.42, 6662, 1021135
1606793530, 0, 237, 1402, 1381, 152, 10.17%, 0, 0, 3, 10.81, 6662, 1021305
1606793572, 0, 237, 1403, 1382, 152, 10.17%, 0, 0, 3, 11.32, 6662, 1021777
1606793577, 0, 237, 1404, 1383, 152, 10.17%, 0, 0, 3, 11.02, 6662, 1021834
1606793608, 0, 237, 1405, 1384, 152, 10.17%, 0, 0, 3, 11.97, 6662, 1022190
1606793644, 0, 237, 1406, 1385, 152, 10.17%, 0, 0, 3, 11.05, 6662, 1022585
1606793680, 0, 237, 1407, 1386, 152, 10.17%, 0, 0, 3, 11.37, 6662, 1022983
1606794151, 0, 237, 1410, 1389, 152, 10.17%, 0, 0, 3, 965.86, 6662, 1032342
1606794156, 0, 237, 1414, 1393, 152, 10.17%, 0, 0, 3, 23.41, 6665, 1032444
1606794161, 0, 237, 1416, 1395, 152, 10.17%, 0, 0, 3, 50.91, 6665, 1032792
1606794166, 0, 237, 1417, 1396, 152, 10.17%, 0, 0, 3, 32.05, 6665, 1032922
1606794171, 0, 237, 1420, 1399, 152, 10.17%, 0, 0, 3, 24.71, 6665, 1033031
1606794181, 0, 237, 1421, 1400, 152, 10.17%, 0, 0, 3, 502.13, 6665, 1035887
1606794197, 0, 237, 1422, 1401, 152, 10.17%, 0, 0, 3, 15.75, 6665, 1036726
1606794207, 0, 237, 1423, 1402, 152, 10.17%, 0, 0, 3, 17.47, 6665, 1036911
1606794212, 0, 237, 1424, 1403, 152, 10.17%, 0, 0, 3, 19.77, 6665, 1037010
1606794227, 0, 237, 1425, 1404, 152, 10.17%, 0, 0, 3, 15.51, 6665, 1037280
1606794288, 0, 237, 1426, 1405, 152, 10.17%, 0, 0, 3, 23.84, 6665, 1038214
1606794314, 0, 237, 1427, 1406, 152, 10.17%, 0, 0, 3, 20.88, 6665, 1038731
1606794457, 0, 237, 1428, 1407, 152, 10.17%, 0, 0, 3, 14.95, 6665, 1042197
1606794473, 0, 237, 1429, 1408, 152, 10.17%, 0, 0, 3, 12.33, 6665, 1042431
1606794557, 0, 237, 1430, 1409, 152, 10.17%, 0, 0, 3, 330.26, 6665, 1054415
1606794603, 0, 237, 1431, 1410, 152, 10.17%, 0, 0, 3, 17.56, 6665, 1058853
1606794634, 0, 237, 1433, 1412, 152, 10.17%, 0, 0, 3, 12.10, 6667, 1069682
1606794644, 0, 237, 1435, 1414, 152, 10.17%, 0, 0, 3, 12.47, 6667, 1069812
1606794736, 0, 237, 1436, 1415, 152, 10.17%, 0, 0, 3, 23.25, 6667, 1071961
1606794742, 0, 237, 1437, 1416, 152, 10.17%, 0, 0, 3, 33.97, 6667, 1072158
1606794844, 0, 237, 1438, 1417, 152, 10.17%, 0, 0, 3, 10.96, 6667, 1078501
1606794860, 0, 237, 1439, 1418, 152, 10.17%, 0, 0, 3, 13.15, 6667, 1078930
1606794932, 0, 237, 1441, 1420, 152, 10.17%, 0, 0, 3, 27.40, 6667, 1080629
1606794993, 0, 237, 1442, 1421, 152, 10.17%, 0, 0, 3, 17.67, 6667, 1089984
1606795034, 0, 237, 1443, 1422, 152, 10.17%, 0, 0, 3, 31.49, 6667, 1091436
1606795075, 0, 237, 1444, 1423, 152, 10.17%, 0, 0, 3, 27.44, 6667, 1093410
1606795090, 0, 237, 1445, 1424, 152, 10.17%, 0, 0, 3, 24.81, 6667, 1093857
1606795111, 0, 237, 1447, 1426, 152, 10.18%, 0, 0, 3, 9.79, 6670, 1094520
1606795116, 0, 237, 1449, 1428, 152, 10.18%, 0, 0, 3, 10.45, 6670, 1094570
1606795260, 0, 237, 1450, 1429, 152, 10.18%, 0, 0, 3, 16.23, 6670, 1098448
1606795290, 0, 237, 1453, 1432, 152, 10.18%, 0, 0, 3, 8.38, 6670, 1100343
1606795306, 0, 237, 1454, 1433, 152, 10.18%, 0, 0, 3, 11.91, 6670, 1100530
1606795316, 0, 237, 1455, 1434, 152, 10.18%, 0, 0, 3, 11.66, 6670, 1100652
1606795445, 0, 237, 1457, 1436, 152, 10.18%, 0, 0, 3, 86.41, 6670, 1105712
1606795471, 0, 241, 1457, 1435, 152, 10.18%, 0, 0, 3, 2681.29, 6670, 1109536
1606795486, 0, 244, 1458, 1435, 151, 10.18%, 0, 0, 3, 2704.47, 6670, 1153263
1606795516, 0, 246, 1458, 1434, 150, 10.18%, 0, 0, 3, 2564.78, 6670, 1227210
1606795531, 0, 250, 1458, 1433, 149, 10.18%, 0, 0, 3, 2742.14, 6670, 1270701
1606795547, 0, 251, 1459, 1433, 148, 10.18%, 0, 0, 3, 9.22, 6670, 1308510
1606795562, 0, 251, 1460, 1434, 148, 10.18%, 0, 0, 3, 10.68, 6670, 1308709
1606795567, 0, 251, 1461, 1435, 148, 10.18%, 0, 0, 3, 9.90, 6670, 1308759
1606795618, 0, 251, 1462, 1436, 148, 10.18%, 0, 0, 3, 10.16, 6670, 1309280
1606795623, 0, 251, 1463, 1437, 148, 10.18%, 0, 0, 3, 9.78, 6670, 1309332
1606795684, 0, 251, 1464, 1438, 148, 10.18%, 0, 0, 3, 12.64, 6670, 1310957
1606795694, 0, 251, 1465, 1439, 148, 10.18%, 0, 0, 3, 12.13, 6670, 1311079
1606795710, 0, 251, 1466, 1440, 148, 10.18%, 0, 0, 3, 13.47, 6670, 1311282
1606795715, 0, 251, 1467, 1441, 148, 10.18%, 0, 0, 3, 14.25, 6670, 1311353
1606795736, 0, 251, 1468, 1442, 148, 10.18%, 0, 0, 3, 11.50, 6670, 1311641
1606795751, 0, 251, 1469, 1443, 148, 10.18%, 0, 0, 3, 12.59, 6670, 1311849
1606795878, 0, 251, 1473, 1447, 148, 10.18%, 0, 0, 3, 53.95, 6670, 1313755
1606795889, 0, 251, 1474, 1448, 148, 10.18%, 0, 0, 3, 14.21, 6670, 1314384
1606795899, 0, 251, 1475, 1449, 148, 10.18%, 0, 0, 3, 13.37, 6670, 1314527
1606795909, 0, 251, 1476, 1450, 148, 10.18%, 0, 0, 3, 14.32, 6670, 1314684
1606795945, 0, 251, 1477, 1451, 148, 10.19%, 0, 0, 3, 9.26, 6677, 1315300
1606796067, 0, 251, 1478, 1452, 148, 10.19%, 0, 0, 3, 9.26, 6677, 1317668
1606796072, 0, 251, 1479, 1453, 148, 10.19%, 0, 0, 3, 12.37, 6677, 1317735
1606796129, 0, 251, 1481, 1455, 148, 10.19%, 0, 0, 3, 14.09, 6679, 1318920
1606796134, 0, 251, 1482, 1456, 148, 10.19%, 0, 0, 3, 16.49, 6679, 1319010
1606796145, 0, 251, 1483, 1457, 148, 10.19%, 0, 0, 3, 21.99, 6679, 1319438
1606796155, 0, 251, 1484, 1458, 148, 10.19%, 0, 0, 3, 9.15, 6679, 1319969
1606796257, 0, 251, 1487, 1461, 148, 10.19%, 0, 0, 3, 10.05, 6679, 1321294
1606796262, 0, 251, 1489, 1463, 148, 10.19%, 0, 0, 3, 9.83, 6679, 1321343
1606796405, 0, 251, 1490, 1464, 148, 10.19%, 0, 0, 3, 9.45, 6679, 1322793
1606796410, 0, 251, 1491, 1465, 148, 10.19%, 0, 0, 3, 9.69, 6679, 1322842
1606797021, 0, 251, 1496, 1470, 148, 10.19%, 0, 0, 3, 16.47, 6679, 1332657
1606797026, 0, 251, 1500, 1474, 148, 10.20%, 0, 0, 3, 16.86, 6682, 1332741
1606797052, 0, 251, 1502, 1476, 148, 10.20%, 0, 0, 3, 42.84, 6682, 1336185
1606797108, 0, 251, 1503, 1477, 148, 10.20%, 0, 0, 3, 17.87, 6682, 1337586
1606797113, 0, 251, 1504, 1478, 148, 10.20%, 0, 0, 3, 13.22, 6682, 1337646
1606797118, 0, 251, 1505, 1479, 148, 10.20%, 0, 0, 3, 13.10, 6682, 1337708
1606797128, 0, 251, 1506, 1480, 148, 10.20%, 0, 0, 3, 12.59, 6682, 1337832
1606797179, 0, 251, 1507, 1481, 148, 10.20%, 0, 0, 3, 16.54, 6682, 1338621
1606797235, 0, 251, 1508, 1482, 148, 10.20%, 0, 0, 3, 15.21, 6682, 1339690
1606797327, 0, 251, 1509, 1483, 148, 10.20%, 0, 0, 3, 11.80, 6682, 1341486
1606797337, 0, 251, 1511, 1485, 148, 10.20%, 0, 0, 3, 11.75, 6682, 1341625
1606797363, 0, 251, 1512, 1486, 148, 10.20%, 0, 0, 3, 13.94, 6682, 1342102
1606797597, 0, 251, 1513, 1487, 148, 10.20%, 0, 0, 3, 11.90, 6683, 1369878
1606797643, 0, 251, 1515, 1489, 148, 10.20%, 0, 0, 3, 25.84, 6683, 1370829
1606797664, 0, 251, 1516, 1490, 148, 10.20%, 0, 0, 3, 27.70, 6683, 1371280
1606797715, 0, 251, 1517, 1491, 148, 10.20%, 0, 0, 3, 93.02, 6683, 1372159
1606797720, 0, 251, 1518, 1492, 148, 10.20%, 0, 0, 3, 10.12, 6683, 1372336
1606797766, 0, 251, 1519, 1493, 148, 10.20%, 0, 0, 3, 16.41, 6683, 1376637
1606797771, 0, 251, 1520, 1494, 148, 10.20%, 0, 0, 3, 30.92, 6683, 1376803
1606797776, 0, 251, 1521, 1495, 148, 10.20%, 0, 0, 3, 22.50, 6683, 1376898
1606797782, 0, 251, 1524, 1498, 148, 10.20%, 0, 0, 3, 17.59, 6683, 1376989
1606797787, 0, 251, 1525, 1499, 148, 10.20%, 0, 0, 3, 14.32, 6683, 1377056
1606797807, 0, 251, 1527, 1501, 148, 10.20%, 0, 0, 3, 20.92, 6683, 1377472
1606797822, 0, 251, 1528, 1502, 148, 10.20%, 0, 0, 3, 25.05, 6683, 1377973
1606797832, 0, 251, 1529, 1503, 148, 10.20%, 0, 0, 3, 36.36, 6683, 1378509
1606797843, 0, 251, 1530, 1504, 148, 10.20%, 0, 0, 3, 17.86, 6683, 1378684
1606797853, 0, 251, 1531, 1505, 148, 10.20%, 0, 0, 3, 19.39, 6683, 1378937
1606797858, 0, 251, 1533, 1507, 148, 10.20%, 0, 0, 3, 15.54, 6683, 1379009
1606797878, 0, 251, 1534, 1508, 148, 10.20%, 0, 0, 3, 17.45, 6683, 1379487
1606797955, 0, 251, 1537, 1511, 148, 10.20%, 0, 0, 3, 9.40, 6683, 1381285
1606797971, 0, 251, 1538, 1512, 148, 10.20%, 0, 0, 3, 219.79, 6683, 1382631
1606798007, 0, 251, 1539, 1513, 148, 10.20%, 0, 0, 3, 27.83, 6683, 1390171
1606798012, 0, 251, 1540, 1514, 148, 10.20%, 0, 0, 3, 20.57, 6683, 1390278
1606798038, 0, 251, 1541, 1515, 148, 10.20%, 0, 0, 3, 23.89, 6683, 1390833
1606798058, 0, 251, 1543, 1517, 148, 10.20%, 0, 0, 3, 16.38, 6683, 1391697
1606798063, 0, 251, 1545, 1519, 148, 10.20%, 0, 0, 3, 21.08, 6683, 1391833
1606798093, 0, 251, 1548, 1522, 148, 10.20%, 0, 0, 3, 25.69, 6684, 1393163
1606798319, 0, 251, 1549, 1523, 148, 10.20%, 0, 0, 3, 156.83, 6684, 1400094
1606798350, 0, 251, 1550, 1524, 148, 10.20%, 0, 0, 3, 10.75, 6684, 1400746
1606798370, 0, 251, 1551, 1525, 148, 10.20%, 0, 0, 3, 11.45, 6684, 1400986
1606798519, 0, 251, 1553, 1527, 148, 10.20%, 0, 0, 3, 193.55, 6684, 1405733
1606798529, 0, 251, 1554, 1528, 148, 10.20%, 0, 0, 3, 10.35, 6684, 1406238
1606798555, 0, 261, 1557, 1530, 149, 10.20%, 0, 0, 3, 2041.32, 6684, 1417043
1606798570, 0, 261, 1558, 1531, 149, 10.20%, 0, 0, 3, 2671.91, 6684, 1458895
1606798575, 0, 263, 1558, 1530, 148, 10.20%, 0, 0, 3, 2622.51, 6684, 1471949
1606798595, 0, 270, 1558, 1529, 147, 10.20%, 0, 0, 3, 2566.53, 6684, 1527208
1606798610, 0, 270, 1559, 1530, 147, 10.20%, 0, 0, 3, 2659.44, 6684, 1569202
1606798615, 0, 273, 1560, 1530, 146, 10.20%, 0, 0, 3, 2586.37, 6684, 1581948
1606798636, 0, 279, 1561, 1530, 145, 10.20%, 0, 0, 3, 2527.28, 6684, 1637128
1606798667, 0, 284, 1561, 1529, 144, 10.20%, 0, 0, 3, 9.95, 6684, 1703010
1606798682, 0, 284, 1564, 1532, 144, 10.20%, 0, 0, 3, 10.38, 6684, 1703214
1606798687, 0, 284, 1565, 1533, 144, 10.20%, 0, 0, 3, 10.35, 6684, 1703268
1606798697, 0, 284, 1566, 1534, 144, 10.20%, 0, 0, 3, 9.53, 6684, 1703367
1606798789, 0, 284, 1567, 1535, 144, 10.20%, 0, 0, 3, 708.96, 6684, 1704841
1606798794, 0, 284, 1570, 1538, 144, 10.20%, 0, 0, 3, 26.49, 6684, 1704963
1606798800, 0, 284, 1571, 1539, 144, 10.20%, 0, 0, 3, 9.78, 6684, 1705485
1606798836, 0, 284, 1572, 1540, 144, 10.20%, 0, 0, 3, 18.66, 6684, 1706031
1606798861, 0, 284, 1573, 1541, 144, 10.20%, 0, 0, 3, 158.88, 6684, 1706406
1606798867, 0, 284, 1574, 1542, 144, 10.20%, 0, 0, 3, 10.59, 6684, 1706473
1606798979, 0, 284, 1576, 1544, 144, 10.20%, 0, 0, 3, 13.35, 6684, 1708246
1606799041, 0, 284, 1577, 1545, 144, 10.20%, 0, 0, 3, 9.84, 6684, 1709787
1606799169, 0, 284, 1578, 1546, 144, 10.20%, 0, 0, 3, 14.67, 6684, 1712335
1606799389, 0, 284, 1579, 1547, 144, 10.20%, 0, 0, 3, 10.84, 6684, 1716349
1606800017, 0, 284, 1580, 1548, 144, 10.20%, 0, 0, 3, 34.25, 6684, 1726972
1606800022, 0, 284, 1583, 1551, 144, 10.20%, 0, 0, 3, 19.57, 6684, 1727048
1606800027, 0, 284, 1588, 1556, 144, 10.20%, 0, 0, 3, 16.84, 6684, 1727130
1606800032, 0, 284, 1590, 1558, 144, 10.20%, 0, 0, 3, 14.93, 6684, 1727470
1606800043, 0, 284, 1591, 1559, 144, 10.20%, 0, 0, 3, 16.86, 6684, 1727737
1606800048, 0, 284, 1592, 1560, 144, 10.20%, 0, 0, 3, 1090.09, 6684, 1729083
1606800110, 0, 284, 1593, 1561, 144, 10.20%, 0, 0, 3, 12.72, 6684, 1732059
1606800125, 0, 284, 1594, 1562, 144, 10.20%, 0, 0, 3, 15.51, 6684, 1732341
1606800161, 0, 284, 1595, 1563, 144, 10.20%, 0, 0, 3, 17.70, 6684, 1732910
1606800166, 0, 284, 1596, 1564, 144, 10.20%, 0, 0, 3, 17.64, 6684, 1733012
1606800289, 0, 284, 1597, 1565, 144, 10.20%, 0, 0, 3, 12.65, 6684, 1735670
1606800535, 0, 284, 1598, 1566, 144, 10.20%, 0, 0, 3, 12.79, 6684, 1764141
1606800602, 0, 284, 1599, 1567, 144, 10.20%, 0, 0, 3, 25.06, 6684, 1765638
1606800648, 0, 284, 1600, 1568, 144, 10.20%, 0, 0, 3, 34.43, 6684, 1766543
1606800669, 0, 284, 1601, 1569, 144, 10.20%, 0, 0, 3, 58.05, 6684, 1767631
1606800860, 0, 284, 1602, 1570, 144, 10.20%, 0, 0, 3, 122.64, 6684, 1775990
1606800901, 0, 284, 1603, 1571, 144, 10.20%, 0, 0, 3, 17.53, 6684, 1784435
1606800927, 0, 284, 1605, 1573, 144, 10.20%, 0, 0, 3, 27.81, 6684, 1785224
1606800937, 0, 284, 1606, 1574, 144, 10.20%, 0, 0, 3, 38.15, 6684, 1785663
1606800973, 0, 284, 1607, 1575, 144, 10.20%, 0, 0, 3, 32.25, 6684, 1787261
1606801009, 0, 284, 1608, 1576, 144, 10.20%, 0, 0, 3, 10.38, 6684, 1788767
1606801354, 0, 284, 1609, 1577, 144, 10.20%, 0, 0, 3, 76.12, 6684, 1800135
1606801380, 0, 286, 1609, 1576, 144, 10.20%, 0, 0, 3, 2294.34, 6684, 1804336
1606801410, 0, 290, 1609, 1575, 143, 10.20%, 0, 0, 3, 11.73, 6684, 1875335
1606801471, 0, 290, 1610, 1576, 143, 10.20%, 0, 0, 3, 11.22, 6684, 1876122
1606801676, 0, 290, 1611, 1577, 143, 10.20%, 0, 0, 3, 30.43, 6684, 1880454
1606801681, 0, 290, 1612, 1578, 143, 10.20%, 0, 0, 3, 71.09, 6684, 1880960
1606801829, 0, 290, 1613, 1579, 143, 10.20%, 0, 0, 3, 1463.87, 6684, 1883776
1606802622, 0, 290, 1615, 1581, 143, 10.20%, 0, 0, 3, 29.98, 6684, 1899602
1606802633, 0, 290, 1617, 1583, 143, 10.20%, 0, 0, 3, 24.19, 6684, 1899845
1606802643, 0, 290, 1618, 1584, 143, 10.20%, 0, 0, 3, 35.46, 6684, 1902729
1606802889, 0, 290, 1619, 1585, 143, 10.20%, 0, 0, 3, 13.77, 6684, 1908150
1606803875, 0, 290, 1620, 1586, 143, 10.20%, 0, 0, 3, 36.59, 6684, 1973069
1606803880, 0, 347, 1620, 1585, 141, 10.20%, 0, 0, 3, 1592.27, 6684, 1978891
1606803906, 0, 360, 1620, 1584, 140, 10.20%, 0, 0, 3, 28.16, 6684, 2039905
1606803952, 0, 360, 1626, 1590, 140, 10.24%, 0, 0, 3, 13.73, 6714, 2041156
1606803957, 0, 360, 1631, 1595, 140, 10.30%, 0, 0, 3, 32.67, 6751, 2041306
1606803962, 0, 360, 1632, 1596, 140, 10.30%, 0, 0, 3, 40.27, 6752, 2041793
1606803967, 0, 360, 1635, 1599, 140, 10.30%, 0, 0, 3, 27.45, 6752, 2042271
1606804023, 0, 360, 1641, 1605, 140, 10.30%, 0, 0, 3, 18.37, 6752, 2043891
1606804028, 0, 360, 1648, 1612, 140, 10.31%, 0, 0, 3, 42.79, 6758, 2044442
1606804033, 0, 360, 1649, 1613, 140, 10.31%, 0, 0, 3, 25.86, 6758, 2044927
1606804049, 0, 360, 1650, 1614, 140, 10.31%, 0, 0, 3, 27.62, 6758, 2045373
1606804090, 0, 360, 1651, 1615, 140, 10.31%, 0, 0, 3, 144.20, 6758, 2046552
1606804095, 0, 360, 1655, 1619, 140, 10.31%, 0, 0, 3, 81.74, 6758, 2046703
1606804105, 0, 360, 1656, 1620, 140, 10.31%, 0, 0, 3, 25.40, 6758, 2047657
1606804372, 0, 360, 1662, 1626, 140, 10.31%, 0, 0, 3, 22.75, 6758, 2056196
1606804377, 0, 360, 1669, 1633, 140, 10.31%, 0, 0, 3, 29.85, 6758, 2056339
1606804382, 0, 360, 1677, 1641, 140, 10.31%, 0, 0, 3, 21.75, 6758, 2056442
1606804388, 0, 360, 1678, 1642, 140, 10.34%, 0, 0, 3, 25.32, 6779, 2056702
1606804522, 0, 360, 1679, 1643, 140, 10.34%, 0, 0, 3, 22.44, 6779, 2087929
1606804634, 0, 360, 1680, 1644, 140, 10.34%, 0, 0, 3, 34.95, 6779, 2100742
1606804696, 0, 360, 1681, 1645, 140, 10.34%, 0, 0, 3, 66.47, 6779, 2104426
1606804793, 0, 360, 1684, 1648, 140, 10.35%, 0, 0, 3, 399.92, 6780, 2109831
1606804799, 0, 360, 1685, 1649, 140, 10.35%, 0, 0, 3, 510.88, 6780, 2112525
1606804804, 0, 365, 1685, 1648, 147, 10.35%, 0, 0, 3, 2140.56, 6780, 2124877
1606804829, 0, 366, 1685, 1647, 146, 10.35%, 0, 0, 3, 2570.67, 6780, 2190154
1606804856, 0, 367, 1685, 1646, 145, 10.35%, 0, 0, 3, 2457.95, 6780, 2255903
1606804886, 0, 368, 1685, 1645, 144, 10.35%, 0, 0, 3, 2581.39, 6780, 2332979
1606804912, 0, 369, 1685, 1644, 143, 10.35%, 0, 0, 3, 2600.90, 6780, 2397904
1606804938, 0, 432, 1685, 1643, 142, 10.35%, 0, 0, 3, 10.42, 6780, 2458062
1606804974, 0, 432, 1686, 1644, 142, 10.35%, 0, 0, 3, 10.33, 6780, 2458497
1606805225, 0, 432, 1687, 1645, 142, 10.35%, 0, 0, 3, 28.45, 6780, 2463218
1606805261, 0, 432, 1688, 1646, 142, 10.35%, 0, 0, 3, 22.10, 6780, 2464343
1606805297, 0, 432, 1689, 1647, 142, 10.35%, 0, 0, 3, 10.73, 6780, 2464920
1606805400, 0, 432, 1690, 1648, 142, 10.35%, 0, 0, 3, 13.73, 6780, 2467165
1606805456, 0, 432, 1691, 1649, 142, 10.35%, 0, 0, 3, 17.32, 6780, 2468421
1606805566, 0, 432, 1692, 1650, 142, 10.35%, 0, 0, 3, 11.11, 6780, 2470708
1606806248, 0, 432, 1693, 1651, 142, 10.35%, 0, 0, 3, 17.31, 6780, 2481953
1606806268, 0, 432, 1694, 1652, 142, 10.35%, 0, 0, 3, 2100.28, 6780, 2485254
1606806273, 0, 432, 1695, 1653, 142, 10.35%, 0, 0, 3, 22.11, 6780, 2485518
1606806567, 0, 432, 1696, 1654, 142, 10.35%, 0, 0, 3, 16.61, 6780, 2491632
1606806727, 0, 432, 1697, 1655, 142, 10.35%, 0, 0, 3, 19.70, 6780, 2508294
1606806758, 0, 432, 1698, 1656, 142, 10.35%, 0, 0, 3, 10.35, 6780, 2519080
1606806871, 0, 432, 1699, 1657, 142, 10.35%, 0, 0, 3, 77.78, 6780, 2521409
1606806897, 0, 432, 1700, 1658, 142, 10.35%, 0, 0, 3, 86.26, 6780, 2522641
1606807098, 0, 432, 1701, 1659, 142, 10.35%, 0, 0, 3, 41.76, 6780, 2532447
1606807139, 0, 432, 1702, 1660, 142, 10.35%, 0, 0, 3, 38.03, 6780, 2539413
1606807406, 0, 432, 1703, 1661, 142, 10.35%, 0, 0, 3, 102.03, 6780, 2549271
1606807581, 0, 432, 1704, 1662, 142, 10.35%, 0, 0, 3, 87.32, 6780, 2554942
1606807612, 0, 468, 1705, 1662, 142, 10.35%, 0, 0, 3, 20.45, 6780, 2556384
1606807822, 0, 468, 1706, 1663, 142, 10.35%, 0, 0, 3, 25.87, 6780, 2561534
1606807956, 0, 468, 1707, 1664, 142, 10.35%, 0, 0, 3, 16.07, 6780, 2565438
1606808550, 0, 468, 1708, 1665, 142, 10.35%, 0, 0, 3, 108.89, 6780, 2580200
1606808555, 0, 468, 1710, 1667, 142, 10.35%, 0, 0, 3, 80.26, 6780, 2580500
1606808596, 0, 468, 1711, 1668, 142, 10.35%, 0, 0, 3, 16.17, 6780, 2584646
1606808694, 0, 468, 1712, 1669, 142, 10.35%, 0, 0, 3, 19.63, 6780, 2586191
1606809325, 0, 468, 1713, 1670, 142, 10.35%, 0, 0, 3, 21.09, 6780, 2637731
1606809669, 0, 468, 1714, 1671, 142, 10.35%, 0, 0, 3, 76.65, 6780, 2653105
1606809694, 0, 568, 1714, 1670, 141, 10.35%, 0, 0, 3, 2225.41, 6780, 2667526
1606809730, 0, 569, 1714, 1669, 140, 10.35%, 0, 0, 3, 2358.65, 6780, 2756644
1606809771, 0, 611, 1715, 1669, 139, 10.35%, 0, 0, 3, 2477.56, 6780, 2860685
1606809781, 0, 611, 1716, 1670, 139, 10.35%, 0, 0, 3, 3012.98, 6780, 2889526
1606809791, 0, 611, 1717, 1671, 139, 10.35%, 0, 0, 3, 2908.61, 6780, 2918854
1606809796, 0, 611, 1719, 1673, 139, 10.35%, 0, 0, 3, 2750.38, 6780, 2933251
1606809801, 0, 616, 1721, 1674, 138, 10.35%, 0, 0, 3, 2658.96, 6780, 2946745
1606809832, 0, 682, 1722, 1674, 137, 10.35%, 0, 0, 3, 12.14, 6780, 3014439
1606810077, 0, 682, 1723, 1675, 137, 10.35%, 0, 0, 3, 58.30, 6780, 3019591
1606810220, 0, 682, 1724, 1676, 137, 10.35%, 0, 0, 3, 12.17, 6780, 3023420
1606810256, 0, 682, 1725, 1677, 137, 10.35%, 0, 0, 3, 23.19, 6780, 3024199
1606810940, 0, 682, 1726, 1678, 137, 10.35%, 0, 0, 3, 24.49, 6780, 3038278
1606811314, 0, 682, 1727, 1679, 137, 10.35%, 0, 0, 3, 8.56, 6780, 3060157
1606811591, 0, 682, 1728, 1680, 137, 10.35%, 0, 0, 3, 27.94, 6780, 3084673
1606812119, 0, 698, 1728, 1679, 137, 10.35%, 0, 0, 3, 2545.57, 6780, 3123568
1606812155, 0, 699, 1728, 1678, 136, 10.35%, 0, 0, 3, 2514.72, 6780, 3216023
1606812195, 0, 725, 1750, 1699, 135, 10.35%, 0, 0, 3, 2088.00, 6780, 3318485
1606812200, 0, 725, 1752, 1701, 135, 10.35%, 0, 0, 3, 1837.90, 6780, 3327789
1606812206, 0, 725, 1766, 1715, 135, 10.36%, 0, 0, 3, 2186.45, 6792, 3339844
1606812216, 0, 725, 1767, 1716, 135, 10.36%, 0, 0, 3, 2986.96, 6792, 3368858
1606812221, 0, 725, 1768, 1717, 135, 10.36%, 0, 0, 3, 2470.13, 6792, 3380958
1606812236, 0, 728, 1768, 1716, 134, 10.36%, 0, 0, 3, 2752.00, 6792, 3420388
1606812251, 0, 821, 1768, 1715, 133, 10.36%, 0, 0, 3, 53.84, 6792, 3456724
1606812323, 0, 821, 1769, 1716, 133, 10.36%, 0, 0, 3, 53.76, 6792, 3458783
1606812349, 0, 821, 1770, 1717, 133, 10.36%, 0, 0, 3, 18.00, 6792, 3459491
1606812364, 0, 821, 1771, 1718, 133, 10.36%, 0, 0, 3, 21.28, 6792, 3459812
1606812565, 0, 821, 1772, 1719, 133, 10.36%, 0, 0, 3, 23.32, 6792, 3465751
1606813115, 0, 821, 1774, 1721, 133, 10.36%, 0, 0, 3, 39.07, 6792, 3480578
1606813121, 0, 821, 1776, 1723, 133, 10.36%, 0, 0, 3, 61.37, 6792, 3480949
1606813244, 0, 821, 1777, 1724, 133, 10.36%, 0, 0, 3, 18.18, 6792, 3486530
1606813495, 0, 821, 1778, 1725, 133, 10.36%, 0, 0, 3, 24.06, 6792, 3506848
1606813541, 0, 821, 1779, 1726, 133, 10.36%, 0, 0, 3, 15.96, 6792, 3518061
1606813649, 0, 821, 1780, 1727, 133, 10.36%, 0, 0, 3, 22.47, 6792, 3524933
1606813911, 0, 821, 1781, 1728, 133, 10.36%, 0, 0, 3, 12.05, 6792, 3542684
1606814137, 0, 828, 1781, 1727, 135, 10.36%, 0, 0, 3, 3089.07, 6792, 3557174
1606814152, 0, 829, 1781, 1726, 133, 10.36%, 0, 0, 3, 12.97, 6792, 3595758
1606814398, 0, 829, 1782, 1727, 133, 10.37%, 0, 0, 3, 20.25, 6793, 3601468
1606815244, 0, 829, 1783, 1728, 133, 10.37%, 0, 0, 3, 29.61, 6793, 3619956
1606815264, 0, 829, 1784, 1729, 133, 10.37%, 0, 0, 3, 28.60, 6793, 3623154
1606815675, 0, 829, 1785, 1730, 133, 10.37%, 0, 0, 3, 15.25, 6794, 3656758
1606816377, 0, 829, 1786, 1731, 133, 10.37%, 0, 0, 3, 76.52, 6794, 3693676
1606816382, 0, 831, 1787, 1731, 135, 10.37%, 0, 0, 3, 2100.86, 6795, 3705269
1606816397, 0, 831, 1789, 1733, 135, 10.37%, 0, 0, 3, 2974.14, 6795, 3748656
1606816407, 0, 831, 1790, 1734, 135, 10.37%, 0, 0, 3, 2633.30, 6795, 3775967
1606816412, 0, 865, 1791, 1734, 136, 10.37%, 0, 0, 3, 2189.58, 6795, 3786355
1606816422, 0, 865, 1802, 1745, 136, 10.39%, 0, 0, 3, 2198.21, 6808, 3807215
1606816453, 0, 872, 1814, 1756, 141, 10.39%, 0, 0, 3, 2277.47, 6809, 3885348
1606816458, 0, 872, 1824, 1766, 141, 10.40%, 0, 0, 3, 2146.01, 6813, 3895872
1606816463, 0, 872, 1828, 1770, 141, 10.40%, 0, 0, 3, 2209.56, 6813, 3907720
1606816483, 0, 872, 1829, 1771, 141, 10.40%, 0, 0, 3, 2437.73, 6813, 3963120
1606816488, 0, 878, 1830, 1771, 142, 10.40%, 0, 0, 3, 2755.19, 6813, 3977154
1606816503, 0, 879, 1830, 1770, 141, 10.40%, 0, 0, 3, 3076.86, 6813, 4026206
1606816514, 0, 880, 1831, 1770, 141, 10.40%, 0, 0, 3, 3093.93, 6817, 4059262
1606816529, 0, 899, 1831, 1769, 140, 10.40%, 0, 0, 3, 22.43, 6817, 4094725
1606816605, 0, 899, 1832, 1770, 140, 10.40%, 0, 0, 3, 36.70, 6817, 4096533
1606816739, 0, 899, 1833, 1771, 140, 10.40%, 0, 0, 3, 45.89, 6817, 4099889
1606816749, 0, 899, 1834, 1772, 140, 10.40%, 0, 0, 3, 15.54, 6817, 4100529
1606816764, 0, 899, 1835, 1773, 140, 10.40%, 0, 0, 3, 18.82, 6817, 4100808
1606816862, 0, 899, 1836, 1774, 140, 10.40%, 0, 0, 3, 197.83, 6817, 4103112
1606816872, 0, 899, 1837, 1775, 140, 10.40%, 0, 0, 3, 19.48, 6817, 4103835
1606817000, 0, 899, 1838, 1776, 140, 10.40%, 0, 0, 3, 12.25, 6817, 4107424
1606817025, 0, 899, 1839, 1777, 140, 10.40%, 0, 0, 3, 13.29, 6817, 4107760
1606817450, 0, 899, 1840, 1778, 140, 10.40%, 0, 0, 3, 21.83, 6817, 4118817
1606817460, 0, 899, 1841, 1779, 140, 10.40%, 0, 0, 3, 23.46, 6817, 4119148
1606817799, 0, 899, 1844, 1782, 140, 10.40%, 0, 0, 3, 2178.31, 6817, 4141592
1606817873, 0, 899, 1845, 1783, 140, 10.40%, 0, 0, 3, 15.22, 6817, 4155809
1606817949, 0, 899, 1846, 1784, 140, 10.40%, 0, 0, 3, 38.05, 6817, 4158102
1606818113, 0, 899, 1847, 1785, 140, 10.40%, 0, 0, 3, 21.05, 6817, 4167042
1606818154, 0, 899, 1848, 1786, 140, 10.40%, 0, 0, 3, 28.48, 6817, 4175922
1606818159, 0, 899, 1849, 1787, 140, 10.40%, 0, 0, 3, 20.41, 6817, 4176019
1606818200, 0, 899, 1850, 1788, 140, 10.40%, 0, 0, 3, 8.20, 6817, 4177560
1606818215, 0, 899, 1851, 1789, 140, 10.40%, 0, 0, 3, 18.64, 6817, 4178405
1606818220, 0, 899, 1852, 1790, 140, 10.40%, 0, 0, 3, 252.00, 6817, 4178616
1606818400, 0, 899, 1853, 1791, 140, 10.40%, 0, 0, 3, 14.81, 6817, 4186554
1606818487, 0, 899, 1854, 1792, 140, 10.40%, 0, 0, 3, 733.69, 6817, 4191319
1606818512, 0, 906, 1854, 1791, 139, 10.40%, 0, 0, 3, 19.57, 6817, 4193173
1606818599, 0, 906, 1855, 1792, 139, 10.40%, 0, 0, 3, 19.10, 6817, 4195804
1606818701, 0, 906, 1856, 1793, 139, 10.40%, 0, 0, 3, 69.38, 6817, 4198719
1606818706, 0, 906, 1857, 1794, 139, 10.40%, 0, 0, 3, 23.07, 6817, 4198918
1606818767, 0, 906, 1858, 1795, 139, 10.40%, 0, 0, 3, 15.42, 6817, 4200196
1606818813, 0, 906, 1859, 1796, 139, 10.40%, 0, 0, 3, 17.88, 6817, 4201624
1606818859, 0, 906, 1860, 1797, 139, 10.40%, 0, 0, 3, 20.62, 6817, 4203436
1606818951, 0, 906, 1861, 1798, 139, 10.40%, 0, 0, 3, 13.21, 6817, 4206033
