# unix_time, cycles_done, cur_path, paths_total, pending_total, pending_favs, map_size, unique_crashes, unique_hangs, max_depth, execs_per_sec, edge_coverage, total_execs
1605227498, 0, 0, 3, 3, 3, 4.70%, 0, 0, 1, 60.91, 3082, 24
1605227503, 0, 0, 39, 39, 3, 4.99%, 0, 0, 2, 114.02, 3268, 614
1605227509, 0, 0, 67, 67, 3, 5.17%, 0, 0, 2, 132.07, 3386, 1320
1605227514, 0, 0, 89, 89, 3, 5.23%, 0, 0, 2, 135.58, 3427, 2023
1605227519, 0, 0, 114, 114, 3, 5.40%, 0, 0, 2, 137.10, 3536, 2734
1605227524, 0, 0, 146, 146, 3, 5.47%, 0, 0, 2, 133.30, 3582, 3431
1605227529, 0, 0, 170, 170, 3, 5.50%, 0, 0, 2, 89.76, 3603, 4063
1605227534, 0, 0, 176, 176, 3, 5.53%, 0, 0, 2, 121.29, 3621, 4742
1605227539, 0, 0, 191, 191, 3, 5.59%, 0, 0, 2, 130.21, 3665, 5414
1605227545, 0, 0, 199, 199, 3, 6.50%, 0, 0, 2, 132.17, 4260, 6098
1605227550, 0, 0, 225, 225, 3, 6.57%, 0, 0, 2, 135.45, 4303, 6791
1605227555, 0, 0, 230, 230, 3, 6.58%, 0, 0, 2, 136.22, 4309, 7491
1605227560, 0, 0, 239, 239, 3, 6.64%, 0, 0, 2, 137.12, 4351, 8197
1605227565, 0, 0, 244, 244, 3, 6.64%, 0, 0, 2, 136.71, 4353, 8899
1605227570, 0, 0, 251, 251, 3, 6.65%, 0, 0, 2, 136.63, 4358, 9604
1605227575, 0, 0, 260, 260, 3, 6.66%, 0, 0, 2, 138.58, 4365, 10327
1605227581, 0, 0, 263, 263, 3, 6.68%, 0, 0, 2, 134.59, 4378, 10999
1605227586, 0, 0, 270, 270, 3, 6.69%, 0, 0, 2, 136.23, 4384, 11701
1605227591, 0, 0, 273, 273, 3, 6.70%, 0, 0, 2, 133.38, 4394, 12328
1605227596, 0, 0, 286, 286, 3, 7.01%, 0, 0, 2, 136.39, 4592, 13031
1605227601, 0, 0, 288, 288, 3, 7.01%, 0, 0, 2, 133.43, 4592, 13723
1605227627, 0, 0, 315, 315, 3, 7.11%, 0, 0, 2, 136.43, 4662, 17227
1605227632, 0, 0, 320, 320, 3, 7.13%, 0, 0, 2, 138.70, 4671, 17941
1605227642, 0, 0, 321, 321, 3, 7.13%, 0, 0, 2, 137.32, 4675, 19345
1605227652, 0, 0, 327, 327, 3, 7.14%, 0, 0, 2, 136.91, 4682, 20749
1605227658, 0, 0, 328, 328, 3, 7.14%, 0, 0, 2, 136.92, 4682, 21449
1605227663, 0, 0, 332, 332, 3, 7.15%, 0, 0, 2, 136.70, 4689, 22150
1605227693, 0, 0, 333, 333, 3, 7.15%, 0, 0, 2, 140.42, 4689, 26264
1605227709, 0, 0, 340, 340, 3, 7.15%, 0, 0, 2, 135.15, 4689, 28282
1605227729, 0, 0, 342, 342, 3, 7.15%, 0, 0, 2, 133.72, 4689, 31012
1605227734, 0, 0, 343, 343, 3, 7.15%, 0, 0, 2, 138.32, 4689, 31718
1605227739, 0, 0, 345, 345, 3, 7.15%, 0, 0, 2, 137.07, 4689, 32420
1605227745, 0, 0, 347, 347, 3, 7.16%, 0, 0, 2, 128.74, 4692, 33094
1605227755, 0, 0, 349, 349, 3, 7.16%, 0, 0, 2, 133.30, 4694, 34484
1605227760, 0, 0, 352, 352, 3, 7.17%, 0, 0, 2, 136.14, 4698, 35188
1605227765, 0, 0, 356, 356, 3, 7.17%, 0, 0, 2, 137.11, 4698, 35893
1605227770, 0, 0, 357, 357, 3, 7.17%, 0, 0, 2, 141.08, 4698, 36600
1605227780, 0, 0, 358, 358, 3, 7.17%, 0, 0, 2, 136.47, 4701, 37988
1605227786, 0, 0, 361, 361, 3, 7.18%, 0, 0, 2, 137.31, 4703, 38690
1605227791, 0, 0, 362, 362, 3, 7.18%, 0, 0, 2, 137.04, 4706, 39390
1605227811, 0, 0, 363, 363, 3, 7.18%, 0, 0, 2, 137.95, 4706, 42142
1605227816, 0, 0, 364, 364, 3, 7.18%, 0, 0, 2, 136.95, 4706, 42843
1605227832, 0, 0, 367, 367, 3, 7.18%, 0, 0, 2, 134.57, 4706, 44801
1605227837, 0, 0, 368, 368, 3, 7.18%, 0, 0, 2, 136.75, 4706, 45503
1605227842, 0, 0, 409, 409, 3, 7.23%, 0, 0, 2, 141.51, 4741, 46222
1605227847, 0, 0, 472, 472, 3, 7.24%, 0, 0, 2, 144.51, 4747, 46962
1605227852, 0, 0, 519, 519, 3, 7.25%, 0, 0, 2, 146.26, 4751, 47712
1605227857, 0, 0, 549, 549, 3, 7.27%, 0, 0, 2, 148.21, 4765, 48481
1605227862, 0, 0, 573, 573, 3, 7.49%, 0, 0, 2, 149.01, 4910, 49167
1605227867, 0, 0, 594, 594, 3, 7.50%, 0, 0, 2, 149.41, 4913, 49940
1605227873, 0, 0, 608, 608, 3, 7.52%, 0, 0, 2, 151.33, 4926, 50727
1605227878, 0, 0, 622, 622, 3, 7.53%, 0, 0, 2, 148.75, 4936, 51499
1605227883, 0, 0, 634, 634, 3, 7.53%, 0, 0, 2, 150.39, 4936, 52261
1605227888, 0, 0, 642, 642, 3, 7.54%, 0, 0, 2, 150.49, 4939, 53019
1605227893, 0, 0, 653, 653, 3, 7.54%, 0, 0, 2, 145.01, 4940, 53685
1605227898, 0, 0, 664, 664, 3, 7.54%, 0, 0, 2, 143.58, 4944, 54409
1605227903, 0, 0, 675, 675, 3, 7.54%, 0, 0, 2, 148.49, 4944, 55175
1605227908, 0, 0, 689, 689, 3, 7.54%, 0, 0, 2, 150.92, 4944, 55959
1605227913, 0, 0, 693, 693, 3, 7.54%, 0, 0, 2, 149.86, 4944, 56714
1605227919, 0, 0, 698, 698, 3, 7.55%, 0, 0, 2, 13.33, 4946, 57419
1605227924, 0, 0, 708, 708, 3, 7.55%, 0, 0, 2, 145.13, 4946, 58173
1605227929, 0, 0, 723, 723, 3, 7.55%, 0, 0, 2, 152.46, 4947, 58967
1605227934, 0, 0, 738, 738, 3, 7.55%, 0, 0, 2, 152.35, 4951, 59731
1605227939, 0, 0, 743, 743, 3, 7.56%, 0, 0, 2, 152.23, 4955, 60498
1605227944, 0, 0, 758, 758, 3, 7.57%, 0, 0, 2, 150.80, 4958, 61281
1605227949, 0, 0, 765, 765, 3, 7.57%, 0, 0, 2, 152.08, 4961, 62042
1605227954, 0, 0, 775, 775, 3, 7.73%, 0, 0, 2, 152.93, 5066, 62815
1605227959, 0, 0, 784, 784, 3, 7.73%, 0, 0, 2, 150.30, 5067, 63565
1605227964, 0, 0, 792, 792, 3, 7.74%, 0, 0, 2, 148.08, 5073, 64313
1605227969, 0, 0, 800, 800, 3, 7.74%, 0, 0, 2, 150.65, 5074, 65088
1605227975, 0, 1, 807, 806, 205, 7.74%, 0, 0, 2, 127.53, 5074, 65761
1605227990, 0, 1, 818, 817, 205, 7.82%, 0, 0, 2, 56.28, 5122, 66596
1605227995, 0, 1, 825, 824, 205, 7.82%, 0, 0, 2, 55.69, 5122, 66870
1605228000, 0, 1, 829, 828, 205, 7.82%, 0, 0, 2, 56.49, 5122, 67158
1605228005, 0, 1, 830, 829, 205, 7.82%, 0, 0, 2, 55.30, 5122, 67437
1605228010, 0, 1, 832, 831, 205, 7.82%, 0, 0, 2, 52.54, 5122, 67701
1605228015, 0, 1, 836, 835, 205, 7.83%, 0, 0, 2, 56.58, 5131, 67995
1605228025, 0, 1, 838, 837, 205, 7.83%, 0, 0, 2, 58.92, 5132, 68573
1605228030, 0, 1, 841, 840, 205, 7.83%, 0, 0, 2, 57.41, 5132, 68861
1605228035, 0, 1, 842, 841, 205, 7.83%, 0, 0, 2, 51.81, 5132, 69114
1605228040, 0, 1, 847, 846, 205, 7.83%, 0, 0, 2, 55.72, 5132, 69402
1605228050, 0, 1, 851, 850, 205, 7.83%, 0, 0, 2, 59.12, 5132, 69990
1605228056, 0, 1, 853, 852, 205, 7.83%, 0, 0, 2, 57.57, 5133, 70279
1605228061, 0, 1, 857, 856, 205, 7.86%, 0, 0, 2, 57.74, 5153, 70571
1605228066, 0, 1, 861, 860, 205, 7.88%, 0, 0, 2, 57.95, 5163, 70867
1605228081, 0, 1, 865, 864, 205, 7.88%, 0, 0, 2, 56.50, 5163, 71723
1605228126, 0, 1, 868, 867, 205, 7.88%, 0, 0, 2, 56.81, 5167, 74298
1605228147, 0, 1, 870, 869, 205, 7.89%, 0, 0, 2, 56.91, 5169, 75436
1605228192, 0, 1, 871, 870, 205, 7.89%, 0, 0, 2, 58.65, 5169, 78013
1605228207, 0, 1, 872, 871, 205, 7.89%, 0, 0, 2, 58.08, 5169, 78877
1605228217, 0, 1, 873, 872, 205, 7.89%, 0, 0, 2, 56.96, 5169, 79453
1605228228, 0, 1, 874, 873, 205, 7.89%, 0, 0, 2, 55.32, 5169, 80007
1605228233, 0, 1, 875, 874, 205, 7.89%, 0, 0, 2, 56.93, 5171, 80296
1605228238, 0, 1, 876, 875, 205, 7.89%, 0, 0, 2, 57.15, 5171, 80584
1605228258, 0, 1, 877, 876, 205, 7.89%, 0, 0, 2, 57.01, 5171, 81736
1605228390, 0, 1, 878, 877, 205, 7.89%, 0, 0, 2, 56.88, 5171, 89119
1605228410, 0, 1, 879, 878, 205, 7.89%, 0, 0, 2, 57.11, 5172, 90252
1605228562, 0, 1, 880, 879, 205, 7.89%, 0, 0, 2, 56.14, 5172, 98637
1605228597, 0, 1, 881, 880, 205, 7.89%, 0, 0, 2, 57.05, 5172, 100706
1605228623, 0, 1, 882, 881, 205, 7.89%, 0, 0, 2, 56.01, 5172, 102119
1605228633, 0, 1, 884, 883, 205, 7.89%, 0, 0, 2, 56.51, 5172, 102681
1605228774, 0, 1, 885, 884, 205, 7.89%, 0, 0, 2, 57.17, 5172, 110721
1605228810, 0, 1, 886, 885, 205, 7.89%, 0, 0, 2, 49.81, 5172, 112614
1605228850, 0, 1, 887, 886, 205, 7.89%, 0, 0, 2, 56.39, 5173, 114872
1605228890, 0, 1, 888, 887, 205, 7.89%, 0, 0, 2, 57.12, 5173, 117145
1605229149, 0, 1, 893, 892, 205, 7.93%, 0, 0, 2, 56.15, 5198, 131635
1605229271, 0, 1, 895, 894, 205, 7.94%, 0, 0, 2, 56.72, 5202, 138431
1605229276, 0, 1, 897, 896, 205, 7.94%, 0, 0, 2, 56.35, 5204, 138715
1605229402, 0, 1, 898, 897, 205, 7.94%, 0, 0, 2, 56.78, 5204, 145777
1605229625, 0, 1, 899, 898, 205, 7.94%, 0, 0, 2, 56.93, 5206, 158493
1605229934, 0, 1, 900, 899, 205, 7.94%, 0, 0, 2, 58.00, 5206, 175905
1605229939, 0, 1, 901, 900, 205, 7.94%, 0, 0, 2, 55.43, 5206, 176180
1605229989, 0, 1, 902, 901, 205, 7.95%, 0, 0, 2, 57.69, 5208, 179087
1605230076, 0, 1, 903, 902, 205, 7.95%, 0, 0, 2, 57.57, 5209, 183961
1605230106, 0, 1, 904, 903, 205, 7.95%, 0, 0, 2, 57.97, 5209, 185693
1605230116, 0, 1, 905, 904, 205, 7.95%, 0, 0, 2, 54.59, 5209, 186250
1605230131, 0, 1, 906, 905, 205, 7.95%, 0, 0, 2, 57.03, 5210, 187113
1605230141, 0, 1, 907, 906, 205, 7.95%, 0, 0, 2, 57.14, 5210, 187689
1605230157, 0, 1, 908, 907, 205, 7.95%, 0, 0, 2, 57.20, 5210, 188556
1605230288, 0, 1, 909, 908, 205, 7.95%, 0, 0, 2, 56.43, 5210, 195953
1605230319, 0, 1, 911, 910, 205, 7.95%, 0, 0, 2, 56.56, 5212, 197650
1605230364, 0, 1, 913, 912, 205, 7.96%, 0, 0, 2, 56.53, 5214, 200221
1605230501, 0, 1, 914, 913, 205, 7.96%, 0, 0, 2, 56.69, 5214, 207850
1605230815, 0, 1, 916, 915, 205, 7.96%, 0, 0, 2, 56.04, 5214, 225494
1605230982, 0, 1, 917, 916, 205, 7.96%, 0, 0, 2, 56.74, 5214, 234706
1605231002, 0, 1, 918, 917, 205, 7.96%, 0, 0, 2, 53.41, 5214, 235859
1605231093, 0, 1, 920, 919, 205, 7.96%, 0, 0, 2, 56.07, 5214, 240931
1605231119, 0, 1, 933, 932, 205, 7.96%, 0, 0, 2, 53.11, 5214, 242342
1605231124, 0, 1, 956, 955, 205, 7.97%, 0, 0, 2, 60.08, 5220, 242654
1605231129, 0, 1, 973, 972, 205, 7.97%, 0, 0, 2, 60.87, 5220, 242959
1605231134, 0, 1, 983, 982, 205, 7.97%, 0, 0, 2, 61.61, 5220, 243282
1605231139, 0, 1, 996, 995, 205, 7.97%, 0, 0, 2, 11.95, 5221, 243587
1605231144, 0, 1, 1009, 1008, 205, 7.97%, 0, 0, 2, 49.49, 5221, 243879
1605231149, 0, 1, 1019, 1018, 205, 7.97%, 0, 0, 2, 59.37, 5221, 244194
1605231155, 0, 1, 1024, 1023, 205, 7.97%, 0, 0, 2, 63.31, 5221, 244528
1605231160, 0, 1, 1032, 1031, 205, 7.97%, 0, 0, 2, 62.01, 5221, 244839
1605231165, 0, 1, 1043, 1042, 205, 7.97%, 0, 0, 2, 60.49, 5222, 245144
1605231170, 0, 1, 1047, 1046, 205, 8.04%, 0, 0, 2, 60.84, 5269, 245446
1605231175, 0, 1, 1050, 1049, 205, 8.04%, 0, 0, 2, 62.56, 5269, 245770
1605231180, 0, 1, 1055, 1054, 205, 8.04%, 0, 0, 2, 61.09, 5269, 246084
1605231185, 0, 1, 1063, 1062, 205, 8.04%, 0, 0, 2, 57.60, 5269, 246378
1605231190, 0, 1, 1069, 1068, 205, 8.04%, 0, 0, 2, 60.12, 5269, 246697
1605231195, 0, 1, 1076, 1075, 205, 8.04%, 0, 0, 2, 62.54, 5269, 247013
1605231201, 0, 1, 1081, 1080, 205, 8.04%, 0, 0, 2, 58.15, 5269, 247310
1605231206, 0, 1, 1086, 1085, 205, 8.04%, 0, 0, 2, 61.73, 5269, 247635
1605231211, 0, 1, 1090, 1089, 205, 8.04%, 0, 0, 2, 59.25, 5269, 247938
1605231216, 0, 1, 1092, 1091, 205, 8.04%, 0, 0, 2, 58.55, 5269, 248250
1605231221, 0, 1, 1099, 1098, 205, 8.05%, 0, 0, 2, 63.63, 5274, 248571
1605231226, 0, 1, 1106, 1105, 205, 8.05%, 0, 0, 2, 64.31, 5274, 248902
1605231231, 0, 1, 1108, 1107, 205, 8.06%, 0, 0, 2, 61.25, 5279, 249213
1605231237, 0, 1, 1110, 1109, 205, 8.06%, 0, 0, 2, 58.95, 5279, 249525
1605231242, 0, 1, 1112, 1111, 205, 8.06%, 0, 0, 2, 61.15, 5279, 249837
1605231247, 0, 1, 1114, 1113, 205, 8.06%, 0, 0, 2, 59.12, 5279, 250137
1605231252, 0, 1, 1116, 1115, 205, 8.06%, 0, 0, 2, 60.40, 5279, 250448
1605231257, 0, 1, 1120, 1119, 205, 8.06%, 0, 0, 2, 60.54, 5279, 250754
1605231262, 0, 1, 1123, 1122, 205, 8.06%, 0, 0, 2, 62.11, 5279, 251073
1605231267, 0, 1, 1124, 1123, 205, 8.06%, 0, 0, 2, 61.96, 5279, 251392
1605231272, 0, 1, 1125, 1124, 205, 8.06%, 0, 0, 2, 62.51, 5280, 251719
1605231277, 0, 1, 1128, 1127, 205, 8.06%, 0, 0, 2, 62.51, 5282, 252036
1605231283, 0, 1, 1131, 1130, 205, 8.06%, 0, 0, 2, 62.76, 5283, 252362
1605231288, 0, 1, 1134, 1133, 205, 8.06%, 0, 0, 2, 62.69, 5283, 252678
1605231293, 0, 1, 1139, 1138, 205, 8.06%, 0, 0, 2, 60.97, 5285, 252982
1605231298, 0, 1, 1145, 1144, 205, 8.06%, 0, 0, 2, 62.92, 5285, 253301
1605231303, 0, 1, 1147, 1146, 205, 8.06%, 0, 0, 2, 61.68, 5285, 253619
1605231308, 0, 1, 1150, 1149, 205, 8.06%, 0, 0, 2, 62.39, 5285, 253942
1605231313, 0, 1, 1154, 1153, 205, 8.06%, 0, 0, 2, 63.63, 5285, 254262
1605231318, 0, 1, 1155, 1154, 205, 8.06%, 0, 0, 2, 64.11, 5285, 254592
1605231324, 0, 1, 1157, 1156, 205, 8.06%, 0, 0, 2, 60.01, 5285, 254879
1605231329, 0, 1, 1158, 1157, 205, 8.06%, 0, 0, 2, 62.59, 5285, 255208
1605231334, 0, 1, 1159, 1158, 205, 8.06%, 0, 0, 2, 61.50, 5285, 255530
1605231339, 0, 1, 1162, 1161, 205, 8.07%, 0, 0, 2, 62.45, 5286, 255849
1605231344, 0, 1, 1167, 1166, 205, 8.07%, 0, 0, 2, 60.67, 5289, 256162
1605231349, 0, 1, 1169, 1168, 205, 8.07%, 0, 0, 2, 62.78, 5291, 256475
1605231354, 0, 1, 1174, 1173, 205, 8.07%, 0, 0, 2, 62.41, 5291, 256799
1605231359, 0, 1, 1175, 1174, 205, 8.07%, 0, 0, 2, 63.48, 5291, 257120
1605231364, 0, 1, 1178, 1177, 205, 8.07%, 0, 0, 2, 62.59, 5292, 257432
1605231375, 0, 1, 1179, 1178, 205, 8.07%, 0, 0, 2, 64.01, 5292, 258091
1605231380, 0, 1, 1182, 1181, 205, 8.07%, 0, 0, 2, 61.47, 5292, 258396
1605231385, 0, 1, 1184, 1183, 205, 8.07%, 0, 0, 2, 60.24, 5292, 258701
1605231390, 0, 1, 1185, 1184, 205, 8.07%, 0, 0, 2, 62.76, 5292, 259031
1605231395, 0, 1, 1186, 1185, 205, 8.07%, 0, 0, 2, 63.36, 5292, 259350
1605231400, 0, 1, 1189, 1188, 205, 8.08%, 0, 0, 2, 63.71, 5295, 259668
1605231405, 0, 1, 1192, 1191, 205, 8.08%, 0, 0, 2, 63.97, 5295, 259998
1605231410, 0, 1, 1194, 1193, 205, 8.08%, 0, 0, 2, 63.74, 5295, 260318
1605231416, 0, 1, 1197, 1196, 205, 8.09%, 0, 0, 2, 63.38, 5301, 260645
1605231421, 0, 2, 1210, 1208, 219, 8.11%, 0, 0, 2, 141.56, 5313, 261296
1605231426, 0, 2, 1212, 1210, 219, 8.13%, 0, 0, 2, 225.94, 5326, 262563
1605231436, 0, 2, 1213, 1211, 219, 8.13%, 0, 0, 2, 216.91, 5326, 264923
1605231446, 0, 2, 1219, 1217, 219, 8.17%, 0, 0, 2, 242.36, 5353, 267246
1605231451, 0, 2, 1220, 1218, 219, 8.17%, 0, 0, 2, 244.49, 5355, 268454
1605231472, 0, 2, 1236, 1234, 219, 8.17%, 0, 0, 2, 219.69, 5357, 273228
1605231477, 0, 2, 1241, 1239, 219, 8.17%, 0, 0, 2, 219.66, 5357, 274320
1605231482, 0, 2, 1244, 1242, 219, 8.18%, 0, 0, 2, 211.82, 5362, 275372
1605231487, 0, 2, 1249, 1247, 219, 8.18%, 0, 0, 2, 217.31, 5362, 276486
1605231492, 0, 2, 1251, 1249, 219, 8.18%, 0, 0, 2, 264.18, 5362, 277910
1605231497, 0, 2, 1253, 1251, 219, 8.18%, 0, 0, 2, 274.25, 5363, 279306
1605231502, 0, 2, 1254, 1252, 219, 8.18%, 0, 0, 2, 215.59, 5363, 280316
1605231507, 0, 2, 1255, 1253, 219, 8.18%, 0, 0, 2, 248.95, 5363, 281632
1605231512, 0, 2, 1257, 1255, 219, 8.18%, 0, 0, 2, 267.55, 5363, 283033
1605231517, 0, 2, 1259, 1257, 219, 8.18%, 0, 0, 2, 253.84, 5363, 284304
1605231523, 0, 3, 1261, 1258, 232, 8.18%, 0, 0, 2, 270.32, 5363, 285687
1605231528, 0, 24, 1261, 1257, 231, 8.18%, 0, 0, 2, 248.97, 5363, 286933
1605231533, 0, 24, 1262, 1258, 231, 8.19%, 0, 0, 3, 240.86, 5365, 288144
1605231543, 0, 25, 1264, 1259, 231, 8.19%, 0, 0, 3, 195.68, 5368, 290439
1605231609, 0, 25, 1265, 1260, 231, 8.19%, 0, 0, 3, 136.59, 5370, 299381
1605231876, 0, 25, 1267, 1262, 231, 8.19%, 0, 0, 3, 147.34, 5370, 335640
1605231881, 0, 25, 1269, 1264, 231, 8.36%, 0, 0, 3, 146.95, 5477, 336408
1605231886, 0, 25, 1271, 1266, 231, 8.36%, 0, 0, 3, 149.55, 5477, 337192
1605231891, 0, 25, 1274, 1269, 231, 8.36%, 0, 0, 3, 155.34, 5477, 337926
1605231896, 0, 25, 1277, 1272, 231, 8.36%, 0, 0, 3, 147.86, 5478, 338664
1605231902, 0, 25, 1278, 1273, 231, 8.36%, 0, 0, 3, 150.72, 5478, 339450
1605231907, 0, 25, 1279, 1274, 231, 8.36%, 0, 0, 3, 151.22, 5479, 340217
1605231912, 0, 25, 1280, 1275, 231, 8.36%, 0, 0, 3, 147.81, 5482, 340966
1605231917, 0, 25, 1284, 1279, 231, 8.36%, 0, 0, 3, 151.72, 5482, 341730
1605231922, 0, 25, 1286, 1281, 231, 8.36%, 0, 0, 3, 145.09, 5482, 342424
1605231927, 0, 25, 1290, 1285, 231, 8.36%, 0, 0, 3, 145.45, 5482, 343178
1605231932, 0, 25, 1293, 1288, 231, 8.36%, 0, 0, 3, 147.77, 5482, 343938
1605231937, 0, 25, 1296, 1291, 231, 8.36%, 0, 0, 3, 149.67, 5482, 344690
1605231942, 0, 25, 1299, 1294, 231, 8.46%, 0, 0, 3, 150.82, 5543, 345444
1605231953, 0, 25, 1300, 1295, 231, 8.46%, 0, 0, 3, 151.33, 5544, 346979
1605231958, 0, 25, 1304, 1299, 231, 8.46%, 0, 0, 3, 151.60, 5546, 347740
1605231963, 0, 25, 1305, 1300, 231, 8.47%, 0, 0, 3, 151.49, 5551, 348504
1605231968, 0, 25, 1307, 1302, 231, 8.47%, 0, 0, 3, 151.55, 5551, 349261
1605231973, 0, 25, 1310, 1305, 231, 8.47%, 0, 0, 3, 149.70, 5551, 350022
1605231983, 0, 25, 1311, 1306, 231, 8.47%, 0, 0, 3, 147.06, 5552, 351550
1605231988, 0, 41, 1313, 1307, 235, 8.47%, 0, 0, 3, 133.78, 5552, 352245
1605232060, 0, 41, 1314, 1308, 235, 8.47%, 0, 0, 3, 136.61, 5552, 361982
1605232321, 0, 41, 1317, 1311, 235, 8.47%, 0, 0, 3, 148.09, 5552, 397497
1605232326, 0, 41, 1320, 1314, 235, 8.48%, 0, 0, 3, 151.57, 5555, 398286
1605232331, 0, 41, 1325, 1319, 235, 8.48%, 0, 0, 3, 151.69, 5555, 399049
1605232336, 0, 41, 1326, 1320, 235, 8.48%, 0, 0, 3, 147.59, 5555, 399804
1605232342, 0, 41, 1329, 1323, 235, 9.20%, 0, 0, 3, 147.69, 6028, 400563
1605232347, 0, 41, 1331, 1325, 235, 9.20%, 0, 0, 3, 151.64, 6028, 401314
1605232352, 0, 41, 1332, 1326, 235, 9.20%, 0, 0, 3, 151.70, 6028, 402069
1605232357, 0, 41, 1333, 1327, 235, 9.20%, 0, 0, 3, 148.52, 6029, 402821
1605232362, 0, 41, 1336, 1330, 235, 9.21%, 0, 0, 3, 149.35, 6034, 403597
1605232367, 0, 41, 1337, 1331, 235, 9.21%, 0, 0, 3, 140.87, 6034, 404315
1605232372, 0, 41, 1339, 1333, 235, 9.21%, 0, 0, 3, 150.21, 6035, 405101
1605232378, 0, 41, 1342, 1336, 235, 9.21%, 0, 0, 3, 148.39, 6035, 405863
1605232383, 0, 41, 1344, 1338, 235, 9.22%, 0, 0, 3, 149.18, 6041, 406623
1605232388, 0, 41, 1345, 1339, 235, 9.22%, 0, 0, 3, 148.79, 6041, 407373
1605232393, 0, 41, 1347, 1341, 235, 9.22%, 0, 0, 3, 149.46, 6041, 408149
1605232398, 0, 41, 1349, 1343, 235, 9.22%, 0, 0, 3, 150.28, 6041, 408915
1605232408, 0, 41, 1350, 1344, 235, 9.22%, 0, 0, 3, 146.02, 6041, 410359
1605232414, 0, 41, 1351, 1345, 235, 9.22%, 0, 0, 3, 149.18, 6041, 411135
1605232424, 0, 41, 1352, 1346, 235, 9.22%, 0, 0, 3, 152.27, 6041, 412693
1605232429, 0, 41, 1353, 1347, 235, 9.22%, 0, 0, 3, 151.16, 6041, 413451
1605232434, 0, 43, 1353, 1346, 239, 9.22%, 0, 0, 3, 139.26, 6041, 414160
1605232767, 0, 43, 1354, 1347, 239, 9.22%, 0, 0, 3, 139.46, 6041, 459311
1605232772, 0, 48, 1354, 1346, 238, 9.22%, 0, 0, 3, 131.97, 6041, 460012
1605232843, 0, 48, 1355, 1347, 238, 9.23%, 0, 0, 3, 136.28, 6047, 469757
1605233017, 0, 48, 1356, 1348, 238, 9.23%, 0, 0, 3, 141.11, 6047, 493477
1605233022, 0, 48, 1358, 1350, 238, 9.23%, 0, 0, 3, 147.32, 6047, 494243
1605233028, 0, 48, 1360, 1352, 238, 9.23%, 0, 0, 3, 149.45, 6047, 495023
1605233033, 0, 48, 1361, 1353, 238, 9.23%, 0, 0, 3, 151.06, 6047, 495792
1605233038, 0, 48, 1363, 1355, 238, 9.23%, 0, 0, 3, 150.20, 6047, 496549
1605233043, 0, 48, 1365, 1357, 238, 9.23%, 0, 0, 3, 147.42, 6047, 497309
1605233048, 0, 48, 1366, 1358, 238, 9.23%, 0, 0, 3, 150.02, 6047, 498087
1605233053, 0, 48, 1367, 1359, 238, 9.23%, 0, 0, 3, 151.95, 6047, 498852
1605233058, 0, 48, 1368, 1360, 238, 9.23%, 0, 0, 3, 151.43, 6047, 499613
1605233063, 0, 48, 1370, 1362, 238, 9.23%, 0, 0, 3, 152.70, 6047, 500385
1605233068, 0, 48, 1372, 1364, 238, 9.23%, 0, 0, 3, 146.19, 6049, 501045
1605233079, 0, 48, 1373, 1365, 238, 9.23%, 0, 0, 3, 147.02, 6049, 502515
1605233084, 0, 48, 1374, 1366, 238, 9.23%, 0, 0, 3, 149.25, 6049, 503283
1605233089, 0, 48, 1377, 1369, 238, 9.23%, 0, 0, 3, 150.36, 6049, 504065
1605233104, 0, 48, 1378, 1370, 238, 9.23%, 0, 0, 3, 150.90, 6049, 506326
1605233109, 0, 48, 1380, 1372, 238, 9.23%, 0, 0, 3, 149.47, 6049, 507075
1605233114, 0, 48, 1382, 1374, 238, 9.23%, 0, 0, 3, 150.70, 6049, 507843
1605233119, 0, 48, 1384, 1376, 238, 9.23%, 0, 0, 3, 151.67, 6050, 508606
1605233125, 0, 48, 1386, 1378, 238, 9.23%, 0, 0, 3, 149.61, 6051, 509381
1605233130, 0, 54, 1386, 1377, 241, 9.23%, 0, 0, 3, 150.42, 6051, 510078
1605233150, 0, 54, 1387, 1378, 241, 9.23%, 0, 0, 3, 138.28, 6051, 512896
1605233344, 0, 54, 1388, 1379, 241, 9.23%, 0, 0, 3, 136.65, 6052, 539322
1605233395, 0, 54, 1391, 1382, 241, 9.24%, 0, 0, 3, 146.02, 6055, 546348
1605233400, 0, 54, 1395, 1386, 241, 9.24%, 0, 0, 3, 151.65, 6055, 547131
1605233410, 0, 54, 1396, 1387, 241, 9.24%, 0, 0, 3, 146.12, 6055, 548618
1605233421, 0, 54, 1398, 1389, 241, 9.24%, 0, 0, 3, 149.13, 6055, 550122
1605233426, 0, 54, 1400, 1391, 241, 9.25%, 0, 0, 3, 150.00, 6059, 550804
1605233431, 0, 54, 1401, 1392, 241, 9.25%, 0, 0, 3, 149.80, 6059, 551582
1605233436, 0, 54, 1403, 1394, 241, 9.25%, 0, 0, 3, 151.80, 6064, 552367
1605233441, 0, 54, 1405, 1396, 241, 9.25%, 0, 0, 3, 149.95, 6064, 553139
1605233446, 0, 54, 1406, 1397, 241, 9.25%, 0, 0, 3, 151.18, 6064, 553894
1605233451, 0, 54, 1409, 1400, 241, 9.26%, 0, 0, 3, 152.64, 6069, 554662
1605233456, 0, 54, 1411, 1402, 241, 9.26%, 0, 0, 3, 151.53, 6069, 555428
1605233466, 0, 54, 1414, 1405, 241, 9.27%, 0, 0, 3, 152.44, 6072, 556967
1605233471, 0, 54, 1415, 1406, 241, 9.27%, 0, 0, 3, 152.14, 6072, 557725
1605233476, 0, 54, 1417, 1408, 241, 9.27%, 0, 0, 3, 149.02, 6072, 558486
1605233482, 0, 54, 1418, 1409, 241, 9.27%, 0, 0, 3, 150.06, 6073, 559267
1605233487, 0, 54, 1420, 1411, 241, 9.27%, 0, 0, 3, 144.15, 6073, 560008
1605233492, 0, 54, 1421, 1412, 241, 9.27%, 0, 0, 3, 148.49, 6073, 560776
1605233502, 0, 57, 1422, 1412, 245, 9.27%, 0, 0, 3, 141.00, 6073, 562297
1605233752, 0, 57, 1423, 1413, 245, 9.27%, 0, 0, 3, 139.56, 6073, 596146
1605233762, 0, 61, 1423, 1412, 245, 9.27%, 0, 0, 3, 139.89, 6073, 597601
1605233849, 0, 61, 1424, 1413, 245, 9.27%, 0, 0, 3, 137.85, 6073, 609190
1605234022, 0, 61, 1425, 1414, 245, 9.27%, 0, 0, 3, 140.52, 6073, 632675
1605234032, 0, 75, 1425, 1413, 245, 9.27%, 0, 0, 3, 140.72, 6073, 634138
1605234364, 0, 79, 1425, 1412, 245, 9.27%, 0, 0, 3, 144.61, 6073, 679165
1605234395, 0, 79, 1426, 1413, 245, 9.27%, 0, 0, 3, 137.53, 6075, 683280
1605234472, 0, 79, 1427, 1414, 245, 9.27%, 0, 0, 3, 136.69, 6078, 693721
1605234703, 0, 79, 1428, 1415, 245, 9.27%, 0, 0, 3, 147.49, 6078, 724691
1605234708, 0, 80, 1428, 1414, 247, 9.27%, 0, 0, 3, 143.32, 6078, 725436
1605234718, 0, 80, 1429, 1415, 247, 9.28%, 0, 0, 3, 129.23, 6080, 726772
1605234733, 0, 80, 1430, 1416, 247, 9.28%, 0, 0, 3, 125.33, 6081, 728706
1605234821, 0, 80, 1432, 1418, 247, 9.28%, 0, 0, 3, 131.03, 6084, 740007
1605235052, 0, 80, 1435, 1421, 247, 9.28%, 0, 0, 3, 124.88, 6084, 770484
1605235062, 0, 80, 1438, 1424, 247, 9.28%, 0, 0, 3, 146.95, 6084, 772000
1605235078, 0, 80, 1440, 1426, 247, 9.28%, 0, 0, 3, 149.89, 6084, 774315
1605235093, 0, 80, 1441, 1427, 247, 9.28%, 0, 0, 3, 145.68, 6084, 776572
1605235098, 0, 80, 1443, 1429, 247, 9.29%, 0, 0, 3, 147.78, 6086, 777336
1605235103, 0, 80, 1445, 1431, 247, 9.29%, 0, 0, 3, 149.86, 6086, 778116
1605235113, 0, 80, 1447, 1433, 247, 9.29%, 0, 0, 3, 145.91, 6086, 779606
1605235119, 0, 80, 1450, 1436, 247, 9.29%, 0, 0, 3, 148.78, 6086, 780366
1605235139, 0, 80, 1451, 1437, 247, 9.29%, 0, 0, 3, 149.98, 6086, 783422
1605235165, 0, 82, 1452, 1437, 253, 9.29%, 0, 0, 3, 140.11, 6087, 787143
1605235170, 0, 82, 1453, 1438, 253, 9.29%, 0, 0, 3, 135.60, 6088, 787833
1605235180, 0, 82, 1454, 1439, 253, 9.29%, 0, 0, 3, 137.04, 6088, 789217
1605235498, 0, 82, 1456, 1441, 253, 9.29%, 0, 0, 3, 140.52, 6088, 831992
1605235508, 0, 82, 1457, 1442, 253, 9.29%, 0, 0, 3, 145.93, 6088, 833514
1605235513, 0, 82, 1458, 1443, 253, 9.29%, 0, 0, 3, 148.09, 6088, 834286
1605235523, 0, 82, 1459, 1444, 253, 9.30%, 0, 0, 3, 150.39, 6092, 835840
1605235539, 0, 82, 1460, 1445, 253, 9.30%, 0, 0, 3, 149.71, 6092, 838118
1605235575, 0, 82, 1463, 1448, 253, 9.30%, 0, 0, 3, 149.72, 6092, 843404
1605235580, 0, 82, 1464, 1449, 253, 9.30%, 0, 0, 3, 152.08, 6092, 844166
1605235596, 0, 82, 1466, 1451, 253, 9.30%, 0, 0, 3, 148.73, 6092, 846468
1605235601, 0, 82, 1468, 1453, 253, 9.30%, 0, 0, 3, 150.53, 6092, 847243
1605235611, 0, 85, 1468, 1452, 253, 9.30%, 0, 0, 3, 140.53, 6092, 848719
1605235944, 0, 85, 1470, 1454, 253, 9.30%, 0, 0, 3, 148.54, 6095, 893655
1605235950, 0, 85, 1472, 1456, 253, 9.30%, 0, 0, 3, 148.85, 6095, 894431
1605235960, 0, 85, 1473, 1457, 253, 9.30%, 0, 0, 3, 149.22, 6095, 895877
1605235965, 0, 85, 1474, 1458, 253, 9.30%, 0, 0, 3, 150.15, 6095, 896659
1605235980, 0, 85, 1475, 1459, 253, 9.30%, 0, 0, 3, 151.75, 6097, 899002
1605235985, 0, 85, 1476, 1460, 253, 9.30%, 0, 0, 3, 151.78, 6097, 899763
1605236011, 0, 85, 1478, 1462, 253, 9.30%, 0, 0, 3, 143.99, 6097, 903591
1605236026, 0, 85, 1479, 1463, 253, 9.30%, 0, 0, 3, 146.49, 6097, 905781
1605236031, 0, 85, 1480, 1464, 253, 9.30%, 0, 0, 3, 149.21, 6097, 906551
1605236037, 0, 85, 1481, 1465, 253, 9.30%, 0, 0, 3, 151.59, 6097, 907342
1605236042, 0, 85, 1482, 1466, 253, 9.30%, 0, 0, 3, 150.94, 6097, 908130
1605236047, 0, 85, 1483, 1467, 253, 9.30%, 0, 0, 3, 150.88, 6097, 908912
1605236052, 0, 103, 1485, 1468, 257, 9.30%, 0, 0, 3, 144.36, 6098, 909660
1605236393, 0, 119, 1485, 1467, 256, 9.30%, 0, 0, 3, 141.80, 6098, 955061
1605236734, 0, 124, 1485, 1466, 255, 9.30%, 0, 0, 3, 137.95, 6098, 1000951
1605237059, 0, 124, 1486, 1467, 255, 9.30%, 0, 0, 3, 140.11, 6098, 1044291
1605237064, 0, 124, 1487, 1468, 255, 9.30%, 0, 0, 3, 147.11, 6098, 1045067
1605237069, 0, 124, 1488, 1469, 255, 9.31%, 0, 0, 3, 150.59, 6101, 1045852
1605237074, 0, 124, 1489, 1470, 255, 9.31%, 0, 0, 3, 150.95, 6101, 1046616
1605237094, 0, 124, 1491, 1472, 255, 9.31%, 0, 0, 3, 145.17, 6102, 1049635
1605237105, 0, 124, 1492, 1473, 255, 9.31%, 0, 0, 3, 150.57, 6103, 1051200
1605237110, 0, 124, 1493, 1474, 255, 9.31%, 0, 0, 3, 150.04, 6104, 1051957
1605237115, 0, 124, 1494, 1475, 255, 9.31%, 0, 0, 3, 149.88, 6104, 1052710
1605237120, 0, 124, 1495, 1476, 255, 9.31%, 0, 0, 3, 150.41, 6104, 1053474
1605237125, 0, 124, 1496, 1477, 255, 9.31%, 0, 0, 3, 151.37, 6104, 1054241
1605237135, 0, 124, 1497, 1478, 255, 9.31%, 0, 0, 3, 150.91, 6104, 1055791
1605237151, 0, 124, 1498, 1479, 255, 9.35%, 0, 0, 3, 150.39, 6128, 1058085
1605237166, 0, 124, 1499, 1480, 255, 9.35%, 0, 0, 3, 148.77, 6128, 1060403
1605237171, 0, 139, 1499, 1479, 257, 9.35%, 0, 0, 3, 139.38, 6128, 1061122
1605237202, 0, 139, 1500, 1480, 257, 9.35%, 0, 0, 3, 136.95, 6130, 1065320
1605237504, 0, 139, 1501, 1481, 257, 9.35%, 0, 0, 3, 147.97, 6130, 1106286
1605237509, 0, 152, 1501, 1480, 257, 9.35%, 0, 0, 3, 141.05, 6130, 1107009
1605237740, 0, 152, 1502, 1481, 257, 9.36%, 0, 0, 3, 135.90, 6131, 1138282
1605237843, 0, 152, 1504, 1483, 257, 9.36%, 0, 0, 3, 147.47, 6131, 1152232
1605237848, 0, 152, 1505, 1484, 257, 9.36%, 0, 0, 3, 150.90, 6132, 1153018
1605237853, 0, 152, 1506, 1485, 257, 9.36%, 0, 0, 3, 149.02, 6132, 1153794
1605237858, 0, 152, 1507, 1486, 257, 9.36%, 0, 0, 3, 146.43, 6133, 1154552
1605237863, 0, 152, 1508, 1487, 257, 9.36%, 0, 0, 3, 148.32, 6133, 1155322
1605237869, 0, 152, 1509, 1488, 257, 9.36%, 0, 0, 3, 148.84, 6133, 1156088
1605237905, 0, 152, 1510, 1489, 257, 9.36%, 0, 0, 3, 150.70, 6133, 1161323
1605237920, 0, 152, 1511, 1490, 257, 9.36%, 0, 0, 3, 150.25, 6133, 1163584
1605237925, 0, 152, 1512, 1491, 257, 9.36%, 0, 0, 3, 151.71, 6133, 1164348
1605237945, 0, 152, 1513, 1492, 257, 9.36%, 0, 0, 3, 147.84, 6133, 1167394
1605237950, 0, 153, 1513, 1491, 258, 9.36%, 0, 0, 3, 142.59, 6133, 1168122
1605238283, 0, 153, 1514, 1492, 258, 9.36%, 0, 0, 3, 145.34, 6133, 1213373
1605238289, 0, 163, 1514, 1491, 257, 9.36%, 0, 0, 3, 146.61, 6133, 1214145
1605238627, 0, 174, 1514, 1490, 256, 9.36%, 0, 0, 3, 139.92, 6133, 1260097
1605238663, 0, 174, 1515, 1491, 256, 9.36%, 0, 0, 3, 137.92, 6134, 1264988
1605238877, 0, 177, 1515, 1490, 256, 9.36%, 0, 0, 3, 130.28, 6134, 1294357
1605238882, 0, 177, 1516, 1491, 256, 9.36%, 0, 0, 3, 135.52, 6135, 1295057
1605238903, 0, 177, 1517, 1492, 256, 9.36%, 0, 0, 3, 128.36, 6136, 1297753
1605238980, 0, 177, 1518, 1493, 256, 9.38%, 0, 0, 3, 132.69, 6144, 1308170
1605238985, 0, 177, 1519, 1494, 256, 9.38%, 0, 0, 3, 135.90, 6145, 1308870
1605239210, 0, 177, 1520, 1495, 256, 9.38%, 0, 0, 3, 150.71, 6145, 1339761
1605239215, 0, 178, 1520, 1494, 259, 9.38%, 0, 0, 3, 140.22, 6145, 1340475
1605239292, 0, 178, 1521, 1495, 259, 9.38%, 0, 0, 3, 133.84, 6146, 1350996
1605239498, 0, 178, 1522, 1496, 259, 9.38%, 0, 0, 3, 136.38, 6150, 1378719
1605239544, 0, 178, 1523, 1497, 259, 9.38%, 0, 0, 3, 142.83, 6150, 1385031
1605239549, 0, 179, 1523, 1496, 259, 9.38%, 0, 0, 3, 148.96, 6150, 1385787
1605239559, 0, 179, 1524, 1497, 259, 9.39%, 0, 0, 3, 132.62, 6152, 1387166
1605239887, 0, 179, 1527, 1500, 259, 9.39%, 0, 0, 3, 148.12, 6152, 1431481
1605239892, 0, 179, 1528, 1501, 259, 9.39%, 0, 0, 3, 147.69, 6152, 1432249
1605239898, 0, 179, 1529, 1502, 259, 9.39%, 0, 0, 3, 147.26, 6157, 1433019
1605239903, 0, 179, 1530, 1503, 259, 9.39%, 0, 0, 3, 146.03, 6157, 1433777
1605239908, 0, 179, 1531, 1504, 259, 9.40%, 0, 0, 3, 149.91, 6158, 1434559
1605239923, 0, 179, 1532, 1505, 259, 9.40%, 0, 0, 3, 150.17, 6158, 1436886
1605239928, 0, 179, 1533, 1506, 259, 9.40%, 0, 0, 3, 147.85, 6158, 1437631
1605239939, 0, 179, 1535, 1508, 259, 9.40%, 0, 0, 3, 143.03, 6159, 1439160
1605239949, 0, 179, 1536, 1509, 259, 9.40%, 0, 0, 3, 149.79, 6160, 1440710
1605239965, 0, 179, 1537, 1510, 259, 9.40%, 0, 0, 3, 148.09, 6160, 1442993
1605239980, 0, 179, 1538, 1511, 259, 9.40%, 0, 0, 3, 149.00, 6160, 1445325
1605239985, 0, 179, 1539, 1512, 259, 9.40%, 0, 0, 3, 141.92, 6160, 1446019
1605239996, 0, 180, 1540, 1512, 263, 9.40%, 0, 0, 3, 144.81, 6160, 1447540
1605240329, 0, 180, 1541, 1513, 263, 9.40%, 0, 0, 3, 143.69, 6160, 1492515
1605240334, 0, 180, 1543, 1515, 263, 9.40%, 0, 0, 3, 146.47, 6160, 1493279
1605240355, 0, 180, 1544, 1516, 263, 9.40%, 0, 0, 3, 151.30, 6160, 1496387
1605240360, 0, 180, 1545, 1517, 263, 9.40%, 0, 0, 3, 149.07, 6161, 1497147
1605240365, 0, 180, 1546, 1518, 263, 9.40%, 0, 0, 3, 143.56, 6161, 1497855
1605240370, 0, 180, 1547, 1519, 263, 9.40%, 0, 0, 3, 148.94, 6161, 1498629
1605240375, 0, 180, 1548, 1520, 263, 9.40%, 0, 0, 3, 144.14, 6162, 1499373
1605240380, 0, 180, 1549, 1521, 263, 9.40%, 0, 0, 3, 149.63, 6162, 1500151
1605240401, 0, 180, 1550, 1522, 263, 9.40%, 0, 0, 3, 147.87, 6162, 1503193
1605240416, 0, 180, 1552, 1524, 263, 9.41%, 0, 0, 3, 140.22, 6168, 1505497
1605240442, 0, 198, 1552, 1523, 267, 9.41%, 0, 0, 3, 141.74, 6168, 1509254
1605240775, 0, 198, 1554, 1525, 267, 9.41%, 0, 0, 3, 144.71, 6168, 1553915
1605240786, 0, 198, 1556, 1527, 267, 9.41%, 0, 0, 3, 148.61, 6168, 1555439
1605240796, 0, 198, 1557, 1528, 267, 9.41%, 0, 0, 3, 147.46, 6168, 1556973
1605240801, 0, 198, 1559, 1530, 267, 9.41%, 0, 0, 3, 150.39, 6170, 1557753
1605240806, 0, 198, 1560, 1531, 267, 9.42%, 0, 0, 3, 147.42, 6172, 1558519
1605240827, 0, 198, 1561, 1532, 267, 9.42%, 0, 0, 3, 142.87, 6172, 1561599
1605240848, 0, 198, 1562, 1533, 267, 9.42%, 0, 0, 3, 148.60, 6172, 1564611
1605240889, 0, 199, 1562, 1532, 266, 9.42%, 0, 0, 3, 139.43, 6172, 1570688
1605241212, 0, 199, 1564, 1534, 266, 9.42%, 0, 0, 3, 142.95, 6172, 1614315
1605241217, 0, 199, 1565, 1535, 266, 9.42%, 0, 0, 3, 150.20, 6172, 1615099
1605241227, 0, 199, 1566, 1536, 266, 9.42%, 0, 0, 3, 150.16, 6172, 1616639
1605241268, 0, 206, 1566, 1535, 265, 9.42%, 0, 0, 3, 139.73, 6172, 1622676
1605241601, 0, 221, 1566, 1534, 264, 9.42%, 0, 0, 3, 135.53, 6172, 1668150
1605241929, 0, 221, 1567, 1535, 264, 9.42%, 0, 0, 3, 141.89, 6172, 1712750
1605241934, 0, 221, 1568, 1536, 264, 9.42%, 0, 0, 3, 149.85, 6172, 1713532
1605241945, 0, 230, 1568, 1535, 263, 9.42%, 0, 0, 3, 139.64, 6172, 1715017
1605242283, 0, 231, 1568, 1534, 262, 9.42%, 0, 0, 3, 143.80, 6172, 1760300
1605242293, 0, 231, 1569, 1535, 262, 9.42%, 0, 0, 3, 137.14, 6174, 1761692
1605242390, 0, 231, 1570, 1536, 262, 9.42%, 0, 0, 3, 129.07, 6175, 1774983
1605242615, 0, 233, 1570, 1535, 263, 9.42%, 0, 0, 3, 145.51, 6175, 1805508
1605242953, 0, 234, 1570, 1534, 262, 9.42%, 0, 0, 3, 140.48, 6175, 1851218
1605243035, 0, 234, 1571, 1535, 262, 9.46%, 0, 0, 3, 128.24, 6202, 1861979
1605243087, 0, 234, 1572, 1536, 262, 9.46%, 0, 0, 3, 133.57, 6202, 1868877
1605243292, 0, 235, 1572, 1535, 264, 9.46%, 0, 0, 3, 163.63, 6202, 1896964
1605243457, 0, 236, 1572, 1534, 263, 9.46%, 0, 0, 3, 171.92, 6202, 1925527
1605243795, 0, 260, 1572, 1533, 262, 9.46%, 0, 0, 3, 142.64, 6202, 1971219
1605244137, 0, 270, 1572, 1532, 261, 9.46%, 0, 0, 3, 143.84, 6202, 2017984
1605244214, 0, 270, 1573, 1533, 261, 9.47%, 0, 0, 3, 137.02, 6205, 2028493
1605244245, 0, 270, 1574, 1534, 261, 9.47%, 0, 0, 3, 136.40, 6206, 2032687
1605244470, 0, 271, 1574, 1533, 263, 9.47%, 0, 0, 3, 145.77, 6206, 2063419
1605244808, 0, 284, 1574, 1532, 262, 9.47%, 0, 0, 3, 139.13, 6206, 2109327
1605244879, 0, 284, 1575, 1533, 262, 9.47%, 0, 0, 3, 137.10, 6208, 2119124
1605244905, 0, 284, 1577, 1535, 262, 9.48%, 0, 0, 3, 135.36, 6210, 2122612
1605245115, 0, 284, 1578, 1536, 262, 9.48%, 0, 0, 3, 139.67, 6210, 2151231
1605245120, 0, 284, 1579, 1537, 262, 9.48%, 0, 0, 3, 149.38, 6210, 2152009
1605245125, 0, 284, 1580, 1538, 262, 9.48%, 0, 0, 3, 150.46, 6210, 2152796
1605245130, 0, 284, 1581, 1539, 262, 9.48%, 0, 0, 3, 147.45, 6210, 2153547
1605245135, 0, 284, 1583, 1541, 262, 9.48%, 0, 0, 3, 147.10, 6210, 2154299
1605245141, 0, 284, 1584, 1542, 262, 9.48%, 0, 0, 3, 151.39, 6211, 2155087
1605245166, 0, 284, 1585, 1543, 262, 9.48%, 0, 0, 3, 150.39, 6211, 2158983
1605245171, 0, 284, 1586, 1544, 262, 9.48%, 0, 0, 3, 143.50, 6211, 2159715
1605245177, 0, 284, 1587, 1545, 262, 9.48%, 0, 0, 3, 146.22, 6213, 2160455
1605245182, 0, 284, 1588, 1546, 262, 9.48%, 0, 0, 3, 149.30, 6213, 2161239
1605245187, 0, 284, 1589, 1547, 262, 9.48%, 0, 0, 3, 147.42, 6213, 2161985
1605245218, 0, 284, 1590, 1548, 262, 9.48%, 0, 0, 3, 152.14, 6213, 2166604
1605245228, 0, 289, 1591, 1548, 265, 9.48%, 0, 0, 3, 142.62, 6213, 2168066
1605245238, 0, 289, 1592, 1549, 265, 9.48%, 0, 0, 3, 136.96, 6216, 2169460
1605245330, 0, 289, 1593, 1550, 265, 9.49%, 0, 0, 3, 136.63, 6218, 2182063
1605245556, 0, 289, 1594, 1551, 265, 9.49%, 0, 0, 3, 143.53, 6218, 2212767
1605245561, 0, 289, 1595, 1552, 265, 9.49%, 0, 0, 3, 149.71, 6219, 2213545
1605245571, 0, 290, 1595, 1551, 268, 9.49%, 0, 0, 3, 142.60, 6219, 2215054
1605245674, 0, 290, 1596, 1552, 268, 9.49%, 0, 0, 3, 137.01, 6220, 2229051
1605245899, 0, 290, 1597, 1553, 268, 9.49%, 0, 0, 3, 141.85, 6220, 2259739
1605245904, 0, 290, 1598, 1554, 268, 9.49%, 0, 0, 3, 150.17, 6220, 2260517
1605245914, 0, 291, 1598, 1553, 268, 9.49%, 0, 0, 3, 144.44, 6220, 2262004
1605246196, 0, 291, 1599, 1554, 268, 9.52%, 0, 0, 3, 128.01, 6239, 2300443
1605246247, 0, 291, 1601, 1556, 268, 9.52%, 0, 0, 3, 149.00, 6239, 2307547
1605246257, 0, 292, 1601, 1555, 268, 9.52%, 0, 0, 3, 143.09, 6239, 2309072
1605246268, 0, 292, 1602, 1556, 268, 9.52%, 0, 0, 3, 136.55, 6241, 2310460
1605246283, 0, 292, 1603, 1557, 268, 9.52%, 0, 0, 3, 136.37, 6242, 2312554
1605246365, 0, 292, 1604, 1558, 268, 9.53%, 0, 0, 3, 136.54, 6243, 2323685
1605246585, 0, 292, 1605, 1559, 268, 9.53%, 0, 0, 3, 139.71, 6243, 2353701
1605246595, 0, 294, 1605, 1558, 270, 9.53%, 0, 0, 3, 140.61, 6243, 2355204
1605246928, 0, 295, 1605, 1557, 269, 9.53%, 0, 0, 3, 142.36, 6243, 2400477
1605246938, 0, 295, 1606, 1558, 269, 9.53%, 0, 0, 3, 137.30, 6244, 2401879
1605246953, 0, 295, 1607, 1559, 269, 9.53%, 0, 0, 3, 135.60, 6246, 2403987
1605247030, 0, 295, 1609, 1561, 269, 9.54%, 0, 0, 3, 136.70, 6250, 2414510
1605247255, 0, 295, 1610, 1562, 269, 9.54%, 0, 0, 3, 139.67, 6250, 2445138
1605247265, 0, 297, 1610, 1561, 272, 9.54%, 0, 0, 3, 141.79, 6250, 2446636
1605247276, 0, 297, 1611, 1562, 272, 9.54%, 0, 0, 3, 137.36, 6254, 2448038
1605247291, 0, 297, 1612, 1563, 272, 9.55%, 0, 0, 3, 133.91, 6257, 2450130
1605247368, 0, 297, 1614, 1565, 272, 9.55%, 0, 0, 3, 136.46, 6260, 2460653
1605247599, 0, 297, 1615, 1566, 272, 9.55%, 0, 0, 3, 145.49, 6260, 2492054
1605247604, 0, 298, 1615, 1565, 275, 9.55%, 0, 0, 3, 139.38, 6260, 2492765
1605247886, 0, 298, 1616, 1566, 275, 9.56%, 0, 0, 3, 134.00, 6265, 2530961
1605247937, 0, 298, 1617, 1567, 275, 9.56%, 0, 0, 3, 144.29, 6265, 2537883
1605247942, 0, 300, 1617, 1566, 275, 9.56%, 0, 0, 3, 135.80, 6265, 2538588
1605248270, 0, 300, 1618, 1567, 275, 9.56%, 0, 0, 3, 141.82, 6265, 2583197
1605248275, 0, 300, 1619, 1568, 275, 9.56%, 0, 0, 3, 149.19, 6265, 2583971
1605248280, 0, 300, 1620, 1569, 275, 9.56%, 0, 0, 3, 136.04, 6265, 2584633
1605248285, 0, 300, 1622, 1571, 275, 9.56%, 0, 0, 3, 148.02, 6265, 2585405
1605248305, 0, 300, 1624, 1573, 275, 9.56%, 0, 0, 3, 150.83, 6265, 2588440
1605248315, 0, 300, 1625, 1574, 275, 9.56%, 0, 0, 3, 151.27, 6265, 2589981
1605248326, 0, 300, 1626, 1575, 275, 9.56%, 0, 0, 3, 147.22, 6265, 2591465
1605248336, 0, 300, 1627, 1576, 275, 9.56%, 0, 0, 3, 152.08, 6265, 2592994
1605248382, 0, 301, 1627, 1575, 276, 9.56%, 0, 0, 3, 137.20, 6265, 2599854
1605248716, 0, 302, 1627, 1574, 275, 9.56%, 0, 0, 3, 141.31, 6265, 2645062
1605249054, 0, 302, 1628, 1575, 275, 9.56%, 0, 0, 3, 144.38, 6265, 2690348
1605249059, 0, 302, 1629, 1576, 275, 9.56%, 0, 0, 3, 151.44, 6265, 2691120
1605249064, 0, 302, 1630, 1577, 275, 9.56%, 0, 0, 3, 153.16, 6265, 2691887
1605249080, 0, 302, 1633, 1580, 275, 9.56%, 0, 0, 3, 151.50, 6266, 2694164
1605249090, 0, 302, 1634, 1581, 275, 9.56%, 0, 0, 3, 148.13, 6266, 2695666
1605249100, 0, 302, 1635, 1582, 275, 9.56%, 0, 0, 3, 150.95, 6266, 2697183
1605249115, 0, 302, 1636, 1583, 275, 9.56%, 0, 0, 3, 152.25, 6266, 2699483
1605249125, 0, 302, 1637, 1584, 275, 9.56%, 0, 0, 3, 151.13, 6266, 2701012
1605249135, 0, 302, 1639, 1586, 275, 9.56%, 0, 0, 3, 152.30, 6266, 2702495
1605249145, 0, 302, 1640, 1587, 275, 9.56%, 0, 0, 3, 151.62, 6266, 2704027
1605249166, 0, 303, 1640, 1586, 276, 9.56%, 0, 0, 3, 141.26, 6266, 2706969
1605249493, 0, 303, 1641, 1587, 276, 9.56%, 0, 0, 3, 144.98, 6266, 2751716
1605249498, 0, 305, 1641, 1586, 275, 9.56%, 0, 0, 3, 148.13, 6266, 2752486
1605249830, 0, 306, 1641, 1585, 274, 9.56%, 0, 0, 3, 142.20, 6266, 2797918
1605250163, 0, 306, 1642, 1586, 274, 9.56%, 0, 0, 3, 141.47, 6266, 2842892
1605250174, 0, 307, 1642, 1585, 274, 9.56%, 0, 0, 3, 141.36, 6266, 2844401
1605250501, 0, 307, 1644, 1587, 274, 9.56%, 0, 0, 3, 143.27, 6266, 2889038
1605250516, 0, 308, 1644, 1586, 273, 9.56%, 0, 0, 3, 139.70, 6266, 2891237
1605250844, 0, 308, 1645, 1587, 273, 9.56%, 0, 0, 3, 141.95, 6266, 2935990
1605250854, 0, 309, 1645, 1586, 273, 9.56%, 0, 0, 3, 139.69, 6266, 2937467
1605251182, 0, 310, 1645, 1585, 272, 9.56%, 0, 0, 3, 145.35, 6266, 2982232
1605251469, 0, 310, 1646, 1586, 272, 9.57%, 0, 0, 3, 127.66, 6270, 3021375
1605251515, 0, 310, 1647, 1587, 272, 9.57%, 0, 0, 3, 145.93, 6270, 3027661
1605251520, 0, 313, 1647, 1586, 271, 9.57%, 0, 0, 3, 147.03, 6270, 3028434
1605251531, 0, 313, 1648, 1587, 271, 9.57%, 0, 0, 3, 132.95, 6271, 3029812
1605251853, 0, 315, 1648, 1586, 271, 9.57%, 0, 0, 3, 141.91, 6271, 3073744
1605252192, 0, 316, 1648, 1585, 270, 9.57%, 0, 0, 3, 140.53, 6271, 3119748
1605252213, 0, 316, 1649, 1586, 270, 9.58%, 0, 0, 3, 133.74, 6278, 3122434
1605252525, 0, 318, 1649, 1585, 270, 9.58%, 0, 0, 3, 136.70, 6278, 3164833
1605252858, 0, 321, 1649, 1584, 269, 9.58%, 0, 0, 3, 129.14, 6278, 3210308
1605253180, 0, 341, 1649, 1583, 268, 9.58%, 0, 0, 3, 143.75, 6278, 3254506
1605253261, 0, 386, 1649, 1582, 267, 9.58%, 0, 0, 3, 185.76, 6278, 3269240
1605253480, 0, 386, 1650, 1583, 267, 9.58%, 0, 0, 3, 150.43, 6278, 3300005
1605253485, 0, 392, 1651, 1583, 267, 9.58%, 0, 0, 3, 168.68, 6279, 3300855
1605253521, 0, 392, 1655, 1587, 267, 9.59%, 0, 0, 3, 180.64, 6283, 3307382
1605253577, 0, 392, 1656, 1588, 267, 9.59%, 0, 0, 3, 180.48, 6283, 3317493
1605253617, 0, 392, 1660, 1592, 267, 9.59%, 0, 0, 3, 196.56, 6284, 3324910
1605253632, 0, 392, 1661, 1593, 267, 9.59%, 0, 0, 3, 196.92, 6284, 3327921
1605253638, 0, 392, 1662, 1594, 267, 9.59%, 0, 0, 3, 200.91, 6284, 3328972
1605253653, 0, 392, 1663, 1595, 267, 9.59%, 0, 0, 3, 187.50, 6286, 3332014
1605253674, 0, 392, 1664, 1596, 267, 9.59%, 0, 0, 3, 198.60, 6287, 3335988
1605253679, 0, 392, 1665, 1597, 267, 9.59%, 0, 0, 3, 201.61, 6287, 3337012
1605253699, 0, 409, 1666, 1597, 272, 9.59%, 0, 0, 3, 163.71, 6287, 3340923
1605253941, 0, 427, 1666, 1596, 271, 9.59%, 0, 0, 3, 148.72, 6287, 3375331
1605254074, 0, 451, 1666, 1595, 270, 9.59%, 0, 0, 3, 147.77, 6287, 3394929
1605254180, 0, 451, 1667, 1596, 270, 9.59%, 0, 0, 3, 141.94, 6288, 3410040
1605254358, 0, 452, 1667, 1595, 270, 9.59%, 0, 0, 3, 161.67, 6288, 3435297
1605254434, 0, 458, 1667, 1594, 269, 9.59%, 0, 0, 3, 177.96, 6288, 3448342
1605254511, 0, 458, 1668, 1595, 269, 9.60%, 0, 0, 3, 117.83, 6289, 3458666
1605254771, 0, 458, 1669, 1596, 269, 9.60%, 0, 0, 3, 142.42, 6290, 3492432
1605254776, 0, 458, 1670, 1597, 269, 9.60%, 0, 0, 3, 149.03, 6290, 3493208
1605254786, 0, 462, 1670, 1596, 270, 9.60%, 0, 0, 3, 146.74, 6290, 3494763
1605255063, 0, 467, 1670, 1595, 270, 9.60%, 0, 0, 3, 175.16, 6290, 3534824
1605255192, 0, 469, 1670, 1594, 269, 9.60%, 0, 0, 3, 160.13, 6290, 3558982
1605255443, 0, 515, 1670, 1593, 268, 9.60%, 0, 0, 3, 146.77, 6290, 3595725
1605255448, 0, 515, 1671, 1594, 268, 9.60%, 0, 0, 3, 142.97, 6293, 3596443
1605255464, 0, 515, 1672, 1595, 268, 9.61%, 0, 0, 3, 141.94, 6296, 3598605
1605255519, 0, 515, 1674, 1597, 268, 9.61%, 0, 0, 3, 140.81, 6298, 3606504
1605255702, 0, 515, 1675, 1598, 268, 9.61%, 0, 0, 3, 151.71, 6298, 3632435
1605255707, 0, 534, 1675, 1597, 271, 9.61%, 0, 0, 3, 146.70, 6298, 3633185
1605255825, 0, 534, 1676, 1598, 271, 9.61%, 0, 0, 3, 133.55, 6298, 3649242
1605255964, 0, 538, 1676, 1597, 270, 9.61%, 0, 0, 3, 141.46, 6298, 3668197
1605256198, 0, 552, 1676, 1596, 269, 9.61%, 0, 0, 3, 160.64, 6298, 3700383
1605256290, 0, 565, 1676, 1595, 268, 9.61%, 0, 0, 3, 192.39, 6298, 3717158
1605256347, 0, 565, 1678, 1597, 268, 9.61%, 0, 0, 3, 152.83, 6300, 3725751
1605256502, 0, 565, 1680, 1599, 268, 9.61%, 0, 0, 3, 159.43, 6300, 3749494
1605256507, 0, 565, 1681, 1600, 268, 9.61%, 0, 0, 3, 158.75, 6300, 3750300
1605256512, 0, 565, 1682, 1601, 268, 9.61%, 0, 0, 3, 164.82, 6300, 3751166
1605256554, 0, 566, 1682, 1600, 268, 9.61%, 0, 0, 3, 156.43, 6300, 3758016
1605256605, 0, 566, 1683, 1601, 268, 9.61%, 0, 0, 3, 151.58, 6300, 3765680
1605256811, 0, 566, 1684, 1602, 268, 9.61%, 0, 0, 3, 156.19, 6300, 3796880
1605256816, 0, 566, 1685, 1603, 268, 9.61%, 0, 0, 3, 162.23, 6300, 3797725
1605256821, 0, 567, 1685, 1602, 267, 9.61%, 0, 0, 3, 164.80, 6300, 3798561
1605256892, 0, 567, 1687, 1604, 267, 9.71%, 0, 0, 3, 143.25, 6363, 3808626
1605257079, 0, 576, 1687, 1603, 266, 9.71%, 0, 0, 3, 160.09, 6363, 3835358
1605257115, 0, 576, 1688, 1604, 266, 9.72%, 0, 0, 3, 165.58, 6371, 3841215
1605257171, 0, 576, 1689, 1605, 266, 9.73%, 0, 0, 3, 163.23, 6376, 3850292
1605257201, 0, 576, 1692, 1608, 266, 9.73%, 0, 0, 3, 178.22, 6378, 3855361
1605257222, 0, 583, 1692, 1607, 266, 9.73%, 0, 0, 3, 159.97, 6378, 3858966
1605257566, 0, 590, 1692, 1606, 265, 9.73%, 0, 0, 3, 134.58, 6378, 3906433
1605257592, 0, 590, 1693, 1607, 265, 9.73%, 0, 0, 3, 126.60, 6378, 3909667
1605257763, 0, 590, 1694, 1608, 265, 9.73%, 0, 0, 3, 139.75, 6378, 3932504
1605257768, 0, 602, 1694, 1607, 265, 9.73%, 0, 0, 3, 142.86, 6378, 3933252
1605257803, 0, 602, 1695, 1608, 265, 9.73%, 0, 0, 3, 141.85, 6378, 3938259
1605257945, 0, 602, 1696, 1609, 265, 9.73%, 0, 0, 3, 152.22, 6379, 3958444
1605257951, 0, 620, 1696, 1608, 266, 9.73%, 0, 0, 3, 142.61, 6379, 3959165
1605258017, 0, 620, 1697, 1609, 266, 9.74%, 0, 0, 3, 131.67, 6380, 3967805
1605258073, 0, 620, 1698, 1610, 266, 9.74%, 0, 0, 3, 128.41, 6382, 3975065
1605258277, 0, 620, 1699, 1611, 266, 9.74%, 0, 0, 3, 137.78, 6382, 4001676
1605258282, 0, 620, 1700, 1612, 266, 9.74%, 0, 0, 3, 143.83, 6383, 4002428
1605258287, 0, 620, 1703, 1615, 266, 9.75%, 0, 0, 3, 143.29, 6388, 4003168
1605258297, 0, 620, 1704, 1616, 266, 9.75%, 0, 0, 3, 142.74, 6388, 4004652
1605258303, 0, 620, 1705, 1617, 266, 9.75%, 0, 0, 3, 142.44, 6388, 4005382
1605258308, 0, 620, 1706, 1618, 266, 9.75%, 0, 0, 3, 146.53, 6388, 4006144
1605258313, 0, 620, 1707, 1619, 266, 9.75%, 0, 0, 3, 144.99, 6388, 4006888
1605258328, 0, 620, 1708, 1620, 266, 9.75%, 0, 0, 3, 146.80, 6388, 4009156
1605258344, 0, 620, 1709, 1621, 266, 9.75%, 0, 0, 3, 143.81, 6389, 4011382
1605258349, 0, 620, 1710, 1622, 266, 9.76%, 0, 0, 3, 142.61, 6395, 4012128
1605258380, 0, 620, 1711, 1623, 266, 9.76%, 0, 0, 3, 145.64, 6395, 4016616
1605258385, 0, 620, 1712, 1624, 266, 9.76%, 0, 0, 3, 144.99, 6395, 4017360
1605258390, 0, 624, 1712, 1623, 271, 9.76%, 0, 0, 3, 152.41, 6395, 4018141
1605258545, 0, 626, 1712, 1622, 270, 9.76%, 0, 0, 3, 162.12, 6395, 4042571
1605258590, 0, 626, 1713, 1623, 270, 9.76%, 0, 0, 3, 150.90, 6395, 4049360
1605258717, 0, 629, 1713, 1622, 270, 9.76%, 0, 0, 3, 147.71, 6395, 4068122
1605258722, 0, 629, 1714, 1623, 270, 9.76%, 0, 0, 3, 143.48, 6397, 4068842
1605258798, 0, 629, 1715, 1624, 270, 9.76%, 0, 0, 3, 140.22, 6398, 4079493
1605258808, 0, 629, 1716, 1625, 270, 9.76%, 0, 0, 3, 142.30, 6399, 4080933
1605258975, 0, 636, 1716, 1624, 270, 9.76%, 0, 0, 3, 143.17, 6399, 4104532
1605259165, 0, 636, 1717, 1625, 270, 9.76%, 0, 0, 3, 146.50, 6399, 4131000
1605259170, 0, 639, 1717, 1624, 270, 9.76%, 0, 0, 3, 149.10, 6399, 4131786
1605259473, 0, 649, 1717, 1623, 269, 9.76%, 0, 0, 3, 153.74, 6399, 4174563
1605259673, 0, 654, 1717, 1622, 268, 9.76%, 0, 0, 3, 151.39, 6399, 4204915
1605259723, 0, 654, 1718, 1623, 268, 9.76%, 0, 0, 3, 145.89, 6399, 4212152
1605259989, 0, 654, 1720, 1625, 268, 9.76%, 0, 0, 3, 152.02, 6399, 4250079
1605259999, 0, 657, 1720, 1624, 268, 9.76%, 0, 0, 3, 154.01, 6399, 4251597
1605260133, 0, 657, 1721, 1625, 268, 9.76%, 0, 0, 3, 182.71, 6399, 4273974
1605260138, 0, 658, 1721, 1624, 267, 9.76%, 0, 0, 3, 128.75, 6399, 4274601
1605260462, 0, 658, 1722, 1625, 267, 9.76%, 0, 0, 3, 145.47, 6399, 4320053
1605260467, 0, 661, 1722, 1624, 266, 9.76%, 0, 0, 3, 152.17, 6399, 4320825
1605260498, 0, 661, 1723, 1625, 266, 9.77%, 0, 0, 3, 141.10, 6400, 4325329
1605260529, 0, 661, 1724, 1626, 266, 9.77%, 0, 0, 3, 145.51, 6406, 4329821
1605260782, 0, 661, 1725, 1627, 266, 9.77%, 0, 0, 3, 154.30, 6406, 4366340
1605260787, 0, 662, 1725, 1626, 266, 9.77%, 0, 0, 3, 160.53, 6406, 4367150
1605260919, 0, 662, 1727, 1628, 266, 9.77%, 0, 0, 3, 174.32, 6406, 4388639
1605260924, 0, 662, 1728, 1629, 266, 9.77%, 0, 0, 3, 176.23, 6406, 4389505
1605260939, 0, 665, 1728, 1628, 265, 9.77%, 0, 0, 3, 167.00, 6406, 4392158
1605261181, 0, 671, 1728, 1627, 264, 9.77%, 0, 0, 3, 148.78, 6406, 4428496
1605261362, 0, 671, 1729, 1628, 264, 9.77%, 0, 0, 3, 142.58, 6406, 4454238
1605261368, 0, 671, 1731, 1630, 264, 9.77%, 0, 0, 3, 152.72, 6406, 4455043
1605261373, 0, 671, 1732, 1631, 264, 9.77%, 0, 0, 3, 145.56, 6406, 4455788
1605261393, 0, 682, 1732, 1630, 264, 9.77%, 0, 0, 3, 146.11, 6406, 4458907
1605261641, 0, 684, 1732, 1629, 263, 9.77%, 0, 0, 3, 145.86, 6406, 4494093
1605261907, 0, 685, 1732, 1628, 262, 9.77%, 0, 0, 3, 156.38, 6406, 4534868
1605262061, 0, 687, 1732, 1627, 261, 9.77%, 0, 0, 3, 154.26, 6406, 4558670
1605262137, 0, 687, 1733, 1628, 261, 9.77%, 0, 0, 3, 140.73, 6406, 4569410
1605262167, 0, 687, 1734, 1629, 261, 9.78%, 0, 0, 3, 140.68, 6408, 4573672
1605262304, 0, 694, 1734, 1628, 261, 9.78%, 0, 0, 3, 142.08, 6408, 4592681
1605262370, 0, 694, 1735, 1629, 261, 9.79%, 0, 0, 3, 137.10, 6414, 4601840
1605262548, 0, 703, 1735, 1628, 261, 9.79%, 0, 0, 3, 146.91, 6414, 4626652
1605262705, 0, 703, 1736, 1629, 261, 9.79%, 0, 0, 3, 140.26, 6414, 4648558
1605262736, 0, 703, 1738, 1631, 261, 9.79%, 0, 0, 3, 140.89, 6415, 4652856
1605262771, 0, 709, 1738, 1630, 262, 9.79%, 0, 0, 3, 148.86, 6415, 4657766
1605262777, 0, 709, 1739, 1631, 262, 9.79%, 0, 0, 3, 146.62, 6417, 4658520
1605262808, 0, 709, 1740, 1632, 262, 9.79%, 0, 0, 3, 135.20, 6418, 4662877
1605262823, 0, 709, 1741, 1633, 262, 9.79%, 0, 0, 3, 148.63, 6418, 4665140
1605262833, 0, 709, 1743, 1635, 262, 9.79%, 0, 0, 3, 144.36, 6419, 4666592
1605263019, 0, 709, 1744, 1636, 262, 9.79%, 0, 0, 3, 152.20, 6419, 4693417
1605263024, 0, 709, 1745, 1637, 262, 9.79%, 0, 0, 3, 157.39, 6419, 4694214
1605263029, 0, 714, 1745, 1636, 265, 9.79%, 0, 0, 3, 151.21, 6419, 4694987
1605263367, 0, 714, 1746, 1637, 265, 9.79%, 0, 0, 3, 137.18, 6419, 4740611
1605263372, 0, 719, 1746, 1636, 264, 9.79%, 0, 0, 3, 145.68, 6419, 4741381
1605263403, 0, 719, 1747, 1637, 264, 9.79%, 0, 0, 3, 153.37, 6419, 4746089
1605263428, 0, 719, 1748, 1638, 264, 9.80%, 0, 0, 3, 150.61, 6420, 4749928
1605263530, 0, 719, 1750, 1640, 264, 9.80%, 0, 0, 3, 154.29, 6420, 4765579
1605263540, 0, 726, 1750, 1639, 264, 9.80%, 0, 0, 3, 156.56, 6420, 4767270
1605263838, 0, 731, 1750, 1638, 263, 9.80%, 0, 0, 3, 144.95, 6420, 4809387
1605263894, 0, 731, 1751, 1639, 263, 9.80%, 0, 0, 3, 148.09, 6420, 4817686
1605263909, 0, 731, 1752, 1640, 263, 9.80%, 0, 0, 3, 147.98, 6420, 4819936
1605264087, 0, 731, 1754, 1642, 263, 9.80%, 0, 0, 3, 155.83, 6420, 4846098
1605264092, 0, 731, 1756, 1644, 263, 9.80%, 0, 0, 3, 157.60, 6420, 4846894
1605264112, 0, 731, 1757, 1645, 263, 9.80%, 0, 0, 3, 161.41, 6420, 4850148
1605264138, 0, 731, 1760, 1648, 263, 9.80%, 0, 0, 3, 158.91, 6420, 4854231
1605264148, 0, 731, 1761, 1649, 263, 9.80%, 0, 0, 3, 161.79, 6420, 4855910
1605264158, 0, 731, 1762, 1650, 263, 9.80%, 0, 0, 3, 159.53, 6420, 4857514
1605264173, 0, 731, 1763, 1651, 263, 9.80%, 0, 0, 3, 162.37, 6420, 4859973
1605264178, 0, 731, 1765, 1653, 263, 9.80%, 0, 0, 3, 158.25, 6420, 4860796
1605264184, 0, 731, 1766, 1654, 263, 9.80%, 0, 0, 3, 160.82, 6420, 4861638
1605264189, 0, 735, 1766, 1653, 265, 9.80%, 0, 0, 3, 147.41, 6420, 4862363
1605264265, 0, 735, 1767, 1654, 265, 9.80%, 0, 0, 3, 125.02, 6421, 4872091
1605264411, 0, 741, 1767, 1653, 265, 9.80%, 0, 0, 3, 140.88, 6421, 4891005
1605264484, 0, 741, 1768, 1654, 265, 9.80%, 0, 0, 3, 135.52, 6421, 4900682
1605264499, 0, 741, 1769, 1655, 265, 9.80%, 0, 0, 3, 132.73, 6424, 4902688
1605264623, 0, 741, 1770, 1656, 265, 9.80%, 0, 0, 3, 134.14, 6424, 4919452
1605264675, 0, 741, 1771, 1657, 265, 9.80%, 0, 0, 3, 135.49, 6424, 4926469
1605264696, 0, 741, 1772, 1658, 265, 9.80%, 0, 0, 3, 146.33, 6425, 4929259
1605264701, 0, 742, 1772, 1657, 266, 9.80%, 0, 0, 3, 147.85, 6425, 4930014
1605264853, 0, 742, 1773, 1658, 266, 9.80%, 0, 0, 3, 148.21, 6425, 4952238
1605264960, 0, 742, 1774, 1659, 266, 9.80%, 0, 0, 3, 157.24, 6425, 4967848
1605264965, 0, 743, 1774, 1658, 266, 9.80%, 0, 0, 3, 152.61, 6425, 4968623
1605265076, 0, 743, 1776, 1660, 266, 9.80%, 0, 0, 3, 132.35, 6425, 4983040
1605265299, 0, 745, 1776, 1659, 265, 9.80%, 0, 0, 3, 139.00, 6425, 5012367
1605265355, 0, 745, 1777, 1660, 265, 9.81%, 0, 0, 3, 144.34, 6428, 5020399
1605265533, 0, 745, 1778, 1661, 265, 9.81%, 0, 0, 3, 154.27, 6428, 5045984
1605265538, 0, 746, 1778, 1660, 265, 9.81%, 0, 0, 3, 140.77, 6428, 5046711
1605265564, 0, 746, 1782, 1664, 265, 9.81%, 0, 0, 3, 120.51, 6432, 5049801
1605265697, 0, 746, 1783, 1665, 265, 9.82%, 0, 0, 3, 121.40, 6433, 5065854
1605265702, 0, 746, 1787, 1669, 265, 9.82%, 0, 0, 3, 121.32, 6437, 5066478
1605265911, 0, 753, 1787, 1668, 273, 9.82%, 0, 0, 3, 146.47, 6437, 5092013
1605265927, 0, 753, 1788, 1669, 273, 9.82%, 0, 0, 3, 151.73, 6437, 5094364
1605266086, 0, 753, 1789, 1670, 273, 9.82%, 0, 0, 3, 165.34, 6437, 5118454
1605266091, 0, 755, 1789, 1669, 271, 9.82%, 0, 0, 3, 153.27, 6437, 5119227
1605266121, 0, 755, 1790, 1670, 271, 9.82%, 0, 0, 3, 140.27, 6437, 5123535
1605266348, 0, 758, 1790, 1669, 271, 9.82%, 0, 0, 3, 150.50, 6437, 5156020
1605266537, 0, 774, 1790, 1668, 270, 9.82%, 0, 0, 3, 139.52, 6437, 5184859
1605266567, 0, 774, 1791, 1669, 270, 9.83%, 0, 0, 3, 133.60, 6439, 5188939
1605266649, 0, 774, 1797, 1675, 270, 9.84%, 0, 0, 3, 135.84, 6447, 5200035
1605266866, 0, 777, 1797, 1674, 276, 9.84%, 0, 0, 3, 141.48, 6447, 5229303
1605267044, 0, 777, 1798, 1675, 276, 9.84%, 0, 0, 3, 137.14, 6447, 5254362
1605267049, 0, 780, 1798, 1674, 275, 9.84%, 0, 0, 3, 145.89, 6447, 5255129
1605267332, 0, 780, 1799, 1675, 275, 9.84%, 0, 0, 3, 152.47, 6447, 5295215
1605267337, 0, 785, 1799, 1674, 274, 9.84%, 0, 0, 3, 154.01, 6447, 5295995
1605267492, 0, 795, 1799, 1673, 273, 9.84%, 0, 0, 3, 145.64, 6447, 5319582
1605267701, 0, 805, 1800, 1673, 273, 9.84%, 0, 0, 3, 143.19, 6447, 5348377
1605267965, 0, 807, 1800, 1672, 272, 9.84%, 0, 0, 3, 175.22, 6447, 5385820
1605267970, 0, 807, 1806, 1678, 272, 9.84%, 0, 0, 3, 224.07, 6447, 5387025
1605267975, 0, 807, 1808, 1680, 272, 9.84%, 0, 0, 3, 241.09, 6447, 5388261
1605268169, 0, 807, 1809, 1681, 272, 9.84%, 0, 0, 3, 246.34, 6447, 5430821
1605268174, 0, 807, 1810, 1682, 272, 9.84%, 0, 0, 3, 238.16, 6447, 5432041
1605268185, 0, 807, 1816, 1688, 272, 9.84%, 0, 0, 3, 245.64, 6447, 5434589
1605268190, 0, 807, 1825, 1697, 272, 9.85%, 0, 0, 3, 253.67, 6454, 5435920
1605268195, 0, 807, 1830, 1702, 272, 9.85%, 0, 0, 3, 255.70, 6454, 5437230
1605268200, 0, 807, 1835, 1707, 272, 9.85%, 0, 0, 3, 247.07, 6454, 5438505
1605268205, 0, 807, 1839, 1711, 272, 9.85%, 0, 0, 3, 232.48, 6454, 5439641
1605268221, 0, 807, 1840, 1712, 272, 9.85%, 0, 0, 3, 252.71, 6454, 5443540
1605268226, 0, 811, 1840, 1711, 271, 9.85%, 0, 0, 3, 54.20, 6454, 5443995
1605271488, 0, 811, 1841, 1712, 271, 9.85%, 0, 0, 3, 62.60, 6454, 5626940
1605271498, 0, 878, 1841, 1711, 271, 9.85%, 0, 0, 3, 62.93, 6454, 5627589
1605271565, 0, 878, 1842, 1712, 271, 9.85%, 0, 0, 3, 62.85, 6455, 5631844
1605271990, 0, 878, 1843, 1713, 271, 9.85%, 0, 0, 3, 62.61, 6456, 5658392
1605272281, 0, 878, 1844, 1714, 271, 9.85%, 0, 0, 3, 61.34, 6457, 5676758
1605272430, 0, 878, 1845, 1715, 271, 9.85%, 0, 0, 3, 62.91, 6458, 5686145
1605273067, 0, 878, 1846, 1716, 271, 9.85%, 0, 0, 3, 64.38, 6458, 5726608
1605273914, 0, 878, 1847, 1717, 271, 9.85%, 0, 0, 3, 68.26, 6458, 5780492
1605273919, 0, 878, 1849, 1719, 271, 9.85%, 0, 0, 3, 72.91, 6458, 5780863
1605273935, 0, 878, 1851, 1721, 271, 9.85%, 0, 0, 3, 70.86, 6458, 5781984
1605273945, 0, 878, 1852, 1722, 271, 9.85%, 0, 0, 3, 72.26, 6458, 5782727
1605273976, 0, 878, 1853, 1723, 271, 9.85%, 0, 0, 3, 72.73, 6458, 5784995
1605273981, 0, 878, 1855, 1725, 271, 9.85%, 0, 0, 3, 72.32, 6458, 5785370
1605274012, 0, 878, 1856, 1726, 271, 9.85%, 0, 0, 3, 72.93, 6458, 5787659
1605274028, 0, 878, 1857, 1727, 271, 9.85%, 0, 0, 3, 74.54, 6458, 5788811
1605274038, 0, 891, 1857, 1726, 277, 9.85%, 0, 0, 3, 62.40, 6458, 5789508
1605274084, 0, 891, 1858, 1727, 277, 9.85%, 0, 0, 3, 57.59, 6458, 5792125
1605274094, 0, 891, 1859, 1728, 277, 9.86%, 0, 0, 3, 54.38, 6459, 5792691
1605274114, 0, 891, 1860, 1729, 277, 9.86%, 0, 0, 3, 56.73, 6460, 5793823
1605274129, 0, 891, 1861, 1730, 277, 9.86%, 0, 0, 3, 56.93, 6462, 5794687
1605274175, 0, 891, 1862, 1731, 277, 9.86%, 0, 0, 3, 56.63, 6463, 5797275
1605275178, 0, 891, 1863, 1732, 277, 9.87%, 0, 0, 3, 55.38, 6469, 5853464
1605275731, 0, 891, 1864, 1733, 277, 10.05%, 0, 0, 3, 56.81, 6585, 5884627
1605275988, 0, 891, 1865, 1734, 277, 10.05%, 0, 0, 3, 56.69, 6586, 5899179
1605276840, 0, 891, 1866, 1735, 277, 10.06%, 0, 0, 3, 56.58, 6594, 5947114
1605276901, 0, 891, 1868, 1737, 277, 10.06%, 0, 0, 3, 62.25, 6595, 5950559
1605276906, 0, 891, 1870, 1739, 277, 10.06%, 0, 0, 3, 62.02, 6596, 5950872
1605276927, 0, 891, 1872, 1741, 277, 10.06%, 0, 0, 3, 62.60, 6596, 5952170
1605276937, 0, 891, 1873, 1742, 277, 10.06%, 0, 0, 3, 62.14, 6596, 5952813
1605276942, 0, 891, 1874, 1743, 277, 10.06%, 0, 0, 3, 63.30, 6596, 5953130
1605276947, 0, 891, 1875, 1744, 277, 10.06%, 0, 0, 3, 60.44, 6596, 5953433
1605276952, 0, 891, 1876, 1745, 277, 10.06%, 0, 0, 3, 64.49, 6596, 5953770
1605276962, 0, 891, 1879, 1748, 277, 10.06%, 0, 0, 3, 61.85, 6596, 5954421
1605276967, 0, 891, 1880, 1749, 277, 10.06%, 0, 0, 3, 61.78, 6596, 5954739
1605276988, 0, 891, 1882, 1751, 277, 10.06%, 0, 0, 3, 62.85, 6596, 5956039
1605276998, 0, 891, 1883, 1752, 277, 10.06%, 0, 0, 3, 57.06, 6596, 5956617
1605277003, 0, 891, 1884, 1753, 277, 10.06%, 0, 0, 3, 61.24, 6596, 5956937
1605277034, 0, 891, 1885, 1754, 277, 10.06%, 0, 0, 3, 62.00, 6596, 5958824
1605277080, 0, 891, 1886, 1755, 277, 10.06%, 0, 0, 3, 61.98, 6596, 5961699
1605277085, 0, 891, 1887, 1756, 277, 10.06%, 0, 0, 3, 61.64, 6596, 5962012
1605277095, 0, 893, 1887, 1755, 280, 10.06%, 0, 0, 3, 59.59, 6596, 5962642
1605280349, 0, 893, 1889, 1757, 280, 10.06%, 0, 0, 3, 61.87, 6596, 6145708
1605280354, 0, 893, 1890, 1758, 280, 10.06%, 0, 0, 3, 63.36, 6596, 6146038
1605280359, 0, 893, 1891, 1759, 280, 10.06%, 0, 0, 3, 63.03, 6596, 6146351
1605280379, 0, 893, 1892, 1760, 280, 10.06%, 0, 0, 3, 63.17, 6596, 6147627
1605280389, 0, 893, 1894, 1762, 280, 10.06%, 0, 0, 3, 63.52, 6596, 6148290
1605280400, 0, 893, 1895, 1763, 280, 10.06%, 0, 0, 3, 63.77, 6596, 6148936
1605280410, 0, 893, 1897, 1765, 280, 10.06%, 0, 0, 3, 60.13, 6596, 6149572
1605280425, 0, 893, 1898, 1766, 280, 10.06%, 0, 0, 3, 64.36, 6596, 6150554
1605280430, 0, 893, 1900, 1768, 280, 10.06%, 0, 0, 3, 65.48, 6596, 6150880
1605280435, 0, 893, 1901, 1769, 280, 10.06%, 0, 0, 3, 63.36, 6596, 6151196
1605280441, 0, 893, 1902, 1770, 280, 10.06%, 0, 0, 3, 63.30, 6596, 6151528
1605280446, 0, 893, 1903, 1771, 280, 10.06%, 0, 0, 3, 61.79, 6596, 6151833
1605280451, 0, 893, 1904, 1772, 280, 10.06%, 0, 0, 3, 63.04, 6596, 6152163
1605280456, 0, 893, 1905, 1773, 280, 10.06%, 0, 0, 3, 62.19, 6596, 6152491
1605280466, 0, 893, 1906, 1774, 280, 10.06%, 0, 0, 3, 62.34, 6596, 6153122
1605280471, 0, 893, 1908, 1776, 280, 10.06%, 0, 0, 3, 57.71, 6596, 6153404
1605280476, 0, 893, 1909, 1777, 280, 10.06%, 0, 0, 3, 61.47, 6596, 6153730
1605280492, 0, 893, 1910, 1778, 280, 10.06%, 0, 0, 3, 64.13, 6596, 6154716
1605280502, 0, 893, 1911, 1779, 280, 10.06%, 0, 0, 3, 63.22, 6596, 6155340
1605280512, 0, 893, 1912, 1780, 280, 10.06%, 0, 0, 3, 63.24, 6596, 6155980
1605280543, 0, 910, 1912, 1779, 281, 10.06%, 0, 0, 3, 60.21, 6596, 6157945
1605281185, 0, 910, 1913, 1780, 281, 10.07%, 0, 0, 3, 55.74, 6598, 6194027
1605281708, 0, 910, 1914, 1781, 281, 10.07%, 0, 0, 3, 53.15, 6598, 6223096
1605283806, 0, 910, 1915, 1782, 281, 10.07%, 0, 0, 3, 53.17, 6598, 6340894
1605283816, 0, 910, 1916, 1783, 281, 10.07%, 0, 0, 3, 59.51, 6598, 6341505
1605283821, 0, 910, 1917, 1784, 281, 10.07%, 0, 0, 3, 62.51, 6598, 6341784
1605283826, 0, 910, 1918, 1785, 281, 10.07%, 0, 0, 3, 61.11, 6598, 6342100
1605283836, 0, 910, 1919, 1786, 281, 10.07%, 0, 0, 3, 62.84, 6598, 6342735
1605283841, 0, 910, 1920, 1787, 281, 10.07%, 0, 0, 3, 62.54, 6598, 6343058
1605283857, 0, 910, 1921, 1788, 281, 10.07%, 0, 0, 3, 62.51, 6598, 6344036
1605283878, 0, 910, 1922, 1789, 281, 10.07%, 0, 0, 3, 63.58, 6598, 6345329
1605283893, 0, 910, 1923, 1790, 281, 10.07%, 0, 0, 3, 62.88, 6598, 6346296
1605283919, 0, 910, 1924, 1791, 281, 10.07%, 0, 0, 3, 62.44, 6598, 6347923
1605283934, 0, 910, 1925, 1792, 281, 10.07%, 0, 0, 3, 63.82, 6598, 6348900
1605283949, 0, 910, 1926, 1793, 281, 10.07%, 0, 0, 3, 65.34, 6598, 6349903
1605283954, 0, 949, 1926, 1792, 280, 10.07%, 0, 0, 3, 60.51, 6598, 6350201
1605285133, 0, 949, 1927, 1793, 280, 10.07%, 0, 0, 3, 58.49, 6598, 6418100
1605287247, 0, 949, 1928, 1794, 280, 10.07%, 0, 0, 3, 59.00, 6598, 6539458
1605287257, 0, 949, 1929, 1795, 280, 10.07%, 0, 0, 3, 58.24, 6598, 6540077
1605287267, 0, 949, 1930, 1796, 280, 10.07%, 0, 0, 3, 59.54, 6598, 6540676
1605287298, 0, 978, 1930, 1795, 280, 10.07%, 0, 0, 3, 61.77, 6598, 6542583
1605288251, 0, 978, 1931, 1796, 280, 10.07%, 0, 0, 3, 61.85, 6598, 6600564
1605289854, 0, 1008, 1931, 1795, 279, 10.07%, 0, 0, 3, 62.16, 6598, 6699253
1605292555, 0, 1009, 1931, 1794, 279, 10.07%, 0, 0, 3, 106.78, 6598, 6858529
1605293099, 0, 1021, 1931, 1793, 279, 10.07%, 0, 0, 3, 111.80, 6598, 6922292
1605293659, 0, 1021, 1932, 1794, 279, 10.07%, 0, 0, 3, 59.11, 6598, 6955717
1605295436, 0, 1033, 1932, 1793, 278, 10.07%, 0, 0, 3, 61.99, 6598, 7062054
1605297515, 0, 1033, 1933, 1794, 278, 10.07%, 0, 0, 3, 55.73, 6598, 7180507
1605298684, 0, 1083, 1933, 1793, 277, 10.07%, 0, 0, 3, 59.94, 6598, 7247065
1605298745, 0, 1083, 1934, 1794, 277, 10.07%, 0, 0, 3, 63.89, 6598, 7250985
1605300781, 0, 1093, 1934, 1793, 277, 10.07%, 0, 0, 3, 64.91, 6598, 7380168
1605302816, 0, 1106, 1934, 1792, 276, 10.07%, 0, 0, 3, 61.75, 6598, 7502533
1605303205, 0, 1106, 1935, 1793, 276, 10.07%, 0, 0, 3, 60.08, 6599, 7526424
1605304043, 0, 1106, 1936, 1794, 276, 10.07%, 0, 0, 3, 61.24, 6601, 7578054
1605304609, 0, 1106, 1938, 1796, 276, 10.07%, 0, 0, 3, 62.78, 6601, 7612700
1605304614, 0, 1106, 1940, 1798, 276, 10.09%, 0, 0, 3, 64.89, 6611, 7613028
1605304619, 0, 1106, 1941, 1799, 276, 10.09%, 0, 0, 3, 64.45, 6612, 7613350
1605304624, 0, 1106, 1942, 1800, 276, 10.11%, 0, 0, 3, 65.21, 6624, 7613690
1605304630, 0, 1106, 1943, 1801, 276, 10.11%, 0, 0, 3, 66.72, 6624, 7614035
1605304655, 0, 1106, 1944, 1802, 276, 10.11%, 0, 0, 3, 65.04, 6624, 7615732
1605304666, 0, 1106, 1945, 1803, 276, 10.11%, 0, 0, 3, 65.20, 6624, 7616409
1605304691, 0, 1106, 1946, 1804, 276, 10.11%, 0, 0, 3, 62.54, 6624, 7618046
1605304696, 0, 1106, 1949, 1807, 276, 10.11%, 0, 0, 3, 64.37, 6626, 7618382
1605304702, 0, 1106, 1951, 1809, 276, 10.11%, 0, 0, 3, 64.81, 6626, 7618721
1605304732, 0, 1106, 1952, 1810, 276, 10.11%, 0, 0, 3, 64.21, 6626, 7620722
1605304738, 0, 1106, 1953, 1811, 276, 10.11%, 0, 0, 3, 65.52, 6628, 7621062
1605304748, 0, 1106, 1954, 1812, 276, 10.11%, 0, 0, 3, 64.73, 6628, 7621734
1605304799, 0, 1124, 1954, 1811, 282, 10.11%, 0, 0, 3, 64.03, 6628, 7625007
1605307195, 0, 1124, 1956, 1813, 282, 10.11%, 0, 0, 3, 64.11, 6628, 7763256
1605307205, 0, 1124, 1957, 1814, 282, 10.11%, 0, 0, 3, 61.59, 6628, 7763874
1605307220, 0, 1124, 1958, 1815, 282, 10.11%, 0, 0, 3, 64.71, 6628, 7764869
1605307282, 0, 1124, 1959, 1816, 282, 10.11%, 0, 0, 3, 65.17, 6628, 7768817
1605307344, 0, 1124, 1960, 1817, 282, 10.11%, 0, 0, 3, 65.48, 6628, 7772814
1605307385, 0, 1126, 1960, 1816, 282, 10.11%, 0, 0, 3, 61.19, 6628, 7775455
1605307400, 0, 1126, 1961, 1817, 282, 10.11%, 0, 0, 3, 59.38, 6628, 7776359
1605307476, 0, 1126, 1962, 1818, 282, 10.11%, 0, 0, 3, 52.76, 6628, 7780824
1605307517, 0, 1126, 1963, 1819, 282, 10.11%, 0, 0, 3, 58.54, 6628, 7783179
1605309998, 0, 1126, 1964, 1820, 282, 10.11%, 0, 0, 3, 62.79, 6628, 7928475
1605310003, 0, 1126, 1966, 1822, 282, 10.11%, 0, 0, 3, 63.41, 6628, 7928776
1605310009, 0, 1126, 1968, 1824, 282, 10.12%, 0, 0, 3, 66.49, 6630, 7929124
1605310024, 0, 1126, 1969, 1825, 282, 10.12%, 0, 0, 3, 65.60, 6630, 7930122
1605310101, 0, 1126, 1970, 1826, 282, 10.12%, 0, 0, 3, 63.87, 6630, 7934999
1605310106, 0, 1126, 1971, 1827, 282, 10.12%, 0, 0, 3, 64.93, 6630, 7935331
1605310127, 0, 1126, 1972, 1828, 282, 10.12%, 0, 0, 3, 66.51, 6630, 7936680
1605310137, 0, 1126, 1973, 1829, 282, 10.12%, 0, 0, 3, 64.71, 6630, 7937304
1605310142, 0, 1126, 1974, 1830, 282, 10.12%, 0, 0, 3, 64.72, 6630, 7937641
1605310183, 0, 1126, 1975, 1831, 282, 10.12%, 0, 0, 3, 63.67, 6630, 7940276
1605310188, 0, 1128, 1975, 1830, 282, 10.12%, 0, 0, 3, 61.22, 6630, 7940580
1605310214, 0, 1128, 1976, 1831, 282, 10.12%, 0, 0, 3, 56.53, 6631, 7942053
1605310315, 0, 1128, 1977, 1832, 282, 10.12%, 0, 0, 3, 58.44, 6631, 7947905
1605310376, 0, 1128, 1978, 1833, 282, 10.12%, 0, 0, 3, 58.03, 6632, 7951434
1605310747, 0, 1128, 1979, 1834, 282, 10.12%, 0, 0, 3, 58.62, 6632, 7972685
1605311057, 0, 1128, 1981, 1836, 282, 10.12%, 0, 0, 3, 58.06, 6632, 7990460
1605311168, 0, 1128, 1982, 1837, 282, 10.12%, 0, 0, 3, 57.61, 6632, 7996816
1605312491, 0, 1135, 1982, 1836, 283, 10.12%, 0, 0, 3, 61.65, 6632, 8075114
1605312917, 0, 1135, 1983, 1837, 283, 10.12%, 0, 0, 3, 60.26, 6632, 8100981
