# unix_time, cycles_done, cur_path, paths_total, pending_total, pending_favs, map_size, unique_crashes, unique_hangs, max_depth, execs_per_sec, edge_coverage, total_execs
1606832138, 0, 0, 1, 1, 1, 1.95%, 0, 0, 1, 126.98, 1276, 8
1606832143, 0, 0, 42, 42, 1, 2.12%, 0, 0, 2, 242.73, 1388, 2854
1606832148, 0, 0, 227, 227, 1, 2.53%, 0, 0, 2, 1201.72, 1656, 6362
1606832154, 0, 0, 286, 286, 1, 2.61%, 0, 0, 2, 727.15, 1708, 9406
1606832159, 0, 0, 347, 347, 1, 2.62%, 0, 0, 2, 780.88, 1715, 13761
1606832164, 0, 0, 386, 386, 1, 2.63%, 0, 0, 2, 609.73, 1724, 16619
1606832169, 0, 0, 409, 409, 1, 2.63%, 0, 0, 2, 705.19, 1726, 20442
1606832174, 0, 0, 421, 421, 1, 2.64%, 0, 0, 2, 660.39, 1730, 23881
1606832179, 0, 0, 423, 423, 1, 2.64%, 0, 0, 2, 327.50, 1730, 25154
1606832189, 0, 0, 424, 424, 1, 2.64%, 0, 0, 2, 221.62, 1730, 27042
1606832205, 0, 0, 425, 425, 1, 2.64%, 0, 0, 2, 242.27, 1730, 30882
1606832215, 0, 0, 426, 426, 1, 2.64%, 0, 0, 2, 192.18, 1730, 33023
1606832235, 0, 0, 429, 429, 1, 2.64%, 0, 0, 2, 211.87, 1730, 37206
1606832240, 0, 0, 430, 430, 1, 2.64%, 0, 0, 2, 228.85, 1730, 38358
1606832250, 0, 0, 431, 431, 1, 2.64%, 0, 0, 2, 213.66, 1730, 40370
1606832255, 0, 0, 432, 432, 1, 2.64%, 0, 0, 2, 232.24, 1730, 41534
1606832266, 0, 0, 433, 433, 1, 2.64%, 0, 0, 2, 224.30, 1730, 43698
1606832286, 0, 0, 434, 434, 1, 2.64%, 0, 0, 2, 207.09, 1730, 47554
1606832306, 0, 0, 435, 435, 1, 2.64%, 0, 0, 2, 211.84, 1730, 51978
1606832311, 0, 0, 437, 437, 1, 2.64%, 0, 0, 2, 214.72, 1730, 53046
1606832392, 0, 0, 438, 438, 1, 2.64%, 0, 0, 2, 206.72, 1730, 70834
1606832417, 0, 0, 439, 439, 1, 2.64%, 0, 0, 2, 271.72, 1730, 76827
1606832437, 0, 0, 440, 440, 1, 2.65%, 0, 0, 2, 231.47, 1736, 81638
1606832448, 0, 0, 441, 441, 1, 2.65%, 0, 0, 2, 219.73, 1738, 83994
1606832453, 0, 0, 444, 444, 1, 2.65%, 0, 0, 2, 221.22, 1739, 85142
1606832463, 0, 0, 445, 445, 1, 2.65%, 0, 0, 2, 234.05, 1739, 87510
1606832468, 0, 0, 446, 446, 1, 2.65%, 0, 0, 2, 240.34, 1739, 88738
1606832473, 0, 0, 447, 447, 1, 2.65%, 0, 0, 2, 256.33, 1739, 90016
1606832493, 0, 0, 448, 448, 1, 2.66%, 0, 0, 2, 163.81, 1744, 93886
1606832503, 0, 0, 451, 451, 1, 2.66%, 0, 0, 2, 181.56, 1744, 95728
1606832534, 0, 0, 452, 452, 1, 2.66%, 0, 0, 2, 197.76, 1744, 101601
1606832554, 0, 0, 453, 453, 1, 2.66%, 0, 0, 2, 222.82, 1744, 105938
1606832590, 0, 0, 454, 454, 1, 2.66%, 0, 0, 2, 193.52, 1744, 113098
1606832595, 0, 0, 455, 455, 1, 2.66%, 0, 0, 2, 206.91, 1744, 114150
1606832610, 0, 0, 456, 456, 1, 2.66%, 0, 0, 2, 216.74, 1744, 117046
1606832620, 0, 0, 459, 459, 1, 2.66%, 0, 0, 2, 189.78, 1746, 119084
1606832630, 0, 0, 462, 462, 1, 2.69%, 0, 0, 2, 206.55, 1766, 121190
1606832645, 0, 0, 463, 463, 1, 2.69%, 0, 0, 2, 211.03, 1766, 124252
1606832655, 0, 0, 465, 465, 1, 2.70%, 0, 0, 2, 216.14, 1768, 126430
1606832660, 0, 0, 467, 467, 1, 2.71%, 0, 0, 2, 222.04, 1774, 127542
1606832665, 0, 0, 487, 487, 1, 2.71%, 0, 0, 2, 208.67, 1777, 128603
1606832671, 0, 0, 534, 534, 1, 2.73%, 0, 0, 2, 190.00, 1788, 129554
1606832676, 0, 0, 562, 562, 1, 2.73%, 0, 0, 2, 209.18, 1790, 130642
1606832681, 0, 0, 582, 582, 1, 2.73%, 0, 0, 2, 184.90, 1790, 131666
1606832686, 0, 0, 598, 598, 1, 2.73%, 0, 0, 2, 148.36, 1790, 132364
1606832691, 0, 0, 601, 601, 1, 2.73%, 0, 0, 2, 156.03, 1790, 133189
1606832696, 0, 0, 607, 607, 1, 2.73%, 0, 0, 2, 150.27, 1790, 133948
1606832717, 0, 0, 609, 609, 1, 2.73%, 0, 0, 2, 203.71, 1790, 137798
1606832722, 0, 0, 610, 610, 1, 2.73%, 0, 0, 2, 220.40, 1790, 138938
1606832727, 0, 0, 612, 612, 1, 2.73%, 0, 0, 2, 209.16, 1790, 139974
1606832732, 0, 0, 613, 613, 1, 2.73%, 0, 0, 2, 209.08, 1790, 141042
1606832737, 0, 0, 615, 615, 1, 2.76%, 0, 0, 2, 213.00, 1811, 142102
1606832742, 0, 0, 617, 617, 1, 2.76%, 0, 0, 2, 218.41, 1811, 143202
1606832757, 0, 0, 620, 620, 1, 2.76%, 0, 0, 2, 200.58, 1811, 146102
1606832763, 0, 0, 622, 622, 1, 2.76%, 0, 0, 2, 195.27, 1811, 147097
1606832768, 0, 0, 623, 623, 1, 2.76%, 0, 0, 2, 190.26, 1811, 148077
1606832773, 0, 0, 624, 624, 1, 2.76%, 0, 0, 2, 202.54, 1811, 149120
1606832783, 0, 0, 625, 625, 1, 2.76%, 0, 0, 2, 192.31, 1811, 151033
1606832819, 0, 0, 626, 626, 1, 2.76%, 0, 0, 2, 192.98, 1812, 157911
1606832829, 0, 0, 627, 627, 1, 2.77%, 0, 0, 2, 193.82, 1816, 159938
1606832839, 0, 0, 628, 628, 1, 2.77%, 0, 0, 2, 196.33, 1816, 161977
1606832849, 0, 0, 629, 629, 1, 2.77%, 0, 0, 2, 197.39, 1818, 163959
1606832854, 0, 0, 630, 630, 1, 2.78%, 0, 0, 2, 202.87, 1819, 164986
1606832865, 0, 0, 631, 631, 1, 2.78%, 0, 0, 2, 192.15, 1821, 166969
1606832880, 0, 0, 634, 634, 1, 2.78%, 0, 0, 2, 177.29, 1822, 169791
1606832885, 0, 0, 635, 635, 1, 2.78%, 0, 0, 2, 192.25, 1822, 170781
1606832890, 0, 0, 636, 636, 1, 2.78%, 0, 0, 2, 195.18, 1822, 171788
1606832900, 0, 0, 637, 637, 1, 2.78%, 0, 0, 2, 206.46, 1822, 173778
1606832911, 0, 0, 639, 639, 1, 2.78%, 0, 0, 2, 193.63, 1822, 175814
1606832936, 0, 0, 640, 640, 1, 2.78%, 0, 0, 2, 208.98, 1823, 181046
