# unix_time, cycles_done, cur_path, paths_total, pending_total, pending_favs, map_size, unique_crashes, unique_hangs, max_depth, execs_per_sec, edge_coverage, total_execs
1603576523, 0, 0, 1, 1, 1, 2.07%, 0, 0, 1, 1.58, 1356, 8
1603576528, 0, 0, 56, 56, 1, 2.32%, 0, 0, 2, 253.91, 1522, 3140
1603576534, 0, 0, 260, 260, 1, 2.62%, 0, 0, 2, 1024.60, 1718, 7810
1603576539, 0, 0, 346, 346, 1, 2.71%, 0, 0, 2, 906.93, 1775, 11824
1603576544, 0, 0, 400, 400, 1, 2.72%, 0, 0, 2, 778.29, 1782, 15814
1603576549, 0, 0, 435, 435, 1, 2.72%, 0, 0, 2, 855.23, 1783, 20164
1603576554, 0, 0, 453, 453, 1, 2.73%, 0, 0, 2, 787.77, 1787, 24190
1603576559, 0, 0, 454, 454, 1, 2.73%, 0, 0, 2, 391.31, 1787, 25750
1603576564, 0, 0, 455, 455, 1, 2.73%, 0, 0, 2, 313.89, 1787, 27162
1603576574, 0, 0, 456, 456, 1, 2.73%, 0, 0, 2, 362.56, 1787, 30807
1603576579, 0, 0, 457, 457, 1, 2.73%, 0, 0, 2, 321.57, 1787, 32374
1603576594, 0, 0, 459, 459, 1, 2.73%, 0, 0, 2, 284.86, 1787, 36742
1603576599, 0, 0, 461, 461, 1, 2.73%, 0, 0, 2, 298.52, 1787, 38243
1603576604, 0, 0, 462, 462, 1, 2.73%, 0, 0, 2, 273.78, 1787, 39641
1603576619, 0, 0, 463, 463, 1, 2.73%, 0, 0, 2, 289.78, 1787, 44169
1603576634, 0, 0, 464, 464, 1, 2.73%, 0, 0, 2, 267.29, 1787, 48197
1603576640, 0, 0, 465, 465, 1, 2.73%, 0, 0, 2, 300.52, 1787, 49770
1603576645, 0, 0, 466, 466, 1, 2.73%, 0, 0, 2, 320.30, 1787, 51472
1603576650, 0, 0, 467, 467, 1, 2.73%, 0, 0, 2, 294.24, 1787, 52906
1603576655, 0, 0, 468, 468, 1, 2.73%, 0, 0, 2, 293.08, 1787, 54419
1603576711, 0, 0, 470, 470, 1, 2.73%, 0, 0, 2, 298.00, 1787, 71375
1603576731, 0, 0, 471, 471, 1, 2.73%, 0, 0, 2, 343.35, 1787, 77834
1603576746, 0, 0, 472, 472, 1, 2.74%, 0, 0, 2, 325.53, 1795, 82810
1603576751, 0, 0, 473, 473, 1, 2.74%, 0, 0, 2, 294.92, 1797, 84309
1603576756, 0, 0, 476, 476, 1, 2.74%, 0, 0, 2, 299.07, 1798, 85873
1603576761, 0, 0, 477, 477, 1, 2.74%, 0, 0, 2, 317.98, 1798, 87500
1603576767, 0, 0, 478, 478, 1, 2.74%, 0, 0, 2, 333.77, 1798, 89230
1603576772, 0, 0, 479, 479, 1, 2.74%, 0, 0, 2, 327.72, 1798, 90900
1603576787, 0, 0, 480, 480, 1, 2.75%, 0, 0, 2, 235.42, 1804, 94702
1603576792, 0, 0, 483, 483, 1, 2.75%, 0, 0, 2, 260.06, 1804, 96059
1603576812, 0, 0, 484, 484, 1, 2.75%, 0, 0, 2, 261.16, 1804, 101452
1603576817, 0, 0, 485, 485, 1, 2.75%, 0, 0, 2, 282.49, 1804, 102915
1603576827, 0, 0, 486, 486, 1, 2.75%, 0, 0, 2, 291.19, 1804, 105808
1603576843, 0, 0, 487, 487, 1, 2.75%, 0, 0, 2, 284.46, 1804, 110316
1603576853, 0, 0, 488, 488, 1, 2.75%, 0, 0, 2, 261.50, 1804, 112939
1603576858, 0, 0, 489, 489, 1, 2.75%, 0, 0, 2, 283.30, 1804, 114437
1603576868, 0, 0, 490, 490, 1, 2.75%, 0, 0, 2, 280.26, 1804, 117005
1603576878, 0, 0, 493, 493, 1, 2.76%, 0, 0, 2, 274.40, 1806, 119874
1603576884, 0, 0, 496, 496, 1, 2.78%, 0, 0, 2, 278.49, 1825, 121343
1603576894, 0, 0, 497, 497, 1, 2.78%, 0, 0, 2, 283.13, 1825, 124166
1603576899, 0, 0, 498, 498, 1, 2.78%, 0, 0, 2, 283.30, 1825, 125604
1603576904, 0, 0, 500, 500, 1, 2.79%, 0, 0, 2, 290.15, 1828, 127085
1603576909, 0, 0, 511, 511, 1, 2.80%, 0, 0, 2, 297.91, 1837, 128648
1603576914, 0, 0, 574, 574, 1, 2.82%, 0, 0, 2, 260.63, 1848, 129922
1603576919, 0, 0, 602, 602, 1, 2.83%, 0, 0, 2, 302.58, 1852, 131466
1603576924, 0, 0, 636, 636, 1, 2.83%, 0, 0, 2, 224.12, 1852, 132514
1603576929, 0, 0, 643, 643, 1, 2.83%, 0, 0, 2, 208.98, 1852, 133558
1603576934, 0, 0, 650, 650, 1, 2.83%, 0, 0, 2, 211.11, 1852, 134606
1603576950, 0, 0, 654, 654, 1, 2.83%, 0, 0, 2, 280.30, 1852, 138647
1603576960, 0, 0, 655, 655, 1, 2.83%, 0, 0, 2, 283.68, 1852, 141560
1603576965, 0, 0, 657, 657, 1, 2.86%, 0, 0, 2, 288.83, 1874, 143016
1603576970, 0, 0, 659, 659, 1, 2.86%, 0, 0, 2, 273.58, 1874, 144432
1603576980, 0, 0, 663, 663, 1, 2.86%, 0, 0, 2, 268.02, 1874, 147194
1603576985, 0, 0, 665, 665, 1, 2.86%, 0, 0, 2, 258.18, 1874, 148520
1603576990, 0, 0, 666, 666, 1, 2.86%, 0, 0, 2, 271.52, 1874, 149958
1603576996, 0, 0, 667, 667, 1, 2.86%, 0, 0, 2, 266.32, 1874, 151281
1603577021, 0, 0, 668, 668, 1, 2.86%, 0, 0, 2, 267.05, 1876, 158214
1603577031, 0, 0, 669, 669, 1, 2.87%, 0, 0, 2, 262.97, 1880, 160902
1603577037, 0, 0, 670, 670, 1, 2.87%, 0, 0, 2, 267.24, 1880, 162275
1603577047, 0, 0, 671, 671, 1, 2.87%, 0, 0, 2, 271.09, 1882, 164933
1603577057, 0, 0, 672, 672, 1, 2.87%, 0, 0, 2, 257.13, 1884, 167626
1603577067, 0, 0, 675, 675, 1, 2.87%, 0, 0, 2, 252.20, 1884, 170175
1603577072, 0, 0, 677, 677, 1, 2.87%, 0, 0, 2, 258.54, 1884, 171491
1603577082, 0, 0, 678, 678, 1, 2.87%, 0, 0, 2, 281.76, 1884, 174279
1603577087, 0, 0, 679, 679, 1, 2.87%, 0, 0, 2, 267.41, 1884, 175617
1603577092, 0, 0, 680, 680, 1, 2.87%, 0, 0, 2, 263.49, 1884, 176980
1603577097, 0, 0, 681, 681, 1, 2.87%, 0, 0, 2, 279.74, 1884, 178383
1603577107, 0, 0, 682, 682, 1, 2.88%, 0, 0, 2, 276.04, 1885, 181126
1603577240, 0, 0, 682, 682, 1, 2.88%, 1, 0, 2, 195.23, 1885, 207853
1603578208, 0, 0, 683, 683, 1, 2.88%, 1, 0, 2, 206.35, 1888, 219750
1603578233, 0, 0, 684, 684, 1, 2.88%, 1, 0, 2, 199.03, 1890, 224867
1603578259, 0, 0, 685, 685, 1, 2.89%, 1, 0, 2, 197.73, 1894, 229852
1603578269, 0, 0, 686, 686, 1, 2.90%, 1, 0, 2, 192.05, 1900, 231780
1603578274, 0, 0, 687, 687, 1, 2.91%, 1, 0, 2, 197.66, 1906, 232817
1603578284, 0, 0, 688, 688, 1, 2.91%, 1, 0, 2, 199.34, 1908, 234806
1603578289, 0, 0, 689, 689, 1, 2.91%, 1, 0, 2, 208.87, 1908, 235850
1603578299, 0, 0, 690, 690, 1, 2.91%, 1, 0, 2, 196.15, 1910, 237830
1603578345, 0, 0, 691, 691, 1, 2.92%, 1, 0, 2, 215.51, 1915, 247114
1603578350, 0, 0, 694, 694, 1, 2.93%, 1, 0, 2, 215.55, 1917, 248198
1603578360, 0, 0, 695, 695, 1, 2.93%, 1, 0, 2, 203.20, 1917, 250274
1603578365, 0, 0, 696, 696, 1, 2.93%, 1, 0, 2, 199.13, 1917, 251300
1603578370, 0, 0, 697, 697, 1, 2.93%, 1, 0, 2, 199.57, 1917, 252304
1603578375, 0, 0, 698, 698, 1, 2.93%, 1, 0, 2, 207.12, 1917, 253374
1603578380, 0, 0, 699, 699, 1, 2.93%, 1, 0, 2, 202.48, 1917, 254410
1603578416, 0, 0, 700, 700, 1, 2.93%, 1, 0, 2, 205.86, 1917, 261602
1603578421, 0, 0, 701, 701, 1, 2.93%, 1, 0, 2, 206.83, 1921, 262646
1603578431, 0, 0, 702, 702, 1, 2.94%, 1, 0, 2, 194.47, 1924, 264656
1603578446, 0, 0, 703, 703, 1, 2.95%, 1, 0, 2, 196.79, 1933, 267634
1603578451, 0, 0, 704, 704, 1, 2.95%, 1, 0, 2, 196.99, 1933, 268611
1603578497, 0, 0, 705, 705, 1, 2.95%, 1, 0, 2, 204.56, 1933, 277930
1603578513, 0, 0, 706, 706, 1, 2.95%, 1, 0, 2, 213.05, 1933, 281054
1603578538, 0, 0, 707, 707, 1, 2.95%, 1, 0, 2, 197.65, 1933, 286086
1603578543, 0, 0, 708, 708, 1, 2.95%, 1, 0, 2, 191.98, 1933, 287093
1603578553, 0, 0, 709, 709, 1, 2.95%, 1, 0, 2, 194.21, 1936, 289069
1603578640, 0, 0, 710, 710, 1, 2.96%, 1, 0, 2, 203.36, 1938, 306150
1603578645, 0, 0, 712, 712, 1, 2.96%, 1, 0, 2, 209.48, 1939, 307198
1603578671, 0, 0, 713, 713, 1, 2.96%, 1, 0, 2, 193.32, 1941, 312213
1603578696, 0, 0, 714, 714, 1, 2.97%, 1, 0, 2, 221.10, 1948, 317502
1603578712, 0, 0, 715, 715, 1, 2.97%, 1, 0, 2, 221.08, 1948, 320738
1603578717, 0, 0, 718, 718, 1, 2.97%, 1, 0, 2, 249.76, 1949, 322026
1603578722, 0, 0, 719, 719, 1, 2.97%, 1, 0, 2, 252.53, 1949, 323297
1603578727, 0, 0, 720, 720, 1, 2.98%, 1, 0, 2, 243.88, 1952, 324510
1603578737, 0, 0, 721, 721, 1, 2.98%, 1, 0, 2, 245.15, 1955, 327078
1603578742, 0, 0, 722, 722, 1, 2.98%, 1, 0, 2, 253.11, 1955, 328351
1603578747, 0, 0, 724, 724, 1, 2.98%, 1, 0, 2, 252.23, 1955, 329622
1603578757, 0, 0, 725, 725, 1, 2.98%, 1, 0, 2, 244.13, 1955, 332090
1603578762, 0, 0, 726, 726, 1, 2.98%, 1, 0, 2, 245.34, 1955, 333358
1603578773, 0, 0, 727, 727, 1, 2.98%, 1, 0, 2, 251.16, 1955, 335966
1603578778, 0, 0, 728, 728, 1, 2.98%, 1, 0, 2, 251.17, 1955, 337224
1603578783, 0, 0, 729, 729, 1, 2.98%, 1, 0, 2, 245.35, 1955, 338494
1603578788, 0, 0, 731, 731, 1, 2.98%, 1, 0, 2, 241.06, 1955, 339710
1603578793, 0, 0, 732, 732, 1, 2.98%, 1, 0, 2, 233.51, 1955, 340910
1603578814, 0, 0, 734, 734, 1, 2.98%, 1, 0, 2, 236.11, 1955, 345862
1603578824, 0, 0, 735, 735, 1, 2.98%, 1, 0, 2, 234.99, 1956, 348178
1603578829, 0, 0, 737, 737, 1, 2.98%, 1, 0, 2, 230.59, 1956, 349370
1603578834, 0, 0, 740, 740, 1, 2.98%, 1, 0, 2, 229.15, 1956, 350550
1603578844, 0, 0, 741, 741, 1, 2.98%, 1, 0, 2, 247.69, 1956, 353090
1603578855, 0, 0, 742, 742, 1, 2.98%, 1, 0, 2, 240.71, 1956, 355542
1603578860, 0, 0, 744, 744, 1, 2.98%, 1, 0, 2, 239.58, 1956, 356754
1603578870, 0, 0, 745, 745, 1, 2.98%, 1, 0, 2, 230.43, 1956, 359138
1603578875, 0, 0, 746, 746, 1, 2.98%, 1, 0, 2, 233.72, 1956, 360318
1603578901, 0, 0, 747, 747, 1, 2.98%, 1, 0, 2, 241.90, 1956, 366354
1603578911, 0, 0, 748, 748, 1, 2.98%, 1, 0, 2, 250.27, 1956, 368909
1603578916, 0, 0, 750, 750, 1, 2.99%, 1, 0, 2, 245.27, 1957, 370130
1603578921, 0, 0, 751, 751, 1, 2.99%, 1, 0, 2, 251.18, 1957, 371433
1603578941, 0, 0, 753, 753, 1, 2.99%, 1, 0, 2, 241.46, 1957, 376478
1603578946, 0, 0, 755, 755, 1, 2.99%, 1, 0, 2, 243.11, 1960, 377702
1603578951, 0, 0, 756, 756, 1, 2.99%, 1, 0, 2, 243.16, 1960, 378926
1603578972, 0, 0, 757, 757, 1, 2.99%, 1, 0, 2, 238.43, 1960, 383846
1603578988, 0, 0, 758, 758, 1, 2.99%, 1, 0, 2, 235.66, 1960, 387554
1603578993, 0, 0, 759, 759, 1, 2.99%, 1, 0, 2, 234.97, 1961, 388758
1603579008, 0, 0, 761, 761, 1, 2.99%, 1, 0, 2, 244.08, 1961, 392446
1603579024, 0, 0, 762, 762, 1, 2.99%, 1, 0, 2, 243.32, 1961, 396242
1603579034, 0, 0, 763, 763, 1, 2.99%, 1, 0, 2, 239.44, 1961, 398690
1603579039, 0, 0, 765, 765, 1, 2.99%, 1, 0, 2, 240.59, 1961, 399942
1603579044, 0, 0, 766, 766, 1, 2.99%, 1, 0, 2, 243.01, 1962, 401198
1603579064, 0, 0, 767, 767, 1, 2.99%, 1, 0, 2, 237.76, 1962, 406058
1603579100, 0, 0, 768, 768, 1, 2.99%, 1, 0, 2, 233.72, 1962, 414538
1603579126, 0, 0, 770, 770, 1, 2.99%, 1, 0, 2, 237.29, 1962, 420526
1603579142, 0, 0, 771, 771, 1, 2.99%, 1, 0, 2, 231.34, 1962, 424114
1603579157, 0, 0, 772, 772, 1, 2.99%, 1, 0, 2, 228.36, 1962, 427534
1603579162, 0, 0, 774, 774, 1, 2.99%, 1, 0, 2, 234.79, 1962, 428746
1603579197, 0, 0, 775, 775, 1, 2.99%, 1, 0, 2, 224.56, 1962, 436786
1603579208, 0, 0, 776, 776, 1, 2.99%, 1, 0, 2, 222.59, 1962, 439030
1603579213, 0, 0, 777, 777, 1, 2.99%, 1, 0, 2, 228.11, 1962, 440182
1603579259, 0, 0, 778, 778, 1, 2.99%, 1, 0, 2, 216.66, 1962, 450534
1603579264, 0, 0, 779, 779, 1, 3.00%, 1, 0, 2, 226.42, 1963, 451714
1603579315, 0, 0, 780, 780, 1, 3.00%, 1, 0, 2, 219.58, 1965, 463030
1603579462, 0, 0, 781, 781, 1, 3.00%, 1, 0, 2, 216.38, 1967, 494728
1603579498, 0, 0, 795, 795, 1, 3.01%, 1, 0, 2, 1416.72, 1972, 504586
1603579503, 0, 0, 796, 796, 1, 3.01%, 1, 0, 2, 1092.61, 1972, 509724
1603579508, 0, 0, 798, 798, 1, 3.01%, 1, 0, 2, 959.48, 1972, 514309
1603579513, 0, 0, 799, 799, 1, 3.01%, 1, 0, 2, 902.04, 1972, 518788
1603579518, 0, 0, 801, 801, 1, 3.01%, 1, 0, 2, 528.35, 1972, 521390
1603579590, 0, 0, 802, 802, 1, 3.01%, 1, 0, 2, 311.00, 1972, 544570
1603579661, 0, 0, 803, 803, 1, 3.01%, 1, 0, 2, 304.19, 1972, 568476
1603579757, 0, 0, 804, 804, 1, 3.01%, 1, 0, 2, 305.48, 1972, 599444
1603579828, 0, 0, 805, 805, 1, 3.01%, 1, 0, 2, 308.25, 1972, 620992
1603579839, 0, 0, 808, 808, 1, 3.01%, 1, 0, 2, 337.35, 1972, 624376
1603579844, 0, 0, 810, 810, 1, 3.01%, 1, 0, 2, 362.23, 1972, 626283
1603579849, 0, 0, 811, 811, 1, 3.01%, 1, 0, 2, 268.61, 1972, 627530
1603579859, 0, 0, 812, 812, 1, 3.01%, 1, 0, 2, 259.86, 1972, 630023
1603579874, 0, 0, 812, 812, 1, 3.01%, 2, 0, 2, 319.49, 1972, 634578
1603579895, 0, 0, 813, 813, 1, 3.01%, 2, 0, 2, 304.38, 1972, 640898
1603580113, 0, 0, 814, 814, 1, 3.01%, 2, 0, 2, 196.47, 1972, 695932
1603580143, 0, 0, 814, 814, 1, 3.01%, 3, 0, 2, 193.96, 1972, 702103
1603580382, 0, 0, 815, 815, 1, 3.01%, 3, 0, 2, 210.48, 1972, 750130
1603580632, 0, 0, 816, 816, 1, 3.01%, 3, 0, 2, 199.20, 1972, 800117
1603580799, 0, 0, 817, 817, 1, 3.01%, 3, 0, 2, 249.38, 1972, 839238
1603580840, 0, 0, 818, 818, 1, 3.01%, 3, 0, 2, 243.00, 1972, 848986
1603580897, 0, 0, 819, 819, 1, 3.01%, 3, 0, 2, 255.48, 1972, 862649
1603580907, 0, 0, 820, 820, 1, 3.01%, 3, 0, 2, 243.56, 1973, 865182
1603581061, 0, 0, 821, 821, 1, 3.01%, 3, 0, 2, 228.56, 1973, 901462
1603581107, 0, 0, 822, 822, 1, 3.01%, 3, 0, 2, 223.41, 1973, 911778
1603581173, 0, 0, 823, 823, 1, 3.01%, 3, 0, 2, 227.79, 1973, 926622
1603581224, 0, 0, 824, 824, 1, 3.01%, 3, 0, 2, 226.75, 1973, 937946
1603581493, 0, 0, 831, 831, 1, 3.02%, 3, 0, 2, 1554.13, 1980, 997434
1603581498, 0, 0, 832, 832, 1, 3.02%, 3, 0, 2, 1205.54, 1980, 1003053
1603581503, 0, 0, 834, 834, 1, 3.02%, 3, 0, 2, 1045.53, 1980, 1008115
1603581559, 0, 0, 836, 836, 1, 3.02%, 3, 0, 2, 376.66, 1980, 1033912
1603581620, 0, 0, 837, 837, 1, 3.02%, 3, 0, 2, 390.38, 1980, 1058371
1603581630, 0, 0, 838, 838, 1, 3.02%, 3, 0, 2, 363.21, 1980, 1062040
1603581787, 0, 0, 839, 839, 1, 3.02%, 3, 0, 2, 373.60, 1980, 1117880
1603581797, 0, 0, 840, 840, 1, 3.02%, 3, 0, 2, 280.85, 1980, 1121143
1603581802, 0, 0, 841, 841, 1, 3.02%, 3, 0, 2, 243.31, 1980, 1122329
1603582649, 0, 0, 842, 842, 1, 3.02%, 3, 0, 2, 272.15, 1980, 1310759
1603582665, 0, 0, 843, 843, 1, 3.02%, 3, 0, 2, 268.87, 1980, 1314872
1603582710, 0, 0, 844, 844, 1, 3.02%, 3, 0, 2, 259.81, 1980, 1326945
1603582741, 0, 0, 845, 845, 1, 3.02%, 3, 0, 2, 243.09, 1980, 1334581
1603582869, 0, 0, 846, 846, 1, 3.02%, 3, 0, 2, 250.34, 1980, 1366721
1603582920, 0, 0, 847, 847, 1, 3.02%, 3, 0, 2, 246.09, 1980, 1379285
1603583084, 0, 0, 848, 848, 1, 3.02%, 3, 0, 2, 239.21, 1980, 1418237
1603583171, 0, 0, 849, 849, 1, 3.02%, 3, 0, 2, 231.57, 1980, 1438485
1603583364, 0, 0, 850, 850, 1, 3.02%, 3, 0, 2, 219.37, 1980, 1481277
1603583436, 0, 0, 851, 851, 1, 3.02%, 3, 0, 2, 340.24, 1980, 1506422
1603583624, 0, 0, 852, 852, 1, 3.02%, 4, 0, 2, 1225.80, 1980, 1552030
1603583838, 0, 0, 854, 854, 1, 3.02%, 5, 0, 2, 253.65, 1980, 1611589
1603583858, 0, 0, 855, 855, 1, 3.07%, 5, 0, 2, 465.90, 2013, 1624206
1603584021, 0, 0, 856, 856, 1, 3.07%, 5, 0, 2, 236.28, 2013, 1667213
1603584026, 0, 0, 857, 857, 1, 3.07%, 5, 0, 2, 234.61, 2013, 1668425
1603584052, 0, 0, 862, 862, 1, 3.07%, 5, 0, 2, 171.33, 2014, 1674737
1603584057, 0, 0, 864, 864, 1, 3.07%, 5, 0, 2, 228.47, 2014, 1676110
1603584062, 0, 0, 866, 866, 1, 3.07%, 5, 0, 2, 246.89, 2015, 1677398
1603584067, 0, 0, 869, 869, 1, 3.10%, 5, 0, 2, 280.93, 2030, 1678822
1603584072, 0, 0, 878, 878, 1, 3.10%, 5, 0, 2, 1139.46, 2032, 1685920
1603584077, 0, 0, 879, 879, 1, 3.10%, 5, 0, 2, 1272.65, 2032, 1692497
1603584098, 0, 0, 880, 880, 1, 3.10%, 5, 0, 2, 1219.82, 2032, 1715450
1603584133, 0, 0, 881, 881, 1, 3.10%, 5, 0, 2, 873.74, 2032, 1752286
1603584154, 0, 0, 882, 882, 1, 3.10%, 5, 0, 2, 863.55, 2032, 1771895
1603584281, 0, 0, 883, 883, 1, 3.10%, 5, 0, 2, 499.18, 2032, 1842054
1603585931, 0, 0, 884, 884, 1, 3.10%, 5, 0, 2, 367.27, 2033, 2492593
1603586027, 0, 0, 886, 886, 1, 3.10%, 5, 0, 2, 404.32, 2033, 2528602
1603586032, 0, 0, 887, 887, 1, 3.10%, 5, 0, 2, 407.04, 2033, 2530714
1603586047, 0, 0, 888, 888, 1, 3.10%, 5, 0, 2, 409.64, 2033, 2537002
1603586063, 0, 0, 889, 889, 1, 3.10%, 5, 0, 2, 385.41, 2033, 2542816
1603586108, 0, 0, 890, 890, 1, 3.10%, 5, 0, 2, 242.21, 2033, 2554554
1603586266, 0, 0, 891, 891, 1, 3.10%, 5, 0, 2, 395.25, 2033, 2605994
1603586317, 0, 0, 892, 892, 1, 3.10%, 5, 0, 2, 357.98, 2033, 2624208
1603586398, 0, 0, 893, 893, 1, 3.10%, 5, 0, 2, 317.73, 2033, 2650048
1603586550, 0, 0, 894, 894, 1, 3.10%, 5, 0, 2, 327.18, 2033, 2698374
1603586738, 0, 0, 895, 895, 1, 3.10%, 5, 0, 2, 287.59, 2033, 2757395
1603588009, 0, 0, 895, 895, 1, 3.10%, 6, 0, 2, 194.77, 2033, 3065078
1603588818, 0, 0, 896, 896, 1, 3.10%, 6, 0, 2, 177.08, 2033, 3227032
1603589729, 0, 0, 897, 897, 1, 3.10%, 6, 0, 2, 221.42, 2033, 3411138
1603590047, 0, 0, 898, 898, 1, 3.10%, 6, 0, 2, 223.14, 2033, 3475094
1603592015, 0, 0, 899, 899, 1, 3.10%, 6, 0, 2, 269.50, 2033, 3878037
1603592463, 0, 0, 900, 900, 1, 3.10%, 6, 0, 2, 257.54, 2033, 3998730
1603593009, 0, 0, 901, 901, 1, 3.10%, 6, 0, 2, 247.43, 2033, 4137550
1603593380, 0, 0, 902, 902, 1, 3.10%, 6, 0, 2, 253.41, 2033, 4233401
1603594338, 0, 0, 903, 903, 1, 3.10%, 6, 0, 2, 243.37, 2033, 4467486
1603594700, 0, 0, 904, 904, 1, 3.10%, 6, 0, 2, 238.59, 2033, 4553050
1603594726, 0, 0, 905, 905, 1, 3.10%, 6, 0, 2, 233.04, 2033, 4559102
1603594838, 0, 0, 906, 906, 1, 3.10%, 6, 0, 2, 228.45, 2033, 4585342
1603597161, 0, 0, 907, 907, 1, 3.10%, 6, 0, 2, 1284.21, 2033, 5121248
1603599229, 0, 0, 908, 908, 1, 3.10%, 6, 0, 2, 673.99, 2033, 5718245
1603599421, 0, 0, 910, 910, 1, 3.10%, 6, 0, 2, 409.76, 2033, 5812913
1603600567, 0, 0, 912, 912, 1, 3.10%, 6, 0, 2, 1303.76, 2033, 6113064
1603600592, 0, 0, 913, 913, 1, 3.10%, 6, 0, 2, 1106.95, 2033, 6143971
1603600613, 0, 0, 914, 914, 1, 3.10%, 6, 0, 2, 958.48, 2033, 6164162
1603600654, 0, 0, 915, 915, 1, 3.10%, 6, 0, 2, 776.87, 2033, 6196383
1603601212, 0, 0, 916, 916, 1, 3.10%, 6, 0, 2, 450.18, 2033, 6509931
1603601258, 0, 0, 917, 917, 1, 3.10%, 6, 0, 2, 470.52, 2033, 6530977
1603601278, 0, 0, 918, 918, 1, 3.10%, 6, 0, 2, 349.71, 2033, 6538713
1603601288, 0, 0, 919, 919, 1, 3.10%, 6, 0, 2, 361.20, 2033, 6542268
1603601304, 0, 0, 920, 920, 1, 3.10%, 6, 0, 2, 405.20, 2033, 6548035
1603603387, 0, 0, 921, 921, 1, 3.10%, 6, 0, 2, 290.70, 2033, 7166161
1603604101, 0, 0, 922, 922, 1, 3.10%, 6, 0, 2, 276.39, 2033, 7371574
1603605717, 0, 0, 923, 923, 1, 3.10%, 6, 0, 2, 241.11, 2033, 7779891
1603605865, 0, 0, 926, 926, 1, 3.10%, 9, 0, 2, 555.58, 2033, 7817267
1603605870, 0, 0, 934, 934, 1, 3.12%, 9, 0, 2, 1312.17, 2046, 7824913
1603605896, 0, 0, 935, 935, 1, 3.12%, 9, 0, 2, 1248.18, 2046, 7859619
1603605937, 0, 0, 936, 936, 1, 3.13%, 9, 0, 2, 981.42, 2049, 7903131
1603605993, 0, 0, 937, 937, 1, 3.13%, 9, 0, 2, 862.15, 2049, 7951131
1603606872, 0, 0, 938, 938, 1, 3.13%, 9, 0, 2, 451.56, 2050, 8455725
1603606948, 0, 0, 939, 939, 1, 3.13%, 9, 0, 2, 459.35, 2050, 8490221
1603606953, 0, 0, 940, 940, 1, 3.13%, 9, 0, 2, 452.78, 2050, 8492515
1603606994, 0, 0, 941, 941, 1, 3.13%, 9, 0, 2, 411.18, 2050, 8509677
1603607228, 0, 0, 942, 942, 1, 3.13%, 9, 0, 2, 396.32, 2050, 8606925
1603607665, 0, 0, 943, 943, 1, 3.13%, 9, 0, 2, 388.68, 2050, 8778181
1603608047, 0, 0, 943, 943, 1, 3.13%, 10, 0, 2, 327.88, 2050, 8911969
1603610598, 0, 0, 944, 944, 1, 3.13%, 10, 0, 2, 279.25, 2050, 9695546
1603610633, 0, 0, 945, 945, 1, 3.13%, 10, 0, 2, 278.37, 2050, 9705549
1603610942, 0, 0, 946, 946, 1, 3.13%, 10, 0, 2, 276.97, 2050, 9792482
1603611151, 0, 0, 947, 947, 1, 3.13%, 10, 0, 2, 266.61, 2050, 9850025
1603611566, 0, 0, 948, 948, 1, 3.13%, 10, 0, 2, 258.01, 2050, 9959268
1603611729, 0, 0, 949, 949, 1, 3.13%, 10, 0, 2, 254.24, 2050, 10001996
1603612416, 0, 0, 950, 950, 1, 3.13%, 10, 0, 2, 251.62, 2050, 10174619
1603613627, 0, 0, 951, 951, 1, 3.13%, 10, 0, 2, 229.29, 2050, 10466941
1603613878, 0, 0, 952, 952, 1, 3.13%, 10, 0, 2, 219.41, 2052, 10525157
1603613883, 0, 0, 953, 953, 1, 3.13%, 10, 0, 2, 186.50, 2053, 10527532
1603613888, 0, 0, 959, 959, 1, 3.14%, 10, 0, 2, 522.50, 2060, 10530237
1603613893, 0, 0, 965, 965, 1, 3.15%, 10, 0, 2, 1285.25, 2064, 10537990
1603613924, 0, 0, 967, 967, 1, 3.15%, 10, 0, 2, 1187.09, 2064, 10578143
1603613934, 0, 0, 968, 968, 1, 3.15%, 10, 0, 2, 1123.16, 2064, 10589673
1603613939, 0, 0, 969, 969, 1, 3.15%, 10, 0, 2, 1105.74, 2064, 10595291
1603613960, 0, 0, 970, 970, 1, 3.15%, 10, 0, 2, 981.19, 2064, 10615864
1603613980, 0, 0, 971, 971, 1, 3.15%, 10, 0, 2, 926.89, 2064, 10635159
1603614041, 0, 0, 972, 972, 1, 3.15%, 10, 0, 2, 792.05, 2064, 10676006
1603614046, 0, 0, 973, 973, 1, 3.15%, 10, 0, 2, 812.10, 2064, 10680101
1603614123, 0, 0, 974, 974, 1, 3.15%, 10, 0, 2, 684.04, 2064, 10732904
1603614184, 0, 0, 975, 975, 1, 3.15%, 10, 0, 2, 622.75, 2064, 10772525
1603614189, 0, 0, 976, 976, 1, 3.15%, 10, 0, 2, 631.21, 2064, 10775773
1603615186, 0, 0, 977, 977, 1, 3.15%, 10, 0, 2, 407.72, 2064, 11279501
1603615222, 0, 0, 978, 978, 1, 3.15%, 10, 0, 2, 435.13, 2064, 11294757
1603615530, 0, 0, 979, 979, 1, 3.15%, 10, 0, 2, 386.29, 2064, 11414351
1603615647, 0, 0, 980, 980, 1, 3.15%, 10, 0, 2, 374.74, 2064, 11458200
1603620517, 0, 0, 981, 981, 1, 3.15%, 10, 0, 2, 264.61, 2064, 12709518
1603621701, 0, 0, 982, 982, 1, 3.15%, 10, 0, 2, 241.08, 2064, 13015801
1603624203, 0, 6, 985, 982, 120, 3.16%, 10, 0, 3, 2752.83, 2068, 13615475
1603624814, 0, 6, 986, 983, 120, 3.16%, 10, 0, 3, 2415.57, 2071, 15097404
1603624844, 0, 13, 986, 982, 120, 3.16%, 10, 0, 3, 2356.41, 2071, 15169561
1603625478, 0, 14, 986, 981, 119, 3.16%, 10, 0, 3, 2413.81, 2071, 16724652
1603626133, 0, 15, 986, 980, 118, 3.16%, 10, 0, 3, 2398.54, 2071, 18291129
1603626762, 0, 16, 986, 979, 117, 3.16%, 10, 0, 3, 2389.05, 2071, 19834198
1603627424, 0, 24, 992, 984, 116, 3.16%, 10, 0, 3, 276.13, 2073, 21397079
1603628141, 0, 24, 992, 984, 116, 3.16%, 11, 0, 3, 183.92, 2073, 21596451
1603629544, 0, 24, 993, 985, 116, 3.16%, 11, 0, 3, 240.59, 2073, 21889954
1603631586, 0, 24, 994, 986, 116, 3.16%, 11, 0, 3, 1275.87, 2073, 22388928
1603633941, 0, 24, 995, 987, 116, 3.16%, 11, 0, 3, 469.46, 2073, 23011084
1603634140, 0, 24, 996, 988, 116, 3.16%, 11, 0, 3, 261.69, 2073, 23063721
1603638147, 0, 24, 996, 988, 116, 3.16%, 12, 0, 3, 190.35, 2073, 24452646
1603656340, 0, 24, 997, 989, 116, 3.16%, 12, 0, 3, 1146.51, 2073, 29209174
