# unix_time, cycles_done, cur_path, paths_total, pending_total, pending_favs, map_size, unique_crashes, unique_hangs, max_depth, execs_per_sec, edge_coverage, total_execs
1606831063, 0, 0, 1, 1, 1, 0.58%, 0, 0, 1, 11.30, 377, 8
1606831068, 0, 0, 225, 225, 1, 4.34%, 0, 0, 2, 1105.57, 2844, 4753
1606831073, 0, 21, 478, 477, 86, 5.07%, 0, 0, 3, 1872.72, 3321, 14995
1606831078, 0, 40, 561, 558, 110, 5.15%, 0, 0, 3, 196.62, 3378, 22661
1606831083, 0, 40, 582, 579, 110, 5.17%, 0, 0, 3, 404.46, 3391, 23452
1606831088, 0, 40, 590, 587, 110, 5.20%, 0, 0, 3, 289.32, 3411, 24597
1606831093, 0, 105, 599, 593, 117, 5.23%, 0, 0, 3, 2027.84, 3429, 33605
1606831099, 0, 195, 645, 634, 118, 5.34%, 0, 0, 3, 2086.31, 3498, 44578
1606831104, 0, 232, 705, 689, 117, 5.37%, 0, 0, 3, 2130.11, 3518, 55356
1606831109, 0, 242, 744, 725, 116, 5.44%, 0, 0, 3, 2163.78, 3562, 66714
1606831114, 0, 257, 761, 739, 116, 5.45%, 0, 0, 3, 2080.88, 3571, 76938
1606831119, 0, 283, 791, 768, 117, 5.52%, 0, 0, 3, 2132.25, 3615, 87638
1606831124, 0, 304, 815, 788, 121, 5.55%, 0, 0, 3, 2127.65, 3634, 98747
1606831129, 0, 321, 857, 828, 125, 5.57%, 0, 0, 3, 1948.98, 3648, 108543
1606831134, 0, 337, 863, 831, 122, 5.57%, 0, 0, 3, 1853.78, 3648, 117844
1606831139, 0, 347, 867, 833, 123, 5.57%, 0, 0, 3, 2021.29, 3653, 128015
1606831145, 0, 351, 885, 849, 123, 5.58%, 0, 0, 3, 2138.99, 3655, 138849
1606831150, 0, 369, 893, 854, 124, 5.59%, 0, 0, 3, 1997.24, 3665, 149039
1606831155, 0, 371, 903, 862, 123, 5.62%, 0, 0, 3, 2068.57, 3682, 159741
1606831160, 0, 391, 911, 867, 121, 5.62%, 0, 0, 3, 1973.79, 3684, 169771
1606831165, 0, 405, 918, 873, 121, 5.62%, 0, 0, 3, 1932.64, 3686, 179106
1606831170, 0, 418, 933, 885, 120, 5.65%, 0, 0, 4, 2020.14, 3704, 189663
1606831175, 0, 420, 946, 897, 125, 5.66%, 0, 0, 4, 350.78, 3708, 192703
1606831180, 0, 426, 951, 899, 125, 5.72%, 0, 0, 4, 1666.44, 3748, 201720
1606831186, 0, 432, 967, 912, 125, 5.72%, 0, 0, 4, 2087.19, 3750, 213140
1606831191, 0, 456, 998, 938, 128, 5.82%, 0, 0, 4, 2211.26, 3811, 224749
1606831196, 0, 468, 1016, 954, 129, 5.82%, 0, 0, 4, 2130.03, 3816, 235852
1606831201, 0, 477, 1023, 959, 129, 5.83%, 0, 0, 4, 1892.14, 3818, 245012
1606831206, 0, 493, 1024, 956, 125, 5.83%, 0, 0, 4, 2109.43, 3818, 255664
1606831211, 0, 524, 1031, 957, 122, 5.83%, 0, 0, 4, 2046.22, 3823, 266101
1606831216, 0, 537, 1039, 962, 121, 5.88%, 0, 0, 4, 2110.00, 3856, 277334
1606831221, 0, 547, 1043, 963, 119, 5.89%, 0, 0, 4, 2077.07, 3858, 287889
1606831226, 0, 548, 1047, 966, 119, 5.89%, 0, 0, 4, 23.79, 3860, 290756
