# unix_time, cycles_done, cur_path, paths_total, pending_total, pending_favs, map_size, unique_crashes, unique_hangs, max_depth, execs_per_sec, edge_coverage, total_execs
1606821850, 0, 0, 2, 2, 2, 9.39%, 0, 0, 1, 51.28, 6156, 16
1606821855, 0, 0, 15, 15, 2, 9.52%, 0, 0, 2, 25.33, 6237, 420
1606821860, 0, 0, 30, 30, 2, 10.15%, 0, 0, 2, 21.30, 6651, 632
1606821865, 0, 0, 42, 42, 2, 10.15%, 0, 0, 2, 22.05, 6655, 746
1606821871, 0, 0, 54, 54, 2, 10.24%, 0, 0, 2, 21.36, 6712, 852
1606821876, 0, 0, 67, 67, 2, 10.25%, 0, 0, 2, 22.23, 6720, 967
1606821881, 0, 0, 79, 79, 2, 10.25%, 0, 0, 2, 21.81, 6720, 1078
1606821886, 0, 0, 91, 91, 2, 10.25%, 0, 0, 2, 21.96, 6720, 1193
1606821891, 0, 0, 102, 102, 2, 10.25%, 0, 0, 2, 21.82, 6720, 1303
1606821896, 0, 0, 113, 113, 2, 10.25%, 0, 0, 2, 21.77, 6720, 1415
1606821901, 0, 0, 122, 122, 2, 10.25%, 0, 0, 2, 21.95, 6720, 1525
1606821906, 0, 0, 133, 133, 2, 10.26%, 0, 0, 2, 21.11, 6724, 1633
1606821911, 0, 0, 141, 141, 2, 10.26%, 0, 0, 2, 21.38, 6724, 1742
1606821917, 0, 0, 144, 144, 2, 10.26%, 0, 0, 2, 22.04, 6724, 1857
1606821927, 0, 0, 154, 154, 2, 10.28%, 0, 0, 2, 20.41, 6734, 2175
1606821932, 0, 0, 163, 163, 2, 10.28%, 0, 0, 2, 20.86, 6735, 2283
1606821937, 0, 0, 165, 165, 2, 10.28%, 0, 0, 2, 21.44, 6735, 2395
1606821958, 0, 0, 238, 238, 2, 10.49%, 0, 0, 2, 111.11, 6877, 3908
1606821963, 0, 0, 255, 255, 2, 10.50%, 0, 0, 2, 31.86, 6882, 4101
1606821968, 0, 0, 266, 266, 2, 10.50%, 0, 0, 2, 26.86, 6882, 4228
1606821973, 0, 0, 291, 291, 2, 10.51%, 0, 0, 2, 25.76, 6885, 4811
1606821978, 0, 0, 310, 310, 2, 10.57%, 0, 0, 2, 34.82, 6928, 5117
1606821983, 0, 0, 319, 319, 2, 10.57%, 0, 0, 2, 26.96, 6928, 5239
1606821988, 0, 0, 329, 329, 2, 10.57%, 0, 0, 2, 23.21, 6928, 5356
1606821993, 0, 0, 339, 339, 2, 10.57%, 0, 0, 2, 22.19, 6930, 5464
1606821998, 0, 0, 348, 348, 2, 10.57%, 0, 0, 2, 21.14, 6930, 5569
1606822004, 0, 0, 359, 359, 2, 10.58%, 0, 0, 2, 25.89, 6934, 5707
1606822009, 0, 0, 369, 369, 2, 10.58%, 0, 0, 2, 22.34, 6934, 5818
1606822014, 0, 0, 380, 380, 2, 10.58%, 0, 0, 2, 25.94, 6935, 5964
1606822019, 0, 0, 387, 387, 2, 10.59%, 0, 0, 2, 25.35, 6937, 6092
1606822024, 0, 0, 396, 396, 2, 10.59%, 0, 0, 2, 28.74, 6937, 6236
1606822029, 0, 0, 401, 401, 2, 10.59%, 0, 0, 2, 28.37, 6937, 6392
1606822034, 0, 0, 409, 409, 2, 10.59%, 0, 0, 2, 23.91, 6937, 6513
1606822039, 0, 0, 417, 417, 2, 10.59%, 0, 0, 2, 25.38, 6938, 6640
1606822044, 0, 0, 425, 425, 2, 10.59%, 0, 0, 2, 26.35, 6938, 6781
1606822050, 0, 0, 434, 434, 2, 10.59%, 0, 0, 2, 22.74, 6938, 6893
1606822055, 0, 0, 443, 443, 2, 10.59%, 0, 0, 2, 23.05, 6938, 7011
1606822060, 0, 0, 448, 448, 2, 10.61%, 0, 0, 2, 22.26, 6952, 7216
1606822065, 0, 0, 458, 458, 2, 10.62%, 0, 0, 2, 20.77, 6957, 7382
1606822070, 0, 0, 463, 463, 2, 10.62%, 0, 0, 2, 21.02, 6957, 7490
1606822075, 0, 0, 469, 469, 2, 10.62%, 0, 0, 2, 21.33, 6957, 7601
1606822080, 0, 0, 472, 472, 2, 10.62%, 0, 0, 2, 21.24, 6957, 7709
1606822085, 0, 0, 473, 473, 2, 10.62%, 0, 0, 2, 21.70, 6957, 7821
1606822096, 0, 0, 475, 475, 2, 10.62%, 0, 0, 2, 21.07, 6957, 8087
1606822121, 0, 0, 494, 494, 2, 10.67%, 0, 0, 2, 27.40, 6994, 9331
1606822126, 0, 0, 502, 502, 2, 10.68%, 0, 0, 2, 14.76, 6996, 9931
1606822132, 0, 0, 507, 507, 2, 10.68%, 0, 0, 2, 24.03, 6996, 10071
1606822137, 0, 0, 511, 511, 2, 10.68%, 0, 0, 2, 22.31, 6997, 10177
1606822142, 0, 0, 515, 515, 2, 10.68%, 0, 0, 2, 27.00, 6997, 10319
1606822147, 0, 0, 518, 518, 2, 10.68%, 0, 0, 2, 29.30, 6997, 10475
1606822152, 0, 0, 524, 524, 2, 10.68%, 0, 0, 2, 40.58, 6997, 10686
1606822157, 0, 0, 528, 528, 2, 10.68%, 0, 0, 2, 28.07, 6997, 10811
1606822162, 0, 0, 533, 533, 2, 10.68%, 0, 0, 2, 27.12, 6997, 10950
1606822167, 0, 0, 538, 538, 2, 10.68%, 0, 0, 2, 26.04, 6997, 11083
1606822172, 0, 0, 545, 545, 2, 10.70%, 0, 0, 2, 23.49, 7014, 11283
1606822178, 0, 0, 547, 547, 2, 10.70%, 0, 0, 2, 22.69, 7014, 11439
1606822183, 0, 0, 551, 551, 2, 10.70%, 0, 0, 2, 23.69, 7014, 11562
1606822188, 0, 0, 557, 557, 2, 10.70%, 0, 0, 2, 22.64, 7014, 11675
1606822193, 0, 0, 558, 558, 2, 10.70%, 0, 0, 2, 19.61, 7014, 11772
1606822198, 0, 0, 559, 559, 2, 10.70%, 0, 0, 2, 21.39, 7014, 11883
1606822208, 0, 0, 561, 561, 2, 10.70%, 0, 0, 2, 20.58, 7014, 12152
1606822229, 0, 0, 570, 570, 2, 10.72%, 0, 0, 2, 21.68, 7023, 13224
1606822234, 0, 0, 580, 580, 2, 10.72%, 0, 0, 2, 23.83, 7024, 13938
1606822239, 0, 0, 586, 586, 2, 10.72%, 0, 0, 2, 25.07, 7024, 14070
1606822245, 0, 0, 591, 591, 2, 10.72%, 0, 0, 2, 28.85, 7024, 14210
1606822250, 0, 0, 594, 594, 2, 10.72%, 0, 0, 2, 31.26, 7024, 14371
1606822260, 0, 0, 602, 602, 2, 10.72%, 0, 0, 2, 29.23, 7024, 14750
1606822265, 0, 0, 610, 610, 2, 10.72%, 0, 0, 2, 28.13, 7024, 14896
1606822270, 0, 0, 615, 615, 2, 10.72%, 0, 0, 2, 29.82, 7024, 15041
1606822275, 0, 0, 621, 621, 2, 10.72%, 0, 0, 2, 32.37, 7024, 15465
1606822280, 0, 0, 625, 625, 2, 10.72%, 0, 0, 2, 200.00, 7024, 15657
1606822285, 0, 0, 634, 634, 2, 10.72%, 0, 0, 2, 30.41, 7024, 16017
1606822290, 0, 0, 641, 641, 2, 10.72%, 0, 0, 2, 79.04, 7024, 16417
1606822296, 0, 0, 652, 652, 2, 10.72%, 0, 0, 2, 42.63, 7024, 16584
1606822301, 0, 0, 655, 655, 2, 10.73%, 0, 0, 2, 24.39, 7030, 16824
1606822306, 0, 0, 656, 656, 2, 10.73%, 0, 0, 2, 22.44, 7030, 17050
1606822342, 0, 0, 659, 659, 2, 10.73%, 0, 0, 2, 19.15, 7030, 18109
1606822347, 0, 0, 660, 660, 2, 10.73%, 0, 0, 2, 19.82, 7030, 18211
1606822352, 0, 0, 662, 662, 2, 10.73%, 0, 0, 2, 20.30, 7030, 18316
1606822357, 0, 0, 664, 664, 2, 10.73%, 0, 0, 2, 20.16, 7030, 18419
1606822362, 0, 0, 665, 665, 2, 10.73%, 0, 0, 2, 20.16, 7030, 18522
1606822398, 0, 0, 667, 667, 2, 10.73%, 0, 0, 2, 19.95, 7030, 19260
1606822418, 0, 0, 669, 669, 2, 10.73%, 0, 0, 2, 19.90, 7030, 19686
1606822439, 0, 0, 670, 670, 2, 10.73%, 0, 0, 2, 20.47, 7030, 20114
1606822444, 0, 0, 671, 671, 2, 10.73%, 0, 0, 2, 20.62, 7030, 20219
1606822515, 0, 0, 674, 674, 2, 10.73%, 0, 0, 2, 21.52, 7030, 22066
1606822679, 0, 0, 692, 692, 2, 10.75%, 0, 0, 2, 41.96, 7043, 27991
1606822684, 0, 0, 705, 705, 2, 10.75%, 0, 0, 2, 20.10, 7045, 29709
1606822689, 0, 0, 715, 715, 2, 10.75%, 0, 0, 2, 23.37, 7045, 29838
1606822694, 0, 0, 722, 722, 2, 10.75%, 0, 0, 2, 49.77, 7045, 30260
1606822699, 0, 0, 728, 728, 2, 10.75%, 0, 0, 2, 36.38, 7045, 30433
1606822704, 0, 0, 733, 733, 2, 10.75%, 0, 0, 2, 34.31, 7045, 30610
1606822709, 0, 0, 740, 740, 2, 10.75%, 0, 0, 2, 21.05, 7045, 33298
1606822714, 0, 0, 747, 747, 2, 10.75%, 0, 0, 2, 57.40, 7045, 33626
1606822719, 0, 0, 748, 748, 2, 10.75%, 0, 0, 2, 40.39, 7045, 34337
1606822725, 0, 0, 753, 753, 2, 10.75%, 0, 0, 2, 32.18, 7045, 34494
1606822730, 0, 0, 757, 757, 2, 10.75%, 0, 0, 2, 30.30, 7045, 34650
1606822735, 0, 0, 758, 758, 2, 10.75%, 0, 0, 2, 34.38, 7045, 34821
1606822740, 0, 0, 759, 759, 2, 10.75%, 0, 0, 2, 27.85, 7045, 34955
1606822745, 0, 0, 761, 761, 2, 10.75%, 0, 0, 2, 28.41, 7045, 35106
1606822750, 0, 0, 763, 763, 2, 10.75%, 0, 0, 2, 24.45, 7045, 35224
1606822755, 0, 0, 764, 764, 2, 10.75%, 0, 0, 2, 22.62, 7045, 35338
1606822761, 0, 0, 765, 765, 2, 10.75%, 0, 0, 2, 23.62, 7045, 35476
1606822771, 0, 0, 766, 766, 2, 10.75%, 0, 0, 2, 27.36, 7045, 35728
1606822776, 0, 0, 768, 768, 2, 10.75%, 0, 0, 2, 36.65, 7045, 35920
1606822781, 0, 0, 771, 771, 2, 10.75%, 0, 0, 2, 40.06, 7045, 36113
1606822786, 0, 0, 776, 776, 2, 10.75%, 0, 0, 2, 29.08, 7045, 36242
1606822796, 0, 0, 778, 778, 2, 10.75%, 0, 0, 2, 39.51, 7045, 36656
1606822817, 0, 0, 782, 782, 2, 10.75%, 0, 0, 2, 52.47, 7045, 37628
1606822822, 0, 0, 786, 786, 2, 10.75%, 0, 0, 2, 40.97, 7045, 37829
1606822853, 0, 0, 787, 787, 2, 10.75%, 0, 0, 2, 32.84, 7045, 39086
1606822858, 0, 0, 789, 789, 2, 10.75%, 0, 0, 2, 28.80, 7045, 39232
1606822863, 0, 0, 793, 793, 2, 10.75%, 0, 0, 2, 25.89, 7045, 39355
1606822868, 0, 0, 795, 795, 2, 10.75%, 0, 0, 2, 168.30, 7045, 39591
1606822873, 0, 0, 799, 799, 2, 10.75%, 0, 0, 2, 20.40, 7045, 39804
1606822878, 0, 0, 800, 800, 2, 10.75%, 0, 0, 2, 26.84, 7045, 39999
1606822884, 0, 0, 801, 801, 2, 10.75%, 0, 0, 2, 27.68, 7045, 40172
1606822889, 0, 0, 802, 802, 2, 10.75%, 0, 0, 2, 30.26, 7045, 40328
1606822899, 0, 0, 803, 803, 2, 10.75%, 0, 0, 2, 43.96, 7045, 40679
1606822904, 0, 0, 805, 805, 2, 10.75%, 0, 0, 2, 36.65, 7047, 41009
1606822941, 0, 0, 807, 807, 2, 10.75%, 0, 0, 2, 2250.25, 7047, 55240
1606822951, 0, 0, 808, 808, 2, 10.75%, 0, 0, 2, 25.77, 7047, 56346
1606822956, 0, 0, 811, 811, 2, 10.75%, 0, 0, 2, 35.57, 7047, 56526
1606822961, 0, 0, 812, 812, 2, 10.75%, 0, 0, 2, 40.44, 7047, 56731
1606822966, 0, 0, 816, 816, 2, 10.75%, 0, 0, 2, 32.84, 7047, 56902
1606822971, 0, 0, 819, 819, 2, 10.75%, 0, 0, 2, 57.27, 7047, 57162
1606822977, 0, 0, 821, 821, 2, 10.75%, 0, 0, 2, 22.76, 7048, 57410
1606822982, 0, 0, 823, 823, 2, 10.76%, 0, 0, 2, 383.69, 7050, 67647
1606822992, 0, 0, 824, 824, 2, 10.76%, 0, 0, 2, 24.94, 7050, 67931
1606823002, 0, 0, 827, 827, 2, 10.76%, 0, 0, 2, 22.02, 7050, 68184
1606823012, 0, 0, 832, 832, 2, 10.76%, 0, 0, 2, 25.48, 7051, 68954
1606823017, 0, 0, 835, 835, 2, 10.76%, 0, 0, 2, 29.28, 7051, 69103
1606823023, 0, 0, 836, 836, 2, 10.76%, 0, 0, 2, 46.57, 7051, 69377
1606823028, 0, 0, 838, 838, 2, 10.76%, 0, 0, 2, 37.09, 7051, 69549
1606823043, 0, 0, 840, 840, 2, 10.76%, 0, 0, 2, 27.30, 7053, 70139
1606823048, 0, 0, 843, 843, 2, 10.76%, 0, 0, 2, 62.81, 7053, 70497
1606823053, 0, 0, 846, 846, 2, 10.76%, 0, 0, 2, 68.12, 7053, 70834
1606823058, 0, 0, 847, 847, 2, 10.76%, 0, 0, 2, 115.50, 7053, 71445
1606823064, 0, 0, 848, 848, 2, 10.76%, 0, 0, 2, 102.92, 7053, 71927
1606823069, 0, 0, 851, 851, 2, 10.78%, 0, 0, 2, 48.95, 7062, 74713
1606823074, 0, 0, 852, 852, 2, 10.78%, 0, 0, 2, 55.33, 7062, 74983
1606823079, 0, 0, 855, 855, 2, 10.78%, 0, 0, 2, 39.53, 7062, 75181
1606823084, 0, 0, 857, 857, 2, 10.78%, 0, 0, 2, 36.52, 7062, 75371
1606823089, 0, 0, 859, 859, 2, 10.78%, 0, 0, 2, 39.30, 7062, 75580
1606823094, 0, 0, 860, 860, 2, 10.78%, 0, 0, 2, 52.54, 7062, 75871
1606823099, 0, 0, 863, 863, 2, 10.78%, 0, 0, 2, 60.40, 7062, 76295
1606823105, 0, 0, 865, 865, 2, 10.78%, 0, 0, 2, 57.74, 7062, 76771
1606823110, 0, 0, 869, 869, 2, 10.78%, 0, 0, 2, 41.03, 7062, 76992
1606823115, 0, 0, 871, 871, 2, 10.78%, 0, 0, 2, 39.14, 7062, 77201
1606823120, 0, 0, 873, 873, 2, 10.78%, 0, 0, 2, 47.41, 7062, 77493
1606823125, 0, 0, 875, 875, 2, 10.78%, 0, 0, 2, 39.55, 7062, 77713
1606823130, 0, 0, 876, 876, 2, 10.78%, 0, 0, 2, 22.09, 7064, 78067
1606823156, 0, 0, 880, 880, 2, 10.78%, 0, 0, 2, 156.27, 7064, 79197
1606823161, 0, 0, 884, 884, 2, 10.78%, 0, 0, 2, 169.69, 7064, 79587
1606823171, 0, 0, 890, 890, 2, 10.78%, 0, 0, 2, 25.70, 7064, 81627
1606823176, 0, 0, 893, 893, 2, 10.78%, 0, 0, 2, 3214.01, 7064, 85094
1606823181, 0, 0, 896, 896, 2, 10.78%, 0, 0, 2, 42.80, 7064, 88094
1606823186, 0, 0, 897, 897, 2, 10.78%, 0, 0, 2, 51.84, 7064, 88464
1606823191, 0, 0, 903, 903, 2, 10.78%, 0, 0, 2, 34.02, 7064, 88622
1606823196, 0, 0, 906, 906, 2, 10.78%, 0, 0, 2, 31.93, 7064, 88777
1606823201, 0, 0, 909, 909, 2, 10.78%, 0, 0, 2, 38.83, 7064, 89001
1606823207, 0, 0, 910, 910, 2, 10.78%, 0, 0, 2, 44.10, 7064, 89234
1606823212, 0, 0, 914, 914, 2, 10.78%, 0, 0, 2, 65.34, 7064, 89627
1606823217, 0, 0, 915, 915, 2, 10.78%, 0, 0, 2, 71.50, 7064, 90018
1606823227, 0, 0, 919, 919, 2, 10.78%, 0, 0, 2, 73.96, 7064, 90885
1606823232, 0, 0, 920, 920, 2, 10.78%, 0, 0, 2, 40.74, 7064, 91248
1606823242, 0, 0, 922, 922, 2, 10.78%, 0, 0, 2, 19.50, 7064, 92181
1606823247, 0, 0, 929, 929, 2, 10.78%, 0, 0, 2, 26.43, 7064, 92336
1606823253, 0, 0, 931, 931, 2, 10.78%, 0, 0, 2, 58.36, 7064, 92615
1606823258, 0, 0, 932, 932, 2, 10.78%, 0, 0, 2, 52.28, 7064, 92855
1606823263, 0, 0, 934, 934, 2, 10.78%, 0, 0, 2, 32.45, 7064, 93281
1606823268, 0, 0, 935, 935, 2, 10.78%, 0, 0, 2, 19.61, 7064, 93488
1606823304, 0, 0, 936, 936, 2, 10.78%, 0, 0, 2, 19.11, 7064, 94476
1606823340, 0, 0, 942, 942, 2, 10.78%, 0, 0, 2, 659.48, 7064, 97583
1606823345, 0, 0, 947, 947, 2, 10.78%, 0, 0, 2, 240.25, 7064, 98883
1606823350, 0, 0, 951, 951, 2, 10.78%, 0, 0, 2, 21.93, 7065, 99180
1606823355, 0, 0, 952, 952, 2, 10.78%, 0, 0, 2, 26.57, 7065, 99308
1606823360, 0, 0, 957, 957, 2, 10.78%, 0, 0, 2, 21.86, 7065, 99474
1606823365, 0, 0, 958, 958, 2, 10.78%, 0, 0, 2, 24.16, 7065, 99600
1606823396, 0, 0, 959, 959, 2, 10.78%, 0, 0, 2, 20.52, 7065, 100426
1606823431, 0, 0, 962, 962, 2, 10.78%, 0, 0, 2, 106.84, 7065, 102496
1606823437, 0, 0, 970, 970, 2, 10.78%, 0, 0, 2, 597.49, 7067, 104688
1606823442, 0, 0, 972, 972, 2, 10.79%, 0, 0, 2, 57.54, 7070, 105367
1606823447, 0, 0, 988, 988, 2, 10.79%, 0, 0, 2, 686.05, 7074, 108825
1606823452, 0, 0, 994, 994, 2, 10.79%, 0, 0, 2, 934.97, 7074, 112866
1606823457, 0, 1, 1015, 1014, 90, 10.86%, 0, 0, 2, 2134.05, 7114, 123560
1606823467, 0, 1, 1034, 1033, 90, 10.87%, 0, 0, 2, 3129.94, 7126, 151222
1606823472, 0, 8, 1037, 1032, 95, 10.88%, 0, 0, 2, 68.33, 7129, 159869
1606823533, 0, 8, 1038, 1033, 95, 10.88%, 0, 0, 3, 24.74, 7129, 162350
1606823614, 0, 8, 1041, 1036, 95, 10.88%, 0, 0, 3, 81.55, 7129, 165472
1606824129, 0, 8, 1042, 1037, 95, 10.88%, 0, 0, 3, 42.02, 7130, 187944
1606824785, 0, 10, 1042, 1036, 96, 10.88%, 0, 0, 3, 3580.08, 7130, 266819
1606824810, 0, 11, 1042, 1035, 95, 10.88%, 0, 0, 3, 2577.29, 7130, 294781
1606824815, 0, 11, 1043, 1036, 95, 10.88%, 0, 0, 3, 25.34, 7130, 296876
1606824848, 0, 18, 1043, 1034, 93, 10.88%, 0, 0, 3, 2631.10, 7130, 358412
1606824858, 0, 118, 1043, 1032, 91, 10.88%, 0, 0, 3, 80.95, 7130, 391470
1606824945, 0, 118, 1044, 1033, 91, 10.88%, 0, 0, 3, 21.21, 7130, 394806
1606825001, 0, 118, 1045, 1034, 91, 10.88%, 0, 0, 3, 27.74, 7130, 397103
1606825502, 0, 118, 1046, 1035, 91, 10.88%, 0, 0, 3, 31.95, 7130, 415793
1606825512, 0, 118, 1047, 1036, 91, 10.88%, 0, 0, 3, 49.88, 7130, 418898
1606825528, 0, 118, 1049, 1038, 91, 10.88%, 0, 0, 3, 29.10, 7130, 419884
1606825615, 0, 118, 1050, 1039, 91, 10.88%, 0, 0, 3, 44.80, 7130, 422602
1606826024, 0, 118, 1051, 1040, 91, 10.88%, 0, 0, 3, 23.95, 7130, 477521
1606826096, 0, 118, 1052, 1041, 91, 10.88%, 0, 0, 3, 22.55, 7130, 482912
1606826204, 0, 169, 1052, 1040, 91, 10.88%, 0, 0, 3, 2849.53, 7130, 500481
1606826214, 0, 171, 1053, 1040, 90, 10.88%, 0, 0, 3, 3382.11, 7132, 535128
1606826224, 0, 173, 1053, 1039, 90, 10.88%, 0, 0, 3, 3395.83, 7132, 569523
1606826239, 0, 175, 1053, 1038, 89, 10.88%, 0, 0, 3, 2465.14, 7132, 611379
1606826255, 0, 177, 1053, 1037, 88, 10.88%, 0, 0, 3, 2405.40, 7132, 648652
1606826270, 0, 179, 1053, 1036, 87, 10.88%, 0, 0, 3, 3358.57, 7132, 699526
1606826280, 0, 188, 1053, 1035, 86, 10.88%, 0, 0, 3, 3125.61, 7132, 732144
1606826295, 0, 189, 1053, 1034, 85, 10.88%, 0, 0, 3, 3306.55, 7132, 782132
1606826306, 0, 190, 1053, 1033, 84, 10.88%, 0, 0, 3, 3159.09, 7132, 815354
1606826316, 0, 207, 1053, 1032, 83, 10.88%, 0, 0, 3, 3115.15, 7132, 847995
1606826341, 0, 220, 1053, 1031, 83, 10.88%, 0, 0, 3, 215.00, 7132, 848630
1606826372, 0, 230, 1053, 1030, 82, 10.88%, 0, 0, 3, 1961.50, 7132, 913339
1606826409, 0, 245, 1053, 1029, 81, 10.88%, 0, 0, 3, 16.53, 7132, 982127
1606826435, 0, 257, 1053, 1028, 81, 10.88%, 0, 0, 3, 34.65, 7132, 982812
1606826460, 0, 267, 1053, 1027, 81, 10.88%, 0, 0, 3, 1501.59, 7132, 990534
1606826497, 0, 272, 1053, 1026, 80, 10.88%, 0, 0, 3, 2012.53, 7132, 1062793
1606826523, 0, 284, 1053, 1025, 79, 10.88%, 0, 0, 3, 2057.22, 7132, 1117726
1606826554, 0, 285, 1053, 1024, 78, 10.88%, 0, 0, 3, 1997.27, 7132, 1181241
1606826559, 0, 285, 1054, 1025, 78, 10.88%, 0, 0, 3, 2040.65, 7132, 1191924
1606826589, 0, 286, 1054, 1024, 77, 10.88%, 0, 0, 3, 2021.29, 7132, 1256058
1606826620, 0, 298, 1055, 1024, 76, 10.88%, 0, 0, 3, 1952.17, 7132, 1319329
1606826656, 0, 299, 1055, 1023, 75, 10.88%, 0, 0, 3, 1943.57, 7132, 1388801
1606826691, 0, 300, 1055, 1022, 74, 10.88%, 0, 0, 3, 1905.83, 7132, 1457425
1606826727, 0, 301, 1055, 1021, 73, 10.88%, 0, 0, 3, 2345.17, 7132, 1528629
1606826753, 0, 302, 1055, 1020, 72, 10.88%, 0, 0, 3, 2566.83, 7132, 1598226
1606826778, 0, 306, 1055, 1019, 71, 10.88%, 0, 0, 3, 41.84, 7132, 1665982
1606826845, 0, 306, 1056, 1020, 71, 10.88%, 0, 0, 3, 27.07, 7132, 1668423
1606826871, 0, 306, 1058, 1022, 71, 10.88%, 0, 0, 3, 27.27, 7132, 1669141
1606826917, 0, 306, 1060, 1024, 71, 10.88%, 0, 0, 3, 18.80, 7132, 1670189
1606826942, 0, 306, 1064, 1028, 71, 10.88%, 0, 0, 3, 17.24, 7132, 1671478
1606827034, 0, 306, 1065, 1029, 71, 10.88%, 0, 0, 3, 19.83, 7132, 1675117
1606827039, 0, 306, 1066, 1030, 71, 10.88%, 0, 0, 3, 26.21, 7132, 1675257
1606827060, 0, 306, 1067, 1031, 71, 10.88%, 0, 0, 3, 38.56, 7132, 1676000
1606827070, 0, 306, 1069, 1033, 71, 10.88%, 0, 0, 3, 47.47, 7132, 1676780
1606827510, 0, 306, 1070, 1034, 71, 10.88%, 0, 0, 3, 82.64, 7132, 1688389
1606827515, 0, 306, 1072, 1036, 71, 10.88%, 0, 0, 3, 55.35, 7132, 1690372
1606827525, 0, 306, 1074, 1038, 71, 10.88%, 0, 0, 3, 162.04, 7132, 1693361
1606827545, 0, 306, 1075, 1039, 71, 10.88%, 0, 0, 3, 28.74, 7132, 1694614
1606827550, 0, 306, 1076, 1040, 71, 10.88%, 0, 0, 3, 27.48, 7132, 1694769
1606827566, 0, 306, 1077, 1041, 71, 10.88%, 0, 0, 3, 23.69, 7132, 1695162
1606827586, 0, 306, 1078, 1042, 71, 10.88%, 0, 0, 3, 40.85, 7132, 1695764
1606827627, 0, 306, 1079, 1043, 71, 10.88%, 0, 0, 3, 41.93, 7132, 1697445
1606827776, 0, 306, 1080, 1044, 71, 10.88%, 0, 0, 3, 31.27, 7132, 1716421
1606827828, 0, 306, 1082, 1046, 71, 10.88%, 0, 0, 3, 41.08, 7132, 1728527
1606827859, 0, 306, 1083, 1047, 71, 10.88%, 0, 0, 3, 71.69, 7132, 1729818
1606827966, 0, 445, 1083, 1046, 74, 10.88%, 0, 0, 3, 1612.39, 7132, 1743241
1606828017, 0, 446, 1083, 1045, 73, 10.88%, 0, 0, 3, 1813.36, 7132, 1837152
1606828073, 0, 449, 1084, 1045, 72, 10.89%, 0, 0, 3, 2010.31, 7134, 1940932
1606828078, 0, 462, 1084, 1044, 71, 10.89%, 0, 0, 3, 19.04, 7134, 1943253
1606828099, 0, 479, 1084, 1043, 71, 10.89%, 0, 0, 3, 1966.97, 7134, 1944438
1606828109, 0, 479, 1085, 1044, 71, 10.89%, 0, 0, 3, 1882.06, 7134, 1964083
1606828140, 0, 479, 1086, 1045, 71, 10.89%, 0, 0, 3, 1909.71, 7134, 2024696
1606828150, 0, 482, 1088, 1046, 70, 10.89%, 0, 0, 3, 1915.07, 7134, 2044388
1606828196, 0, 542, 1088, 1045, 69, 10.89%, 0, 0, 3, 1911.97, 7134, 2134738
1606828252, 0, 543, 1088, 1044, 68, 10.89%, 0, 0, 3, 1764.37, 7134, 2236451
1606828308, 0, 561, 1097, 1052, 67, 10.89%, 0, 0, 3, 1566.64, 7134, 2338248
1606828313, 0, 561, 1099, 1054, 67, 10.89%, 0, 0, 3, 1425.32, 7134, 2345420
1606828324, 0, 561, 1104, 1059, 67, 10.89%, 0, 0, 3, 1641.66, 7134, 2360527
1606828344, 0, 561, 1105, 1060, 67, 10.89%, 0, 0, 3, 2354.49, 7134, 2401180
1606828359, 0, 564, 1105, 1059, 67, 10.89%, 0, 0, 3, 2565.27, 7134, 2439260
1606828390, 0, 575, 1105, 1058, 66, 10.89%, 0, 0, 3, 2752.70, 7134, 2525266
1606828410, 0, 577, 1106, 1058, 65, 10.89%, 0, 0, 3, 2733.77, 7134, 2581481
1606828415, 0, 577, 1107, 1059, 65, 10.89%, 0, 0, 3, 2618.39, 7134, 2594951
1606828441, 0, 593, 1107, 1058, 64, 10.89%, 0, 0, 3, 21.06, 7134, 2651218
1606828446, 0, 593, 1108, 1059, 64, 10.89%, 0, 0, 3, 20.05, 7134, 2651363
1606828497, 0, 593, 1109, 1060, 64, 10.89%, 0, 0, 3, 25.46, 7134, 2653543
1606828585, 0, 593, 1111, 1062, 64, 10.89%, 0, 0, 3, 71.62, 7134, 2656312
1606828590, 0, 593, 1113, 1064, 64, 10.89%, 0, 0, 3, 29.04, 7134, 2656931
1606828672, 0, 593, 1115, 1066, 64, 10.89%, 0, 0, 3, 110.19, 7134, 2660202
1606828708, 0, 593, 1118, 1069, 64, 10.89%, 0, 0, 3, 38.59, 7134, 2661894
1606828713, 0, 593, 1120, 1071, 64, 10.89%, 0, 0, 3, 44.48, 7134, 2662322
1606828774, 0, 593, 1121, 1072, 64, 10.89%, 0, 0, 3, 19.63, 7134, 2664091
1606829103, 0, 593, 1123, 1074, 64, 10.89%, 0, 0, 3, 110.68, 7134, 2675078
1606829108, 0, 593, 1126, 1077, 64, 10.89%, 0, 0, 3, 32.83, 7134, 2675536
1606829113, 0, 593, 1128, 1079, 64, 10.89%, 0, 0, 3, 39.63, 7134, 2675753
1606829134, 0, 593, 1129, 1080, 64, 10.89%, 0, 0, 3, 31.82, 7134, 2679633
1606829215, 0, 593, 1130, 1081, 64, 10.89%, 0, 0, 3, 55.01, 7134, 2682398
1606829256, 0, 593, 1131, 1082, 64, 10.89%, 0, 0, 3, 27.00, 7134, 2683975
1606829271, 0, 593, 1132, 1083, 64, 10.89%, 0, 0, 3, 52.61, 7134, 2684601
1606829276, 0, 593, 1133, 1084, 64, 10.89%, 0, 0, 3, 41.04, 7134, 2684797
1606829394, 0, 593, 1134, 1085, 64, 10.89%, 0, 0, 3, 22.10, 7134, 2712676
1606829415, 0, 593, 1135, 1086, 64, 10.89%, 0, 0, 3, 39.02, 7134, 2713853
1606829446, 0, 593, 1136, 1087, 64, 10.89%, 0, 0, 3, 96.87, 7134, 2715623
1606829538, 0, 593, 1137, 1088, 64, 10.89%, 0, 0, 3, 21.66, 7134, 2723184
1606829584, 0, 593, 1139, 1090, 64, 10.89%, 0, 0, 3, 51.25, 7134, 2733162
1606829604, 0, 593, 1140, 1091, 64, 10.89%, 0, 0, 3, 83.90, 7134, 2734899
1606829620, 0, 593, 1143, 1094, 64, 10.89%, 0, 0, 3, 51.10, 7134, 2736047
1606829733, 0, 593, 1145, 1096, 64, 10.89%, 0, 0, 3, 22.52, 7134, 2743054
1606829805, 0, 593, 1146, 1097, 64, 10.89%, 0, 0, 3, 1302.53, 7134, 2747953
1606829821, 0, 593, 1149, 1100, 64, 10.89%, 0, 0, 3, 26.91, 7134, 2750260
1606829826, 0, 593, 1153, 1104, 64, 10.89%, 0, 0, 3, 39.57, 7134, 2750459
1606829831, 0, 593, 1154, 1105, 64, 10.89%, 0, 0, 3, 51.74, 7134, 2750784
1606829836, 0, 632, 1156, 1106, 62, 10.89%, 0, 0, 3, 42.33, 7134, 2751502
1606829841, 0, 632, 1157, 1107, 62, 10.89%, 0, 0, 3, 22.43, 7134, 2751686
1606829846, 0, 632, 1162, 1112, 62, 10.89%, 0, 0, 3, 21.24, 7134, 2751791
1606829851, 0, 632, 1164, 1114, 62, 10.89%, 0, 0, 3, 22.57, 7134, 2751906
1606829867, 0, 632, 1166, 1116, 62, 10.89%, 0, 0, 3, 19.40, 7134, 2752326
1606829887, 0, 632, 1168, 1118, 62, 10.89%, 0, 0, 3, 21.62, 7134, 2753368
1606829892, 0, 632, 1175, 1125, 62, 10.89%, 0, 0, 3, 866.36, 7134, 2753738
1606829897, 0, 632, 1176, 1126, 62, 10.89%, 0, 0, 3, 28.07, 7134, 2754140
1606829903, 0, 632, 1179, 1129, 62, 10.89%, 0, 0, 3, 32.80, 7134, 2754304
1606829908, 0, 632, 1181, 1131, 62, 10.89%, 0, 0, 3, 35.20, 7134, 2754497
1606829913, 0, 632, 1183, 1133, 62, 10.89%, 0, 0, 3, 33.84, 7134, 2754689
1606829928, 0, 632, 1184, 1134, 62, 10.89%, 0, 0, 3, 22.07, 7134, 2755173
1606829933, 0, 632, 1185, 1135, 62, 10.89%, 0, 0, 3, 22.07, 7134, 2755282
1606829969, 0, 632, 1186, 1136, 62, 10.89%, 0, 0, 3, 18.18, 7134, 2756768
1606829975, 0, 632, 1187, 1137, 62, 10.89%, 0, 0, 3, 39.97, 7134, 2757427
1606829980, 0, 632, 1188, 1138, 62, 10.89%, 0, 0, 3, 38.92, 7134, 2757621
1606830005, 0, 632, 1189, 1139, 62, 10.89%, 0, 0, 3, 21.18, 7134, 2758529
1606830026, 0, 632, 1191, 1141, 62, 10.89%, 0, 0, 3, 25.10, 7134, 2759073
1606830046, 0, 632, 1194, 1144, 62, 10.89%, 0, 0, 3, 90.91, 7134, 2760702
1606830052, 0, 632, 1198, 1148, 62, 10.89%, 0, 0, 3, 42.24, 7134, 2760840
1606830062, 0, 632, 1199, 1149, 62, 10.89%, 0, 0, 3, 44.34, 7134, 2761347
1606830072, 0, 632, 1200, 1150, 62, 10.89%, 0, 0, 3, 20.22, 7134, 2761876
1606830082, 0, 632, 1201, 1151, 62, 10.89%, 0, 0, 3, 21.12, 7134, 2762746
1606830195, 0, 632, 1202, 1152, 62, 10.89%, 0, 0, 3, 23.55, 7134, 2765871
1606830415, 0, 632, 1203, 1153, 62, 10.89%, 0, 0, 3, 147.69, 7134, 2775516
1606830420, 0, 632, 1210, 1160, 62, 10.89%, 0, 0, 3, 451.61, 7134, 2775909
1606830430, 0, 632, 1212, 1162, 62, 10.89%, 0, 0, 3, 1317.16, 7134, 2779025
1606830446, 0, 632, 1213, 1163, 62, 10.89%, 0, 0, 3, 31.44, 7134, 2780094
1606830568, 0, 670, 1213, 1162, 62, 10.89%, 0, 0, 3, 37.25, 7134, 2784833
1606830594, 0, 678, 1223, 1171, 62, 10.89%, 0, 0, 3, 1542.07, 7135, 2791286
1606830599, 0, 678, 1224, 1172, 62, 10.89%, 0, 0, 3, 1555.16, 7135, 2799226
1606830604, 0, 678, 1236, 1184, 62, 10.89%, 0, 0, 3, 1642.87, 7136, 2807195
1606830640, 0, 678, 1237, 1185, 62, 10.89%, 0, 0, 3, 1653.14, 7136, 2875127
1606830645, 0, 679, 1237, 1184, 62, 10.89%, 0, 0, 3, 1819.38, 7136, 2884314
1606830660, 0, 679, 1239, 1186, 62, 10.89%, 0, 0, 3, 1729.81, 7136, 2908933
1606830701, 0, 683, 1239, 1185, 61, 10.89%, 0, 0, 3, 1821.29, 7136, 2985087
1606830752, 0, 687, 1239, 1184, 60, 10.89%, 0, 0, 3, 1985.06, 7136, 3086734
1606830772, 0, 689, 1239, 1183, 59, 10.89%, 0, 0, 3, 2196.62, 7136, 3131853
1606830793, 0, 710, 1239, 1182, 58, 10.89%, 0, 0, 3, 25.61, 7136, 3168689
1606830803, 0, 710, 1240, 1183, 58, 10.89%, 0, 0, 3, 20.65, 7136, 3168923
1606830808, 0, 710, 1242, 1185, 58, 10.89%, 0, 0, 3, 22.59, 7136, 3169036
1606830844, 0, 710, 1243, 1186, 58, 10.89%, 0, 0, 3, 58.39, 7136, 3170529
1606830849, 0, 710, 1244, 1187, 58, 10.89%, 0, 0, 3, 30.58, 7136, 3171134
1606830926, 0, 710, 1245, 1188, 58, 10.89%, 0, 0, 3, 841.22, 7136, 3174257
1606830931, 0, 710, 1246, 1189, 58, 10.89%, 0, 0, 3, 35.97, 7136, 3174528
1606830988, 0, 728, 1246, 1188, 58, 10.89%, 0, 0, 3, 27.90, 7136, 3176154
1606831038, 0, 766, 1246, 1187, 57, 10.89%, 0, 0, 3, 26.67, 7136, 3177378
1606831069, 0, 804, 1246, 1186, 56, 10.89%, 0, 0, 3, 1732.07, 7136, 3184766
1606831120, 0, 808, 1246, 1185, 55, 10.89%, 0, 0, 3, 32.89, 7136, 3278842
1606831176, 0, 808, 1247, 1186, 55, 10.89%, 0, 0, 3, 55.70, 7136, 3280766
1606831237, 0, 808, 1248, 1187, 55, 10.89%, 0, 0, 3, 19.22, 7136, 3282955
1606831258, 0, 808, 1249, 1188, 55, 10.89%, 0, 0, 3, 30.43, 7136, 3284004
1606831436, 0, 808, 1250, 1189, 55, 10.89%, 0, 0, 3, 20.06, 7136, 3291823
1606831727, 0, 808, 1252, 1191, 55, 10.89%, 0, 0, 3, 27.12, 7136, 3302772
1606831737, 0, 808, 1253, 1192, 55, 10.89%, 0, 0, 3, 36.98, 7136, 3303448
1606831742, 0, 808, 1254, 1193, 55, 10.89%, 0, 0, 3, 57.09, 7136, 3306319
1606831875, 0, 808, 1255, 1194, 55, 10.89%, 0, 0, 3, 27.64, 7136, 3311596
1606832024, 0, 808, 1256, 1195, 55, 10.89%, 0, 0, 3, 48.36, 7136, 3341440
1606832049, 0, 808, 1257, 1196, 55, 10.89%, 0, 0, 3, 70.46, 7136, 3342658
1606832054, 0, 808, 1258, 1197, 55, 10.89%, 0, 0, 3, 101.88, 7136, 3343182
1606832141, 0, 808, 1259, 1198, 55, 10.89%, 0, 0, 3, 157.48, 7136, 3350826
1606832520, 0, 822, 1259, 1196, 53, 10.89%, 0, 0, 3, 1386.93, 7136, 3385249
1606832525, 0, 822, 1260, 1197, 53, 10.89%, 0, 0, 3, 1800.73, 7136, 3395081
1606832561, 0, 828, 1261, 1197, 52, 10.89%, 0, 0, 3, 1851.41, 7136, 3461835
1606832601, 0, 846, 1261, 1195, 50, 10.89%, 0, 0, 3, 29.07, 7136, 3535839
1606832627, 0, 847, 1261, 1194, 50, 10.89%, 0, 0, 3, 19.73, 7136, 3536524
1606832658, 0, 848, 1263, 1195, 49, 10.89%, 0, 0, 3, 1879.02, 7136, 3545264
1606832678, 0, 851, 1263, 1194, 48, 10.89%, 0, 0, 3, 2084.75, 7136, 3588425
1606832704, 0, 894, 1263, 1193, 48, 10.89%, 0, 0, 3, 1943.33, 7136, 3591791
1606832739, 0, 898, 1263, 1192, 47, 10.89%, 0, 0, 3, 35.95, 7136, 3658698
1606832765, 0, 919, 1263, 1191, 46, 10.89%, 0, 0, 3, 33.65, 7136, 3659363
1606832785, 0, 941, 1263, 1190, 45, 10.89%, 0, 0, 3, 200.00, 7136, 3659776
1606832816, 0, 948, 1263, 1189, 44, 10.89%, 0, 0, 3, 1904.27, 7136, 3720926
1606832821, 0, 948, 1264, 1190, 44, 10.89%, 0, 0, 3, 1855.20, 7136, 3730071
1606832872, 0, 964, 1264, 1189, 43, 10.89%, 0, 0, 3, 29.86, 7136, 3819550
1606832908, 0, 969, 1264, 1188, 43, 10.89%, 0, 0, 3, 26.14, 7136, 3820379
1606832938, 0, 971, 1264, 1187, 42, 10.89%, 0, 0, 3, 1994.37, 7136, 3823278
1606832991, 0, 971, 1265, 1188, 42, 10.89%, 0, 0, 3, 16.53, 7136, 3892009
1606833011, 0, 972, 1265, 1187, 41, 10.89%, 0, 0, 3, 2287.57, 7136, 3925039
1606833021, 0, 975, 1265, 1186, 40, 10.89%, 0, 0, 3, 2325.73, 7136, 3949386
1606833047, 0, 977, 1265, 1185, 39, 10.89%, 0, 0, 3, 2298.06, 7136, 4008357
1606833062, 0, 978, 1266, 1185, 38, 10.89%, 0, 0, 3, 2127.10, 7136, 4043482
1606833092, 0, 979, 1266, 1184, 37, 10.89%, 0, 0, 3, 2152.34, 7136, 4099119
1606833102, 0, 980, 1266, 1183, 36, 10.89%, 0, 0, 3, 2415.66, 7136, 4123778
1606833107, 0, 980, 1267, 1184, 36, 10.89%, 0, 0, 3, 2402.74, 7136, 4136166
1606833123, 0, 981, 1267, 1183, 35, 10.89%, 0, 0, 3, 2354.50, 7136, 4172657
1606833133, 0, 989, 1267, 1182, 34, 10.89%, 0, 0, 3, 2427.96, 7136, 4197375
1606833153, 0, 998, 1267, 1181, 33, 10.89%, 0, 0, 3, 2120.73, 7136, 4244123
1606833169, 0, 1000, 1270, 1183, 32, 10.90%, 0, 0, 3, 2111.41, 7141, 4277008
1606833184, 0, 1003, 1272, 1184, 33, 10.90%, 0, 0, 3, 2005.81, 7142, 4304017
1606833199, 0, 1007, 1272, 1183, 33, 10.90%, 0, 0, 3, 2036.70, 7142, 4333076
1606833215, 0, 1011, 1272, 1182, 33, 10.90%, 0, 0, 3, 53.09, 7142, 4352555
1606833230, 0, 1011, 1276, 1186, 33, 10.93%, 0, 0, 3, 30.74, 7162, 4353025
1606833236, 0, 1011, 1279, 1189, 33, 10.98%, 0, 0, 3, 28.48, 7196, 4353473
1606833256, 0, 1011, 1285, 1195, 33, 10.98%, 0, 0, 3, 33.98, 7196, 4354335
1606833277, 0, 1011, 1287, 1197, 33, 10.98%, 0, 0, 3, 21.92, 7196, 4355050
1606833409, 0, 1011, 1293, 1203, 33, 10.98%, 0, 0, 3, 28.62, 7196, 4360093
1606833415, 0, 1011, 1300, 1210, 33, 10.98%, 0, 0, 3, 29.74, 7196, 4360254
1606833420, 0, 1011, 1306, 1216, 33, 10.98%, 0, 0, 3, 28.46, 7196, 4360435
1606833425, 0, 1011, 1307, 1217, 33, 11.02%, 0, 0, 3, 29.05, 7224, 4360801
1606833573, 0, 1012, 1310, 1219, 35, 11.02%, 0, 0, 3, 2060.59, 7224, 4385651
1606833579, 0, 1012, 1311, 1220, 35, 11.02%, 0, 0, 3, 2140.07, 7224, 4396680
1606833584, 0, 1012, 1312, 1221, 35, 11.02%, 0, 0, 3, 2286.10, 7224, 4404265
1606833589, 0, 1014, 1314, 1222, 35, 11.02%, 0, 0, 3, 2080.65, 7224, 4414612
1606833594, 0, 1014, 1316, 1224, 35, 11.02%, 0, 0, 3, 2100.25, 7224, 4425011
1606833604, 0, 1016, 1316, 1223, 34, 11.02%, 0, 0, 3, 2093.33, 7224, 4442479
1606833609, 0, 1016, 1317, 1224, 34, 11.02%, 0, 0, 3, 2160.26, 7224, 4453697
1606833619, 0, 1017, 1317, 1223, 34, 11.02%, 0, 0, 3, 2003.27, 7224, 4474658
1606833635, 0, 1018, 1320, 1225, 33, 11.02%, 0, 0, 3, 2012.58, 7224, 4502557
1606833650, 0, 1023, 1327, 1231, 32, 11.02%, 0, 0, 3, 1915.51, 7224, 4529746
1606833655, 0, 1023, 1328, 1232, 32, 11.02%, 0, 0, 3, 92.55, 7224, 4538772
1606833660, 0, 1023, 1331, 1235, 32, 11.02%, 0, 0, 3, 1721.47, 7224, 4547672
1606833665, 0, 1025, 1331, 1234, 31, 11.02%, 0, 0, 3, 2213.39, 7224, 4559218
1606833675, 0, 1026, 1331, 1233, 30, 11.02%, 0, 0, 3, 2445.33, 7224, 4584011
1606833680, 0, 1027, 1331, 1232, 29, 11.02%, 0, 0, 3, 2462.54, 7224, 4596541
1606833690, 0, 1031, 1331, 1231, 28, 11.02%, 0, 0, 3, 2421.50, 7224, 4620377
1606833695, 0, 1032, 1331, 1230, 27, 11.02%, 0, 0, 3, 2180.75, 7224, 4631347
1606833706, 0, 1034, 1331, 1229, 26, 11.02%, 0, 0, 3, 2125.72, 7224, 4654535
1606833721, 0, 1035, 1339, 1236, 25, 11.06%, 0, 0, 3, 1988.39, 7251, 4682446
1606833737, 0, 1035, 1340, 1237, 25, 11.06%, 0, 0, 3, 1770.00, 7251, 4706433
1606833742, 0, 1039, 1341, 1237, 26, 11.06%, 0, 0, 3, 2072.10, 7251, 4715512
1606833747, 0, 1039, 1342, 1238, 26, 11.06%, 0, 0, 4, 1968.93, 7251, 4725194
1606833757, 0, 1039, 1343, 1239, 26, 11.06%, 0, 0, 4, 2090.65, 7251, 4745376
1606833788, 0, 1050, 1343, 1238, 25, 11.06%, 0, 0, 4, 17.39, 7251, 4804773
1606834534, 0, 1050, 1344, 1239, 25, 11.06%, 0, 0, 4, 22.63, 7251, 4833052
1606834811, 0, 1050, 1345, 1240, 25, 11.06%, 0, 0, 4, 29.29, 7251, 4854851
1606835416, 0, 1052, 1345, 1239, 24, 11.06%, 0, 0, 4, 2386.89, 7251, 4908276
1606835436, 0, 1058, 1345, 1238, 23, 11.06%, 0, 0, 4, 18.65, 7251, 4945903
1606835457, 0, 1069, 1345, 1237, 23, 11.06%, 0, 0, 4, 21.32, 7251, 4946442
1606835467, 0, 1069, 1346, 1238, 23, 11.06%, 0, 0, 4, 16.51, 7251, 4946691
1606835482, 0, 1083, 1346, 1237, 22, 11.06%, 0, 0, 4, 1220.86, 7251, 4948589
1606835487, 0, 1084, 1347, 1237, 22, 11.07%, 0, 0, 4, 1854.16, 7253, 4959545
1606835533, 0, 1093, 1347, 1236, 21, 11.07%, 0, 0, 4, 1762.68, 7253, 5049521
1606835538, 0, 1093, 1348, 1237, 21, 11.07%, 0, 0, 4, 1528.05, 7253, 5056901
1606835594, 0, 1134, 1348, 1236, 20, 11.07%, 0, 0, 4, 21.91, 7253, 5150561
1606835635, 0, 1134, 1349, 1237, 20, 11.07%, 0, 0, 4, 16.52, 7253, 5151360
1606836392, 0, 1134, 1352, 1240, 20, 11.07%, 0, 0, 4, 21.51, 7253, 5174467
1606836397, 0, 1134, 1354, 1242, 20, 11.07%, 0, 0, 4, 111.11, 7253, 5174927
1606836402, 0, 1134, 1355, 1243, 20, 11.07%, 0, 0, 4, 33.51, 7253, 5175126
1606836474, 0, 1134, 1356, 1244, 20, 11.07%, 0, 0, 4, 30.74, 7253, 5180449
1606836689, 0, 1134, 1357, 1245, 20, 11.07%, 0, 0, 4, 42.34, 7253, 5212786
1606836694, 0, 1134, 1358, 1246, 20, 11.07%, 0, 0, 4, 36.00, 7253, 5212973
1606836730, 0, 1134, 1359, 1247, 20, 11.07%, 0, 0, 4, 105.42, 7253, 5215341
1606836904, 0, 1134, 1360, 1248, 20, 11.07%, 0, 0, 4, 41.66, 7253, 5235787
1606836945, 0, 1134, 1361, 1249, 20, 11.07%, 0, 0, 4, 18.15, 7253, 5237399
1606836986, 0, 1134, 1362, 1250, 20, 11.07%, 0, 0, 4, 18.49, 7253, 5242209
1606837022, 0, 1134, 1363, 1251, 20, 11.07%, 0, 0, 4, 19.92, 7253, 5243221
1606837078, 0, 1134, 1364, 1252, 20, 11.07%, 0, 0, 4, 37.62, 7253, 5250910
1606837088, 0, 1134, 1365, 1253, 20, 11.07%, 0, 0, 4, 50.21, 7253, 5251555
1606837093, 0, 1134, 1366, 1254, 20, 11.07%, 0, 0, 4, 35.45, 7253, 5251718
1606837098, 0, 1171, 1366, 1253, 19, 11.07%, 0, 0, 4, 33.31, 7253, 5252580
1606837103, 0, 1171, 1367, 1254, 19, 11.07%, 0, 0, 4, 26.59, 7253, 5252767
1606837139, 0, 1171, 1368, 1255, 19, 11.07%, 0, 0, 4, 36.54, 7253, 5254900
1606837154, 0, 1171, 1369, 1256, 19, 11.07%, 0, 0, 4, 39.16, 7253, 5255552
1606837226, 0, 1171, 1370, 1257, 19, 11.07%, 0, 0, 4, 25.25, 7253, 5259221
1606837231, 0, 1171, 1371, 1258, 19, 11.07%, 0, 0, 4, 28.34, 7253, 5259365
1606837292, 0, 1171, 1373, 1260, 19, 11.07%, 0, 0, 4, 30.64, 7253, 5263627
1606837343, 0, 1171, 1374, 1261, 19, 11.07%, 0, 0, 4, 25.56, 7253, 5265437
1606837574, 0, 1171, 1375, 1262, 19, 11.07%, 0, 0, 4, 160.41, 7253, 5276562
1606837646, 0, 1171, 1377, 1264, 19, 11.07%, 0, 0, 4, 61.91, 7253, 5283936
1606837651, 0, 1171, 1378, 1265, 19, 11.07%, 0, 0, 4, 45.42, 7253, 5284135
1606837784, 0, 1171, 1379, 1266, 19, 11.07%, 0, 0, 4, 32.55, 7253, 5313162
1606837856, 0, 1171, 1380, 1267, 19, 11.07%, 0, 0, 4, 55.69, 7253, 5321628
1606837897, 0, 1171, 1381, 1268, 19, 11.07%, 0, 0, 4, 105.25, 7253, 5323805
1606837918, 0, 1171, 1382, 1269, 19, 11.07%, 0, 0, 4, 62.30, 7253, 5332632
1606837923, 0, 1171, 1383, 1270, 19, 11.07%, 0, 0, 4, 86.86, 7253, 5333090
1606837928, 0, 1171, 1384, 1271, 19, 11.07%, 0, 0, 4, 96.98, 7253, 5333981
1606837938, 0, 1171, 1385, 1272, 19, 11.07%, 0, 0, 4, 70.38, 7253, 5335050
1606837954, 0, 1171, 1386, 1273, 19, 11.07%, 0, 0, 4, 45.95, 7253, 5335992
1606837984, 0, 1171, 1387, 1274, 19, 11.07%, 0, 0, 4, 27.02, 7253, 5337119
1606838041, 0, 1171, 1390, 1277, 19, 11.07%, 0, 0, 4, 144.00, 7253, 5342151
1606838051, 0, 1171, 1391, 1278, 19, 11.07%, 0, 0, 4, 21.20, 7253, 5342702
1606838056, 0, 1171, 1392, 1279, 19, 11.07%, 0, 0, 4, 27.07, 7253, 5342853
1606838112, 0, 1171, 1397, 1284, 19, 11.07%, 0, 0, 4, 166.18, 7253, 5347820
1606838138, 0, 1171, 1402, 1289, 19, 11.07%, 0, 0, 4, 143.18, 7253, 5351241
1606838143, 0, 1171, 1403, 1290, 19, 11.07%, 0, 0, 4, 113.87, 7253, 5351758
1606838153, 0, 1227, 1403, 1289, 25, 11.07%, 0, 0, 4, 847.47, 7253, 5353028
1606838159, 0, 1227, 1406, 1292, 25, 11.07%, 0, 0, 4, 2105.78, 7253, 5365659
1606838174, 0, 1227, 1407, 1293, 25, 11.07%, 0, 0, 4, 2991.43, 7253, 5406619
1606838189, 0, 1233, 1407, 1292, 25, 11.07%, 0, 0, 4, 2683.27, 7253, 5447283
1606838199, 0, 1233, 1409, 1294, 25, 11.07%, 0, 0, 4, 2567.26, 7253, 5471950
1606838224, 0, 1269, 1411, 1295, 26, 11.07%, 0, 0, 4, 2942.25, 7253, 5544682
1606838235, 0, 1271, 1411, 1294, 26, 11.07%, 0, 0, 4, 3003.83, 7253, 5572469
1606838245, 0, 1276, 1411, 1293, 25, 11.07%, 0, 0, 4, 47.98, 7253, 5591148
1606838255, 0, 1276, 1417, 1299, 25, 11.10%, 0, 0, 4, 55.70, 7274, 5591676
1606838270, 0, 1276, 1424, 1306, 25, 11.10%, 0, 0, 4, 194.59, 7274, 5592924
1606838286, 0, 1276, 1429, 1311, 25, 11.10%, 0, 0, 4, 207.76, 7274, 5593955
1606838373, 0, 1276, 1443, 1325, 25, 11.10%, 0, 0, 4, 42.83, 7274, 5598872
1606838378, 0, 1276, 1449, 1331, 25, 11.10%, 0, 0, 4, 46.01, 7274, 5599219
1606838476, 0, 1295, 1449, 1330, 24, 11.10%, 0, 0, 4, 30.15, 7274, 5621257
1606838497, 0, 1295, 1452, 1333, 24, 11.10%, 0, 0, 4, 29.28, 7274, 5622198
1606838517, 0, 1295, 1455, 1336, 24, 11.10%, 0, 0, 4, 130.69, 7274, 5623094
1606838537, 0, 1295, 1458, 1339, 24, 11.10%, 0, 0, 4, 33.44, 7274, 5624048
1606838665, 0, 1295, 1460, 1341, 24, 11.10%, 0, 0, 4, 28.12, 7274, 5628784
1606838670, 0, 1295, 1471, 1352, 24, 11.10%, 0, 0, 4, 24.93, 7274, 5628962
1606838675, 0, 1295, 1474, 1355, 24, 11.10%, 0, 0, 4, 29.12, 7274, 5629288
1606838824, 0, 1307, 1474, 1354, 24, 11.10%, 0, 0, 4, 1692.32, 7274, 5657128
1606838834, 0, 1311, 1475, 1354, 24, 11.10%, 0, 0, 4, 2971.86, 7274, 5684203
1606838844, 0, 1315, 1478, 1356, 24, 11.10%, 0, 0, 4, 2915.53, 7274, 5712186
1606838854, 0, 1316, 1479, 1356, 24, 11.10%, 0, 0, 4, 3009.97, 7274, 5738986
1606838865, 0, 1329, 1483, 1359, 25, 11.10%, 0, 0, 4, 3005.24, 7274, 5770861
1606838870, 0, 1329, 1484, 1360, 25, 11.10%, 0, 0, 4, 3013.68, 7274, 5784040
1606838875, 0, 1335, 1484, 1359, 24, 11.10%, 0, 0, 4, 2936.06, 7274, 5797752
1606838885, 0, 1335, 1485, 1360, 24, 11.10%, 0, 0, 4, 2934.24, 7274, 5825038
1606838890, 0, 1336, 1487, 1361, 23, 11.11%, 0, 0, 4, 2891.98, 7279, 5839749
1606838901, 0, 1342, 1487, 1360, 23, 11.11%, 0, 0, 4, 2586.21, 7279, 5861858
1606838906, 0, 1342, 1488, 1361, 23, 11.11%, 0, 0, 5, 2751.79, 7279, 5876048
1606838926, 0, 1344, 1488, 1360, 23, 11.11%, 0, 0, 5, 2818.71, 7279, 5936342
1606838936, 0, 1344, 1489, 1361, 23, 11.11%, 0, 0, 5, 20.61, 7279, 5936717
1606838972, 0, 1344, 1490, 1362, 23, 11.11%, 0, 0, 5, 16.75, 7279, 5938252
1606839049, 0, 1344, 1491, 1363, 23, 11.11%, 0, 0, 5, 434.68, 7279, 5941561
1606839208, 0, 1344, 1492, 1364, 23, 11.11%, 0, 0, 5, 22.93, 7279, 5949275
1606839899, 0, 1344, 1493, 1365, 23, 11.11%, 0, 0, 5, 48.56, 7279, 6017973
1606840151, 0, 1346, 1493, 1364, 23, 11.11%, 0, 0, 5, 3700.98, 7279, 6042148
1606840156, 0, 1366, 1495, 1365, 23, 11.11%, 0, 0, 5, 36.13, 7279, 6046231
1606840202, 0, 1366, 1496, 1366, 23, 11.11%, 0, 0, 5, 55.15, 7279, 6049082
1606840253, 0, 1366, 1497, 1367, 23, 11.11%, 0, 0, 5, 70.66, 7279, 6052210
1606840309, 0, 1366, 1498, 1368, 23, 11.11%, 0, 0, 5, 47.35, 7279, 6055742
1606840775, 0, 1366, 1499, 1369, 23, 11.11%, 0, 0, 5, 104.87, 7279, 6109040
1606840862, 0, 1366, 1500, 1370, 23, 11.11%, 0, 0, 5, 78.87, 7279, 6126121
1606840964, 0, 1366, 1501, 1371, 23, 11.11%, 0, 0, 5, 106.92, 7279, 6135232
1606841025, 0, 1366, 1502, 1372, 23, 11.11%, 0, 0, 5, 185.91, 7279, 6141289
1606841066, 0, 1369, 1502, 1371, 24, 11.11%, 0, 0, 5, 78.07, 7279, 6147705
1606841711, 0, 1369, 1503, 1372, 24, 11.11%, 0, 0, 5, 104.12, 7279, 6210271
1606841926, 0, 1369, 1504, 1373, 24, 11.11%, 0, 0, 5, 29.10, 7279, 6237860
1606842018, 0, 1372, 1504, 1372, 23, 11.11%, 0, 0, 5, 37.79, 7279, 6249269
1606842024, 0, 1372, 1505, 1373, 23, 11.11%, 0, 0, 5, 23.37, 7279, 6249447
1606842059, 0, 1372, 1506, 1374, 23, 11.11%, 0, 0, 5, 37.48, 7279, 6251101
1606842152, 0, 1372, 1507, 1375, 23, 11.11%, 0, 0, 5, 24.27, 7279, 6255976
1606842193, 0, 1372, 1508, 1376, 23, 11.11%, 0, 0, 5, 61.24, 7279, 6258491
1606842499, 0, 1372, 1509, 1377, 23, 11.11%, 0, 0, 5, 520.15, 7279, 6273245
1606842520, 0, 1372, 1510, 1378, 23, 11.11%, 0, 0, 5, 40.62, 7279, 6277311
1606842555, 0, 1372, 1511, 1379, 23, 11.11%, 0, 0, 5, 36.09, 7279, 6279370
1606842571, 0, 1372, 1512, 1380, 23, 11.11%, 0, 0, 5, 50.30, 7279, 6280342
1606842749, 0, 1372, 1513, 1381, 23, 11.11%, 0, 0, 5, 85.26, 7279, 6312070
1606842831, 0, 1372, 1514, 1382, 23, 11.11%, 0, 0, 5, 98.15, 7279, 6320251
1606842873, 0, 1372, 1515, 1383, 23, 11.11%, 0, 0, 5, 91.24, 7279, 6331704
1606843098, 0, 1385, 1515, 1382, 23, 11.11%, 0, 0, 5, 36.87, 7279, 6350878
1606843149, 0, 1385, 1516, 1383, 23, 11.11%, 0, 0, 5, 30.16, 7279, 6353267
1606843297, 0, 1385, 1517, 1384, 23, 11.11%, 0, 0, 5, 44.35, 7279, 6359918
1606843984, 0, 1385, 1518, 1385, 23, 11.11%, 0, 0, 5, 35.59, 7279, 6419980
1606844281, 0, 1385, 1520, 1387, 23, 11.11%, 0, 0, 5, 65.29, 7279, 6449378
1606844286, 0, 1385, 1521, 1388, 23, 11.11%, 0, 0, 5, 57.40, 7279, 6449641
1606844296, 0, 1385, 1522, 1389, 23, 11.11%, 0, 0, 5, 554.83, 7279, 6452417
1606844302, 0, 1389, 1522, 1388, 24, 11.11%, 0, 0, 5, 41.64, 7279, 6453307
1606844307, 0, 1389, 1523, 1389, 24, 11.11%, 0, 0, 5, 34.71, 7279, 6453494
1606844343, 0, 1389, 1525, 1391, 24, 11.11%, 0, 0, 5, 35.48, 7279, 6455670
1606844399, 0, 1389, 1526, 1392, 24, 11.11%, 0, 0, 5, 93.86, 7279, 6458232
1606844405, 0, 1389, 1527, 1393, 24, 11.11%, 0, 0, 5, 67.92, 7279, 6458889
1606844410, 0, 1389, 1529, 1395, 24, 11.11%, 0, 0, 5, 46.46, 7279, 6459076
1606844430, 0, 1389, 1530, 1396, 24, 11.11%, 0, 0, 5, 28.79, 7279, 6459902
1606844461, 0, 1389, 1531, 1397, 24, 11.11%, 0, 0, 5, 22.36, 7279, 6461471
1606844466, 0, 1389, 1533, 1399, 24, 11.11%, 0, 0, 5, 37.64, 7279, 6462126
1606844486, 0, 1389, 1534, 1400, 24, 11.11%, 0, 0, 5, 35.73, 7279, 6463191
1606844496, 0, 1389, 1535, 1401, 24, 11.11%, 0, 0, 5, 32.24, 7279, 6464174
1606844548, 0, 1389, 1536, 1402, 24, 11.11%, 0, 0, 5, 29.98, 7279, 6466075
1606844763, 0, 1389, 1537, 1403, 24, 11.11%, 0, 0, 5, 67.54, 7279, 6476822
1606844768, 0, 1389, 1538, 1404, 24, 11.11%, 0, 0, 5, 52.57, 7279, 6477150
1606844789, 0, 1389, 1540, 1406, 24, 11.11%, 0, 0, 5, 43.75, 7279, 6481161
1606844809, 0, 1389, 1541, 1407, 24, 11.11%, 0, 0, 5, 26.61, 7279, 6481839
1606845029, 0, 1389, 1542, 1408, 24, 11.11%, 0, 0, 5, 209.52, 7279, 6519212
1606845035, 0, 1389, 1543, 1409, 24, 11.11%, 0, 0, 5, 60.33, 7279, 6519751
1606845245, 0, 1389, 1544, 1410, 24, 11.11%, 0, 0, 5, 22.84, 7279, 6541954
1606845342, 0, 1389, 1545, 1411, 24, 11.11%, 0, 0, 5, 765.77, 7279, 6553458
1606845347, 0, 1408, 1546, 1411, 26, 11.11%, 0, 0, 5, 2163.92, 7279, 6564737
1606845363, 0, 1408, 1547, 1412, 26, 11.11%, 0, 0, 5, 3244.36, 7279, 6613704
1606845373, 0, 1414, 1547, 1411, 27, 11.11%, 0, 0, 5, 78.86, 7279, 6639297
1606845383, 0, 1414, 1549, 1413, 27, 11.11%, 0, 0, 5, 33.60, 7279, 6639800
1606845398, 0, 1414, 1552, 1416, 27, 11.11%, 0, 0, 5, 223.31, 7279, 6641056
1606845413, 0, 1414, 1553, 1417, 27, 11.11%, 0, 0, 5, 123.02, 7279, 6642138
1606845495, 0, 1414, 1555, 1419, 27, 11.11%, 0, 0, 5, 306.61, 7279, 6646888
1606845501, 0, 1414, 1558, 1422, 27, 11.12%, 0, 0, 5, 1240.00, 7285, 6647623
1606845598, 0, 1416, 1558, 1421, 26, 11.12%, 0, 0, 5, 50.83, 7285, 6669877
1606845608, 0, 1416, 1560, 1423, 26, 11.12%, 0, 0, 5, 77.25, 7285, 6670700
1606845634, 0, 1416, 1561, 1424, 26, 11.12%, 0, 0, 5, 183.10, 7285, 6672761
1606845711, 0, 1416, 1564, 1427, 26, 11.12%, 0, 0, 5, 550.93, 7285, 6677601
1606845803, 0, 1445, 1567, 1429, 26, 11.12%, 0, 0, 5, 2636.07, 7285, 6704863
1606845813, 0, 1454, 1567, 1428, 26, 11.12%, 0, 0, 5, 3104.85, 7285, 6731911
1606845844, 0, 1454, 1569, 1430, 26, 11.12%, 0, 0, 5, 27.15, 7285, 6732815
1606845875, 0, 1454, 1570, 1431, 26, 11.12%, 0, 0, 5, 26.35, 7285, 6733779
1606846115, 0, 1454, 1571, 1432, 26, 11.12%, 0, 0, 5, 45.94, 7285, 6739973
1606846359, 0, 1474, 1575, 1435, 26, 11.12%, 0, 0, 5, 2680.71, 7285, 6766875
1606846364, 0, 1474, 1577, 1437, 26, 11.12%, 0, 0, 5, 120.02, 7285, 6776325
1606846375, 0, 1477, 1577, 1436, 25, 11.12%, 0, 0, 5, 2953.95, 7285, 6802101
1606846385, 0, 1478, 1577, 1435, 24, 11.12%, 0, 0, 5, 3191.97, 7285, 6834632
1606846390, 0, 1479, 1577, 1434, 23, 11.12%, 0, 0, 5, 3253.66, 7285, 6851076
1606846400, 0, 1483, 1578, 1434, 22, 11.12%, 0, 0, 5, 3054.54, 7285, 6882628
1606846410, 0, 1486, 1578, 1433, 21, 11.12%, 0, 0, 5, 3023.77, 7285, 6910398
1606846416, 0, 1486, 1586, 1441, 21, 11.12%, 0, 0, 5, 2916.17, 7289, 6925996
1606846426, 0, 1487, 1591, 1445, 24, 11.12%, 0, 0, 6, 2762.98, 7290, 6950318
1606846451, 0, 1493, 1595, 1448, 25, 11.12%, 0, 0, 6, 3519.54, 7290, 7029249
1606846456, 0, 1495, 1595, 1447, 24, 11.12%, 0, 0, 6, 74.12, 7290, 7029812
1606846813, 0, 1495, 1596, 1448, 24, 11.12%, 0, 0, 6, 179.02, 7290, 7053542
1606846992, 0, 1495, 1597, 1449, 24, 11.12%, 0, 0, 6, 94.88, 7290, 7091256
1606847094, 0, 1495, 1598, 1450, 24, 11.12%, 0, 0, 6, 36.74, 7290, 7109752
1606847274, 0, 1495, 1599, 1451, 24, 11.12%, 0, 0, 6, 136.21, 7290, 7128477
1606847289, 0, 1500, 1599, 1450, 23, 11.12%, 0, 0, 6, 50.42, 7290, 7130598
1606847893, 0, 1500, 1600, 1451, 23, 11.12%, 0, 0, 6, 136.00, 7290, 7198040
1606848169, 0, 1503, 1600, 1450, 22, 11.12%, 0, 0, 6, 125.15, 7290, 7232148
1606848235, 0, 1503, 1601, 1451, 22, 11.12%, 0, 0, 6, 100.91, 7290, 7234024
1606848472, 0, 1503, 1602, 1452, 22, 11.12%, 0, 0, 6, 17.96, 7290, 7243272
1606848910, 0, 1503, 1603, 1453, 22, 11.12%, 0, 0, 6, 31.87, 7290, 7256518
1606848946, 0, 1503, 1604, 1454, 22, 11.12%, 0, 0, 6, 32.79, 7290, 7260912
1606848951, 0, 1503, 1605, 1455, 22, 11.12%, 0, 0, 6, 42.17, 7290, 7261126
1606849701, 0, 1503, 1606, 1456, 22, 11.12%, 0, 0, 6, 49.59, 7290, 7332219
1606849717, 0, 1509, 1606, 1455, 22, 11.12%, 0, 0, 6, 59.36, 7290, 7333968
1606850381, 0, 1509, 1607, 1456, 22, 11.12%, 0, 0, 6, 87.18, 7290, 7401424
1606850432, 0, 1509, 1608, 1457, 22, 11.12%, 0, 0, 6, 156.52, 7290, 7404726
1606850437, 0, 1509, 1610, 1459, 22, 11.12%, 0, 0, 6, 166.27, 7290, 7405369
1606850458, 0, 1509, 1612, 1461, 22, 11.12%, 0, 0, 6, 295.23, 7290, 7414241
1606850667, 0, 1514, 1612, 1460, 21, 11.12%, 0, 0, 6, 60.61, 7290, 7435468
1606850703, 0, 1514, 1613, 1461, 21, 11.12%, 0, 0, 6, 78.12, 7290, 7437738
1606850729, 0, 1514, 1614, 1462, 21, 11.12%, 0, 0, 6, 29.17, 7290, 7438865
1606850974, 0, 1514, 1615, 1463, 21, 11.12%, 0, 0, 6, 32.77, 7290, 7451132
1606851118, 0, 1514, 1616, 1464, 21, 11.12%, 0, 0, 6, 33.28, 7290, 7463910
1606851365, 0, 1514, 1617, 1465, 21, 11.12%, 0, 0, 6, 166.96, 7290, 7506653
1606851498, 0, 1514, 1618, 1466, 21, 11.12%, 0, 0, 6, 30.68, 7290, 7525637
1606851590, 0, 1516, 1618, 1465, 19, 11.12%, 0, 0, 6, 33.83, 7290, 7537070
1606852307, 0, 1516, 1619, 1466, 19, 11.12%, 0, 0, 6, 34.76, 7290, 7600571
1606852619, 0, 1522, 1619, 1465, 19, 11.12%, 0, 0, 6, 59.97, 7290, 7637894
1606853506, 0, 1523, 1620, 1465, 18, 11.12%, 0, 0, 6, 196.81, 7290, 7739269
1606853548, 0, 1523, 1622, 1467, 18, 11.12%, 0, 0, 6, 36.19, 7290, 7741769
1606853660, 0, 1523, 1624, 1469, 18, 11.12%, 0, 0, 6, 57.23, 7290, 7748187
1606853711, 0, 1523, 1625, 1470, 18, 11.12%, 0, 0, 6, 23.76, 7290, 7751397
1606853717, 0, 1523, 1626, 1471, 18, 11.12%, 0, 0, 6, 27.45, 7290, 7751539
1606853933, 0, 1523, 1627, 1472, 18, 11.12%, 0, 0, 6, 63.37, 7290, 7763095
1606853969, 0, 1523, 1628, 1473, 18, 11.12%, 0, 0, 6, 26.46, 7290, 7767752
1606854143, 0, 1523, 1629, 1474, 18, 11.12%, 0, 0, 6, 28.74, 7290, 7800026
1606854286, 0, 1523, 1630, 1475, 18, 11.12%, 0, 0, 6, 81.08, 7290, 7820832
1606854476, 0, 1532, 1630, 1474, 20, 11.12%, 0, 0, 6, 70.66, 7290, 7839253
1606854619, 0, 1532, 1631, 1475, 20, 11.12%, 0, 0, 6, 60.83, 7290, 7848054
1606854915, 0, 1532, 1633, 1477, 20, 11.12%, 0, 0, 6, 27.78, 7290, 7867642
1606855397, 0, 1539, 1633, 1476, 19, 11.12%, 0, 0, 6, 1116.35, 7290, 7939018
1606855438, 0, 1539, 1634, 1477, 19, 11.12%, 0, 0, 6, 59.40, 7290, 7941642
1606855540, 0, 1539, 1635, 1478, 19, 11.12%, 0, 0, 6, 146.40, 7290, 7947889
1606856118, 0, 1539, 1636, 1479, 19, 11.12%, 0, 0, 6, 57.09, 7290, 8018409
1606856321, 0, 1541, 1636, 1478, 19, 11.12%, 0, 0, 6, 64.47, 7290, 8039113
1606856352, 0, 1541, 1637, 1479, 19, 11.12%, 0, 0, 6, 85.90, 7290, 8041337
1606856403, 0, 1541, 1638, 1480, 19, 11.12%, 0, 0, 6, 102.95, 7290, 8044614
1606857197, 0, 1544, 1643, 1484, 18, 11.12%, 0, 0, 6, 59.27, 7290, 8139150
1606857203, 0, 1544, 1647, 1488, 18, 11.12%, 0, 0, 6, 50.23, 7290, 8139395
1606857213, 0, 1544, 1648, 1489, 18, 11.12%, 0, 0, 6, 52.59, 7290, 8139944
1606857223, 0, 1544, 1650, 1491, 18, 11.12%, 0, 0, 6, 84.38, 7290, 8141428
1606857228, 0, 1544, 1653, 1494, 18, 11.12%, 0, 0, 6, 54.45, 7290, 8141655
1606857238, 0, 1544, 1654, 1495, 18, 11.12%, 0, 0, 6, 64.84, 7290, 8142251
1606857489, 0, 1544, 1655, 1496, 18, 11.12%, 0, 0, 6, 62.86, 7290, 8161935
1606857514, 0, 1544, 1656, 1497, 18, 11.12%, 0, 0, 6, 48.55, 7290, 8166455
1606857643, 0, 1544, 1657, 1498, 18, 11.12%, 0, 0, 6, 51.82, 7290, 8197289
1606857756, 0, 1544, 1658, 1499, 18, 11.12%, 0, 0, 6, 77.41, 7290, 8216668
1606857894, 0, 1544, 1659, 1500, 18, 11.12%, 0, 0, 6, 35.15, 7290, 8232821
1606857909, 0, 1546, 1659, 1499, 20, 11.12%, 0, 0, 6, 2094.53, 7290, 8243470
1606857940, 0, 1557, 1659, 1498, 19, 11.12%, 0, 0, 6, 50.42, 7290, 8326403
1606857950, 0, 1557, 1661, 1500, 19, 11.12%, 0, 0, 6, 66.24, 7290, 8327221
1606857960, 0, 1557, 1665, 1504, 19, 11.12%, 0, 0, 6, 48.69, 7290, 8327770
1606857976, 0, 1557, 1666, 1505, 19, 11.12%, 0, 0, 6, 71.15, 7290, 8329181
1606858052, 0, 1557, 1672, 1511, 19, 11.12%, 0, 0, 6, 52.63, 7290, 8333863
1606858057, 0, 1557, 1678, 1517, 19, 11.12%, 0, 0, 6, 50.36, 7290, 8334367
1606858151, 0, 1559, 1678, 1516, 19, 11.12%, 0, 0, 6, 47.07, 7290, 8356966
1606858171, 0, 1559, 1679, 1517, 19, 11.12%, 0, 0, 6, 62.69, 7290, 8358283
1606858176, 0, 1559, 1680, 1518, 19, 11.12%, 0, 0, 6, 45.33, 7290, 8358811
1606858186, 0, 1559, 1681, 1519, 19, 11.12%, 0, 0, 6, 56.24, 7290, 8359576
1606858268, 0, 1559, 1682, 1520, 19, 11.12%, 0, 0, 6, 52.64, 7290, 8364295
1606858371, 0, 1565, 1684, 1521, 18, 11.12%, 0, 0, 6, 1730.38, 7290, 8394832
1606858381, 0, 1578, 1685, 1521, 18, 11.12%, 0, 0, 6, 3284.01, 7290, 8428351
1606858392, 0, 1582, 1688, 1523, 18, 11.13%, 0, 0, 6, 3416.03, 7295, 8463956
1606858402, 0, 1587, 1689, 1523, 19, 11.13%, 0, 0, 6, 3375.53, 7295, 8491320
1606858407, 0, 1588, 1689, 1522, 18, 11.13%, 0, 0, 6, 3862.00, 7295, 8511605
1606858427, 0, 1589, 1690, 1522, 17, 11.13%, 0, 0, 7, 3515.11, 7295, 8588267
1606858443, 0, 1614, 1690, 1521, 16, 11.13%, 0, 0, 7, 127.32, 7295, 8641753
1606858448, 0, 1614, 1691, 1522, 16, 11.13%, 0, 0, 7, 63.35, 7295, 8641988
1606858488, 0, 1614, 1692, 1523, 16, 11.13%, 0, 0, 7, 51.42, 7295, 8644489
1606858606, 0, 1614, 1693, 1524, 16, 11.13%, 0, 0, 7, 43.05, 7295, 8651521
1606859374, 0, 1614, 1694, 1525, 16, 11.13%, 0, 0, 7, 814.65, 7295, 8744464
1606859379, 0, 1624, 1694, 1524, 15, 11.13%, 0, 0, 7, 44.03, 7295, 8745120
1606859420, 0, 1624, 1695, 1525, 15, 11.13%, 0, 0, 7, 730.57, 7295, 8747286
1606859486, 0, 1624, 1696, 1526, 15, 11.13%, 0, 0, 7, 73.14, 7295, 8750048
1606859492, 0, 1624, 1697, 1527, 15, 11.13%, 0, 0, 7, 25.30, 7295, 8750674
1606859497, 0, 1624, 1698, 1528, 15, 11.13%, 0, 0, 7, 32.25, 7295, 8750835
1606859882, 0, 1624, 1699, 1529, 15, 11.13%, 0, 0, 7, 54.03, 7295, 8768757
1606859923, 0, 1624, 1701, 1531, 15, 11.13%, 0, 0, 7, 28.52, 7295, 8773369
1606859979, 0, 1624, 1702, 1532, 15, 11.13%, 0, 0, 7, 62.93, 7295, 8775798
1606860189, 0, 1624, 1703, 1533, 15, 11.13%, 0, 0, 7, 47.06, 7295, 8811732
1606860205, 0, 1624, 1705, 1535, 15, 11.13%, 0, 0, 7, 56.69, 7295, 8812675
1606860302, 0, 1624, 1706, 1536, 15, 11.13%, 0, 0, 7, 68.17, 7295, 8825673
1606860543, 0, 1634, 1706, 1535, 14, 11.13%, 0, 0, 7, 93.50, 7295, 8844637
1606860977, 0, 1634, 1707, 1536, 14, 11.13%, 0, 0, 7, 30.19, 7295, 8872824
1606861464, 0, 1648, 1707, 1535, 13, 11.13%, 0, 0, 7, 46.92, 7295, 8944370
1606861489, 0, 1648, 1713, 1541, 13, 11.15%, 0, 0, 7, 1180.56, 7310, 8945929
1606861494, 0, 1648, 1714, 1542, 13, 11.15%, 0, 0, 7, 51.89, 7310, 8946830
1606861536, 0, 1648, 1716, 1544, 13, 11.15%, 0, 0, 7, 112.59, 7310, 8949840
1606861541, 0, 1648, 1717, 1545, 13, 11.15%, 0, 0, 7, 59.87, 7310, 8950050
1606861776, 0, 1648, 1719, 1547, 13, 11.15%, 0, 0, 7, 64.87, 7310, 8967279
1606861792, 0, 1648, 1720, 1548, 13, 11.15%, 0, 0, 7, 164.79, 7310, 8970704
1606861802, 0, 1648, 1721, 1549, 13, 11.15%, 0, 0, 7, 45.11, 7310, 8971732
1606861910, 0, 1648, 1723, 1551, 13, 11.15%, 0, 0, 7, 95.14, 7310, 8990880
1606862223, 0, 1649, 1724, 1551, 15, 11.15%, 0, 0, 7, 93.24, 7310, 9041161
1606862228, 0, 1649, 1725, 1552, 15, 11.15%, 0, 0, 7, 55.83, 7310, 9041411
1606862687, 0, 1649, 1726, 1553, 15, 11.15%, 0, 0, 7, 2030.73, 7310, 9084961
1606862835, 0, 1649, 1727, 1554, 15, 11.15%, 0, 0, 7, 66.97, 7310, 9117946
1606862988, 0, 1649, 1728, 1555, 15, 11.15%, 0, 0, 7, 109.57, 7310, 9131825
1606863018, 0, 1661, 1728, 1554, 14, 11.15%, 0, 0, 7, 49.43, 7310, 9136666
1606863029, 0, 1661, 1729, 1555, 14, 11.15%, 0, 0, 7, 41.50, 7310, 9137211
1606863044, 0, 1661, 1730, 1556, 14, 11.15%, 0, 0, 7, 48.43, 7310, 9138575
1606863135, 0, 1661, 1734, 1560, 14, 11.15%, 0, 0, 7, 43.31, 7310, 9144283
1606863142, 0, 1661, 1736, 1562, 14, 11.15%, 0, 0, 7, 49.03, 7310, 9146116
1606863234, 0, 1683, 1736, 1561, 13, 11.15%, 0, 0, 7, 2352.72, 7310, 9175392
1606863244, 0, 1684, 1736, 1560, 12, 11.15%, 0, 0, 7, 3396.06, 7310, 9209800
1606863255, 0, 1685, 1737, 1560, 11, 11.15%, 0, 0, 7, 3520.02, 7310, 9246236
1606863265, 0, 1686, 1740, 1562, 10, 11.15%, 0, 0, 7, 3236.20, 7310, 9280071
1606863270, 0, 1686, 1741, 1563, 10, 11.15%, 0, 0, 7, 3410.00, 7310, 9289737
1606863275, 0, 1687, 1743, 1564, 10, 11.16%, 0, 0, 7, 3084.09, 7313, 9305283
1606863290, 0, 1710, 1743, 1563, 9, 11.16%, 0, 0, 7, 65.59, 7313, 9337610
1606863295, 0, 1710, 1747, 1567, 9, 11.16%, 0, 0, 8, 46.56, 7313, 9337839
1606863321, 0, 1710, 1748, 1568, 9, 11.16%, 0, 0, 8, 85.11, 7313, 9339968
1606863326, 0, 1710, 1749, 1569, 9, 11.16%, 0, 0, 8, 72.73, 7313, 9340310
1606863331, 0, 1710, 1752, 1572, 9, 11.16%, 0, 0, 8, 63.84, 7313, 9340637
1606863337, 0, 1710, 1753, 1573, 9, 11.16%, 0, 0, 8, 46.98, 7313, 9340874
1606863367, 0, 1710, 1755, 1575, 9, 11.16%, 0, 0, 8, 79.73, 7313, 9343432
1606863372, 0, 1710, 1756, 1576, 9, 11.16%, 0, 0, 8, 70.28, 7313, 9343792
1606863403, 0, 1710, 1757, 1577, 9, 11.16%, 0, 0, 8, 96.13, 7313, 9346365
1606863608, 0, 1710, 1758, 1578, 9, 11.16%, 0, 0, 8, 142.34, 7313, 9360378
1606863613, 0, 1710, 1759, 1579, 9, 11.16%, 0, 0, 8, 130.43, 7313, 9360938
1606863700, 0, 1710, 1760, 1580, 9, 11.16%, 0, 0, 8, 133.51, 7313, 9384876
1606863761, 0, 1710, 1761, 1581, 9, 11.16%, 0, 0, 8, 211.63, 7313, 9403690
1606863782, 0, 1710, 1762, 1582, 9, 11.16%, 0, 0, 8, 147.81, 7313, 9405751
1606863797, 0, 1710, 1763, 1583, 9, 11.16%, 0, 0, 8, 66.20, 7313, 9414374
1606863802, 0, 1710, 1764, 1584, 9, 11.16%, 0, 0, 8, 64.92, 7313, 9414697
1606863930, 0, 1712, 1764, 1583, 11, 11.16%, 0, 0, 8, 99.51, 7313, 9433794
1606863935, 0, 1712, 1766, 1585, 11, 11.16%, 0, 0, 8, 53.48, 7313, 9434013
1606863961, 0, 1712, 1767, 1586, 11, 11.16%, 0, 0, 8, 38.87, 7313, 9435566
1606863971, 0, 1712, 1769, 1588, 11, 11.16%, 0, 0, 8, 69.16, 7313, 9436600
1606863976, 0, 1712, 1770, 1589, 11, 11.16%, 0, 0, 8, 56.97, 7313, 9436889
1606864007, 0, 1712, 1771, 1590, 11, 11.16%, 0, 0, 8, 42.36, 7313, 9438720
1606864017, 0, 1712, 1772, 1591, 11, 11.16%, 0, 0, 8, 75.82, 7313, 9439845
1606864488, 0, 1712, 1773, 1592, 11, 11.16%, 0, 0, 8, 74.07, 7313, 9511181
1606864616, 0, 1712, 1774, 1593, 11, 11.16%, 0, 0, 8, 198.12, 7313, 9527409
1606864627, 0, 1722, 1774, 1592, 11, 11.16%, 0, 0, 8, 91.54, 7313, 9530030
1606864632, 0, 1722, 1775, 1593, 11, 11.16%, 0, 0, 8, 61.02, 7313, 9530309
1606864652, 0, 1722, 1780, 1598, 11, 11.16%, 0, 0, 8, 889.44, 7313, 9532273
1606865304, 0, 1722, 1781, 1599, 11, 11.16%, 0, 0, 8, 54.18, 7313, 9623773
1606865314, 0, 1724, 1781, 1598, 11, 11.16%, 0, 0, 8, 960.92, 7313, 9625497
1606865428, 0, 1724, 1782, 1599, 11, 11.16%, 0, 0, 8, 44.36, 7313, 9634104
1606866066, 0, 1738, 1782, 1598, 10, 11.16%, 0, 0, 8, 52.59, 7313, 9721221
1606866077, 0, 1738, 1785, 1601, 10, 11.16%, 0, 0, 8, 76.00, 7313, 9722128
1606866107, 0, 1738, 1787, 1603, 10, 11.16%, 0, 0, 8, 344.50, 7313, 9724792
1606866163, 0, 1738, 1796, 1612, 10, 11.16%, 0, 0, 8, 53.57, 7313, 9728674
1606866173, 0, 1738, 1800, 1616, 10, 11.16%, 0, 0, 8, 96.79, 7313, 9731659
1606866224, 0, 1738, 1802, 1618, 10, 11.16%, 0, 0, 8, 67.64, 7313, 9742415
1606866235, 0, 1738, 1803, 1619, 10, 11.16%, 0, 0, 8, 309.80, 7313, 9745388
1606866245, 0, 1738, 1804, 1620, 10, 11.16%, 0, 0, 8, 84.02, 7313, 9749487
1606866260, 0, 1738, 1806, 1622, 10, 11.16%, 0, 0, 8, 133.37, 7313, 9751647
1606866292, 0, 1741, 1810, 1625, 11, 11.17%, 0, 0, 8, 689.75, 7321, 9772752
1606866302, 0, 1745, 1814, 1628, 14, 11.17%, 0, 0, 8, 63.12, 7323, 9792245
1606866572, 0, 1745, 1815, 1629, 14, 11.17%, 0, 0, 9, 60.38, 7323, 9819520
1606866710, 0, 1745, 1816, 1630, 14, 11.17%, 0, 0, 9, 69.95, 7323, 9869040
1606866818, 0, 1758, 1816, 1629, 14, 11.17%, 0, 0, 9, 61.71, 7323, 9888311
1606866869, 0, 1758, 1817, 1630, 14, 11.17%, 0, 0, 9, 48.96, 7323, 9891282
1606866956, 0, 1758, 1818, 1631, 14, 11.17%, 0, 0, 9, 1292.81, 7323, 9896532
1606867243, 0, 1758, 1819, 1632, 14, 11.17%, 0, 0, 9, 101.92, 7323, 9911082
1606867269, 0, 1758, 1820, 1633, 14, 11.17%, 0, 0, 9, 34.58, 7323, 9915480
1606867274, 0, 1758, 1821, 1634, 14, 11.17%, 0, 0, 9, 32.86, 7323, 9915641
1606867550, 0, 1758, 1822, 1635, 14, 11.17%, 0, 0, 9, 30.72, 7323, 9969400
1606867576, 0, 1758, 1823, 1636, 14, 11.17%, 0, 0, 9, 723.81, 7323, 9972223
1606867642, 0, 1758, 1824, 1637, 14, 11.17%, 0, 0, 9, 1396.00, 7323, 9977304
1606867688, 0, 1760, 1824, 1636, 14, 11.17%, 0, 0, 9, 84.17, 7323, 9985701
1606868129, 0, 1760, 1825, 1637, 14, 11.17%, 0, 0, 9, 146.38, 7323, 10045356
1606868303, 0, 1760, 1826, 1638, 14, 11.17%, 0, 0, 9, 201.32, 7323, 10075889
1606868334, 0, 1767, 1826, 1637, 13, 11.17%, 0, 0, 9, 127.95, 7323, 10082930
1606869041, 0, 1778, 1826, 1636, 12, 11.17%, 0, 0, 9, 44.44, 7323, 10179479
1606869087, 0, 1778, 1827, 1637, 12, 11.17%, 0, 0, 9, 32.52, 7323, 10181812
