# unix_time, cycles_done, cur_path, paths_total, pending_total, pending_favs, map_size, unique_crashes, unique_hangs, max_depth, execs_per_sec, edge_coverage, total_execs
1602367456, 0, 0, 1, 1, 1, 1.23%, 0, 0, 1, 1333.33, 806, 8
1602367461, 0, 0, 81, 81, 1, 1.58%, 0, 0, 2, 2269.00, 1037, 12892
1602367467, 0, 0, 95, 95, 1, 1.76%, 0, 0, 2, 2409.05, 1151, 25340
1602367472, 0, 0, 99, 99, 1, 1.76%, 0, 0, 2, 2397.51, 1154, 37708
1602367477, 0, 7, 100, 98, 38, 1.76%, 0, 0, 3, 2344.82, 1155, 49809
1602367482, 0, 21, 103, 99, 38, 1.77%, 0, 0, 3, 2336.89, 1157, 61429
1602367487, 0, 22, 104, 99, 37, 1.77%, 0, 0, 3, 2252.64, 1158, 72989
1602367492, 0, 23, 105, 99, 36, 1.77%, 0, 0, 3, 2241.68, 1158, 84268
1602367497, 0, 36, 105, 97, 35, 1.77%, 0, 0, 3, 2174.16, 1158, 95210
1602367502, 0, 39, 106, 96, 34, 1.77%, 0, 0, 3, 2045.05, 1159, 105543
1602367507, 0, 39, 108, 98, 34, 1.77%, 0, 0, 3, 1721.60, 1160, 113741
1602367512, 0, 41, 109, 97, 34, 1.77%, 0, 0, 3, 1437.28, 1162, 120926
1602367517, 0, 43, 109, 95, 32, 1.77%, 0, 0, 3, 1400.87, 1162, 128132
1602367522, 0, 45, 109, 93, 30, 1.77%, 0, 0, 3, 1392.92, 1162, 135021
1602367528, 0, 46, 110, 93, 29, 1.90%, 0, 0, 3, 1405.58, 1245, 142258
1602367533, 0, 51, 111, 91, 27, 1.91%, 0, 0, 3, 1457.50, 1249, 149534
1602367538, 0, 51, 116, 96, 27, 1.91%, 0, 0, 3, 1551.36, 1254, 157416
1602367543, 0, 51, 118, 98, 27, 1.91%, 0, 0, 3, 1577.03, 1254, 165720
1602367548, 0, 51, 122, 102, 27, 1.91%, 0, 0, 3, 1606.17, 1254, 174158
1602367553, 0, 51, 126, 106, 27, 1.97%, 0, 0, 3, 1545.96, 1289, 182126
1602367558, 0, 67, 126, 104, 31, 1.97%, 0, 0, 3, 1532.22, 1289, 189963
1602367563, 0, 69, 126, 103, 30, 1.97%, 0, 0, 3, 1569.73, 1289, 197979
1602367568, 0, 74, 130, 106, 29, 1.99%, 0, 0, 3, 1530.75, 1305, 205613
1602367573, 0, 74, 135, 111, 29, 1.99%, 0, 0, 3, 1497.80, 1305, 213229
1602367579, 0, 74, 141, 117, 29, 2.00%, 0, 0, 3, 1502.52, 1312, 220911
1602367584, 0, 74, 142, 118, 29, 2.00%, 0, 0, 3, 1600.25, 1312, 228857
1602367589, 0, 74, 145, 121, 29, 2.00%, 0, 0, 3, 1571.72, 1313, 236848
1602367594, 0, 81, 146, 121, 35, 2.00%, 0, 0, 3, 1549.42, 1313, 244743
1602367599, 0, 84, 152, 125, 33, 2.00%, 0, 0, 3, 1522.53, 1313, 252670
1602367604, 0, 84, 164, 137, 33, 2.02%, 0, 0, 3, 1465.80, 1321, 260007
1602367609, 0, 84, 169, 142, 33, 2.03%, 0, 0, 3, 1492.97, 1331, 267558
1602367614, 0, 84, 173, 146, 33, 2.03%, 0, 0, 3, 1502.97, 1332, 275218
1602367619, 0, 84, 175, 148, 33, 2.03%, 0, 0, 3, 1467.59, 1332, 282773
1602367624, 0, 86, 175, 147, 37, 2.03%, 0, 0, 3, 1483.23, 1332, 290206
1602367630, 0, 88, 177, 147, 36, 2.04%, 0, 0, 3, 1496.09, 1334, 298032
1602367635, 0, 91, 179, 148, 36, 2.08%, 0, 0, 3, 1477.39, 1365, 305494
1602367640, 0, 91, 182, 151, 36, 2.09%, 0, 0, 3, 1505.52, 1369, 313209
1602367650, 0, 101, 182, 148, 33, 2.09%, 0, 0, 3, 1391.16, 1369, 327665
1602367655, 0, 103, 183, 148, 32, 2.19%, 0, 0, 4, 1440.06, 1434, 334794
1602367660, 0, 108, 184, 147, 32, 2.19%, 0, 0, 4, 1378.46, 1436, 341751
1602367665, 0, 117, 187, 147, 30, 2.21%, 0, 0, 4, 1437.84, 1446, 349173
1602367670, 0, 121, 195, 153, 29, 2.31%, 0, 0, 4, 1461.00, 1516, 356592
1602367675, 0, 121, 202, 160, 29, 2.34%, 0, 0, 4, 1490.24, 1535, 364159
1602367680, 0, 121, 206, 164, 29, 2.35%, 0, 0, 4, 1491.09, 1537, 371731
1602367685, 0, 121, 207, 165, 29, 2.35%, 0, 0, 4, 1445.23, 1543, 378942
1602367690, 0, 121, 208, 166, 29, 2.36%, 0, 0, 4, 1463.30, 1545, 386421
1602367695, 0, 123, 210, 167, 39, 2.36%, 0, 0, 4, 1354.79, 1549, 393246
1602367701, 0, 126, 210, 165, 37, 2.36%, 0, 0, 4, 1385.70, 1549, 400372
1602367706, 0, 127, 210, 164, 36, 2.36%, 0, 0, 4, 1390.88, 1549, 407565
1602367711, 0, 128, 212, 165, 35, 2.37%, 0, 0, 4, 1449.67, 1551, 414808
1602367716, 0, 132, 213, 164, 35, 2.37%, 0, 0, 4, 1502.79, 1553, 422700
1602367721, 0, 133, 222, 172, 34, 2.37%, 0, 0, 4, 1470.24, 1555, 430357
1602367726, 0, 133, 226, 176, 34, 2.38%, 0, 0, 4, 1467.91, 1557, 437871
1602367736, 0, 133, 229, 179, 34, 2.39%, 0, 0, 4, 1478.11, 1568, 453120
1602367742, 0, 136, 230, 179, 37, 2.39%, 0, 0, 4, 1466.98, 1568, 460604
1602367747, 0, 153, 233, 180, 35, 2.39%, 0, 0, 4, 1466.88, 1569, 468019
1602367752, 0, 153, 247, 194, 35, 2.40%, 0, 0, 4, 1469.35, 1571, 475373
1602367757, 0, 153, 248, 195, 35, 2.40%, 0, 0, 4, 1459.40, 1571, 482689
1602367762, 0, 153, 251, 198, 35, 2.40%, 0, 0, 4, 1478.20, 1571, 490224
1602367767, 0, 153, 252, 199, 35, 2.40%, 0, 0, 4, 1471.18, 1571, 497569
1602367772, 0, 156, 254, 200, 34, 2.40%, 0, 0, 4, 1475.49, 1575, 505139
1602367777, 0, 168, 256, 199, 34, 2.41%, 0, 0, 4, 1475.61, 1582, 512588
1602367782, 0, 175, 262, 204, 34, 2.42%, 0, 0, 4, 1469.67, 1588, 520016
1602367792, 0, 175, 263, 205, 34, 2.42%, 0, 0, 4, 1475.94, 1588, 535162
1602367797, 0, 175, 264, 206, 34, 2.42%, 0, 0, 4, 1463.56, 1588, 542623
1602367802, 0, 177, 266, 207, 35, 2.42%, 0, 0, 4, 1470.72, 1589, 550175
1602367808, 0, 177, 291, 232, 35, 2.44%, 0, 0, 4, 1472.37, 1600, 557664
1602367813, 0, 177, 296, 237, 35, 2.47%, 0, 0, 4, 1464.24, 1618, 565099
1602367818, 0, 177, 299, 240, 35, 2.47%, 0, 0, 4, 1473.01, 1618, 572634
1602367823, 0, 177, 300, 241, 35, 2.47%, 0, 0, 4, 1483.89, 1618, 580298
1602367828, 0, 182, 310, 250, 39, 2.48%, 0, 0, 5, 1484.63, 1624, 587853
1602367833, 0, 182, 335, 275, 39, 2.52%, 0, 0, 5, 1469.55, 1649, 595277
1602367838, 0, 182, 339, 279, 39, 2.52%, 0, 0, 5, 1475.38, 1649, 602791
1602367848, 0, 182, 340, 280, 39, 2.52%, 0, 0, 5, 1470.94, 1649, 618082
1602367854, 0, 183, 340, 279, 45, 2.52%, 0, 0, 5, 1421.93, 1649, 625384
1602367859, 0, 187, 342, 279, 45, 2.53%, 0, 0, 5, 1441.16, 1657, 632660
1602367864, 0, 192, 343, 278, 43, 2.53%, 0, 0, 5, 1434.53, 1657, 639994
1602367869, 0, 197, 347, 281, 42, 2.53%, 0, 0, 5, 1456.32, 1659, 647415
1602367874, 0, 197, 349, 283, 42, 2.53%, 0, 0, 5, 1479.45, 1659, 655058
1602367879, 0, 197, 351, 285, 42, 2.53%, 0, 0, 5, 1476.04, 1659, 662643
1602367884, 0, 197, 352, 286, 42, 2.53%, 0, 0, 5, 1476.72, 1659, 670249
1602367889, 0, 198, 363, 296, 42, 2.56%, 0, 0, 5, 1422.81, 1677, 677437
1602367894, 0, 198, 371, 304, 42, 2.56%, 0, 0, 5, 1437.92, 1678, 684757
1602367899, 0, 198, 377, 310, 42, 2.56%, 0, 0, 5, 1469.30, 1678, 692237
1602367905, 0, 198, 381, 314, 42, 2.56%, 0, 0, 5, 1471.41, 1678, 699838
1602367910, 0, 198, 384, 317, 42, 2.56%, 0, 0, 5, 1427.70, 1678, 707093
1602367915, 0, 201, 385, 316, 53, 2.56%, 0, 0, 5, 1444.86, 1678, 714427
1602367920, 0, 201, 388, 319, 53, 2.56%, 0, 0, 5, 1473.37, 1678, 721995
1602367925, 0, 201, 389, 320, 53, 2.56%, 0, 0, 5, 1477.35, 1678, 729659
1602367930, 0, 201, 393, 324, 53, 2.56%, 0, 0, 5, 1486.99, 1678, 737318
1602367935, 0, 201, 394, 325, 53, 2.56%, 0, 0, 5, 1480.16, 1678, 744953
1602367941, 0, 205, 395, 324, 52, 2.56%, 0, 0, 5, 1481.54, 1680, 752555
1602367946, 0, 208, 396, 323, 50, 2.56%, 0, 0, 5, 1444.04, 1680, 759799
1602367951, 0, 209, 397, 323, 49, 2.56%, 0, 0, 5, 1450.74, 1680, 767142
1602367956, 0, 212, 398, 323, 48, 2.57%, 0, 0, 5, 1481.39, 1683, 774699
1602367961, 0, 219, 403, 327, 48, 2.57%, 0, 0, 5, 1476.51, 1685, 782177
1602367966, 0, 219, 406, 330, 48, 2.57%, 0, 0, 5, 1426.30, 1685, 789383
1602367971, 0, 219, 407, 331, 48, 2.57%, 0, 0, 5, 1458.92, 1685, 796825
1602367976, 0, 219, 408, 332, 48, 2.57%, 0, 0, 5, 1473.28, 1685, 804431
1602367981, 0, 219, 409, 333, 48, 2.57%, 0, 0, 5, 1466.04, 1685, 812008
1602367986, 0, 226, 416, 338, 49, 2.59%, 0, 0, 5, 1424.83, 1696, 819169
1602367991, 0, 226, 426, 348, 49, 2.59%, 0, 0, 5, 1436.26, 1696, 826360
1602367996, 0, 226, 431, 353, 49, 2.59%, 0, 0, 5, 1470.01, 1696, 833854
1602368002, 0, 226, 432, 354, 49, 2.59%, 0, 0, 5, 1463.61, 1696, 841315
1602368012, 0, 231, 433, 354, 48, 2.59%, 0, 0, 5, 1440.85, 1696, 856024
1602368017, 0, 241, 434, 354, 47, 2.59%, 0, 0, 5, 1442.90, 1696, 863352
1602368022, 0, 252, 434, 353, 46, 2.59%, 0, 0, 5, 1464.40, 1696, 870802
1602368027, 0, 253, 434, 352, 45, 2.59%, 0, 0, 5, 1462.26, 1696, 878105
1602368032, 0, 255, 439, 355, 47, 2.60%, 0, 0, 5, 1447.19, 1704, 885465
1602368037, 0, 255, 442, 358, 47, 2.60%, 0, 0, 5, 1464.82, 1704, 892936
1602368047, 0, 257, 443, 358, 46, 2.60%, 0, 0, 5, 1453.00, 1704, 907764
1602368052, 0, 258, 444, 358, 45, 2.60%, 0, 0, 5, 1450.75, 1704, 915019
1602368057, 0, 276, 444, 356, 43, 2.60%, 0, 0, 5, 1444.93, 1704, 922321
1602368063, 0, 276, 449, 361, 43, 2.60%, 0, 0, 5, 1455.03, 1706, 929782
1602368068, 0, 276, 451, 363, 43, 2.60%, 0, 0, 5, 1454.89, 1706, 937106
1602368073, 0, 276, 454, 366, 43, 2.60%, 0, 0, 5, 1447.20, 1706, 944428
1602368078, 0, 276, 455, 367, 43, 2.60%, 0, 0, 5, 1461.69, 1706, 951928
1602368083, 0, 286, 455, 366, 42, 2.60%, 0, 0, 5, 1456.06, 1706, 959453
1602368088, 0, 286, 458, 369, 42, 2.60%, 0, 0, 5, 1450.18, 1706, 966740
1602368093, 0, 286, 459, 370, 42, 2.60%, 0, 0, 5, 1457.57, 1706, 974172
1602368108, 0, 290, 463, 373, 42, 2.60%, 0, 0, 5, 1477.19, 1707, 996958
1602368114, 0, 294, 463, 372, 41, 2.60%, 0, 0, 5, 1497.74, 1707, 1004581
1602368119, 0, 304, 463, 371, 40, 2.60%, 0, 0, 5, 1481.46, 1707, 1012128
1602368124, 0, 316, 466, 373, 39, 2.60%, 0, 0, 6, 1448.11, 1707, 1019386
1602368129, 0, 316, 469, 376, 39, 2.60%, 0, 0, 6, 1462.27, 1707, 1026896
1602368139, 0, 316, 470, 377, 39, 2.60%, 0, 0, 6, 1463.14, 1707, 1042013
1602368149, 0, 327, 470, 375, 38, 2.60%, 0, 0, 6, 1479.78, 1707, 1056793
1602368154, 0, 328, 479, 383, 37, 2.60%, 0, 0, 6, 1483.57, 1707, 1064269
1602368159, 0, 328, 482, 386, 37, 2.60%, 0, 0, 6, 1453.79, 1707, 1071688
1602368170, 0, 328, 484, 388, 37, 2.60%, 0, 0, 6, 1491.52, 1707, 1086552
1602368180, 0, 334, 484, 386, 36, 2.60%, 0, 0, 6, 1404.23, 1707, 1101062
1602368185, 0, 340, 484, 384, 34, 2.60%, 0, 0, 6, 1426.52, 1707, 1108415
1602368190, 0, 350, 486, 384, 32, 2.64%, 0, 0, 6, 1453.76, 1727, 1115786
1602368195, 0, 350, 489, 387, 32, 2.64%, 0, 0, 6, 1447.18, 1727, 1123055
1602368200, 0, 350, 495, 393, 32, 2.64%, 0, 0, 6, 1446.56, 1727, 1130439
1602368205, 0, 350, 497, 395, 32, 2.64%, 0, 0, 6, 1457.73, 1727, 1137888
1602368210, 0, 350, 499, 397, 32, 2.64%, 0, 0, 6, 1445.60, 1727, 1145171
1602368215, 0, 353, 502, 399, 35, 2.64%, 0, 0, 6, 1454.36, 1729, 1152620
1602368220, 0, 353, 504, 401, 35, 2.64%, 0, 0, 6, 1460.37, 1730, 1159973
1602368226, 0, 353, 505, 402, 35, 2.64%, 0, 0, 6, 1449.62, 1732, 1167458
1602368231, 0, 353, 510, 407, 35, 2.64%, 0, 0, 6, 1461.17, 1733, 1174869
1602368236, 0, 353, 513, 410, 35, 2.65%, 0, 0, 6, 1460.44, 1735, 1182404
1602368241, 0, 355, 516, 412, 38, 2.65%, 0, 0, 6, 1450.71, 1736, 1189928
1602368246, 0, 356, 518, 413, 38, 2.65%, 0, 0, 6, 1467.04, 1737, 1197374
1602368251, 0, 356, 520, 415, 38, 2.65%, 0, 0, 6, 1461.92, 1738, 1204901
1602368256, 0, 356, 521, 416, 38, 2.65%, 0, 0, 6, 1492.92, 1738, 1212565
1602368272, 0, 357, 524, 418, 39, 2.65%, 0, 0, 6, 1456.23, 1739, 1234823
1602368277, 0, 357, 526, 420, 39, 2.65%, 0, 0, 6, 1454.53, 1739, 1242147
1602368282, 0, 357, 527, 421, 39, 2.65%, 0, 0, 6, 1471.66, 1739, 1249608
1602368287, 0, 357, 528, 422, 39, 2.65%, 0, 0, 6, 1458.77, 1739, 1257040
1602368292, 0, 358, 531, 424, 39, 2.66%, 0, 0, 6, 1456.12, 1744, 1264449
1602368297, 0, 359, 531, 423, 38, 2.66%, 0, 0, 6, 1470.40, 1744, 1271930
1602368302, 0, 360, 533, 424, 37, 2.66%, 0, 0, 6, 1450.64, 1744, 1279408
1602368307, 0, 360, 534, 425, 37, 2.66%, 0, 0, 6, 1458.86, 1744, 1286850
1602368312, 0, 362, 534, 424, 36, 2.66%, 0, 0, 6, 1461.06, 1744, 1294438
1602368318, 0, 387, 534, 421, 33, 2.66%, 0, 0, 6, 1451.27, 1744, 1301954
1602368323, 0, 389, 534, 420, 32, 2.66%, 0, 0, 6, 1456.96, 1744, 1309289
1602368328, 0, 397, 535, 419, 31, 2.66%, 0, 0, 6, 1466.43, 1744, 1316884
1602368333, 0, 402, 537, 420, 30, 2.66%, 0, 0, 6, 1444.97, 1745, 1324172
1602368338, 0, 402, 542, 425, 30, 2.66%, 0, 0, 6, 1395.65, 1746, 1331402
1602368343, 0, 402, 543, 426, 30, 2.66%, 0, 0, 6, 1417.36, 1746, 1338667
1602368348, 0, 402, 544, 427, 30, 2.66%, 0, 0, 6, 1445.20, 1746, 1346039
1602368353, 0, 402, 545, 428, 30, 2.66%, 0, 0, 6, 1440.88, 1746, 1353411
1602368359, 0, 403, 545, 427, 31, 2.66%, 0, 0, 6, 1399.99, 1746, 1360555
1602368364, 0, 403, 546, 428, 31, 2.66%, 0, 0, 6, 1431.08, 1746, 1367896
1602368369, 0, 412, 546, 427, 30, 2.66%, 0, 0, 6, 1444.40, 1746, 1375214
1602368374, 0, 414, 550, 430, 29, 2.71%, 0, 0, 6, 1434.64, 1776, 1382418
1602368379, 0, 414, 553, 433, 29, 2.71%, 0, 0, 6, 1454.38, 1776, 1389791
1602368384, 0, 414, 554, 434, 29, 2.71%, 0, 0, 6, 1449.58, 1778, 1397122
1602368389, 0, 414, 555, 435, 29, 2.71%, 0, 0, 6, 1445.71, 1778, 1404438
1602368394, 0, 414, 556, 436, 29, 2.71%, 0, 0, 6, 1394.70, 1778, 1411641
1602368399, 0, 434, 558, 437, 30, 2.76%, 0, 0, 6, 1430.55, 1812, 1418916
1602368404, 0, 434, 560, 439, 30, 2.77%, 0, 0, 6, 1468.53, 1813, 1426370
1602368415, 0, 434, 561, 440, 30, 2.77%, 0, 0, 6, 1475.21, 1813, 1441603
1602368420, 0, 435, 564, 442, 32, 2.77%, 0, 0, 6, 1442.03, 1816, 1448925
1602368425, 0, 437, 568, 444, 34, 2.80%, 0, 0, 6, 1436.56, 1837, 1456163
1602368430, 0, 444, 570, 444, 34, 2.81%, 0, 0, 6, 1450.39, 1839, 1463501
1602368435, 0, 444, 574, 448, 34, 2.81%, 0, 0, 6, 1478.85, 1840, 1471119
1602368445, 0, 444, 581, 455, 34, 2.81%, 0, 0, 6, 1425.96, 1840, 1485708
1602368450, 0, 444, 586, 460, 34, 2.81%, 0, 0, 6, 1446.78, 1840, 1493084
1602368455, 0, 444, 587, 461, 34, 2.81%, 0, 0, 6, 1460.41, 1840, 1500539
1602368460, 0, 444, 588, 462, 34, 2.81%, 0, 0, 6, 1455.52, 1840, 1508058
1602368465, 0, 444, 591, 465, 34, 2.81%, 0, 0, 6, 1445.09, 1840, 1515328
1602368470, 0, 466, 592, 465, 34, 2.81%, 0, 0, 7, 1453.99, 1840, 1522744
1602368476, 0, 479, 594, 466, 34, 2.81%, 0, 0, 7, 1412.64, 1840, 1529828
1602368481, 0, 479, 596, 468, 34, 2.88%, 0, 0, 7, 1387.59, 1886, 1536557
1602368486, 0, 482, 596, 467, 34, 2.88%, 0, 0, 7, 1408.63, 1886, 1543752
1602368496, 0, 485, 596, 466, 34, 2.88%, 0, 0, 7, 1449.21, 1886, 1558435
1602368501, 0, 486, 597, 466, 33, 2.88%, 0, 0, 7, 1471.60, 1886, 1565944
1602368506, 0, 501, 599, 467, 32, 2.88%, 0, 0, 7, 1468.45, 1886, 1573475
1602368511, 0, 501, 601, 469, 32, 2.88%, 0, 0, 7, 1428.33, 1886, 1580626
1602368521, 0, 501, 603, 471, 32, 2.88%, 0, 0, 7, 1432.39, 1886, 1595370
1602368527, 0, 502, 605, 472, 31, 2.88%, 0, 0, 7, 1455.27, 1886, 1602758
1602368532, 0, 502, 607, 474, 31, 2.88%, 0, 0, 7, 1451.27, 1886, 1610024
1602368547, 0, 502, 608, 475, 31, 2.88%, 0, 0, 7, 1415.14, 1886, 1631887
1602368552, 0, 504, 609, 475, 30, 2.88%, 0, 0, 7, 1444.28, 1886, 1639248
1602368557, 0, 508, 611, 476, 29, 2.88%, 0, 0, 7, 1447.57, 1886, 1646818
1602368562, 0, 513, 612, 476, 28, 2.88%, 0, 0, 7, 1401.96, 1886, 1654090
1602368568, 0, 514, 613, 476, 27, 2.88%, 0, 0, 7, 1438.95, 1886, 1661488
1602368573, 0, 514, 618, 481, 27, 2.88%, 0, 0, 7, 1455.97, 1886, 1668856
1602368578, 0, 514, 620, 483, 27, 2.88%, 0, 0, 7, 1449.09, 1886, 1676338
1602368593, 0, 518, 620, 482, 26, 2.88%, 0, 0, 7, 1457.41, 1886, 1698338
1602368598, 0, 519, 624, 485, 25, 2.88%, 0, 0, 7, 1447.35, 1886, 1705614
1602368609, 0, 522, 624, 484, 24, 2.88%, 0, 0, 7, 1426.40, 1886, 1720161
1602368614, 0, 522, 627, 487, 24, 2.89%, 0, 0, 7, 1454.86, 1893, 1727553
1602368619, 0, 522, 629, 489, 24, 2.89%, 0, 0, 7, 1437.62, 1893, 1734999
1602368629, 0, 522, 630, 490, 24, 2.91%, 0, 0, 7, 1393.35, 1909, 1749512
1602368634, 0, 528, 630, 489, 25, 2.91%, 0, 0, 7, 1361.92, 1909, 1756543
1602368639, 0, 530, 630, 488, 24, 2.91%, 0, 0, 7, 1365.77, 1909, 1763251
1602368644, 0, 530, 635, 493, 24, 2.91%, 0, 0, 7, 1446.10, 1909, 1770637
1602368649, 0, 530, 636, 494, 24, 2.91%, 0, 0, 7, 1477.90, 1909, 1778238
1602368665, 0, 534, 636, 492, 22, 2.91%, 0, 0, 7, 1460.06, 1909, 1800486
1602368670, 0, 535, 636, 491, 21, 2.91%, 0, 0, 7, 1451.56, 1909, 1808071
1602368675, 0, 537, 636, 490, 20, 2.91%, 0, 0, 7, 1453.81, 1909, 1815487
1602368680, 0, 548, 639, 492, 19, 2.92%, 0, 0, 7, 1446.30, 1913, 1822757
1602368685, 0, 549, 640, 492, 20, 2.92%, 0, 0, 7, 1443.24, 1913, 1830033
1602368690, 0, 553, 649, 500, 28, 2.95%, 0, 0, 7, 1448.33, 1934, 1837330
1602368695, 0, 556, 649, 499, 27, 2.95%, 0, 0, 7, 1450.44, 1934, 1844639
1602368700, 0, 559, 651, 499, 25, 2.95%, 0, 0, 7, 1462.76, 1934, 1852125
1602368705, 0, 559, 654, 502, 25, 2.95%, 0, 0, 7, 1465.12, 1934, 1859598
1602368711, 0, 559, 658, 506, 25, 2.95%, 0, 0, 7, 1449.93, 1934, 1867054
1602368726, 0, 563, 658, 505, 24, 2.95%, 0, 0, 7, 1453.68, 1934, 1889435
1602368731, 0, 565, 658, 503, 22, 2.95%, 0, 0, 7, 1476.06, 1934, 1896983
1602368736, 0, 566, 661, 505, 21, 2.98%, 0, 0, 7, 1462.78, 1952, 1904276
1602368741, 0, 566, 663, 507, 21, 2.98%, 0, 0, 7, 1487.66, 1955, 1911890
1602368746, 0, 566, 664, 508, 21, 2.98%, 0, 0, 7, 1481.89, 1955, 1919525
1602368756, 0, 567, 664, 507, 25, 2.98%, 0, 0, 7, 1457.59, 1955, 1934128
1602368762, 0, 569, 665, 507, 24, 2.98%, 0, 0, 7, 1453.90, 1955, 1941680
1602368767, 0, 570, 665, 506, 23, 2.98%, 0, 0, 7, 1469.76, 1955, 1949154
1602368782, 0, 572, 665, 505, 22, 2.98%, 0, 0, 7, 1469.23, 1955, 1971219
1602368797, 0, 591, 665, 504, 21, 2.98%, 0, 0, 7, 1452.04, 1955, 1993574
1602368802, 0, 594, 676, 514, 20, 3.06%, 0, 0, 8, 1464.67, 2006, 2000967
1602368807, 0, 594, 691, 529, 20, 3.08%, 0, 0, 8, 1456.43, 2021, 2008273
1602368812, 0, 594, 693, 531, 20, 3.08%, 0, 0, 8, 1423.89, 2021, 2015369
1602368817, 0, 594, 694, 532, 20, 3.08%, 0, 0, 8, 1446.57, 2021, 2022741
1602368822, 0, 594, 697, 535, 20, 3.09%, 0, 0, 8, 1429.93, 2022, 2030073
1602368827, 0, 598, 697, 534, 30, 3.09%, 0, 0, 8, 1429.51, 2022, 2037378
1602368832, 0, 598, 698, 535, 30, 3.09%, 0, 0, 8, 1432.15, 2022, 2044528
1602368838, 0, 598, 702, 539, 30, 3.09%, 0, 0, 8, 1427.54, 2022, 2051840
1602368853, 0, 598, 703, 540, 30, 3.09%, 0, 0, 8, 1433.56, 2022, 2073296
1602368858, 0, 601, 707, 543, 30, 3.09%, 0, 0, 8, 1429.20, 2022, 2080555
1602368863, 0, 601, 708, 544, 30, 3.09%, 0, 0, 8, 1444.26, 2022, 2087955
1602368878, 0, 601, 709, 545, 30, 3.09%, 0, 0, 8, 1388.14, 2022, 2109737
1602368883, 0, 626, 709, 544, 29, 3.09%, 0, 0, 8, 1413.63, 2022, 2116914
1602368888, 0, 629, 713, 547, 29, 3.24%, 0, 0, 8, 1409.59, 2126, 2123887
1602368894, 0, 629, 716, 550, 29, 3.27%, 0, 0, 8, 1422.79, 2144, 2131135
1602368899, 0, 629, 718, 552, 29, 3.31%, 0, 0, 8, 1432.03, 2169, 2138543
1602368904, 0, 629, 719, 553, 29, 3.31%, 0, 0, 8, 1444.03, 2170, 2145971
1602368909, 0, 629, 720, 554, 29, 3.31%, 0, 0, 8, 1444.48, 2170, 2153287
1602368914, 0, 637, 722, 555, 35, 3.31%, 0, 0, 8, 1444.04, 2170, 2160541
1602368919, 0, 637, 724, 557, 35, 3.31%, 0, 0, 8, 1436.21, 2170, 2167921
1602368924, 0, 637, 725, 558, 35, 3.31%, 0, 0, 8, 1437.52, 2170, 2175293
1602368929, 0, 637, 727, 560, 35, 3.31%, 0, 0, 8, 1443.63, 2170, 2182673
1602368940, 0, 638, 727, 559, 34, 3.31%, 0, 0, 8, 1385.35, 2170, 2196913
1602368945, 0, 641, 727, 557, 32, 3.31%, 0, 0, 8, 1401.97, 2170, 2203940
1602368950, 0, 642, 727, 556, 31, 3.31%, 0, 0, 8, 1424.45, 2170, 2211124
1602368955, 0, 643, 727, 555, 30, 3.31%, 0, 0, 8, 1407.74, 2170, 2218284
1602368960, 0, 644, 727, 554, 29, 3.31%, 0, 0, 8, 1421.93, 2170, 2225539
1602368965, 0, 645, 727, 553, 28, 3.31%, 0, 0, 8, 1428.49, 2170, 2232810
1602368970, 0, 646, 727, 552, 27, 3.31%, 0, 0, 8, 1422.24, 2170, 2240026
1602368975, 0, 647, 727, 551, 26, 3.31%, 0, 0, 8, 1436.18, 2170, 2247326
1602368980, 0, 653, 727, 549, 24, 3.31%, 0, 0, 8, 1433.27, 2170, 2254518
1602368990, 0, 658, 727, 548, 24, 3.31%, 0, 0, 8, 1399.18, 2170, 2269354
1602368995, 0, 658, 730, 551, 24, 3.58%, 0, 0, 8, 1409.19, 2345, 2276546
1602369001, 0, 658, 734, 555, 24, 3.61%, 0, 0, 8, 1437.26, 2369, 2283914
1602369006, 0, 658, 736, 557, 24, 3.61%, 0, 0, 8, 1435.42, 2369, 2291266
1602369011, 0, 658, 738, 559, 24, 3.62%, 0, 0, 8, 1447.63, 2371, 2298646
1602369016, 0, 660, 741, 561, 30, 3.65%, 0, 0, 8, 1411.15, 2392, 2305702
1602369021, 0, 660, 745, 565, 30, 3.76%, 0, 0, 8, 1415.56, 2466, 2312887
1602369026, 0, 660, 746, 566, 30, 3.78%, 0, 0, 8, 1432.92, 2480, 2320231
1602369031, 0, 660, 747, 567, 30, 3.85%, 0, 0, 8, 1424.16, 2526, 2327603
1602369036, 0, 660, 748, 568, 30, 3.85%, 0, 0, 8, 1430.32, 2526, 2334975
1602369041, 0, 665, 748, 567, 31, 3.85%, 0, 0, 8, 1439.28, 2526, 2342354
1602369047, 0, 666, 748, 566, 30, 3.85%, 0, 0, 8, 1434.27, 2526, 2349683
1602369052, 0, 669, 748, 565, 30, 3.85%, 0, 0, 8, 1449.83, 2526, 2357040
1602369057, 0, 671, 748, 564, 29, 3.85%, 0, 0, 8, 1453.85, 2526, 2364425
1602369062, 0, 672, 748, 563, 28, 3.85%, 0, 0, 8, 1443.23, 2526, 2371747
1602369067, 0, 672, 750, 565, 28, 3.85%, 0, 0, 9, 1445.70, 2526, 2379099
1602369072, 0, 673, 750, 564, 27, 3.85%, 0, 0, 9, 1445.22, 2526, 2386431
1602369077, 0, 677, 750, 563, 26, 3.85%, 0, 0, 9, 1435.03, 2526, 2393786
1602369082, 0, 683, 750, 561, 24, 3.85%, 0, 0, 9, 1446.54, 2526, 2401105
1602369087, 0, 686, 750, 560, 23, 3.85%, 0, 0, 9, 1476.59, 2526, 2408653
1602369092, 0, 695, 750, 559, 22, 3.85%, 0, 0, 9, 1444.94, 2526, 2415967
1602369097, 0, 709, 754, 562, 21, 3.90%, 0, 0, 9, 1433.32, 2558, 2423127
1602369102, 0, 709, 758, 566, 21, 3.91%, 0, 0, 9, 1449.58, 2562, 2430467
1602369108, 0, 709, 761, 569, 21, 3.92%, 0, 0, 9, 1447.63, 2566, 2437827
1602369118, 0, 711, 764, 571, 27, 3.92%, 0, 0, 9, 1463.63, 2568, 2452619
1602369123, 0, 712, 764, 570, 28, 3.92%, 0, 0, 9, 1447.66, 2568, 2459884
1602369128, 0, 713, 765, 570, 27, 3.92%, 0, 0, 9, 1460.03, 2568, 2467340
1602369133, 0, 716, 765, 569, 26, 3.92%, 0, 0, 9, 1473.82, 2568, 2474918
1602369138, 0, 716, 768, 572, 26, 3.93%, 0, 0, 9, 1448.58, 2575, 2482206
1602369148, 0, 716, 769, 573, 26, 3.94%, 0, 0, 9, 1422.94, 2580, 2496718
1602369153, 0, 719, 769, 572, 27, 3.94%, 0, 0, 9, 1448.68, 2580, 2504100
1602369158, 0, 719, 771, 574, 27, 3.95%, 0, 0, 9, 1441.47, 2590, 2511452
1602369163, 0, 719, 774, 577, 27, 3.96%, 0, 0, 9, 1448.98, 2592, 2518829
1602369169, 0, 719, 776, 579, 27, 3.96%, 0, 0, 9, 1447.28, 2594, 2526164
1602369174, 0, 729, 777, 579, 27, 3.96%, 0, 0, 9, 1428.03, 2596, 2533384
1602369179, 0, 729, 780, 582, 27, 3.96%, 0, 0, 9, 1417.33, 2598, 2540719
1602369184, 0, 729, 790, 592, 27, 4.03%, 0, 0, 9, 1397.71, 2641, 2547799
1602369189, 0, 729, 792, 594, 27, 4.03%, 0, 0, 9, 1385.50, 2642, 2554876
1602369194, 0, 729, 794, 596, 27, 4.03%, 0, 0, 9, 1412.30, 2643, 2562083
1602369199, 0, 730, 799, 600, 36, 4.03%, 0, 0, 9, 1334.33, 2643, 2568793
1602369204, 0, 730, 807, 608, 36, 4.09%, 0, 0, 9, 1364.85, 2682, 2575644
1602369209, 0, 730, 808, 609, 36, 4.09%, 0, 0, 9, 1391.94, 2682, 2582753
1602369214, 0, 731, 811, 611, 39, 4.12%, 0, 0, 9, 1361.86, 2698, 2589798
1602369220, 0, 731, 816, 616, 39, 4.14%, 0, 0, 9, 1397.78, 2715, 2596856
1602369225, 0, 731, 822, 622, 39, 4.17%, 0, 0, 9, 1406.43, 2730, 2604025
1602369230, 0, 731, 823, 623, 39, 4.17%, 0, 0, 9, 1430.69, 2730, 2611369
1602369235, 0, 736, 824, 623, 47, 4.17%, 0, 0, 9, 1399.29, 2731, 2618561
1602369240, 0, 736, 826, 625, 47, 4.18%, 0, 0, 9, 1353.11, 2742, 2625435
1602369245, 0, 738, 828, 626, 46, 4.20%, 0, 0, 9, 1318.85, 2755, 2632194
1602369250, 0, 738, 829, 627, 46, 4.22%, 0, 0, 9, 1310.00, 2768, 2638949
1602369255, 0, 739, 829, 626, 48, 4.22%, 0, 0, 9, 1347.09, 2768, 2645958
1602369260, 0, 739, 832, 629, 48, 4.23%, 0, 0, 9, 1385.97, 2772, 2652882
1602369271, 0, 739, 834, 631, 48, 4.23%, 0, 0, 9, 1425.99, 2772, 2667535
1602369276, 0, 740, 834, 630, 47, 4.23%, 0, 0, 9, 1355.45, 2772, 2674317
1602369281, 0, 740, 836, 632, 47, 4.24%, 0, 0, 9, 1359.49, 2779, 2681050
1602369286, 0, 740, 837, 633, 47, 4.24%, 0, 0, 9, 1388.14, 2779, 2688159
1602369291, 0, 742, 838, 633, 46, 4.25%, 0, 0, 9, 1374.56, 2788, 2695064
1602369296, 0, 742, 839, 634, 46, 4.26%, 0, 0, 9, 1379.39, 2791, 2701917
1602369301, 0, 743, 842, 636, 47, 4.26%, 0, 0, 9, 1415.03, 2793, 2709115
1602369306, 0, 743, 844, 638, 47, 4.26%, 0, 0, 9, 1435.61, 2795, 2716320
1602369311, 0, 743, 846, 640, 47, 4.28%, 0, 0, 9, 1491.61, 2802, 2723870
1602369321, 0, 749, 847, 640, 48, 4.28%, 0, 0, 9, 1419.89, 2802, 2738460
1602369326, 0, 749, 850, 643, 48, 4.28%, 0, 0, 10, 1475.38, 2803, 2745901
1602369331, 0, 749, 851, 644, 48, 4.28%, 0, 0, 10, 1464.04, 2803, 2753304
1602369336, 0, 749, 852, 645, 48, 4.28%, 0, 0, 10, 1425.60, 2803, 2760628
1602369342, 0, 750, 852, 644, 48, 4.28%, 0, 0, 10, 1415.65, 2803, 2767898
1602369347, 0, 750, 854, 646, 48, 4.30%, 0, 0, 10, 1443.83, 2815, 2775305
1602369352, 0, 750, 855, 647, 48, 4.30%, 0, 0, 10, 1437.34, 2815, 2782677
1602369357, 0, 750, 857, 649, 48, 4.30%, 0, 0, 10, 1437.35, 2815, 2790057
1602369362, 0, 751, 858, 649, 48, 4.30%, 0, 0, 10, 1447.09, 2815, 2797447
1602369367, 0, 752, 858, 648, 47, 4.30%, 0, 0, 10, 1475.71, 2815, 2805005
1602369372, 0, 752, 859, 649, 47, 4.34%, 0, 0, 10, 1444.22, 2844, 2812390
1602369377, 0, 753, 859, 648, 47, 4.34%, 0, 0, 10, 1430.97, 2844, 2819738
1602369387, 0, 753, 866, 655, 47, 4.34%, 0, 0, 10, 1435.87, 2844, 2834352
1602369393, 0, 753, 869, 658, 47, 4.34%, 0, 0, 10, 1459.53, 2844, 2841793
1602369398, 0, 753, 871, 660, 47, 4.34%, 0, 0, 10, 1458.53, 2844, 2849146
1602369403, 0, 758, 872, 660, 47, 4.34%, 0, 0, 10, 1407.41, 2844, 2856370
1602369408, 0, 759, 873, 660, 46, 4.34%, 0, 0, 10, 1427.04, 2844, 2863716
1602369423, 0, 759, 874, 661, 46, 4.34%, 0, 0, 10, 1468.56, 2844, 2886035
1602369428, 0, 761, 874, 660, 45, 4.34%, 0, 0, 10, 1429.15, 2844, 2893335
1602369433, 0, 762, 874, 659, 44, 4.34%, 0, 0, 10, 1408.92, 2844, 2900321
1602369438, 0, 763, 874, 658, 43, 4.34%, 0, 0, 10, 1431.66, 2844, 2907673
1602369443, 0, 768, 874, 657, 42, 4.34%, 0, 0, 10, 1458.55, 2844, 2915051
1602369449, 0, 768, 876, 659, 42, 4.34%, 0, 0, 10, 1455.06, 2845, 2922369
1602369454, 0, 768, 877, 660, 42, 4.34%, 0, 0, 10, 1450.36, 2845, 2929656
1602369459, 0, 770, 878, 660, 42, 4.34%, 0, 0, 10, 1466.15, 2845, 2937066
1602369464, 0, 770, 880, 662, 42, 4.35%, 0, 0, 10, 1446.17, 2852, 2944593
1602369479, 0, 771, 880, 661, 43, 4.35%, 0, 0, 10, 1476.03, 2852, 2966834
1602369484, 0, 774, 880, 660, 41, 4.35%, 0, 0, 10, 1432.31, 2852, 2974217
1602369495, 0, 774, 881, 661, 41, 4.35%, 0, 0, 10, 1429.65, 2852, 2988880
1602369500, 0, 774, 883, 663, 41, 4.35%, 0, 0, 10, 1441.56, 2853, 2996232
1602369505, 0, 774, 884, 664, 41, 4.35%, 0, 0, 10, 1439.32, 2853, 3003604
1602369510, 0, 776, 887, 666, 41, 4.36%, 0, 0, 10, 1415.05, 2855, 3010865
1602369515, 0, 776, 889, 668, 41, 4.37%, 0, 0, 10, 1338.14, 2862, 3017573
1602369520, 0, 777, 889, 667, 43, 4.37%, 0, 0, 10, 1337.94, 2862, 3024287
1602369525, 0, 777, 891, 669, 43, 4.37%, 0, 0, 10, 1407.06, 2867, 3031354
1602369530, 0, 779, 894, 671, 43, 4.38%, 0, 0, 10, 1372.82, 2869, 3038395
1602369535, 0, 779, 896, 673, 43, 4.38%, 0, 0, 10, 1397.03, 2870, 3045432
1602369540, 0, 779, 901, 678, 43, 4.39%, 0, 0, 10, 1411.18, 2874, 3052562
1602369545, 0, 779, 904, 681, 43, 4.39%, 0, 0, 10, 1411.99, 2874, 3059670
1602369550, 0, 779, 910, 687, 43, 4.39%, 0, 0, 10, 1419.35, 2876, 3066886
1602369555, 0, 788, 913, 689, 45, 4.41%, 0, 0, 10, 1347.55, 2887, 3073587
1602369561, 0, 792, 914, 689, 46, 4.41%, 0, 0, 10, 1366.36, 2887, 3080524
1602369571, 0, 799, 914, 688, 45, 4.41%, 0, 0, 10, 1397.35, 2887, 3094488
1602369576, 0, 800, 914, 687, 44, 4.41%, 0, 0, 10, 1385.75, 2887, 3101527
1602369586, 0, 801, 915, 687, 44, 4.41%, 0, 0, 10, 1371.59, 2889, 3115401
1602369591, 0, 803, 915, 686, 44, 4.41%, 0, 0, 10, 1366.74, 2889, 3122592
1602369596, 0, 803, 916, 687, 44, 4.41%, 0, 0, 10, 1372.42, 2890, 3129392
1602369601, 0, 804, 916, 686, 44, 4.41%, 0, 0, 10, 1369.46, 2890, 3136591
1602369607, 0, 804, 917, 687, 44, 4.41%, 0, 0, 10, 1384.08, 2892, 3143707
1602369612, 0, 806, 927, 696, 44, 4.42%, 0, 0, 10, 1325.77, 2898, 3150334
1602369617, 0, 806, 930, 699, 44, 4.43%, 0, 0, 10, 1317.88, 2902, 3156969
1602369622, 0, 806, 942, 711, 44, 4.44%, 0, 0, 10, 1384.73, 2912, 3164017
1602369627, 0, 806, 945, 714, 44, 4.44%, 0, 0, 10, 1390.54, 2912, 3171142
1602369632, 0, 806, 947, 716, 44, 4.47%, 0, 0, 10, 1404.95, 2931, 3178220
1602369637, 0, 808, 948, 716, 48, 4.47%, 0, 0, 10, 1394.38, 2931, 3185441
1602369642, 0, 808, 949, 717, 48, 4.48%, 0, 0, 10, 1432.91, 2939, 3192623
1602369647, 0, 809, 949, 716, 48, 4.48%, 0, 0, 10, 1428.05, 2939, 3199858
1602369652, 0, 810, 949, 715, 47, 4.48%, 0, 0, 10, 1418.26, 2939, 3207008
1602369657, 0, 810, 950, 716, 47, 4.48%, 0, 0, 10, 1468.93, 2939, 3214326
1602369662, 0, 810, 953, 719, 47, 4.49%, 0, 0, 10, 1497.18, 2940, 3222006
1602369667, 0, 810, 955, 721, 47, 4.49%, 0, 0, 10, 1456.62, 2941, 3229446
1602369672, 0, 813, 956, 721, 47, 4.49%, 0, 0, 10, 1434.52, 2941, 3236686
1602369683, 0, 814, 956, 720, 46, 4.49%, 0, 0, 10, 1457.95, 2941, 3251553
1602369688, 0, 815, 956, 719, 45, 4.49%, 0, 0, 10, 1475.87, 2941, 3259049
1602369698, 0, 817, 959, 721, 44, 4.49%, 0, 0, 10, 1434.18, 2943, 3273646
1602369708, 0, 817, 960, 722, 44, 4.49%, 0, 0, 10, 1438.03, 2943, 3288229
1602369713, 0, 817, 965, 727, 44, 4.50%, 0, 0, 10, 1428.01, 2947, 3295493
1602369718, 0, 817, 967, 729, 44, 4.50%, 0, 0, 10, 1453.56, 2947, 3302922
1602369723, 0, 824, 971, 732, 45, 4.50%, 0, 0, 10, 1460.43, 2947, 3310386
1602369729, 0, 828, 972, 732, 45, 4.50%, 0, 0, 10, 1435.79, 2947, 3317820
1602369739, 0, 834, 973, 732, 47, 4.50%, 0, 0, 10, 1412.43, 2948, 3332095
1602369744, 0, 834, 975, 734, 47, 4.50%, 0, 0, 10, 1442.70, 2951, 3339302
1602369749, 0, 837, 975, 733, 48, 4.50%, 0, 0, 10, 1449.32, 2951, 3346621
1602369754, 0, 838, 977, 734, 47, 4.51%, 0, 0, 10, 1437.66, 2953, 3353949
1602369764, 0, 841, 977, 733, 48, 4.51%, 0, 0, 10, 1376.48, 2953, 3368056
1602369769, 0, 842, 978, 733, 47, 4.54%, 0, 0, 10, 1416.58, 2974, 3375479
1602369780, 0, 844, 978, 732, 48, 4.54%, 0, 0, 10, 1412.98, 2974, 3390184
1602369785, 0, 845, 979, 732, 47, 4.54%, 0, 0, 10, 1397.30, 2974, 3397494
1602369790, 0, 848, 979, 731, 46, 4.54%, 0, 0, 10, 1440.24, 2974, 3404960
1602369795, 0, 852, 979, 730, 45, 4.54%, 0, 0, 10, 1483.36, 2974, 3412449
1602369805, 0, 852, 980, 731, 45, 4.54%, 0, 0, 11, 1510.39, 2974, 3427976
1602369810, 0, 853, 980, 730, 44, 4.54%, 0, 0, 11, 1531.78, 2974, 3435637
1602369826, 0, 853, 984, 734, 44, 4.54%, 0, 0, 11, 1532.09, 2976, 3459213
1602369831, 0, 853, 985, 735, 44, 4.54%, 0, 0, 11, 1513.49, 2976, 3466811
1602369836, 0, 853, 986, 736, 44, 4.54%, 0, 0, 11, 1488.45, 2976, 3474360
1602369841, 0, 862, 986, 735, 44, 4.54%, 0, 0, 11, 1499.05, 2976, 3481974
1602369851, 0, 870, 988, 736, 43, 4.54%, 0, 0, 11, 1524.70, 2976, 3497675
1602369856, 0, 870, 990, 738, 43, 4.55%, 0, 0, 11, 1534.79, 2979, 3505531
1602369862, 0, 870, 991, 739, 43, 4.55%, 0, 0, 11, 1537.77, 2981, 3513424
1602369867, 0, 870, 999, 747, 43, 4.55%, 0, 0, 11, 1548.01, 2981, 3521310
1602369872, 0, 870, 1006, 754, 43, 4.55%, 0, 0, 11, 1519.09, 2981, 3529136
1602369877, 0, 870, 1012, 760, 43, 4.55%, 0, 0, 11, 1523.35, 2981, 3536924
1602369882, 0, 870, 1017, 765, 43, 4.55%, 0, 0, 11, 1531.94, 2981, 3544748
1602369887, 0, 874, 1017, 764, 46, 4.55%, 0, 0, 11, 1517.99, 2981, 3552442
1602369892, 0, 878, 1017, 763, 45, 4.55%, 0, 0, 11, 1530.09, 2981, 3560293
1602369897, 0, 879, 1017, 762, 44, 4.55%, 0, 0, 11, 1475.77, 2981, 3567674
1602369902, 0, 879, 1018, 763, 44, 4.56%, 0, 0, 11, 1468.54, 2988, 3575170
1602369907, 0, 879, 1020, 765, 44, 4.56%, 0, 0, 11, 1467.29, 2988, 3582663
1602369913, 0, 882, 1020, 764, 44, 4.56%, 0, 0, 11, 1425.55, 2988, 3589798
1602369928, 0, 882, 1025, 769, 44, 4.56%, 0, 0, 11, 1465.65, 2988, 3611849
1602369933, 0, 882, 1026, 770, 44, 4.56%, 0, 0, 11, 1464.20, 2988, 3619397
1602369938, 0, 882, 1027, 771, 44, 4.56%, 0, 0, 11, 1456.02, 2988, 3626771
1602369943, 0, 886, 1028, 771, 43, 4.56%, 0, 0, 11, 1435.72, 2991, 3634046
1602369948, 0, 886, 1029, 772, 43, 4.56%, 0, 0, 11, 1390.92, 2991, 3641129
1602369953, 0, 886, 1031, 774, 43, 4.57%, 0, 0, 11, 1423.37, 2997, 3648462
1602369958, 0, 887, 1031, 773, 46, 4.57%, 0, 0, 11, 1343.93, 2997, 3655386
1602369964, 0, 890, 1031, 772, 45, 4.57%, 0, 0, 11, 1356.91, 2997, 3662403
1602369969, 0, 890, 1032, 773, 45, 4.57%, 0, 0, 11, 1406.05, 2997, 3669508
1602369974, 0, 891, 1032, 772, 45, 4.57%, 0, 0, 11, 1426.94, 2997, 3676812
1602369979, 0, 891, 1033, 773, 45, 4.57%, 0, 0, 11, 1442.61, 2997, 3684150
1602369984, 0, 892, 1033, 772, 44, 4.57%, 0, 0, 11, 1422.55, 2997, 3691397
1602369994, 0, 892, 1036, 775, 44, 4.57%, 0, 0, 11, 1441.57, 2997, 3705739
1602370004, 0, 892, 1038, 777, 44, 4.57%, 0, 0, 11, 1399.56, 2997, 3720245
1602370009, 0, 893, 1039, 777, 43, 4.57%, 0, 0, 11, 1395.08, 2997, 3727363
1602370019, 0, 893, 1041, 779, 43, 4.57%, 0, 0, 11, 1437.75, 2997, 3741935
1602370025, 0, 893, 1042, 780, 43, 4.57%, 0, 0, 11, 1453.14, 2997, 3749354
1602370035, 0, 894, 1042, 779, 42, 4.57%, 0, 0, 11, 1375.42, 2997, 3763744
1602370045, 0, 894, 1044, 781, 42, 4.57%, 0, 0, 11, 1430.54, 2997, 3778155
1602370050, 0, 907, 1045, 781, 41, 4.57%, 0, 0, 11, 1423.04, 2997, 3785445
1602370060, 0, 907, 1051, 787, 41, 4.58%, 0, 0, 11, 1405.24, 3000, 3799428
1602370065, 0, 907, 1053, 789, 41, 4.58%, 0, 0, 11, 1413.66, 3000, 3806584
1602370070, 0, 907, 1056, 792, 41, 4.58%, 0, 0, 11, 1416.76, 3000, 3813860
1602370076, 0, 910, 1058, 793, 41, 4.58%, 0, 0, 11, 1408.94, 3004, 3821141
1602370081, 0, 910, 1059, 794, 41, 4.58%, 0, 0, 11, 1376.65, 3004, 3827924
1602370086, 0, 910, 1060, 795, 41, 4.58%, 0, 0, 11, 1405.86, 3004, 3835296
1602370091, 0, 912, 1060, 794, 43, 4.58%, 0, 0, 11, 1371.41, 3004, 3842258
1602370096, 0, 914, 1060, 793, 42, 4.58%, 0, 0, 11, 1369.17, 3004, 3849087
1602370101, 0, 914, 1061, 794, 42, 4.60%, 0, 0, 11, 1379.18, 3012, 3855971
1602370106, 0, 915, 1064, 796, 42, 4.60%, 0, 0, 11, 1334.74, 3014, 3862681
1602370116, 0, 916, 1064, 795, 42, 4.60%, 0, 0, 11, 1357.69, 3014, 3876485
1602370121, 0, 923, 1066, 796, 41, 4.60%, 0, 0, 11, 1369.85, 3015, 3883621
1602370127, 0, 923, 1067, 797, 41, 4.60%, 0, 0, 11, 1306.19, 3015, 3890327
1602370137, 0, 926, 1069, 798, 42, 4.61%, 0, 0, 11, 1297.33, 3022, 3903618
1602370147, 0, 926, 1072, 801, 42, 4.61%, 0, 0, 11, 1381.72, 3023, 3917358
1602370152, 0, 926, 1076, 805, 42, 4.62%, 0, 0, 11, 1420.29, 3028, 3924595
1602370157, 0, 926, 1077, 806, 42, 4.62%, 0, 0, 11, 1389.13, 3028, 3931816
1602370162, 0, 932, 1078, 806, 43, 4.62%, 0, 0, 11, 1312.51, 3028, 3938594
1602370173, 0, 940, 1078, 805, 42, 4.62%, 0, 0, 11, 1322.82, 3028, 3951961
1602370183, 0, 940, 1079, 806, 42, 4.62%, 0, 0, 11, 1347.75, 3028, 3965378
1602370188, 0, 940, 1080, 807, 42, 4.63%, 0, 0, 11, 1391.04, 3033, 3972472
1602370193, 0, 946, 1085, 811, 42, 4.63%, 0, 0, 11, 1344.34, 3033, 3979475
1602370198, 0, 946, 1086, 812, 42, 4.63%, 0, 0, 11, 1318.65, 3036, 3986044
1602370203, 0, 946, 1088, 814, 42, 4.63%, 0, 0, 11, 1374.45, 3036, 3993144
1602370208, 0, 946, 1091, 817, 42, 4.64%, 0, 0, 11, 1395.24, 3039, 4000242
1602370213, 0, 946, 1095, 821, 42, 4.64%, 0, 0, 11, 1389.10, 3040, 4007340
1602370218, 0, 948, 1096, 821, 44, 4.64%, 0, 0, 11, 1377.46, 3040, 4014287
1602370228, 0, 954, 1097, 821, 43, 4.64%, 0, 0, 11, 1348.94, 3040, 4027998
1602370234, 0, 954, 1099, 823, 43, 4.64%, 0, 0, 11, 1372.85, 3042, 4034958
1602370239, 0, 954, 1103, 827, 43, 4.64%, 0, 0, 11, 1411.77, 3042, 4042187
1602370254, 0, 957, 1103, 826, 43, 4.64%, 0, 0, 11, 1388.62, 3042, 4063668
1602370264, 0, 957, 1104, 827, 43, 4.64%, 0, 0, 11, 1415.47, 3042, 4077875
1602370269, 0, 970, 1104, 826, 42, 4.64%, 0, 0, 11, 1384.94, 3042, 4084720
1602370274, 0, 971, 1104, 825, 41, 4.64%, 0, 0, 11, 1357.08, 3042, 4091852
1602370284, 0, 972, 1106, 826, 40, 4.65%, 0, 0, 11, 1332.86, 3048, 4105355
1602370295, 0, 973, 1106, 825, 40, 4.65%, 0, 0, 11, 1342.52, 3048, 4119075
1602370305, 0, 974, 1107, 825, 39, 4.65%, 0, 0, 11, 1393.12, 3048, 4132891
1602370315, 0, 975, 1107, 824, 38, 4.65%, 0, 0, 11, 1432.98, 3048, 4147673
1602370320, 0, 976, 1108, 824, 37, 4.65%, 0, 0, 11, 1430.95, 3048, 4154938
1602370330, 0, 977, 1108, 823, 37, 4.65%, 0, 0, 11, 1426.72, 3048, 4169550
1602370336, 0, 981, 1108, 822, 36, 4.65%, 0, 0, 11, 1511.68, 3048, 4177467
1602370351, 0, 991, 1108, 821, 35, 4.65%, 0, 0, 11, 1539.71, 3048, 4201342
1602370366, 0, 991, 1109, 822, 35, 4.65%, 0, 0, 12, 1555.82, 3048, 4225409
1602370371, 0, 991, 1111, 824, 35, 4.65%, 0, 0, 12, 1577.64, 3048, 4233547
1602370376, 0, 991, 1114, 827, 35, 4.65%, 0, 0, 12, 1567.46, 3048, 4241538
1602370382, 0, 996, 1114, 826, 35, 4.65%, 0, 0, 12, 1592.88, 3048, 4249679
1602370397, 0, 1005, 1115, 826, 34, 4.65%, 0, 0, 12, 1573.93, 3048, 4273395
1602370412, 0, 1014, 1115, 825, 33, 4.65%, 0, 0, 12, 1577.09, 3048, 4297780
1602370427, 0, 1017, 1115, 824, 32, 4.65%, 0, 0, 12, 1582.90, 3048, 4321622
1602370438, 0, 1017, 1116, 825, 32, 4.65%, 0, 0, 12, 1513.16, 3048, 4337181
1602370443, 0, 1027, 1116, 824, 31, 4.65%, 0, 0, 12, 1460.77, 3048, 4344453
1602370448, 0, 1028, 1116, 823, 30, 4.65%, 0, 0, 12, 1487.61, 3048, 4352002
1602370453, 0, 1029, 1116, 822, 29, 4.65%, 0, 0, 12, 1472.24, 3048, 4359685
1602370458, 0, 1029, 1117, 823, 29, 4.66%, 0, 0, 12, 1447.51, 3051, 4367052
1602370463, 0, 1030, 1117, 822, 29, 4.66%, 0, 0, 12, 1442.89, 3051, 4374313
1602370468, 0, 1031, 1117, 821, 28, 4.66%, 0, 0, 12, 1499.30, 3051, 4381925
1602370473, 0, 1044, 1117, 820, 27, 4.66%, 0, 0, 12, 1510.48, 3051, 4389489
1602370483, 0, 1044, 1118, 821, 27, 4.66%, 0, 0, 12, 1464.70, 3054, 4404415
1602370488, 0, 1044, 1119, 822, 27, 4.66%, 0, 0, 12, 1489.54, 3054, 4412050
1602370493, 0, 1044, 1123, 826, 27, 4.66%, 0, 0, 12, 1520.99, 3054, 4419834
1602370498, 0, 1049, 1123, 825, 27, 4.66%, 0, 0, 12, 1508.73, 3054, 4427526
1602370504, 0, 1049, 1125, 827, 27, 4.66%, 0, 0, 12, 1442.80, 3056, 4434705
1602370514, 0, 1049, 1127, 829, 27, 4.66%, 0, 0, 12, 1502.50, 3056, 4449714
1602370519, 0, 1052, 1127, 828, 28, 4.66%, 0, 0, 12, 1500.99, 3056, 4457457
1602370529, 0, 1054, 1127, 827, 27, 4.66%, 0, 0, 12, 1492.86, 3056, 4472485
1602370539, 0, 1054, 1128, 828, 27, 4.66%, 0, 0, 12, 1520.62, 3056, 4487753
1602370544, 0, 1056, 1128, 827, 26, 4.66%, 0, 0, 12, 1465.59, 3056, 4495110
1602370549, 0, 1057, 1128, 826, 25, 4.66%, 0, 0, 12, 1423.76, 3056, 4502294
1602370554, 0, 1059, 1128, 825, 24, 4.66%, 0, 0, 12, 1432.17, 3056, 4509473
1602370564, 0, 1060, 1128, 824, 23, 4.66%, 0, 0, 12, 1455.81, 3056, 4524171
1602370569, 0, 1061, 1128, 823, 22, 4.66%, 0, 0, 12, 1443.27, 3056, 4531453
1602370574, 0, 1061, 1129, 824, 22, 4.66%, 0, 0, 12, 1445.41, 3056, 4538769
1602370579, 0, 1064, 1130, 824, 22, 4.67%, 0, 0, 12, 1441.73, 3058, 4546076
1602370590, 0, 1065, 1131, 824, 22, 4.67%, 0, 0, 12, 1446.48, 3058, 4560649
1602370600, 0, 1065, 1134, 827, 22, 4.67%, 0, 0, 12, 1479.46, 3058, 4575416
1602370605, 0, 1065, 1135, 828, 22, 4.67%, 0, 0, 12, 1481.59, 3058, 4582993
1602370610, 0, 1065, 1136, 829, 22, 4.67%, 0, 0, 12, 1463.97, 3058, 4590541
1602370615, 0, 1073, 1137, 829, 22, 4.67%, 0, 0, 12, 1443.04, 3058, 4597925
1602370626, 0, 1073, 1138, 830, 22, 4.67%, 0, 0, 12, 1440.84, 3058, 4612660
1602370631, 0, 1075, 1138, 829, 22, 4.67%, 0, 0, 12, 1378.66, 3058, 4619528
1602370641, 0, 1081, 1139, 829, 22, 4.67%, 0, 0, 12, 1461.57, 3061, 4634370
1602370646, 0, 1081, 1140, 830, 22, 4.67%, 0, 0, 12, 1384.49, 3061, 4641260
1602370651, 0, 1081, 1141, 831, 22, 4.67%, 0, 0, 12, 1422.53, 3061, 4648479
1602370656, 0, 1083, 1141, 830, 22, 4.67%, 0, 0, 12, 1406.40, 3061, 4655770
1602370667, 0, 1085, 1144, 832, 21, 4.70%, 0, 0, 12, 1384.60, 3083, 4670422
1602370677, 0, 1090, 1145, 832, 22, 4.70%, 0, 0, 12, 1454.07, 3083, 4684663
1602370687, 0, 1091, 1147, 833, 21, 4.70%, 0, 0, 12, 1453.83, 3083, 4699385
1602370692, 0, 1091, 1151, 837, 21, 4.72%, 0, 0, 12, 1397.16, 3094, 4706595
1602370697, 0, 1091, 1153, 839, 21, 4.72%, 0, 0, 12, 1457.79, 3094, 4714087
1602370702, 0, 1096, 1153, 838, 24, 4.72%, 0, 0, 12, 1423.01, 3094, 4721330
1602370707, 0, 1096, 1154, 839, 24, 4.72%, 0, 0, 12, 1428.29, 3094, 4728444
1602370712, 0, 1096, 1156, 841, 24, 4.72%, 0, 0, 12, 1496.06, 3094, 4736044
1602370723, 0, 1102, 1156, 840, 23, 4.72%, 0, 0, 12, 1535.56, 3094, 4751847
1602370733, 0, 1102, 1157, 841, 23, 4.72%, 0, 0, 12, 1498.44, 3094, 4767045
1602370738, 0, 1102, 1159, 843, 23, 4.72%, 0, 0, 12, 1536.35, 3094, 4774902
1602370743, 0, 1102, 1160, 844, 23, 4.72%, 0, 0, 12, 1542.55, 3094, 4782830
1602370748, 0, 1105, 1161, 844, 22, 4.73%, 0, 0, 12, 1518.90, 3097, 4790593
1602370759, 0, 1107, 1161, 843, 22, 4.73%, 0, 0, 12, 1479.19, 3097, 4805699
1602370764, 0, 1114, 1161, 842, 21, 4.73%, 0, 0, 12, 1555.95, 3097, 4813672
1602370779, 0, 1115, 1162, 842, 20, 4.73%, 0, 0, 13, 1609.80, 3097, 4838243
1602370789, 0, 1116, 1163, 842, 21, 4.73%, 0, 0, 13, 1555.59, 3100, 4854153
1602370799, 0, 1117, 1163, 841, 21, 4.73%, 0, 0, 13, 1458.59, 3100, 4869393
1602370810, 0, 1123, 1163, 840, 20, 4.73%, 0, 0, 13, 1492.33, 3100, 4884499
1602370825, 0, 1124, 1163, 839, 19, 4.73%, 0, 0, 13, 1487.90, 3100, 4907388
1602370835, 0, 1128, 1163, 838, 18, 4.73%, 0, 0, 13, 1500.12, 3100, 4922689
1602370840, 0, 1128, 1164, 839, 18, 4.73%, 0, 0, 13, 1452.19, 3100, 4930159
1602370845, 0, 1128, 1165, 840, 18, 4.73%, 0, 0, 13, 1494.46, 3100, 4937663
1602370850, 0, 1129, 1165, 839, 17, 4.73%, 0, 0, 13, 1452.17, 3100, 4944991
1602370861, 0, 1131, 1167, 840, 16, 4.73%, 0, 0, 13, 1479.43, 3100, 4960052
1602370871, 0, 1131, 1169, 842, 16, 4.73%, 0, 0, 13, 1469.88, 3100, 4974569
1602370876, 0, 1131, 1171, 844, 16, 4.73%, 0, 0, 13, 1517.90, 3100, 4982330
1602370886, 0, 1136, 1171, 843, 15, 4.73%, 0, 0, 13, 1484.31, 3100, 4997735
1602370896, 0, 1136, 1172, 844, 15, 4.73%, 0, 0, 13, 1472.84, 3100, 5012270
1602370901, 0, 1138, 1172, 843, 14, 4.73%, 0, 0, 13, 1437.25, 3100, 5019791
1602370912, 0, 1139, 1172, 842, 13, 4.73%, 0, 0, 13, 1420.34, 3100, 5034605
1602370922, 0, 1141, 1175, 844, 12, 4.73%, 0, 0, 13, 1435.82, 3100, 5049213
1602370932, 0, 1142, 1178, 846, 12, 4.73%, 0, 0, 13, 1482.90, 3101, 5064117
1602370942, 0, 1148, 1179, 846, 12, 4.73%, 0, 0, 13, 1458.23, 3101, 5078615
1602370947, 0, 1148, 1181, 848, 12, 4.73%, 0, 0, 13, 1419.83, 3102, 5085907
1602370952, 0, 1148, 1183, 850, 12, 4.73%, 0, 0, 13, 1502.51, 3102, 5093421
1602370957, 0, 1148, 1187, 854, 12, 4.73%, 0, 0, 13, 1512.07, 3102, 5101167
1602370968, 0, 1149, 1190, 856, 13, 4.73%, 0, 0, 13, 1467.75, 3102, 5116126
1602370973, 0, 1149, 1191, 857, 13, 4.73%, 0, 0, 13, 1402.96, 3103, 5123062
1602370978, 0, 1149, 1194, 860, 13, 4.73%, 0, 0, 13, 1462.78, 3103, 5130584
1602370983, 0, 1149, 1196, 862, 13, 4.73%, 0, 0, 13, 1451.62, 3103, 5138169
1602370993, 0, 1150, 1197, 862, 14, 4.73%, 0, 0, 13, 1447.21, 3103, 5153033
1602371003, 0, 1150, 1198, 863, 14, 4.73%, 0, 0, 13, 1425.15, 3103, 5167469
1602371008, 0, 1160, 1199, 863, 14, 4.74%, 0, 0, 13, 1404.42, 3105, 5174508
1602371013, 0, 1161, 1199, 862, 14, 4.74%, 0, 0, 13, 1476.30, 3105, 5181945
1602371019, 0, 1161, 1201, 864, 14, 4.74%, 0, 0, 14, 1555.28, 3105, 5190135
1602371024, 0, 1162, 1204, 866, 13, 4.74%, 0, 0, 14, 1505.46, 3109, 5197747
1602371034, 0, 1173, 1205, 866, 15, 4.77%, 0, 0, 14, 1438.08, 3123, 5212162
1602371044, 0, 1173, 1207, 868, 15, 4.77%, 0, 0, 14, 1515.87, 3123, 5227056
1602371049, 0, 1173, 1209, 870, 15, 4.77%, 0, 0, 14, 1504.82, 3123, 5234692
1602371054, 0, 1173, 1210, 871, 15, 4.77%, 0, 0, 14, 1469.11, 3123, 5242266
1602371059, 0, 1176, 1212, 872, 15, 4.77%, 0, 0, 14, 1417.45, 3123, 5249589
1602371064, 0, 1176, 1213, 873, 15, 4.77%, 0, 0, 14, 1414.67, 3127, 5256901
1602371070, 0, 1176, 1215, 875, 15, 4.77%, 0, 0, 14, 1504.45, 3127, 5264811
1602371075, 0, 1176, 1216, 876, 15, 4.77%, 0, 0, 14, 1524.41, 3127, 5272679
1602371080, 0, 1176, 1217, 877, 15, 4.77%, 0, 0, 14, 1479.30, 3127, 5280151
1602371085, 0, 1180, 1220, 879, 15, 4.78%, 0, 0, 14, 1394.57, 3132, 5287019
1602371090, 0, 1180, 1222, 881, 15, 4.78%, 0, 0, 14, 1457.17, 3132, 5294506
1602371095, 0, 1180, 1223, 882, 15, 4.78%, 0, 0, 14, 1512.39, 3132, 5302314
1602371100, 0, 1181, 1223, 881, 16, 4.78%, 0, 0, 14, 1445.41, 3132, 5309628
1602371110, 0, 1182, 1224, 881, 15, 4.78%, 0, 0, 14, 1397.62, 3132, 5324168
1602371121, 0, 1182, 1226, 883, 15, 4.78%, 0, 0, 14, 1474.03, 3132, 5338774
1602371126, 0, 1188, 1230, 886, 15, 4.78%, 0, 0, 14, 1448.15, 3134, 5346188
1602371136, 0, 1190, 1231, 886, 15, 4.78%, 0, 0, 14, 1423.17, 3134, 5360476
1602371146, 0, 1190, 1233, 888, 15, 4.78%, 0, 0, 14, 1479.16, 3134, 5375322
1602371151, 0, 1196, 1233, 887, 15, 4.78%, 0, 0, 14, 1478.38, 3134, 5382830
1602371161, 0, 1198, 1233, 886, 14, 4.78%, 0, 0, 14, 1447.04, 3134, 5397464
1602371166, 0, 1198, 1236, 889, 14, 4.79%, 0, 0, 14, 1453.23, 3141, 5404950
1602371172, 0, 1201, 1236, 888, 16, 4.79%, 0, 0, 14, 1475.07, 3141, 5412629
1602371182, 0, 1202, 1237, 888, 15, 4.79%, 0, 0, 15, 1483.20, 3141, 5428085
1602371187, 0, 1203, 1237, 887, 15, 4.79%, 0, 0, 15, 1489.40, 3141, 5435620
1602371192, 0, 1204, 1243, 892, 14, 4.80%, 0, 0, 15, 1491.17, 3143, 5443197
1602371202, 0, 1204, 1246, 895, 14, 4.80%, 0, 0, 15, 1475.70, 3145, 5457922
1602371207, 0, 1204, 1247, 896, 14, 4.80%, 0, 0, 15, 1498.35, 3149, 5465586
1602371213, 0, 1204, 1249, 898, 14, 4.80%, 0, 0, 15, 1526.91, 3149, 5473367
1602371218, 0, 1204, 1250, 899, 14, 4.81%, 0, 0, 15, 1515.34, 3154, 5480935
1602371223, 0, 1212, 1250, 898, 16, 4.81%, 0, 0, 15, 1485.44, 3154, 5488666
1602371233, 0, 1218, 1250, 897, 15, 4.81%, 0, 0, 15, 1468.33, 3154, 5503422
1602371243, 0, 1218, 1252, 899, 15, 4.81%, 0, 0, 15, 1470.09, 3154, 5518227
1602371253, 0, 1219, 1252, 898, 14, 4.81%, 0, 0, 15, 1485.92, 3154, 5533620
1602371264, 0, 1225, 1254, 899, 14, 4.81%, 0, 0, 15, 1443.29, 3154, 5548094
1602371274, 0, 1225, 1257, 902, 14, 4.81%, 0, 0, 15, 1458.62, 3154, 5562743
1602371279, 0, 1225, 1258, 903, 14, 4.81%, 0, 0, 15, 1495.26, 3154, 5570378
1602371284, 0, 1225, 1259, 904, 14, 4.81%, 0, 0, 15, 1514.72, 3154, 5578129
1602371294, 0, 1226, 1260, 904, 14, 4.81%, 0, 0, 15, 1474.13, 3154, 5593587
1602371299, 0, 1226, 1261, 905, 14, 4.81%, 0, 0, 15, 1423.54, 3154, 5600625
1602371305, 0, 1227, 1261, 904, 13, 4.81%, 0, 0, 15, 1449.56, 3154, 5608127
1602371315, 0, 1227, 1262, 905, 13, 4.81%, 0, 0, 15, 1462.38, 3154, 5622920
1602371320, 0, 1227, 1263, 906, 13, 4.81%, 0, 0, 15, 1493.98, 3154, 5630584
1602371325, 0, 1231, 1264, 906, 12, 4.81%, 0, 0, 15, 1472.46, 3154, 5638097
1602371335, 0, 1231, 1265, 907, 12, 4.81%, 0, 0, 15, 1470.42, 3154, 5652903
1602371341, 0, 1233, 1266, 907, 12, 4.81%, 0, 0, 15, 1470.80, 3155, 5660589
1602371351, 0, 1234, 1266, 906, 12, 4.81%, 0, 0, 15, 1467.46, 3155, 5675873
1602371361, 0, 1235, 1266, 905, 11, 4.81%, 0, 0, 15, 1463.21, 3155, 5691259
1602371366, 0, 1236, 1267, 905, 10, 4.83%, 0, 0, 16, 1497.79, 3167, 5698864
1602371377, 0, 1239, 1268, 905, 10, 4.83%, 0, 0, 16, 1465.68, 3167, 5714084
1602371387, 0, 1242, 1268, 904, 9, 4.83%, 0, 0, 16, 1468.45, 3167, 5729320
1602371397, 0, 1246, 1268, 903, 8, 4.83%, 0, 0, 16, 1495.70, 3167, 5744371
1602371407, 0, 1253, 1268, 902, 7, 4.83%, 0, 0, 16, 1482.29, 3167, 5759447
1602371418, 0, 1254, 1268, 901, 6, 4.83%, 0, 0, 16, 1485.67, 3167, 5774318
1602371433, 0, 1263, 1269, 901, 5, 4.83%, 0, 0, 16, 1354.75, 3167, 5795618
1602371438, 0, 1263, 1271, 903, 5, 4.83%, 0, 0, 16, 1394.98, 3167, 5802572
1602371443, 0, 1263, 1272, 904, 5, 4.83%, 0, 0, 16, 1484.23, 3167, 5810167
1602371448, 0, 1263, 1274, 906, 5, 4.83%, 0, 0, 16, 1512.39, 3167, 5817920
1602371458, 0, 1263, 1275, 907, 5, 4.83%, 0, 0, 16, 1520.62, 3167, 5833438
1602371463, 0, 1265, 1275, 906, 4, 4.83%, 0, 0, 16, 1473.05, 3167, 5840755
1602371473, 0, 1266, 1275, 905, 3, 4.83%, 0, 0, 16, 1473.57, 3167, 5855845
1602371479, 0, 1267, 1277, 906, 2, 4.84%, 0, 0, 17, 1470.54, 3172, 5863577
1602371489, 0, 1267, 1281, 910, 2, 4.86%, 0, 0, 17, 1525.35, 3183, 5879002
1602371499, 0, 1267, 1283, 912, 2, 4.86%, 0, 0, 17, 1541.19, 3183, 5894768
1602371509, 0, 1275, 1283, 911, 6, 4.86%, 0, 0, 17, 1447.53, 3183, 5909752
1602371519, 0, 1275, 1285, 913, 6, 4.86%, 0, 0, 18, 1525.99, 3187, 5924739
1602371530, 0, 1276, 1285, 912, 6, 4.86%, 0, 0, 18, 1456.69, 3187, 5940119
1602371540, 0, 1277, 1285, 911, 5, 4.86%, 0, 0, 18, 1408.24, 3187, 5954975
1602371545, 0, 1277, 1286, 912, 5, 4.86%, 0, 0, 18, 1431.30, 3187, 5962373
1602371550, 0, 1277, 1288, 914, 5, 4.87%, 0, 0, 18, 1492.91, 3190, 5969974
1602371571, 0, 1280, 1288, 913, 5, 4.87%, 0, 0, 18, 1417.01, 3190, 6000125
1602371581, 0, 1282, 1288, 912, 4, 4.87%, 0, 0, 18, 1411.34, 3190, 6014787
1602371591, 0, 1282, 1290, 914, 4, 4.87%, 0, 0, 18, 1493.95, 3190, 6029565
1602371596, 0, 1282, 1291, 915, 4, 4.87%, 0, 0, 18, 1505.14, 3190, 6037422
1602371612, 0, 1283, 1291, 914, 3, 4.87%, 0, 0, 18, 1432.97, 3190, 6060222
1602371622, 0, 1287, 1291, 913, 2, 4.87%, 0, 0, 18, 1457.29, 3190, 6075061
1602371632, 0, 1287, 1292, 914, 2, 4.87%, 0, 0, 19, 1464.29, 3190, 6089414
1602371637, 1, 227, 1295, 916, 2, 4.88%, 0, 0, 19, 1538.43, 3199, 6097214
1602371642, 1, 227, 1298, 919, 2, 4.88%, 0, 0, 19, 1549.72, 3201, 6105128
1602371647, 1, 227, 1301, 922, 2, 4.88%, 0, 0, 19, 1548.89, 3201, 6113232
1602371652, 1, 227, 1303, 924, 2, 4.88%, 0, 0, 19, 1498.57, 3201, 6121024
1602371663, 1, 275, 1303, 923, 3, 4.88%, 0, 0, 19, 1556.75, 3201, 6136619
1602371668, 1, 275, 1309, 929, 3, 4.88%, 0, 0, 19, 1554.76, 3201, 6144748
1602371673, 1, 275, 1312, 932, 3, 4.88%, 0, 0, 19, 1568.26, 3201, 6152677
1602371678, 1, 275, 1313, 933, 3, 4.88%, 0, 0, 19, 1555.68, 3201, 6160590
1602371683, 1, 275, 1315, 935, 3, 4.88%, 0, 0, 19, 1559.34, 3201, 6168573
1602371688, 1, 279, 1316, 935, 4, 4.88%, 0, 0, 19, 1570.60, 3201, 6176435
1602371693, 1, 663, 1317, 935, 5, 4.89%, 0, 0, 19, 1533.00, 3204, 6184423
1602371698, 1, 732, 1317, 934, 5, 4.89%, 0, 0, 19, 1518.16, 3204, 6192119
1602371708, 1, 1262, 1319, 935, 4, 4.89%, 0, 0, 19, 1451.45, 3204, 6207092
1602371719, 1, 1292, 1320, 935, 4, 4.89%, 0, 0, 19, 1500.35, 3204, 6221974
1602371729, 1, 1292, 1323, 938, 4, 4.89%, 0, 0, 19, 1580.91, 3205, 6238124
1602371734, 1, 1292, 1329, 944, 4, 4.95%, 0, 0, 19, 1562.80, 3241, 6245918
1602371739, 1, 1292, 1330, 945, 4, 4.95%, 0, 0, 19, 1558.73, 3241, 6253800
1602371749, 1, 1292, 1331, 946, 4, 4.95%, 0, 0, 19, 1550.43, 3241, 6269773
1602371754, 1, 1311, 1331, 945, 5, 4.95%, 0, 0, 19, 1569.18, 3241, 6277895
1602371770, 1, 1311, 1335, 949, 5, 4.95%, 0, 0, 19, 1588.36, 3241, 6302470
1602371775, 1, 1311, 1337, 951, 5, 4.95%, 0, 0, 19, 1551.43, 3241, 6310360
1602371780, 1, 1311, 1340, 954, 5, 4.95%, 0, 0, 19, 1575.72, 3241, 6318382
1602371790, 1, 1321, 1340, 953, 5, 4.95%, 0, 0, 19, 1592.35, 3241, 6334526
1602371795, 1, 1321, 1341, 954, 5, 4.95%, 0, 0, 19, 1593.55, 3241, 6342701
1602371800, 1, 1321, 1342, 955, 5, 4.95%, 0, 0, 19, 1570.82, 3241, 6350666
1602371805, 1, 1323, 1344, 956, 5, 4.95%, 0, 0, 19, 1599.73, 3243, 6358804
1602371816, 1, 1323, 1347, 959, 5, 4.95%, 0, 0, 19, 1580.69, 3243, 6375231
1602371821, 1, 1328, 1348, 959, 5, 4.95%, 0, 0, 19, 1569.74, 3243, 6383153
1602371826, 1, 1328, 1351, 962, 5, 4.95%, 0, 0, 19, 1605.37, 3243, 6391348
1602371836, 1, 1339, 1351, 961, 4, 4.95%, 0, 0, 19, 1592.64, 3243, 6407508
1602371851, 1, 1339, 1353, 963, 4, 4.95%, 0, 0, 19, 1594.98, 3243, 6431600
1602371856, 1, 1339, 1355, 965, 4, 4.95%, 0, 0, 19, 1577.78, 3243, 6439676
1602371862, 1, 1339, 1357, 967, 4, 4.95%, 0, 0, 19, 1586.69, 3243, 6447814
1602371872, 1, 1340, 1360, 969, 4, 4.95%, 0, 0, 19, 1576.37, 3243, 6463947
1602371887, 1, 1342, 1360, 968, 3, 4.95%, 0, 0, 19, 1580.20, 3243, 6488351
1602371902, 1, 1345, 1360, 967, 2, 4.95%, 0, 0, 19, 1525.21, 3243, 6512230
1602371918, 1, 1353, 1360, 966, 1, 4.95%, 0, 0, 19, 1575.18, 3243, 6536321
1602371933, 1, 1353, 1361, 967, 1, 4.95%, 0, 0, 19, 1587.38, 3243, 6560774
1602371938, 1, 1353, 1363, 969, 1, 4.95%, 0, 0, 19, 1591.39, 3243, 6568912
1602371943, 1, 1353, 1364, 970, 1, 4.95%, 0, 0, 19, 1546.59, 3243, 6576760
1602371948, 1, 1353, 1365, 971, 1, 4.95%, 0, 0, 19, 1536.32, 3243, 6584598
1602371954, 1, 1358, 1365, 970, 0, 4.95%, 0, 0, 19, 1549.98, 3243, 6592531
1602371984, 1, 1358, 1370, 975, 0, 4.95%, 0, 0, 19, 1580.06, 3243, 6640894
1602371989, 1, 1358, 1371, 976, 0, 4.95%, 0, 0, 19, 1562.02, 3243, 6648714
1602372005, 1, 1362, 1372, 976, 0, 4.95%, 0, 0, 19, 1561.59, 3243, 6672614
1602372046, 1, 1363, 1372, 975, 0, 4.95%, 0, 0, 19, 1569.09, 3243, 6736470
1602372122, 1, 1363, 1373, 976, 0, 4.95%, 0, 0, 19, 1510.93, 3243, 6855089
1602372127, 1, 1366, 1373, 975, 0, 4.95%, 0, 0, 19, 1550.72, 3243, 6863003
1602372158, 1, 1366, 1375, 977, 0, 4.95%, 0, 0, 19, 1519.62, 3243, 6910829
1602372174, 1, 1370, 1375, 976, 0, 4.95%, 0, 0, 19, 1564.84, 3243, 6934617
1602372204, 1, 1372, 1375, 975, 0, 4.95%, 0, 0, 19, 1560.14, 3243, 6982250
1602372291, 1, 1373, 1375, 974, 0, 4.95%, 0, 0, 19, 1564.23, 3243, 7117729
1602372368, 2, 1, 1375, 973, 0, 4.95%, 0, 0, 19, 1564.53, 3243, 7237049
1602372373, 2, 6, 1375, 972, 0, 4.95%, 0, 0, 19, 1589.79, 3243, 7245114
1602372378, 2, 71, 1376, 972, 1, 5.03%, 0, 0, 19, 1506.00, 3294, 7252561
1602372383, 2, 82, 1378, 973, 1, 5.03%, 0, 0, 19, 1550.59, 3294, 7260453
1602372388, 2, 374, 1378, 972, 1, 5.03%, 0, 0, 19, 1581.47, 3294, 7268577
1602372393, 2, 374, 1385, 979, 1, 5.03%, 0, 0, 19, 1568.64, 3297, 7276538
1602372398, 2, 374, 1388, 982, 1, 5.04%, 0, 0, 19, 1515.34, 3301, 7284303
1602372403, 2, 374, 1390, 984, 1, 5.04%, 0, 0, 19, 1520.61, 3301, 7292029
1602372413, 2, 571, 1390, 983, 3, 5.04%, 0, 0, 19, 1562.47, 3301, 7307609
1602372424, 2, 571, 1391, 984, 3, 5.04%, 0, 0, 19, 1592.88, 3301, 7323963
1602372429, 2, 571, 1398, 991, 3, 5.04%, 0, 0, 19, 1574.89, 3305, 7331986
1602372434, 2, 571, 1399, 992, 3, 5.04%, 0, 0, 19, 1516.48, 3305, 7339759
1602372444, 2, 571, 1400, 993, 3, 5.05%, 0, 0, 19, 1570.09, 3308, 7355717
1602372449, 2, 579, 1400, 992, 6, 5.05%, 0, 0, 19, 1583.42, 3308, 7363862
1602372464, 2, 931, 1400, 990, 6, 5.05%, 0, 0, 19, 1566.78, 3308, 7388132
1602372480, 2, 931, 1402, 992, 6, 5.05%, 0, 0, 19, 1519.38, 3308, 7410746
1602372485, 2, 931, 1403, 993, 6, 5.05%, 0, 0, 19, 1477.91, 3310, 7418234
1602372490, 2, 951, 1407, 996, 7, 5.05%, 0, 0, 19, 1465.81, 3310, 7425663
1602372500, 2, 951, 1410, 999, 7, 5.05%, 0, 0, 19, 1491.51, 3310, 7440687
1602372505, 2, 951, 1412, 1001, 7, 5.05%, 0, 0, 19, 1526.22, 3310, 7448511
1602372510, 2, 951, 1414, 1003, 7, 5.05%, 0, 0, 19, 1532.47, 3310, 7456387
1602372516, 2, 1005, 1423, 1011, 7, 5.05%, 0, 0, 19, 1547.73, 3310, 7464295
1602372521, 2, 1066, 1426, 1014, 8, 5.15%, 0, 0, 19, 1496.90, 3373, 7471928
1602372531, 2, 1066, 1427, 1015, 8, 5.15%, 0, 0, 19, 1504.39, 3373, 7486861
1602372536, 2, 1078, 1428, 1015, 8, 5.15%, 0, 0, 19, 1479.14, 3373, 7494219
1602372546, 2, 1222, 1428, 1014, 8, 5.15%, 0, 0, 19, 1445.38, 3373, 7509160
1602372551, 2, 1222, 1430, 1016, 8, 5.15%, 0, 0, 19, 1458.43, 3373, 7516666
1602372556, 2, 1382, 1430, 1015, 9, 5.15%, 0, 0, 19, 1536.59, 3373, 7524089
1602372561, 2, 1382, 1437, 1022, 9, 5.15%, 0, 0, 19, 1583.68, 3374, 7532196
1602372725, 2, 1382, 1438, 1023, 9, 5.28%, 0, 0, 19, 1530.42, 3460, 7791195
1602372730, 2, 1386, 1438, 1022, 10, 5.28%, 0, 0, 19, 1384.35, 3460, 7798283
1602373678, 2, 1393, 1438, 1021, 9, 5.28%, 0, 0, 19, 1167.81, 3460, 9033888
1602378434, 2, 1393, 1439, 1022, 9, 5.29%, 0, 0, 19, 1011.58, 3466, 14045876
1602378439, 2, 1393, 1440, 1023, 9, 5.29%, 0, 0, 19, 1003.06, 3466, 14050964
1602378444, 2, 1393, 1443, 1026, 9, 5.29%, 0, 0, 19, 1023.72, 3466, 14056188
1602378460, 2, 1395, 1443, 1025, 9, 5.29%, 0, 0, 19, 1405.23, 3466, 14074172
1602378547, 2, 1395, 1444, 1026, 9, 5.29%, 0, 0, 19, 1431.71, 3466, 14202930
1602378552, 2, 1399, 1444, 1025, 8, 5.29%, 0, 0, 19, 1368.75, 3466, 14209847
1602379446, 2, 1402, 1444, 1024, 7, 5.29%, 0, 0, 19, 1066.84, 3466, 15451844
1602381048, 2, 1402, 1445, 1025, 7, 5.29%, 0, 0, 19, 676.60, 3466, 16445123
1602381600, 2, 1402, 1448, 1028, 7, 5.29%, 0, 0, 19, 1001.80, 3466, 16862799
1602382605, 2, 1402, 1455, 1035, 7, 5.29%, 0, 0, 19, 796.98, 3466, 17622589
1602382610, 2, 1402, 1458, 1038, 7, 5.29%, 0, 0, 19, 917.49, 3466, 17627195
1602382620, 2, 1402, 1459, 1039, 7, 5.29%, 0, 0, 19, 978.47, 3466, 17637256
1602382631, 2, 1423, 1461, 1040, 7, 5.35%, 0, 0, 19, 1335.40, 3508, 17649027
1602382646, 2, 1423, 1466, 1045, 7, 5.36%, 0, 0, 19, 1477.89, 3515, 17671442
1602382651, 2, 1423, 1471, 1050, 7, 5.36%, 0, 0, 19, 1482.81, 3516, 17678906
1602382656, 2, 1423, 1472, 1051, 7, 5.36%, 0, 0, 19, 1472.43, 3516, 17686367
1602382661, 2, 1426, 1473, 1051, 11, 5.36%, 0, 0, 19, 1431.19, 3516, 17693761
1602382676, 2, 1428, 1473, 1050, 11, 5.36%, 0, 0, 19, 1383.36, 3516, 17714801
1602382686, 2, 1428, 1474, 1051, 11, 5.36%, 0, 0, 19, 1403.87, 3516, 17728564
1602382691, 2, 1430, 1474, 1050, 10, 5.36%, 0, 0, 19, 1455.30, 3516, 17735947
1602382789, 2, 1430, 1476, 1052, 10, 5.36%, 0, 0, 19, 1479.93, 3516, 17881012
1602382794, 2, 1430, 1479, 1055, 10, 5.38%, 0, 0, 19, 1472.50, 3527, 17888489
1602382799, 2, 1430, 1481, 1057, 10, 5.38%, 0, 0, 19, 1480.28, 3528, 17896103
1602382804, 2, 1430, 1482, 1058, 10, 5.38%, 0, 0, 19, 1511.06, 3529, 17903826
1602382809, 2, 1433, 1483, 1058, 13, 5.38%, 0, 0, 19, 1499.81, 3529, 17911574
1602382911, 2, 1439, 1483, 1057, 12, 5.38%, 0, 0, 19, 1360.20, 3529, 18063898
1602391341, 2, 1439, 1485, 1059, 12, 5.38%, 0, 0, 19, 1063.48, 3529, 24562455
1602391346, 2, 1439, 1486, 1060, 12, 5.38%, 0, 0, 19, 1059.13, 3529, 24567734
1602391351, 2, 1439, 1487, 1061, 12, 5.38%, 0, 0, 19, 1059.11, 3529, 24573139
1602391356, 2, 1443, 1487, 1060, 12, 5.38%, 0, 0, 19, 1172.53, 3529, 24578886
1602391361, 2, 1443, 1489, 1062, 12, 5.38%, 0, 0, 19, 1841.58, 3529, 24589241
1602391427, 2, 1444, 1489, 1061, 13, 5.38%, 0, 0, 19, 1357.91, 3529, 24719966
1602394354, 2, 1459, 1489, 1060, 12, 5.38%, 0, 0, 19, 827.19, 3529, 26879925
1602394359, 2, 1459, 1490, 1061, 12, 5.39%, 0, 0, 19, 1357.41, 3531, 26887624
1602394364, 2, 1459, 1491, 1062, 12, 5.39%, 0, 0, 19, 1476.76, 3533, 26895204
1602394369, 2, 1459, 1496, 1067, 12, 5.39%, 0, 0, 19, 1503.52, 3533, 26902876
1602394374, 2, 1459, 1503, 1074, 12, 5.40%, 0, 0, 19, 1478.97, 3539, 26910417
1602394379, 2, 1459, 1504, 1075, 12, 5.40%, 0, 0, 19, 1429.77, 3540, 26917652
1602394384, 2, 1459, 1507, 1078, 12, 5.40%, 0, 0, 19, 1446.37, 3541, 26925040
1602394389, 2, 1460, 1507, 1077, 15, 5.40%, 0, 0, 19, 1462.07, 3541, 26932553
1602394405, 2, 1460, 1508, 1078, 15, 5.40%, 0, 0, 19, 1489.98, 3542, 26955438
1602394410, 2, 1460, 1509, 1079, 15, 5.40%, 0, 0, 19, 1469.61, 3542, 26962928
1602394420, 2, 1464, 1509, 1078, 15, 5.40%, 0, 0, 19, 1487.43, 3542, 26978101
1602394446, 2, 1467, 1509, 1077, 14, 5.40%, 0, 0, 19, 1515.60, 3542, 27015833
1602394476, 2, 1467, 1512, 1080, 14, 5.41%, 0, 0, 19, 1506.73, 3543, 27061906
1602394491, 2, 1469, 1513, 1080, 14, 5.41%, 0, 0, 19, 1431.58, 3543, 27084446
1602394807, 2, 1469, 1514, 1081, 14, 5.41%, 0, 0, 19, 1197.47, 3546, 27483875
1602395624, 2, 1476, 1514, 1080, 13, 5.41%, 0, 0, 19, 1333.55, 3546, 28512524
1602395630, 2, 1476, 1519, 1085, 13, 5.41%, 0, 0, 19, 1461.71, 3546, 28520199
1602395803, 2, 1476, 1522, 1088, 13, 5.42%, 0, 0, 19, 1438.62, 3553, 28778511
1602395808, 2, 1476, 1523, 1089, 13, 5.43%, 0, 0, 19, 1450.03, 3561, 28785911
1602395813, 2, 1476, 1524, 1090, 13, 5.44%, 0, 0, 19, 1438.46, 3567, 28793255
1602395818, 2, 1478, 1524, 1089, 15, 5.44%, 0, 0, 19, 1427.09, 3567, 28800626
1602395915, 2, 1478, 1526, 1091, 15, 5.45%, 0, 0, 19, 1492.81, 3572, 28942471
1602395926, 2, 1478, 1528, 1093, 15, 5.45%, 0, 0, 19, 1422.44, 3572, 28957379
1602395931, 2, 1478, 1529, 1094, 15, 5.45%, 0, 0, 19, 1441.14, 3572, 28964779
1602395936, 2, 1478, 1530, 1095, 15, 5.45%, 0, 0, 19, 1477.13, 3573, 28972336
1602395941, 2, 1480, 1530, 1094, 17, 5.45%, 0, 0, 19, 1477.99, 3573, 28979866
1602396043, 2, 1481, 1530, 1093, 16, 5.45%, 0, 0, 19, 1443.15, 3573, 29129820
1602396141, 2, 1483, 1530, 1092, 15, 5.45%, 0, 0, 19, 983.50, 3573, 29268861
1602398312, 2, 1483, 1531, 1093, 15, 5.46%, 0, 0, 19, 780.62, 3575, 30917780
1602398317, 2, 1483, 1532, 1094, 15, 5.46%, 0, 0, 19, 777.37, 3576, 30921733
1602398343, 2, 1487, 1532, 1093, 16, 5.46%, 0, 0, 19, 796.39, 3576, 30941374
1602398430, 2, 1487, 1533, 1094, 16, 5.46%, 0, 0, 19, 1532.49, 3576, 31075935
1602398435, 2, 1487, 1534, 1095, 16, 5.47%, 0, 0, 19, 1553.56, 3582, 31083897
1602398445, 2, 1496, 1534, 1094, 16, 5.47%, 0, 0, 19, 1496.72, 3582, 31099068
1602398481, 2, 1496, 1539, 1099, 16, 5.47%, 0, 0, 19, 1538.18, 3586, 31153642
1602398486, 2, 1496, 1541, 1101, 16, 5.47%, 0, 0, 19, 1533.64, 3586, 31161548
1602398491, 2, 1496, 1542, 1102, 16, 5.47%, 0, 0, 19, 1552.21, 3586, 31169465
1602398496, 2, 1496, 1543, 1103, 16, 5.47%, 0, 0, 19, 1517.80, 3586, 31177104
1602398501, 2, 1501, 1543, 1102, 16, 5.47%, 0, 0, 19, 1502.90, 3586, 31184603
1602398537, 2, 1503, 1543, 1101, 15, 5.47%, 0, 0, 19, 1550.90, 3586, 31239243
1602398547, 2, 1503, 1546, 1104, 15, 5.47%, 0, 0, 19, 1556.60, 3586, 31254986
1602398552, 2, 1503, 1547, 1105, 15, 5.47%, 0, 0, 19, 1541.64, 3586, 31262800
1602398567, 2, 1505, 1547, 1104, 14, 5.47%, 0, 0, 19, 1512.20, 3586, 31286276
1602398654, 2, 1505, 1548, 1105, 14, 5.47%, 0, 0, 19, 1475.60, 3587, 31416996
1602398670, 2, 1507, 1548, 1104, 14, 5.47%, 0, 0, 19, 1397.53, 3587, 31439427
1602399695, 2, 1510, 1548, 1103, 13, 5.47%, 0, 0, 19, 1442.54, 3587, 32746619
1602399715, 2, 1513, 1548, 1102, 12, 5.47%, 0, 0, 19, 1397.45, 3587, 32777116
1602400757, 2, 1513, 1549, 1103, 12, 5.47%, 0, 0, 19, 1324.31, 3587, 34177985
1602400762, 2, 1513, 1550, 1104, 12, 5.47%, 0, 0, 19, 1302.49, 3587, 34184649
1602400767, 2, 1513, 1551, 1105, 12, 5.47%, 0, 0, 19, 1288.83, 3587, 34191240
1602400777, 2, 1513, 1552, 1106, 12, 5.47%, 0, 0, 19, 1221.01, 3587, 34203697
1602400782, 2, 1519, 1552, 1105, 11, 5.47%, 0, 0, 19, 1380.40, 3587, 34210763
1602400787, 2, 1519, 1553, 1106, 11, 5.47%, 0, 0, 19, 1418.11, 3587, 34217988
1602401092, 2, 1519, 1554, 1107, 11, 5.47%, 0, 0, 19, 1544.14, 3587, 34673512
1602401103, 2, 1519, 1555, 1108, 11, 5.47%, 0, 0, 19, 1493.11, 3588, 34688620
1602401133, 2, 1519, 1556, 1109, 11, 5.48%, 0, 0, 19, 1460.35, 3594, 34734484
1602401138, 2, 1519, 1557, 1110, 11, 5.49%, 0, 0, 19, 1498.47, 3595, 34742090
1602401143, 2, 1519, 1559, 1112, 11, 5.49%, 0, 0, 19, 1507.99, 3595, 34749805
1602401153, 2, 1522, 1559, 1111, 12, 5.49%, 0, 0, 19, 1532.61, 3595, 34765255
1602401332, 2, 1522, 1561, 1113, 12, 5.50%, 0, 0, 19, 1484.46, 3606, 35029114
1602401337, 2, 1522, 1562, 1114, 12, 5.50%, 0, 0, 19, 1506.45, 3606, 35036854
1602401348, 2, 1525, 1563, 1114, 14, 5.50%, 0, 0, 19, 1478.32, 3606, 35051877
1602401532, 2, 1527, 1563, 1113, 13, 5.50%, 0, 0, 19, 1425.35, 3606, 35322340
1602401624, 2, 1529, 1563, 1112, 12, 5.50%, 0, 0, 19, 1483.29, 3606, 35457903
1602401905, 2, 1530, 1563, 1111, 11, 5.50%, 0, 0, 19, 717.73, 3606, 35859659
1602408263, 2, 1530, 1566, 1114, 11, 5.53%, 0, 0, 19, 505.52, 3621, 39139652
1602408268, 2, 1530, 1569, 1117, 11, 5.53%, 0, 0, 19, 492.39, 3622, 39142142
1602408274, 2, 1530, 1570, 1118, 11, 5.53%, 0, 0, 19, 492.95, 3622, 39144706
1602408279, 2, 1530, 1571, 1119, 11, 5.53%, 0, 0, 19, 478.55, 3622, 39147180
1602408284, 2, 1530, 1572, 1120, 11, 5.53%, 0, 0, 19, 490.00, 3622, 39149699
1602408299, 2, 1530, 1574, 1122, 11, 5.53%, 0, 0, 19, 512.14, 3622, 39157506
1602408304, 2, 1530, 1576, 1124, 11, 5.53%, 0, 0, 19, 510.11, 3622, 39160122
1602408315, 2, 1533, 1576, 1123, 11, 5.53%, 0, 0, 19, 1211.15, 3622, 39169592
1602408406, 2, 1540, 1576, 1122, 10, 5.53%, 0, 0, 19, 1487.27, 3622, 39308523
1602408493, 2, 1540, 1577, 1123, 10, 5.53%, 0, 0, 19, 1485.00, 3622, 39436203
1602408498, 2, 1540, 1579, 1125, 10, 5.53%, 0, 0, 19, 1479.73, 3623, 39443701
1602408514, 2, 1547, 1581, 1126, 10, 5.53%, 0, 0, 19, 1446.26, 3624, 39465783
1602408621, 2, 1554, 1581, 1125, 11, 5.53%, 0, 0, 19, 1444.52, 3624, 39622572
1602408958, 2, 1554, 1582, 1126, 11, 5.53%, 0, 0, 19, 1392.64, 3624, 40104514
1602408988, 2, 1554, 1583, 1127, 11, 5.53%, 0, 0, 19, 1414.85, 3624, 40148273
1602408993, 2, 1554, 1585, 1129, 11, 5.56%, 0, 0, 19, 1448.81, 3641, 40155653
1602409008, 2, 1555, 1585, 1128, 11, 5.56%, 0, 0, 19, 1462.44, 3641, 40177682
1602409289, 2, 1556, 1585, 1127, 10, 5.56%, 0, 0, 19, 1413.67, 3641, 40576448
1602409396, 2, 1559, 1585, 1126, 9, 5.56%, 0, 0, 19, 1416.20, 3641, 40734509
1602409524, 2, 1560, 1585, 1125, 8, 5.56%, 0, 0, 19, 1465.01, 3641, 40921052
1602409529, 2, 1560, 1586, 1126, 8, 5.56%, 0, 0, 19, 1472.61, 3641, 40928642
1602409621, 2, 1561, 1586, 1125, 7, 5.56%, 0, 0, 19, 1422.28, 3641, 41062328
1602409717, 2, 1571, 1587, 1125, 6, 5.56%, 0, 0, 19, 672.42, 3642, 41197936
1602413035, 2, 1571, 1588, 1126, 6, 5.56%, 0, 0, 19, 389.03, 3643, 42509329
1602413051, 2, 1571, 1589, 1127, 6, 5.56%, 0, 0, 19, 380.38, 3643, 42515245
1602413137, 2, 1571, 1590, 1128, 6, 5.56%, 0, 0, 19, 399.01, 3645, 42549145
1602416780, 2, 1571, 1591, 1129, 6, 5.56%, 0, 0, 19, 414.23, 3646, 43994809
1602420883, 2, 1571, 1602, 1140, 6, 5.56%, 0, 0, 19, 399.99, 3646, 45627191
1602420888, 2, 1571, 1610, 1148, 6, 5.56%, 0, 0, 19, 394.05, 3647, 45629162
1602420893, 2, 1571, 1613, 1151, 6, 5.56%, 0, 0, 19, 391.36, 3647, 45631146
1602420898, 2, 1571, 1614, 1152, 6, 5.56%, 0, 0, 19, 392.96, 3647, 45633149
1602420903, 2, 1571, 1615, 1153, 6, 5.56%, 0, 0, 19, 391.96, 3647, 45635124
1602420908, 2, 1571, 1619, 1157, 6, 5.56%, 0, 0, 19, 390.98, 3647, 45637123
1602420914, 2, 1571, 1621, 1159, 6, 5.56%, 0, 0, 19, 392.44, 3647, 45639113
1602420919, 2, 1571, 1623, 1161, 6, 5.56%, 0, 0, 19, 387.50, 3647, 45641054
1602420924, 2, 1571, 1624, 1162, 6, 5.56%, 0, 0, 19, 390.81, 3647, 45643043
1602420934, 2, 1571, 1625, 1163, 6, 5.56%, 0, 0, 19, 398.36, 3647, 45647132
1602420939, 2, 1571, 1627, 1165, 6, 5.56%, 0, 0, 19, 402.11, 3647, 45649183
1602420944, 2, 1572, 1628, 1165, 10, 5.56%, 0, 0, 19, 405.78, 3647, 45651279
1602430294, 2, 1577, 1628, 1164, 9, 5.56%, 0, 0, 19, 1023.30, 3647, 49719629
1602431194, 2, 1577, 1629, 1165, 9, 5.56%, 0, 0, 19, 1303.43, 3647, 50976235
1602431204, 2, 1579, 1629, 1164, 8, 5.56%, 0, 0, 19, 1394.08, 3647, 50989781
1602431311, 2, 1580, 1629, 1163, 7, 5.56%, 0, 0, 19, 1481.39, 3647, 51147489
1602431316, 2, 1580, 1630, 1164, 7, 5.56%, 0, 0, 19, 1432.43, 3647, 51154778
1602431403, 2, 1580, 1631, 1165, 7, 5.56%, 0, 0, 19, 1501.66, 3647, 51282444
1602431413, 2, 1580, 1632, 1166, 7, 5.56%, 0, 0, 19, 1507.78, 3647, 51297644
1602431418, 2, 1580, 1633, 1167, 7, 5.56%, 0, 0, 19, 1504.50, 3647, 51305152
1602431428, 2, 1583, 1633, 1166, 7, 5.56%, 0, 0, 19, 1434.32, 3647, 51320096
1602431759, 2, 1583, 1635, 1168, 7, 5.57%, 0, 0, 19, 1418.66, 3651, 51803779
1602431795, 2, 1586, 1635, 1167, 8, 5.57%, 0, 0, 19, 1434.39, 3651, 51855954
1602434479, 2, 1588, 1635, 1166, 7, 5.57%, 0, 0, 19, 1128.24, 3651, 55142956
1602445484, 2, 1588, 1636, 1167, 7, 5.57%, 0, 0, 19, 426.60, 3651, 59581431
1602445489, 2, 1588, 1638, 1169, 7, 5.57%, 0, 0, 19, 424.49, 3651, 59583631
1602445494, 2, 1588, 1639, 1170, 7, 5.57%, 0, 0, 19, 424.28, 3651, 59585831
1602445509, 2, 1588, 1640, 1171, 7, 5.57%, 0, 0, 19, 429.99, 3651, 59592447
1602445530, 2, 1588, 1641, 1172, 7, 5.57%, 0, 0, 19, 429.31, 3651, 59601327
1602445540, 2, 1617, 1642, 1172, 7, 5.57%, 0, 0, 19, 435.54, 3651, 59605663
1602448720, 2, 1617, 1643, 1173, 7, 5.57%, 0, 0, 19, 419.36, 3651, 60922070
