# unix_time, cycles_done, cur_path, paths_total, pending_total, pending_favs, map_size, unique_crashes, unique_hangs, max_depth, execs_per_sec, edge_coverage, total_execs
1606834359, 0, 0, 1, 1, 1, 2.09%, 0, 0, 1, 67.23, 1370, 8
1606834364, 0, 0, 11, 11, 1, 2.11%, 0, 0, 2, 373.48, 1385, 2124
1606834369, 0, 0, 31, 31, 1, 2.24%, 0, 0, 2, 86.87, 1470, 2623
1606834374, 0, 0, 55, 55, 1, 2.35%, 0, 0, 2, 99.44, 1543, 3130
1606834379, 0, 0, 158, 158, 1, 2.60%, 0, 0, 2, 228.07, 1702, 4441
1606834384, 0, 0, 239, 239, 1, 2.67%, 0, 0, 2, 269.56, 1747, 5835
1606834390, 0, 0, 269, 269, 1, 2.68%, 0, 0, 2, 268.74, 1756, 7247
1606834395, 0, 0, 287, 287, 1, 2.68%, 0, 0, 2, 229.32, 1756, 8358
1606834400, 0, 0, 314, 314, 1, 2.75%, 0, 0, 2, 166.25, 1804, 9069
1606834405, 0, 0, 342, 342, 1, 2.75%, 0, 0, 2, 269.53, 1805, 10552
1606834410, 0, 0, 367, 367, 1, 2.76%, 0, 0, 2, 252.44, 1811, 11851
1606834415, 0, 0, 385, 385, 1, 2.76%, 0, 0, 2, 248.26, 1811, 13120
1606834420, 0, 0, 399, 399, 1, 2.76%, 0, 0, 2, 224.82, 1811, 14222
1606834425, 0, 0, 417, 417, 1, 2.77%, 0, 0, 2, 230.44, 1818, 15294
1606834430, 0, 0, 431, 431, 1, 2.78%, 0, 0, 2, 177.82, 1820, 16172
1606834435, 0, 0, 442, 442, 1, 2.78%, 0, 0, 2, 222.77, 1821, 17318
1606834441, 0, 0, 458, 458, 1, 2.78%, 0, 0, 2, 245.03, 1821, 18634
1606834446, 0, 0, 468, 468, 1, 2.78%, 0, 0, 2, 227.02, 1822, 19794
1606834451, 0, 0, 474, 474, 1, 2.78%, 0, 0, 2, 227.25, 1822, 20938
1606834456, 0, 0, 483, 483, 1, 2.78%, 0, 0, 2, 224.28, 1823, 22070
1606834461, 0, 0, 489, 489, 1, 2.79%, 0, 0, 2, 236.89, 1826, 23278
1606834466, 0, 0, 494, 494, 1, 2.79%, 0, 0, 2, 212.66, 1827, 24434
1606834471, 0, 0, 495, 495, 1, 2.79%, 0, 0, 2, 152.01, 1827, 25121
1606834497, 0, 0, 496, 496, 1, 2.79%, 0, 0, 2, 102.52, 1827, 27450
1606834527, 0, 0, 497, 497, 1, 2.79%, 0, 0, 2, 119.44, 1827, 31032
1606834542, 0, 0, 498, 498, 1, 2.79%, 0, 0, 2, 104.37, 1827, 32632
1606834583, 0, 0, 499, 499, 1, 2.79%, 0, 0, 2, 100.05, 1827, 36855
1606834588, 0, 0, 501, 501, 1, 2.79%, 0, 0, 2, 98.20, 1827, 37379
1606834604, 0, 0, 502, 502, 1, 2.79%, 0, 0, 2, 111.57, 1827, 39006
1606834614, 0, 0, 503, 503, 1, 2.79%, 0, 0, 2, 95.10, 1827, 39962
1606834629, 0, 0, 504, 504, 1, 2.79%, 0, 0, 2, 106.26, 1827, 41548
1606834644, 0, 0, 505, 505, 1, 2.79%, 0, 0, 2, 99.55, 1827, 43152
1606834654, 0, 0, 506, 506, 1, 2.79%, 0, 0, 2, 109.84, 1827, 44256
1606834695, 0, 0, 507, 507, 1, 2.79%, 0, 0, 2, 108.10, 1827, 48252
1606834706, 0, 0, 508, 508, 1, 2.79%, 0, 0, 2, 112.99, 1827, 49258
1606834726, 0, 0, 509, 509, 1, 2.79%, 0, 0, 2, 116.07, 1827, 51554
1606834741, 0, 0, 510, 510, 1, 2.79%, 0, 0, 2, 103.98, 1827, 53142
1606834746, 0, 0, 511, 511, 1, 2.79%, 0, 0, 2, 108.12, 1827, 53714
1606834858, 0, 0, 512, 512, 1, 2.79%, 0, 0, 2, 112.91, 1827, 65950
1606834903, 0, 0, 513, 513, 1, 2.79%, 0, 0, 2, 103.66, 1827, 70774
1606834914, 0, 0, 514, 514, 1, 2.79%, 0, 0, 2, 111.69, 1827, 71848
1606834944, 0, 0, 515, 515, 1, 2.79%, 0, 0, 2, 126.97, 1827, 75078
1606834959, 0, 0, 516, 516, 1, 2.79%, 0, 0, 2, 127.54, 1827, 76944
1606835005, 0, 0, 517, 517, 1, 2.80%, 0, 0, 2, 110.01, 1835, 82156
1606835025, 0, 0, 518, 518, 1, 2.80%, 0, 0, 2, 106.43, 1836, 84424
1606835035, 0, 0, 521, 521, 1, 2.80%, 0, 0, 2, 116.05, 1837, 85564
1606835065, 0, 0, 522, 522, 1, 2.80%, 0, 0, 2, 116.43, 1837, 88986
1606835080, 0, 0, 523, 523, 1, 2.80%, 0, 0, 2, 127.80, 1837, 90830
1606835101, 0, 0, 524, 524, 1, 2.80%, 0, 0, 2, 91.99, 1837, 92882
1606835116, 0, 0, 525, 525, 1, 2.81%, 0, 0, 2, 84.87, 1844, 94287
1606835131, 0, 0, 528, 528, 1, 2.81%, 0, 0, 2, 102.49, 1844, 95706
1606835198, 0, 0, 529, 529, 1, 2.81%, 0, 0, 2, 96.69, 1844, 102058
1606835238, 0, 0, 530, 530, 1, 2.81%, 0, 0, 2, 111.15, 1844, 106354
1606835274, 0, 0, 531, 531, 1, 2.81%, 0, 0, 2, 106.81, 1844, 110142
1606835305, 0, 0, 532, 532, 1, 2.81%, 0, 0, 2, 94.55, 1844, 113080
1606835320, 0, 0, 533, 533, 1, 2.81%, 0, 0, 2, 102.96, 1844, 114690
1606835345, 0, 0, 534, 534, 1, 2.81%, 0, 0, 2, 107.20, 1844, 117142
1606835366, 0, 0, 536, 536, 1, 2.82%, 0, 0, 2, 97.82, 1847, 119329
1606835371, 0, 0, 537, 537, 1, 2.82%, 0, 0, 2, 92.69, 1847, 119797
1606835386, 0, 0, 538, 538, 1, 2.84%, 0, 0, 2, 102.91, 1863, 121358
1606835391, 0, 0, 540, 540, 1, 2.84%, 0, 0, 2, 98.71, 1864, 121856
1606835412, 0, 0, 541, 541, 1, 2.84%, 0, 0, 2, 99.66, 1864, 123882
1606835422, 0, 0, 542, 542, 1, 2.84%, 0, 0, 2, 98.97, 1864, 124910
1606835442, 0, 0, 544, 544, 1, 2.85%, 0, 0, 2, 101.20, 1866, 126994
1606835447, 0, 0, 545, 545, 1, 2.85%, 0, 0, 2, 99.56, 1866, 127505
1606835452, 0, 0, 547, 547, 1, 2.86%, 0, 0, 2, 107.46, 1872, 128064
1606835463, 0, 0, 562, 562, 1, 2.86%, 0, 0, 2, 102.37, 1877, 129114
1606835468, 0, 0, 588, 588, 1, 2.87%, 0, 0, 2, 90.07, 1878, 129581
1606835473, 0, 0, 612, 612, 1, 2.87%, 0, 0, 2, 89.24, 1878, 130038
1606835478, 0, 0, 634, 634, 1, 2.88%, 0, 0, 2, 86.12, 1890, 130498
1606835483, 0, 0, 653, 653, 1, 2.89%, 0, 0, 2, 94.25, 1892, 131006
1606835488, 0, 0, 660, 660, 1, 2.89%, 0, 0, 2, 101.87, 1894, 131524
1606835493, 0, 0, 669, 669, 1, 2.89%, 0, 0, 2, 101.04, 1895, 132080
1606835499, 0, 0, 690, 690, 1, 2.89%, 0, 0, 2, 83.33, 1895, 132474
1606835504, 0, 0, 707, 707, 1, 2.89%, 0, 0, 2, 74.47, 1895, 132850
1606835509, 0, 0, 714, 714, 1, 2.89%, 0, 0, 2, 75.29, 1895, 133241
1606835514, 0, 0, 719, 719, 1, 2.89%, 0, 0, 2, 78.74, 1895, 133647
1606835519, 0, 0, 723, 723, 1, 2.89%, 0, 0, 2, 73.71, 1895, 134032
1606835524, 0, 0, 724, 724, 1, 2.89%, 0, 0, 2, 79.94, 1895, 134450
1606835530, 0, 0, 729, 729, 1, 2.89%, 0, 0, 2, 76.26, 1895, 134832
1606835535, 0, 0, 730, 730, 1, 2.89%, 0, 0, 2, 79.91, 1895, 135231
1606835571, 0, 0, 733, 733, 1, 2.89%, 0, 0, 2, 93.12, 1895, 138462
1606835581, 0, 0, 734, 734, 1, 2.89%, 0, 0, 2, 105.07, 1895, 139528
1606835591, 0, 0, 735, 735, 1, 2.89%, 0, 0, 2, 101.13, 1895, 140544
1606835606, 0, 0, 736, 736, 1, 2.89%, 0, 0, 2, 100.00, 1895, 142103
1606835611, 0, 0, 738, 738, 1, 2.92%, 0, 0, 2, 102.25, 1912, 142610
1606835627, 0, 0, 740, 740, 1, 2.92%, 0, 0, 2, 103.07, 1912, 144202
1606835652, 0, 0, 743, 743, 1, 2.92%, 0, 0, 2, 95.69, 1912, 146669
1606835663, 0, 0, 744, 744, 1, 2.92%, 0, 0, 2, 95.48, 1912, 147700
1606835668, 0, 0, 745, 745, 1, 2.92%, 0, 0, 2, 99.32, 1912, 148205
1606835673, 0, 0, 746, 746, 1, 2.92%, 0, 0, 2, 98.87, 1912, 148711
1606835688, 0, 0, 747, 747, 1, 2.92%, 0, 0, 2, 104.91, 1912, 150176
1606835704, 0, 0, 748, 748, 1, 2.92%, 0, 0, 2, 94.35, 1912, 151634
1606835735, 0, 0, 749, 749, 1, 2.92%, 0, 0, 2, 98.22, 1912, 154697
1606835771, 0, 0, 750, 750, 1, 2.92%, 0, 0, 2, 98.43, 1913, 158220
1606835796, 0, 0, 751, 751, 1, 2.93%, 0, 0, 2, 96.80, 1918, 160736
1606835817, 0, 0, 753, 753, 1, 2.93%, 0, 0, 2, 101.34, 1918, 162774
1606835837, 0, 0, 755, 755, 1, 2.93%, 0, 0, 2, 96.37, 1920, 164730
1606835863, 0, 0, 756, 756, 1, 2.93%, 0, 0, 2, 104.56, 1922, 167274
1606835899, 0, 0, 757, 757, 1, 2.93%, 0, 0, 2, 95.16, 1922, 170661
1606835904, 0, 0, 759, 759, 1, 2.93%, 0, 0, 2, 94.46, 1922, 171143
1606835914, 0, 0, 760, 760, 1, 2.93%, 0, 0, 2, 94.95, 1922, 172122
1606835935, 0, 0, 761, 761, 1, 2.93%, 0, 0, 2, 95.84, 1922, 174109
1606835955, 0, 0, 762, 762, 1, 2.93%, 0, 0, 2, 99.43, 1922, 176248
1606835960, 0, 0, 763, 763, 1, 2.93%, 0, 0, 2, 93.28, 1922, 176720
1606835981, 0, 0, 764, 764, 1, 2.93%, 0, 0, 2, 105.30, 1922, 178748
1606836012, 0, 0, 765, 765, 1, 2.93%, 0, 0, 2, 104.94, 1923, 181810
1606836202, 0, 0, 766, 766, 1, 2.93%, 0, 0, 2, 82.75, 1923, 196332
