# unix_time, cycles_done, cur_path, paths_total, pending_total, pending_favs, map_size, unique_crashes, unique_hangs, max_depth, execs_per_sec, edge_coverage, total_execs
1606831017, 0, 0, 1, 1, 1, 0.37%, 0, 0, 1, 800.00, 242, 8
1606831022, 0, 0, 116, 116, 1, 1.26%, 0, 0, 2, 1133.66, 823, 6236
1606831027, 0, 0, 133, 133, 1, 1.31%, 0, 0, 2, 1178.72, 861, 12391
1606831032, 0, 0, 145, 145, 1, 1.34%, 0, 0, 2, 1213.48, 880, 18528
1606831037, 0, 0, 156, 156, 1, 1.37%, 0, 0, 2, 1215.08, 895, 24712
1606831042, 0, 0, 160, 160, 1, 1.37%, 0, 0, 2, 1228.61, 901, 31032
1606831047, 0, 9, 167, 166, 64, 1.38%, 0, 0, 3, 1218.51, 903, 37208
1606831053, 0, 24, 169, 166, 64, 1.38%, 0, 0, 3, 1208.27, 904, 43309
1606831058, 0, 27, 170, 165, 63, 1.39%, 0, 0, 3, 1219.65, 908, 49489
1606831063, 0, 34, 171, 164, 60, 1.39%, 0, 0, 3, 1207.48, 908, 55564
1606831068, 0, 37, 172, 163, 58, 1.41%, 0, 0, 3, 1193.43, 926, 61641
1606831073, 0, 46, 174, 164, 57, 1.42%, 0, 0, 3, 1187.05, 931, 67640
1606831078, 0, 48, 178, 167, 59, 1.43%, 0, 0, 3, 1187.67, 936, 73640
1606831083, 0, 49, 181, 169, 60, 1.44%, 0, 0, 3, 1151.04, 941, 79563
1606831088, 0, 49, 184, 172, 60, 1.46%, 0, 0, 3, 1172.20, 955, 85590
1606831104, 0, 49, 185, 173, 60, 1.47%, 0, 0, 3, 1176.86, 964, 103791
1606831109, 0, 49, 187, 175, 60, 1.48%, 0, 0, 3, 1169.81, 972, 109810
1606831114, 0, 51, 192, 178, 61, 1.49%, 0, 0, 3, 1182.47, 976, 115700
1606831119, 0, 64, 194, 179, 61, 1.49%, 0, 0, 3, 1163.99, 979, 121563
1606831124, 0, 71, 195, 178, 60, 1.49%, 0, 0, 3, 1198.45, 979, 127640
1606831129, 0, 71, 202, 185, 60, 1.51%, 0, 0, 3, 1182.76, 989, 133699
