# unix_time, cycles_done, cur_path, paths_total, pending_total, pending_favs, map_size, unique_crashes, unique_hangs, max_depth, execs_per_sec, edge_coverage, total_execs
1605368123, 0, 0, 1, 1, 1, 1.33%, 0, 0, 1, 615.38, 869, 8
1605368129, 0, 0, 108, 108, 1, 1.36%, 0, 0, 2, 907.20, 894, 5086
1605368134, 0, 0, 131, 131, 1, 1.37%, 0, 0, 2, 965.00, 900, 10123
1605368139, 0, 0, 133, 133, 1, 1.37%, 0, 0, 2, 975.38, 900, 15117
1605368144, 0, 0, 150, 150, 1, 1.38%, 0, 0, 2, 976.67, 907, 20025
1605368149, 0, 0, 156, 156, 1, 1.39%, 0, 0, 2, 864.77, 911, 23811
1605368154, 0, 0, 184, 184, 1, 1.40%, 0, 0, 2, 949.69, 916, 28780
1605368159, 0, 0, 354, 354, 1, 1.50%, 0, 0, 2, 1054.82, 983, 34245
1605368164, 0, 0, 393, 393, 1, 1.51%, 0, 0, 2, 1106.95, 988, 39909
1605368169, 0, 0, 401, 401, 1, 1.51%, 0, 0, 2, 1117.28, 988, 45627
1605368175, 0, 0, 411, 411, 1, 1.51%, 0, 0, 2, 1121.25, 990, 51273
1605368180, 0, 0, 414, 414, 1, 1.51%, 0, 0, 2, 1124.43, 990, 57017
1605368185, 0, 0, 417, 417, 1, 1.51%, 0, 0, 2, 1081.68, 990, 62303
1605368190, 0, 7, 418, 417, 15, 1.51%, 0, 0, 2, 883.60, 990, 66675
1605368226, 0, 123, 418, 416, 15, 1.51%, 0, 0, 2, 984.43, 990, 99227
1605368257, 0, 263, 418, 415, 15, 1.51%, 0, 0, 2, 988.17, 990, 128413
1605368272, 0, 263, 419, 416, 15, 1.51%, 0, 0, 3, 1076.86, 990, 145066
1605368277, 0, 263, 421, 418, 15, 1.51%, 0, 0, 3, 1075.70, 990, 150573
1605368287, 0, 264, 422, 418, 15, 1.51%, 0, 0, 3, 1195.26, 990, 162166
1605368303, 0, 264, 424, 420, 15, 1.51%, 0, 0, 3, 1310.42, 990, 181815
1605368308, 0, 266, 424, 419, 14, 1.51%, 0, 0, 3, 1431.19, 990, 189411
1605368318, 0, 269, 425, 419, 13, 1.51%, 0, 0, 3, 1189.11, 990, 202860
1605368323, 0, 269, 426, 420, 13, 1.51%, 0, 0, 3, 1080.89, 990, 208155
1605368354, 0, 295, 426, 418, 11, 1.51%, 0, 0, 3, 1019.69, 990, 239851
1605368384, 0, 295, 427, 419, 11, 1.51%, 0, 0, 3, 990.43, 990, 268985
1605368389, 0, 343, 427, 416, 9, 1.51%, 0, 0, 3, 1489.92, 990, 276058
1605368394, 0, 367, 430, 418, 8, 1.51%, 0, 0, 3, 1368.28, 990, 283159
1605368400, 0, 367, 431, 419, 8, 1.51%, 0, 0, 3, 1293.76, 990, 289799
1605368410, 0, 367, 433, 421, 8, 1.51%, 0, 0, 3, 1235.68, 992, 302811
1605368415, 0, 367, 434, 422, 8, 1.51%, 0, 0, 3, 1268.95, 992, 309282
1605368420, 0, 367, 435, 423, 8, 1.51%, 0, 0, 3, 1277.70, 992, 315864
1605368425, 0, 367, 440, 428, 8, 1.51%, 0, 0, 3, 1279.86, 992, 322361
1605368430, 0, 367, 452, 440, 8, 1.51%, 0, 0, 3, 1273.33, 992, 328869
1605368435, 0, 367, 463, 451, 8, 1.52%, 0, 0, 3, 1281.35, 993, 335357
1605368440, 0, 367, 466, 454, 8, 1.52%, 0, 0, 3, 1270.00, 993, 341881
1605368445, 0, 367, 468, 456, 8, 1.52%, 0, 0, 3, 1230.82, 993, 347830
1605368451, 0, 367, 470, 458, 8, 1.52%, 0, 0, 3, 1256.65, 993, 354213
1605368456, 0, 372, 472, 459, 8, 1.52%, 0, 0, 3, 1262.34, 993, 360688
1605368481, 0, 397, 472, 458, 8, 1.52%, 0, 0, 3, 1319.98, 993, 393702
1605368497, 0, 401, 472, 457, 7, 1.52%, 0, 0, 3, 1233.35, 993, 413736
1605368542, 0, 401, 475, 460, 7, 1.52%, 0, 0, 3, 1166.48, 993, 463596
1605368547, 0, 401, 476, 461, 7, 1.52%, 0, 0, 3, 1184.26, 993, 469653
1605368553, 0, 408, 476, 460, 6, 1.52%, 0, 0, 3, 1325.63, 993, 476239
1605368558, 0, 414, 477, 459, 4, 1.52%, 0, 0, 3, 1552.73, 993, 484351
1605368578, 0, 426, 477, 458, 3, 1.52%, 0, 0, 3, 1342.19, 993, 510562
1605368604, 0, 432, 477, 457, 2, 1.52%, 0, 0, 3, 1283.00, 993, 544976
1605368644, 0, 438, 477, 456, 1, 1.52%, 0, 0, 3, 1262.26, 993, 595202
1605368680, 0, 458, 477, 455, 1, 1.52%, 0, 0, 3, 1260.83, 993, 640888
1605368721, 1, 2, 477, 454, 0, 1.52%, 0, 0, 3, 1210.84, 993, 690357
1605368757, 1, 2, 494, 471, 0, 1.52%, 0, 0, 3, 1120.61, 994, 724939
1605368762, 1, 2, 498, 475, 0, 1.52%, 0, 0, 3, 1170.92, 995, 731116
1605368767, 1, 2, 505, 482, 0, 1.52%, 0, 0, 3, 1185.32, 995, 737083
1605368772, 1, 2, 508, 485, 0, 1.52%, 0, 0, 3, 1195.77, 995, 743133
1605368777, 1, 2, 509, 486, 0, 1.52%, 0, 0, 3, 1195.87, 995, 749144
1605368782, 1, 154, 512, 488, 2, 1.52%, 0, 0, 3, 1099.09, 995, 754801
1605368818, 1, 252, 512, 487, 2, 1.52%, 0, 0, 3, 1186.51, 995, 789932
1605368839, 1, 252, 517, 492, 2, 1.52%, 0, 0, 3, 1373.79, 995, 815485
1605368849, 1, 252, 519, 494, 2, 1.52%, 0, 0, 3, 1410.88, 996, 829802
1605368859, 1, 302, 519, 493, 3, 1.52%, 0, 0, 3, 1232.52, 996, 843320
1605368905, 1, 484, 520, 493, 3, 1.52%, 0, 0, 3, 815.54, 996, 881192
1605368926, 1, 484, 521, 494, 3, 1.52%, 0, 0, 4, 754.75, 996, 896688
1605368941, 1, 484, 522, 495, 3, 1.52%, 0, 0, 4, 750.42, 996, 908141
1605368957, 1, 484, 523, 496, 3, 1.52%, 0, 0, 4, 756.32, 996, 919789
1605368967, 1, 484, 524, 497, 3, 1.52%, 0, 0, 4, 753.10, 996, 927480
1605368972, 1, 484, 525, 498, 3, 1.52%, 0, 0, 4, 747.58, 996, 931241
1605368992, 1, 484, 532, 505, 3, 1.52%, 0, 0, 4, 837.94, 996, 946708
1605368997, 1, 484, 534, 507, 3, 1.52%, 0, 0, 4, 878.06, 996, 951181
1605369002, 1, 484, 538, 511, 3, 1.52%, 0, 0, 4, 886.65, 996, 955667
1605369007, 1, 484, 540, 513, 3, 1.52%, 0, 0, 4, 883.26, 996, 960143
1605369012, 1, 484, 543, 516, 3, 1.53%, 0, 0, 4, 880.78, 1001, 964615
1605369017, 1, 497, 543, 515, 3, 1.53%, 0, 0, 4, 861.19, 1001, 969004
1605369094, 1, 518, 543, 514, 2, 1.53%, 0, 0, 4, 1430.87, 1001, 1033463
1605369124, 1, 518, 546, 517, 2, 1.53%, 0, 0, 4, 1524.19, 1001, 1081663
1605369130, 1, 518, 547, 518, 2, 1.53%, 0, 0, 4, 1508.14, 1001, 1089501
1605369135, 1, 518, 548, 519, 2, 1.53%, 0, 0, 4, 1500.94, 1001, 1097279
1605369140, 1, 518, 549, 520, 2, 1.53%, 0, 0, 4, 1499.33, 1001, 1104949
1605369145, 1, 542, 557, 527, 1, 1.53%, 0, 0, 5, 1038.30, 1001, 1110547
1605369150, 1, 542, 559, 529, 1, 1.53%, 0, 0, 5, 643.53, 1001, 1113325
1605369155, 1, 542, 560, 530, 1, 1.53%, 0, 0, 5, 557.25, 1001, 1116071
1605369171, 1, 542, 561, 531, 1, 1.53%, 0, 0, 5, 536.06, 1001, 1124330
1605369345, 1, 542, 563, 533, 1, 1.53%, 0, 0, 5, 540.94, 1001, 1217880
1605369401, 1, 542, 565, 535, 1, 1.53%, 0, 0, 5, 560.85, 1001, 1248246
1605369406, 1, 542, 572, 542, 1, 1.53%, 0, 0, 5, 603.26, 1001, 1251352
1605369411, 1, 542, 574, 544, 1, 1.53%, 0, 0, 5, 619.80, 1001, 1254512
1605369421, 1, 542, 575, 545, 1, 1.53%, 0, 0, 5, 625.13, 1001, 1260832
1605369426, 1, 542, 577, 547, 1, 1.53%, 0, 0, 5, 624.04, 1001, 1263980
1605369431, 1, 542, 578, 548, 1, 1.53%, 0, 0, 5, 624.47, 1001, 1267132
1605369436, 1, 542, 579, 549, 1, 1.53%, 0, 0, 5, 625.36, 1001, 1270284
1605369441, 1, 559, 579, 548, 1, 1.53%, 0, 0, 5, 591.44, 1001, 1273303
1605369702, 1, 559, 580, 549, 1, 1.53%, 0, 0, 6, 604.79, 1001, 1413703
1605369707, 1, 559, 582, 551, 1, 1.53%, 0, 0, 6, 617.74, 1001, 1416863
1605369717, 1, 559, 583, 552, 1, 1.53%, 0, 0, 6, 623.22, 1001, 1423195
1605369727, 1, 559, 584, 553, 1, 1.53%, 0, 0, 6, 621.46, 1001, 1429503
1605369732, 1, 559, 586, 555, 1, 1.53%, 0, 0, 6, 624.18, 1001, 1432663
1605369737, 1, 570, 586, 554, 1, 1.53%, 0, 0, 6, 610.39, 1001, 1435782
1605370010, 1, 582, 586, 553, 1, 1.53%, 0, 0, 6, 576.13, 1001, 1585496
1605370268, 2, 3, 586, 552, 0, 1.53%, 0, 0, 6, 724.59, 1001, 1726856
1605370299, 2, 3, 596, 562, 0, 1.53%, 0, 0, 6, 1002.28, 1001, 1756797
1605370304, 2, 3, 608, 574, 0, 1.53%, 0, 0, 6, 1153.64, 1001, 1762727
1605370309, 2, 3, 612, 578, 0, 1.53%, 0, 0, 6, 1200.22, 1001, 1768987
1605370314, 2, 3, 614, 580, 0, 1.53%, 0, 0, 6, 1205.96, 1001, 1775097
1605370319, 2, 3, 616, 582, 0, 1.53%, 0, 0, 6, 1207.70, 1001, 1781161
1605370324, 2, 3, 617, 583, 0, 1.53%, 0, 0, 6, 1213.41, 1001, 1787241
1605370329, 2, 4, 617, 582, 0, 1.53%, 0, 0, 6, 1031.43, 1001, 1792362
1605370360, 2, 6, 617, 581, 0, 1.53%, 0, 0, 6, 980.80, 1001, 1821803
1605370391, 2, 12, 617, 580, 0, 1.53%, 0, 0, 6, 1000.02, 1001, 1851784
1605370421, 2, 12, 618, 581, 0, 1.53%, 0, 0, 6, 1013.92, 1001, 1881411
1605370426, 2, 16, 619, 581, 0, 1.53%, 0, 0, 6, 1042.37, 1001, 1886946
1605370457, 2, 22, 619, 580, 0, 1.53%, 0, 0, 6, 999.04, 1001, 1916966
1605370488, 2, 26, 619, 579, 0, 1.53%, 0, 0, 6, 1012.63, 1001, 1946772
1605370524, 2, 30, 619, 578, 0, 1.53%, 0, 0, 6, 977.43, 1001, 1981745
1605370555, 2, 33, 619, 577, 0, 1.53%, 0, 0, 6, 982.40, 1001, 2011118
1605370586, 2, 37, 619, 576, 0, 1.53%, 0, 0, 6, 997.51, 1001, 2040965
1605370617, 2, 39, 619, 575, 0, 1.53%, 0, 0, 6, 1012.04, 1001, 2070889
1605370653, 2, 42, 619, 574, 0, 1.53%, 0, 0, 6, 975.20, 1001, 2105838
1605370684, 2, 50, 620, 574, 0, 1.53%, 0, 0, 6, 1009.30, 1001, 2135607
1605370714, 2, 56, 620, 573, 0, 1.53%, 0, 0, 6, 1003.16, 1001, 2165318
1605370750, 2, 57, 621, 573, 0, 1.53%, 0, 0, 6, 990.83, 1001, 2199956
1605370781, 2, 67, 621, 572, 0, 1.53%, 0, 0, 6, 986.13, 1001, 2229688
1605370812, 2, 67, 622, 573, 0, 1.53%, 0, 0, 6, 1053.22, 1002, 2259264
1605370817, 2, 209, 622, 572, 1, 1.53%, 0, 0, 6, 1186.53, 1002, 2265395
1605370832, 2, 317, 622, 571, 1, 1.53%, 0, 0, 6, 1366.42, 1002, 2284817
1605370847, 2, 332, 622, 570, 1, 1.53%, 0, 0, 6, 1199.01, 1002, 2305467
1605370868, 2, 353, 622, 569, 1, 1.53%, 0, 0, 6, 1219.47, 1002, 2328214
1605370883, 2, 621, 622, 568, 1, 1.53%, 0, 0, 6, 1195.97, 1002, 2348251
1605370888, 2, 621, 623, 569, 1, 1.53%, 0, 0, 6, 695.81, 1002, 2351147
1605371507, 2, 621, 624, 570, 1, 1.53%, 0, 0, 6, 566.86, 1002, 2702017
1605377703, 2, 621, 626, 572, 1, 1.53%, 0, 0, 6, 553.14, 1002, 6217094
1605377713, 2, 621, 627, 573, 1, 1.53%, 0, 0, 6, 534.47, 1002, 6222657
1605377718, 2, 621, 628, 574, 1, 1.53%, 0, 0, 6, 534.09, 1002, 6225435
1605377749, 2, 626, 628, 573, 0, 1.53%, 0, 0, 6, 378.91, 1002, 6241311
1605433247, 2, 626, 629, 574, 0, 1.53%, 0, 0, 6, 220.46, 1002, 18859109
1605433252, 2, 626, 631, 576, 0, 1.53%, 0, 0, 6, 215.16, 1002, 18860053
1605433257, 2, 626, 632, 577, 0, 1.53%, 0, 0, 6, 220.90, 1002, 18861161
1605433272, 2, 626, 633, 578, 0, 1.53%, 0, 0, 6, 211.89, 1002, 18864421
1605433302, 2, 626, 634, 579, 0, 1.53%, 0, 0, 6, 204.86, 1002, 18870869
1605433394, 2, 626, 635, 580, 0, 1.53%, 0, 0, 6, 214.88, 1002, 18890485
1605433404, 2, 630, 635, 579, 0, 1.53%, 0, 0, 6, 140.63, 1002, 18892361
1605441669, 2, 630, 636, 580, 0, 1.53%, 0, 0, 6, 132.32, 1002, 20019063
