# unix_time, cycles_done, cur_path, paths_total, pending_total, pending_favs, map_size, unique_crashes, unique_hangs, max_depth, execs_per_sec, edge_coverage, total_execs
1605478801, 0, 0, 1, 1, 1, 0.03%, 0, 0, 1, 1600.00 0 8
1605478806, 0, 4, 32, 31, 4, 0.04%, 0, 0, 2, 5765.49 26 34855
1605478811, 0, 36, 39, 33, 1, 0.07%, 0, 0, 5, 5731.85 44 64148
1605478816, 0, 41, 44, 35, 1, 0.07%, 0, 0, 8, 5796.57 47 94051
1605478821, 0, 46, 48, 38, 1, 0.08%, 0, 0, 9, 5908.43 51 124310
1605478826, 0, 48, 55, 43, 3, 0.10%, 0, 0, 10, 5559.64 66 151342
1605478831, 0, 49, 57, 44, 4, 0.10%, 0, 0, 11, 5416.54 68 178325
1605478836, 0, 56, 57, 41, 1, 0.10%, 0, 0, 11, 5302.52 68 204551
1605478841, 0, 56, 62, 46, 1, 0.11%, 0, 0, 12, 5282.92 75 229771
1605478846, 0, 57, 63, 46, 2, 0.11%, 0, 0, 13, 4987.17 75 255278
1605478851, 0, 61, 67, 49, 1, 0.12%, 0, 0, 13, 4232.09 79 277197
1605478856, 0, 65, 69, 50, 2, 0.13%, 0, 0, 14, 4331.53 85 300548
1605478861, 0, 67, 70, 50, 2, 0.13%, 0, 0, 14, 3879.25 86 320223
1605478866, 0, 68, 72, 51, 3, 0.14%, 0, 0, 15, 4014.95 89 341078
1605478872, 0, 69, 72, 50, 3, 0.14%, 0, 0, 15, 3965.85 89 361790
1605478877, 0, 70, 72, 49, 2, 0.14%, 0, 0, 15, 3944.24 89 382131
1605478882, 0, 71, 72, 48, 1, 0.14%, 0, 0, 15, 4008.96 89 402681
1605478887, 1, 27, 72, 41, 0, 0.14%, 0, 0, 15, 5407.70 89 430082
1605478892, 1, 39, 72, 39, 0, 0.14%, 0, 0, 15, 4742.61 89 453351
1605478897, 1, 44, 72, 38, 0, 0.14%, 0, 0, 15, 4062.45 89 474135
1605478902, 1, 60, 72, 36, 0, 0.14%, 0, 0, 15, 4531.50 89 498605
1605478907, 1, 63, 72, 35, 0, 0.14%, 0, 0, 15, 4014.49 89 519175
1605478912, 1, 66, 73, 35, 0, 0.14%, 0, 0, 15, 3743.20 92 538368
1605478917, 1, 72, 74, 35, 1, 0.14%, 0, 0, 15, 3660.87 93 555864
1605478922, 1, 72, 75, 36, 1, 0.15%, 0, 0, 15, 3471.25 100 572544
1605478928, 1, 74, 76, 36, 1, 0.15%, 0, 0, 16, 3680.15 101 592471
1605478933, 1, 76, 77, 36, 1, 0.16%, 0, 0, 16, 4149.38 104 612184
1605478938, 1, 76, 78, 37, 1, 0.16%, 0, 0, 17, 3506.69 105 629605
1605478943, 1, 78, 79, 37, 1, 0.16%, 0, 0, 17, 4089.66 107 650629
1605478948, 1, 78, 80, 38, 1, 0.16%, 0, 0, 18, 3360.40 108 666678
1605478953, 1, 79, 80, 37, 1, 0.16%, 0, 0, 18, 3753.45 108 687738
1605478963, 2, 58, 80, 33, 0, 0.16%, 0, 0, 18, 4906.17 108 734699
1605478968, 2, 64, 80, 32, 0, 0.16%, 0, 0, 18, 4212.65 108 755585
1605478973, 2, 73, 80, 31, 0, 0.16%, 0, 0, 18, 4183.07 108 776470
1605478978, 2, 73, 81, 32, 0, 0.16%, 0, 0, 18, 3382.16 108 792492
1605478983, 2, 75, 81, 31, 0, 0.16%, 0, 0, 18, 4223.44 108 815948
1605478994, 2, 77, 81, 30, 0, 0.16%, 0, 0, 18, 3609.75 108 852104
1605478999, 2, 77, 82, 31, 0, 0.17%, 0, 0, 18, 4133.21 109 871663
1605479004, 2, 81, 82, 30, 1, 0.17%, 0, 0, 18, 3961.99 109 894008
1605479009, 2, 81, 83, 31, 1, 0.17%, 0, 0, 19, 3169.94 110 909355
1605479014, 2, 82, 83, 30, 1, 0.17%, 0, 0, 19, 3595.89 110 929878
1605479024, 3, 42, 83, 25, 0, 0.17%, 0, 0, 19, 5018.62 110 973875
1605479029, 3, 59, 83, 23, 0, 0.17%, 0, 0, 19, 4765.72 110 998691
