# unix_time, cycles_done, cur_path, paths_total, pending_total, pending_favs, map_size, unique_crashes, unique_hangs, max_depth, execs_per_sec, edge_coverage, total_execs
1603394717, 0, 0, 3, 3, 2, 4.59%, 0, 0, 1, 1.45, 3009, 24
1603394722, 0, 0, 71, 71, 2, 5.02%, 0, 0, 2, 279.53, 3288, 1491
1603394727, 0, 0, 109, 109, 2, 5.11%, 0, 0, 2, 291.40, 3352, 3000
1603394732, 0, 0, 114, 114, 2, 5.14%, 0, 0, 2, 279.02, 3368, 4445
1603394737, 0, 0, 116, 116, 2, 5.19%, 0, 0, 2, 264.01, 3400, 5809
1603394742, 0, 0, 139, 139, 2, 5.22%, 0, 0, 2, 279.84, 3424, 7280
1603394748, 0, 0, 173, 173, 2, 5.32%, 0, 0, 2, 268.59, 3488, 8622
1603394758, 0, 0, 184, 184, 2, 5.34%, 0, 0, 2, 287.12, 3500, 11506
1603394773, 0, 0, 189, 189, 2, 5.36%, 0, 0, 2, 276.67, 3516, 15801
1603394778, 0, 0, 192, 192, 2, 5.37%, 0, 0, 2, 272.10, 3521, 17180
1603394789, 0, 0, 199, 199, 2, 5.44%, 0, 0, 2, 285.24, 3563, 19986
1603394794, 0, 0, 200, 200, 2, 5.46%, 0, 0, 2, 286.22, 3580, 21484
1603394804, 0, 0, 202, 202, 2, 5.46%, 0, 0, 2, 274.27, 3581, 24275
1603394809, 0, 0, 203, 203, 2, 5.50%, 0, 0, 2, 266.87, 3602, 25648
1603394819, 0, 0, 204, 204, 2, 5.50%, 0, 0, 2, 270.52, 3603, 28334
1603394825, 0, 0, 214, 214, 2, 5.50%, 0, 0, 2, 282.67, 3604, 29798
1603394830, 0, 0, 217, 217, 2, 5.52%, 0, 0, 2, 294.29, 3615, 31370
1603394835, 0, 0, 226, 226, 2, 5.59%, 0, 0, 2, 301.93, 3665, 32917
1603394840, 0, 0, 228, 228, 2, 5.60%, 0, 0, 2, 281.18, 3667, 34338
1603394845, 0, 0, 230, 230, 2, 5.60%, 0, 0, 2, 298.28, 3668, 35879
1603394850, 0, 0, 231, 231, 2, 5.60%, 0, 0, 2, 269.04, 3668, 37217
1603394871, 0, 0, 232, 232, 2, 5.60%, 0, 0, 2, 285.10, 3668, 43160
1603394881, 0, 0, 233, 233, 2, 5.60%, 0, 0, 2, 285.60, 3669, 45958
1603394886, 0, 0, 234, 234, 2, 5.60%, 0, 0, 2, 274.25, 3669, 47406
1603394917, 0, 0, 238, 238, 2, 5.61%, 0, 0, 2, 273.39, 3676, 55638
1603394922, 0, 0, 242, 242, 2, 5.61%, 0, 0, 2, 267.16, 3678, 56970
1603394927, 0, 0, 244, 244, 2, 5.61%, 0, 0, 2, 264.33, 3678, 58286
1603394932, 0, 0, 245, 245, 2, 5.62%, 0, 0, 2, 280.93, 3682, 59734
1603394937, 0, 0, 246, 246, 2, 5.62%, 0, 0, 2, 306.67, 3682, 61327
1603394968, 0, 0, 259, 259, 2, 5.67%, 0, 0, 2, 290.55, 3714, 70263
1603394973, 0, 0, 271, 271, 2, 5.69%, 0, 0, 2, 285.54, 3729, 71703
1603394978, 0, 0, 274, 274, 2, 5.70%, 0, 0, 2, 287.49, 3733, 73152
1603394998, 0, 0, 276, 276, 2, 5.71%, 0, 0, 2, 286.09, 3739, 79008
1603395018, 0, 0, 280, 280, 2, 5.76%, 0, 0, 2, 264.61, 3777, 84420
1603395024, 0, 0, 284, 284, 2, 5.77%, 0, 0, 2, 291.65, 3782, 85924
1603395029, 0, 0, 288, 288, 2, 5.78%, 0, 0, 2, 307.78, 3786, 87473
1603395034, 0, 0, 290, 290, 2, 5.78%, 0, 0, 2, 291.41, 3786, 89007
1603395070, 0, 0, 293, 293, 2, 5.78%, 0, 0, 2, 278.03, 3789, 99541
1603395095, 0, 0, 294, 294, 2, 5.78%, 0, 0, 2, 265.64, 3789, 106634
1603395110, 0, 0, 301, 301, 2, 5.79%, 0, 0, 2, 300.13, 3795, 110863
1603395115, 0, 0, 307, 307, 2, 5.83%, 0, 0, 2, 313.50, 3819, 112469
1603395120, 0, 2, 312, 311, 148, 5.83%, 0, 0, 2, 332.72, 3819, 114186
1603395125, 0, 4, 314, 312, 148, 5.83%, 0, 0, 2, 339.59, 3820, 115905
1603395212, 0, 6, 314, 311, 147, 5.83%, 0, 0, 2, 345.39, 3820, 145443
1603395237, 0, 6, 315, 312, 147, 5.83%, 0, 0, 3, 347.34, 3820, 154418
1603395248, 0, 13, 315, 310, 145, 5.83%, 0, 0, 3, 346.08, 3820, 158055
1603395345, 0, 14, 315, 309, 144, 5.83%, 0, 0, 3, 318.86, 3820, 188297
1603395431, 0, 15, 315, 308, 143, 5.83%, 0, 0, 3, 327.84, 3820, 216671
1603395523, 0, 20, 315, 307, 142, 5.83%, 0, 0, 3, 333.49, 3820, 246407
1603395616, 0, 21, 315, 306, 141, 5.83%, 0, 0, 3, 328.12, 3820, 276334
1603395707, 0, 23, 316, 306, 140, 5.83%, 0, 0, 3, 323.40, 3820, 306046
1603395805, 0, 25, 316, 305, 139, 5.83%, 0, 0, 3, 324.62, 3820, 337806
1603395892, 0, 25, 317, 306, 139, 5.83%, 0, 0, 3, 322.80, 3820, 365704
1603395897, 0, 27, 317, 305, 138, 5.83%, 0, 0, 3, 324.21, 3820, 367390
1603395990, 0, 28, 317, 304, 137, 5.83%, 0, 0, 3, 326.12, 3820, 397140
1603395995, 0, 28, 318, 305, 137, 5.83%, 0, 0, 3, 292.50, 3820, 398655
1603396015, 0, 28, 321, 308, 137, 5.83%, 0, 0, 3, 264.81, 3820, 404039
1603396102, 0, 28, 322, 309, 137, 5.83%, 0, 0, 3, 274.39, 3820, 427088
1603396366, 0, 28, 323, 310, 137, 5.83%, 0, 0, 3, 268.03, 3820, 501319
1603396381, 0, 33, 323, 309, 136, 5.83%, 0, 0, 3, 304.69, 3820, 505690
1603396478, 0, 36, 325, 310, 135, 5.83%, 0, 0, 3, 299.59, 3822, 536979
1603396484, 0, 36, 327, 312, 135, 5.83%, 0, 0, 3, 279.69, 3822, 538415
1603396499, 0, 36, 328, 313, 135, 5.83%, 0, 0, 3, 264.26, 3822, 542423
1603396509, 0, 36, 329, 314, 135, 5.83%, 0, 0, 3, 275.18, 3822, 545122
1603396585, 0, 36, 331, 316, 135, 5.83%, 0, 0, 3, 288.95, 3822, 565538
1603396728, 0, 36, 332, 317, 135, 5.83%, 0, 0, 3, 287.31, 3824, 605384
1603396779, 0, 36, 333, 318, 135, 5.83%, 0, 0, 3, 290.51, 3824, 619657
1603396784, 0, 36, 334, 319, 135, 5.83%, 0, 0, 3, 309.52, 3824, 621235
1603396866, 0, 37, 334, 318, 137, 5.83%, 0, 0, 3, 304.94, 3824, 644580
1603396963, 0, 38, 334, 317, 136, 5.83%, 0, 0, 3, 322.11, 3824, 675834
1603396968, 0, 38, 335, 318, 136, 5.83%, 0, 0, 3, 326.61, 3824, 677528
1603396994, 0, 38, 336, 319, 136, 5.84%, 0, 0, 3, 327.13, 3826, 685874
1603397019, 0, 38, 337, 320, 136, 5.84%, 0, 0, 3, 327.20, 3828, 694225
1603397050, 0, 38, 341, 324, 136, 5.84%, 0, 0, 3, 323.11, 3828, 704111
1603397065, 0, 38, 344, 327, 136, 5.85%, 0, 0, 3, 323.57, 3832, 709094
1603397070, 0, 40, 344, 326, 139, 5.85%, 0, 0, 3, 308.64, 3832, 710681
1603397172, 0, 45, 344, 325, 138, 5.85%, 0, 0, 3, 337.14, 3832, 743829
1603397275, 0, 46, 345, 325, 137, 5.85%, 0, 0, 3, 325.59, 3837, 777840
1603397285, 0, 46, 346, 326, 137, 5.85%, 0, 0, 3, 268.64, 3837, 780548
1603397300, 0, 46, 347, 327, 137, 5.85%, 0, 0, 3, 259.87, 3837, 784661
1603397666, 0, 47, 347, 326, 137, 5.85%, 0, 0, 3, 314.07, 3837, 886621
1603397768, 0, 48, 347, 325, 136, 5.85%, 0, 0, 3, 324.82, 3837, 919611
1603397778, 0, 48, 348, 326, 136, 5.85%, 0, 0, 3, 274.25, 3837, 922413
1603398160, 0, 49, 348, 325, 135, 5.85%, 0, 0, 3, 312.47, 3837, 1028552
1603398186, 0, 49, 349, 326, 135, 5.85%, 0, 0, 3, 316.21, 3837, 1036544
1603398257, 0, 49, 350, 327, 135, 5.85%, 0, 0, 3, 325.26, 3837, 1059284
1603398267, 0, 54, 350, 326, 134, 5.85%, 0, 0, 3, 320.24, 3837, 1062584
1603398395, 0, 56, 350, 325, 133, 5.85%, 0, 0, 3, 329.83, 3837, 1104157
1603398507, 0, 60, 350, 324, 132, 5.85%, 0, 0, 3, 327.61, 3837, 1140431
1603398614, 0, 63, 350, 323, 131, 5.85%, 0, 0, 3, 329.24, 3837, 1175477
1603398711, 0, 63, 351, 324, 131, 5.86%, 0, 0, 3, 330.29, 3838, 1207500
1603398726, 0, 66, 351, 323, 130, 5.86%, 0, 0, 3, 327.69, 3838, 1212492
1603398838, 0, 68, 353, 324, 129, 5.86%, 0, 0, 3, 330.14, 3838, 1249440
1603398945, 0, 69, 353, 323, 128, 5.86%, 0, 0, 3, 333.30, 3838, 1284782
1603399058, 0, 70, 353, 322, 127, 5.86%, 0, 0, 3, 324.52, 3838, 1321811
1603399063, 0, 70, 354, 323, 127, 5.86%, 0, 0, 3, 292.75, 3838, 1323235
1603399093, 0, 70, 355, 324, 127, 5.86%, 0, 0, 3, 276.75, 3838, 1331364
1603399444, 0, 71, 356, 324, 127, 5.86%, 0, 0, 3, 313.25, 3838, 1430077
1603399557, 0, 72, 356, 323, 126, 5.86%, 0, 0, 3, 331.44, 3838, 1466340
1603399562, 0, 72, 357, 324, 126, 5.86%, 0, 0, 3, 297.39, 3838, 1467854
1603399674, 0, 72, 358, 325, 126, 5.86%, 0, 0, 3, 288.11, 3838, 1498058
1603399946, 0, 76, 358, 324, 125, 5.86%, 0, 0, 3, 300.47, 3838, 1574418
1603400063, 0, 77, 358, 323, 124, 5.86%, 0, 0, 3, 329.23, 3838, 1612526
1603400181, 0, 86, 358, 322, 123, 5.86%, 0, 0, 3, 320.75, 3838, 1650553
1603400299, 0, 92, 358, 321, 122, 5.86%, 0, 0, 3, 331.88, 3838, 1689081
1603400304, 0, 92, 361, 324, 122, 5.86%, 0, 0, 3, 312.75, 3838, 1690653
1603400320, 0, 92, 362, 325, 122, 5.86%, 0, 0, 3, 299.74, 3838, 1695248
1603400361, 0, 92, 363, 326, 122, 5.86%, 0, 0, 3, 299.68, 3839, 1707657
1603400402, 0, 92, 364, 327, 122, 5.86%, 0, 0, 3, 314.16, 3839, 1720158
1603400412, 0, 92, 365, 328, 122, 5.86%, 0, 0, 3, 306.61, 3839, 1723286
1603400585, 0, 93, 366, 328, 122, 5.86%, 0, 0, 3, 308.36, 3839, 1776517
1603400651, 0, 93, 367, 329, 122, 5.86%, 0, 0, 3, 301.37, 3840, 1796362
1603400876, 0, 94, 367, 328, 122, 5.86%, 0, 0, 3, 308.77, 3840, 1865029
1603401162, 0, 95, 367, 327, 121, 5.86%, 0, 0, 3, 318.89, 3840, 1952360
1603401223, 0, 95, 368, 328, 121, 5.86%, 0, 0, 3, 304.31, 3841, 1970837
1603401453, 0, 96, 368, 327, 121, 5.86%, 0, 0, 3, 319.75, 3841, 2041439
1603401515, 0, 96, 369, 328, 121, 5.86%, 0, 0, 3, 304.03, 3842, 2059850
1603401739, 0, 97, 369, 327, 121, 5.86%, 0, 0, 3, 301.35, 3842, 2128408
1603401749, 0, 97, 370, 328, 121, 5.86%, 0, 0, 3, 272.79, 3842, 2131245
1603401810, 0, 97, 371, 329, 121, 5.88%, 0, 0, 3, 284.99, 3855, 2147514
1603402038, 0, 97, 372, 330, 121, 5.88%, 0, 0, 3, 281.68, 3855, 2211443
1603402130, 0, 98, 372, 329, 121, 5.88%, 0, 0, 3, 309.38, 3855, 2237824
1603402191, 0, 98, 373, 330, 121, 5.88%, 0, 0, 3, 316.37, 3856, 2256367
1603402416, 0, 99, 373, 329, 121, 5.88%, 0, 0, 3, 323.62, 3856, 2325967
1603402476, 0, 99, 374, 330, 121, 5.89%, 0, 0, 3, 300.47, 3857, 2344312
1603402701, 0, 101, 375, 330, 121, 5.89%, 0, 0, 3, 313.50, 3857, 2413965
1603402767, 0, 101, 376, 331, 121, 5.89%, 0, 0, 3, 301.33, 3858, 2433882
1603402992, 0, 102, 376, 330, 121, 5.89%, 0, 0, 3, 317.74, 3858, 2502726
1603403054, 0, 102, 377, 331, 121, 5.89%, 0, 0, 3, 294.05, 3859, 2521097
1603403283, 0, 103, 377, 330, 121, 5.89%, 0, 0, 3, 311.74, 3859, 2591338
1603403344, 0, 103, 378, 331, 121, 5.89%, 0, 0, 3, 306.14, 3860, 2609785
1603403573, 0, 104, 378, 330, 121, 5.89%, 0, 0, 3, 305.37, 3860, 2679643
1603403578, 0, 104, 380, 332, 121, 5.89%, 0, 0, 3, 285.23, 3860, 2681042
1603403639, 0, 104, 381, 333, 121, 5.89%, 0, 0, 3, 280.65, 3861, 2697298
1603403965, 0, 105, 381, 332, 122, 5.89%, 0, 0, 3, 303.92, 3861, 2788001
1603403970, 0, 105, 382, 333, 122, 5.89%, 0, 0, 3, 285.74, 3861, 2789410
1603404036, 0, 105, 383, 334, 122, 5.89%, 0, 0, 3, 281.06, 3862, 2807024
1603404348, 0, 105, 384, 335, 122, 5.89%, 0, 0, 3, 300.70, 3862, 2895999
1603404353, 0, 107, 385, 335, 120, 5.89%, 0, 0, 3, 320.25, 3862, 2897645
1603404358, 0, 107, 386, 336, 120, 5.89%, 0, 0, 3, 314.85, 3862, 2899225
1603404409, 0, 107, 387, 337, 120, 5.89%, 0, 0, 3, 323.45, 3863, 2915212
1603404633, 0, 108, 387, 336, 120, 5.89%, 0, 0, 3, 331.00, 3863, 2986043
1603404786, 0, 112, 388, 336, 119, 5.89%, 0, 0, 3, 332.64, 3863, 3036883
1603404792, 0, 112, 389, 337, 119, 5.89%, 0, 0, 3, 321.68, 3863, 3038535
1603404797, 0, 112, 390, 338, 119, 5.89%, 0, 0, 3, 323.49, 3863, 3040187
1603404935, 0, 112, 391, 339, 119, 5.90%, 0, 0, 3, 326.83, 3865, 3085013
1603404996, 0, 116, 395, 342, 119, 5.90%, 0, 0, 3, 331.44, 3865, 3105091
1603405012, 0, 116, 400, 347, 119, 5.91%, 0, 0, 3, 321.69, 3870, 3110093
1603405017, 0, 116, 404, 351, 119, 5.91%, 0, 0, 3, 318.66, 3872, 3111745
1603405068, 0, 116, 405, 352, 119, 5.91%, 0, 0, 3, 320.79, 3872, 3128146
1603405191, 0, 116, 407, 354, 119, 5.91%, 0, 0, 3, 321.74, 3872, 3168041
1603405237, 0, 116, 411, 358, 119, 5.91%, 0, 0, 3, 318.96, 3872, 3183118
1603405252, 0, 118, 411, 357, 119, 5.91%, 0, 0, 3, 330.80, 3872, 3188129
1603405462, 0, 119, 411, 356, 118, 5.91%, 0, 0, 3, 325.46, 3872, 3256496
1603405677, 0, 119, 412, 357, 118, 5.91%, 0, 0, 3, 306.44, 3875, 3324597
1603405682, 0, 120, 412, 356, 117, 5.91%, 0, 0, 3, 326.48, 3875, 3326239
1603405901, 0, 121, 412, 355, 116, 5.91%, 0, 0, 3, 324.07, 3875, 3395851
1603406033, 0, 121, 413, 356, 116, 5.91%, 0, 0, 3, 320.62, 3876, 3437879
1603406054, 0, 121, 414, 357, 116, 5.91%, 0, 0, 3, 322.94, 3876, 3444416
1603406115, 0, 123, 414, 356, 116, 5.91%, 0, 0, 3, 322.14, 3876, 3464198
1603406131, 0, 123, 415, 357, 116, 5.92%, 0, 0, 3, 313.90, 3881, 3469036
1603406339, 0, 124, 415, 356, 115, 5.92%, 0, 0, 3, 325.01, 3881, 3535392
1603406563, 0, 134, 415, 355, 114, 5.92%, 0, 0, 3, 329.23, 3881, 3606563
1603406792, 0, 135, 415, 354, 113, 5.92%, 0, 0, 3, 309.65, 3881, 3679381
1603407021, 0, 137, 415, 353, 112, 5.92%, 0, 0, 3, 315.87, 3881, 3750707
1603407271, 0, 140, 415, 352, 111, 5.92%, 0, 0, 3, 315.97, 3881, 3828045
1603407532, 0, 144, 415, 351, 110, 5.92%, 0, 0, 3, 309.88, 3881, 3908699
1603407537, 0, 144, 416, 352, 110, 5.92%, 0, 0, 3, 288.98, 3881, 3910170
1603407845, 0, 152, 416, 351, 109, 5.92%, 0, 0, 3, 304.61, 3881, 3997804
1603408167, 0, 153, 416, 350, 108, 5.92%, 0, 0, 3, 298.88, 3881, 4089033
1603408473, 0, 153, 417, 351, 108, 5.92%, 0, 0, 3, 282.40, 3881, 4176494
1603408484, 0, 156, 417, 350, 107, 5.92%, 0, 0, 3, 305.37, 3881, 4179556
1603408806, 0, 158, 417, 349, 106, 5.92%, 0, 0, 3, 309.87, 3881, 4271074
1603408811, 0, 158, 418, 350, 106, 5.92%, 0, 0, 3, 289.95, 3881, 4272508
1603409066, 0, 158, 419, 351, 106, 5.92%, 0, 0, 3, 300.92, 3881, 4343990
1603409127, 0, 158, 421, 353, 106, 5.92%, 0, 0, 3, 284.20, 3881, 4361977
1603409132, 0, 160, 421, 352, 105, 5.92%, 0, 0, 3, 298.16, 3881, 4363504
1603409459, 0, 161, 421, 351, 104, 5.92%, 0, 0, 3, 308.93, 3881, 4456185
1603409633, 0, 161, 422, 352, 104, 5.92%, 0, 0, 3, 272.96, 3883, 4504164
1603409786, 0, 163, 422, 351, 104, 5.92%, 0, 0, 3, 302.46, 3883, 4548877
1603410118, 0, 168, 423, 351, 103, 5.92%, 0, 0, 3, 296.02, 3883, 4642585
1603410465, 0, 170, 425, 352, 102, 5.92%, 0, 0, 3, 304.64, 3883, 4740723
1603410491, 0, 170, 426, 353, 102, 5.92%, 0, 0, 3, 264.71, 3883, 4747411
1603410522, 0, 170, 428, 355, 102, 5.92%, 0, 0, 3, 266.78, 3883, 4755558
1603410761, 0, 170, 429, 356, 102, 5.92%, 0, 0, 3, 263.19, 3883, 4821513
1603410766, 0, 170, 430, 357, 102, 5.92%, 0, 0, 3, 273.01, 3883, 4822926
1603410857, 0, 171, 430, 356, 101, 5.92%, 0, 0, 3, 303.43, 3883, 4849425
1603410969, 0, 171, 431, 357, 101, 5.92%, 0, 0, 3, 289.02, 3883, 4879455
1603411244, 0, 172, 431, 356, 100, 5.92%, 0, 0, 3, 310.02, 3883, 4957534
1603411524, 0, 173, 431, 355, 99, 5.92%, 0, 0, 3, 325.32, 3883, 5045600
1603411611, 0, 175, 431, 354, 98, 5.92%, 0, 0, 3, 330.32, 3883, 5073836
1603411703, 0, 178, 431, 353, 97, 5.92%, 0, 0, 3, 330.39, 3883, 5103979
1603411810, 0, 179, 431, 352, 96, 5.92%, 0, 0, 3, 330.61, 3883, 5138451
1603411917, 0, 180, 431, 351, 95, 5.92%, 0, 0, 3, 323.29, 3883, 5173100
1603412019, 0, 183, 431, 350, 94, 5.92%, 0, 0, 3, 326.02, 3883, 5206515
1603412127, 0, 185, 431, 349, 93, 5.92%, 0, 0, 3, 325.57, 3883, 5242072
1603412346, 0, 186, 431, 348, 92, 5.92%, 0, 0, 3, 321.04, 3883, 5312214
1603412567, 0, 187, 431, 347, 91, 5.92%, 0, 0, 3, 330.43, 3883, 5382075
1603412791, 0, 188, 431, 346, 90, 5.92%, 0, 0, 3, 325.15, 3883, 5453584
1603413015, 0, 191, 431, 345, 89, 5.92%, 0, 0, 3, 313.35, 3883, 5525238
1603413123, 0, 191, 432, 346, 89, 5.92%, 0, 0, 3, 299.80, 3883, 5555263
1603413333, 0, 197, 432, 345, 89, 5.92%, 0, 0, 3, 320.96, 3883, 5617001
1603413389, 0, 197, 433, 346, 89, 5.92%, 0, 0, 3, 325.45, 3883, 5635604
1603413446, 0, 198, 435, 347, 88, 5.93%, 0, 0, 3, 302.46, 3885, 5653849
1603413481, 0, 198, 436, 348, 88, 5.93%, 0, 0, 3, 285.32, 3885, 5663508
1603413512, 0, 198, 438, 350, 88, 5.93%, 0, 0, 3, 282.75, 3885, 5671743
1603413697, 0, 198, 440, 352, 88, 5.94%, 0, 0, 3, 289.93, 3890, 5723762
1603413753, 0, 198, 442, 354, 88, 5.94%, 0, 0, 3, 307.58, 3892, 5739967
1603413830, 0, 199, 442, 353, 93, 5.94%, 0, 0, 3, 311.20, 3892, 5761911
1603414115, 0, 200, 442, 352, 92, 5.94%, 0, 0, 3, 318.02, 3892, 5850361
1603414330, 0, 202, 442, 351, 91, 5.94%, 0, 0, 3, 327.75, 3892, 5918864
1603414356, 0, 202, 444, 353, 91, 5.94%, 0, 0, 3, 276.02, 3892, 5926017
1603414386, 0, 202, 445, 354, 91, 5.94%, 0, 0, 3, 275.58, 3892, 5934536
1603414443, 0, 202, 446, 355, 91, 5.94%, 0, 0, 3, 299.43, 3892, 5950255
1603414540, 0, 202, 448, 357, 91, 5.96%, 0, 0, 3, 290.72, 3903, 5978568
1603414648, 0, 203, 448, 356, 91, 5.96%, 0, 0, 3, 325.36, 3903, 6010536
1603414750, 0, 216, 448, 355, 90, 5.96%, 0, 0, 3, 308.26, 3903, 6043508
1603414755, 0, 216, 449, 356, 90, 5.96%, 0, 0, 3, 283.24, 3904, 6044929
1603414862, 0, 216, 450, 357, 90, 5.96%, 0, 0, 3, 289.53, 3905, 6073353
1603415005, 0, 216, 451, 358, 90, 5.96%, 0, 0, 3, 301.56, 3905, 6114146
1603415046, 0, 216, 452, 359, 90, 5.96%, 0, 0, 3, 268.92, 3905, 6125713
1603415051, 0, 216, 453, 360, 90, 5.96%, 0, 0, 3, 306.08, 3905, 6127304
1603415138, 0, 221, 453, 359, 89, 5.96%, 0, 0, 3, 319.04, 3905, 6152715
1603415239, 0, 225, 454, 359, 88, 5.96%, 0, 0, 3, 315.53, 3906, 6187092
1603415306, 0, 225, 455, 360, 88, 5.96%, 0, 0, 3, 288.14, 3906, 6205211
1603415352, 0, 225, 457, 362, 88, 5.96%, 0, 0, 3, 290.08, 3907, 6217992
1603415377, 0, 225, 459, 364, 88, 5.96%, 0, 0, 3, 281.23, 3907, 6225233
1603415623, 0, 229, 459, 363, 90, 5.96%, 0, 0, 3, 329.00, 3907, 6295787
1603415745, 0, 232, 459, 362, 89, 5.96%, 0, 0, 3, 330.56, 3907, 6336393
1603415955, 0, 233, 459, 361, 88, 5.96%, 0, 0, 3, 324.49, 3907, 6404257
1603416175, 0, 236, 459, 360, 87, 5.96%, 0, 0, 3, 326.42, 3907, 6475088
1603416385, 0, 236, 460, 361, 87, 5.97%, 0, 0, 3, 302.80, 3914, 6535307
1603416415, 0, 236, 461, 362, 87, 5.97%, 0, 0, 3, 292.35, 3914, 6544373
1603416486, 0, 237, 461, 361, 88, 5.97%, 0, 0, 3, 312.25, 3914, 6565951
1603416697, 0, 237, 462, 362, 88, 5.97%, 0, 0, 3, 304.29, 3914, 6626362
1603416799, 0, 238, 462, 361, 87, 5.97%, 0, 0, 3, 324.55, 3914, 6657287
1603417116, 0, 244, 462, 360, 86, 5.97%, 0, 0, 3, 326.90, 3914, 6749586
1603417228, 0, 244, 463, 361, 86, 5.97%, 0, 0, 3, 301.38, 3914, 6780563
1603417500, 0, 247, 463, 360, 85, 5.97%, 0, 0, 3, 317.79, 3914, 6858748
1603417505, 0, 250, 464, 360, 84, 5.97%, 0, 0, 3, 338.12, 3915, 6860548
1603417592, 0, 251, 464, 359, 84, 5.97%, 0, 0, 3, 346.68, 3915, 6889972
1603417623, 0, 251, 465, 360, 84, 5.98%, 0, 0, 3, 336.11, 3917, 6900382
1603417684, 0, 251, 466, 361, 84, 5.98%, 0, 0, 3, 338.24, 3919, 6921044
1603417689, 0, 251, 467, 362, 84, 5.98%, 0, 0, 3, 341.64, 3919, 6922769
1603417694, 0, 252, 467, 361, 86, 5.98%, 0, 0, 3, 337.82, 3919, 6924530
1603417796, 0, 253, 467, 360, 85, 5.98%, 0, 0, 3, 338.51, 3919, 6958800
1603417893, 0, 256, 467, 359, 84, 5.98%, 0, 0, 3, 345.42, 3919, 6991439
1603418000, 0, 256, 468, 360, 84, 5.98%, 0, 0, 3, 338.02, 3919, 7027655
1603418020, 0, 258, 469, 360, 83, 5.98%, 0, 0, 3, 342.07, 3919, 7034558
1603418061, 0, 258, 470, 361, 83, 5.98%, 0, 0, 3, 315.15, 3919, 7047590
1603418066, 0, 258, 471, 362, 83, 5.98%, 0, 0, 3, 320.83, 3921, 7049242
1603418153, 0, 258, 472, 363, 83, 5.98%, 0, 0, 3, 325.72, 3922, 7077269
1603418235, 0, 258, 473, 364, 83, 5.99%, 0, 0, 3, 321.20, 3924, 7103781
1603418240, 0, 259, 473, 363, 85, 5.99%, 0, 0, 3, 336.00, 3924, 7105542
1603418499, 0, 261, 473, 362, 84, 5.99%, 0, 0, 3, 318.19, 3924, 7188420
1603418551, 0, 261, 474, 363, 84, 5.99%, 0, 0, 3, 271.38, 3925, 7202528
1603418714, 0, 261, 475, 364, 84, 5.99%, 0, 0, 3, 308.31, 3925, 7249858
1603418750, 0, 261, 476, 365, 84, 5.99%, 0, 0, 3, 301.89, 3927, 7260446
1603418822, 0, 262, 476, 364, 84, 5.99%, 0, 0, 3, 307.20, 3927, 7282013
1603419133, 0, 263, 476, 363, 83, 5.99%, 0, 0, 3, 318.59, 3927, 7373003
1603419307, 0, 263, 477, 364, 83, 5.99%, 0, 0, 3, 270.90, 3928, 7422038
1603419348, 0, 263, 478, 365, 83, 5.99%, 0, 0, 3, 308.39, 3928, 7434366
1603419455, 0, 264, 478, 364, 84, 5.99%, 0, 0, 3, 309.13, 3928, 7465977
1603419461, 0, 265, 478, 363, 83, 5.99%, 0, 0, 3, 331.42, 3928, 7467698
1603419548, 0, 269, 478, 362, 82, 5.99%, 0, 0, 3, 331.87, 3928, 7495978
1603419939, 0, 274, 478, 361, 81, 5.99%, 0, 0, 3, 314.80, 3928, 7605971
1603420158, 0, 275, 478, 360, 80, 5.99%, 0, 0, 3, 327.02, 3928, 7675658
1603420383, 0, 277, 478, 359, 79, 5.99%, 0, 0, 3, 327.68, 3928, 7746609
1603420388, 0, 277, 479, 360, 79, 5.99%, 0, 0, 3, 284.43, 3928, 7748043
1603420408, 0, 277, 485, 366, 79, 6.01%, 0, 0, 3, 269.33, 3936, 7753411
1603420439, 0, 277, 487, 368, 79, 6.01%, 0, 0, 3, 265.08, 3939, 7761613
1603420581, 0, 277, 488, 369, 79, 6.01%, 0, 0, 3, 266.14, 3939, 7800811
1603420586, 0, 277, 495, 376, 79, 6.03%, 0, 0, 3, 262.58, 3951, 7802182
1603420632, 0, 277, 496, 377, 79, 6.03%, 0, 0, 3, 284.00, 3953, 7815390
1603420678, 0, 277, 498, 379, 79, 6.03%, 0, 0, 3, 263.17, 3953, 7828391
1603420683, 0, 277, 499, 380, 79, 6.04%, 0, 0, 3, 282.83, 3960, 7829795
1603420759, 0, 277, 501, 382, 79, 6.05%, 0, 0, 3, 265.00, 3964, 7851901
1603420774, 0, 285, 501, 380, 91, 6.05%, 0, 0, 3, 313.89, 3964, 7856458
1603420779, 0, 285, 503, 382, 91, 6.05%, 0, 0, 3, 294.51, 3964, 7857938
1603420800, 0, 285, 504, 383, 91, 6.05%, 0, 0, 3, 265.90, 3964, 7863321
1603420876, 0, 285, 507, 386, 91, 6.05%, 0, 0, 3, 278.54, 3964, 7884003
1603421076, 0, 285, 508, 387, 91, 6.05%, 0, 0, 3, 298.69, 3964, 7941252
1603421163, 0, 286, 508, 386, 91, 6.05%, 0, 0, 3, 318.68, 3964, 7966613
1603421270, 0, 287, 508, 385, 90, 6.05%, 0, 0, 3, 345.68, 3964, 8002481
1603421372, 0, 290, 508, 384, 89, 6.05%, 0, 0, 3, 343.70, 3964, 8037018
1603421587, 0, 291, 508, 383, 88, 6.05%, 0, 0, 3, 338.78, 3964, 8106479
1603421807, 0, 308, 508, 382, 87, 6.05%, 0, 0, 3, 334.17, 3964, 8177950
1603421812, 0, 308, 509, 383, 87, 6.05%, 0, 0, 3, 328.84, 3964, 8179620
1603421930, 0, 308, 510, 384, 87, 6.05%, 0, 0, 3, 323.51, 3964, 8217602
1603422006, 0, 312, 510, 383, 87, 6.05%, 0, 0, 3, 344.37, 3964, 8242830
1603422011, 0, 321, 510, 381, 85, 6.05%, 0, 0, 3, 319.01, 3964, 8244453
1603422119, 0, 321, 511, 382, 85, 6.05%, 0, 0, 4, 291.67, 3964, 8273667
1603422395, 0, 326, 511, 381, 85, 6.05%, 0, 0, 4, 310.90, 3964, 8352755
1603422400, 0, 326, 512, 382, 85, 6.05%, 0, 0, 4, 308.90, 3964, 8354329
1603422684, 0, 333, 512, 381, 84, 6.05%, 0, 0, 4, 304.07, 3964, 8442216
1603422938, 0, 333, 513, 382, 84, 6.05%, 0, 0, 4, 295.36, 3964, 8511745
1603423075, 0, 335, 513, 381, 83, 6.05%, 0, 0, 4, 292.08, 3964, 8550662
1603423188, 0, 336, 514, 381, 83, 6.05%, 0, 0, 4, 336.71, 3966, 8587170
1603423290, 0, 342, 514, 380, 82, 6.05%, 0, 0, 4, 328.85, 3966, 8620237
1603423398, 0, 343, 514, 379, 81, 6.05%, 0, 0, 4, 322.02, 3966, 8654690
1603423403, 0, 343, 515, 380, 81, 6.06%, 0, 0, 4, 324.40, 3973, 8656342
1603423505, 0, 344, 516, 380, 81, 6.07%, 0, 0, 4, 334.27, 3977, 8689634
1603423530, 0, 344, 518, 382, 81, 6.08%, 0, 0, 4, 312.15, 3985, 8697718
1603423596, 0, 344, 519, 383, 81, 6.08%, 0, 0, 4, 335.65, 3986, 8719809
1603423607, 0, 349, 521, 384, 83, 6.08%, 0, 0, 4, 339.84, 3986, 8723245
1603423612, 0, 349, 524, 387, 83, 6.08%, 0, 0, 4, 335.36, 3986, 8724961
1603423622, 0, 349, 527, 390, 83, 6.08%, 0, 0, 4, 337.68, 3986, 8728411
1603423765, 0, 349, 528, 391, 83, 6.08%, 0, 0, 4, 311.86, 3986, 8774992
1603423837, 0, 350, 528, 390, 82, 6.08%, 0, 0, 4, 314.75, 3986, 8797534
1603423949, 0, 357, 528, 389, 81, 6.08%, 0, 0, 4, 321.78, 3986, 8832872
1603423954, 0, 357, 529, 390, 81, 6.09%, 0, 0, 4, 312.21, 3989, 8834446
1603423980, 0, 357, 531, 392, 81, 6.09%, 0, 0, 4, 317.98, 3992, 8842650
1603424036, 0, 357, 532, 393, 81, 6.09%, 0, 0, 4, 319.97, 3992, 8860635
1603424087, 0, 360, 532, 392, 82, 6.09%, 0, 0, 4, 307.99, 3992, 8876639
1603424092, 0, 360, 534, 394, 82, 6.09%, 0, 0, 4, 299.14, 3992, 8878124
1603424378, 0, 362, 534, 393, 81, 6.09%, 0, 0, 4, 314.00, 3992, 8964933
1603424664, 0, 363, 534, 392, 80, 6.09%, 0, 0, 4, 312.30, 3992, 9052773
1603424766, 0, 363, 535, 393, 80, 6.09%, 0, 0, 4, 311.17, 3992, 9083990
1603424853, 0, 363, 536, 394, 80, 6.10%, 0, 0, 4, 313.20, 3998, 9110884
1603424945, 0, 364, 536, 393, 80, 6.10%, 0, 0, 4, 320.32, 3998, 9139484
1603424950, 0, 364, 538, 395, 80, 6.10%, 0, 0, 4, 312.22, 3998, 9141072
1603424980, 0, 364, 539, 396, 80, 6.10%, 0, 0, 4, 304.98, 4000, 9150396
1603425047, 0, 364, 540, 397, 80, 6.10%, 0, 0, 4, 310.44, 4000, 9170653
1603425057, 0, 364, 542, 399, 80, 6.11%, 0, 0, 4, 307.66, 4004, 9173795
1603425179, 0, 364, 543, 400, 80, 6.11%, 0, 0, 4, 316.37, 4007, 9211552
1603425184, 0, 364, 544, 401, 80, 6.12%, 0, 0, 4, 311.25, 4008, 9213142
1603425230, 0, 366, 544, 400, 84, 6.12%, 0, 0, 4, 311.65, 4008, 9227313
1603425515, 0, 367, 544, 399, 83, 6.12%, 0, 0, 4, 323.78, 4008, 9315217
1603425805, 0, 368, 544, 398, 82, 6.12%, 0, 0, 4, 318.55, 4008, 9404753
1603426091, 0, 370, 544, 397, 81, 6.12%, 0, 0, 4, 308.88, 4008, 9492203
1603426101, 0, 370, 545, 398, 81, 6.12%, 0, 0, 4, 280.64, 4008, 9495150
1603426162, 0, 370, 546, 399, 81, 6.12%, 0, 0, 4, 288.13, 4008, 9511584
1603426483, 0, 371, 546, 398, 81, 6.12%, 0, 0, 4, 303.79, 4008, 9601751
1603426488, 0, 371, 547, 399, 81, 6.12%, 0, 0, 4, 286.55, 4008, 9603180
1603426508, 0, 371, 548, 400, 81, 6.12%, 0, 0, 4, 266.59, 4008, 9608633
1603426661, 0, 371, 549, 401, 81, 6.12%, 0, 0, 4, 268.25, 4008, 9650712
1603426835, 0, 372, 549, 400, 80, 6.12%, 0, 0, 4, 298.70, 4008, 9700156
1603427135, 0, 373, 550, 400, 79, 6.12%, 0, 0, 4, 313.21, 4008, 9788423
1603427431, 0, 375, 550, 399, 78, 6.12%, 0, 0, 4, 312.85, 4008, 9878205
1603427716, 0, 376, 550, 398, 77, 6.12%, 0, 0, 4, 315.29, 4008, 9966157
1603428007, 0, 377, 550, 397, 76, 6.12%, 0, 0, 4, 319.16, 4008, 10055772
1603428292, 0, 378, 550, 396, 75, 6.12%, 0, 0, 4, 319.02, 4008, 10143790
1603428578, 0, 380, 550, 395, 74, 6.12%, 0, 0, 4, 316.72, 4008, 10231820
1603428869, 0, 382, 550, 394, 73, 6.12%, 0, 0, 4, 325.27, 4008, 10321256
1603429155, 0, 383, 550, 393, 72, 6.12%, 0, 0, 4, 314.37, 4008, 10408998
1603429160, 0, 383, 553, 396, 72, 6.12%, 0, 0, 4, 325.17, 4008, 10410698
1603429252, 0, 383, 554, 397, 72, 6.12%, 0, 0, 4, 322.16, 4008, 10440280
1603429308, 0, 386, 554, 396, 71, 6.12%, 0, 0, 4, 326.29, 4008, 10458436
1603429601, 0, 397, 554, 395, 70, 6.12%, 0, 0, 4, 317.19, 4008, 10548086
1603429830, 0, 400, 554, 394, 69, 6.12%, 0, 0, 4, 330.00, 4008, 10620419
1603430085, 0, 405, 556, 395, 69, 6.12%, 0, 0, 4, 305.43, 4008, 10700595
1603430090, 0, 405, 557, 396, 69, 6.12%, 0, 0, 4, 284.74, 4008, 10702006
1603430100, 0, 405, 558, 397, 69, 6.12%, 0, 0, 4, 254.04, 4008, 10704589
1603430105, 0, 405, 561, 400, 69, 6.12%, 0, 0, 4, 254.21, 4008, 10705873
1603430110, 0, 405, 562, 401, 69, 6.12%, 0, 0, 4, 255.76, 4008, 10707166
1603430140, 0, 405, 563, 402, 69, 6.12%, 0, 0, 4, 257.31, 4008, 10715105
1603430191, 0, 405, 564, 403, 69, 6.12%, 0, 0, 4, 291.37, 4008, 10728541
1603430247, 0, 405, 566, 405, 69, 6.12%, 0, 0, 4, 270.11, 4008, 10744067
1603430257, 0, 405, 568, 407, 69, 6.12%, 0, 0, 4, 264.22, 4008, 10746763
1603430344, 0, 405, 570, 409, 69, 6.12%, 0, 0, 4, 270.86, 4008, 10770952
1603430349, 0, 405, 571, 410, 69, 6.12%, 0, 0, 4, 257.21, 4008, 10772245
1603430410, 0, 405, 572, 411, 69, 6.12%, 0, 0, 4, 268.41, 4008, 10789811
1603430430, 0, 409, 572, 410, 68, 6.12%, 0, 0, 4, 307.47, 4008, 10795441
1603430435, 0, 409, 573, 411, 68, 6.12%, 0, 0, 4, 287.09, 4008, 10796870
1603430456, 0, 409, 576, 414, 68, 6.12%, 0, 0, 4, 260.64, 4008, 10802214
1603430487, 0, 409, 577, 415, 68, 6.12%, 0, 0, 4, 256.44, 4008, 10810203
1603430609, 0, 409, 581, 419, 68, 6.12%, 0, 0, 4, 255.97, 4008, 10843675
1603430737, 0, 409, 582, 420, 68, 6.12%, 0, 0, 4, 292.29, 4008, 10881192
1603430752, 0, 411, 582, 419, 68, 6.12%, 0, 0, 4, 319.95, 4008, 10885692
1603430967, 0, 412, 582, 418, 67, 6.12%, 0, 0, 4, 341.14, 4008, 10955447
1603431182, 0, 414, 583, 418, 66, 6.12%, 0, 0, 4, 322.25, 4008, 11024621
1603431233, 0, 414, 584, 419, 66, 6.12%, 0, 0, 4, 262.76, 4008, 11038087
1603431431, 0, 414, 585, 420, 66, 6.12%, 0, 0, 4, 281.27, 4008, 11093765
1603431502, 0, 421, 585, 419, 66, 6.12%, 0, 0, 4, 313.32, 4008, 11114739
1603431762, 0, 427, 586, 419, 65, 6.12%, 0, 0, 4, 318.08, 4008, 11197304
1603431972, 0, 427, 587, 420, 65, 6.15%, 0, 0, 4, 299.47, 4031, 11257075
1603432074, 0, 431, 588, 420, 66, 6.15%, 0, 0, 4, 305.50, 4032, 11287468
1603432227, 0, 431, 589, 421, 66, 6.15%, 0, 0, 4, 283.19, 4032, 11330901
1603432396, 0, 434, 591, 422, 65, 6.15%, 0, 0, 4, 300.08, 4032, 11380977
1603432775, 0, 434, 592, 423, 65, 6.15%, 0, 0, 4, 289.87, 4032, 11487598
1603432780, 0, 435, 592, 422, 65, 6.15%, 0, 0, 4, 297.36, 4032, 11489136
1603432785, 0, 435, 596, 426, 65, 6.15%, 0, 0, 4, 327.11, 4032, 11490849
1603432872, 0, 435, 597, 427, 65, 6.15%, 0, 0, 4, 325.50, 4032, 11519430
1603432908, 0, 438, 597, 426, 64, 6.15%, 0, 0, 4, 342.97, 4032, 11531414
1603433158, 0, 438, 598, 427, 64, 6.15%, 0, 0, 4, 296.37, 4032, 11601902
1603433286, 0, 438, 599, 428, 64, 6.15%, 0, 0, 4, 296.02, 4032, 11638979
1603433291, 0, 439, 599, 427, 63, 6.15%, 0, 0, 4, 318.91, 4032, 11640596
1603433547, 0, 439, 600, 428, 63, 6.15%, 0, 0, 4, 286.98, 4032, 11711988
1603433680, 0, 440, 600, 427, 62, 6.15%, 0, 0, 4, 306.20, 4032, 11749871
1603433685, 0, 440, 601, 428, 62, 6.15%, 0, 0, 4, 286.69, 4032, 11751340
1603433992, 0, 440, 602, 429, 62, 6.15%, 0, 0, 4, 303.23, 4032, 11836507
1603434074, 0, 442, 602, 428, 60, 6.15%, 0, 0, 4, 297.56, 4032, 11859749
1603434396, 0, 445, 602, 427, 59, 6.15%, 0, 0, 4, 287.87, 4032, 11950916
1603434512, 0, 445, 603, 428, 59, 6.15%, 0, 0, 4, 270.88, 4032, 11981906
1603434718, 0, 446, 603, 427, 58, 6.15%, 0, 0, 4, 301.20, 4032, 12041683
1603434768, 0, 446, 604, 428, 58, 6.15%, 0, 0, 4, 267.94, 4032, 12055507
1603435076, 0, 448, 604, 427, 57, 6.15%, 0, 0, 4, 300.70, 4032, 12143166
1603435468, 0, 449, 604, 426, 56, 6.15%, 0, 0, 4, 311.79, 4032, 12252479
1603435565, 0, 450, 604, 425, 55, 6.15%, 0, 0, 4, 305.76, 4032, 12283698
1603435957, 0, 455, 604, 424, 54, 6.15%, 0, 0, 4, 306.43, 4032, 12392791
1603436349, 0, 458, 604, 423, 53, 6.15%, 0, 0, 4, 307.01, 4032, 12501597
1603436354, 0, 458, 606, 425, 53, 6.15%, 0, 0, 4, 292.70, 4032, 12503044
1603436415, 0, 458, 608, 427, 53, 6.15%, 0, 0, 4, 273.01, 4032, 12519216
1603436466, 0, 458, 609, 428, 53, 6.15%, 0, 0, 4, 286.23, 4032, 12533159
1603436742, 0, 459, 609, 427, 53, 6.15%, 0, 0, 4, 299.52, 4032, 12610640
1603437054, 0, 460, 609, 426, 52, 6.15%, 0, 0, 4, 302.95, 4032, 12700076
1603437079, 0, 460, 610, 427, 52, 6.16%, 0, 0, 4, 264.21, 4036, 12707100
1603437228, 0, 460, 611, 428, 52, 6.16%, 0, 0, 4, 271.52, 4036, 12748550
1603437377, 0, 463, 611, 427, 52, 6.16%, 0, 0, 4, 321.07, 4036, 12792424
1603437469, 0, 464, 611, 426, 51, 6.16%, 0, 0, 4, 328.58, 4036, 12822522
1603437571, 0, 465, 611, 425, 50, 6.16%, 0, 0, 4, 327.79, 4036, 12855941
1603437679, 0, 466, 611, 424, 49, 6.16%, 0, 0, 4, 324.91, 4036, 12890731
1603437787, 0, 468, 611, 423, 48, 6.16%, 0, 0, 4, 321.23, 4036, 12924855
1603437894, 0, 468, 612, 424, 48, 6.16%, 0, 0, 4, 329.65, 4036, 12960292
1603437915, 0, 470, 612, 423, 47, 6.16%, 0, 0, 4, 332.47, 4036, 12966933
1603438149, 0, 471, 612, 422, 46, 6.16%, 0, 0, 4, 317.29, 4036, 13040254
1603438373, 0, 472, 612, 421, 45, 6.16%, 0, 0, 4, 312.77, 4036, 13110977
1603438506, 0, 472, 613, 422, 45, 6.16%, 0, 0, 4, 309.02, 4037, 13152884
1603438599, 0, 475, 613, 421, 45, 6.16%, 0, 0, 4, 317.13, 4037, 13182167
1603438932, 0, 476, 613, 420, 44, 6.16%, 0, 0, 4, 302.77, 4037, 13276772
1603439258, 0, 477, 613, 419, 43, 6.16%, 0, 0, 4, 296.94, 4037, 13369946
1603439279, 0, 477, 614, 420, 43, 6.16%, 0, 0, 4, 266.74, 4037, 13375474
1603439473, 0, 477, 615, 421, 43, 6.16%, 0, 0, 4, 285.77, 4037, 13429800
1603439590, 0, 479, 615, 420, 42, 6.16%, 0, 0, 4, 291.87, 4037, 13463689
1603439880, 0, 479, 616, 421, 42, 6.16%, 0, 0, 4, 271.40, 4037, 13543576
1603439983, 0, 480, 616, 420, 41, 6.16%, 0, 0, 4, 289.34, 4037, 13572796
1603440370, 0, 481, 616, 419, 40, 6.16%, 0, 0, 4, 289.91, 4037, 13680570
1603440762, 0, 486, 616, 418, 39, 6.16%, 0, 0, 4, 304.02, 4037, 13790173
1603441155, 0, 488, 616, 417, 38, 6.16%, 0, 0, 4, 288.36, 4037, 13900471
1603441541, 0, 489, 616, 416, 37, 6.16%, 0, 0, 4, 295.01, 4037, 14008522
1603441934, 0, 490, 616, 415, 36, 6.16%, 0, 0, 4, 303.92, 4037, 14118435
1603442322, 0, 491, 616, 414, 35, 6.16%, 0, 0, 4, 292.97, 4037, 14226848
1603442719, 0, 492, 616, 413, 34, 6.16%, 0, 0, 4, 292.10, 4037, 14337533
1603443107, 0, 493, 616, 412, 33, 6.16%, 0, 0, 4, 275.70, 4037, 14445296
1603443501, 0, 494, 616, 411, 32, 6.16%, 0, 0, 4, 296.43, 4037, 14555270
1603443839, 0, 495, 616, 410, 31, 6.16%, 0, 0, 4, 299.08, 4037, 14651866
1603444223, 0, 499, 616, 409, 30, 6.16%, 0, 0, 4, 302.30, 4037, 14760892
1603444249, 0, 499, 618, 411, 30, 6.16%, 0, 0, 4, 262.14, 4039, 14767805
1603444520, 0, 499, 619, 412, 30, 6.16%, 0, 0, 4, 287.39, 4039, 14843933
1603444596, 0, 499, 621, 414, 30, 6.17%, 0, 0, 4, 265.74, 4044, 14866129
1603444601, 0, 499, 622, 415, 30, 6.17%, 0, 0, 4, 275.35, 4044, 14867557
1603444611, 0, 500, 622, 414, 33, 6.17%, 0, 0, 4, 298.76, 4044, 14870602
1603444909, 0, 500, 623, 415, 33, 6.17%, 0, 0, 4, 297.75, 4044, 14953846
1603444986, 0, 500, 624, 416, 33, 6.17%, 0, 0, 4, 280.71, 4044, 14976239
1603444996, 0, 506, 625, 416, 33, 6.17%, 0, 0, 4, 301.82, 4044, 14979246
1603445001, 0, 506, 626, 417, 33, 6.17%, 0, 0, 4, 298.64, 4044, 14980776
1603445098, 0, 506, 627, 418, 33, 6.17%, 0, 0, 4, 300.94, 4044, 15007660
1603445308, 0, 513, 627, 417, 32, 6.17%, 0, 0, 4, 325.84, 4044, 15069877
1603445415, 0, 514, 627, 416, 31, 6.17%, 0, 0, 4, 338.79, 4044, 15105267
1603445420, 0, 514, 630, 419, 31, 6.17%, 0, 0, 5, 328.81, 4045, 15106935
1603445517, 0, 515, 631, 419, 31, 6.17%, 0, 0, 5, 329.07, 4045, 15139046
1603445614, 0, 515, 632, 420, 31, 6.18%, 0, 0, 5, 316.88, 4049, 15169998
1603445624, 0, 517, 633, 420, 31, 6.18%, 0, 0, 5, 326.45, 4051, 15173295
1603445727, 0, 518, 633, 419, 30, 6.18%, 0, 0, 5, 339.16, 4051, 15206741
1603445732, 0, 518, 636, 422, 30, 6.18%, 0, 0, 5, 340.11, 4051, 15208469
1603445829, 0, 518, 637, 423, 30, 6.18%, 0, 0, 5, 344.15, 4051, 15241445
1603445844, 0, 522, 637, 422, 31, 6.18%, 0, 0, 5, 342.00, 4051, 15246577
1603445972, 0, 522, 638, 423, 31, 6.18%, 0, 0, 5, 332.36, 4051, 15289698
1603446018, 0, 522, 639, 424, 31, 6.18%, 0, 0, 5, 342.82, 4051, 15305197
1603446023, 0, 525, 639, 423, 31, 6.18%, 0, 0, 5, 332.49, 4051, 15306924
1603446089, 0, 525, 640, 424, 31, 6.18%, 0, 0, 5, 338.39, 4051, 15329367
1603446263, 0, 528, 641, 424, 30, 6.18%, 0, 0, 5, 335.09, 4053, 15386551
1603446390, 0, 535, 641, 423, 30, 6.18%, 0, 0, 5, 331.93, 4053, 15429125
1603446488, 0, 535, 642, 424, 30, 6.18%, 0, 0, 5, 306.47, 4053, 15458470
1603446677, 0, 538, 642, 423, 31, 6.18%, 0, 0, 5, 326.63, 4053, 15516880
1603446682, 0, 538, 645, 426, 31, 6.19%, 0, 0, 5, 337.30, 4057, 15518602
1603446809, 0, 540, 645, 425, 33, 6.19%, 0, 0, 5, 337.08, 4057, 15561353
1603446814, 0, 540, 646, 426, 33, 6.19%, 0, 0, 5, 334.04, 4059, 15563053
1603446865, 0, 540, 647, 427, 33, 6.20%, 0, 0, 5, 343.30, 4061, 15580216
1603446947, 0, 541, 647, 426, 34, 6.20%, 0, 0, 5, 346.96, 4061, 15607898
1603447079, 0, 542, 647, 425, 33, 6.20%, 0, 0, 5, 349.12, 4061, 15652856
1603447211, 0, 543, 647, 424, 32, 6.20%, 0, 0, 5, 346.18, 4061, 15697636
1603447348, 0, 545, 647, 423, 31, 6.20%, 0, 0, 5, 327.09, 4061, 15743731
1603447353, 0, 545, 648, 424, 31, 6.20%, 0, 0, 5, 320.45, 4061, 15745335
1603447633, 0, 553, 648, 423, 30, 6.20%, 0, 0, 5, 296.86, 4061, 15832320
1603447638, 0, 553, 651, 426, 30, 6.20%, 0, 0, 5, 312.56, 4064, 15833908
1603447730, 0, 553, 652, 427, 30, 6.20%, 0, 0, 5, 315.81, 4064, 15863124
1603447776, 0, 583, 652, 426, 30, 6.20%, 0, 0, 5, 299.63, 4064, 15877607
1603448128, 0, 586, 652, 425, 29, 6.20%, 0, 0, 5, 298.55, 4064, 15974670
1603448485, 0, 587, 652, 424, 28, 6.20%, 0, 0, 5, 295.02, 4064, 16074744
1603448511, 0, 587, 654, 426, 28, 6.20%, 0, 0, 5, 270.82, 4064, 16081927
1603448542, 0, 587, 655, 427, 28, 6.20%, 0, 0, 5, 273.92, 4064, 16090376
1603448803, 0, 591, 657, 428, 27, 6.20%, 0, 0, 5, 307.98, 4064, 16166907
1603449191, 0, 598, 657, 427, 27, 6.20%, 0, 0, 5, 303.49, 4064, 16276805
1603449446, 0, 598, 658, 428, 27, 6.20%, 0, 0, 5, 281.22, 4064, 16348000
1603449574, 0, 601, 658, 427, 26, 6.20%, 0, 0, 5, 295.52, 4064, 16385133
1603449579, 0, 601, 659, 428, 26, 6.20%, 0, 0, 5, 288.99, 4064, 16386618
1603449835, 0, 601, 660, 429, 26, 6.20%, 0, 0, 5, 306.95, 4064, 16457687
1603449886, 0, 601, 661, 430, 26, 6.20%, 0, 0, 5, 314.88, 4064, 16472761
1603449963, 0, 610, 661, 429, 26, 6.20%, 0, 0, 5, 315.88, 4064, 16495228
1603450076, 0, 610, 662, 430, 26, 6.20%, 0, 0, 5, 288.79, 4064, 16527099
1603450132, 0, 610, 664, 432, 26, 6.53%, 0, 0, 5, 268.59, 4279, 16543330
1603450137, 0, 610, 665, 433, 26, 6.54%, 0, 0, 5, 270.96, 4288, 16544708
1603450286, 0, 612, 665, 432, 27, 6.54%, 0, 0, 5, 319.66, 4288, 16589360
1603450510, 0, 616, 665, 431, 26, 6.54%, 0, 0, 5, 311.37, 4288, 16661984
1603450879, 0, 616, 667, 433, 26, 6.55%, 0, 0, 5, 274.48, 4292, 16767664
1603450895, 0, 618, 667, 432, 26, 6.55%, 0, 0, 5, 309.94, 4292, 16772361
1603450920, 0, 618, 668, 433, 26, 6.55%, 0, 0, 5, 272.53, 4292, 16779438
1603451274, 0, 620, 668, 432, 27, 6.55%, 0, 0, 5, 316.45, 4292, 16881686
1603451648, 0, 620, 669, 433, 27, 6.55%, 0, 0, 5, 280.44, 4294, 16989071
1603451658, 0, 621, 669, 432, 27, 6.55%, 0, 0, 5, 305.06, 4294, 16992107
1603452052, 0, 622, 669, 431, 26, 6.55%, 0, 0, 5, 291.74, 4294, 17103495
1603452440, 0, 631, 669, 430, 25, 6.55%, 0, 0, 5, 308.42, 4294, 17212577
1603452543, 0, 631, 670, 431, 25, 6.55%, 0, 0, 6, 316.95, 4294, 17244909
1603452558, 0, 631, 671, 432, 25, 6.55%, 0, 0, 6, 312.06, 4294, 17249651
1603452563, 0, 633, 671, 431, 25, 6.55%, 0, 0, 6, 324.52, 4294, 17251331
1603452701, 0, 634, 671, 430, 24, 6.55%, 0, 0, 6, 310.33, 4294, 17295135
1603452875, 0, 638, 671, 429, 23, 6.55%, 0, 0, 6, 343.09, 4294, 17348675
1603453012, 0, 638, 672, 430, 23, 6.55%, 0, 0, 6, 327.45, 4294, 17394131
1603453027, 0, 638, 673, 431, 23, 6.55%, 0, 0, 6, 329.54, 4294, 17399076
1603453058, 0, 639, 673, 430, 22, 6.55%, 0, 0, 6, 334.14, 4294, 17409176
1603453073, 0, 639, 674, 431, 22, 6.55%, 0, 0, 6, 334.13, 4294, 17414332
1603453175, 0, 639, 675, 432, 22, 6.55%, 0, 0, 6, 321.50, 4294, 17448219
1603453312, 0, 640, 675, 431, 22, 6.55%, 0, 0, 6, 333.83, 4294, 17493803
1603453440, 0, 641, 675, 430, 21, 6.55%, 0, 0, 6, 334.77, 4294, 17536057
1603453445, 0, 641, 678, 433, 21, 6.55%, 0, 0, 6, 313.14, 4294, 17537605
1603453471, 0, 641, 679, 434, 21, 6.55%, 0, 0, 6, 310.93, 4294, 17545399
1603453670, 0, 641, 680, 435, 21, 6.55%, 0, 0, 6, 323.11, 4294, 17606823
1603453726, 0, 642, 680, 434, 21, 6.55%, 0, 0, 6, 329.34, 4294, 17624428
1603453782, 0, 642, 681, 435, 21, 6.55%, 0, 0, 6, 334.53, 4294, 17643343
1603453858, 0, 643, 681, 434, 21, 6.55%, 0, 0, 6, 338.42, 4294, 17668959
1603453864, 0, 643, 682, 435, 21, 6.56%, 0, 0, 6, 333.78, 4296, 17670695
1603453996, 0, 644, 682, 434, 21, 6.56%, 0, 0, 6, 345.04, 4296, 17715040
1603454001, 0, 644, 684, 436, 21, 6.56%, 0, 0, 6, 334.26, 4301, 17716718
1603454026, 0, 644, 685, 437, 21, 6.56%, 0, 0, 6, 329.84, 4301, 17725124
1603454113, 0, 644, 686, 438, 21, 6.56%, 0, 0, 6, 332.65, 4301, 17754020
1603454128, 0, 645, 686, 437, 22, 6.56%, 0, 0, 6, 333.60, 4301, 17759118
1603454133, 0, 645, 687, 438, 22, 6.56%, 0, 0, 6, 334.79, 4302, 17760812
1603454265, 0, 646, 687, 437, 22, 6.56%, 0, 0, 6, 341.45, 4302, 17804958
1603454270, 0, 646, 688, 438, 22, 6.57%, 0, 0, 6, 339.44, 4304, 17806682
1603454403, 0, 650, 689, 438, 22, 6.57%, 0, 0, 6, 341.80, 4304, 17850808
1603454535, 0, 651, 689, 437, 22, 6.57%, 0, 0, 6, 336.99, 4304, 17895248
1603454668, 0, 655, 689, 436, 21, 6.57%, 0, 0, 6, 321.57, 4304, 17939470
1603454673, 0, 655, 692, 439, 21, 6.57%, 0, 0, 6, 291.79, 4304, 17940893
1603454806, 0, 655, 693, 440, 21, 6.57%, 0, 0, 6, 278.22, 4304, 17977902
1603454974, 0, 655, 694, 441, 21, 6.57%, 0, 0, 6, 305.56, 4304, 18025240
1603455056, 0, 656, 694, 440, 21, 6.57%, 0, 0, 6, 306.21, 4304, 18049074
1603455440, 0, 660, 694, 439, 20, 6.57%, 0, 0, 6, 309.80, 4304, 18158665
1603455445, 0, 660, 695, 440, 20, 6.57%, 0, 0, 6, 294.68, 4304, 18160176
1603455751, 0, 660, 696, 441, 20, 6.57%, 0, 0, 6, 309.82, 4304, 18245407
1603455827, 0, 660, 698, 443, 20, 6.57%, 0, 0, 6, 290.00, 4304, 18267004
1603455832, 0, 663, 698, 442, 20, 6.57%, 0, 0, 6, 306.51, 4304, 18268522
1603455858, 0, 663, 701, 445, 20, 6.58%, 0, 0, 6, 260.27, 4313, 18275372
1603455888, 0, 663, 702, 446, 20, 6.58%, 0, 0, 6, 270.53, 4313, 18283656
1603455919, 0, 663, 703, 447, 20, 6.58%, 0, 0, 6, 270.91, 4313, 18292129
1603456027, 0, 663, 706, 450, 20, 6.59%, 0, 0, 6, 263.71, 4320, 18322329
1603456057, 0, 663, 707, 451, 20, 6.59%, 0, 0, 6, 281.11, 4320, 18331550
1603456200, 0, 664, 707, 450, 23, 6.59%, 0, 0, 6, 308.38, 4320, 18372940
1603456220, 0, 664, 708, 451, 23, 6.59%, 0, 0, 6, 276.25, 4320, 18378652
1603456394, 0, 664, 709, 452, 23, 6.59%, 0, 0, 6, 279.79, 4322, 18427577
1603456564, 0, 665, 709, 451, 23, 6.59%, 0, 0, 6, 310.12, 4322, 18477494
1603456860, 0, 665, 710, 452, 23, 6.60%, 0, 0, 6, 275.44, 4323, 18561291
1603456938, 0, 665, 712, 454, 23, 6.60%, 0, 0, 6, 275.67, 4327, 18583993
1603456953, 0, 666, 712, 453, 25, 6.60%, 0, 0, 6, 304.79, 4327, 18588603
1603457337, 0, 667, 712, 452, 24, 6.60%, 0, 0, 6, 312.72, 4327, 18699540
1603457721, 0, 668, 712, 451, 23, 6.60%, 0, 0, 6, 289.00, 4327, 18808622
1603458114, 0, 668, 713, 452, 23, 6.61%, 0, 0, 6, 273.33, 4330, 18916010
1603458124, 0, 670, 713, 451, 23, 6.61%, 0, 0, 6, 299.48, 4330, 18919064
1603458231, 0, 678, 713, 450, 22, 6.61%, 0, 0, 6, 336.84, 4330, 18954633
1603458237, 0, 678, 714, 451, 22, 6.61%, 0, 0, 7, 324.54, 4330, 18956315
1603458517, 0, 680, 714, 450, 22, 6.61%, 0, 0, 7, 334.35, 4330, 19043825
1603458644, 0, 681, 714, 449, 21, 6.61%, 0, 0, 7, 330.73, 4330, 19086034
1603458649, 0, 681, 715, 450, 21, 6.61%, 0, 0, 7, 328.01, 4332, 19087692
1603458782, 0, 682, 715, 449, 21, 6.61%, 0, 0, 7, 334.56, 4332, 19131622
1603458920, 0, 685, 716, 449, 20, 6.61%, 0, 0, 7, 330.52, 4333, 19177262
1603459052, 0, 686, 716, 448, 20, 6.61%, 0, 0, 7, 331.55, 4333, 19221215
1603459057, 0, 686, 717, 449, 20, 6.61%, 0, 0, 7, 328.56, 4335, 19222885
1603459190, 0, 687, 717, 448, 20, 6.61%, 0, 0, 7, 343.47, 4335, 19267168
1603459195, 0, 687, 718, 449, 20, 6.62%, 0, 0, 7, 339.41, 4337, 19268892
1603459322, 0, 688, 718, 448, 20, 6.62%, 0, 0, 7, 345.61, 4337, 19311707
1603459327, 0, 688, 719, 449, 20, 6.62%, 0, 0, 7, 344.49, 4337, 19313431
1603459454, 0, 691, 720, 449, 20, 6.62%, 0, 0, 7, 336.61, 4337, 19356130
1603459843, 0, 694, 720, 448, 19, 6.62%, 0, 0, 7, 321.44, 4337, 19466405
1603459930, 0, 694, 721, 449, 19, 6.62%, 0, 0, 7, 317.82, 4337, 19493233
1603460124, 0, 704, 721, 448, 19, 6.62%, 0, 0, 7, 331.90, 4337, 19554439
1603460150, 0, 704, 722, 449, 19, 6.62%, 0, 0, 7, 272.35, 4338, 19561411
1603460349, 0, 704, 723, 450, 19, 6.62%, 0, 0, 7, 292.03, 4338, 19618158
1603460488, 0, 705, 723, 449, 19, 6.62%, 0, 0, 7, 309.04, 4338, 19658792
1603460508, 0, 705, 724, 450, 19, 6.62%, 0, 0, 7, 269.11, 4338, 19664446
1603460857, 0, 707, 724, 449, 19, 6.62%, 0, 0, 7, 315.76, 4338, 19762889
1603461092, 0, 707, 725, 450, 19, 6.62%, 0, 0, 7, 300.78, 4338, 19829758
1603461220, 0, 708, 725, 449, 18, 6.62%, 0, 0, 7, 309.95, 4338, 19867791
1603461582, 0, 709, 725, 448, 17, 6.62%, 0, 0, 7, 298.07, 4338, 19971986
1603461961, 0, 709, 726, 449, 17, 6.62%, 0, 0, 7, 274.01, 4340, 20078844
1603461971, 0, 710, 726, 448, 17, 6.62%, 0, 0, 7, 309.32, 4340, 20081960
1603462355, 0, 710, 727, 449, 17, 6.63%, 0, 0, 7, 263.68, 4343, 20190046
1603462370, 0, 711, 727, 448, 17, 6.63%, 0, 0, 7, 282.78, 4343, 20194330
1603462778, 0, 712, 727, 447, 16, 6.63%, 0, 0, 7, 293.63, 4343, 20305595
1603463175, 0, 713, 727, 446, 15, 6.63%, 0, 0, 7, 313.48, 4343, 20416891
1603463455, 0, 714, 727, 445, 14, 6.63%, 0, 0, 7, 333.92, 4343, 20504301
1603463460, 0, 714, 728, 446, 14, 6.63%, 0, 0, 8, 336.57, 4346, 20506025
1603463572, 0, 714, 729, 447, 14, 6.63%, 0, 0, 8, 338.20, 4346, 20543394
1603463592, 0, 715, 729, 446, 14, 6.63%, 0, 0, 8, 339.25, 4346, 20550220
1603463726, 0, 716, 729, 445, 13, 6.63%, 0, 0, 8, 336.08, 4346, 20593970
1603463731, 0, 716, 730, 446, 13, 6.63%, 0, 0, 8, 329.56, 4348, 20595652
1603463868, 0, 717, 731, 446, 13, 6.64%, 0, 0, 8, 328.87, 4351, 20640079
1603463990, 0, 717, 732, 447, 13, 6.64%, 0, 0, 8, 316.07, 4351, 20679183
1603464010, 0, 719, 732, 446, 13, 6.64%, 0, 0, 8, 308.67, 4351, 20685409
1603464113, 0, 719, 733, 447, 13, 6.64%, 0, 0, 8, 332.43, 4351, 20718345
1603464158, 0, 720, 733, 446, 12, 6.64%, 0, 0, 8, 324.05, 4351, 20733404
1603464449, 0, 721, 733, 445, 11, 6.64%, 0, 0, 8, 313.46, 4351, 20822818
1603464811, 0, 722, 733, 444, 10, 6.64%, 0, 0, 8, 297.08, 4351, 20925090
1603465214, 0, 723, 733, 443, 9, 6.64%, 0, 0, 8, 314.63, 4351, 21036895
1603465219, 0, 723, 734, 444, 9, 6.64%, 0, 0, 8, 289.60, 4351, 21038311
1603465239, 0, 723, 735, 445, 9, 6.64%, 0, 0, 8, 266.54, 4351, 21043709
1603465596, 0, 725, 735, 444, 8, 6.64%, 0, 0, 8, 299.24, 4351, 21143225
1603466000, 0, 725, 736, 445, 8, 6.64%, 0, 0, 8, 284.16, 4351, 21254637
1603466005, 0, 726, 737, 445, 7, 6.64%, 0, 0, 8, 307.77, 4351, 21256223
1603466030, 0, 726, 738, 446, 7, 6.64%, 0, 0, 8, 261.03, 4351, 21263118
1603466408, 0, 728, 738, 445, 6, 6.64%, 0, 0, 8, 314.02, 4351, 21369169
1603466413, 0, 728, 739, 446, 6, 6.64%, 0, 0, 9, 327.17, 4352, 21370851
1603466546, 0, 729, 739, 445, 6, 6.64%, 0, 0, 9, 343.05, 4352, 21414843
1603466551, 0, 729, 740, 446, 6, 6.64%, 0, 0, 9, 339.27, 4354, 21416567
1603466663, 0, 729, 741, 447, 6, 6.64%, 0, 0, 9, 334.81, 4354, 21454072
1603466683, 0, 731, 741, 446, 6, 6.64%, 0, 0, 9, 331.70, 4354, 21460910
1603466821, 0, 738, 741, 445, 5, 6.64%, 0, 0, 9, 328.92, 4354, 21506073
1603466960, 0, 740, 741, 444, 4, 6.64%, 0, 0, 9, 331.97, 4354, 21551337
1603467103, 1, 110, 741, 443, 3, 6.64%, 0, 0, 9, 330.04, 4354, 21598328
1603467317, 1, 174, 741, 442, 3, 6.64%, 0, 0, 9, 335.51, 4354, 21665282
1603467413, 1, 245, 741, 441, 2, 6.64%, 0, 0, 9, 311.62, 4354, 21695831
1603467515, 1, 510, 741, 440, 2, 6.64%, 0, 0, 9, 317.85, 4354, 21727284
1603467612, 1, 627, 741, 439, 1, 6.64%, 0, 0, 9, 339.36, 4354, 21759064
1603467740, 1, 628, 741, 438, 0, 6.64%, 0, 0, 9, 332.80, 4354, 21799758
1603467857, 1, 629, 741, 437, 0, 6.64%, 0, 0, 9, 329.05, 4354, 21837945
1603467970, 1, 635, 741, 436, 0, 6.64%, 0, 0, 9, 337.77, 4354, 21874722
1603468138, 1, 635, 742, 437, 0, 6.64%, 0, 0, 9, 330.15, 4354, 21929413
1603468174, 1, 648, 742, 436, 1, 6.64%, 0, 0, 9, 339.79, 4354, 21941184
1603468306, 1, 741, 742, 435, 1, 6.64%, 0, 0, 9, 336.29, 4354, 21985433
1603468316, 1, 741, 743, 436, 1, 6.64%, 0, 0, 9, 330.25, 4354, 21988879
1603468362, 1, 741, 744, 437, 1, 6.64%, 0, 0, 9, 328.92, 4354, 22003870
1603468480, 1, 741, 745, 438, 1, 6.64%, 0, 0, 9, 339.14, 4354, 22042637
1603468515, 1, 741, 747, 440, 1, 6.64%, 0, 0, 9, 326.81, 4354, 22054459
1603468521, 1, 744, 747, 439, 1, 6.64%, 0, 0, 9, 326.35, 4354, 22056153
1603468526, 1, 744, 748, 440, 1, 6.64%, 0, 0, 9, 329.44, 4354, 22057829
1603468694, 1, 744, 750, 442, 1, 6.64%, 0, 0, 9, 327.92, 4354, 22111744
1603468730, 1, 747, 750, 441, 1, 6.64%, 0, 0, 9, 335.10, 4354, 22123626
1603468858, 2, 8, 750, 440, 0, 6.64%, 0, 0, 9, 324.14, 4354, 22165495
1603468879, 2, 10, 750, 439, 0, 6.64%, 0, 0, 9, 326.41, 4354, 22172137
1603468904, 2, 27, 750, 438, 0, 6.64%, 0, 0, 9, 325.54, 4354, 22180314
1603468909, 2, 29, 750, 438, 0, 6.64%, 0, 0, 9, 294.77, 4354, 22181827
1603469301, 2, 29, 751, 439, 0, 6.64%, 0, 0, 9, 280.59, 4354, 22290775
1603469306, 2, 35, 751, 438, 0, 6.64%, 0, 0, 9, 308.40, 4354, 22292350
1603469413, 2, 39, 751, 437, 0, 6.64%, 0, 0, 9, 320.57, 4354, 22326299
1603469520, 2, 42, 751, 436, 0, 6.64%, 0, 0, 9, 303.15, 4354, 22360099
1603469913, 2, 58, 751, 435, 0, 6.64%, 0, 0, 9, 311.15, 4354, 22470817
1603470025, 2, 61, 751, 434, 0, 6.64%, 0, 0, 9, 331.26, 4354, 22506317
1603470137, 2, 64, 751, 433, 0, 6.64%, 0, 0, 9, 328.78, 4354, 22542907
1603470249, 2, 67, 751, 432, 0, 6.64%, 0, 0, 9, 326.41, 4354, 22579442
1603470255, 2, 67, 752, 433, 0, 6.66%, 0, 0, 9, 327.37, 4363, 22581106
1603470361, 2, 141, 752, 432, 1, 6.66%, 0, 0, 9, 336.37, 4363, 22615543
1603470679, 2, 369, 752, 431, 1, 6.66%, 0, 0, 9, 314.31, 4363, 22707333
1603471082, 2, 602, 753, 431, 1, 6.66%, 0, 0, 9, 292.14, 4363, 22818656
1603471199, 2, 602, 754, 432, 1, 6.66%, 0, 0, 9, 287.16, 4363, 22850851
1603471404, 2, 698, 754, 431, 1, 6.66%, 0, 0, 9, 310.53, 4363, 22910802
1603471777, 2, 751, 754, 430, 1, 6.66%, 0, 0, 9, 304.26, 4363, 23017085
1603471782, 2, 751, 755, 431, 1, 6.66%, 0, 0, 9, 281.73, 4363, 23018499
1603471890, 2, 751, 756, 432, 1, 6.66%, 0, 0, 9, 282.30, 4365, 23048013
1603472166, 2, 754, 756, 431, 2, 6.66%, 0, 0, 9, 313.69, 4365, 23127350
1603472451, 2, 754, 757, 432, 2, 6.66%, 0, 0, 9, 324.62, 4365, 23216356
1603472456, 2, 755, 757, 431, 1, 6.66%, 0, 0, 9, 301.03, 4365, 23217888
1603472849, 3, 20, 758, 431, 0, 6.66%, 0, 0, 9, 308.70, 4365, 23327605
1603472854, 3, 24, 758, 431, 0, 6.66%, 0, 0, 9, 320.90, 4365, 23329297
1603472941, 3, 32, 758, 430, 0, 6.66%, 0, 0, 9, 342.99, 4365, 23358367
1603473033, 3, 34, 758, 429, 0, 6.66%, 0, 0, 9, 340.72, 4365, 23388823
1603473135, 3, 55, 758, 428, 0, 6.66%, 0, 0, 9, 331.87, 4365, 23422339
1603473242, 3, 57, 758, 427, 0, 6.66%, 0, 0, 9, 335.46, 4365, 23457633
1603473355, 3, 65, 758, 426, 0, 6.66%, 0, 0, 9, 338.30, 4365, 23494736
1603473467, 3, 74, 758, 425, 0, 6.66%, 0, 0, 9, 314.45, 4365, 23531544
1603473869, 3, 76, 758, 424, 0, 6.66%, 0, 0, 9, 284.70, 4365, 23641688
1603473874, 3, 79, 758, 424, 0, 6.66%, 0, 0, 9, 291.09, 4365, 23643216
1603474267, 3, 83, 758, 423, 0, 6.66%, 0, 0, 9, 295.05, 4365, 23753909
1603474660, 3, 84, 758, 422, 0, 6.66%, 0, 0, 9, 312.13, 4365, 23864383
1603475048, 3, 87, 758, 421, 0, 6.66%, 0, 0, 9, 304.93, 4365, 23974554
1603475445, 3, 90, 758, 420, 0, 6.66%, 0, 0, 9, 313.24, 4365, 24085625
1603475593, 3, 115, 758, 419, 0, 6.66%, 0, 0, 9, 335.59, 4365, 24134380
1603475860, 3, 117, 758, 418, 0, 6.66%, 0, 0, 9, 331.06, 4365, 24219026
1603476079, 3, 127, 758, 417, 0, 6.66%, 0, 0, 9, 326.38, 4365, 24289506
1603476300, 3, 129, 758, 416, 0, 6.66%, 0, 0, 9, 332.05, 4365, 24360275
1603476525, 3, 130, 758, 415, 0, 6.66%, 0, 0, 9, 333.09, 4365, 24431810
1603476923, 3, 131, 758, 414, 0, 6.66%, 0, 0, 9, 312.80, 4365, 24543403
1603477152, 3, 138, 758, 413, 0, 6.66%, 0, 0, 9, 326.53, 4365, 24616099
1603477412, 3, 145, 758, 412, 0, 6.66%, 0, 0, 9, 308.39, 4365, 24697604
1603477759, 3, 150, 758, 411, 0, 6.66%, 0, 0, 9, 296.70, 4365, 24796826
1603478081, 3, 151, 758, 410, 0, 6.66%, 0, 0, 9, 301.62, 4365, 24888988
1603478479, 3, 155, 758, 409, 0, 6.66%, 0, 0, 9, 301.40, 4365, 24999888
1603478484, 3, 155, 759, 410, 0, 6.66%, 0, 0, 9, 285.47, 4365, 25001301
1603478499, 3, 155, 760, 411, 0, 6.67%, 0, 0, 9, 257.76, 4369, 25005304
1603478774, 3, 155, 762, 413, 0, 6.68%, 0, 0, 9, 265.02, 4376, 25079999
1603478881, 3, 208, 763, 413, 2, 6.68%, 0, 0, 9, 300.49, 4376, 25110044
1603479288, 3, 322, 763, 412, 2, 6.68%, 0, 0, 9, 297.47, 4376, 25221210
1603479293, 3, 322, 764, 413, 2, 6.68%, 0, 0, 9, 278.64, 4376, 25222633
1603479681, 3, 322, 766, 415, 2, 6.68%, 0, 0, 9, 291.21, 4376, 25328501
1603479691, 3, 482, 766, 414, 2, 6.68%, 0, 0, 9, 279.79, 4376, 25331343
1603480098, 3, 508, 766, 413, 2, 6.68%, 0, 0, 9, 311.14, 4376, 25443141
1603480311, 3, 760, 767, 413, 2, 6.68%, 0, 0, 9, 297.86, 4376, 25509089
1603480332, 3, 760, 768, 414, 2, 6.68%, 0, 0, 9, 260.02, 4376, 25514437
1603480510, 3, 760, 769, 415, 2, 6.68%, 0, 0, 9, 258.67, 4378, 25562171
1603480612, 3, 760, 772, 418, 2, 6.68%, 0, 0, 9, 263.43, 4378, 25590457
1603480688, 3, 760, 773, 419, 2, 6.68%, 0, 0, 9, 265.06, 4378, 25611984
1603480714, 3, 761, 773, 418, 3, 6.68%, 0, 0, 9, 293.23, 4378, 25619080
1603480739, 3, 761, 775, 420, 3, 6.68%, 0, 0, 9, 261.62, 4378, 25625883
1603480917, 3, 761, 776, 421, 3, 6.68%, 0, 0, 9, 263.12, 4378, 25673912
1603481013, 3, 761, 777, 422, 3, 6.68%, 0, 0, 9, 263.26, 4378, 25701275
