# unix_time, cycles_done, cur_path, paths_total, pending_total, pending_favs, map_size, unique_crashes, unique_hangs, max_depth, execs_per_sec, edge_coverage, total_execs
1602878077, 0, 0, 1, 1, 1, 1.82%, 0, 0, 1, 1.59, 1190, 8
1602878082, 0, 0, 173, 173, 1, 2.13%, 0, 0, 2, 1342.41, 1397, 6937
1602878087, 0, 0, 192, 192, 1, 2.13%, 0, 0, 2, 1323.76, 1397, 14213
1602878092, 0, 0, 200, 200, 1, 2.13%, 0, 0, 2, 1095.58, 1397, 19631
1602878097, 0, 0, 292, 292, 1, 2.35%, 0, 0, 2, 860.72, 1541, 24110
1602878103, 0, 0, 311, 311, 1, 2.36%, 0, 0, 2, 1398.73, 1545, 31108
1602878113, 0, 0, 312, 312, 1, 2.36%, 0, 0, 2, 999.23, 1545, 42775
1602878118, 0, 0, 333, 333, 1, 2.39%, 0, 0, 2, 10.84, 1566, 45909
1602878123, 0, 0, 350, 350, 1, 2.40%, 0, 0, 2, 1783.80, 1570, 54276
1602878128, 0, 0, 352, 352, 1, 2.40%, 0, 0, 2, 1312.74, 1570, 60546
1602878133, 0, 0, 358, 358, 1, 2.40%, 0, 0, 2, 997.95, 1570, 65240
1602878138, 0, 0, 362, 362, 1, 2.40%, 0, 0, 2, 1333.40, 1570, 69310
1602878143, 0, 0, 366, 366, 1, 2.40%, 0, 0, 2, 1254.49, 1571, 75778
1602878148, 0, 0, 376, 376, 1, 2.40%, 0, 0, 2, 17.23, 1572, 76756
1602878153, 0, 0, 382, 382, 1, 2.40%, 0, 0, 2, 16.02, 1572, 76839
1602878159, 0, 0, 401, 401, 1, 2.40%, 0, 0, 2, 2212.81, 1575, 80888
1602878164, 0, 0, 406, 406, 1, 2.40%, 0, 0, 2, 1854.03, 1575, 88202
1602878169, 0, 0, 413, 413, 1, 2.40%, 0, 0, 2, 2115.80, 1575, 99310
1602878174, 0, 0, 417, 417, 1, 2.40%, 0, 0, 2, 1654.33, 1575, 107606
1602878210, 0, 0, 418, 418, 1, 2.40%, 0, 0, 2, 1032.04, 1575, 161726
1602878256, 0, 0, 423, 423, 1, 2.41%, 0, 0, 2, 852.54, 1579, 206254
1602878286, 0, 0, 424, 424, 1, 2.41%, 0, 0, 2, 2304.45, 1579, 230042
1602878327, 0, 0, 425, 425, 1, 2.41%, 0, 0, 2, 1206.37, 1579, 265963
1602878332, 0, 0, 426, 426, 1, 2.41%, 0, 0, 2, 912.61, 1581, 270673
1602878347, 0, 0, 429, 429, 1, 2.41%, 0, 0, 2, 1071.18, 1582, 281462
1602878358, 0, 0, 434, 434, 1, 2.41%, 0, 0, 2, 1002.75, 1582, 294216
1602878363, 0, 0, 439, 439, 1, 2.41%, 0, 0, 2, 1636.59, 1582, 300815
1602878368, 0, 0, 441, 441, 1, 2.42%, 0, 0, 2, 2077.95, 1583, 311669
1602878404, 0, 0, 450, 450, 1, 2.42%, 0, 0, 2, 916.29, 1584, 356355
1602878414, 0, 0, 452, 452, 1, 2.42%, 0, 0, 2, 995.14, 1585, 365231
1602878480, 0, 0, 459, 459, 1, 2.42%, 0, 0, 2, 938.10, 1587, 460399
1602878490, 0, 0, 461, 461, 1, 2.42%, 0, 0, 2, 133.88, 1587, 467967
1602878495, 0, 0, 466, 466, 1, 2.43%, 0, 0, 2, 922.06, 1595, 472308
1602878551, 0, 0, 479, 479, 1, 2.46%, 0, 0, 2, 1073.05, 1611, 553460
1602878556, 0, 0, 481, 481, 1, 2.46%, 0, 0, 2, 853.29, 1611, 557446
1602878561, 0, 0, 485, 485, 1, 2.46%, 0, 0, 2, 657.00, 1611, 560601
1602878566, 0, 2, 500, 499, 100, 2.47%, 0, 0, 2, 1385.16, 1619, 566602
1602878709, 0, 6, 500, 498, 99, 2.47%, 0, 0, 2, 3516.60, 1619, 1070751
1602878725, 0, 6, 501, 499, 99, 2.48%, 0, 0, 3, 3442.20, 1623, 1124137
1602878791, 0, 6, 502, 500, 99, 2.48%, 0, 0, 3, 3577.27, 1627, 1358382
1602878847, 0, 7, 503, 500, 100, 2.48%, 0, 0, 3, 3511.84, 1627, 1557295
1602879010, 0, 8, 504, 500, 100, 2.48%, 0, 0, 3, 3443.80, 1628, 2123167
1602879153, 0, 10, 504, 499, 100, 2.48%, 0, 0, 3, 3486.06, 1628, 2616691
1602879168, 0, 20, 505, 499, 99, 2.48%, 0, 0, 3, 3649.57, 1628, 2672951
1602879173, 0, 22, 505, 498, 98, 2.48%, 0, 0, 3, 3509.75, 1628, 2690428
1602879178, 0, 27, 506, 498, 97, 2.48%, 0, 0, 3, 237.57, 1628, 2694396
1602879199, 0, 27, 508, 500, 97, 2.49%, 0, 0, 3, 553.87, 1630, 2712828
1602879229, 0, 27, 511, 503, 97, 2.49%, 0, 0, 3, 424.37, 1632, 2734302
1602879255, 0, 27, 512, 504, 97, 2.49%, 0, 0, 3, 568.41, 1632, 2754804
1602879418, 0, 27, 513, 505, 97, 2.49%, 0, 0, 3, 408.86, 1632, 2895263
1602879502, 0, 27, 514, 506, 97, 2.50%, 0, 0, 3, 230.43, 1636, 2932923
1602879630, 0, 27, 515, 507, 97, 2.50%, 0, 0, 3, 577.93, 1636, 2982183
1602879819, 0, 27, 516, 508, 97, 2.50%, 0, 0, 3, 1689.82, 1636, 3169971
1602879865, 0, 27, 517, 509, 97, 2.50%, 0, 0, 3, 946.52, 1637, 3236249
1602879885, 0, 27, 520, 512, 97, 2.50%, 0, 0, 3, 719.24, 1637, 3252525
1602879890, 0, 27, 521, 513, 97, 2.50%, 0, 0, 3, 722.43, 1637, 3256327
1602879916, 0, 30, 521, 512, 103, 2.50%, 0, 0, 3, 2603.33, 1637, 3263224
1602879921, 0, 31, 521, 511, 102, 2.50%, 0, 0, 3, 3403.59, 1637, 3281818
1602879926, 0, 36, 521, 510, 101, 2.50%, 0, 0, 3, 3404.07, 1637, 3299079
1602879946, 0, 36, 522, 511, 101, 2.50%, 0, 0, 3, 3448.86, 1637, 3368110
1602879951, 0, 42, 522, 510, 100, 2.50%, 0, 0, 3, 3431.51, 1637, 3385606
1602879972, 0, 42, 523, 511, 100, 2.50%, 0, 0, 3, 3459.70, 1637, 3454528
1602879977, 0, 43, 524, 511, 99, 2.50%, 0, 0, 3, 3450.01, 1637, 3472062
1602880002, 0, 45, 524, 510, 98, 2.50%, 0, 0, 3, 3356.79, 1637, 3557949
1602880028, 0, 53, 525, 510, 97, 2.50%, 0, 0, 3, 3029.05, 1637, 3639678
1602880068, 0, 69, 526, 510, 97, 2.50%, 0, 0, 3, 3206.89, 1637, 3764399
1602880094, 0, 70, 527, 510, 96, 2.50%, 0, 0, 3, 3410.36, 1638, 3850685
1602880114, 0, 71, 527, 509, 96, 2.50%, 0, 0, 3, 3359.07, 1638, 3920537
1602880140, 0, 72, 528, 509, 95, 2.50%, 0, 0, 3, 3332.10, 1638, 4007153
1602880165, 0, 80, 532, 512, 96, 2.52%, 0, 0, 3, 3409.87, 1650, 4094250
1602880191, 0, 88, 532, 511, 95, 2.52%, 0, 0, 3, 3428.66, 1650, 4179657
1602880196, 0, 88, 533, 512, 95, 2.52%, 0, 0, 3, 3380.42, 1650, 4196480
1602880221, 0, 95, 533, 511, 94, 2.52%, 0, 0, 3, 3236.13, 1650, 4280290
1602880242, 0, 95, 534, 512, 94, 2.52%, 0, 0, 3, 3397.53, 1651, 4348960
1602880247, 0, 99, 534, 511, 94, 2.52%, 0, 0, 3, 2878.01, 1651, 4364010
1602880368, 0, 101, 534, 510, 93, 2.52%, 0, 0, 3, 2334.14, 1651, 4664368
1602880500, 0, 112, 534, 509, 92, 2.52%, 0, 0, 3, 2267.97, 1651, 4986235
1602880628, 0, 125, 534, 508, 91, 2.52%, 0, 0, 3, 2610.48, 1651, 5298663
1602880658, 0, 138, 536, 509, 90, 2.52%, 0, 0, 3, 3170.98, 1651, 5399069
1602880689, 0, 140, 537, 509, 89, 2.52%, 0, 0, 3, 1444.59, 1651, 5495919
1602880704, 0, 140, 538, 510, 89, 2.52%, 0, 0, 3, 1984.22, 1651, 5526802
1602880826, 0, 141, 538, 509, 88, 2.52%, 0, 0, 3, 2632.49, 1651, 5819672
1602880856, 0, 144, 538, 508, 87, 2.52%, 0, 0, 3, 3051.32, 1651, 5918781
1602880892, 0, 150, 538, 507, 86, 2.52%, 0, 0, 3, 2715.96, 1651, 6031840
1602880938, 0, 150, 539, 508, 86, 2.52%, 0, 0, 3, 2733.05, 1651, 6151607
1602880999, 0, 151, 539, 507, 85, 2.52%, 0, 0, 3, 2647.10, 1651, 6317572
1602881111, 0, 160, 539, 506, 84, 2.52%, 0, 0, 3, 2851.46, 1651, 6614944
1602881158, 0, 185, 539, 505, 83, 2.52%, 0, 0, 3, 1883.84, 1651, 6737391
1602881173, 0, 185, 540, 506, 83, 2.52%, 0, 0, 3, 754.65, 1651, 6752482
1602881663, 0, 201, 540, 505, 82, 2.52%, 0, 0, 3, 2859.85, 1651, 7332806
1602881745, 0, 201, 541, 506, 82, 2.52%, 0, 0, 3, 2578.02, 1651, 7558746
1602881765, 0, 203, 542, 506, 81, 2.52%, 0, 0, 3, 2656.39, 1651, 7614350
1602881771, 0, 203, 543, 507, 81, 2.52%, 0, 0, 3, 2581.65, 1651, 7627520
1602881781, 0, 203, 544, 508, 81, 2.53%, 0, 0, 3, 2660.66, 1656, 7654676
1602881873, 0, 205, 546, 509, 80, 2.53%, 0, 0, 3, 2645.64, 1656, 7906201
1602881939, 0, 205, 548, 511, 80, 2.53%, 0, 0, 3, 2846.86, 1656, 8086307
1602881980, 0, 211, 548, 510, 79, 2.53%, 0, 0, 3, 2612.46, 1656, 8198083
1602882036, 0, 211, 549, 511, 79, 2.53%, 0, 0, 3, 2833.26, 1656, 8347782
1602882046, 0, 211, 550, 512, 79, 2.53%, 0, 0, 3, 2859.82, 1656, 8376567
1602882087, 0, 213, 550, 511, 78, 2.53%, 0, 0, 3, 2632.81, 1656, 8488738
1602882169, 0, 213, 551, 512, 78, 2.53%, 0, 0, 3, 2853.61, 1656, 8713761
1602882189, 0, 224, 553, 513, 77, 2.53%, 0, 0, 3, 2634.94, 1656, 8768602
1602882261, 0, 224, 554, 514, 77, 2.53%, 0, 0, 3, 2893.83, 1656, 8960539
1602882276, 0, 224, 555, 515, 77, 2.53%, 0, 0, 3, 2677.91, 1656, 9002723
1602882301, 0, 226, 557, 516, 74, 2.53%, 0, 0, 3, 1945.31, 1656, 9066835
1602882802, 0, 227, 557, 515, 73, 2.53%, 0, 0, 3, 930.06, 1656, 9652958
1602883307, 0, 238, 558, 515, 72, 2.53%, 0, 0, 3, 1126.72, 1656, 10245593
1602883328, 0, 238, 560, 517, 72, 2.53%, 0, 0, 3, 1123.93, 1656, 10267944
1602883343, 0, 238, 561, 518, 72, 2.53%, 0, 0, 3, 789.75, 1656, 10284344
1602883348, 0, 238, 563, 520, 72, 2.53%, 0, 0, 3, 1351.62, 1656, 10290880
1602883363, 0, 238, 564, 521, 72, 2.53%, 0, 0, 3, 996.24, 1656, 10307213
1602883373, 0, 238, 567, 524, 72, 2.53%, 0, 0, 3, 9.79, 1656, 10315499
1602883572, 0, 238, 568, 525, 72, 2.53%, 0, 0, 3, 1171.01, 1656, 10520814
1602883583, 0, 238, 569, 526, 72, 2.53%, 0, 0, 3, 963.20, 1656, 10532976
1602883629, 0, 238, 570, 527, 72, 2.53%, 0, 0, 3, 881.51, 1656, 10595230
1602883792, 0, 238, 572, 529, 72, 2.53%, 0, 0, 3, 1067.71, 1656, 10819719
1602883812, 0, 241, 572, 528, 72, 2.53%, 0, 0, 3, 1699.08, 1656, 10838260
1602883919, 0, 242, 572, 527, 71, 2.53%, 0, 0, 3, 2653.97, 1656, 11130002
1602884026, 0, 244, 573, 527, 70, 2.53%, 0, 0, 3, 2661.28, 1656, 11424224
1602884134, 0, 250, 573, 526, 69, 2.53%, 0, 0, 3, 2656.92, 1656, 11718020
1602884241, 0, 256, 573, 525, 68, 2.53%, 0, 0, 3, 2644.84, 1656, 12011735
1602884354, 0, 260, 573, 524, 67, 2.53%, 0, 0, 3, 2574.86, 1656, 12316220
1602884461, 0, 261, 574, 524, 66, 2.53%, 0, 0, 3, 2636.54, 1657, 12609517
1602884568, 0, 264, 574, 523, 65, 2.53%, 0, 0, 3, 2640.61, 1657, 12901345
1602884676, 0, 265, 574, 522, 64, 2.53%, 0, 0, 3, 2638.42, 1657, 13195363
1602884788, 0, 266, 581, 528, 63, 2.54%, 0, 0, 3, 1079.17, 1662, 13491173
1602884808, 0, 266, 583, 530, 63, 2.54%, 0, 0, 3, 1231.43, 1662, 13513298
1602884824, 0, 266, 585, 532, 63, 2.54%, 0, 0, 3, 125.88, 1662, 13529044
1602884830, 0, 266, 587, 534, 63, 2.54%, 0, 0, 3, 1598.95, 1662, 13537932
1602884840, 0, 266, 588, 535, 63, 2.54%, 0, 0, 3, 937.44, 1662, 13548232
1602884845, 0, 266, 589, 536, 63, 2.54%, 0, 0, 3, 1348.29, 1662, 13552069
1602884855, 0, 266, 594, 541, 63, 2.54%, 0, 0, 3, 10.10, 1662, 13559619
1602884860, 0, 266, 596, 543, 63, 2.54%, 0, 0, 3, 522.42, 1662, 13561466
1602885053, 0, 266, 598, 545, 63, 2.54%, 0, 0, 3, 1220.04, 1662, 13761449
1602885068, 0, 266, 599, 546, 63, 2.54%, 0, 0, 3, 1083.39, 1662, 13780654
1602885114, 0, 266, 600, 547, 63, 2.54%, 0, 0, 3, 757.82, 1662, 13841722
1602885278, 0, 266, 602, 549, 63, 2.54%, 0, 0, 3, 892.67, 1662, 14065973
1602885298, 0, 268, 602, 548, 64, 2.54%, 0, 0, 3, 2175.65, 1662, 14089187
1602885405, 0, 273, 602, 547, 63, 2.54%, 0, 0, 3, 2575.79, 1662, 14380917
1602885512, 0, 274, 602, 546, 62, 2.54%, 0, 0, 3, 2626.05, 1662, 14671509
1602885619, 0, 276, 602, 545, 61, 2.54%, 0, 0, 3, 2617.11, 1662, 14963647
1602885940, 0, 276, 603, 546, 61, 2.54%, 0, 0, 3, 771.99, 1662, 15319216
1602886103, 0, 276, 605, 548, 61, 2.54%, 0, 0, 3, 900.69, 1662, 15543889
1602886118, 0, 278, 605, 547, 61, 2.54%, 0, 0, 3, 942.04, 1662, 15555148
1602886184, 0, 278, 606, 548, 61, 2.54%, 0, 0, 3, 12.45, 1662, 15627670
1602886623, 0, 279, 606, 547, 60, 2.54%, 0, 0, 3, 1365.45, 1662, 16149865
1602886653, 0, 279, 607, 548, 60, 2.54%, 0, 0, 3, 958.47, 1662, 16186099
1602887061, 0, 301, 607, 547, 59, 2.54%, 0, 0, 3, 2353.98, 1662, 16732275
1602887091, 0, 303, 607, 546, 58, 2.54%, 0, 0, 3, 3196.34, 1662, 16832856
1602887117, 0, 304, 607, 545, 58, 2.54%, 0, 0, 3, 3529.53, 1662, 16923457
1602887143, 0, 315, 607, 544, 57, 2.54%, 0, 0, 3, 2412.98, 1662, 17007925
1602887639, 0, 318, 608, 544, 56, 2.54%, 0, 0, 3, 886.65, 1662, 17596381
1602887654, 0, 318, 609, 545, 56, 2.54%, 0, 0, 3, 920.45, 1663, 17614783
1602887659, 0, 318, 611, 547, 56, 2.54%, 0, 0, 3, 695.04, 1663, 17618235
1602887675, 0, 318, 612, 548, 56, 2.54%, 0, 0, 3, 902.09, 1663, 17636423
1602887680, 0, 318, 614, 550, 56, 2.54%, 0, 0, 3, 1119.57, 1663, 17641678
1602887695, 0, 318, 615, 551, 56, 2.54%, 0, 0, 3, 791.54, 1663, 17658663
1602887706, 0, 318, 618, 554, 56, 2.54%, 0, 0, 3, 9.71, 1663, 17668333
1602887905, 0, 318, 619, 555, 56, 2.54%, 0, 0, 3, 926.84, 1663, 17871530
1602887915, 0, 318, 620, 556, 56, 2.54%, 0, 0, 3, 999.66, 1663, 17884698
1602887961, 0, 318, 621, 557, 56, 2.54%, 0, 0, 3, 919.57, 1663, 17947011
1602888129, 0, 318, 623, 559, 56, 2.54%, 0, 0, 3, 933.51, 1663, 18174055
1602888149, 0, 341, 626, 561, 57, 2.54%, 0, 0, 3, 2080.36, 1663, 18195746
1602888175, 0, 341, 627, 562, 57, 2.54%, 0, 0, 3, 2850.79, 1664, 18264528
1602888251, 0, 355, 627, 561, 57, 2.54%, 0, 0, 3, 2292.77, 1664, 18473904
1602888266, 0, 355, 628, 562, 57, 2.54%, 0, 0, 3, 947.18, 1664, 18492590
1602888281, 0, 355, 629, 563, 57, 2.54%, 0, 0, 3, 1015.60, 1664, 18511827
1602888287, 0, 355, 631, 565, 57, 2.54%, 0, 0, 3, 1642.15, 1664, 18519988
1602888668, 0, 355, 632, 566, 57, 2.54%, 0, 0, 3, 952.92, 1664, 19030280
1602888678, 0, 356, 633, 566, 56, 2.54%, 0, 0, 3, 1366.69, 1664, 19040946
1602888693, 0, 356, 634, 567, 56, 2.54%, 0, 0, 3, 828.47, 1664, 19057582
1602888739, 0, 356, 635, 568, 56, 2.54%, 0, 0, 3, 654.94, 1664, 19109409
1602889054, 0, 356, 636, 569, 56, 2.54%, 0, 0, 3, 947.50, 1664, 19493248
1602889151, 0, 365, 636, 568, 56, 2.54%, 0, 0, 3, 2633.56, 1664, 19629904
1602889294, 0, 369, 636, 567, 55, 2.54%, 0, 0, 3, 3624.45, 1664, 20139866
1602889335, 0, 391, 636, 566, 54, 2.54%, 0, 0, 3, 3568.52, 1664, 20288591
1602889345, 0, 392, 636, 565, 53, 2.54%, 0, 0, 3, 3576.35, 1664, 20324968
1602889375, 0, 392, 637, 566, 53, 2.54%, 0, 0, 3, 3577.52, 1664, 20433818
1602889390, 0, 393, 637, 565, 52, 2.54%, 0, 0, 3, 3367.88, 1664, 20487301
1602889421, 0, 400, 637, 564, 51, 2.54%, 0, 0, 3, 3260.19, 1664, 20585938
1602889446, 0, 428, 637, 563, 50, 2.54%, 0, 0, 3, 3195.63, 1664, 20673223
1602889549, 0, 429, 638, 563, 50, 2.54%, 0, 0, 3, 2634.91, 1666, 20955661
1602889656, 0, 440, 638, 562, 49, 2.54%, 0, 0, 3, 2854.16, 1666, 21250432
1602889697, 0, 445, 638, 561, 48, 2.54%, 0, 0, 3, 2846.75, 1666, 21375959
1602889804, 0, 450, 638, 560, 47, 2.54%, 0, 0, 3, 3013.26, 1666, 21671255
1602889830, 0, 453, 638, 559, 46, 2.54%, 0, 0, 3, 3194.57, 1666, 21758867
1602889938, 0, 456, 638, 558, 45, 2.54%, 0, 0, 3, 2603.86, 1666, 22056659
1602889984, 0, 456, 639, 559, 45, 2.54%, 0, 0, 3, 2845.09, 1667, 22181096
1602890045, 0, 466, 639, 558, 46, 2.54%, 0, 0, 3, 2649.70, 1667, 22349421
1602890147, 0, 467, 639, 557, 45, 2.54%, 0, 0, 3, 2745.05, 1667, 22631089
1602890249, 0, 471, 639, 556, 44, 2.54%, 0, 0, 3, 2698.29, 1667, 22915758
1602890275, 0, 471, 640, 557, 44, 2.55%, 0, 0, 3, 2761.77, 1669, 22983082
1602890361, 0, 476, 640, 556, 44, 2.55%, 0, 0, 3, 2070.93, 1669, 23218606
1602890391, 0, 476, 643, 559, 44, 2.55%, 0, 0, 3, 999.09, 1669, 23254632
1602890514, 0, 476, 644, 560, 44, 2.55%, 0, 0, 3, 864.94, 1669, 23415807
1602890555, 0, 476, 645, 561, 44, 2.55%, 0, 0, 3, 898.63, 1669, 23459577
1602890621, 0, 476, 646, 562, 44, 2.55%, 0, 0, 3, 850.86, 1669, 23549317
1602890784, 0, 483, 646, 561, 44, 2.55%, 0, 0, 3, 957.13, 1669, 23781930
1602890789, 0, 483, 647, 562, 44, 2.55%, 0, 0, 3, 1498.88, 1669, 23789921
1602890804, 0, 483, 648, 563, 44, 2.55%, 0, 0, 3, 791.53, 1669, 23804807
1602890850, 0, 483, 650, 565, 44, 2.55%, 0, 0, 3, 12.08, 1669, 23855403
1602890855, 0, 483, 652, 567, 44, 2.55%, 0, 0, 3, 769.76, 1669, 23857701
1602891096, 0, 483, 653, 568, 44, 2.57%, 0, 0, 3, 879.77, 1684, 24131835
1602891172, 0, 483, 662, 577, 44, 2.74%, 0, 0, 3, 881.87, 1798, 24236035
1602891274, 0, 483, 665, 580, 44, 2.74%, 0, 0, 3, 651.06, 1798, 24367934
1602891284, 0, 490, 665, 579, 47, 2.74%, 0, 0, 3, 2421.75, 1798, 24382939
1602891305, 0, 495, 665, 578, 46, 2.74%, 0, 0, 3, 3713.58, 1798, 24457142
1602891320, 0, 496, 665, 577, 45, 2.74%, 0, 0, 3, 3627.42, 1798, 24512076
1602891340, 0, 497, 666, 577, 44, 2.75%, 0, 0, 3, 3513.84, 1800, 24584015
1602891345, 0, 497, 667, 578, 44, 2.75%, 0, 0, 3, 3537.30, 1800, 24602171
1602891360, 0, 499, 669, 579, 44, 2.75%, 0, 0, 3, 3415.62, 1801, 24654739
1602891386, 0, 500, 670, 579, 45, 2.75%, 0, 0, 3, 3661.65, 1801, 24747048
1602891406, 0, 503, 670, 578, 44, 2.75%, 0, 0, 3, 3564.91, 1801, 24821249
1602891427, 0, 506, 670, 577, 43, 2.75%, 0, 0, 3, 388.68, 1801, 24885863
1602892185, 0, 508, 670, 576, 42, 2.75%, 0, 0, 3, 2044.06, 1801, 25477210
1602892936, 0, 509, 670, 575, 41, 2.75%, 0, 0, 3, 3029.85, 1801, 26069820
1602892941, 0, 509, 672, 577, 41, 2.75%, 0, 0, 4, 2726.20, 1801, 26083416
1602892946, 0, 509, 677, 582, 41, 2.75%, 0, 0, 4, 2636.99, 1803, 26097044
1602892962, 0, 509, 678, 583, 41, 2.75%, 0, 0, 4, 2927.48, 1804, 26138560
1602893023, 0, 509, 679, 584, 41, 2.75%, 0, 0, 4, 2961.98, 1805, 26308752
1602893043, 0, 517, 679, 583, 43, 2.75%, 0, 0, 4, 2638.15, 1805, 26362860
1602893048, 0, 517, 680, 584, 43, 2.75%, 0, 0, 4, 2627.09, 1805, 26376712
1602893053, 0, 517, 682, 586, 43, 2.76%, 0, 0, 4, 2565.26, 1807, 26389822
1602893069, 0, 517, 683, 587, 43, 2.76%, 0, 0, 4, 2874.54, 1807, 26430951
1602893150, 0, 519, 684, 587, 43, 2.76%, 0, 0, 4, 2666.14, 1807, 26657413
1602893165, 0, 519, 686, 589, 43, 2.82%, 0, 0, 4, 947.61, 1846, 26676620
1602893186, 0, 519, 689, 592, 43, 2.82%, 0, 0, 4, 1424.10, 1850, 26702499
1602893201, 0, 519, 691, 594, 43, 2.83%, 0, 0, 4, 1073.55, 1853, 26720921
1602893206, 0, 519, 694, 597, 43, 2.83%, 0, 0, 4, 1394.03, 1853, 26728293
1602893211, 0, 519, 695, 598, 43, 2.83%, 0, 0, 4, 1106.91, 1853, 26733636
1602893303, 0, 519, 703, 606, 43, 2.83%, 0, 0, 4, 919.91, 1853, 26858368
1602893334, 0, 519, 704, 607, 43, 2.83%, 0, 0, 4, 1057.06, 1853, 26893239
1602893492, 0, 519, 706, 609, 43, 2.83%, 0, 0, 4, 843.91, 1853, 27102272
1602893573, 0, 519, 716, 619, 43, 2.83%, 0, 0, 4, 1074.28, 1853, 27222574
1602893579, 0, 519, 719, 622, 43, 2.83%, 0, 0, 4, 801.85, 1853, 27226302
1602893589, 0, 525, 719, 621, 44, 2.83%, 0, 0, 4, 2630.23, 1853, 27243814
1602893609, 0, 526, 719, 620, 43, 2.83%, 0, 0, 4, 3491.19, 1853, 27317443
1602893630, 0, 528, 723, 623, 42, 2.83%, 0, 0, 4, 3613.62, 1857, 27389911
1602893635, 0, 528, 725, 625, 42, 2.83%, 0, 0, 4, 3565.26, 1857, 27408234
1602893650, 0, 528, 726, 626, 42, 2.83%, 0, 0, 4, 3605.09, 1857, 27463489
1602893655, 0, 533, 726, 625, 42, 2.83%, 0, 0, 4, 3585.48, 1857, 27481582
1602893681, 0, 534, 726, 624, 41, 2.83%, 0, 0, 4, 3384.02, 1857, 27570331
1602893712, 0, 536, 726, 623, 40, 2.83%, 0, 0, 4, 3458.80, 1857, 27670447
1602893717, 0, 536, 727, 624, 40, 2.83%, 0, 0, 4, 3684.83, 1857, 27689285
1602893722, 0, 536, 728, 625, 40, 2.83%, 0, 0, 4, 3702.04, 1857, 27708602
1602893732, 0, 541, 731, 627, 40, 2.83%, 0, 0, 4, 3687.88, 1857, 27746158
1602893752, 0, 543, 732, 627, 40, 2.83%, 0, 0, 4, 3454.67, 1857, 27818435
1602893859, 0, 544, 736, 630, 39, 2.83%, 0, 0, 4, 2681.55, 1857, 28116009
1602893966, 0, 545, 736, 629, 39, 2.83%, 0, 0, 4, 2716.94, 1857, 28411441
1602893977, 0, 545, 737, 630, 39, 2.83%, 0, 0, 4, 2649.51, 1857, 28438687
1602894074, 0, 547, 737, 629, 38, 2.83%, 0, 0, 4, 2653.17, 1857, 28708819
1602894079, 0, 547, 740, 632, 38, 2.83%, 0, 0, 4, 2659.91, 1857, 28722294
1602894089, 0, 547, 742, 634, 38, 2.83%, 0, 0, 4, 2654.30, 1857, 28749487
1602894119, 0, 547, 743, 635, 38, 2.84%, 0, 0, 4, 2863.31, 1858, 28834347
1602894140, 0, 547, 744, 636, 38, 2.84%, 0, 0, 4, 2961.93, 1858, 28891440
1602894155, 0, 547, 746, 638, 38, 2.84%, 0, 0, 4, 2920.83, 1858, 28935063
1602894181, 0, 551, 746, 637, 40, 2.84%, 0, 0, 4, 2647.40, 1858, 29004876
1602894282, 0, 556, 748, 638, 40, 2.84%, 0, 0, 4, 2740.54, 1858, 29288665
1602894292, 0, 556, 749, 639, 40, 2.84%, 0, 0, 4, 2570.11, 1858, 29314072
1602894328, 0, 556, 750, 640, 40, 2.84%, 0, 0, 4, 2733.62, 1858, 29410504
1602894389, 0, 568, 750, 639, 39, 2.84%, 0, 0, 4, 2661.86, 1858, 29581901
1602894394, 0, 568, 751, 640, 39, 2.84%, 0, 0, 4, 1929.71, 1858, 29590793
1602894409, 0, 568, 752, 641, 39, 2.84%, 0, 0, 4, 1599.73, 1858, 29609702
1602894424, 0, 568, 754, 643, 39, 2.84%, 0, 0, 4, 1620.10, 1858, 29628758
1602894806, 0, 572, 754, 642, 40, 2.84%, 0, 0, 4, 1970.63, 1858, 30154595
1602894913, 0, 573, 754, 641, 39, 2.84%, 0, 0, 4, 2678.56, 1858, 30450628
1602895020, 0, 582, 755, 641, 38, 2.84%, 0, 0, 4, 736.51, 1858, 30741234
1602895077, 0, 582, 756, 642, 38, 2.84%, 0, 0, 4, 721.26, 1858, 30801834
1602895307, 0, 582, 757, 643, 38, 2.84%, 0, 0, 4, 948.94, 1858, 31028467
1602895521, 0, 582, 758, 644, 38, 2.84%, 0, 0, 4, 981.90, 1858, 31318301
1602895541, 0, 595, 758, 643, 38, 2.84%, 0, 0, 4, 781.15, 1858, 31331632
1602895547, 0, 595, 764, 649, 38, 2.84%, 0, 0, 4, 1553.94, 1858, 31340175
1602895602, 0, 595, 767, 652, 38, 2.84%, 0, 0, 4, 557.31, 1858, 31406272
1602895827, 0, 595, 768, 653, 38, 2.84%, 0, 0, 4, 869.15, 1858, 31686600
1602895979, 0, 595, 769, 654, 38, 2.84%, 0, 0, 4, 983.06, 1858, 31913258
1602895994, 0, 602, 770, 654, 37, 2.84%, 0, 0, 4, 1275.02, 1858, 31927261
1602896030, 0, 602, 771, 655, 37, 2.84%, 0, 0, 4, 1655.82, 1858, 31975046
1602896050, 0, 602, 773, 657, 37, 2.84%, 0, 0, 4, 1327.99, 1858, 31999586
1602896406, 0, 603, 773, 656, 36, 2.84%, 0, 0, 4, 1116.36, 1858, 32490749
1602896900, 0, 608, 773, 655, 35, 2.84%, 0, 0, 4, 1300.61, 1858, 33088158
1602896935, 0, 608, 774, 656, 35, 2.84%, 0, 0, 4, 873.31, 1858, 33127123
1602896951, 0, 608, 775, 657, 35, 2.84%, 0, 0, 4, 858.37, 1858, 33146180
1602897165, 0, 608, 776, 658, 35, 2.84%, 0, 0, 4, 972.32, 1858, 33373668
1602897211, 0, 608, 777, 659, 35, 2.84%, 0, 0, 4, 900.44, 1858, 33436100
1602897374, 0, 608, 779, 661, 35, 2.84%, 0, 0, 4, 1070.19, 1858, 33662987
1602897394, 0, 611, 779, 660, 35, 2.84%, 0, 0, 4, 1307.82, 1858, 33680103
1602897832, 0, 620, 779, 659, 35, 2.84%, 0, 0, 4, 1549.13, 1858, 34257044
1602897847, 0, 620, 780, 660, 35, 2.84%, 0, 0, 4, 1395.92, 1858, 34275487
1602897883, 0, 620, 781, 661, 35, 2.84%, 0, 0, 4, 1357.31, 1858, 34320979
1602898245, 0, 626, 781, 660, 35, 2.84%, 0, 0, 4, 2186.18, 1858, 34826326
1602898347, 0, 631, 782, 660, 34, 2.84%, 0, 0, 4, 2040.58, 1858, 35108594
1602898673, 0, 631, 783, 661, 34, 2.84%, 0, 0, 4, 1353.51, 1859, 35548597
1602898760, 0, 637, 783, 660, 34, 2.84%, 0, 0, 4, 2240.85, 1859, 35680139
1602898862, 0, 638, 783, 659, 33, 2.84%, 0, 0, 4, 2001.45, 1859, 35963527
1602898888, 0, 638, 784, 660, 33, 2.84%, 0, 0, 4, 1269.43, 1859, 35995414
1602899000, 0, 638, 787, 663, 33, 2.84%, 0, 0, 4, 1368.21, 1859, 36150058
1602899214, 0, 639, 787, 662, 33, 2.84%, 0, 0, 4, 2323.48, 1859, 36481602
1602899321, 0, 641, 787, 661, 32, 2.84%, 0, 0, 4, 2266.37, 1859, 36767843
1602899739, 0, 653, 787, 660, 31, 2.84%, 0, 0, 4, 1137.07, 1859, 37336107
1602899754, 0, 653, 788, 661, 31, 2.84%, 0, 0, 4, 946.66, 1859, 37354328
1602899759, 0, 653, 792, 665, 31, 2.84%, 0, 0, 4, 783.56, 1862, 37358049
1602899775, 0, 653, 794, 667, 31, 2.84%, 0, 0, 4, 926.57, 1862, 37376509
1602899913, 0, 653, 795, 668, 31, 2.84%, 0, 0, 4, 834.21, 1862, 37541064
1602900051, 0, 653, 797, 670, 31, 2.84%, 0, 0, 4, 879.21, 1862, 37684678
1602900056, 0, 653, 799, 672, 31, 2.85%, 0, 0, 4, 819.45, 1865, 37688579
1602900128, 0, 653, 803, 676, 31, 2.85%, 0, 0, 4, 947.36, 1865, 37788481
1602900138, 0, 653, 804, 677, 31, 2.85%, 0, 0, 4, 653.25, 1865, 37795489
1602900229, 0, 653, 806, 679, 31, 2.85%, 0, 0, 4, 724.49, 1865, 37920382
1602900239, 0, 654, 807, 679, 32, 2.85%, 0, 0, 4, 954.45, 1866, 37927951
1602900255, 0, 654, 812, 684, 32, 2.88%, 0, 0, 4, 906.29, 1887, 37946297
1602900275, 0, 654, 813, 685, 32, 2.92%, 0, 0, 4, 831.68, 1915, 37968461
1602900280, 0, 654, 815, 687, 32, 2.92%, 0, 0, 4, 1499.15, 1915, 37975724
1602900311, 0, 654, 816, 688, 32, 2.93%, 0, 0, 4, 1187.38, 1919, 38005142
1602900632, 0, 654, 819, 691, 32, 2.93%, 0, 0, 4, 795.06, 1919, 38381669
1602900723, 0, 654, 820, 692, 32, 2.93%, 0, 0, 4, 1026.60, 1919, 38504806
1602900733, 0, 654, 821, 693, 32, 2.93%, 0, 0, 4, 676.61, 1919, 38512205
1602900744, 0, 665, 822, 693, 38, 2.93%, 0, 0, 4, 2266.90, 1919, 38526131
1602900764, 0, 667, 823, 693, 37, 2.93%, 0, 0, 4, 3454.18, 1919, 38596872
1602900774, 0, 669, 823, 692, 36, 2.93%, 0, 0, 4, 3475.14, 1919, 38632745
1602900800, 0, 676, 826, 694, 36, 2.93%, 0, 0, 4, 2898.70, 1919, 38718113
1602900912, 0, 677, 826, 693, 35, 2.93%, 0, 0, 4, 2456.18, 1919, 39013359
1602901019, 0, 680, 826, 692, 34, 2.93%, 0, 0, 4, 2646.70, 1919, 39295914
1602901132, 0, 691, 831, 696, 33, 2.93%, 0, 0, 5, 2108.31, 1919, 39593197
1602901147, 0, 691, 841, 706, 33, 2.97%, 0, 0, 5, 845.82, 1946, 39609629
1602901152, 0, 691, 842, 707, 33, 2.97%, 0, 0, 5, 1523.36, 1946, 39618333
1602901162, 0, 691, 845, 710, 33, 3.01%, 0, 0, 5, 953.26, 1970, 39628635
1602901167, 0, 691, 847, 712, 33, 3.01%, 0, 0, 5, 1444.36, 1970, 39635467
1602901182, 0, 691, 849, 714, 33, 3.01%, 0, 0, 5, 1024.29, 1970, 39652785
1602901187, 0, 691, 850, 715, 33, 3.01%, 0, 0, 5, 1223.58, 1970, 39659473
1602901193, 0, 691, 853, 718, 33, 3.01%, 0, 0, 5, 1086.13, 1970, 39665041
1602901289, 0, 691, 859, 724, 33, 3.01%, 0, 0, 5, 885.37, 1970, 39789796
1602901325, 0, 691, 860, 725, 33, 3.01%, 0, 0, 5, 822.62, 1970, 39826844
1602901411, 0, 691, 862, 727, 33, 3.01%, 0, 0, 5, 875.32, 1970, 39929339
1602901483, 0, 691, 868, 733, 33, 3.01%, 0, 0, 5, 1063.52, 1970, 40030941
1602901488, 0, 691, 871, 736, 33, 3.01%, 0, 0, 5, 780.44, 1970, 40034547
1602901493, 0, 691, 874, 739, 33, 3.01%, 0, 0, 5, 1118.35, 1970, 40039985
1602901569, 0, 691, 875, 740, 33, 3.01%, 0, 0, 5, 1180.27, 1970, 40153603
1602901574, 0, 691, 878, 743, 33, 3.01%, 0, 0, 5, 815.81, 1970, 40157275
1602901584, 0, 692, 878, 742, 35, 3.01%, 0, 0, 5, 1155.71, 1970, 40166424
1602901600, 0, 692, 879, 743, 35, 3.01%, 0, 0, 5, 956.46, 1970, 40185024
1602902027, 0, 712, 879, 742, 34, 3.01%, 0, 0, 5, 1499.95, 1970, 40746499
1602902042, 0, 712, 880, 743, 34, 3.01%, 0, 0, 5, 974.11, 1970, 40763179
1602902058, 0, 712, 881, 744, 34, 3.01%, 0, 0, 5, 886.79, 1971, 40781575
1602902063, 0, 712, 882, 745, 34, 3.01%, 0, 0, 5, 1711.41, 1971, 40790465
1602902083, 0, 712, 884, 747, 34, 3.01%, 0, 0, 5, 1116.16, 1971, 40813211
1602902088, 0, 712, 885, 748, 34, 3.01%, 0, 0, 5, 1413.97, 1971, 40820237
1602902369, 0, 712, 886, 749, 34, 3.01%, 0, 0, 5, 1118.73, 1971, 41181759
1602902455, 0, 712, 888, 751, 34, 3.01%, 0, 0, 5, 1185.39, 1971, 41305693
1602902470, 0, 719, 889, 751, 34, 3.01%, 0, 0, 5, 1829.08, 1971, 41321123
1602902496, 0, 720, 891, 752, 33, 3.01%, 0, 0, 5, 3467.58, 1971, 41409787
1602902521, 0, 726, 891, 751, 32, 3.01%, 0, 0, 5, 3474.92, 1971, 41497645
1602902547, 0, 731, 893, 752, 31, 3.01%, 0, 0, 5, 3530.61, 1971, 41588330
1602902567, 0, 732, 893, 751, 30, 3.01%, 0, 0, 5, 3344.45, 1971, 41658725
1602902680, 0, 740, 894, 751, 29, 3.01%, 0, 0, 5, 2676.61, 1971, 41965201
1602902685, 0, 740, 896, 753, 29, 3.01%, 0, 0, 5, 2574.15, 1973, 41978338
1602902700, 0, 740, 897, 754, 29, 3.01%, 0, 0, 5, 2643.99, 1973, 42018173
1602902787, 0, 742, 898, 754, 29, 3.01%, 0, 0, 5, 2506.70, 1973, 42255079
1602902797, 0, 742, 899, 755, 29, 3.01%, 0, 0, 5, 2580.45, 1973, 42281622
1602902899, 0, 744, 899, 754, 28, 3.01%, 0, 0, 5, 2707.55, 1973, 42560199
1602902904, 0, 744, 900, 755, 28, 3.01%, 0, 0, 5, 2627.52, 1973, 42573649
1602902986, 0, 744, 901, 756, 28, 3.01%, 0, 0, 5, 2690.04, 1973, 42797889
1602903007, 0, 746, 902, 756, 28, 3.01%, 0, 0, 5, 2704.12, 1973, 42853707
1602903114, 0, 752, 902, 755, 27, 3.01%, 0, 0, 5, 2236.42, 1973, 43145386
1602903522, 0, 756, 902, 754, 26, 3.01%, 0, 0, 5, 1594.04, 1973, 43714909
1602903572, 0, 756, 903, 755, 26, 3.01%, 0, 0, 5, 1302.14, 1973, 43777868
1602903939, 0, 768, 904, 755, 25, 3.01%, 0, 0, 5, 1509.61, 1973, 44277419
1602903969, 0, 768, 905, 756, 25, 3.01%, 0, 0, 5, 1043.07, 1973, 44315171
1602903990, 0, 768, 906, 757, 25, 3.01%, 0, 0, 5, 1281.67, 1973, 44342971
1602904356, 0, 770, 906, 756, 24, 3.01%, 0, 0, 5, 1567.73, 1973, 44854483
1602904768, 0, 774, 906, 755, 23, 3.01%, 0, 0, 5, 1496.19, 1973, 45419998
1602905191, 0, 783, 906, 754, 22, 3.01%, 0, 0, 5, 1623.73, 1973, 45990975
1602905328, 0, 783, 907, 755, 22, 3.01%, 0, 0, 5, 1188.04, 1973, 46174771
1602905547, 0, 803, 908, 755, 21, 3.01%, 0, 0, 5, 1568.68, 1973, 46504843
1602905563, 0, 803, 910, 757, 21, 3.02%, 0, 0, 5, 785.68, 1976, 46520360
1602905578, 0, 803, 911, 758, 21, 3.03%, 0, 0, 5, 950.53, 1986, 46539021
1602905710, 0, 803, 912, 759, 21, 3.03%, 0, 0, 5, 911.56, 1986, 46700400
1602905807, 0, 803, 913, 760, 21, 3.03%, 0, 0, 5, 755.88, 1986, 46787068
1602905924, 0, 803, 914, 761, 21, 3.03%, 0, 0, 5, 955.72, 1986, 46949370
1602906032, 0, 803, 915, 762, 21, 3.03%, 0, 0, 5, 644.81, 1986, 47086512
1602906037, 0, 807, 915, 761, 23, 3.03%, 0, 0, 5, 978.93, 1986, 47091062
1602906057, 0, 807, 916, 762, 23, 3.03%, 0, 0, 5, 1155.94, 1986, 47114660
1602906420, 0, 807, 917, 763, 23, 3.03%, 0, 0, 5, 908.48, 1988, 47291797
1602906639, 0, 807, 919, 765, 23, 3.03%, 0, 0, 5, 880.26, 1988, 47544271
1602906731, 0, 807, 922, 768, 23, 3.03%, 0, 0, 5, 940.27, 1988, 47669382
1602906741, 0, 807, 924, 770, 23, 3.03%, 0, 0, 5, 654.77, 1988, 47676627
1602906752, 0, 808, 924, 769, 23, 3.03%, 0, 0, 5, 1392.09, 1988, 47687427
1602907052, 0, 808, 925, 770, 23, 3.03%, 0, 0, 5, 910.37, 1988, 48027952
1602907134, 0, 808, 926, 771, 23, 3.03%, 0, 0, 5, 821.84, 1988, 48137075
1602907241, 0, 809, 926, 770, 22, 3.03%, 0, 0, 5, 1067.23, 1988, 48274501
1602907276, 0, 809, 927, 771, 22, 3.03%, 0, 0, 5, 824.13, 1989, 48315371
1602907625, 0, 809, 928, 772, 22, 3.03%, 0, 0, 5, 810.87, 1989, 48728427
1602907731, 0, 810, 929, 772, 22, 3.03%, 0, 0, 5, 970.63, 1989, 48865119
1602908114, 0, 810, 930, 773, 22, 3.03%, 0, 0, 5, 897.67, 1989, 49317200
1602908216, 0, 810, 931, 774, 22, 3.03%, 0, 0, 5, 665.35, 1989, 49449524
1602908226, 0, 812, 932, 774, 21, 3.03%, 0, 0, 5, 1327.18, 1989, 49459193
1602908241, 0, 812, 935, 777, 21, 3.04%, 0, 0, 5, 826.89, 1992, 49475541
1602908533, 0, 812, 936, 778, 21, 3.04%, 0, 0, 5, 879.32, 1992, 49804075
1602908610, 0, 812, 938, 780, 21, 3.04%, 0, 0, 5, 899.42, 1992, 49908459
1602908701, 0, 812, 940, 782, 21, 3.04%, 0, 0, 5, 978.54, 1992, 50033314
1602908712, 0, 812, 942, 784, 21, 3.04%, 0, 0, 5, 671.35, 1992, 50040818
1602908722, 0, 814, 942, 783, 21, 3.04%, 0, 0, 5, 1423.16, 1992, 50051617
1602908737, 0, 814, 943, 784, 21, 3.04%, 0, 0, 5, 944.68, 1992, 50068372
1602908956, 0, 814, 944, 785, 21, 3.04%, 0, 0, 5, 1265.94, 1992, 50335640
1602909073, 0, 814, 945, 786, 21, 3.04%, 0, 0, 5, 882.83, 1992, 50502220
1602909175, 0, 823, 946, 786, 19, 3.04%, 0, 0, 5, 2900.02, 1992, 50652098
1602909196, 0, 826, 947, 786, 19, 3.04%, 0, 0, 5, 3549.55, 1992, 50724970
1602909307, 0, 842, 952, 790, 18, 3.04%, 0, 0, 6, 1982.77, 1995, 51023019
1602909323, 0, 842, 969, 807, 18, 3.05%, 0, 0, 6, 960.71, 1997, 51039593
1602909353, 0, 842, 972, 810, 18, 3.05%, 0, 0, 6, 981.35, 1997, 51078076
1602909363, 0, 842, 974, 812, 18, 3.05%, 0, 0, 6, 1173.67, 1997, 51090423
1602909455, 0, 842, 978, 816, 18, 3.05%, 0, 0, 6, 1199.75, 1997, 51215830
1602909490, 0, 842, 979, 817, 18, 3.05%, 0, 0, 6, 970.12, 1997, 51254226
1602909577, 0, 842, 980, 818, 18, 3.05%, 0, 0, 6, 827.50, 1997, 51359511
1602909643, 0, 842, 982, 820, 18, 3.05%, 0, 0, 6, 1153.22, 1997, 51459323
1602909653, 0, 842, 983, 821, 18, 3.05%, 0, 0, 6, 1164.24, 1997, 51468690
1602909729, 0, 842, 988, 826, 18, 3.05%, 0, 0, 6, 962.41, 1997, 51584368
1602909745, 0, 852, 992, 829, 18, 3.05%, 0, 0, 6, 1493.57, 1997, 51600305
1602910209, 0, 860, 994, 830, 18, 3.05%, 0, 0, 6, 1541.12, 1997, 52177047
1602910239, 0, 860, 995, 831, 18, 3.05%, 0, 0, 6, 1119.16, 1997, 52212454
1602910433, 0, 860, 996, 832, 18, 3.05%, 0, 0, 6, 1241.88, 1997, 52448749
1602910545, 0, 860, 997, 833, 18, 3.05%, 0, 0, 6, 1045.39, 1997, 52611997
1602910642, 0, 861, 997, 832, 18, 3.05%, 0, 0, 6, 1186.39, 1997, 52746134
1602910657, 0, 861, 1001, 836, 18, 3.05%, 0, 0, 6, 985.83, 1997, 52765120
1602911018, 0, 880, 1001, 835, 18, 3.05%, 0, 0, 6, 1547.94, 1997, 53282913
1602911242, 0, 880, 1002, 836, 18, 3.05%, 0, 0, 6, 1122.71, 1997, 53556919
1602911455, 0, 892, 1002, 835, 17, 3.05%, 0, 0, 6, 2956.18, 1997, 53869592
1602911476, 0, 895, 1005, 837, 18, 3.05%, 0, 0, 6, 3354.34, 1997, 53942616
1602911583, 0, 900, 1005, 836, 17, 3.05%, 0, 0, 6, 2775.43, 1997, 54239115
1602911593, 0, 900, 1007, 838, 17, 3.05%, 0, 0, 6, 2660.30, 1997, 54265341
1602911628, 0, 900, 1008, 839, 17, 3.05%, 0, 0, 6, 2664.93, 1997, 54361653
1602911694, 0, 905, 1012, 842, 18, 3.05%, 0, 0, 6, 2057.08, 1997, 54543034
1602911720, 0, 905, 1013, 843, 18, 3.05%, 0, 0, 6, 1079.87, 1997, 54574126
1602911903, 0, 905, 1014, 844, 18, 3.05%, 0, 0, 6, 1564.42, 1997, 54816860
1602912010, 0, 905, 1015, 845, 18, 3.05%, 0, 0, 6, 1181.40, 1997, 54976161
1602912107, 0, 908, 1015, 844, 21, 3.05%, 0, 0, 6, 1423.67, 1997, 55114993
1602912122, 0, 908, 1017, 846, 21, 3.05%, 0, 0, 6, 804.05, 1997, 55131233
1602912142, 0, 908, 1018, 847, 21, 3.05%, 0, 0, 6, 884.58, 1997, 55153880
1602912270, 0, 908, 1019, 848, 21, 3.05%, 0, 0, 6, 965.07, 1997, 55311458
1602912489, 0, 908, 1020, 849, 21, 3.05%, 0, 0, 6, 877.62, 1997, 55564648
1602912601, 0, 915, 1020, 848, 21, 3.05%, 0, 0, 6, 1458.19, 1997, 55709045
1602912652, 0, 915, 1021, 849, 21, 3.05%, 0, 0, 6, 975.41, 1997, 55765847
1602913090, 0, 926, 1021, 848, 20, 3.05%, 0, 0, 6, 1211.21, 1997, 56296004
1602913474, 0, 926, 1022, 849, 20, 3.05%, 0, 0, 6, 850.76, 1997, 56747514
1602913581, 0, 942, 1022, 848, 19, 3.05%, 0, 0, 6, 952.30, 1997, 56884029
1602913932, 0, 942, 1023, 849, 19, 3.05%, 0, 0, 6, 1015.64, 1997, 57337016
1602914034, 0, 944, 1023, 848, 19, 3.05%, 0, 0, 6, 1177.30, 1997, 57475693
1602914049, 0, 944, 1027, 852, 19, 3.05%, 0, 0, 6, 980.59, 1997, 57494571
1602914069, 0, 944, 1029, 854, 19, 3.05%, 0, 0, 6, 891.87, 1997, 57517840
1602914085, 0, 944, 1030, 855, 19, 3.05%, 0, 0, 6, 967.35, 1997, 57537610
1602914391, 0, 944, 1031, 856, 19, 3.05%, 0, 0, 6, 858.46, 1997, 57932282
1602914488, 0, 945, 1031, 855, 19, 3.05%, 0, 0, 6, 1175.86, 1997, 58067041
1602914493, 0, 945, 1032, 856, 19, 3.05%, 0, 0, 6, 2971.06, 1997, 58084749
1602914514, 0, 963, 1032, 855, 18, 3.05%, 0, 0, 6, 2969.66, 1997, 58154702
1602914962, 0, 976, 1032, 854, 18, 3.05%, 0, 0, 6, 1519.51, 1997, 58736420
1602914977, 0, 976, 1033, 855, 18, 3.05%, 0, 0, 7, 1264.53, 1997, 58753652
1602915145, 0, 976, 1034, 856, 18, 3.05%, 0, 0, 7, 1288.46, 1997, 58963659
1602915308, 0, 976, 1036, 858, 18, 3.05%, 0, 0, 7, 861.79, 1997, 59173836
1602915405, 0, 983, 1036, 857, 17, 3.05%, 0, 0, 7, 1136.64, 1997, 59306380
1602915420, 0, 983, 1038, 859, 17, 3.05%, 0, 0, 7, 946.49, 1997, 59325279
1602915559, 0, 983, 1040, 861, 17, 3.05%, 0, 0, 7, 1147.22, 1997, 59504264
1602915564, 0, 983, 1041, 862, 17, 3.05%, 0, 0, 7, 793.42, 1997, 59507812
1602915610, 0, 983, 1044, 865, 17, 3.05%, 0, 0, 7, 725.09, 1997, 59552718
1602915752, 0, 983, 1046, 867, 17, 3.05%, 0, 0, 7, 973.00, 1997, 59748669
1602915839, 0, 983, 1048, 869, 17, 3.05%, 0, 0, 7, 966.73, 1997, 59871839
1602915844, 0, 983, 1050, 871, 17, 3.05%, 0, 0, 7, 761.35, 1997, 59875409
1602915854, 0, 991, 1050, 870, 17, 3.05%, 0, 0, 7, 1387.44, 1997, 59886461
1602915869, 0, 991, 1051, 871, 17, 3.05%, 0, 0, 7, 785.36, 1997, 59902375
1602915905, 0, 991, 1052, 872, 17, 3.05%, 0, 0, 7, 968.77, 1997, 59943977
1602916017, 0, 991, 1053, 873, 17, 3.05%, 0, 0, 7, 895.90, 1997, 60082065
1602916323, 0, 995, 1054, 873, 16, 3.05%, 0, 0, 7, 1087.90, 1997, 60458813
1602916338, 0, 995, 1055, 874, 16, 3.05%, 0, 0, 7, 1056.25, 1997, 60477875
1602916374, 0, 995, 1056, 875, 16, 3.05%, 0, 0, 7, 1419.14, 1997, 60524861
1602916496, 0, 995, 1057, 876, 16, 3.05%, 0, 0, 7, 933.15, 1997, 60685507
1602916623, 0, 995, 1058, 877, 16, 3.05%, 0, 0, 7, 1042.73, 1997, 60869510
1602916709, 0, 997, 1060, 878, 17, 3.05%, 0, 0, 7, 1298.05, 1998, 60996773
1602917091, 0, 1001, 1060, 877, 16, 3.05%, 0, 0, 7, 1473.40, 1998, 61531870
1602917106, 0, 1001, 1062, 879, 16, 3.05%, 0, 0, 7, 1308.30, 1998, 61551246
1602917121, 0, 1001, 1063, 880, 16, 3.05%, 0, 0, 7, 1346.26, 1998, 61570835
1602917478, 0, 1002, 1064, 880, 15, 3.05%, 0, 0, 7, 2536.23, 1998, 62075391
1602917483, 0, 1002, 1066, 882, 15, 3.05%, 0, 0, 7, 3337.17, 1998, 62093689
1602917503, 0, 1004, 1068, 883, 15, 3.05%, 0, 0, 7, 3586.22, 1998, 62165997
1602917524, 0, 1006, 1068, 882, 14, 3.05%, 0, 0, 7, 3078.45, 1998, 62236646
1602917529, 0, 1006, 1069, 883, 14, 3.05%, 0, 0, 7, 2672.68, 1998, 62249567
1602917631, 0, 1007, 1069, 882, 13, 3.05%, 0, 0, 7, 2688.52, 1998, 62528061
1602917743, 0, 1011, 1069, 881, 12, 3.05%, 0, 0, 7, 2176.19, 1998, 62830115
1602918165, 0, 1012, 1069, 880, 11, 3.05%, 0, 0, 7, 1627.68, 1998, 63409471
1602918577, 0, 1014, 1069, 879, 10, 3.05%, 0, 0, 7, 1084.35, 1998, 63976549
1602918582, 0, 1014, 1072, 882, 10, 3.05%, 0, 0, 7, 1615.66, 1998, 63985414
1602918592, 0, 1014, 1073, 883, 10, 3.05%, 0, 0, 7, 1030.45, 1998, 63996646
1602918613, 0, 1014, 1074, 884, 10, 3.05%, 0, 0, 7, 1623.64, 1998, 64024462
1602918623, 0, 1014, 1075, 885, 10, 3.05%, 0, 0, 7, 1098.70, 1998, 64037155
1602918628, 0, 1014, 1076, 886, 10, 3.05%, 0, 0, 7, 1261.87, 1998, 64043391
1602918633, 0, 1014, 1078, 888, 10, 3.05%, 0, 0, 7, 1340.91, 1998, 64050608
1602918724, 0, 1014, 1081, 891, 10, 3.05%, 0, 0, 7, 1038.14, 1998, 64177553
1602918989, 0, 1014, 1082, 892, 10, 3.05%, 0, 0, 7, 893.03, 1998, 64546666
1602918999, 0, 1026, 1082, 891, 11, 3.05%, 0, 0, 7, 1552.65, 1998, 64559554
1602919014, 0, 1026, 1084, 893, 11, 3.05%, 0, 0, 7, 1174.21, 1998, 64576838
1602919030, 0, 1026, 1085, 894, 11, 3.05%, 0, 0, 7, 889.80, 1998, 64594976
1602919351, 0, 1026, 1086, 895, 11, 3.05%, 0, 0, 7, 867.08, 1998, 65010052
1602919432, 0, 1026, 1087, 896, 11, 3.05%, 0, 0, 7, 1079.11, 1998, 65131373
1602919447, 0, 1043, 1087, 895, 11, 3.05%, 0, 0, 7, 1026.10, 1998, 65144291
1602919895, 0, 1053, 1087, 894, 10, 3.05%, 0, 0, 7, 1391.09, 1998, 65723990
1602920273, 0, 1053, 1088, 895, 10, 3.05%, 0, 0, 8, 1038.33, 1998, 66254946
1602920278, 0, 1054, 1088, 894, 9, 3.05%, 0, 0, 8, 1481.35, 1998, 66262100
1602920329, 0, 1054, 1089, 895, 9, 3.05%, 0, 0, 8, 1256.85, 1998, 66327339
1602920659, 0, 1054, 1090, 896, 9, 3.05%, 0, 0, 8, 1013.10, 1998, 66793163
1602920664, 0, 1058, 1090, 895, 6, 3.05%, 0, 0, 8, 1543.89, 1998, 66801245
1602921047, 0, 1059, 1090, 894, 5, 3.05%, 0, 0, 8, 1298.12, 1998, 67334613
1602921062, 0, 1059, 1092, 896, 5, 3.05%, 0, 0, 8, 957.67, 1998, 67353365
1602921440, 0, 1065, 1092, 895, 4, 3.05%, 0, 0, 8, 3033.86, 1998, 67887808
1602921460, 0, 1079, 1093, 895, 3, 3.05%, 0, 0, 8, 2586.68, 1998, 67955822
1602921476, 0, 1079, 1094, 896, 3, 3.05%, 0, 0, 8, 1399.80, 1998, 67975321
1602921878, 0, 1088, 1094, 895, 2, 3.05%, 0, 0, 8, 1390.58, 1998, 68529397
1602922259, 0, 1088, 1095, 896, 2, 3.05%, 0, 0, 9, 1024.68, 1998, 69061556
1602922264, 0, 1094, 1095, 895, 2, 3.05%, 0, 0, 9, 1587.38, 1998, 69069531
1602922280, 0, 1094, 1097, 897, 2, 3.05%, 0, 0, 10, 1430.53, 1998, 69088803
1602922646, 0, 1095, 1097, 896, 3, 3.05%, 0, 0, 10, 1383.74, 1998, 69603369
1602923027, 0, 1096, 1097, 895, 2, 3.05%, 0, 0, 10, 1221.48, 1998, 70137453
1602923042, 0, 1096, 1098, 896, 2, 3.05%, 0, 0, 11, 1006.78, 1998, 70157399
1602923174, 0, 1096, 1099, 897, 2, 3.05%, 0, 0, 11, 1030.18, 1998, 70333903
1602923215, 0, 1096, 1100, 898, 2, 3.05%, 0, 0, 11, 1428.61, 1998, 70390136
1602923409, 0, 1097, 1103, 900, 3, 3.05%, 0, 0, 12, 1466.43, 1998, 70674072
1602923424, 0, 1097, 1105, 902, 3, 3.05%, 0, 0, 12, 1212.93, 1998, 70693378
1602923460, 0, 1097, 1106, 903, 3, 3.05%, 0, 0, 12, 1264.73, 1998, 70740272
1602923781, 0, 1097, 1107, 904, 3, 3.05%, 0, 0, 12, 1247.64, 1998, 71198672
1602923786, 0, 1104, 1107, 903, 2, 3.05%, 0, 0, 12, 1329.84, 1998, 71204714
1602924168, 1, 270, 1107, 902, 1, 3.05%, 0, 0, 12, 2222.93, 1998, 71749344
1602924275, 1, 322, 1107, 901, 1, 3.05%, 0, 0, 12, 2610.40, 1998, 72038322
1602924388, 1, 353, 1107, 900, 1, 3.05%, 0, 0, 12, 2600.53, 1998, 72338794
1602924495, 1, 464, 1107, 899, 1, 3.05%, 0, 0, 12, 2648.23, 1998, 72628435
1602924515, 1, 470, 1107, 898, 1, 3.05%, 0, 0, 12, 3153.76, 1998, 72697395
1602924623, 1, 494, 1108, 898, 1, 3.05%, 0, 0, 12, 2766.90, 1998, 72989819
1602924648, 1, 570, 1108, 897, 1, 3.05%, 0, 0, 12, 2221.77, 1998, 73070337
1602925075, 1, 579, 1108, 896, 1, 3.05%, 0, 0, 12, 1303.08, 1998, 73638227
1602925636, 1, 786, 1108, 895, 1, 3.05%, 0, 0, 12, 2955.88, 1998, 74227192
1602925993, 1, 822, 1108, 894, 1, 3.05%, 0, 0, 12, 2424.70, 1998, 74747902
1602926013, 1, 830, 1109, 894, 1, 3.05%, 0, 0, 12, 3368.38, 1998, 74818635
1602926451, 1, 903, 1109, 893, 1, 3.05%, 0, 0, 12, 1423.42, 1998, 75397535
1602926868, 1, 911, 1109, 892, 0, 3.05%, 0, 0, 12, 1201.49, 1998, 75970890
1602927364, 1, 912, 1109, 891, 0, 3.05%, 0, 0, 12, 1421.26, 1998, 76568189
1602927854, 1, 916, 1109, 890, 0, 3.05%, 0, 0, 12, 1009.16, 1998, 77153441
1602928348, 1, 931, 1110, 890, 1, 3.05%, 0, 0, 12, 22.00, 2002, 77745252
1602932253, 1, 931, 1111, 891, 1, 3.05%, 0, 0, 12, 20.69, 2002, 78329332
1602932258, 1, 931, 1112, 892, 1, 3.05%, 0, 0, 12, 20.94, 2002, 78329437
1602932264, 1, 931, 1113, 893, 1, 3.05%, 0, 0, 12, 20.79, 2002, 78329542
1602932493, 1, 1109, 1113, 892, 1, 3.05%, 0, 0, 12, 2115.96, 2002, 78336915
1602932514, 1, 1109, 1114, 893, 1, 3.06%, 0, 0, 12, 3600.60, 2005, 78410711
1602932519, 1, 1109, 1115, 894, 1, 3.06%, 0, 0, 12, 3702.04, 2006, 78429781
1602932524, 1, 1109, 1116, 895, 1, 3.06%, 0, 0, 12, 3693.14, 2006, 78449068
1602932529, 1, 1115, 1116, 894, 1, 3.06%, 0, 0, 12, 3693.91, 2006, 78467622
1602932559, 2, 3, 1116, 893, 0, 3.06%, 0, 0, 12, 3089.55, 2006, 78575764
1602933055, 2, 155, 1125, 901, 1, 3.06%, 0, 0, 12, 1733.17, 2008, 79172313
1602933090, 2, 156, 1125, 900, 1, 3.06%, 0, 0, 12, 3101.59, 2008, 79289852
1602933131, 2, 253, 1126, 900, 2, 3.07%, 0, 0, 12, 2699.46, 2012, 79416334
1602933239, 2, 535, 1127, 900, 2, 3.07%, 0, 0, 12, 3090.18, 2012, 79715423
1602933269, 2, 690, 1127, 899, 2, 3.07%, 0, 0, 12, 2085.14, 2012, 79807923
1602933611, 2, 690, 1128, 900, 2, 3.07%, 0, 0, 12, 903.00, 2012, 80243870
1602933708, 2, 697, 1128, 899, 3, 3.07%, 0, 0, 12, 1124.77, 2012, 80376918
1602933978, 2, 697, 1129, 900, 3, 3.07%, 0, 0, 12, 1036.12, 2012, 80714532
1602934151, 2, 766, 1129, 899, 3, 3.07%, 0, 0, 12, 96.06, 2012, 80951879
1602934213, 2, 766, 1130, 900, 3, 3.07%, 0, 0, 12, 169.94, 2012, 80971288
1602934459, 2, 766, 1132, 902, 3, 3.07%, 0, 0, 12, 39.16, 2012, 81024318
1602934837, 2, 766, 1133, 903, 3, 3.07%, 0, 0, 12, 60.14, 2012, 81152868
1602936511, 2, 896, 1133, 902, 3, 3.07%, 0, 0, 12, 2134.97, 2012, 81546320
1602936618, 2, 896, 1134, 903, 3, 3.07%, 0, 0, 12, 2633.18, 2012, 81841896
1602936623, 2, 1101, 1134, 902, 3, 3.07%, 0, 0, 12, 1960.25, 2012, 81851313
1602937000, 2, 1119, 1135, 902, 3, 3.07%, 0, 0, 13, 2232.53, 2012, 82383160
1602937061, 2, 1119, 1139, 906, 3, 3.07%, 0, 0, 13, 3488.89, 2012, 82595105
1602937067, 2, 1125, 1141, 907, 2, 3.07%, 0, 0, 13, 2783.42, 2012, 82608846
1602937174, 2, 1125, 1142, 908, 2, 3.07%, 0, 0, 13, 2582.74, 2012, 82879923
1602937409, 2, 1127, 1145, 910, 1, 3.07%, 0, 0, 13, 1936.00, 2012, 83470821
1602937424, 2, 1127, 1146, 911, 1, 3.07%, 0, 0, 13, 1289.49, 2012, 83488191
1602937445, 2, 1127, 1147, 912, 1, 3.07%, 0, 0, 13, 1592.52, 2012, 83514950
1602937852, 2, 1146, 1147, 911, 1, 3.07%, 0, 0, 13, 1540.07, 2012, 84046210
1602938274, 3, 4, 1147, 910, 0, 3.07%, 0, 0, 13, 1327.62, 2012, 84617912
1602938279, 3, 4, 1148, 911, 0, 3.07%, 0, 0, 13, 1592.72, 2012, 84626148
1602938771, 3, 5, 1148, 910, 0, 3.07%, 0, 0, 13, 3350.58, 2012, 85212517
1602938776, 3, 21, 1148, 909, 0, 3.07%, 0, 0, 13, 3534.14, 2012, 85231118
1602938919, 3, 24, 1148, 908, 0, 3.07%, 0, 0, 13, 596.22, 2012, 85740784
1602941449, 3, 28, 1148, 907, 0, 3.07%, 0, 0, 13, 300.88, 2012, 86334499
1602942077, 3, 32, 1148, 906, 0, 3.07%, 0, 0, 13, 1374.47, 2012, 86931286
1602942699, 3, 38, 1148, 905, 0, 3.07%, 0, 0, 13, 3329.16, 2012, 87533752
1602942714, 3, 65, 1149, 905, 1, 3.07%, 0, 0, 13, 3535.00, 2012, 87590398
1602942811, 3, 196, 1149, 904, 1, 3.07%, 0, 0, 13, 2326.16, 2012, 87864648
1602942862, 3, 196, 1150, 905, 1, 3.07%, 0, 0, 13, 2201.82, 2012, 87942050
1602943066, 3, 290, 1150, 904, 1, 3.07%, 0, 0, 13, 1560.01, 2012, 88296481
1602943561, 3, 350, 1150, 903, 1, 3.07%, 0, 0, 13, 1497.66, 2012, 88891038
1602943654, 3, 378, 1150, 902, 1, 3.07%, 0, 0, 13, 415.87, 2012, 89152499
1602944785, 3, 616, 1150, 901, 1, 3.07%, 0, 0, 13, 646.08, 2012, 89744175
1602953444, 3, 649, 1150, 900, 1, 3.07%, 0, 0, 13, 2707.09, 2012, 90337619
1602961173, 3, 879, 1150, 899, 1, 3.07%, 0, 0, 13, 2083.60, 2012, 90932065
1602961219, 3, 879, 1151, 900, 1, 3.07%, 0, 0, 13, 966.02, 2012, 90988485
1602961321, 3, 879, 1152, 901, 1, 3.07%, 0, 0, 13, 1161.87, 2012, 91125508
1602961595, 3, 879, 1153, 902, 1, 3.07%, 0, 0, 13, 940.91, 2012, 91494436
1602961611, 3, 1032, 1153, 901, 1, 3.07%, 0, 0, 13, 1561.06, 2012, 91511201
1602962049, 3, 1086, 1153, 900, 1, 3.07%, 0, 0, 13, 1455.07, 2012, 92083968
1602962395, 3, 1086, 1154, 901, 1, 3.07%, 0, 0, 13, 884.78, 2012, 92536272
1602962491, 3, 1148, 1154, 900, 1, 3.07%, 0, 0, 13, 2058.26, 2012, 92676118
1602962527, 3, 1148, 1156, 902, 1, 3.07%, 0, 0, 13, 3638.33, 2012, 92804726
1602962532, 3, 1154, 1156, 901, 1, 3.07%, 0, 0, 13, 3694.64, 2012, 92823738
1602962547, 4, 16, 1156, 900, 0, 3.07%, 0, 0, 13, 3708.09, 2012, 92881293
1602962685, 4, 18, 1156, 899, 0, 3.07%, 0, 0, 13, 3700.80, 2012, 93392396
1602962690, 4, 29, 1156, 898, 0, 3.07%, 0, 0, 13, 847.13, 2012, 93403434
1602963242, 4, 35, 1156, 897, 0, 3.07%, 0, 0, 13, 2409.62, 2012, 93993451
1602963732, 4, 37, 1156, 896, 0, 3.07%, 0, 0, 13, 3689.94, 2012, 94588988
1602963753, 4, 39, 1156, 895, 0, 3.07%, 0, 0, 13, 3724.07, 2012, 94664923
1602963763, 4, 44, 1156, 894, 0, 3.07%, 0, 0, 13, 3602.93, 2012, 94702078
1602963783, 4, 47, 1156, 893, 0, 3.07%, 0, 0, 13, 3462.53, 2012, 94774268
1602963814, 4, 57, 1156, 892, 0, 3.07%, 0, 0, 13, 3229.63, 2012, 94877299
1602963875, 4, 62, 1156, 891, 0, 3.07%, 0, 0, 13, 3036.48, 2012, 95062758
1602963962, 4, 64, 1156, 890, 0, 3.07%, 0, 0, 13, 2851.18, 2012, 95317761
1602964044, 4, 67, 1156, 889, 0, 3.07%, 0, 0, 13, 2391.65, 2012, 95553900
1602964060, 4, 67, 1157, 890, 0, 3.07%, 0, 0, 13, 1085.44, 2012, 95573449
1602964075, 4, 67, 1158, 891, 0, 3.07%, 0, 0, 13, 1241.28, 2012, 95593583
1602964421, 4, 73, 1158, 890, 0, 3.07%, 0, 0, 13, 1177.27, 2012, 96093117
