# unix_time, cycles_done, cur_path, paths_total, pending_total, pending_favs, map_size, unique_crashes, unique_hangs, max_depth, execs_per_sec, edge_coverage, total_execs
1605645816, 0, 0, 1, 1, 1, 0.84%, 0, 0, 1, 2000.00, 551, 8
1605645821, 0, 0, 104, 104, 1, 1.39%, 0, 0, 2, 3117.68, 909, 17829
1605645826, 0, 0, 111, 111, 1, 1.39%, 0, 0, 2, 3504.96, 909, 35498
1605645831, 0, 0, 118, 118, 1, 1.39%, 0, 0, 2, 3426.29, 911, 53985
1605645836, 0, 0, 123, 123, 1, 1.39%, 0, 0, 2, 3272.33, 911, 70304
1605645841, 0, 0, 125, 125, 1, 1.39%, 0, 0, 2, 3250.82, 911, 86549
1605645852, 0, 0, 134, 134, 1, 1.40%, 0, 0, 2, 3588.55, 920, 122938
1605645857, 0, 0, 138, 138, 1, 1.40%, 0, 0, 2, 3248.22, 920, 138752
1605645867, 0, 0, 140, 140, 1, 1.40%, 0, 0, 2, 3214.51, 920, 172911
1605645872, 0, 0, 141, 141, 1, 1.40%, 0, 0, 2, 3216.39, 920, 189111
1605645877, 0, 0, 152, 152, 1, 1.43%, 0, 0, 2, 3571.22, 937, 208508
1605645882, 0, 0, 153, 153, 1, 1.43%, 0, 0, 2, 3246.22, 937, 224620
1605645887, 0, 0, 154, 154, 1, 1.43%, 0, 0, 2, 3200.67, 937, 240744
1605645892, 0, 5, 156, 152, 58, 1.44%, 0, 0, 3, 3982.01, 943, 261546
1605645897, 0, 10, 156, 148, 53, 1.44%, 0, 0, 3, 4246.97, 943, 283243
1605645902, 0, 17, 156, 142, 47, 1.44%, 0, 0, 3, 4350.81, 943, 305283
1605645907, 0, 18, 156, 141, 46, 1.44%, 0, 0, 3, 4109.33, 943, 325710
1605645918, 0, 26, 160, 144, 45, 1.44%, 0, 0, 3, 3544.25, 945, 364213
1605645953, 0, 32, 162, 144, 43, 1.44%, 0, 0, 3, 3906.32, 945, 491048
1605645958, 0, 35, 163, 143, 41, 1.44%, 0, 0, 3, 3745.61, 945, 510514
1605645963, 0, 35, 164, 144, 41, 1.44%, 0, 0, 3, 3290.71, 945, 526428
1605646035, 0, 36, 167, 146, 40, 1.44%, 0, 0, 3, 3128.18, 945, 756470
1605646070, 0, 36, 168, 147, 40, 1.44%, 0, 0, 3, 3435.94, 945, 874912
1605646096, 0, 36, 170, 149, 40, 1.44%, 0, 0, 3, 3491.79, 945, 958759
1605646111, 0, 36, 174, 153, 40, 1.45%, 0, 0, 3, 3438.49, 948, 1007764
1605646117, 0, 36, 175, 154, 40, 1.45%, 0, 0, 3, 3709.51, 950, 1027328
1605646122, 0, 39, 175, 151, 41, 1.45%, 0, 0, 3, 3977.35, 950, 1047578
1605646127, 0, 43, 175, 150, 40, 1.45%, 0, 0, 3, 3897.87, 950, 1067862
1605646132, 0, 50, 175, 148, 38, 1.45%, 0, 0, 3, 3915.64, 950, 1088101
1605646137, 0, 55, 175, 147, 37, 1.45%, 0, 0, 3, 3962.70, 950, 1108075
1605646142, 0, 56, 175, 146, 36, 1.45%, 0, 0, 3, 3960.42, 950, 1128554
1605646147, 0, 58, 175, 145, 35, 1.45%, 0, 0, 3, 3975.96, 950, 1148899
1605646152, 0, 61, 176, 145, 35, 1.45%, 0, 0, 3, 3880.29, 950, 1169110
1605646158, 0, 62, 176, 144, 34, 1.45%, 0, 0, 3, 3838.34, 950, 1188921
1605646168, 0, 63, 178, 145, 33, 1.45%, 0, 0, 3, 3913.30, 950, 1228497
1605646178, 0, 64, 178, 144, 32, 1.45%, 0, 0, 3, 3712.01, 950, 1267303
1605646188, 0, 64, 179, 145, 32, 1.45%, 0, 0, 3, 3567.07, 950, 1303321
1605646213, 0, 66, 179, 144, 30, 1.45%, 0, 0, 3, 3421.77, 950, 1392731
1605646289, 0, 70, 179, 143, 29, 1.45%, 0, 0, 3, 3116.04, 950, 1636651
1605646375, 0, 94, 179, 142, 28, 1.45%, 0, 0, 3, 2890.27, 950, 1884083
1605646451, 0, 97, 180, 142, 27, 1.45%, 0, 0, 3, 3127.11, 950, 2127428
1605646456, 0, 97, 181, 143, 27, 1.45%, 0, 0, 3, 3224.10, 950, 2143889
1605646527, 0, 98, 182, 143, 27, 1.45%, 0, 0, 3, 3537.35, 952, 2379395
1605646537, 0, 110, 191, 151, 26, 1.52%, 0, 0, 3, 3435.20, 993, 2416392
1605646578, 0, 111, 191, 150, 26, 1.52%, 0, 0, 3, 3290.53, 993, 2550382
1605646653, 0, 114, 191, 149, 25, 1.52%, 0, 0, 3, 3235.08, 993, 2793399
1605646674, 0, 128, 191, 147, 23, 1.52%, 0, 0, 3, 3943.91, 993, 2871933
1605646679, 0, 132, 191, 145, 21, 1.52%, 0, 0, 3, 3959.08, 993, 2892502
1605646684, 0, 145, 191, 140, 16, 1.52%, 0, 0, 3, 4101.00, 993, 2914161
1605646689, 0, 147, 191, 139, 15, 1.52%, 0, 0, 3, 3931.37, 993, 2934410
1605646694, 0, 149, 191, 138, 14, 1.52%, 0, 0, 3, 3874.87, 993, 2954306
1605646705, 0, 150, 191, 137, 13, 1.52%, 0, 0, 3, 3816.55, 993, 2993779
1605646720, 0, 154, 191, 136, 12, 1.52%, 0, 0, 3, 3641.76, 993, 3051572
1605646786, 0, 154, 192, 137, 12, 1.52%, 0, 0, 3, 3206.91, 995, 3252055
1605646802, 0, 160, 227, 170, 11, 1.52%, 0, 0, 4, 2862.53, 997, 3296536
1605646807, 0, 160, 237, 180, 11, 1.58%, 0, 0, 4, 2867.85, 1037, 3311191
1605646812, 0, 160, 244, 187, 11, 1.64%, 0, 0, 4, 3408.91, 1074, 3328876
1605646817, 0, 160, 249, 192, 11, 1.64%, 0, 0, 4, 3465.02, 1074, 3345863
1605646822, 0, 160, 251, 194, 11, 1.64%, 0, 0, 4, 3559.94, 1074, 3363612
1605646827, 0, 160, 253, 196, 11, 1.64%, 0, 0, 4, 3550.66, 1074, 3380868
1605646832, 0, 168, 256, 198, 14, 1.64%, 0, 0, 4, 3603.70, 1074, 3398361
1605646842, 0, 172, 256, 196, 12, 1.64%, 0, 0, 4, 3871.40, 1074, 3437528
1605646847, 0, 174, 256, 195, 11, 1.64%, 0, 0, 4, 3580.76, 1074, 3456445
1605646924, 0, 178, 256, 193, 9, 1.64%, 0, 0, 4, 3349.16, 1074, 3703543
1605646965, 0, 191, 256, 191, 7, 1.64%, 0, 0, 4, 3847.66, 1074, 3851555
1605646970, 0, 210, 256, 190, 6, 1.64%, 0, 0, 4, 3755.30, 1074, 3870736
1605646975, 0, 210, 259, 193, 6, 1.64%, 0, 0, 5, 3602.29, 1074, 3889174
1605646980, 0, 210, 261, 195, 6, 1.64%, 0, 0, 5, 3710.46, 1074, 3908179
1605646985, 0, 210, 262, 196, 6, 1.64%, 0, 0, 5, 3780.58, 1074, 3927360
1605646995, 0, 211, 263, 196, 8, 1.64%, 0, 0, 5, 3655.16, 1074, 3965134
1605647000, 0, 211, 265, 198, 8, 1.64%, 0, 0, 5, 3675.21, 1074, 3983957
1605647011, 0, 211, 266, 199, 8, 1.64%, 0, 0, 5, 3631.76, 1074, 4022090
1605647016, 0, 233, 273, 205, 7, 1.64%, 0, 0, 5, 3559.55, 1074, 4040418
1605647021, 0, 233, 275, 207, 7, 1.64%, 0, 0, 5, 3001.84, 1074, 4054842
1605647026, 0, 233, 277, 209, 7, 1.64%, 0, 0, 5, 3223.45, 1074, 4070958
1605647036, 0, 233, 281, 213, 7, 1.64%, 0, 0, 5, 3640.42, 1074, 4107569
1605647041, 0, 233, 282, 214, 7, 1.64%, 0, 0, 5, 3604.33, 1074, 4125795
1605647046, 0, 247, 284, 215, 10, 1.64%, 0, 0, 5, 3563.16, 1074, 4144061
1605647051, 0, 247, 286, 217, 10, 1.64%, 0, 0, 5, 3695.51, 1074, 4162667
1605647067, 0, 259, 295, 225, 9, 1.64%, 0, 0, 6, 3749.31, 1074, 4220320
1605647072, 0, 259, 297, 227, 9, 1.64%, 0, 0, 6, 3643.02, 1074, 4239167
1605647077, 0, 259, 299, 229, 9, 1.64%, 0, 0, 6, 3768.92, 1074, 4258516
1605647092, 0, 262, 308, 237, 9, 1.64%, 0, 0, 6, 3624.68, 1074, 4314263
1605647097, 0, 262, 309, 238, 9, 1.64%, 0, 0, 6, 3654.44, 1074, 4332867
1605647107, 0, 262, 310, 239, 9, 1.64%, 0, 0, 6, 3760.06, 1074, 4371083
1605647112, 0, 277, 313, 241, 9, 1.64%, 0, 0, 6, 3713.58, 1074, 4389805
1605647117, 0, 277, 314, 242, 9, 1.64%, 0, 0, 6, 3640.71, 1074, 4408428
1605647122, 0, 277, 316, 244, 9, 1.64%, 0, 0, 6, 3714.07, 1074, 4426929
1605647137, 0, 280, 317, 244, 8, 1.64%, 0, 0, 6, 3593.12, 1074, 4483478
1605647148, 0, 280, 320, 247, 8, 1.64%, 0, 0, 6, 3767.35, 1074, 4520894
1605647158, 0, 285, 331, 257, 7, 1.64%, 0, 0, 6, 3675.62, 1074, 4558529
1605647163, 0, 285, 332, 258, 7, 1.64%, 0, 0, 6, 3602.31, 1074, 4576983
1605647168, 0, 285, 334, 260, 7, 1.64%, 0, 0, 6, 3674.66, 1074, 4595821
1605647183, 0, 291, 335, 260, 6, 1.64%, 0, 0, 7, 3605.80, 1074, 4652268
1605647188, 0, 291, 336, 261, 6, 1.64%, 0, 0, 7, 3539.08, 1074, 4670509
1605647193, 0, 291, 337, 262, 6, 1.64%, 0, 0, 7, 3720.92, 1074, 4689511
1605647209, 0, 292, 338, 262, 5, 1.64%, 0, 0, 7, 3636.18, 1074, 4746722
1605647229, 0, 293, 338, 261, 4, 1.64%, 0, 0, 7, 3599.14, 1074, 4822266
1605647254, 0, 303, 341, 263, 4, 1.64%, 0, 0, 7, 3648.67, 1074, 4915433
1605647259, 0, 303, 344, 266, 4, 1.64%, 0, 0, 7, 3731.12, 1074, 4934196
1605647275, 1, 48, 344, 265, 3, 1.64%, 0, 0, 7, 3783.14, 1074, 4992248
1605647280, 1, 96, 345, 265, 3, 1.64%, 0, 0, 7, 3427.19, 1074, 5009769
1605647331, 1, 106, 345, 264, 3, 1.64%, 0, 0, 7, 3193.90, 1074, 5174715
1605647407, 1, 115, 345, 263, 2, 1.64%, 0, 0, 7, 3088.39, 1074, 5418168
1605647483, 1, 119, 345, 262, 1, 1.64%, 0, 0, 7, 3201.34, 1074, 5659296
1605647565, 1, 163, 345, 261, 1, 1.64%, 0, 0, 7, 3123.24, 1074, 5913449
1605647641, 1, 164, 345, 260, 1, 1.64%, 0, 0, 7, 3465.58, 1074, 6157316
1605647651, 1, 190, 345, 259, 1, 1.64%, 0, 0, 7, 3676.85, 1074, 6195403
1605647671, 1, 197, 345, 258, 0, 1.64%, 0, 0, 7, 3491.93, 1074, 6270824
1605647676, 1, 197, 346, 259, 0, 1.64%, 0, 0, 7, 3166.18, 1074, 6286067
1605647702, 1, 198, 346, 258, 0, 1.64%, 0, 0, 7, 3296.28, 1074, 6373068
1605647732, 1, 199, 346, 257, 0, 1.64%, 0, 0, 7, 3227.03, 1074, 6473918
1605647762, 1, 200, 347, 257, 0, 1.64%, 0, 0, 7, 3361.86, 1074, 6573990
1605647797, 1, 202, 349, 258, 0, 1.64%, 0, 0, 7, 2805.40, 1074, 6682625
1605647808, 1, 202, 350, 259, 0, 1.64%, 0, 0, 7, 3225.43, 1074, 6710722
1605647818, 1, 202, 352, 261, 0, 1.64%, 0, 0, 7, 797.53, 1074, 6738112
1605647833, 1, 203, 353, 261, 0, 1.64%, 0, 0, 7, 2514.07, 1074, 6775889
1605647863, 1, 203, 354, 262, 0, 1.64%, 0, 0, 7, 3234.49, 1074, 6863897
1605647869, 1, 207, 354, 261, 0, 1.64%, 0, 0, 7, 3012.13, 1074, 6878068
1605647894, 1, 208, 354, 260, 0, 1.64%, 0, 0, 7, 3666.02, 1074, 6968346
1605647924, 1, 209, 354, 259, 0, 1.64%, 0, 0, 7, 3269.19, 1074, 7067740
1605647954, 1, 214, 354, 258, 0, 1.64%, 0, 0, 7, 3446.58, 1074, 7170382
1605647990, 1, 338, 356, 259, 1, 1.64%, 0, 0, 8, 3481.86, 1078, 7282857
1605648010, 1, 354, 356, 258, 1, 1.64%, 0, 0, 8, 3796.54, 1078, 7358783
1605648020, 1, 356, 357, 258, 1, 1.64%, 0, 0, 8, 3973.90, 1078, 7398498
1605648025, 2, 7, 357, 257, 0, 1.64%, 0, 0, 8, 4035.91, 1078, 7419231
1605648030, 2, 22, 357, 255, 0, 1.64%, 0, 0, 8, 3795.40, 1078, 7439257
1605648102, 2, 28, 357, 254, 0, 1.64%, 0, 0, 8, 3163.69, 1078, 7686373
1605648173, 2, 40, 358, 254, 0, 1.64%, 0, 0, 8, 3093.24, 1078, 7904184
1605648285, 2, 44, 358, 253, 0, 1.64%, 0, 0, 8, 3018.07, 1078, 8157829
1605648296, 2, 45, 358, 252, 0, 1.64%, 0, 0, 8, 3898.09, 1078, 8197639
1605648301, 2, 59, 358, 251, 0, 1.64%, 0, 0, 8, 3865.26, 1078, 8217802
1605648306, 2, 124, 359, 251, 1, 1.65%, 0, 0, 8, 3680.19, 1079, 8236582
1605648382, 2, 358, 359, 250, 1, 1.65%, 0, 0, 8, 3068.50, 1079, 8477538
1605648474, 2, 359, 362, 252, 1, 1.65%, 0, 0, 8, 3059.59, 1080, 8738343
1605648536, 2, 359, 363, 253, 1, 1.65%, 0, 0, 8, 3174.25, 1080, 8937222
1605648674, 2, 359, 366, 256, 1, 1.65%, 0, 0, 8, 3341.25, 1080, 9389802
1605648684, 2, 361, 366, 255, 1, 1.65%, 0, 0, 8, 3478.54, 1080, 9423903
1605648746, 2, 365, 366, 254, 0, 1.65%, 0, 0, 8, 2992.79, 1080, 9640881
1605649549, 2, 365, 368, 256, 0, 1.65%, 0, 0, 8, 2850.74, 1080, 11717207
1605649554, 2, 365, 369, 257, 0, 1.65%, 0, 0, 8, 2589.17, 1080, 11729911
1605649565, 3, 27, 369, 256, 0, 1.65%, 0, 0, 8, 2952.32, 1080, 11758190
1605649641, 3, 38, 369, 255, 0, 1.65%, 0, 0, 8, 3029.77, 1080, 11997142
1605649646, 3, 47, 369, 254, 0, 1.65%, 0, 0, 8, 3780.04, 1080, 12017181
1605649651, 3, 65, 370, 254, 0, 1.65%, 0, 0, 8, 3490.91, 1082, 12035318
1605649723, 3, 130, 370, 253, 1, 1.65%, 0, 0, 8, 3229.25, 1082, 12266525
1605649753, 3, 169, 370, 251, 1, 1.65%, 0, 0, 8, 3780.47, 1082, 12370983
1605649830, 3, 195, 370, 250, 1, 1.65%, 0, 0, 8, 3191.30, 1082, 12617332
1605649860, 3, 324, 371, 250, 1, 1.65%, 0, 0, 8, 3472.89, 1082, 12721916
1605649871, 3, 324, 373, 252, 1, 1.65%, 0, 0, 8, 3551.42, 1082, 12757898
1605649886, 3, 328, 377, 255, 1, 1.65%, 0, 0, 8, 2784.74, 1082, 12809603
1605649896, 3, 328, 378, 256, 1, 1.65%, 0, 0, 8, 2125.78, 1082, 12831129
1605649932, 3, 369, 378, 255, 1, 1.65%, 0, 0, 8, 2865.25, 1082, 12916860
1605650008, 3, 376, 378, 254, 0, 1.65%, 0, 0, 8, 2428.77, 1082, 13155982
1605650054, 4, 19, 378, 253, 0, 1.65%, 0, 0, 8, 2597.00, 1082, 13256045
1605650125, 4, 20, 378, 252, 0, 1.65%, 0, 0, 8, 3432.61, 1082, 13499311
1605650197, 4, 24, 378, 251, 0, 1.65%, 0, 0, 8, 3383.12, 1082, 13743665
1605650274, 4, 53, 378, 250, 0, 1.65%, 0, 0, 8, 3711.20, 1082, 14000252
1605650279, 4, 69, 378, 249, 0, 1.65%, 0, 0, 8, 3701.48, 1082, 14019572
1605650294, 4, 72, 378, 248, 0, 1.65%, 0, 0, 8, 3371.15, 1082, 14076442
1605650380, 4, 73, 378, 247, 0, 1.65%, 0, 0, 8, 2755.02, 1082, 14319462
1605650462, 4, 81, 378, 246, 0, 1.65%, 0, 0, 8, 3105.36, 1082, 14566257
1605650488, 4, 84, 378, 245, 0, 1.65%, 0, 0, 8, 3530.34, 1082, 14660164
1605650569, 4, 85, 378, 244, 0, 1.65%, 0, 0, 8, 3191.83, 1082, 14912203
1605650645, 4, 90, 378, 243, 0, 1.65%, 0, 0, 8, 3097.50, 1082, 15155483
1605650726, 4, 100, 378, 242, 0, 1.65%, 0, 0, 8, 3103.29, 1082, 15407636
1605650797, 4, 104, 378, 241, 0, 1.65%, 0, 0, 8, 3417.32, 1082, 15636334
1605650817, 4, 112, 378, 240, 0, 1.65%, 0, 0, 8, 3356.02, 1082, 15709927
1605650893, 4, 117, 378, 239, 0, 1.65%, 0, 0, 8, 3159.95, 1082, 15950619
1605650970, 4, 123, 378, 238, 0, 1.65%, 0, 0, 8, 3092.88, 1082, 16190853
1605651051, 4, 126, 378, 237, 0, 1.65%, 0, 0, 8, 3034.12, 1082, 16447452
1605651076, 4, 127, 378, 236, 0, 1.65%, 0, 0, 8, 3255.95, 1082, 16534636
1605651122, 4, 134, 378, 235, 0, 1.65%, 0, 0, 8, 3265.52, 1082, 16683357
1605651204, 4, 135, 378, 234, 0, 1.65%, 0, 0, 8, 3063.37, 1082, 16930438
1605651285, 4, 153, 378, 233, 0, 1.65%, 0, 0, 8, 3252.82, 1082, 17185393
1605651362, 4, 165, 378, 232, 0, 1.65%, 0, 0, 8, 3460.96, 1082, 17428151
1605651372, 4, 166, 378, 231, 0, 1.65%, 0, 0, 8, 3777.30, 1082, 17466535
1605651382, 4, 171, 378, 230, 0, 1.65%, 0, 0, 8, 3575.14, 1082, 17505172
1605651433, 4, 173, 378, 229, 0, 1.65%, 0, 0, 8, 3618.98, 1082, 17667406
1605651438, 4, 177, 378, 228, 0, 1.65%, 0, 0, 8, 3809.23, 1082, 17686876
1605651443, 4, 182, 378, 227, 0, 1.65%, 0, 0, 8, 3844.48, 1082, 17706971
1605651453, 4, 183, 378, 226, 0, 1.65%, 0, 0, 8, 3802.53, 1082, 17745995
1605651525, 4, 188, 378, 225, 0, 1.65%, 0, 0, 8, 3125.89, 1082, 17994075
1605651591, 4, 189, 382, 228, 0, 1.65%, 0, 0, 8, 2553.04, 1082, 18175403
1605651606, 4, 189, 384, 230, 0, 1.65%, 0, 0, 8, 3101.38, 1082, 18215608
1605651642, 4, 201, 384, 229, 0, 1.65%, 0, 0, 8, 2548.68, 1082, 18309423
1605651677, 4, 216, 384, 228, 0, 1.65%, 0, 0, 8, 3151.33, 1082, 18424172
1605651703, 4, 225, 384, 227, 0, 1.65%, 0, 0, 8, 2996.16, 1082, 18511260
1605651733, 4, 226, 384, 226, 0, 1.65%, 0, 0, 8, 3045.87, 1082, 18607876
1605651763, 4, 231, 384, 225, 0, 1.65%, 0, 0, 8, 3068.64, 1082, 18709107
1605651794, 4, 241, 384, 224, 0, 1.65%, 0, 0, 8, 3083.25, 1082, 18810353
1605651824, 4, 246, 384, 223, 0, 1.65%, 0, 0, 8, 3283.60, 1082, 18912472
1605651849, 4, 248, 384, 222, 0, 1.65%, 0, 0, 8, 3380.89, 1082, 19000936
1605651875, 4, 252, 384, 221, 0, 1.65%, 0, 0, 8, 3491.90, 1082, 19091382
1605651900, 4, 264, 384, 220, 0, 1.65%, 0, 0, 8, 3638.09, 1082, 19183754
1605651921, 4, 267, 384, 219, 0, 1.65%, 0, 0, 8, 3701.10, 1082, 19260190
1605651961, 4, 269, 384, 218, 0, 1.65%, 0, 0, 8, 2560.76, 1082, 19369282
1605651992, 4, 270, 384, 217, 0, 1.65%, 0, 0, 8, 3051.39, 1082, 19459704
1605652027, 4, 274, 384, 216, 0, 1.65%, 0, 0, 8, 3013.12, 1082, 19566289
1605652037, 4, 274, 385, 217, 0, 1.65%, 0, 0, 8, 3322.41, 1082, 19597903
1605652053, 4, 276, 387, 218, 0, 1.65%, 0, 0, 8, 3456.29, 1082, 19652357
1605652063, 4, 276, 388, 219, 0, 1.65%, 0, 0, 8, 3228.06, 1082, 19682509
1605652083, 4, 282, 388, 218, 0, 1.65%, 0, 0, 8, 3437.98, 1082, 19754595
1605652103, 4, 289, 388, 217, 0, 1.65%, 0, 0, 8, 3765.95, 1082, 19830068
1605652129, 4, 294, 388, 216, 0, 1.65%, 0, 0, 8, 3570.83, 1082, 19922828
1605652154, 4, 295, 388, 215, 0, 1.65%, 0, 0, 8, 3656.97, 1082, 20017996
1605652175, 4, 298, 389, 215, 0, 1.65%, 0, 0, 8, 3612.13, 1082, 20092081
1605652200, 4, 300, 389, 214, 0, 1.65%, 0, 0, 8, 3557.34, 1082, 20184140
1605652220, 4, 304, 389, 213, 0, 1.65%, 0, 0, 8, 3653.71, 1082, 20259209
1605652246, 4, 309, 389, 212, 0, 1.65%, 0, 0, 8, 3507.01, 1082, 20353390
1605652271, 4, 313, 389, 211, 0, 1.65%, 0, 0, 8, 3556.90, 1082, 20445088
1605652291, 4, 320, 389, 210, 0, 1.65%, 0, 0, 8, 3572.12, 1082, 20519796
1605652322, 4, 321, 389, 209, 0, 1.65%, 0, 0, 8, 3272.44, 1082, 20615382
1605652352, 4, 323, 389, 208, 0, 1.65%, 0, 0, 8, 3405.20, 1082, 20712627
1605652378, 4, 325, 389, 207, 0, 1.65%, 0, 0, 8, 3636.30, 1082, 20804876
1605652403, 4, 330, 389, 206, 0, 1.65%, 0, 0, 8, 3344.80, 1082, 20896865
1605652408, 4, 330, 391, 208, 0, 1.65%, 0, 0, 8, 3471.54, 1082, 20914049
1605652423, 4, 336, 392, 208, 0, 1.65%, 0, 0, 8, 3706.34, 1082, 20971480
1605652449, 4, 339, 392, 207, 0, 1.65%, 0, 0, 8, 3696.13, 1082, 21066747
1605652469, 4, 345, 392, 206, 0, 1.65%, 0, 0, 8, 3650.27, 1082, 21141546
1605652504, 4, 392, 395, 208, 1, 1.66%, 0, 0, 8, 3193.72, 1086, 21256364
1605652535, 4, 392, 397, 210, 1, 1.66%, 0, 0, 8, 3470.02, 1086, 21359106
1605652540, 4, 396, 397, 209, 1, 1.66%, 0, 0, 8, 3710.28, 1086, 21378338
1605652545, 4, 396, 398, 210, 1, 1.66%, 0, 0, 8, 3841.02, 1086, 21398047
1605652555, 4, 398, 399, 210, 1, 1.68%, 0, 0, 8, 3972.40, 1102, 21438531
1605652565, 5, 31, 399, 209, 0, 1.68%, 0, 0, 8, 3931.76, 1102, 21478725
1605652641, 5, 38, 399, 208, 0, 1.68%, 0, 0, 8, 3233.61, 1102, 21721931
1605652646, 5, 76, 399, 207, 0, 1.68%, 0, 0, 8, 3631.84, 1102, 21741258
1605652671, 5, 78, 399, 206, 0, 1.68%, 0, 0, 8, 3263.24, 1102, 21832516
1605652753, 5, 79, 399, 205, 0, 1.68%, 0, 0, 8, 2933.37, 1102, 22075305
1605652840, 5, 99, 399, 204, 0, 1.68%, 0, 0, 8, 3553.82, 1102, 22333453
1605652860, 5, 102, 399, 203, 0, 1.68%, 0, 0, 8, 3207.12, 1102, 22405313
1605652941, 5, 116, 399, 202, 0, 1.68%, 0, 0, 8, 3029.70, 1102, 22650683
1605653018, 5, 136, 399, 201, 0, 1.68%, 0, 0, 8, 3239.83, 1102, 22893657
1605653099, 5, 139, 399, 200, 0, 1.68%, 0, 0, 8, 3071.11, 1102, 23148424
1605653176, 5, 151, 399, 199, 0, 1.68%, 0, 0, 8, 3005.32, 1102, 23389554
1605653262, 5, 176, 399, 198, 0, 1.68%, 0, 0, 8, 3630.13, 1102, 23648119
1605653272, 5, 196, 399, 197, 0, 1.68%, 0, 0, 8, 3278.03, 1102, 23683335
1605653303, 5, 217, 399, 196, 0, 1.68%, 0, 0, 8, 3013.78, 1102, 23784577
1605653333, 5, 218, 399, 195, 0, 1.68%, 0, 0, 8, 3167.40, 1102, 23885324
1605653359, 5, 223, 399, 194, 0, 1.68%, 0, 0, 8, 3180.18, 1102, 23972281
1605653389, 5, 224, 399, 193, 0, 1.68%, 0, 0, 8, 3057.60, 1102, 24072983
1605653414, 5, 228, 399, 192, 0, 1.68%, 0, 0, 8, 3447.08, 1102, 24157563
1605653445, 5, 229, 399, 191, 0, 1.68%, 0, 0, 8, 3237.44, 1102, 24260688
1605653470, 5, 230, 399, 190, 0, 1.68%, 0, 0, 8, 3309.33, 1102, 24349906
1605653495, 5, 234, 399, 189, 0, 1.68%, 0, 0, 8, 3286.57, 1102, 24437720
1605653526, 5, 244, 399, 188, 0, 1.68%, 0, 0, 8, 3396.14, 1102, 24541537
1605653546, 5, 251, 399, 187, 0, 1.68%, 0, 0, 8, 3707.65, 1102, 24616050
1605653571, 5, 258, 399, 186, 0, 1.68%, 0, 0, 8, 3692.16, 1102, 24710344
1605653592, 5, 260, 399, 185, 0, 1.68%, 0, 0, 8, 3653.65, 1102, 24786309
1605653617, 5, 273, 399, 184, 0, 1.68%, 0, 0, 8, 3277.31, 1102, 24878329
1605653643, 5, 278, 399, 183, 0, 1.68%, 0, 0, 8, 3472.20, 1102, 24967481
1605653668, 5, 281, 399, 182, 0, 1.68%, 0, 0, 8, 3541.00, 1102, 25057157
1605653693, 5, 283, 399, 181, 0, 1.68%, 0, 0, 8, 3477.41, 1102, 25148413
1605653713, 5, 297, 399, 180, 0, 1.68%, 0, 0, 8, 3734.07, 1102, 25223448
1605653739, 5, 306, 399, 179, 0, 1.68%, 0, 0, 8, 3655.23, 1102, 25316627
1605653764, 5, 310, 399, 178, 0, 1.68%, 0, 0, 8, 3515.46, 1102, 25408644
1605653790, 5, 312, 399, 177, 0, 1.68%, 0, 0, 8, 3622.80, 1102, 25501685
1605653810, 5, 314, 399, 176, 0, 1.68%, 0, 0, 8, 3742.81, 1102, 25577785
1605653835, 5, 319, 399, 175, 0, 1.68%, 0, 0, 8, 3654.90, 1102, 25672483
1605653856, 5, 326, 399, 174, 0, 1.68%, 0, 0, 8, 3750.51, 1102, 25747328
1605653881, 5, 329, 399, 173, 0, 1.68%, 0, 0, 8, 3380.15, 1102, 25839167
1605653906, 5, 333, 399, 172, 0, 1.68%, 0, 0, 8, 3646.57, 1102, 25929415
1605653927, 5, 334, 399, 171, 0, 1.68%, 0, 0, 8, 3752.51, 1102, 26004206
1605653952, 5, 335, 399, 170, 0, 1.68%, 0, 0, 8, 3554.26, 1102, 26097147
1605653978, 5, 340, 399, 169, 0, 1.68%, 0, 0, 8, 3652.18, 1102, 26190866
1605653998, 5, 348, 399, 168, 0, 1.68%, 0, 0, 8, 509.85, 1102, 26262326
1605654445, 5, 366, 399, 167, 0, 1.68%, 0, 0, 8, 2523.35, 1102, 26515417
1605655348, 5, 367, 399, 166, 0, 1.68%, 0, 0, 8, 2489.16, 1102, 28803028
1605656747, 5, 370, 399, 165, 0, 1.68%, 0, 0, 8, 2636.56, 1102, 31913401
1605656782, 5, 371, 399, 164, 0, 1.68%, 0, 0, 8, 3430.22, 1102, 32023270
1605656807, 5, 373, 399, 163, 0, 1.68%, 0, 0, 8, 2238.35, 1102, 32107531
1605656863, 5, 375, 399, 162, 0, 1.68%, 0, 0, 8, 1822.45, 1102, 32208718
1605656914, 5, 377, 399, 161, 0, 1.68%, 0, 0, 8, 2555.20, 1102, 32317043
1605656940, 5, 380, 399, 160, 0, 1.68%, 0, 0, 8, 3129.62, 1102, 32397560
1605657144, 5, 387, 399, 159, 0, 1.68%, 0, 0, 8, 2400.14, 1102, 32658027
1605657175, 5, 396, 399, 158, 0, 1.68%, 0, 0, 8, 3282.90, 1102, 32752305
1605657180, 6, 23, 399, 158, 0, 1.68%, 0, 0, 8, 3458.16, 1102, 32770318
1605657252, 6, 25, 399, 157, 0, 1.68%, 0, 0, 8, 3227.53, 1102, 33012937
1605657328, 6, 52, 399, 155, 0, 1.68%, 0, 0, 8, 3808.90, 1102, 33267992
1605657333, 6, 74, 399, 154, 0, 1.68%, 0, 0, 8, 3805.63, 1102, 33287424
1605657409, 6, 75, 399, 153, 0, 1.68%, 0, 0, 8, 3250.85, 1102, 33533309
1605657495, 6, 77, 399, 152, 0, 1.68%, 0, 0, 8, 2831.29, 1102, 33778339
1605657581, 6, 83, 399, 151, 0, 1.68%, 0, 0, 8, 2893.20, 1102, 34030192
1605657668, 6, 113, 399, 150, 0, 1.68%, 0, 0, 8, 3238.19, 1102, 34285746
1605657744, 6, 121, 399, 149, 0, 1.68%, 0, 0, 8, 3187.49, 1102, 34532146
1605657820, 6, 133, 399, 148, 0, 1.68%, 0, 0, 8, 3218.06, 1102, 34770715
1605657907, 6, 157, 399, 147, 0, 1.68%, 0, 0, 8, 2879.25, 1102, 35024425
1605657947, 6, 162, 399, 146, 0, 1.68%, 0, 0, 8, 2857.50, 1102, 35142414
1605658049, 6, 167, 399, 145, 0, 1.68%, 0, 0, 8, 2749.92, 1102, 35394539
1605658080, 6, 180, 399, 144, 0, 1.68%, 0, 0, 8, 3436.95, 1102, 35499356
1605658156, 6, 186, 399, 143, 0, 1.68%, 0, 0, 8, 3311.26, 1102, 35747324
1605658228, 6, 187, 399, 142, 0, 1.68%, 0, 0, 8, 3244.30, 1102, 35989603
1605658304, 6, 206, 399, 141, 0, 1.68%, 0, 0, 8, 3173.07, 1102, 36241269
1605658340, 6, 219, 399, 140, 0, 1.68%, 0, 0, 8, 3183.81, 1102, 36353022
1605658366, 6, 221, 399, 139, 0, 1.68%, 0, 0, 8, 3177.15, 1102, 36441350
1605658396, 6, 222, 399, 138, 0, 1.68%, 0, 0, 8, 3155.88, 1102, 36542864
1605658426, 6, 236, 399, 137, 0, 1.68%, 0, 0, 8, 3087.62, 1102, 36643199
1605658451, 6, 239, 399, 136, 0, 1.68%, 0, 0, 8, 3471.24, 1102, 36729991
1605658482, 6, 240, 399, 135, 0, 1.68%, 0, 0, 8, 3309.70, 1102, 36828467
1605658512, 6, 255, 399, 134, 0, 1.68%, 0, 0, 8, 3438.69, 1102, 36930455
1605658548, 6, 263, 399, 133, 0, 1.68%, 0, 0, 8, 3520.88, 1102, 37046135
1605658568, 6, 265, 399, 132, 0, 1.68%, 0, 0, 8, 3758.23, 1102, 37122521
1605658593, 6, 399, 400, 132, 1, 1.68%, 0, 0, 8, 3648.17, 1103, 37216736
1605658675, 7, 49, 400, 130, 0, 1.68%, 0, 0, 8, 3920.12, 1103, 37505384
1605658680, 7, 51, 400, 129, 0, 1.68%, 0, 0, 8, 3884.53, 1103, 37525566
1605658691, 7, 68, 400, 128, 0, 1.68%, 0, 0, 8, 3929.61, 1103, 37566091
1605658701, 7, 95, 400, 127, 0, 1.68%, 0, 0, 8, 3763.41, 1103, 37604937
1605658777, 7, 106, 400, 126, 0, 1.68%, 0, 0, 8, 3334.38, 1103, 37850738
1605658782, 7, 148, 400, 126, 0, 1.68%, 0, 0, 8, 3758.31, 1103, 37870973
1605658787, 7, 152, 400, 125, 0, 1.68%, 0, 0, 8, 3868.44, 1103, 37890689
1605658868, 7, 156, 400, 124, 0, 1.68%, 0, 0, 8, 2204.73, 1103, 38145224
1605658986, 7, 158, 400, 123, 0, 1.68%, 0, 0, 8, 2525.44, 1103, 38387948
1605659011, 7, 159, 400, 122, 0, 1.68%, 0, 0, 8, 3578.96, 1103, 38481568
1605659042, 7, 161, 400, 121, 0, 1.68%, 0, 0, 8, 3630.75, 1103, 38586864
1605659047, 7, 184, 400, 120, 0, 1.68%, 0, 0, 8, 3545.52, 1103, 38605010
1605659118, 7, 194, 400, 119, 0, 1.68%, 0, 0, 8, 3359.79, 1103, 38852859
1605659143, 7, 210, 400, 118, 0, 1.68%, 0, 0, 8, 3557.20, 1103, 38941859
1605659149, 7, 212, 400, 118, 0, 1.68%, 0, 0, 8, 3504.66, 1103, 38960088
1605659169, 7, 227, 402, 119, 0, 1.68%, 0, 0, 8, 3433.56, 1103, 39034728
1605659205, 7, 242, 402, 118, 0, 1.68%, 0, 0, 8, 2797.60, 1103, 39145254
1605659235, 7, 257, 402, 117, 0, 1.68%, 0, 0, 8, 3413.46, 1103, 39242313
1605659260, 7, 275, 402, 116, 0, 1.68%, 0, 0, 8, 3098.38, 1103, 39334226
1605659286, 7, 279, 402, 115, 0, 1.68%, 0, 0, 8, 3466.33, 1103, 39421101
1605659311, 7, 290, 402, 114, 0, 1.68%, 0, 0, 8, 3622.85, 1103, 39514746
1605659332, 7, 292, 402, 113, 0, 1.68%, 0, 0, 8, 3815.22, 1103, 39591016
1605659337, 7, 299, 402, 113, 0, 1.68%, 0, 0, 8, 3685.07, 1103, 39609304
1605659357, 7, 343, 403, 113, 0, 1.68%, 0, 0, 8, 3652.33, 1103, 39685663
1605659382, 7, 351, 403, 112, 0, 1.68%, 0, 0, 8, 521.75, 1103, 39772071
1605659795, 7, 364, 403, 111, 0, 1.68%, 0, 0, 8, 2789.21, 1103, 40019525
1605660404, 7, 372, 403, 110, 0, 1.68%, 0, 0, 8, 3266.04, 1103, 41699367
1605660430, 7, 372, 404, 111, 0, 1.68%, 0, 0, 8, 3680.41, 1104, 41790448
1605660435, 7, 403, 407, 113, 1, 1.68%, 0, 0, 9, 3593.31, 1104, 41808456
1605660455, 7, 403, 410, 116, 1, 1.68%, 0, 0, 9, 3864.00, 1104, 41885555
1605660460, 7, 408, 410, 115, 1, 1.68%, 0, 0, 9, 3820.31, 1104, 41904829
1605660485, 7, 408, 411, 116, 1, 1.68%, 0, 0, 10, 3839.96, 1104, 42000770
1605660490, 7, 409, 411, 115, 0, 1.68%, 0, 0, 10, 3662.24, 1104, 42019449
1605660516, 7, 409, 412, 116, 0, 1.68%, 0, 0, 10, 3804.57, 1104, 42112735
1605660521, 8, 29, 412, 115, 0, 1.68%, 0, 0, 10, 3899.79, 1104, 42132607
1605660526, 8, 57, 412, 114, 0, 1.68%, 0, 0, 10, 3877.98, 1104, 42152749
1605660536, 8, 80, 412, 113, 0, 1.68%, 0, 0, 10, 3302.04, 1104, 42189210
1605660622, 8, 87, 412, 112, 0, 1.68%, 0, 0, 10, 2909.31, 1104, 42441012
1605660704, 8, 93, 412, 111, 0, 1.68%, 0, 0, 10, 2944.64, 1104, 42684828
1605660780, 8, 101, 412, 110, 0, 1.68%, 0, 0, 10, 3268.65, 1104, 42927524
1605660856, 8, 108, 412, 109, 0, 1.68%, 0, 0, 10, 3247.42, 1104, 43171666
1605660937, 8, 122, 412, 108, 0, 1.68%, 0, 0, 10, 3161.65, 1104, 43425283
1605661019, 8, 140, 412, 107, 0, 1.68%, 0, 0, 10, 3126.97, 1104, 43680695
1605661095, 8, 162, 412, 106, 0, 1.68%, 0, 0, 10, 3384.16, 1104, 43919637
1605661100, 8, 193, 412, 106, 0, 1.68%, 0, 0, 10, 3478.53, 1104, 43937657
1605661131, 8, 245, 412, 105, 0, 1.68%, 0, 0, 10, 3546.57, 1104, 44044984
1605661151, 8, 254, 412, 104, 0, 1.68%, 0, 0, 10, 3761.86, 1104, 44120312
1605661181, 8, 268, 412, 103, 0, 1.68%, 0, 0, 10, 2682.85, 1104, 44222948
1605661217, 8, 272, 412, 102, 0, 1.68%, 0, 0, 10, 3396.82, 1104, 44328650
1605661238, 8, 286, 412, 101, 0, 1.68%, 0, 0, 10, 3780.53, 1104, 44404665
1605661263, 8, 302, 412, 100, 0, 1.68%, 0, 0, 10, 3738.45, 1104, 44499193
1605661288, 8, 307, 412, 99, 0, 1.68%, 0, 0, 10, 3687.71, 1104, 44593503
1605661309, 8, 308, 412, 98, 0, 1.68%, 0, 0, 10, 3753.02, 1104, 44669972
1605661334, 8, 317, 412, 97, 0, 1.68%, 0, 0, 10, 3477.34, 1104, 44762905
1605661360, 8, 331, 412, 96, 0, 1.68%, 0, 0, 10, 3644.45, 1104, 44853678
1605661385, 8, 332, 412, 95, 0, 1.68%, 0, 0, 10, 3626.39, 1104, 44947784
1605661405, 8, 344, 412, 94, 0, 1.68%, 0, 0, 10, 3475.09, 1104, 45023157
1605661471, 8, 350, 412, 93, 0, 1.68%, 0, 0, 10, 2479.08, 1104, 45190354
1605661843, 8, 352, 412, 92, 0, 1.68%, 0, 0, 10, 2652.59, 1104, 45437277
1605662139, 8, 362, 412, 91, 0, 1.68%, 0, 0, 10, 2475.28, 1104, 45691665
1605662328, 8, 368, 412, 90, 0, 1.68%, 0, 0, 10, 3244.12, 1104, 46321398
1605663872, 8, 388, 413, 90, 0, 1.68%, 0, 0, 10, 2810.24, 1104, 49646959
1605663897, 8, 389, 413, 89, 0, 1.68%, 0, 0, 10, 3784.90, 1104, 49739991
1605663928, 8, 397, 413, 88, 0, 1.68%, 0, 0, 10, 3838.21, 1104, 49851926
1605663943, 8, 404, 413, 87, 0, 1.68%, 0, 0, 10, 3832.07, 1104, 49910387
1605663974, 8, 406, 413, 86, 0, 1.68%, 0, 0, 10, 3843.33, 1104, 50027203
1605663984, 8, 406, 414, 87, 0, 1.68%, 0, 0, 10, 3846.67, 1104, 50066076
1605663989, 9, 6, 414, 86, 0, 1.68%, 0, 0, 10, 3966.90, 1104, 50086377
1605663994, 9, 21, 414, 86, 0, 1.68%, 0, 0, 10, 3614.92, 1104, 50104410
1605664065, 9, 67, 414, 85, 0, 1.68%, 0, 0, 10, 3754.80, 1104, 50354015
1605664081, 9, 82, 414, 84, 0, 1.68%, 0, 0, 10, 3606.57, 1104, 50412137
1605664162, 9, 88, 414, 83, 0, 1.68%, 0, 0, 10, 3006.79, 1104, 50662313
1605664242, 9, 91, 414, 82, 0, 1.68%, 0, 0, 10, 2771.63, 1104, 50900814
1605664324, 9, 120, 414, 81, 0, 1.68%, 0, 0, 10, 3273.63, 1104, 51160822
1605664406, 9, 138, 414, 80, 0, 1.68%, 0, 0, 10, 3020.86, 1104, 51414238
1605664487, 9, 178, 415, 80, 0, 1.68%, 0, 0, 10, 3325.96, 1104, 51656165
1605664492, 9, 185, 415, 80, 0, 1.68%, 0, 0, 10, 3404.82, 1104, 51673950
1605664564, 9, 213, 415, 79, 0, 1.68%, 0, 0, 10, 3404.50, 1104, 51920179
1605664590, 9, 215, 415, 78, 0, 1.68%, 0, 0, 10, 3295.72, 1104, 52010331
1605664615, 9, 220, 415, 77, 0, 1.68%, 0, 0, 10, 3224.15, 1104, 52100017
1605664640, 9, 243, 415, 76, 0, 1.68%, 0, 0, 10, 3495.42, 1104, 52186416
1605664676, 9, 250, 415, 75, 0, 1.68%, 0, 0, 10, 3448.59, 1104, 52299069
1605664696, 9, 271, 415, 74, 0, 1.68%, 0, 0, 10, 3740.98, 1104, 52374974
1605664721, 9, 296, 415, 73, 0, 1.68%, 0, 0, 10, 3786.86, 1104, 52467936
1605664747, 9, 337, 415, 72, 0, 1.68%, 0, 0, 10, 3615.58, 1104, 52563134
1605664772, 9, 341, 415, 71, 0, 1.68%, 0, 0, 10, 3626.47, 1104, 52657445
1605664793, 9, 355, 415, 70, 0, 1.68%, 0, 0, 10, 3735.63, 1104, 52733909
1605664818, 9, 381, 415, 69, 0, 1.68%, 0, 0, 10, 3719.04, 1104, 52830198
1605664859, 9, 385, 415, 68, 0, 1.68%, 0, 0, 10, 2757.41, 1104, 52955488
1605664900, 9, 386, 415, 67, 0, 1.68%, 0, 0, 10, 2467.57, 1104, 53063960
1605664941, 9, 390, 415, 66, 0, 1.68%, 0, 0, 10, 3152.98, 1104, 53177765
1605664966, 9, 393, 415, 65, 0, 1.68%, 0, 0, 10, 3752.69, 1104, 53269564
1605664981, 9, 395, 415, 64, 0, 1.68%, 0, 0, 10, 3850.23, 1104, 53328189
1605664992, 9, 415, 416, 64, 1, 1.69%, 0, 0, 10, 3967.12, 1105, 53368179
1605665002, 9, 415, 417, 65, 1, 1.69%, 0, 0, 10, 3908.21, 1105, 53407804
1605665007, 9, 416, 417, 64, 0, 1.69%, 0, 0, 10, 3990.54, 1105, 53428215
1605665022, 10, 62, 417, 63, 0, 1.69%, 0, 0, 10, 4038.98, 1105, 53488978
1605665027, 10, 105, 417, 63, 0, 1.69%, 0, 0, 10, 3592.85, 1105, 53506755
1605665078, 10, 210, 417, 62, 0, 1.69%, 0, 0, 10, 3791.49, 1105, 53683816
1605665083, 10, 237, 417, 62, 0, 1.69%, 0, 0, 10, 3407.58, 1105, 53700741
1605665109, 10, 238, 417, 61, 0, 1.69%, 0, 0, 10, 3524.60, 1105, 53790021
1605665144, 10, 253, 417, 60, 0, 1.69%, 0, 0, 10, 3353.19, 1105, 53904838
1605665164, 10, 261, 417, 59, 0, 1.69%, 0, 0, 10, 3725.17, 1105, 53979975
1605665190, 10, 287, 417, 58, 0, 1.69%, 0, 0, 10, 3749.89, 1105, 54074365
1605665215, 10, 288, 417, 57, 0, 1.69%, 0, 0, 10, 3655.99, 1105, 54170200
1605665235, 10, 315, 417, 56, 0, 1.69%, 0, 0, 10, 3798.28, 1105, 54246165
1605665261, 10, 316, 417, 55, 0, 1.69%, 0, 0, 10, 3683.20, 1105, 54339977
1605665286, 10, 357, 417, 54, 0, 1.69%, 0, 0, 10, 2294.11, 1105, 54428005
1605665444, 10, 383, 417, 53, 0, 1.69%, 0, 0, 10, 2096.76, 1105, 54672580
1605665495, 10, 398, 417, 52, 0, 1.69%, 0, 0, 10, 3370.76, 1105, 54813497
1605665500, 10, 401, 417, 52, 0, 1.69%, 0, 0, 10, 3074.02, 1105, 54829030
1605665530, 10, 415, 417, 51, 0, 1.69%, 0, 0, 10, 3819.79, 1105, 54933736
1605665535, 11, 128, 418, 52, 0, 1.69%, 0, 0, 10, 3878.48, 1105, 54953755
1605665540, 11, 137, 418, 51, 0, 1.69%, 0, 0, 10, 3650.72, 1105, 54972421
1605665591, 11, 192, 418, 50, 0, 1.69%, 0, 0, 10, 3590.79, 1105, 55148758
1605665617, 11, 210, 418, 49, 0, 1.69%, 0, 0, 10, 3503.54, 1105, 55240460
1605665622, 11, 232, 418, 49, 0, 1.69%, 0, 0, 10, 3186.61, 1105, 55256320
1605665647, 11, 235, 418, 48, 0, 1.69%, 0, 0, 10, 3478.13, 1105, 55344007
1605665673, 11, 256, 418, 47, 0, 1.69%, 0, 0, 10, 3686.81, 1105, 55433393
1605665698, 11, 266, 418, 46, 0, 1.69%, 0, 0, 10, 3549.32, 1105, 55528078
1605665729, 11, 342, 418, 45, 0, 1.69%, 0, 0, 10, 3615.23, 1105, 55635515
1605665754, 11, 346, 418, 44, 0, 1.69%, 0, 0, 10, 3766.27, 1105, 55730089
1605665759, 11, 349, 418, 43, 0, 1.69%, 0, 0, 10, 2775.62, 1105, 55744694
1605665805, 11, 363, 418, 42, 0, 1.69%, 0, 0, 10, 2904.54, 1105, 55853938
1605666075, 11, 378, 418, 41, 0, 1.69%, 0, 0, 10, 1761.12, 1105, 56708229
1605666370, 11, 379, 418, 40, 0, 1.69%, 0, 0, 10, 1029.46, 1105, 56956810
1605666625, 11, 410, 418, 39, 0, 1.69%, 0, 0, 10, 2894.36, 1105, 57210281
1605666645, 11, 410, 419, 40, 0, 1.69%, 0, 0, 11, 3924.95, 1105, 57287632
1605666650, 11, 417, 419, 39, 0, 1.69%, 0, 0, 11, 3906.26, 1105, 57307245
1605666671, 12, 86, 420, 39, 0, 1.69%, 0, 0, 11, 3649.97, 1105, 57385365
1605666753, 12, 106, 420, 38, 0, 1.69%, 0, 0, 11, 2936.60, 1105, 57629875
1605666758, 12, 109, 420, 38, 0, 1.69%, 0, 0, 11, 3105.97, 1105, 57646434
1605666834, 12, 205, 420, 37, 0, 1.69%, 0, 0, 11, 3586.06, 1105, 57892110
1605666870, 12, 249, 420, 36, 0, 1.69%, 0, 0, 11, 3349.68, 1105, 58002245
1605666895, 12, 318, 420, 35, 0, 1.69%, 0, 0, 11, 3755.21, 1105, 58096425
1605666921, 12, 322, 420, 34, 0, 1.69%, 0, 0, 11, 3486.73, 1105, 58188953
1605666946, 12, 384, 421, 34, 0, 1.69%, 0, 0, 11, 3515.64, 1105, 58279879
1605666982, 12, 400, 421, 33, 0, 1.69%, 0, 0, 11, 3282.06, 1105, 58396391
1605667012, 12, 402, 421, 32, 0, 1.69%, 0, 0, 11, 3395.24, 1105, 58498402
1605667047, 12, 407, 421, 31, 0, 1.69%, 0, 0, 11, 3636.99, 1105, 58615144
1605667068, 12, 411, 422, 31, 0, 1.69%, 0, 0, 11, 3708.94, 1105, 58692625
1605667088, 12, 411, 424, 33, 0, 1.69%, 0, 0, 11, 3683.29, 1105, 58768587
1605667094, 12, 413, 424, 32, 0, 1.69%, 0, 0, 11, 3795.51, 1105, 58788655
1605667114, 13, 59, 424, 31, 0, 1.69%, 0, 0, 11, 3975.10, 1105, 58868116
1605667119, 13, 103, 424, 31, 0, 1.69%, 0, 0, 11, 3395.82, 1105, 58885250
1605667200, 13, 107, 424, 30, 0, 1.69%, 0, 0, 11, 3099.11, 1105, 59137838
1605667277, 13, 174, 424, 29, 0, 1.69%, 0, 0, 11, 3655.76, 1105, 59382020
1605667282, 13, 179, 424, 29, 0, 1.69%, 0, 0, 11, 3011.13, 1105, 59396781
1605667368, 13, 222, 424, 28, 0, 1.69%, 0, 0, 11, 3024.36, 1105, 59635602
1605667373, 13, 311, 424, 28, 0, 1.69%, 0, 0, 11, 3465.06, 1105, 59654510
1605667399, 13, 347, 424, 27, 0, 1.69%, 0, 0, 11, 2896.93, 1105, 59743061
1605667445, 13, 360, 424, 26, 0, 1.69%, 0, 0, 11, 3025.75, 1105, 59851747
1605667567, 13, 369, 424, 25, 0, 1.69%, 0, 0, 11, 3585.05, 1105, 60275141
1605667572, 13, 391, 424, 25, 0, 1.69%, 0, 0, 11, 3549.34, 1105, 60293467
1605667597, 14, 30, 424, 24, 0, 1.69%, 0, 0, 11, 3791.55, 1105, 60389322
1605667602, 14, 54, 424, 24, 0, 1.69%, 0, 0, 11, 3877.20, 1105, 60408830
1605667608, 14, 60, 424, 23, 0, 1.69%, 0, 0, 11, 3908.55, 1105, 60429031
1605667613, 14, 89, 424, 22, 0, 1.69%, 0, 0, 11, 3675.68, 1105, 60448196
1605667694, 14, 114, 424, 21, 0, 1.69%, 0, 0, 11, 3038.57, 1105, 60693037
1605667699, 14, 277, 425, 22, 0, 1.69%, 0, 0, 11, 3713.44, 1105, 60713101
1605667704, 14, 353, 425, 22, 0, 1.69%, 0, 0, 11, 2731.20, 1105, 60727369
1605667949, 14, 394, 425, 21, 0, 1.69%, 0, 0, 11, 2706.16, 1105, 60982172
1605667974, 14, 403, 425, 20, 0, 1.69%, 0, 0, 11, 3795.57, 1105, 61077438
1605667979, 14, 405, 425, 20, 0, 1.69%, 0, 0, 11, 3757.55, 1105, 61096828
1605667999, 14, 422, 425, 19, 0, 1.69%, 0, 0, 11, 3849.63, 1105, 61173753
1605668010, 14, 422, 426, 20, 0, 1.69%, 0, 0, 12, 3718.42, 1105, 61211552
1605668025, 14, 423, 427, 20, 0, 1.69%, 0, 0, 12, 3788.48, 1105, 61270579
1605668051, 14, 426, 427, 19, 0, 1.69%, 0, 0, 12, 3746.49, 1105, 61366419
1605668076, 15, 37, 427, 18, 0, 1.69%, 0, 0, 12, 3911.74, 1105, 61462361
1605668081, 15, 165, 427, 18, 0, 1.69%, 0, 0, 12, 3925.97, 1105, 61482537
1605668086, 15, 303, 427, 18, 0, 1.69%, 0, 0, 12, 3803.66, 1105, 61502177
1605668091, 15, 305, 427, 18, 0, 1.69%, 0, 0, 12, 3437.47, 1105, 61519298
1605668112, 15, 327, 427, 17, 0, 1.69%, 0, 0, 12, 3712.87, 1105, 61594317
1605668137, 15, 406, 427, 16, 0, 1.69%, 0, 0, 12, 3683.83, 1105, 61688562
1605668142, 16, 92, 427, 16, 0, 1.69%, 0, 0, 12, 3690.71, 1105, 61707756
1605668193, 16, 118, 427, 15, 0, 1.69%, 0, 0, 12, 3561.12, 1105, 61882459
1605668275, 16, 172, 427, 14, 0, 1.69%, 0, 0, 12, 3505.26, 1105, 62136386
1605668280, 16, 291, 427, 14, 0, 1.69%, 0, 0, 12, 3693.05, 1105, 62155786
1605668285, 16, 393, 429, 16, 0, 1.69%, 0, 0, 12, 3264.62, 1105, 62171919
1605668290, 16, 421, 429, 16, 0, 1.69%, 0, 0, 12, 3700.03, 1105, 62191016
1605668316, 16, 427, 430, 16, 0, 1.69%, 0, 0, 12, 3852.11, 1105, 62288905
1605668341, 17, 146, 430, 15, 0, 1.69%, 0, 0, 12, 3912.25, 1105, 62385445
1605668346, 17, 284, 430, 15, 0, 1.69%, 0, 0, 12, 3708.67, 1105, 62404650
1605668372, 17, 301, 430, 14, 0, 1.69%, 0, 0, 12, 3633.02, 1105, 62497488
1605668398, 17, 361, 430, 13, 0, 1.69%, 0, 0, 12, 3761.41, 1105, 62590990
1605668403, 17, 419, 432, 15, 0, 1.69%, 0, 0, 12, 2906.74, 1105, 62606323
1605668459, 17, 419, 433, 16, 0, 1.69%, 0, 0, 12, 1226.32, 1105, 62674467
1605668479, 17, 419, 434, 17, 0, 1.69%, 0, 0, 12, 1188.77, 1105, 62698858
1605672061, 17, 419, 435, 18, 0, 1.69%, 0, 0, 12, 1285.48, 1105, 67080583
1605672066, 17, 420, 436, 18, 0, 1.69%, 0, 0, 12, 1969.98, 1105, 67090258
1605672102, 17, 428, 436, 17, 0, 1.69%, 0, 0, 12, 3769.92, 1105, 67213082
1605672107, 17, 428, 437, 18, 0, 1.69%, 0, 0, 12, 3782.55, 1105, 67232213
1605672117, 17, 431, 437, 17, 0, 1.69%, 0, 0, 12, 2552.42, 1105, 67265251
1605674806, 17, 436, 437, 16, 0, 1.69%, 0, 0, 12, 3348.19, 1105, 71030443
1605674816, 18, 8, 438, 16, 0, 1.69%, 0, 0, 12, 3933.29, 1105, 71069802
1605674821, 18, 147, 438, 16, 0, 1.69%, 0, 0, 12, 3917.23, 1105, 71089859
1605674826, 18, 287, 438, 16, 0, 1.69%, 0, 0, 12, 3795.55, 1105, 71109515
1605674831, 18, 374, 438, 16, 0, 1.69%, 0, 0, 12, 3493.88, 1105, 71127844
1605674882, 18, 406, 438, 15, 0, 1.69%, 0, 0, 12, 2863.23, 1105, 71237643
1605674888, 18, 432, 438, 15, 0, 1.69%, 0, 0, 12, 2903.49, 1105, 71253608
1605675239, 19, 37, 438, 14, 0, 1.69%, 0, 0, 12, 3225.40, 1105, 72046184
1605675244, 19, 165, 438, 14, 0, 1.69%, 0, 0, 12, 3750.88, 1105, 72066032
1605675250, 19, 204, 438, 14, 0, 1.69%, 0, 0, 12, 3007.01, 1105, 72081815
1605675285, 19, 277, 438, 13, 0, 1.69%, 0, 0, 12, 3494.38, 1105, 72188888
1605675290, 19, 393, 438, 13, 0, 1.69%, 0, 0, 12, 3693.54, 1105, 72207720
1605675295, 19, 412, 438, 13, 0, 1.69%, 0, 0, 12, 2641.89, 1105, 72221495
1605678388, 19, 412, 439, 14, 0, 1.69%, 0, 0, 12, 1781.91, 1105, 77583318
1605678398, 19, 424, 439, 13, 0, 1.69%, 0, 0, 12, 2515.92, 1105, 77607485
1605681682, 19, 425, 439, 12, 0, 1.69%, 0, 0, 12, 3381.42, 1105, 83194488
1605681702, 19, 429, 439, 11, 0, 1.69%, 0, 0, 12, 3886.87, 1105, 83272714
1605681723, 20, 8, 439, 10, 0, 1.69%, 0, 0, 12, 3886.61, 1105, 83351719
1605681728, 20, 143, 439, 10, 0, 1.69%, 0, 0, 12, 3883.51, 1105, 83371695
1605681733, 20, 292, 439, 10, 0, 1.69%, 0, 0, 12, 3855.43, 1105, 83391687
1605681738, 20, 414, 439, 10, 0, 1.69%, 0, 0, 12, 3785.63, 1105, 83411282
1605681759, 20, 418, 439, 9, 0, 1.69%, 0, 0, 12, 3855.54, 1105, 83488052
1605681779, 20, 430, 439, 8, 0, 1.69%, 0, 0, 12, 1883.50, 1105, 83554695
1605686599, 20, 430, 440, 9, 0, 1.69%, 0, 0, 12, 1414.21, 1105, 89068568
1605686604, 21, 111, 440, 8, 0, 1.69%, 0, 0, 12, 3305.74, 1105, 89087492
1605686609, 21, 210, 440, 8, 0, 1.69%, 0, 0, 12, 3738.83, 1105, 89107251
1605686614, 21, 303, 440, 8, 0, 1.69%, 0, 0, 12, 3802.12, 1105, 89126323
1605686619, 21, 393, 440, 8, 0, 1.69%, 0, 0, 12, 3613.43, 1105, 89144834
1605686624, 21, 418, 440, 8, 0, 1.69%, 0, 0, 12, 3843.32, 1105, 89165032
1605686629, 21, 425, 440, 8, 0, 1.69%, 0, 0, 12, 3907.70, 1105, 89184723
1605686634, 21, 439, 440, 8, 0, 1.69%, 0, 0, 12, 2031.12, 1105, 89193744
1605700724, 21, 439, 441, 9, 0, 1.69%, 0, 0, 12, 865.85, 1105, 100333964
1605700729, 21, 439, 442, 10, 0, 1.69%, 0, 0, 12, 923.70, 1105, 100338656
1605700739, 21, 439, 443, 11, 0, 1.69%, 0, 0, 12, 939.30, 1105, 100348150
1605700759, 21, 440, 443, 10, 0, 1.69%, 0, 0, 12, 1050.98, 1105, 100368003
