# unix_time, cycles_done, cur_path, paths_total, pending_total, pending_favs, map_size, unique_crashes, unique_hangs, max_depth, execs_per_sec, edge_coverage, total_execs
1606968902, 0, 0, 2, 2, 2, 1.22%, 0, 0, 1, 585.37, 800, 48
1606968907, 0, 0, 217, 217, 2, 2.58%, 0, 0, 2, 753.35, 1691, 4140
1606968912, 0, 0, 257, 257, 2, 2.64%, 0, 0, 2, 793.28, 1727, 8313
1606968917, 0, 0, 289, 289, 2, 2.75%, 0, 0, 2, 806.90, 1803, 12387
1606968922, 0, 0, 325, 325, 2, 2.78%, 0, 0, 2, 803.82, 1821, 16468
1606968927, 0, 0, 351, 351, 2, 2.81%, 0, 0, 2, 800.67, 1838, 20468
1606968932, 0, 0, 373, 373, 2, 2.83%, 0, 0, 2, 805.44, 1856, 24519
1606968938, 0, 0, 391, 391, 2, 2.93%, 0, 0, 2, 790.61, 1921, 28593
1606968943, 0, 0, 406, 406, 2, 2.99%, 0, 0, 2, 778.27, 1957, 32658
1606968948, 0, 0, 417, 417, 2, 2.99%, 0, 0, 2, 779.07, 1962, 36556
1606968953, 0, 1, 432, 431, 191, 3.02%, 0, 0, 2, 778.47, 1979, 40584
1606968958, 0, 1, 482, 481, 191, 3.33%, 2, 0, 2, 766.64, 2180, 44418
1606968963, 0, 1, 509, 508, 191, 3.43%, 2, 0, 2, 779.34, 2246, 48444
