# unix_time, cycles_done, cur_path, paths_total, pending_total, pending_favs, map_size, unique_crashes, unique_hangs, max_depth, execs_per_sec, edge_coverage, total_execs
1601583274, 0, 0, 3, 3, 2, 3.94%, 0, 0, 1, 444.44 0 24
1601583279, 0, 0, 92, 92, 2, 4.34%, 0, 0, 2, 427.34 2842 2235
1601583284, 0, 0, 112, 112, 2, 4.39%, 0, 0, 2, 380.70 2879 4198
1601583289, 0, 0, 127, 127, 2, 4.46%, 0, 0, 2, 364.39 2923 5984
1601583294, 0, 0, 169, 169, 2, 4.55%, 0, 0, 2, 356.33 2979 7828
1601583299, 0, 0, 180, 180, 2, 4.56%, 0, 0, 2, 351.44 2988 9628
1601583304, 0, 0, 190, 190, 2, 4.58%, 0, 0, 2, 369.00 2999 11524
1601583309, 0, 0, 191, 191, 2, 4.58%, 0, 0, 2, 361.43 2999 13415
1601583315, 0, 0, 195, 195, 2, 4.58%, 0, 0, 2, 352.78 3003 15190
1601583320, 0, 0, 199, 199, 2, 4.61%, 0, 0, 2, 352.28 3018 17007
1601583325, 0, 0, 200, 200, 2, 4.61%, 0, 0, 2, 347.88 3019 18795
1601583330, 0, 0, 207, 207, 2, 4.68%, 0, 0, 2, 364.65 3070 20650
1601583340, 0, 0, 208, 208, 2, 4.69%, 0, 0, 2, 355.98 3071 24305
1601583346, 0, 0, 209, 209, 2, 4.71%, 0, 0, 2, 352.33 3085 26112
1601583351, 0, 0, 210, 210, 2, 4.71%, 0, 0, 2, 351.73 3086 27915
1601583356, 0, 0, 221, 221, 2, 4.71%, 0, 0, 2, 369.09 3088 29819
1601583361, 0, 0, 226, 226, 2, 4.73%, 0, 0, 2, 378.87 3099 31828
1601583366, 0, 0, 235, 235, 2, 4.80%, 0, 0, 2, 389.50 3146 33839
1601583371, 0, 0, 237, 237, 2, 4.80%, 0, 0, 2, 377.47 3148 35731
1601583376, 0, 0, 238, 238, 2, 4.80%, 0, 0, 2, 368.45 3149 37608
1601583392, 0, 0, 239, 239, 2, 4.80%, 0, 0, 2, 371.19 3149 43412
1601583402, 0, 0, 241, 241, 2, 4.81%, 0, 0, 2, 364.51 3150 47208
1601583427, 0, 0, 248, 248, 2, 4.82%, 0, 0, 2, 354.66 3160 56189
1601583433, 0, 0, 250, 250, 2, 4.82%, 0, 0, 2, 347.07 3160 57980
1601583438, 0, 0, 252, 252, 2, 4.82%, 0, 0, 2, 365.37 3161 59854
1601583464, 0, 0, 264, 264, 2, 4.87%, 0, 0, 2, 386.64 3192 70036
1601583469, 0, 0, 278, 278, 2, 4.91%, 0, 0, 2, 392.71 3217 71990
1601583474, 0, 0, 281, 281, 2, 4.91%, 0, 0, 2, 392.95 3219 74025
1601583489, 0, 0, 283, 283, 2, 4.92%, 0, 0, 2, 370.27 3225 79837
1601583499, 0, 0, 284, 284, 2, 4.93%, 0, 0, 2, 361.91 3230 83541
1601583505, 0, 0, 287, 287, 2, 4.96%, 0, 0, 2, 363.96 3248 85399
1601583510, 0, 0, 294, 294, 2, 4.97%, 0, 0, 2, 408.08 3256 87494
1601583515, 0, 0, 297, 297, 2, 4.97%, 0, 0, 2, 408.11 3259 89558
1601583520, 0, 0, 298, 298, 2, 4.97%, 0, 0, 2, 391.39 3259 91582
1601583540, 0, 0, 301, 301, 2, 4.98%, 0, 0, 2, 371.54 3264 99649
1601583561, 0, 0, 303, 303, 2, 4.98%, 0, 0, 2, 358.30 3264 107141
1601583571, 0, 0, 310, 310, 2, 4.99%, 0, 0, 2, 387.66 3268 110882
1601583576, 0, 0, 318, 318, 2, 4.99%, 0, 0, 2, 435.64 3268 113145
1601583581, 0, 0, 321, 321, 2, 4.99%, 0, 0, 2, 442.95 3268 115417
1601583586, 0, 0, 324, 324, 2, 4.99%, 0, 0, 2, 447.55 3270 117697
1601583591, 0, 0, 327, 327, 2, 4.99%, 0, 0, 2, 444.75 3270 119929
1601583596, 0, 0, 331, 331, 2, 4.99%, 0, 0, 2, 446.77 3271 122201
1601583601, 0, 0, 333, 333, 2, 4.99%, 0, 0, 2, 447.69 3271 124489
1601583611, 0, 0, 334, 334, 2, 4.99%, 0, 0, 2, 446.73 3271 129017
1601583616, 0, 0, 337, 337, 2, 4.99%, 0, 0, 2, 446.92 3271 131265
1601583632, 0, 0, 340, 340, 2, 4.99%, 0, 0, 2, 443.88 3272 138017
1601583637, 0, 0, 343, 343, 2, 4.99%, 0, 0, 2, 445.76 3272 140289
1601583642, 0, 0, 345, 345, 2, 4.99%, 0, 0, 2, 448.12 3272 142553
1601583647, 0, 2, 346, 345, 144, 4.99%, 0, 0, 2, 468.91 3272 144972
1601583652, 0, 3, 346, 344, 143, 4.99%, 0, 0, 2, 466.87 3272 147349
1601583713, 0, 4, 346, 343, 142, 4.99%, 0, 0, 2, 473.04 3272 175793
1601583773, 0, 6, 346, 342, 141, 4.99%, 0, 0, 2, 473.26 3272 204159
1601583794, 0, 6, 347, 343, 141, 4.99%, 0, 0, 3, 480.65 3272 214064
1601583799, 0, 7, 347, 342, 140, 4.99%, 0, 0, 3, 480.71 3272 216541
1601583804, 0, 9, 347, 341, 139, 4.99%, 0, 0, 3, 475.92 3272 218986
1601583809, 0, 14, 347, 340, 138, 4.99%, 0, 0, 3, 467.09 3272 221353
1601583876, 0, 18, 347, 339, 137, 4.99%, 0, 0, 3, 438.26 3272 251315
1601583891, 0, 18, 348, 340, 137, 4.99%, 0, 0, 3, 419.01 3272 257651
1601583916, 0, 18, 349, 341, 137, 4.99%, 0, 0, 3, 423.09 3272 268370
1601584068, 0, 18, 350, 342, 137, 4.99%, 0, 0, 3, 429.84 3272 332064
1601584073, 0, 20, 350, 341, 136, 4.99%, 0, 0, 3, 453.09 3272 334390
1601584140, 0, 21, 350, 340, 135, 4.99%, 0, 0, 3, 460.75 3272 364291
1601584206, 0, 25, 351, 340, 134, 4.99%, 0, 0, 3, 459.53 3272 394498
1601584277, 0, 26, 351, 339, 133, 4.99%, 0, 0, 3, 456.65 3272 426795
1601584344, 0, 27, 351, 338, 132, 4.99%, 0, 0, 3, 459.80 3272 456957
1601584415, 0, 28, 351, 337, 131, 4.99%, 0, 0, 3, 456.01 3272 489393
1601584481, 0, 29, 352, 337, 130, 4.99%, 0, 0, 3, 434.78 3272 519376
1601584497, 0, 29, 355, 340, 130, 4.99%, 0, 0, 3, 344.10 3272 524828
1601584763, 0, 29, 356, 341, 130, 4.99%, 0, 0, 3, 354.05 3272 623603
1601584773, 0, 29, 357, 342, 130, 4.99%, 0, 0, 3, 409.29 3272 627624
1601584778, 0, 34, 357, 341, 129, 4.99%, 0, 0, 3, 440.54 3272 629896
1601584850, 0, 36, 357, 340, 128, 4.99%, 0, 0, 3, 454.94 3272 662658
1601584911, 0, 36, 359, 342, 128, 5.00%, 0, 0, 3, 431.31 3276 689974
1601584926, 0, 38, 360, 342, 130, 5.00%, 0, 0, 3, 433.50 3280 696782
1601584931, 0, 38, 362, 344, 130, 5.00%, 0, 0, 3, 380.78 3280 698604
1601584941, 0, 38, 363, 345, 130, 5.00%, 0, 0, 3, 355.05 3280 702189
1601584988, 0, 38, 364, 346, 130, 5.00%, 0, 0, 3, 353.09 3280 718589
1601585116, 0, 38, 365, 347, 130, 5.01%, 0, 0, 3, 399.67 3282 766463
1601585147, 0, 38, 366, 348, 130, 5.01%, 0, 0, 3, 356.44 3282 777937
1601585157, 0, 38, 368, 350, 130, 5.01%, 0, 0, 3, 422.50 3282 782048
1601585223, 0, 39, 368, 349, 131, 5.01%, 0, 0, 3, 434.58 3282 807375
1601585294, 0, 42, 368, 348, 130, 5.01%, 0, 0, 3, 459.31 3282 839139
1601585370, 0, 43, 368, 347, 129, 5.01%, 0, 0, 3, 452.66 3282 872930
1601585436, 0, 43, 370, 349, 129, 5.01%, 0, 0, 3, 454.19 3282 902797
1601585442, 0, 43, 371, 350, 129, 5.01%, 0, 0, 3, 455.51 3285 905137
1601585447, 0, 47, 371, 349, 129, 5.01%, 0, 0, 3, 459.26 3285 907461
1601585523, 0, 48, 372, 349, 128, 5.02%, 0, 0, 3, 419.38 3289 941970
1601585528, 0, 48, 373, 350, 128, 5.02%, 0, 0, 3, 372.20 3289 943855
1601585538, 0, 48, 374, 351, 128, 5.02%, 0, 0, 3, 347.46 3289 947348
1601585820, 0, 49, 374, 350, 128, 5.02%, 0, 0, 3, 442.30 3289 1051708
1601585896, 0, 50, 374, 349, 127, 5.02%, 0, 0, 3, 451.52 3289 1085832
1601585906, 0, 50, 375, 350, 127, 5.02%, 0, 0, 3, 355.47 3289 1089482
1601586193, 0, 51, 375, 349, 126, 5.02%, 0, 0, 3, 430.38 3289 1195505
1601586213, 0, 51, 376, 350, 126, 5.02%, 0, 0, 3, 444.83 3289 1204555
1601586264, 0, 51, 377, 351, 126, 5.02%, 0, 0, 3, 451.23 3290 1226978
1601586274, 0, 56, 377, 350, 126, 5.02%, 0, 0, 3, 446.78 3290 1231517
1601586371, 0, 59, 377, 349, 125, 5.02%, 0, 0, 3, 455.98 3290 1274630
1601586453, 0, 61, 377, 348, 124, 5.02%, 0, 0, 3, 460.35 3290 1311046
1601586535, 0, 62, 377, 347, 123, 5.02%, 0, 0, 3, 458.34 3290 1347507
1601586616, 0, 65, 377, 346, 122, 5.02%, 0, 0, 3, 447.56 3290 1384150
1601586687, 0, 65, 378, 347, 122, 5.02%, 0, 0, 3, 444.58 3292 1415833
1601586698, 0, 67, 378, 346, 122, 5.02%, 0, 0, 3, 440.61 3292 1420392
1601586703, 0, 67, 379, 347, 122, 5.02%, 0, 0, 3, 384.63 3292 1422256
1601586718, 0, 67, 380, 348, 122, 5.02%, 0, 0, 3, 350.50 3292 1427549
1601586780, 0, 67, 381, 349, 122, 5.02%, 0, 0, 3, 384.32 3292 1449599
1601586999, 0, 69, 381, 348, 121, 5.02%, 0, 0, 3, 439.83 3292 1531681
1601587080, 0, 70, 381, 347, 120, 5.02%, 0, 0, 3, 446.97 3292 1567606
1601587085, 0, 70, 382, 348, 120, 5.04%, 0, 0, 3, 447.11 3300 1569894
1601587151, 0, 70, 383, 349, 120, 5.04%, 0, 0, 3, 450.10 3301 1599228
1601587156, 0, 70, 384, 350, 120, 5.04%, 0, 0, 3, 449.47 3302 1601480
1601587167, 0, 71, 385, 350, 122, 5.04%, 0, 0, 3, 448.26 3303 1606042
1601587248, 0, 72, 385, 349, 122, 5.04%, 0, 0, 3, 459.34 3303 1642115
1601587335, 0, 74, 385, 348, 121, 5.04%, 0, 0, 3, 451.59 3303 1680923
1601587416, 0, 83, 385, 347, 120, 5.04%, 0, 0, 3, 441.47 3303 1717081
1601587503, 0, 83, 386, 348, 120, 5.07%, 0, 0, 3, 389.13 3322 1748373
1601587714, 0, 83, 387, 349, 120, 5.07%, 0, 0, 3, 435.45 3322 1827708
1601587719, 0, 89, 387, 348, 120, 5.07%, 0, 0, 3, 445.17 3322 1829974
1601587810, 0, 90, 388, 348, 119, 5.07%, 0, 0, 3, 429.78 3322 1870436
1601587815, 0, 90, 389, 349, 119, 5.07%, 0, 0, 3, 377.83 3322 1872355
1601588102, 0, 90, 390, 350, 119, 5.07%, 0, 0, 3, 400.67 3322 1978231
1601588107, 0, 90, 392, 352, 119, 5.07%, 0, 0, 3, 435.70 3322 1980470
1601588112, 0, 90, 393, 353, 119, 5.07%, 0, 0, 3, 423.22 3322 1982662
1601588127, 0, 90, 394, 354, 119, 5.07%, 0, 0, 3, 446.61 3322 1989446
1601588158, 0, 96, 394, 353, 118, 5.07%, 0, 0, 3, 452.36 3322 2003067
1601588173, 0, 96, 395, 354, 118, 5.07%, 0, 0, 3, 408.44 3322 2009368
1601588229, 0, 96, 396, 355, 118, 5.07%, 0, 0, 3, 408.80 3322 2031861
1601588377, 0, 98, 397, 355, 118, 5.07%, 0, 0, 3, 398.36 3322 2092523
1601588428, 0, 98, 398, 356, 118, 5.09%, 0, 0, 3, 364.75 3334 2110684
1601588597, 0, 98, 399, 357, 118, 5.09%, 0, 0, 3, 348.84 3334 2172596
1601588674, 0, 101, 399, 356, 117, 5.09%, 0, 0, 3, 405.40 3334 2201909
1601588679, 0, 101, 400, 357, 117, 5.09%, 0, 0, 3, 347.96 3334 2203639
1601588971, 0, 110, 400, 356, 116, 5.09%, 0, 0, 3, 431.59 3334 2311153
1601588981, 0, 110, 402, 358, 116, 5.09%, 0, 0, 3, 412.88 3334 2315409
1601589105, 0, 110, 404, 360, 116, 5.09%, 0, 0, 3, 438.01 3334 2367628
1601589130, 0, 110, 405, 361, 116, 5.09%, 0, 0, 3, 422.22 3334 2378685
1601589135, 0, 111, 405, 360, 115, 5.09%, 0, 0, 3, 449.05 3334 2380950
1601589295, 0, 113, 405, 359, 114, 5.09%, 0, 0, 3, 440.94 3334 2449320
1601589305, 0, 113, 414, 368, 114, 5.09%, 0, 0, 3, 421.41 3339 2453632
1601589310, 0, 113, 418, 372, 114, 5.10%, 0, 0, 3, 422.34 3340 2455744
1601589423, 0, 113, 420, 374, 114, 5.10%, 0, 0, 3, 426.50 3341 2503852
1601589439, 0, 113, 421, 375, 114, 5.10%, 0, 0, 3, 423.04 3341 2510516
1601589474, 0, 113, 425, 379, 114, 5.10%, 0, 0, 3, 402.43 3341 2525771
1601589490, 0, 116, 425, 378, 115, 5.10%, 0, 0, 3, 428.73 3341 2532235
1601589654, 0, 117, 425, 377, 114, 5.10%, 0, 0, 3, 439.13 3341 2602367
1601589813, 0, 117, 426, 378, 114, 5.10%, 0, 0, 3, 420.61 3343 2669597
1601589818, 0, 118, 426, 377, 114, 5.10%, 0, 0, 3, 446.68 3343 2671861
1601589982, 0, 122, 426, 376, 113, 5.10%, 0, 0, 3, 450.78 3343 2741632
1601589997, 0, 122, 427, 377, 113, 5.11%, 0, 0, 3, 421.84 3347 2748016
1601590151, 0, 127, 427, 376, 113, 5.11%, 0, 0, 3, 434.92 3347 2812933
1601590320, 0, 131, 427, 375, 112, 5.11%, 0, 0, 3, 445.26 3347 2884786
1601590494, 0, 137, 427, 374, 111, 5.11%, 0, 0, 3, 441.55 3347 2958778
1601590606, 0, 137, 428, 375, 111, 5.11%, 0, 0, 3, 430.50 3349 3005846
1601590688, 0, 137, 429, 376, 111, 5.11%, 0, 0, 3, 433.55 3349 3040434
1601590693, 0, 144, 429, 375, 111, 5.11%, 0, 0, 3, 451.08 3349 3042733
1601590744, 0, 144, 430, 376, 111, 5.11%, 0, 0, 3, 375.85 3349 3061134
1601590769, 0, 144, 431, 377, 111, 5.11%, 0, 0, 3, 393.98 3349 3070543
1601590932, 0, 152, 431, 376, 111, 5.11%, 0, 0, 3, 401.91 3349 3134495
1601591171, 0, 154, 431, 375, 110, 5.11%, 0, 0, 3, 398.97 3349 3226139
1601591400, 0, 154, 432, 376, 110, 5.11%, 0, 0, 3, 370.37 3349 3313498
1601591410, 0, 156, 432, 375, 109, 5.11%, 0, 0, 3, 419.09 3349 3317711
1601591655, 0, 159, 432, 374, 108, 5.11%, 0, 0, 3, 439.40 3349 3410373
1601591899, 0, 162, 432, 373, 107, 5.11%, 0, 0, 3, 429.56 3349 3503151
1601591909, 0, 162, 433, 374, 107, 5.11%, 0, 0, 3, 365.52 3349 3506987
1601592148, 0, 167, 433, 373, 107, 5.11%, 0, 0, 3, 401.92 3349 3598306
1601592391, 0, 174, 433, 372, 106, 5.11%, 0, 0, 3, 432.02 3349 3690929
1601592411, 0, 174, 434, 373, 106, 5.11%, 0, 0, 3, 347.96 3349 3698159
1601592650, 0, 174, 436, 375, 106, 5.11%, 0, 0, 3, 381.32 3349 3788244
1601592655, 0, 176, 436, 374, 105, 5.11%, 0, 0, 3, 429.01 3349 3790422
1601592660, 0, 176, 437, 375, 105, 5.11%, 0, 0, 3, 393.82 3349 3792479
1601592666, 0, 176, 438, 376, 105, 5.11%, 0, 0, 3, 345.07 3349 3794238
1601592676, 0, 176, 440, 378, 105, 5.11%, 0, 0, 3, 349.31 3350 3797788
1601592876, 0, 176, 441, 379, 105, 5.11%, 0, 0, 3, 360.71 3350 3871552
1601592881, 0, 176, 442, 380, 105, 5.11%, 0, 0, 3, 356.09 3350 3873324
1601592952, 0, 177, 442, 379, 104, 5.11%, 0, 0, 3, 430.55 3350 3900934
1601593039, 0, 177, 443, 380, 104, 5.11%, 0, 0, 3, 381.38 3350 3932289
1601593249, 0, 179, 443, 379, 104, 5.11%, 0, 0, 3, 429.68 3350 4011919
1601593458, 0, 180, 443, 378, 103, 5.11%, 0, 0, 3, 424.39 3350 4099974
1601593525, 0, 181, 443, 377, 102, 5.11%, 0, 0, 3, 458.35 3350 4130218
1601593591, 0, 182, 443, 376, 101, 5.11%, 0, 0, 3, 463.08 3350 4160218
1601593663, 0, 185, 443, 375, 100, 5.11%, 0, 0, 3, 454.13 3350 4193114
1601593739, 0, 186, 443, 374, 99, 5.11%, 0, 0, 3, 461.98 3350 4227643
1601593816, 0, 189, 443, 373, 98, 5.11%, 0, 0, 3, 461.28 3350 4261688
1601593903, 0, 191, 443, 372, 97, 5.11%, 0, 0, 3, 447.52 3350 4300314
1601594067, 0, 192, 443, 371, 96, 5.11%, 0, 0, 3, 447.98 3350 4370059
1601594232, 0, 193, 443, 370, 95, 5.11%, 0, 0, 3, 443.01 3350 4440558
1601594396, 0, 195, 443, 369, 94, 5.11%, 0, 0, 3, 434.60 3350 4510962
1601594570, 0, 196, 443, 368, 93, 5.11%, 0, 0, 3, 411.52 3350 4584825
1601594586, 0, 196, 444, 369, 93, 5.11%, 0, 0, 3, 357.37 3351 4590243
1601594728, 0, 196, 445, 370, 93, 5.13%, 0, 0, 3, 401.33 3365 4643855
1601594804, 0, 196, 446, 371, 93, 5.14%, 0, 0, 3, 386.84 3367 4673555
1601594809, 0, 198, 446, 370, 94, 5.14%, 0, 0, 3, 428.54 3367 4675856
1601594891, 0, 198, 447, 371, 94, 5.14%, 0, 0, 3, 396.74 3367 4705545
1601594896, 0, 198, 448, 372, 94, 5.14%, 0, 0, 3, 374.13 3367 4707450
1601595054, 0, 199, 448, 371, 93, 5.14%, 0, 0, 3, 439.36 3367 4769497
1601595191, 0, 199, 449, 372, 93, 5.14%, 0, 0, 3, 431.28 3369 4826818
1601595263, 0, 204, 449, 371, 93, 5.14%, 0, 0, 3, 447.27 3369 4857249
1601595304, 0, 204, 450, 372, 93, 5.14%, 0, 0, 3, 435.49 3369 4875184
1601595350, 0, 207, 450, 371, 93, 5.14%, 0, 0, 3, 434.01 3369 4895384
1601595390, 0, 207, 451, 372, 93, 5.14%, 0, 0, 3, 411.58 3369 4912495
1601595514, 0, 208, 451, 371, 92, 5.14%, 0, 0, 3, 412.02 3369 4965282
1601595529, 0, 208, 452, 372, 92, 5.14%, 0, 0, 3, 357.89 3369 4970723
1601595555, 0, 208, 453, 373, 92, 5.14%, 0, 0, 3, 345.47 3369 4979944
1601595671, 0, 208, 455, 375, 92, 5.15%, 0, 0, 3, 399.30 3377 5024435
1601595742, 0, 208, 456, 376, 92, 5.15%, 0, 0, 3, 372.36 3377 5052484
1601595753, 0, 208, 457, 377, 92, 5.16%, 0, 0, 3, 433.01 3379 5056798
1601595758, 0, 209, 457, 376, 93, 5.16%, 0, 0, 3, 447.19 3379 5059080
1601595834, 0, 223, 458, 376, 92, 5.16%, 0, 0, 3, 412.87 3380 5093330
1601595916, 0, 223, 459, 377, 92, 5.16%, 0, 0, 3, 390.82 3381 5122859
1601596024, 0, 223, 460, 378, 92, 5.16%, 0, 0, 3, 388.91 3381 5162979
1601596054, 0, 223, 461, 379, 92, 5.16%, 0, 0, 3, 347.29 3381 5174354
1601596060, 0, 223, 462, 380, 92, 5.16%, 0, 0, 3, 397.90 3381 5176462
1601596131, 0, 226, 462, 379, 93, 5.16%, 0, 0, 3, 438.61 3381 5204077
1601596207, 0, 229, 464, 380, 92, 5.16%, 0, 0, 3, 410.56 3381 5238028
1601596233, 0, 229, 465, 381, 92, 5.16%, 0, 0, 3, 374.64 3382 5247241
1601596258, 0, 229, 468, 384, 92, 5.16%, 0, 0, 3, 362.58 3384 5256269
1601596294, 0, 229, 470, 386, 92, 5.17%, 0, 0, 3, 364.14 3385 5269089
1601596299, 0, 229, 471, 387, 92, 5.17%, 0, 0, 3, 377.86 3385 5271057
1601596310, 0, 229, 472, 388, 92, 5.17%, 0, 0, 3, 386.64 3385 5274915
1601596504, 0, 230, 473, 388, 95, 5.17%, 0, 0, 3, 396.99 3385 5348359
1601596591, 0, 230, 474, 389, 95, 5.17%, 0, 0, 3, 383.16 3385 5379810
1601596694, 0, 230, 475, 390, 95, 5.17%, 0, 0, 3, 383.43 3391 5417890
1601596797, 0, 236, 475, 389, 94, 5.17%, 0, 0, 3, 438.20 3391 5456958
1601596838, 0, 236, 476, 390, 94, 5.17%, 0, 0, 3, 429.88 3391 5475095
1601596888, 0, 237, 476, 389, 94, 5.17%, 0, 0, 3, 457.71 3391 5497916
1601596893, 0, 237, 479, 392, 94, 5.18%, 0, 0, 3, 400.99 3392 5499895
1601596919, 0, 237, 480, 393, 94, 5.18%, 0, 0, 3, 371.68 3393 5509067
1601596975, 0, 237, 481, 394, 94, 5.18%, 0, 0, 3, 385.23 3393 5529504
1601596986, 0, 237, 482, 395, 94, 5.18%, 0, 0, 3, 364.45 3394 5533236
1601597001, 0, 237, 483, 396, 94, 5.18%, 0, 0, 3, 376.83 3394 5539124
1601597128, 0, 237, 485, 398, 94, 5.18%, 0, 0, 3, 403.41 3396 5587264
1601597185, 0, 238, 485, 397, 98, 5.18%, 0, 0, 3, 425.75 3396 5608639
1601597190, 0, 238, 488, 400, 98, 5.18%, 0, 0, 3, 383.50 3396 5610521
1601597236, 0, 238, 490, 402, 98, 5.18%, 0, 0, 3, 372.59 3396 5627006
1601597272, 0, 238, 492, 404, 98, 5.18%, 0, 0, 3, 371.74 3396 5639938
1601597436, 0, 238, 493, 405, 98, 5.18%, 0, 0, 3, 398.38 3396 5701467
1601597478, 0, 238, 494, 406, 98, 5.18%, 0, 0, 3, 398.86 3396 5716748
1601597483, 0, 240, 494, 405, 98, 5.18%, 0, 0, 3, 432.87 3396 5718994
1601597652, 0, 241, 494, 404, 97, 5.18%, 0, 0, 3, 411.78 3396 5790708
1601597881, 0, 241, 495, 405, 97, 5.18%, 0, 0, 3, 388.31 3397 5878694
1601597886, 0, 243, 495, 404, 97, 5.18%, 0, 0, 3, 430.03 3397 5880985
1601598044, 0, 243, 496, 405, 97, 5.19%, 0, 0, 3, 405.78 3401 5940266
1601598069, 0, 243, 497, 406, 97, 5.19%, 0, 0, 3, 377.77 3402 5950105
1601598126, 0, 245, 497, 405, 98, 5.19%, 0, 0, 3, 431.24 3402 5972649
1601598370, 0, 247, 497, 404, 97, 5.19%, 0, 0, 3, 432.49 3402 6065766
1601598619, 0, 256, 497, 402, 95, 5.19%, 0, 0, 3, 455.37 3402 6160435
1601598624, 0, 256, 498, 403, 95, 5.19%, 0, 0, 3, 457.53 3403 6162783
1601598690, 0, 257, 498, 402, 94, 5.19%, 0, 0, 3, 454.97 3403 6193002
1601598761, 0, 257, 500, 404, 94, 5.20%, 0, 0, 3, 435.08 3405 6224722
1601598766, 0, 258, 500, 403, 94, 5.20%, 0, 0, 3, 455.16 3405 6227060
1601598843, 0, 259, 500, 402, 93, 5.20%, 0, 0, 3, 453.57 3405 6261711
1601598919, 0, 261, 500, 401, 92, 5.20%, 0, 0, 3, 457.65 3405 6295886
1601598990, 0, 261, 501, 402, 92, 5.20%, 0, 0, 3, 450.22 3405 6327483
1601598995, 0, 261, 502, 403, 92, 5.20%, 0, 0, 3, 451.83 3406 6329824
1601599001, 0, 265, 503, 403, 94, 5.20%, 0, 0, 3, 459.17 3408 6332192
1601599037, 0, 265, 505, 405, 94, 5.20%, 0, 0, 3, 423.88 3410 6347462
1601599104, 0, 265, 506, 406, 94, 5.20%, 0, 0, 3, 435.43 3411 6376121
1601599165, 0, 265, 507, 407, 94, 5.21%, 0, 0, 3, 429.56 3413 6402607
1601599171, 0, 266, 507, 406, 96, 5.21%, 0, 0, 3, 442.45 3413 6404945
1601599369, 0, 267, 507, 405, 95, 5.21%, 0, 0, 3, 410.89 3413 6488818
1601599410, 0, 267, 508, 406, 95, 5.21%, 0, 0, 3, 352.99 3413 6503574
1601599638, 0, 268, 508, 405, 94, 5.21%, 0, 0, 3, 405.83 3413 6590735
1601599801, 0, 268, 509, 406, 94, 5.21%, 0, 0, 3, 396.40 3413 6651722
1601599888, 0, 269, 509, 405, 93, 5.21%, 0, 0, 3, 400.52 3413 6686011
1601600127, 0, 270, 509, 404, 92, 5.21%, 0, 0, 3, 406.88 3413 6777677
1601600361, 0, 270, 510, 405, 92, 5.21%, 0, 0, 3, 368.24 3413 6866842
1601600376, 0, 271, 510, 404, 91, 5.21%, 0, 0, 3, 397.03 3413 6872959
1601600503, 0, 271, 511, 405, 91, 5.21%, 0, 0, 3, 359.50 3415 6920158
1601600621, 0, 272, 511, 404, 90, 5.21%, 0, 0, 3, 429.01 3415 6965988
1601600687, 0, 274, 511, 403, 89, 5.21%, 0, 0, 3, 464.26 3415 6996670
1601600753, 0, 275, 511, 402, 88, 5.21%, 0, 0, 3, 449.65 3415 7027104
1601600979, 0, 275, 512, 403, 88, 5.21%, 0, 0, 3, 390.91 3415 7110076
1601601050, 0, 277, 512, 402, 88, 5.21%, 0, 0, 3, 428.92 3415 7137688
1601601235, 0, 277, 513, 403, 88, 5.21%, 0, 0, 3, 379.13 3415 7205461
1601601270, 0, 277, 514, 404, 88, 5.21%, 0, 0, 3, 355.98 3415 7218990
1601601347, 0, 279, 514, 403, 88, 5.21%, 0, 0, 3, 440.86 3415 7248405
1601601428, 0, 281, 514, 402, 87, 5.21%, 0, 0, 3, 446.99 3415 7284794
1601601598, 0, 282, 514, 401, 86, 5.21%, 0, 0, 3, 438.59 3415 7357218
1601601763, 0, 284, 514, 400, 85, 5.21%, 0, 0, 3, 442.32 3415 7427540
1601601768, 0, 284, 515, 401, 85, 5.21%, 0, 0, 3, 391.45 3415 7429514
1601601783, 0, 284, 521, 407, 85, 5.22%, 0, 0, 3, 341.01 3423 7434886
1601601804, 0, 284, 523, 409, 85, 5.23%, 0, 0, 3, 349.49 3426 7442202
1601601912, 0, 284, 524, 410, 85, 5.23%, 0, 0, 3, 356.47 3426 7481728
1601601917, 0, 284, 531, 417, 85, 5.24%, 0, 0, 3, 354.20 3435 7483520
1601601952, 0, 284, 532, 418, 85, 5.24%, 0, 0, 3, 404.76 3437 7497562
1601601983, 0, 284, 533, 419, 85, 5.24%, 0, 0, 3, 355.22 3437 7509037
1601601988, 0, 284, 534, 420, 85, 5.25%, 0, 0, 3, 390.49 3443 7511039
1601602045, 0, 284, 536, 422, 85, 5.26%, 0, 0, 3, 352.24 3448 7532727
1601602060, 0, 284, 537, 423, 85, 5.26%, 0, 0, 3, 437.07 3448 7538992
1601602065, 0, 292, 537, 421, 98, 5.26%, 0, 0, 3, 455.66 3448 7541330
1601602146, 0, 294, 537, 420, 97, 5.26%, 0, 0, 3, 456.15 3448 7577552
1601602223, 0, 294, 538, 421, 97, 5.26%, 0, 0, 3, 453.39 3448 7611470
1601602228, 0, 298, 538, 420, 97, 5.26%, 0, 0, 3, 446.81 3448 7613730
1601602325, 0, 298, 539, 421, 97, 5.26%, 0, 0, 3, 420.80 3450 7655003
1601602392, 0, 299, 539, 420, 97, 5.26%, 0, 0, 3, 446.05 3450 7683860
1601602562, 0, 307, 539, 419, 96, 5.26%, 0, 0, 3, 406.95 3450 7756124
1601602613, 0, 307, 540, 420, 96, 5.27%, 0, 0, 3, 358.18 3453 7774162
1601602824, 0, 313, 540, 419, 97, 5.27%, 0, 0, 3, 433.98 3453 7854399
1601602977, 0, 319, 540, 418, 96, 5.27%, 0, 0, 3, 444.93 3453 7920726
1601603147, 0, 321, 540, 417, 95, 5.27%, 0, 0, 3, 447.52 3453 7992736
1601603264, 0, 330, 540, 416, 94, 5.27%, 0, 0, 3, 449.63 3453 8043893
1601603360, 0, 332, 540, 415, 93, 5.27%, 0, 0, 3, 446.87 3453 8086944
1601603473, 0, 338, 541, 415, 92, 5.27%, 0, 0, 3, 454.85 3456 8135844
1601603478, 0, 341, 542, 415, 92, 5.27%, 0, 0, 3, 437.72 3456 8138066
1601603574, 0, 341, 543, 416, 92, 5.27%, 0, 0, 3, 411.42 3456 8177159
1601603696, 0, 345, 543, 415, 91, 5.27%, 0, 0, 3, 450.83 3456 8227968
1601603702, 0, 346, 543, 414, 90, 5.27%, 0, 0, 3, 463.80 3456 8230417
1601603727, 0, 357, 543, 413, 89, 5.27%, 0, 0, 3, 475.53 3456 8242600
1601603809, 0, 358, 543, 412, 88, 5.27%, 0, 0, 3, 461.23 3456 8278978
1601603890, 0, 360, 543, 411, 87, 5.27%, 0, 0, 3, 434.16 3456 8315348
1601604103, 0, 367, 543, 410, 86, 5.27%, 0, 0, 3, 442.57 3456 8403475
1601604298, 0, 367, 544, 411, 86, 5.27%, 0, 0, 4, 392.36 3456 8475057
1601604405, 0, 370, 545, 411, 86, 5.28%, 0, 0, 4, 447.65 3462 8516013
1601604477, 0, 371, 545, 410, 86, 5.28%, 0, 0, 4, 463.00 3462 8548055
1601604482, 0, 371, 546, 411, 86, 5.28%, 0, 0, 4, 455.14 3463 8550385
1601604497, 0, 371, 548, 413, 86, 5.29%, 0, 0, 4, 454.27 3470 8557362
1601604548, 0, 371, 549, 414, 86, 5.30%, 0, 0, 4, 457.70 3472 8580084
1601604553, 0, 376, 549, 413, 88, 5.30%, 0, 0, 4, 454.92 3472 8582423
1601604558, 0, 376, 550, 414, 88, 5.30%, 0, 0, 4, 450.57 3472 8584717
1601604563, 0, 376, 552, 416, 88, 5.30%, 0, 0, 4, 446.49 3472 8586973
1601604569, 0, 376, 555, 419, 88, 5.30%, 0, 0, 4, 447.36 3472 8589261
1601604589, 0, 376, 556, 420, 88, 5.30%, 0, 0, 4, 446.14 3472 8598341
1601604676, 0, 376, 557, 421, 88, 5.30%, 0, 0, 4, 446.24 3472 8636902
1601604727, 0, 377, 557, 420, 89, 5.30%, 0, 0, 4, 454.96 3472 8659783
1601604808, 0, 381, 557, 419, 88, 5.30%, 0, 0, 4, 453.52 3472 8696003
1601604813, 0, 381, 558, 420, 88, 5.30%, 0, 0, 4, 387.77 3472 8697878
1601604895, 0, 381, 559, 421, 88, 5.30%, 0, 0, 4, 392.70 3473 8727292
1601605110, 0, 383, 559, 420, 89, 5.30%, 0, 0, 4, 432.73 3473 8808168
1601605192, 0, 384, 559, 419, 88, 5.30%, 0, 0, 4, 415.16 3473 8844512
1601605351, 0, 384, 560, 420, 88, 5.30%, 0, 0, 4, 363.09 3473 8901338
1601605489, 0, 391, 560, 419, 88, 5.30%, 0, 0, 4, 429.73 3473 8954447
1601605556, 0, 391, 561, 420, 88, 5.30%, 0, 0, 4, 353.20 3473 8977856
1601605760, 0, 392, 561, 419, 87, 5.30%, 0, 0, 4, 419.87 3473 9055249
1601605765, 0, 392, 562, 420, 87, 5.30%, 0, 0, 4, 431.77 3473 9057483
1601605878, 0, 395, 562, 419, 86, 5.30%, 0, 0, 4, 456.58 3473 9106401
1601605883, 0, 395, 564, 421, 86, 5.30%, 0, 0, 4, 416.14 3473 9108488
1601605944, 0, 395, 565, 422, 86, 5.30%, 0, 0, 4, 404.00 3473 9133407
1601605949, 0, 395, 566, 423, 86, 5.30%, 0, 0, 4, 410.02 3473 9135525
1601606097, 0, 397, 566, 422, 86, 5.30%, 0, 0, 4, 398.10 3473 9196260
1601606102, 0, 397, 567, 423, 86, 5.30%, 0, 0, 4, 363.70 3473 9198116
1601606148, 0, 397, 568, 424, 86, 5.30%, 0, 0, 4, 364.92 3474 9214138
1601606394, 0, 416, 568, 423, 87, 5.30%, 0, 0, 4, 434.95 3474 9305566
1601606409, 0, 416, 569, 424, 87, 5.30%, 0, 0, 4, 418.81 3474 9311952
1601606553, 0, 416, 570, 425, 87, 5.30%, 0, 0, 4, 419.50 3474 9372940
1601606588, 0, 416, 572, 427, 87, 5.30%, 0, 0, 4, 423.56 3474 9388378
1601606599, 0, 416, 574, 429, 87, 5.30%, 0, 0, 4, 412.79 3474 9392610
1601606609, 0, 418, 574, 428, 89, 5.30%, 0, 0, 4, 441.36 3474 9396989
1601606742, 0, 418, 575, 429, 89, 5.30%, 0, 0, 4, 431.94 3474 9453440
1601606809, 0, 425, 575, 428, 89, 5.30%, 0, 0, 4, 435.21 3474 9482071
1601606974, 0, 426, 576, 428, 88, 5.30%, 0, 0, 4, 416.08 3474 9552023
1601606989, 0, 426, 578, 430, 88, 5.30%, 0, 0, 4, 342.51 3475 9557395
1601606994, 0, 426, 580, 432, 88, 5.30%, 0, 0, 4, 339.37 3475 9559127
1601607009, 0, 426, 581, 433, 88, 5.30%, 0, 0, 4, 343.89 3475 9564503
1601607040, 0, 426, 582, 434, 88, 5.30%, 0, 0, 4, 342.49 3475 9575110
1601607050, 0, 426, 583, 435, 88, 5.30%, 0, 0, 4, 359.22 3475 9578665
1601607096, 0, 426, 584, 436, 88, 5.30%, 0, 0, 4, 365.95 3475 9595817
1601607107, 0, 426, 586, 438, 88, 5.30%, 0, 0, 4, 349.73 3475 9599473
1601607152, 0, 426, 587, 439, 88, 5.30%, 0, 0, 4, 381.10 3475 9617411
1601607158, 0, 426, 588, 440, 88, 5.30%, 0, 0, 4, 365.37 3475 9619274
1601607199, 0, 426, 589, 441, 88, 5.30%, 0, 0, 4, 369.37 3475 9635382
1601607214, 0, 429, 589, 440, 89, 5.30%, 0, 0, 4, 413.16 3475 9641343
1601607219, 0, 429, 590, 441, 89, 5.31%, 0, 0, 4, 397.47 3478 9643369
1601607265, 0, 429, 591, 442, 89, 5.31%, 0, 0, 4, 373.34 3478 9659867
1601607270, 0, 429, 592, 443, 89, 5.31%, 0, 0, 4, 361.85 3478 9661709
1601607305, 0, 429, 593, 444, 89, 5.31%, 0, 0, 4, 388.31 3479 9675017
1601607377, 0, 429, 595, 446, 89, 5.31%, 0, 0, 4, 395.21 3482 9702691
1601607407, 0, 429, 596, 447, 89, 5.31%, 0, 0, 4, 407.98 3482 9714780
1601607448, 0, 429, 597, 448, 89, 5.31%, 0, 0, 4, 391.47 3482 9730739
1601607453, 0, 432, 598, 448, 92, 5.31%, 0, 0, 4, 419.31 3482 9733002
1601607696, 0, 433, 598, 447, 91, 5.31%, 0, 0, 4, 434.11 3482 9825656
1601607961, 0, 435, 598, 446, 90, 5.31%, 0, 0, 4, 403.08 3482 9925782
1601608225, 0, 438, 598, 445, 89, 5.31%, 0, 0, 4, 411.42 3482 10025701
1601608479, 0, 441, 598, 444, 88, 5.31%, 0, 0, 4, 417.68 3482 10123044
1601608561, 0, 441, 599, 445, 88, 5.31%, 0, 0, 4, 380.89 3482 10151962
1601608617, 0, 441, 600, 446, 88, 5.31%, 0, 0, 4, 352.16 3482 10172753
1601608749, 0, 442, 601, 446, 88, 5.31%, 0, 0, 4, 381.15 3482 10223302
1601608836, 0, 442, 602, 447, 88, 5.31%, 0, 0, 4, 363.44 3482 10253941
1601608944, 0, 442, 603, 448, 88, 5.31%, 0, 0, 4, 381.52 3483 10293464
1601609046, 0, 444, 603, 447, 89, 5.31%, 0, 0, 4, 420.85 3483 10332060
1601609316, 0, 445, 603, 446, 88, 5.31%, 0, 0, 4, 427.24 3483 10434460
1601609336, 0, 445, 606, 449, 88, 5.31%, 0, 0, 4, 356.55 3483 10441850
1601609357, 0, 445, 607, 450, 88, 5.31%, 0, 0, 4, 349.21 3483 10449084
1601609448, 0, 445, 608, 451, 88, 5.31%, 0, 0, 4, 367.66 3483 10482669
1601609560, 0, 446, 608, 450, 88, 5.31%, 0, 0, 4, 426.36 3483 10526792
1601609590, 0, 446, 609, 451, 88, 5.31%, 0, 0, 4, 367.21 3483 10538023
1601609677, 0, 446, 610, 452, 88, 5.31%, 0, 0, 4, 392.14 3483 10570451
1601609804, 0, 448, 610, 451, 89, 5.31%, 0, 0, 4, 433.57 3483 10620563
1601610011, 0, 449, 610, 450, 88, 5.31%, 0, 0, 4, 448.37 3483 10708633
1601610093, 0, 450, 610, 449, 87, 5.31%, 0, 0, 4, 452.69 3483 10744845
1601610139, 0, 450, 611, 450, 87, 5.31%, 0, 0, 4, 419.31 3483 10764457
1601610252, 0, 452, 611, 449, 87, 5.31%, 0, 0, 4, 429.91 3483 10813016
1601610491, 0, 453, 611, 448, 86, 5.31%, 0, 0, 4, 426.75 3483 10904778
1601610761, 0, 454, 611, 447, 85, 5.31%, 0, 0, 4, 410.62 3483 11007431
1601610776, 0, 454, 612, 448, 85, 5.32%, 0, 0, 4, 361.34 3486 11012933
1601611000, 0, 456, 612, 447, 85, 5.32%, 0, 0, 4, 441.34 3486 11099018
1601611076, 0, 457, 612, 446, 84, 5.32%, 0, 0, 4, 411.10 3486 11133463
1601611368, 0, 458, 612, 445, 83, 5.32%, 0, 0, 4, 433.48 3486 11242499
1601611440, 0, 459, 612, 444, 82, 5.32%, 0, 0, 4, 434.16 3486 11275286
1601611670, 0, 459, 613, 445, 82, 5.32%, 0, 0, 4, 415.80 3486 11359680
1601611736, 0, 464, 613, 444, 81, 5.32%, 0, 0, 4, 422.71 3486 11384940
1601611741, 0, 464, 614, 445, 81, 5.32%, 0, 0, 4, 436.65 3487 11387164
1601611756, 0, 464, 615, 446, 81, 5.32%, 0, 0, 4, 441.77 3487 11393876
1601611838, 0, 465, 616, 446, 81, 5.32%, 0, 0, 4, 449.63 3489 11429895
1601611934, 0, 466, 616, 445, 81, 5.32%, 0, 0, 4, 457.75 3489 11472756
1601612036, 0, 468, 616, 444, 80, 5.32%, 0, 0, 4, 445.78 3489 11517924
1601612132, 0, 474, 616, 443, 79, 5.32%, 0, 0, 4, 425.25 3489 11560665
1601612138, 0, 474, 617, 444, 79, 5.32%, 0, 0, 4, 375.50 3489 11562501
1601612215, 0, 474, 618, 445, 79, 5.32%, 0, 0, 4, 387.33 3489 11590186
1601612322, 0, 474, 619, 446, 79, 5.32%, 0, 0, 4, 400.33 3489 11630494
1601612430, 0, 475, 619, 445, 79, 5.32%, 0, 0, 4, 440.65 3489 11671875
1601612496, 0, 475, 620, 446, 79, 5.32%, 0, 0, 4, 443.60 3489 11701188
1601612521, 0, 476, 620, 445, 78, 5.32%, 0, 0, 4, 441.65 3489 11712498
1601612817, 0, 479, 620, 444, 77, 5.32%, 0, 0, 4, 428.49 3489 11822947
1601612823, 0, 479, 622, 446, 77, 5.33%, 0, 0, 4, 436.61 3491 11825171
1601612843, 0, 479, 623, 447, 77, 5.33%, 0, 0, 4, 425.64 3491 11833827
1601612924, 0, 481, 623, 446, 78, 5.33%, 0, 0, 4, 443.79 3491 11869273
1601612929, 0, 481, 624, 447, 78, 5.33%, 0, 0, 4, 434.92 3492 11871505
1601612965, 0, 481, 625, 448, 78, 5.33%, 0, 0, 4, 437.26 3493 11886912
1601613031, 0, 482, 626, 448, 78, 5.33%, 0, 0, 4, 402.44 3493 11915713
1601613082, 0, 482, 627, 449, 78, 5.33%, 0, 0, 4, 367.46 3493 11933778
1601613113, 0, 482, 628, 450, 78, 5.33%, 0, 0, 4, 393.72 3493 11944980
1601613118, 0, 482, 629, 451, 78, 5.33%, 0, 0, 4, 384.69 3493 11946913
1601613322, 0, 484, 629, 450, 77, 5.33%, 0, 0, 4, 413.23 3493 12023991
1601613434, 0, 490, 631, 451, 76, 5.33%, 0, 0, 4, 424.42 3493 12073333
1601613486, 0, 490, 633, 453, 76, 5.33%, 0, 0, 4, 375.01 3493 12091509
1601613522, 0, 490, 635, 455, 76, 5.33%, 0, 0, 4, 372.56 3494 12104693
1601613731, 0, 494, 635, 454, 77, 5.33%, 0, 0, 4, 444.42 3494 12184318
1601613807, 0, 494, 636, 455, 77, 5.33%, 0, 0, 4, 450.82 3494 12218390
1601613812, 0, 495, 636, 454, 76, 5.33%, 0, 0, 4, 429.73 3494 12220582
1601614046, 0, 496, 636, 453, 75, 5.33%, 0, 0, 4, 429.95 3494 12310792
1601614061, 0, 496, 637, 454, 75, 5.34%, 0, 0, 4, 362.48 3498 12316378
1601614178, 0, 496, 638, 455, 75, 5.34%, 0, 0, 4, 367.75 3499 12359730
1601614284, 0, 497, 638, 454, 76, 5.34%, 0, 0, 4, 417.43 3499 12401962
1601614356, 0, 498, 638, 453, 75, 5.34%, 0, 0, 4, 455.18 3499 12434757
1601614432, 0, 499, 638, 452, 74, 5.34%, 0, 0, 4, 464.63 3499 12469163
1601614509, 0, 500, 638, 451, 73, 5.34%, 0, 0, 4, 457.72 3499 12503707
1601614585, 0, 500, 639, 452, 73, 5.34%, 0, 0, 4, 452.21 3499 12537424
1601614590, 0, 500, 640, 453, 73, 5.34%, 0, 0, 4, 448.58 3500 12539685
1601614595, 0, 501, 640, 452, 74, 5.34%, 0, 0, 4, 448.34 3500 12542024
1601614677, 0, 502, 640, 451, 73, 5.34%, 0, 0, 4, 458.92 3500 12578067
1601614763, 0, 504, 640, 450, 72, 5.34%, 0, 0, 4, 437.53 3500 12616515
1601614932, 0, 505, 640, 449, 71, 5.34%, 0, 0, 4, 447.03 3500 12688395
1601615101, 0, 506, 640, 448, 70, 5.34%, 0, 0, 4, 447.68 3500 12760447
1601615203, 0, 506, 641, 449, 70, 5.34%, 0, 0, 4, 424.64 3501 12803821
1601615275, 0, 510, 641, 448, 70, 5.34%, 0, 0, 4, 409.57 3501 12834452
1601615518, 0, 511, 641, 447, 69, 5.34%, 0, 0, 4, 400.98 3501 12927622
1601615778, 0, 513, 641, 446, 68, 5.34%, 0, 0, 4, 418.92 3501 13025030
1601616042, 0, 516, 641, 445, 67, 5.34%, 0, 0, 4, 414.92 3501 13124521
1601616339, 0, 517, 641, 444, 66, 5.34%, 0, 0, 4, 396.45 3501 13235153
1601616636, 0, 519, 641, 443, 65, 5.34%, 0, 0, 4, 388.41 3501 13345498
1601616651, 0, 519, 642, 444, 65, 5.34%, 0, 0, 4, 350.63 3501 13350770
1601616917, 0, 519, 643, 445, 65, 5.34%, 0, 0, 4, 353.63 3502 13449013
1601616932, 0, 522, 643, 444, 65, 5.34%, 0, 0, 4, 404.64 3502 13455103
1601617229, 0, 524, 643, 443, 64, 5.34%, 0, 0, 4, 422.23 3502 13564634
1601617525, 0, 525, 643, 442, 63, 5.34%, 0, 0, 4, 421.09 3502 13674832
1601617823, 0, 526, 643, 441, 62, 5.34%, 0, 0, 4, 395.11 3502 13785525
1601618114, 0, 527, 643, 440, 61, 5.34%, 0, 0, 4, 415.40 3502 13894284
1601618411, 0, 528, 643, 439, 60, 5.34%, 0, 0, 4, 410.58 3502 14005393
1601618708, 0, 529, 643, 438, 59, 5.34%, 0, 0, 4, 396.23 3502 14116118
1601618999, 0, 530, 643, 437, 58, 5.34%, 0, 0, 4, 423.62 3502 14225211
1601619254, 0, 531, 643, 436, 57, 5.34%, 0, 0, 4, 424.73 3502 14321697
1601619551, 0, 533, 643, 435, 56, 5.34%, 0, 0, 4, 408.85 3502 14432840
1601619770, 0, 533, 644, 436, 56, 5.34%, 0, 0, 4, 355.53 3502 14513837
1601619775, 0, 533, 645, 437, 56, 5.34%, 0, 0, 4, 396.56 3502 14515811
1601619832, 0, 533, 646, 438, 56, 5.35%, 0, 0, 4, 354.41 3504 14537358
1601619847, 0, 534, 646, 437, 56, 5.35%, 0, 0, 4, 401.02 3504 14543435
1601620129, 0, 534, 648, 439, 56, 5.35%, 0, 0, 4, 350.00 3506 14648129
1601620139, 0, 535, 648, 438, 55, 5.35%, 0, 0, 4, 411.53 3506 14652180
1601620425, 0, 535, 649, 439, 55, 5.35%, 0, 0, 4, 362.46 3506 14758923
1601620435, 0, 537, 649, 438, 55, 5.35%, 0, 0, 4, 430.34 3506 14763111
1601620506, 0, 537, 650, 439, 55, 5.35%, 0, 0, 4, 454.57 3506 14795212
1601620517, 0, 538, 650, 438, 54, 5.35%, 0, 0, 4, 448.93 3506 14799805
1601620681, 0, 539, 650, 437, 53, 5.35%, 0, 0, 4, 439.04 3506 14870022
1601620732, 0, 539, 651, 438, 53, 5.35%, 0, 0, 4, 372.84 3508 14888338
1601620768, 0, 539, 652, 439, 53, 5.36%, 0, 0, 4, 369.57 3512 14901522
1601620942, 0, 542, 652, 437, 53, 5.36%, 0, 0, 4, 439.42 3512 14968574
1601621091, 0, 543, 652, 436, 52, 5.36%, 0, 0, 4, 419.59 3512 15032924
1601621388, 0, 544, 653, 436, 51, 5.36%, 0, 0, 5, 445.10 3513 15143739
1601621459, 0, 544, 654, 437, 51, 5.36%, 0, 0, 5, 454.21 3513 15175904
1601621464, 0, 545, 655, 437, 51, 5.36%, 0, 0, 5, 459.97 3513 15178240
1601621530, 0, 545, 657, 439, 51, 5.37%, 0, 0, 5, 453.80 3517 15207958
1601621540, 0, 545, 658, 440, 51, 5.37%, 0, 0, 5, 454.10 3517 15212565
1601621545, 0, 547, 658, 439, 51, 5.37%, 0, 0, 5, 452.06 3517 15214848
1601621622, 0, 548, 661, 441, 50, 5.37%, 0, 0, 5, 459.07 3517 15249398
1601621698, 0, 548, 662, 442, 50, 5.37%, 0, 0, 5, 452.51 3517 15283802
1601621713, 0, 549, 662, 441, 50, 5.37%, 0, 0, 5, 453.88 3517 15290766
1601621891, 0, 553, 662, 440, 49, 5.37%, 0, 0, 5, 462.08 3517 15370468
1601622073, 0, 556, 662, 439, 48, 5.37%, 0, 0, 5, 448.39 3517 15452297
1601622200, 0, 556, 663, 440, 48, 5.37%, 0, 0, 5, 447.48 3517 15508891
1601622246, 0, 556, 664, 441, 48, 5.37%, 0, 0, 5, 459.31 3517 15529485
1601622251, 0, 557, 665, 441, 48, 5.37%, 0, 0, 5, 431.32 3517 15531675
1601622465, 0, 558, 665, 440, 48, 5.37%, 0, 0, 5, 424.48 3517 15620574
1601622761, 0, 559, 665, 439, 47, 5.37%, 0, 0, 5, 417.79 3517 15731810
1601623057, 0, 565, 666, 439, 46, 5.37%, 0, 0, 5, 432.67 3517 15842957
1601623123, 0, 565, 667, 440, 46, 5.37%, 0, 0, 5, 414.73 3517 15869802
1601623270, 0, 565, 668, 441, 46, 5.37%, 0, 0, 5, 435.22 3517 15930921
1601623280, 0, 566, 668, 440, 46, 5.37%, 0, 0, 5, 420.15 3517 15935355
1601623498, 0, 567, 668, 439, 45, 5.37%, 0, 0, 5, 439.44 3517 16025329
1601623503, 0, 567, 669, 440, 45, 5.37%, 0, 0, 5, 413.93 3517 16027409
1601623716, 0, 571, 669, 439, 44, 5.37%, 0, 0, 5, 444.03 3517 16115598
1601623721, 0, 571, 670, 440, 44, 5.37%, 0, 0, 5, 398.65 3517 16117599
1601623732, 0, 571, 671, 441, 44, 5.37%, 0, 0, 5, 348.47 3517 16121134
1601623737, 0, 571, 672, 442, 44, 5.37%, 0, 0, 5, 349.25 3517 16122948
1601623762, 0, 571, 673, 443, 44, 5.37%, 0, 0, 5, 348.66 3517 16131894
1601623850, 0, 571, 676, 446, 44, 5.37%, 0, 0, 5, 354.87 3517 16163994
1601623916, 0, 571, 677, 447, 44, 5.37%, 0, 0, 5, 367.37 3517 16189747
1601623962, 0, 571, 678, 448, 44, 5.37%, 0, 0, 5, 368.59 3517 16207883
1601623983, 0, 573, 678, 447, 44, 5.37%, 0, 0, 5, 443.01 3517 16216149
1601624100, 0, 573, 679, 448, 44, 5.37%, 0, 0, 5, 439.08 3517 16265886
1601624187, 0, 574, 679, 447, 43, 5.37%, 0, 0, 5, 457.51 3517 16303390
1601624316, 0, 574, 680, 448, 43, 5.37%, 0, 0, 5, 427.29 3517 16358011
1601624377, 0, 574, 681, 449, 43, 5.37%, 0, 0, 5, 418.94 3517 16384417
1601624387, 0, 581, 681, 448, 43, 5.37%, 0, 0, 5, 405.60 3517 16388678
1601624648, 0, 587, 681, 447, 42, 5.37%, 0, 0, 5, 412.98 3517 16485860
1601624916, 0, 589, 681, 446, 41, 5.37%, 0, 0, 5, 414.91 3517 16584154
1601625150, 0, 589, 682, 447, 41, 5.37%, 0, 0, 5, 384.17 3517 16672247
1601625161, 0, 591, 682, 446, 40, 5.37%, 0, 0, 5, 229.85 3517 16676451
1601625176, 0, 591, 683, 447, 40, 5.37%, 0, 0, 5, 352.89 3517 16681774
1601625207, 0, 591, 684, 448, 40, 5.37%, 0, 0, 5, 364.94 3517 16692672
1601625405, 0, 592, 686, 449, 40, 5.37%, 0, 0, 5, 404.23 3518 16767949
1601625563, 0, 592, 687, 450, 40, 5.37%, 0, 0, 5, 398.04 3519 16827108
1601625644, 0, 593, 687, 449, 41, 5.37%, 0, 0, 5, 406.53 3519 16859484
1601625725, 0, 593, 688, 450, 41, 5.37%, 0, 0, 5, 390.28 3519 16889333
1601625801, 0, 593, 689, 451, 41, 5.37%, 0, 0, 5, 402.03 3519 16918953
1601625878, 0, 594, 689, 450, 40, 5.37%, 0, 0, 5, 434.51 3519 16949373
1601626041, 0, 594, 690, 451, 40, 5.37%, 0, 0, 5, 401.00 3519 17010725
1601626122, 0, 599, 690, 450, 40, 5.37%, 0, 0, 5, 402.84 3519 17042829
1601626137, 0, 599, 691, 451, 40, 5.37%, 0, 0, 5, 354.96 3519 17048291
1601626381, 0, 600, 691, 450, 39, 5.37%, 0, 0, 5, 436.45 3519 17141366
1601626386, 0, 600, 692, 451, 39, 5.37%, 0, 0, 5, 386.79 3519 17143275
1601626678, 0, 602, 692, 450, 38, 5.37%, 0, 0, 5, 448.41 3519 17252697
1601626764, 0, 605, 692, 449, 37, 5.37%, 0, 0, 5, 406.22 3519 17291325
1601626780, 0, 605, 694, 451, 37, 5.37%, 0, 0, 5, 356.02 3519 17296749
1601626805, 0, 605, 695, 452, 37, 5.37%, 0, 0, 5, 352.49 3519 17305979
1601626897, 0, 605, 698, 455, 37, 5.37%, 0, 0, 5, 365.03 3520 17339943
1601627005, 0, 606, 698, 454, 39, 5.37%, 0, 0, 5, 442.99 3520 17382929
1601627249, 0, 608, 698, 453, 38, 5.37%, 0, 0, 5, 439.56 3520 17477086
1601627408, 0, 609, 698, 452, 37, 5.37%, 0, 0, 5, 430.15 3520 17545016
1601627454, 0, 609, 699, 453, 37, 5.37%, 0, 0, 5, 347.50 3520 17561332
1601627546, 0, 609, 700, 454, 37, 5.37%, 0, 0, 5, 393.06 3520 17595868
1601627658, 0, 611, 700, 453, 37, 5.37%, 0, 0, 5, 401.87 3520 17640559
1601627673, 0, 611, 701, 454, 37, 5.37%, 0, 0, 5, 358.99 3520 17646078
1601627785, 0, 611, 702, 455, 37, 5.37%, 0, 0, 5, 357.84 3520 17687883
1601627897, 0, 613, 702, 454, 36, 5.37%, 0, 0, 5, 446.30 3520 17732358
1601627999, 0, 615, 702, 453, 35, 5.37%, 0, 0, 5, 441.81 3520 17777201
1601628004, 0, 615, 703, 454, 35, 5.37%, 0, 0, 5, 380.72 3522 17779060
1601628106, 0, 615, 704, 455, 35, 5.37%, 0, 0, 5, 373.87 3522 17815467
1601628300, 0, 616, 704, 454, 36, 5.37%, 0, 0, 5, 443.69 3522 17887996
1601628305, 0, 616, 705, 455, 36, 5.37%, 0, 0, 5, 380.83 3522 17889871
1601628602, 0, 620, 705, 454, 35, 5.37%, 0, 0, 5, 445.19 3522 17999669
1601628607, 0, 620, 706, 455, 35, 5.38%, 0, 0, 5, 441.02 3523 18001901
1601628709, 0, 621, 706, 454, 35, 5.38%, 0, 0, 5, 449.46 3523 18046434
1601628714, 0, 621, 707, 455, 35, 5.38%, 0, 0, 5, 436.55 3526 18048645
1601628801, 0, 621, 708, 456, 35, 5.38%, 0, 0, 5, 423.28 3526 18085493
1601628821, 0, 623, 709, 456, 35, 5.38%, 0, 0, 5, 428.63 3527 18094362
1601628928, 0, 624, 710, 456, 35, 5.38%, 0, 0, 5, 449.51 3528 18140885
1601629035, 0, 632, 710, 455, 35, 5.38%, 0, 0, 5, 444.30 3528 18187028
1601629040, 0, 632, 712, 457, 35, 5.38%, 0, 0, 5, 388.33 3528 18188921
1601629060, 0, 632, 713, 458, 35, 5.38%, 0, 0, 5, 360.00 3528 18196058
1601629091, 0, 632, 714, 459, 35, 5.38%, 0, 0, 5, 356.69 3528 18206848
1601629341, 0, 633, 714, 458, 35, 5.38%, 0, 0, 5, 439.94 3528 18298815
1601629346, 0, 633, 715, 459, 35, 5.38%, 0, 0, 5, 387.95 3528 18300784
1601629642, 0, 636, 715, 458, 34, 5.38%, 0, 0, 5, 434.72 3528 18409497
1601629683, 0, 636, 716, 459, 34, 5.64%, 0, 0, 5, 362.80 3694 18424565
1601629774, 0, 636, 718, 461, 34, 5.65%, 0, 0, 5, 354.94 3700 18458521
1601629886, 0, 637, 718, 460, 35, 5.65%, 0, 0, 5, 441.13 3700 18502910
1601629973, 0, 637, 719, 461, 35, 5.65%, 0, 0, 5, 381.41 3700 18534845
1601630019, 0, 637, 721, 463, 35, 5.67%, 0, 0, 5, 349.35 3718 18551789
1601630141, 0, 638, 721, 462, 36, 5.67%, 0, 0, 5, 444.51 3718 18599356
1601630222, 0, 638, 722, 463, 36, 5.67%, 0, 0, 5, 453.23 3718 18635016
1601630228, 0, 639, 722, 462, 36, 5.67%, 0, 0, 5, 452.09 3718 18637389
1601630294, 0, 639, 723, 463, 36, 5.67%, 0, 0, 5, 433.25 3718 18666640
1601630309, 0, 640, 723, 462, 35, 5.67%, 0, 0, 5, 437.76 3718 18673415
1601630483, 0, 646, 723, 461, 34, 5.67%, 0, 0, 5, 413.89 3718 18747937
1601630499, 0, 646, 724, 462, 34, 5.68%, 0, 0, 5, 355.80 3720 18753424
1601630708, 0, 646, 725, 463, 34, 5.68%, 0, 0, 5, 356.60 3722 18830555
1601630770, 0, 646, 727, 465, 34, 5.69%, 0, 0, 5, 353.74 3727 18853906
1601630785, 0, 647, 727, 464, 37, 5.69%, 0, 0, 5, 417.10 3727 18860195
1601631082, 0, 648, 727, 463, 36, 5.69%, 0, 0, 5, 439.34 3727 18971019
1601631383, 0, 648, 728, 464, 36, 5.69%, 0, 0, 5, 415.26 3727 19082225
1601631388, 0, 650, 728, 463, 35, 5.69%, 0, 0, 5, 441.97 3727 19084473
1601631470, 0, 650, 729, 464, 35, 5.69%, 0, 0, 5, 392.95 3727 19113940
1601631480, 0, 650, 730, 465, 35, 5.69%, 0, 0, 5, 374.15 3728 19117833
1601631654, 0, 651, 730, 464, 36, 5.69%, 0, 0, 5, 444.76 3728 19184480
1601631920, 0, 655, 730, 463, 35, 5.69%, 0, 0, 5, 433.20 3728 19284024
1601631997, 0, 655, 731, 464, 35, 5.69%, 0, 0, 6, 453.68 3728 19318348
1601632007, 0, 655, 732, 465, 35, 5.69%, 0, 0, 6, 453.35 3728 19322977
1601632012, 0, 661, 732, 464, 34, 5.69%, 0, 0, 6, 460.30 3728 19325314
1601632017, 0, 661, 733, 465, 34, 5.69%, 0, 0, 6, 449.40 3728 19327572
1601632129, 0, 664, 733, 464, 33, 5.69%, 0, 0, 6, 457.61 3728 19377097
1601632134, 0, 664, 734, 465, 33, 5.69%, 0, 0, 6, 429.82 3728 19379270
1601632352, 0, 665, 735, 465, 33, 5.69%, 0, 0, 6, 420.58 3728 19468696
1601632565, 0, 669, 735, 464, 33, 5.69%, 0, 0, 6, 439.14 3728 19556747
1601632575, 0, 669, 736, 465, 33, 5.69%, 0, 0, 6, 353.60 3729 19560457
1601632836, 0, 679, 736, 464, 33, 5.69%, 0, 0, 6, 432.50 3729 19658414
1601632964, 0, 679, 737, 465, 33, 5.69%, 0, 0, 6, 431.87 3729 19712564
1601633031, 0, 684, 737, 464, 32, 5.69%, 0, 0, 6, 449.89 3729 19741133
1601633270, 0, 685, 737, 463, 31, 5.69%, 0, 0, 6, 444.98 3729 19833068
1601633275, 0, 685, 738, 464, 31, 5.69%, 0, 0, 6, 436.07 3729 19835324
1601633361, 0, 685, 739, 465, 31, 5.69%, 0, 0, 6, 445.80 3729 19873521
1601633372, 0, 686, 739, 464, 30, 5.69%, 0, 0, 6, 445.98 3729 19878039
1601633610, 0, 689, 739, 463, 29, 5.69%, 0, 0, 6, 428.47 3729 19969533
1601633772, 0, 689, 741, 465, 29, 5.69%, 0, 0, 6, 399.84 3729 20030854
1601633848, 0, 695, 741, 464, 29, 5.69%, 0, 0, 6, 445.61 3729 20061138
1601634092, 0, 696, 741, 463, 28, 5.69%, 0, 0, 6, 427.87 3729 20154389
1601634336, 0, 697, 741, 462, 27, 5.69%, 0, 0, 6, 402.23 3729 20248065
1601634376, 0, 697, 742, 463, 27, 5.69%, 0, 0, 6, 355.62 3730 20262792
1601634494, 0, 697, 743, 464, 27, 5.69%, 0, 0, 6, 409.30 3730 20307592
1601634575, 0, 699, 743, 463, 27, 5.69%, 0, 0, 6, 431.48 3730 20340231
1601634824, 0, 702, 743, 462, 26, 5.69%, 0, 0, 6, 442.53 3730 20436170
1601634921, 0, 703, 743, 461, 25, 5.69%, 0, 0, 6, 459.22 3730 20478986
1601634977, 0, 703, 744, 462, 25, 5.69%, 0, 0, 6, 361.18 3730 20499203
1601635013, 0, 703, 745, 463, 25, 5.69%, 0, 0, 6, 370.30 3730 20512393
1601635218, 0, 705, 745, 462, 25, 5.69%, 0, 0, 6, 434.07 3730 20589853
1601635223, 0, 705, 746, 463, 25, 5.69%, 0, 0, 6, 440.34 3731 20592135
1601635325, 0, 707, 746, 462, 25, 5.69%, 0, 0, 6, 458.08 3731 20636979
1601635330, 0, 707, 747, 463, 25, 5.69%, 0, 0, 6, 444.21 3732 20639254
1601635350, 0, 707, 748, 464, 25, 5.69%, 0, 0, 6, 438.88 3732 20648118
1601635437, 0, 708, 749, 464, 25, 5.70%, 0, 0, 6, 443.47 3733 20686502
1601635539, 0, 709, 749, 463, 25, 5.70%, 0, 0, 6, 454.95 3733 20731639
1601635544, 0, 709, 750, 464, 25, 5.70%, 0, 0, 6, 446.36 3734 20733948
1601635646, 0, 714, 750, 463, 25, 5.70%, 0, 0, 6, 454.16 3734 20778759
1601635752, 0, 715, 750, 462, 24, 5.70%, 0, 0, 6, 427.02 3734 20825749
1601635767, 0, 715, 753, 465, 24, 5.71%, 0, 0, 6, 350.72 3741 20831258
1601635819, 0, 715, 755, 467, 24, 5.71%, 0, 0, 6, 351.76 3741 20849689
1601636033, 0, 718, 755, 466, 26, 5.71%, 0, 0, 6, 446.96 3741 20931893
1601636120, 0, 718, 756, 467, 26, 5.71%, 0, 0, 6, 377.22 3741 20963685
1601636282, 0, 719, 756, 466, 25, 5.71%, 0, 0, 6, 435.26 3741 21026947
1601636302, 0, 719, 757, 467, 25, 5.71%, 0, 0, 6, 349.16 3742 21034322
1601636328, 0, 719, 758, 468, 25, 5.71%, 0, 0, 6, 350.07 3742 21043429
1601636430, 0, 719, 760, 470, 25, 5.71%, 0, 0, 6, 355.06 3743 21081195
1601636563, 0, 719, 761, 471, 25, 5.71%, 0, 0, 6, 435.27 3743 21133058
1601636573, 0, 720, 761, 470, 26, 5.71%, 0, 0, 6, 444.50 3743 21137588
1601636860, 0, 721, 761, 469, 25, 5.71%, 0, 0, 6, 446.09 3743 21245955
1601636946, 0, 723, 761, 468, 24, 5.71%, 0, 0, 6, 425.31 3743 21284437
1601637232, 0, 723, 762, 469, 24, 5.72%, 0, 0, 6, 373.56 3746 21391377
1601637247, 0, 724, 762, 468, 24, 5.72%, 0, 0, 6, 403.44 3746 21397579
1601637532, 0, 724, 763, 469, 24, 5.72%, 0, 0, 6, 376.44 3748 21504405
1601637542, 0, 725, 763, 468, 24, 5.72%, 0, 0, 6, 429.43 3748 21508699
1601637827, 0, 725, 765, 470, 24, 5.73%, 0, 0, 6, 357.55 3753 21615471
1601637842, 0, 725, 766, 471, 24, 5.73%, 0, 0, 6, 435.65 3753 21621589
1601637847, 0, 726, 766, 470, 25, 5.73%, 0, 0, 6, 454.97 3753 21623912
1601638148, 0, 728, 766, 469, 24, 5.73%, 0, 0, 6, 422.63 3753 21737415
1601638408, 0, 729, 766, 468, 23, 5.73%, 0, 0, 6, 439.64 3753 21836575
1601638674, 0, 730, 766, 467, 22, 5.73%, 0, 0, 6, 449.91 3753 21937574
1601638745, 0, 730, 767, 468, 22, 5.73%, 0, 0, 7, 454.74 3753 21969709
1601638756, 0, 730, 768, 469, 22, 5.73%, 0, 0, 7, 453.43 3753 21974371
1601638761, 0, 733, 768, 468, 21, 5.73%, 0, 0, 7, 463.81 3753 21976734
1601638766, 0, 733, 769, 469, 21, 5.73%, 0, 0, 7, 424.76 3753 21978851
1601638842, 0, 733, 770, 470, 21, 5.73%, 0, 0, 7, 416.69 3753 22010064
1601638979, 0, 734, 771, 470, 22, 5.73%, 0, 0, 7, 439.16 3753 22067292
1601639045, 0, 734, 772, 471, 22, 5.73%, 0, 0, 7, 415.57 3753 22094177
1601639197, 0, 735, 772, 470, 22, 5.73%, 0, 0, 7, 408.11 3753 22157555
1601639212, 0, 735, 773, 471, 22, 5.73%, 0, 0, 7, 352.68 3753 22162951
1601639325, 0, 735, 774, 472, 22, 5.73%, 0, 0, 7, 363.32 3753 22203867
1601639366, 0, 735, 775, 473, 22, 5.73%, 0, 0, 7, 399.08 3754 22219924
1601639459, 0, 739, 775, 472, 23, 5.73%, 0, 0, 7, 442.84 3754 22256277
1601639702, 0, 741, 775, 471, 22, 5.73%, 0, 0, 7, 405.22 3754 22349979
1601639717, 0, 741, 776, 472, 22, 5.73%, 0, 0, 7, 359.82 3757 22355482
1601639829, 0, 741, 777, 473, 22, 5.73%, 0, 0, 7, 364.06 3758 22397105
1601639941, 0, 743, 777, 472, 24, 5.73%, 0, 0, 7, 441.45 3758 22441842
1601639946, 0, 743, 778, 473, 24, 5.73%, 0, 0, 7, 433.71 3758 22444092
1601640090, 0, 745, 779, 473, 23, 5.74%, 0, 0, 7, 451.34 3761 22506291
1601640196, 0, 746, 779, 472, 23, 5.74%, 0, 0, 7, 448.27 3761 22553598
1601640303, 0, 748, 780, 472, 22, 5.74%, 0, 0, 7, 448.34 3761 22600847
1601640410, 0, 749, 780, 471, 22, 5.74%, 0, 0, 7, 454.10 3761 22648111
1601640415, 0, 749, 781, 472, 22, 5.74%, 0, 0, 7, 439.78 3764 22650287
1601640501, 0, 749, 782, 473, 22, 5.74%, 0, 0, 7, 448.62 3764 22688251
1601640521, 0, 751, 782, 472, 22, 5.74%, 0, 0, 7, 408.05 3764 22697099
1601640701, 0, 751, 783, 473, 22, 5.74%, 0, 0, 7, 398.56 3764 22763753
1601640807, 0, 753, 783, 472, 21, 5.74%, 0, 0, 7, 408.81 3764 22805336
1601641112, 0, 756, 783, 471, 20, 5.74%, 0, 0, 7, 417.13 3764 22920188
1601641259, 0, 756, 784, 472, 20, 5.75%, 0, 0, 7, 362.17 3766 22974016
1601641397, 0, 759, 784, 471, 20, 5.75%, 0, 0, 7, 435.83 3766 23028008
1601641402, 0, 759, 785, 472, 20, 5.75%, 0, 0, 7, 397.92 3766 23030010
1601641417, 0, 759, 786, 473, 20, 5.75%, 0, 0, 7, 355.08 3766 23035369
1601641478, 0, 759, 787, 474, 20, 5.75%, 0, 0, 7, 393.79 3766 23057698
1601641688, 0, 761, 787, 473, 20, 5.75%, 0, 0, 7, 421.29 3766 23138289
1601641972, 0, 761, 788, 474, 20, 5.75%, 0, 0, 7, 354.24 3768 23244763
1601641993, 0, 762, 788, 473, 20, 5.75%, 0, 0, 7, 428.90 3768 23253165
1601642299, 0, 763, 788, 472, 19, 5.75%, 0, 0, 7, 438.72 3768 23367795
1601642610, 0, 764, 788, 471, 18, 5.75%, 0, 0, 7, 403.86 3768 23484734
1601642914, 0, 768, 788, 470, 17, 5.75%, 0, 0, 7, 440.41 3768 23599405
1601642919, 0, 768, 789, 471, 17, 5.75%, 0, 0, 8, 417.91 3768 23601517
1601643133, 0, 769, 789, 470, 17, 5.75%, 0, 0, 8, 450.76 3768 23691078
1601643240, 0, 770, 789, 469, 16, 5.75%, 0, 0, 8, 448.28 3768 23738434
1601643306, 0, 770, 790, 470, 16, 5.75%, 0, 0, 8, 424.68 3768 23765599
1601643459, 0, 772, 790, 469, 15, 5.75%, 0, 0, 8, 428.31 3768 23829893
1601643695, 0, 772, 791, 470, 15, 5.75%, 0, 0, 8, 386.43 3768 23918978
1601643726, 0, 774, 791, 469, 14, 5.75%, 0, 0, 8, 443.88 3768 23931323
1601643890, 0, 775, 791, 468, 13, 5.75%, 0, 0, 8, 407.13 3768 24002373
1601643905, 0, 775, 792, 469, 13, 5.75%, 0, 0, 8, 354.90 3769 24007861
1601644134, 0, 776, 792, 468, 13, 5.75%, 0, 0, 8, 420.19 3769 24096413
1601644383, 0, 778, 794, 469, 12, 5.75%, 0, 0, 8, 405.03 3770 24192038
1601644679, 0, 779, 794, 468, 13, 5.75%, 0, 0, 8, 434.72 3770 24303526
1601644684, 0, 779, 795, 469, 13, 5.76%, 0, 0, 8, 427.25 3773 24305720
1601644770, 0, 779, 796, 470, 13, 5.76%, 0, 0, 8, 443.99 3773 24343647
1601644790, 0, 781, 796, 469, 13, 5.76%, 0, 0, 8, 457.14 3773 24352686
1601644902, 0, 782, 796, 468, 12, 5.76%, 0, 0, 8, 424.57 3773 24401912
1601645191, 0, 783, 796, 467, 11, 5.76%, 0, 0, 8, 407.96 3773 24511284
1601645471, 0, 784, 797, 467, 10, 5.76%, 0, 0, 8, 415.63 3773 24617607
1601645487, 0, 784, 799, 469, 10, 5.76%, 0, 0, 8, 356.34 3773 24623118
1601645757, 0, 787, 799, 468, 10, 5.76%, 0, 0, 8, 443.90 3773 24726029
1601645798, 0, 787, 800, 469, 10, 5.76%, 0, 0, 8, 356.29 3773 24740752
1601646064, 0, 788, 800, 468, 10, 5.76%, 0, 0, 8, 440.97 3773 24841264
1601646287, 0, 791, 800, 467, 9, 5.76%, 0, 0, 8, 447.91 3773 24934223
1601646536, 0, 792, 800, 466, 8, 5.76%, 0, 0, 8, 451.73 3773 25030102
1601646648, 0, 793, 800, 465, 7, 5.76%, 0, 0, 8, 458.31 3773 25079744
1601646760, 0, 795, 800, 464, 6, 5.76%, 0, 0, 8, 459.66 3773 25129165
1601646872, 0, 796, 800, 463, 5, 5.76%, 0, 0, 8, 461.16 3773 25178355
1601646893, 0, 796, 802, 465, 5, 5.76%, 0, 0, 9, 352.42 3773 25185722
1601646954, 0, 796, 803, 466, 5, 5.76%, 0, 0, 9, 379.34 3773 25207995
1601647164, 0, 799, 803, 465, 4, 5.76%, 0, 0, 9, 446.66 3773 25288668
1601647476, 1, 1, 803, 464, 3, 5.76%, 0, 0, 9, 460.65 3773 25406041
1601647481, 1, 13, 803, 463, 3, 5.76%, 0, 0, 9, 465.95 3773 25408401
1601647542, 1, 148, 803, 462, 2, 5.76%, 0, 0, 9, 464.62 3773 25436587
1601647796, 1, 224, 803, 461, 2, 5.76%, 0, 0, 9, 440.38 3773 25533978
1601647872, 1, 286, 803, 460, 2, 5.76%, 0, 0, 9, 458.12 3773 25568275
1601648132, 1, 306, 803, 459, 2, 5.76%, 0, 0, 9, 433.08 3773 25667036
1601648385, 1, 350, 803, 458, 2, 5.76%, 0, 0, 9, 451.10 3773 25764860
1601648451, 1, 436, 803, 457, 1, 5.76%, 0, 0, 9, 437.24 3773 25794830
1601648672, 1, 436, 804, 458, 1, 5.76%, 0, 0, 9, 354.01 3773 25875936
1601648753, 1, 662, 804, 457, 1, 5.76%, 0, 0, 9, 440.91 3773 25907407
1601648896, 1, 667, 804, 456, 0, 5.76%, 0, 0, 9, 462.60 3773 25971708
1601648977, 1, 668, 804, 455, 0, 5.76%, 0, 0, 9, 435.35 3773 26008595
1601649278, 1, 671, 804, 454, 0, 5.76%, 0, 0, 9, 428.15 3773 26121785
1601649545, 1, 672, 804, 453, 0, 5.76%, 0, 0, 9, 433.27 3773 26222256
1601649811, 1, 674, 804, 452, 0, 5.76%, 0, 0, 9, 446.19 3773 26322728
1601650011, 1, 674, 805, 453, 0, 5.76%, 0, 0, 9, 402.76 3773 26397070
1601650067, 1, 684, 805, 452, 0, 5.76%, 0, 0, 9, 444.22 3773 26419410
1601650072, 1, 687, 805, 452, 0, 5.76%, 0, 0, 9, 443.69 3773 26421668
1601650174, 1, 687, 806, 453, 0, 5.76%, 0, 0, 9, 379.67 3773 26459747
1601650316, 1, 688, 806, 452, 0, 5.76%, 0, 0, 9, 411.38 3773 26515802
1601650478, 1, 688, 807, 453, 0, 5.76%, 0, 0, 9, 393.23 3773 26577114
1601650560, 1, 698, 807, 452, 0, 5.76%, 0, 0, 9, 440.63 3773 26609890
1601650768, 1, 699, 807, 451, 0, 5.76%, 0, 0, 9, 450.89 3773 26698834
1601650773, 1, 701, 807, 451, 0, 5.76%, 0, 0, 9, 409.37 3773 26700921
1601651018, 1, 707, 807, 450, 0, 5.76%, 0, 0, 9, 446.59 3773 26794696
1601651023, 1, 711, 807, 450, 0, 5.76%, 0, 0, 9, 406.77 3773 26796754
1601651325, 1, 712, 807, 449, 0, 5.76%, 0, 0, 9, 440.58 3773 26910081
1601651421, 1, 714, 807, 448, 0, 5.76%, 0, 0, 9, 454.24 3773 26952207
1601651426, 1, 723, 807, 448, 0, 5.76%, 0, 0, 9, 451.20 3773 26954473
1601651431, 1, 727, 807, 448, 0, 5.76%, 0, 0, 9, 455.86 3773 26956755
1601651452, 1, 727, 809, 450, 0, 5.76%, 0, 0, 9, 356.76 3773 26964134
1601651477, 1, 727, 810, 451, 0, 5.76%, 0, 0, 9, 353.02 3773 26973175
1601651497, 1, 727, 811, 452, 0, 5.77%, 0, 0, 9, 360.72 3779 26980535
1601651568, 1, 727, 812, 453, 0, 5.77%, 0, 0, 9, 355.83 3779 27007276
1601651701, 1, 727, 813, 454, 0, 5.77%, 0, 0, 9, 418.34 3779 27059208
1601651706, 1, 808, 813, 453, 2, 5.77%, 0, 0, 9, 422.09 3779 27061378
1601651726, 1, 808, 814, 454, 2, 5.77%, 0, 0, 9, 353.66 3779 27068666
1601651843, 1, 808, 816, 456, 2, 5.78%, 0, 0, 9, 349.95 3786 27112199
1601651980, 1, 810, 816, 455, 2, 5.78%, 0, 0, 9, 454.73 3786 27166517
1601652000, 1, 810, 819, 458, 2, 5.78%, 0, 0, 9, 349.40 3786 27173801
1601652021, 1, 810, 820, 459, 2, 5.78%, 0, 0, 9, 354.91 3786 27181214
1601652133, 1, 810, 823, 462, 2, 5.78%, 0, 0, 9, 351.90 3786 27222590
1601652210, 1, 810, 824, 463, 2, 5.78%, 0, 0, 9, 391.69 3786 27251821
1601652266, 1, 810, 825, 464, 2, 5.78%, 0, 0, 9, 353.49 3786 27273508
1601652291, 1, 815, 825, 463, 3, 5.78%, 0, 0, 9, 453.84 3786 27283996
1601652358, 1, 815, 826, 464, 3, 5.78%, 0, 0, 9, 357.06 3786 27307729
1601652445, 1, 815, 827, 465, 3, 5.78%, 0, 0, 9, 349.24 3786 27340042
1601652604, 1, 818, 827, 464, 3, 5.78%, 0, 0, 9, 444.91 3786 27401245
1601652757, 1, 818, 828, 465, 3, 5.78%, 0, 0, 9, 350.69 3786 27457263
1601652921, 1, 820, 828, 464, 2, 5.78%, 0, 0, 9, 405.77 3786 27520549
1601652937, 1, 820, 830, 466, 2, 5.78%, 0, 0, 9, 353.47 3786 27526037
1601653070, 1, 820, 831, 467, 2, 5.78%, 0, 0, 9, 351.95 3786 27574928
1601653147, 1, 820, 832, 468, 2, 5.78%, 0, 0, 9, 351.63 3786 27604059
1601653152, 1, 820, 833, 469, 2, 5.78%, 0, 0, 9, 393.82 3786 27606101
1601653213, 1, 820, 834, 470, 2, 5.78%, 0, 0, 9, 369.72 3786 27629542
1601653234, 1, 825, 834, 469, 3, 5.78%, 0, 0, 9, 445.97 3786 27637934
1601653551, 1, 827, 834, 468, 2, 5.78%, 0, 0, 9, 447.52 3786 27757827
1601653843, 1, 827, 835, 469, 2, 5.78%, 0, 0, 9, 353.66 3786 27866372
1601653874, 1, 830, 835, 468, 3, 5.78%, 0, 0, 9, 432.49 3786 27879132
1601654011, 1, 830, 836, 469, 3, 5.78%, 0, 0, 9, 351.38 3786 27929539
1601654158, 1, 832, 836, 468, 2, 5.78%, 0, 0, 9, 405.26 3786 27987676
1601654307, 1, 832, 837, 469, 2, 5.78%, 0, 0, 9, 350.28 3786 28042077
1601654312, 1, 832, 838, 470, 2, 5.78%, 0, 0, 9, 358.42 3786 28043863
1601654476, 1, 834, 838, 469, 1, 5.78%, 0, 0, 9, 454.18 3786 28107525
1601654798, 2, 5, 838, 468, 0, 5.78%, 0, 0, 9, 460.12 3786 28229245
1601654803, 2, 40, 838, 467, 0, 5.78%, 0, 0, 9, 466.22 3786 28231621
1601654880, 2, 46, 838, 466, 0, 5.78%, 0, 0, 9, 465.84 3786 28266382
1601655182, 2, 54, 838, 465, 0, 5.78%, 0, 0, 9, 445.43 3786 28379689
1601655284, 2, 57, 838, 464, 0, 5.78%, 0, 0, 9, 458.24 3786 28424992
1601655365, 2, 60, 838, 463, 0, 5.78%, 0, 0, 9, 457.39 3786 28461571
1601655446, 2, 68, 838, 462, 0, 5.78%, 0, 0, 9, 459.65 3786 28498261
1601655527, 2, 71, 838, 461, 0, 5.78%, 0, 0, 9, 456.92 3786 28534624
1601655532, 2, 73, 838, 461, 0, 5.78%, 0, 0, 9, 410.41 3786 28536708
1601655829, 2, 76, 838, 460, 0, 5.78%, 0, 0, 9, 421.62 3786 28648103
1601656131, 2, 85, 838, 459, 0, 5.78%, 0, 0, 9, 400.96 3786 28761061
1601656433, 2, 87, 838, 458, 0, 5.78%, 0, 0, 9, 439.53 3786 28873773
1601656519, 2, 89, 838, 457, 0, 5.78%, 0, 0, 9, 453.65 3786 28912097
1601656524, 2, 95, 838, 457, 0, 5.78%, 0, 0, 9, 426.18 3786 28914264
1601656738, 2, 96, 838, 456, 0, 5.78%, 0, 0, 9, 434.03 3786 29002774
1601656743, 2, 100, 839, 457, 0, 5.78%, 0, 0, 9, 401.17 3786 29004800
1601657041, 2, 102, 839, 456, 0, 5.78%, 0, 0, 9, 434.86 3786 29115901
1601657343, 2, 103, 839, 455, 0, 5.78%, 0, 0, 9, 426.21 3786 29228728
1601657561, 2, 105, 839, 454, 0, 5.78%, 0, 0, 9, 446.26 3786 29319568
1601657684, 2, 109, 839, 453, 0, 5.78%, 0, 0, 9, 443.67 3786 29373195
1601657839, 2, 112, 839, 452, 0, 5.78%, 0, 0, 9, 448.79 3786 29439642
1601658008, 2, 120, 839, 451, 0, 5.78%, 0, 0, 9, 456.51 3786 29512257
1601658197, 2, 123, 839, 450, 0, 5.78%, 0, 0, 9, 445.91 3786 29592768
1601658366, 2, 124, 839, 449, 0, 5.78%, 0, 0, 9, 452.21 3786 29664831
1601658539, 2, 128, 839, 448, 0, 5.78%, 0, 0, 9, 422.47 3786 29738854
1601658837, 2, 134, 839, 447, 0, 5.78%, 0, 0, 9, 422.70 3786 29850100
1601659022, 2, 136, 839, 446, 0, 5.78%, 0, 0, 9, 448.40 3786 29929040
1601659216, 2, 139, 839, 445, 0, 5.78%, 0, 0, 9, 437.39 3786 30011372
1601659454, 2, 141, 839, 444, 0, 5.78%, 0, 0, 9, 439.37 3786 30103377
1601659698, 2, 146, 839, 443, 0, 5.78%, 0, 0, 9, 404.11 3786 30197134
1601659952, 2, 151, 839, 442, 0, 5.78%, 0, 0, 9, 420.81 3786 30294365
1601660253, 2, 160, 839, 441, 0, 5.78%, 0, 0, 9, 420.93 3786 30407378
1601660502, 2, 164, 839, 440, 0, 5.78%, 0, 0, 9, 416.83 3786 30502736
1601660750, 2, 183, 839, 439, 0, 5.78%, 0, 0, 9, 447.08 3786 30598113
1601660826, 2, 189, 839, 438, 0, 5.78%, 0, 0, 9, 455.47 3786 30632144
1601660831, 2, 190, 839, 438, 0, 5.78%, 0, 0, 9, 433.44 3786 30634332
1601660990, 2, 192, 839, 437, 0, 5.78%, 0, 0, 9, 448.83 3786 30702713
1601660995, 2, 201, 839, 437, 0, 5.78%, 0, 0, 9, 453.68 3786 30705101
1601661072, 2, 205, 839, 436, 0, 5.78%, 0, 0, 9, 422.80 3786 30739473
1601661369, 2, 206, 839, 435, 0, 5.78%, 0, 0, 9, 431.13 3786 30850717
1601661592, 2, 219, 839, 434, 0, 5.78%, 0, 0, 9, 443.89 3786 30943659
1601661705, 2, 227, 839, 433, 0, 5.78%, 0, 0, 9, 462.20 3786 30992734
1601661786, 2, 235, 839, 432, 0, 5.78%, 0, 0, 9, 403.72 3786 31029055
1601662083, 2, 245, 839, 431, 0, 5.78%, 0, 0, 9, 424.97 3786 31140099
1601662088, 2, 246, 839, 431, 0, 5.78%, 0, 0, 9, 398.79 3786 31142120
1601662385, 2, 249, 839, 430, 0, 5.78%, 0, 0, 9, 423.91 3786 31253540
1601662683, 2, 260, 839, 428, 0, 5.78%, 0, 0, 9, 454.18 3786 31365200
1601662764, 2, 267, 839, 427, 0, 5.78%, 0, 0, 9, 456.56 3786 31401839
1601662769, 2, 280, 839, 427, 0, 5.78%, 0, 0, 9, 442.11 3786 31404091
1601663070, 2, 297, 839, 426, 0, 5.78%, 0, 0, 9, 445.86 3786 31517189
1601663172, 2, 304, 839, 425, 0, 5.78%, 0, 0, 9, 447.82 3786 31562593
1601663289, 2, 311, 839, 424, 0, 5.78%, 0, 0, 9, 408.37 3786 31613941
1601663587, 2, 316, 839, 423, 0, 5.78%, 0, 0, 9, 434.41 3786 31725322
1601663704, 2, 324, 839, 422, 0, 5.78%, 0, 0, 9, 426.90 3786 31776839
1601663964, 2, 329, 839, 421, 0, 5.78%, 0, 0, 9, 438.93 3786 31875894
1601664076, 2, 332, 839, 420, 0, 5.78%, 0, 0, 9, 454.37 3786 31925217
1601664081, 2, 337, 839, 420, 0, 5.78%, 0, 0, 9, 408.54 3786 31927275
1601664378, 2, 343, 839, 419, 0, 5.78%, 0, 0, 9, 442.62 3786 32038670
1601664496, 2, 344, 839, 418, 0, 5.78%, 0, 0, 9, 444.72 3786 32090183
1601664638, 2, 371, 839, 417, 0, 5.78%, 0, 0, 9, 457.42 3786 32152591
1601664643, 2, 374, 839, 417, 0, 5.78%, 0, 0, 9, 409.21 3786 32154640
1601664659, 2, 374, 840, 418, 0, 5.78%, 0, 0, 9, 354.25 3786 32160099
1601664940, 2, 382, 840, 417, 0, 5.78%, 0, 0, 9, 436.52 3786 32266223
1601665021, 2, 383, 840, 416, 0, 5.78%, 0, 0, 9, 454.72 3786 32302572
1601665026, 2, 388, 841, 417, 0, 5.78%, 0, 0, 9, 405.59 3786 32304611
1601665323, 2, 398, 841, 416, 0, 5.78%, 0, 0, 9, 426.91 3786 32416064
1601665588, 2, 404, 841, 415, 0, 5.78%, 0, 0, 9, 430.43 3786 32517261
1601665757, 2, 404, 842, 416, 0, 5.78%, 0, 0, 9, 443.03 3786 32590058
1601665762, 2, 405, 842, 415, 0, 5.78%, 0, 0, 9, 448.78 3786 32592340
1601665937, 2, 411, 842, 414, 0, 5.78%, 0, 0, 9, 407.03 3786 32667047
1601666166, 2, 411, 843, 415, 0, 5.78%, 0, 0, 9, 374.47 3786 32752998
1601666182, 2, 412, 843, 414, 0, 5.78%, 0, 0, 9, 433.40 3786 32759373
1601666382, 2, 415, 843, 413, 0, 5.78%, 0, 0, 9, 437.58 3786 32844868
1601666577, 2, 420, 843, 412, 0, 5.78%, 0, 0, 9, 413.05 3786 32928567
1601666588, 2, 420, 844, 413, 0, 5.78%, 0, 0, 9, 349.36 3786 32932213
1601666838, 2, 420, 845, 414, 0, 5.78%, 0, 0, 9, 416.34 3786 33025506
1601666843, 2, 422, 845, 413, 0, 5.78%, 0, 0, 9, 440.41 3786 33027852
1601666854, 2, 422, 846, 414, 0, 5.78%, 0, 0, 9, 426.10 3786 33032252
1601666895, 2, 422, 847, 415, 0, 5.78%, 0, 0, 9, 423.76 3786 33049811
1601667044, 2, 427, 848, 415, 0, 5.78%, 0, 0, 9, 450.75 3786 33113970
1601667243, 2, 433, 848, 414, 0, 5.78%, 0, 0, 9, 443.08 3786 33198936
1601667248, 2, 439, 848, 414, 0, 5.78%, 0, 0, 9, 405.21 3786 33201058
1601667464, 2, 439, 850, 416, 0, 5.79%, 0, 0, 9, 358.83 3793 33280635
1601667546, 2, 635, 850, 415, 1, 5.79%, 0, 0, 9, 436.63 3793 33312414
1601667627, 2, 849, 850, 414, 1, 5.79%, 0, 0, 9, 462.77 3793 33349412
1601667648, 2, 849, 852, 416, 1, 5.79%, 0, 0, 9, 351.03 3793 33356809
1601667776, 2, 849, 853, 417, 1, 5.79%, 0, 0, 9, 351.52 3793 33403534
1601667853, 2, 849, 854, 418, 1, 5.79%, 0, 0, 9, 387.24 3793 33432930
1601667935, 2, 853, 854, 417, 1, 5.79%, 0, 0, 9, 451.82 3793 33465038
1601667976, 2, 853, 855, 418, 1, 5.79%, 0, 0, 9, 358.61 3793 33479769
1601668210, 2, 854, 855, 417, 1, 5.79%, 0, 0, 9, 410.47 3793 33570021
1601668251, 2, 854, 856, 418, 1, 5.79%, 0, 0, 9, 353.80 3793 33584755
1601668403, 2, 854, 857, 419, 1, 5.79%, 0, 0, 9, 370.72 3793 33642408
1601668454, 2, 854, 858, 420, 1, 5.79%, 0, 0, 9, 356.76 3793 33662499
1601668474, 2, 854, 859, 421, 1, 5.79%, 0, 0, 9, 431.39 3793 33670641
1601668485, 2, 854, 860, 422, 1, 5.79%, 0, 0, 9, 448.75 3793 33675177
1601668510, 2, 857, 860, 421, 2, 5.79%, 0, 0, 9, 409.92 3793 33686387
1601668708, 2, 857, 861, 422, 2, 5.79%, 0, 0, 9, 362.58 3793 33760366
1601668753, 2, 857, 862, 423, 2, 5.79%, 0, 0, 9, 364.26 3793 33778569
1601668784, 3, 53, 862, 422, 1, 5.79%, 0, 0, 9, 451.99 3793 33791225
1601668865, 3, 97, 862, 421, 1, 5.79%, 0, 0, 9, 452.89 3793 33827637
1601669084, 3, 347, 862, 420, 1, 5.79%, 0, 0, 9, 434.11 3793 33918448
1601669307, 3, 348, 862, 419, 0, 5.79%, 0, 0, 9, 439.98 3793 34012990
1601669500, 3, 349, 862, 418, 0, 5.79%, 0, 0, 9, 440.63 3793 34094791
1601669586, 3, 351, 862, 417, 0, 5.79%, 0, 0, 9, 431.52 3793 34133497
1601669888, 3, 355, 862, 416, 0, 5.79%, 0, 0, 9, 401.29 3793 34246185
1601670174, 3, 355, 863, 417, 0, 5.79%, 0, 0, 9, 385.73 3793 34352557
1601670189, 3, 356, 863, 416, 0, 5.79%, 0, 0, 9, 400.93 3793 34358681
