# unix_time, cycles_done, cur_path, paths_total, pending_total, pending_favs, map_size, unique_crashes, unique_hangs, max_depth, execs_per_sec, edge_coverage, total_execs
1605562138, 0, 0, 1, 1, 1, 0.10%, 0, 0, 1, 285.71 0 8
1605562143, 0, 0, 31, 31, 1, 0.12%, 0, 0, 2, 955.22 79 5611
1605562148, 0, 0, 35, 35, 1, 0.12%, 0, 0, 2, 1102.09 79 11361
1605562153, 0, 0, 39, 39, 1, 0.13%, 0, 0, 2, 1144.43 82 17355
1605562158, 0, 0, 40, 40, 1, 0.13%, 0, 0, 2, 1161.18 82 23216
1605562163, 0, 0, 42, 42, 1, 0.13%, 0, 0, 2, 1164.21 82 29189
1605562168, 0, 1, 42, 41, 9, 0.13%, 0, 0, 2, 1187.11 82 35228
1605562173, 0, 8, 42, 38, 6, 0.13%, 0, 0, 2, 1125.54 82 40944
1605562178, 0, 17, 42, 36, 4, 0.13%, 0, 0, 2, 1072.74 82 46257
1605562183, 0, 37, 44, 36, 4, 0.13%, 0, 0, 3, 909.10 84 50828
1605562189, 0, 38, 46, 37, 4, 0.13%, 0, 0, 3, 948.09 86 55698
1605562194, 0, 45, 47, 36, 2, 0.14%, 0, 0, 4, 1005.87 90 60757
1605563115, 0, 46, 52, 40, 2, 0.16%, 0, 0, 5, 970.40 102 66776
1605563120, 0, 46, 53, 41, 2, 0.16%, 0, 0, 5, 730.46 103 70042
1605563125, 0, 46, 57, 45, 2, 0.17%, 0, 0, 5, 942.15 111 75070
1605563130, 0, 46, 60, 48, 2, 0.18%, 0, 0, 5, 984.38 116 80015
1605563136, 0, 46, 61, 49, 2, 0.18%, 0, 0, 5, 996.88 117 85210
1605563141, 0, 46, 62, 50, 2, 0.18%, 0, 0, 5, 992.09 118 90215
1605563146, 0, 46, 63, 51, 2, 0.19%, 0, 0, 5, 998.41 125 95353
1605563156, 0, 50, 63, 50, 4, 0.19%, 0, 0, 5, 767.58 125 104229
1605563161, 0, 56, 63, 49, 3, 0.19%, 0, 0, 5, 823.14 125 108207
1605563176, 0, 60, 63, 48, 2, 0.19%, 0, 0, 5, 471.18 125 116379
1605563207, 0, 60, 65, 50, 2, 0.19%, 0, 0, 6, 400.06 127 126476
1605563212, 0, 60, 69, 54, 2, 0.20%, 0, 0, 6, 634.39 131 129947
1605563217, 0, 60, 70, 55, 2, 0.20%, 0, 0, 6, 678.51 132 133451
1605563237, 0, 60, 71, 56, 2, 0.20%, 0, 0, 6, 689.56 132 147642
1605563242, 0, 64, 71, 55, 5, 0.20%, 0, 0, 6, 566.09 132 150648
1605563283, 0, 65, 71, 54, 4, 0.20%, 0, 0, 6, 524.24 132 164542
1605563298, 0, 66, 71, 53, 3, 0.20%, 0, 0, 6, 447.59 132 171694
1605563349, 0, 68, 72, 53, 2, 0.20%, 0, 0, 7, 368.77 134 186777
1605563374, 0, 69, 72, 52, 2, 0.20%, 0, 0, 7, 440.64 134 196932
1605563389, 0, 69, 73, 53, 2, 0.21%, 0, 0, 7, 276.98 136 201579
1605563430, 0, 72, 73, 52, 2, 0.21%, 0, 0, 7, 333.24 136 212403
1605563446, 0, 72, 75, 54, 2, 0.21%, 0, 0, 8, 245.45 140 216932
1605563481, 0, 73, 75, 53, 3, 0.21%, 0, 0, 8, 423.58 140 226604
1605563486, 0, 73, 77, 55, 3, 0.23%, 0, 0, 9, 288.09 154 227822
1605563502, 0, 73, 78, 56, 3, 0.24%, 0, 0, 9, 221.64 156 232327
1605563538, 0, 73, 79, 57, 3, 0.24%, 0, 0, 9, 533.36 159 242986
1605563543, 0, 75, 79, 56, 5, 0.24%, 0, 0, 9, 383.75 159 245123
1605563548, 0, 75, 80, 57, 5, 0.24%, 0, 0, 10, 275.88 160 246472
1605563558, 0, 75, 82, 59, 5, 0.25%, 0, 0, 10, 262.79 163 249846
1605563599, 0, 76, 82, 58, 7, 0.25%, 0, 0, 10, 358.42 163 261100
1605563655, 0, 77, 82, 57, 6, 0.25%, 0, 0, 10, 346.83 163 277075
1605563706, 0, 77, 83, 58, 6, 0.25%, 0, 0, 10, 419.21 166 291033
1605563711, 0, 77, 84, 59, 6, 0.25%, 0, 0, 10, 561.33 166 294028
1605563716, 0, 78, 84, 58, 6, 0.25%, 0, 0, 10, 400.67 166 296242
1605563777, 0, 79, 84, 57, 5, 0.25%, 0, 0, 10, 461.95 166 312473
1605563841, 0, 80, 84, 56, 4, 0.25%, 0, 0, 10, 1.59 166 329558
1605563861, 0, 80, 85, 57, 4, 0.25%, 0, 0, 11, 224.50 167 335275
1605563902, 0, 81, 85, 56, 4, 0.25%, 0, 0, 11, 368.69 167 347359
1605563958, 0, 82, 86, 56, 3, 0.26%, 0, 0, 11, 337.69 168 363016
1605563978, 0, 82, 87, 57, 3, 0.26%, 0, 0, 11, 201.72 170 368462
1605564018, 0, 86, 87, 56, 2, 0.26%, 0, 0, 11, 452.63 170 379143
1605564044, 0, 86, 88, 57, 2, 0.26%, 0, 0, 12, 183.82 171 385686
1605564079, 0, 86, 89, 58, 2, 0.26%, 0, 0, 12, 370.53 172 394691
1605564084, 0, 86, 90, 59, 2, 0.27%, 0, 0, 12, 542.12 175 397689
1605564095, 0, 86, 91, 60, 2, 0.27%, 0, 0, 12, 597.20 176 403835
1605564100, 0, 86, 92, 61, 2, 0.27%, 0, 0, 12, 592.63 178 406846
1605564110, 0, 89, 92, 60, 5, 0.27%, 0, 0, 12, 488.92 178 412422
1605564115, 0, 89, 93, 61, 5, 0.29%, 0, 0, 13, 262.94 187 413513
1605564182, 0, 92, 94, 61, 4, 0.30%, 0, 0, 14, 371.20 197 431270
1605564187, 0, 92, 96, 63, 4, 0.30%, 0, 0, 14, 285.47 199 432525
1605564253, 0, 93, 96, 62, 6, 0.30%, 0, 0, 14, 335.93 199 450012
1605564258, 0, 93, 97, 63, 6, 0.31%, 0, 0, 15, 277.16 200 451324
1605564278, 0, 93, 98, 64, 6, 0.31%, 0, 0, 15, 173.72 202 456386
1605564283, 0, 93, 100, 66, 6, 0.31%, 0, 0, 15, 147.96 204 457106
1605564319, 0, 93, 101, 67, 6, 0.33%, 0, 0, 15, 460.81 216 466922
1605564324, 0, 93, 102, 68, 6, 0.34%, 0, 0, 15, 556.06 223 469860
1605564344, 0, 93, 103, 69, 6, 0.34%, 0, 0, 15, 574.55 224 481605
1605564349, 0, 100, 103, 68, 6, 0.34%, 0, 0, 15, 371.89 224 483602
1605564354, 0, 100, 107, 72, 6, 0.35%, 0, 0, 16, 224.68 228 484618
1605564379, 0, 100, 110, 75, 6, 0.36%, 0, 0, 16, 155.76 233 490685
1605564384, 0, 100, 112, 77, 6, 0.36%, 0, 0, 16, 136.58 236 491352
1605564430, 0, 100, 113, 78, 6, 0.36%, 0, 0, 16, 483.09 237 503650
1605564441, 0, 101, 113, 77, 11, 0.36%, 0, 0, 16, 505.12 237 509121
1605564446, 0, 101, 115, 79, 11, 0.36%, 0, 0, 16, 292.40 239 510183
1605564481, 0, 101, 116, 80, 11, 0.37%, 0, 0, 16, 132.27 240 517593
1605564486, 0, 101, 117, 81, 11, 0.37%, 0, 0, 16, 158.23 241 518331
1605564532, 0, 101, 118, 82, 11, 0.37%, 0, 0, 16, 457.05 241 529874
1605564547, 0, 102, 118, 81, 14, 0.37%, 0, 0, 16, 163.63 241 536544
1605564705, 0, 107, 118, 80, 13, 0.37%, 0, 0, 16, 358.23 241 563544
1605564791, 0, 108, 118, 79, 12, 0.37%, 0, 0, 16, 340.76 241 585032
1605564873, 0, 109, 118, 78, 11, 0.37%, 0, 0, 16, 512.57 241 605562
1605564960, 0, 110, 118, 77, 10, 0.37%, 0, 0, 16, 427.86 241 627303
1605565046, 0, 111, 118, 76, 9, 0.37%, 0, 0, 16, 298.10 241 648899
1605565128, 0, 112, 118, 75, 8, 0.37%, 0, 0, 16, 482.46 241 669320
1605565245, 0, 113, 118, 74, 7, 0.37%, 0, 0, 16, 359.15 241 694324
1605565342, 0, 114, 118, 73, 6, 0.37%, 0, 0, 16, 262.37 241 716974
1605565382, 0, 114, 119, 74, 6, 0.37%, 0, 0, 17, 122.82 242 725279
1605565433, 0, 115, 119, 73, 5, 0.37%, 0, 0, 17, 435.41 242 738821
1605565530, 0, 118, 119, 72, 4, 0.37%, 0, 0, 17, 327.72 242 761507
1605565571, 0, 118, 120, 73, 4, 0.37%, 0, 0, 18, 125.93 244 769833
1605565627, 0, 119, 121, 73, 4, 0.37%, 0, 0, 19, 246.86 245 784081
1605565718, 0, 120, 121, 72, 4, 0.37%, 0, 0, 19, 427.48 245 805951
1605565764, 0, 120, 122, 73, 4, 0.38%, 0, 0, 20, 536.30 246 815191
1605565811, 0, 120, 123, 74, 4, 0.38%, 0, 0, 20, 468.37 252 826997
1605565826, 0, 122, 123, 73, 4, 0.38%, 0, 0, 20, 153.96 252 833382
1605565831, 0, 122, 125, 75, 4, 0.39%, 0, 0, 21, 184.29 255 834336
1605565959, 0, 124, 125, 74, 4, 0.39%, 0, 0, 21, 221.72 255 858292
1605565969, 0, 124, 126, 75, 4, 0.39%, 0, 0, 22, 203.57 256 860155
1605566019, 0, 124, 127, 76, 4, 0.39%, 0, 0, 22, 99.42 257 868634
1605566091, 0, 125, 127, 75, 5, 0.39%, 0, 0, 22, 246.89 257 883097
1605566218, 0, 125, 128, 76, 5, 0.40%, 0, 0, 23, 402.41 259 906773
1605566228, 0, 125, 129, 77, 5, 0.40%, 0, 0, 23, 472.62 259 911530
1605566254, 0, 126, 129, 76, 5, 0.40%, 0, 0, 23, 376.88 259 922890
1605566391, 0, 127, 129, 75, 4, 0.40%, 0, 0, 23, 294.09 259 949520
1605566396, 0, 127, 130, 76, 4, 0.40%, 0, 0, 24, 141.20 261 950068
1605566549, 0, 127, 131, 77, 4, 0.40%, 0, 0, 24, 401.03 263 976439
1605566559, 0, 129, 131, 76, 4, 0.40%, 0, 0, 24, 264.98 263 979969
1605566718, 0, 130, 131, 75, 3, 0.40%, 0, 0, 24, 323.27 263 1006971
1605566728, 0, 130, 132, 76, 3, 0.40%, 0, 0, 25, 169.11 265 1008583
1605566871, 0, 131, 132, 75, 3, 0.40%, 0, 0, 25, 307.87 265 1033774
1605566948, 0, 131, 133, 76, 3, 0.41%, 0, 0, 26, 156.07 267 1045821
1605567019, 0, 131, 134, 77, 3, 0.41%, 0, 0, 26, 334.71 267 1058726
1605567029, 0, 132, 134, 76, 3, 0.41%, 0, 0, 26, 378.23 267 1062886
1605567106, 0, 132, 135, 77, 3, 0.41%, 0, 0, 27, 90.89 268 1075070
1605567177, 0, 132, 136, 78, 3, 0.41%, 0, 0, 27, 279.13 269 1087458
1605567197, 0, 134, 136, 77, 4, 0.41%, 0, 0, 27, 227.94 269 1094960
