# unix_time, cycles_done, cur_path, paths_total, pending_total, pending_favs, map_size, unique_crashes, unique_hangs, max_depth, execs_per_sec, edge_coverage, total_execs
1602700392, 0, 0, 1, 1, 1, 1.22%, 0, 0, 1, 55.94, 798, 8
1602700402, 0, 0, 6, 6, 1, 1.89%, 0, 0, 2, 46.68, 1238, 474
1602700407, 0, 0, 18, 18, 1, 2.04%, 0, 0, 2, 48.89, 1338, 716
1602700412, 0, 0, 20, 20, 1, 2.05%, 0, 0, 2, 48.50, 1342, 964
1602700417, 0, 0, 24, 24, 1, 2.06%, 0, 0, 2, 48.61, 1347, 1208
1602700422, 0, 0, 25, 25, 1, 2.06%, 0, 0, 2, 49.82, 1347, 1467
1602700433, 0, 0, 28, 28, 1, 2.06%, 0, 0, 2, 49.25, 1347, 1976
1602700448, 0, 0, 30, 30, 1, 2.06%, 0, 0, 2, 48.86, 1347, 2727
1602700489, 0, 0, 31, 31, 1, 2.06%, 0, 0, 2, 48.22, 1347, 4689
1602700545, 0, 0, 49, 49, 1, 2.11%, 0, 0, 2, 48.47, 1384, 7399
1602700550, 0, 0, 75, 75, 1, 2.11%, 0, 0, 2, 47.88, 1384, 7639
1602700555, 0, 0, 79, 79, 1, 2.12%, 0, 0, 2, 47.76, 1387, 7884
1602700561, 0, 0, 80, 80, 1, 2.12%, 0, 0, 2, 48.23, 1388, 8134
1602700566, 0, 0, 91, 91, 1, 2.15%, 0, 0, 2, 48.49, 1406, 8380
1602700581, 0, 0, 92, 92, 1, 2.15%, 0, 0, 2, 48.00, 1406, 9130
1602700586, 0, 0, 93, 93, 1, 2.15%, 0, 0, 2, 48.52, 1406, 9380
1602700627, 0, 0, 94, 94, 1, 2.15%, 0, 0, 2, 48.98, 1406, 11360
1602700689, 0, 0, 95, 95, 1, 2.15%, 0, 0, 2, 48.43, 1406, 14303
1602700704, 0, 0, 105, 105, 1, 2.15%, 0, 0, 2, 46.66, 1406, 15035
1602700715, 0, 0, 115, 115, 1, 2.16%, 0, 0, 2, 49.49, 1414, 15541
1602700720, 0, 0, 117, 117, 1, 2.16%, 0, 0, 2, 47.79, 1414, 15781
1602700740, 0, 0, 118, 118, 1, 2.16%, 0, 0, 2, 48.38, 1414, 16761
1602700766, 0, 0, 119, 119, 1, 2.16%, 0, 0, 2, 47.93, 1414, 17981
1602700848, 0, 0, 120, 120, 1, 2.16%, 0, 0, 2, 47.70, 1414, 21857
1602700858, 0, 0, 128, 128, 1, 2.16%, 0, 0, 2, 43.73, 1414, 22307
1602700863, 0, 0, 129, 129, 1, 2.16%, 0, 0, 2, 46.84, 1414, 22547
1602700868, 0, 0, 130, 130, 1, 2.17%, 0, 0, 2, 48.50, 1425, 22803
1602700883, 0, 0, 132, 132, 1, 2.17%, 0, 0, 2, 46.28, 1425, 23527
1602700888, 0, 0, 133, 133, 1, 2.17%, 0, 0, 2, 48.42, 1425, 23776
1602700898, 0, 0, 134, 134, 1, 2.18%, 0, 0, 2, 47.99, 1427, 24266
1602700904, 0, 0, 137, 137, 1, 2.18%, 0, 0, 2, 49.11, 1428, 24508
1602700909, 0, 0, 138, 138, 1, 2.18%, 0, 0, 2, 47.87, 1428, 24748
1602700924, 0, 0, 147, 147, 1, 2.18%, 0, 0, 2, 45.48, 1428, 25468
1602700929, 0, 0, 171, 171, 1, 2.31%, 0, 0, 2, 42.14, 1515, 25686
1602700934, 0, 0, 181, 181, 1, 2.31%, 0, 0, 2, 49.21, 1515, 25958
1602700944, 0, 0, 184, 184, 1, 2.31%, 0, 0, 2, 48.15, 1515, 26448
1602700995, 0, 0, 185, 185, 1, 2.31%, 0, 0, 2, 48.12, 1515, 28908
1602701016, 0, 0, 186, 186, 1, 2.31%, 0, 0, 2, 48.15, 1515, 29878
1602701066, 0, 0, 187, 187, 1, 2.31%, 0, 0, 2, 48.08, 1515, 32318
1602701845, 0, 0, 188, 188, 1, 2.31%, 0, 0, 2, 48.25, 1515, 69268
1602701897, 0, 0, 190, 190, 1, 2.31%, 0, 0, 2, 47.87, 1515, 71716
1602701902, 0, 0, 191, 191, 1, 2.31%, 0, 0, 2, 47.64, 1515, 71956
1602701907, 0, 0, 196, 196, 1, 2.31%, 0, 0, 2, 40.58, 1515, 72164
1602701973, 0, 0, 205, 205, 1, 2.33%, 0, 0, 2, 59.03, 1526, 75398
1602701978, 0, 0, 206, 206, 1, 2.33%, 0, 0, 2, 50.59, 1526, 75648
1602702019, 0, 0, 207, 207, 1, 2.33%, 0, 0, 2, 48.42, 1526, 77608
1602702044, 0, 0, 208, 208, 1, 2.33%, 0, 0, 2, 48.33, 1526, 78838
1602702486, 0, 0, 209, 209, 1, 2.33%, 0, 0, 2, 47.35, 1526, 99781
1602702735, 0, 0, 210, 210, 1, 2.33%, 0, 0, 2, 47.36, 1526, 111504
1602702755, 0, 0, 211, 211, 1, 2.33%, 0, 0, 2, 45.72, 1526, 112446
1602703019, 0, 0, 212, 212, 1, 2.33%, 0, 0, 2, 47.52, 1526, 124812
1602703030, 0, 0, 213, 213, 1, 2.33%, 0, 0, 2, 44.22, 1526, 125265
1602703035, 0, 0, 214, 214, 1, 2.33%, 0, 0, 2, 46.82, 1526, 125505
1602703640, 0, 0, 215, 215, 1, 2.33%, 0, 0, 2, 47.31, 1526, 153964
1602704050, 0, 0, 218, 218, 1, 2.33%, 0, 0, 2, 37.14, 1526, 172782
1602704055, 0, 0, 224, 224, 1, 2.33%, 0, 0, 2, 44.60, 1530, 173016
1602704101, 0, 0, 226, 226, 1, 2.35%, 0, 0, 2, 44.03, 1538, 175154
1602704106, 0, 0, 230, 230, 1, 2.35%, 0, 0, 2, 51.79, 1541, 175413
1602704111, 0, 0, 251, 251, 1, 2.35%, 0, 0, 2, 55.68, 1541, 175745
1602704281, 0, 0, 258, 258, 1, 2.35%, 0, 0, 2, 36.95, 1541, 183480
1602704317, 0, 0, 272, 272, 1, 2.37%, 0, 0, 2, 71.04, 1555, 185247
1602704322, 0, 0, 274, 274, 1, 2.37%, 0, 0, 2, 51.12, 1555, 185482
1602704613, 0, 0, 276, 276, 1, 2.37%, 0, 0, 2, 40.01, 1555, 198758
1602704618, 0, 0, 283, 283, 1, 2.37%, 0, 0, 2, 33.30, 1555, 198917
1602704623, 0, 0, 286, 286, 1, 2.37%, 0, 0, 2, 43.56, 1555, 199153
1602704634, 0, 0, 287, 287, 1, 2.37%, 0, 0, 2, 46.59, 1555, 199633
1602704690, 0, 0, 292, 292, 1, 2.37%, 0, 0, 2, 42.73, 1555, 202212
1602704695, 0, 0, 310, 310, 1, 2.55%, 0, 0, 2, 42.80, 1669, 202425
1602704700, 0, 0, 326, 326, 1, 2.55%, 0, 0, 2, 39.62, 1673, 202622
1602704705, 0, 0, 341, 341, 1, 2.56%, 0, 0, 2, 39.61, 1676, 202826
1602704710, 0, 0, 354, 354, 1, 2.56%, 0, 0, 2, 40.46, 1680, 203034
1602704715, 0, 0, 366, 366, 1, 2.56%, 0, 0, 2, 41.80, 1680, 203251
1602704721, 0, 0, 379, 379, 1, 2.56%, 0, 0, 2, 42.48, 1680, 203473
1602704726, 0, 0, 391, 391, 1, 2.58%, 0, 0, 2, 44.57, 1694, 203690
1602704731, 0, 0, 402, 402, 1, 2.59%, 0, 0, 2, 42.86, 1699, 203904
1602704736, 0, 0, 409, 409, 1, 2.59%, 0, 0, 2, 40.91, 1699, 204106
1602704741, 0, 0, 417, 417, 1, 2.59%, 0, 0, 2, 42.36, 1700, 204325
1602704746, 0, 0, 428, 428, 1, 2.59%, 0, 0, 2, 48.93, 1700, 204574
1602704751, 0, 0, 436, 436, 1, 2.60%, 0, 0, 2, 43.00, 1704, 204788
1602704757, 0, 0, 446, 446, 1, 2.60%, 0, 0, 2, 43.86, 1705, 205014
1602704762, 0, 0, 450, 450, 1, 2.60%, 0, 0, 2, 38.31, 1705, 205211
1602704767, 0, 0, 458, 458, 1, 2.60%, 0, 0, 2, 40.13, 1705, 205423
1602704772, 0, 0, 467, 467, 1, 2.60%, 0, 0, 2, 43.47, 1705, 205645
1602704777, 0, 0, 473, 473, 1, 2.60%, 0, 0, 2, 41.84, 1705, 205853
1602704782, 0, 0, 481, 481, 1, 2.60%, 0, 0, 2, 40.02, 1705, 206059
1602704787, 0, 0, 486, 486, 1, 2.60%, 0, 0, 2, 43.37, 1705, 206282
1602704792, 0, 0, 491, 491, 1, 2.60%, 0, 0, 2, 43.23, 1705, 206502
1602704797, 0, 0, 495, 495, 1, 2.60%, 0, 0, 2, 42.26, 1705, 206713
1602704802, 0, 0, 499, 499, 1, 2.60%, 0, 0, 2, 43.45, 1705, 206936
1602704808, 0, 0, 501, 501, 1, 2.60%, 0, 0, 2, 44.04, 1705, 207156
1602704813, 0, 0, 507, 507, 1, 2.60%, 0, 0, 2, 43.70, 1707, 207375
1602704818, 0, 0, 512, 512, 1, 2.61%, 0, 0, 2, 43.92, 1708, 207592
1602704823, 0, 0, 517, 517, 1, 2.61%, 0, 0, 2, 44.58, 1708, 207818
1602704828, 0, 0, 522, 522, 1, 2.61%, 0, 0, 2, 41.91, 1709, 208023
1602704833, 0, 0, 526, 526, 1, 2.61%, 0, 0, 2, 42.80, 1709, 208249
1602704838, 0, 0, 532, 532, 1, 2.61%, 0, 0, 2, 43.94, 1711, 208470
1602704843, 0, 0, 535, 535, 1, 2.61%, 0, 0, 2, 42.89, 1711, 208694
1602704848, 0, 0, 537, 537, 1, 2.62%, 0, 0, 2, 44.41, 1714, 208919
1602704853, 0, 0, 541, 541, 1, 2.62%, 0, 0, 2, 41.10, 1714, 209123
1602704859, 0, 0, 543, 543, 1, 2.62%, 0, 0, 2, 42.24, 1714, 209341
1602704864, 0, 0, 544, 544, 1, 2.62%, 0, 0, 2, 42.72, 1714, 209564
1602704869, 0, 0, 549, 549, 1, 2.62%, 0, 0, 2, 45.21, 1717, 209796
1602704874, 0, 0, 552, 552, 1, 2.62%, 0, 0, 2, 45.78, 1719, 210035
1602704879, 0, 0, 556, 556, 1, 2.62%, 0, 0, 2, 40.57, 1719, 210228
1602704884, 0, 0, 559, 559, 1, 2.62%, 0, 0, 2, 41.52, 1719, 210440
1602704889, 0, 0, 561, 561, 1, 2.62%, 0, 0, 2, 41.91, 1719, 210661
1602704894, 0, 0, 566, 566, 1, 2.62%, 0, 0, 2, 40.45, 1719, 210862
1602704899, 0, 0, 571, 571, 1, 2.62%, 0, 0, 2, 44.35, 1719, 211082
1602704905, 0, 0, 572, 572, 1, 2.62%, 0, 0, 2, 40.70, 1719, 211288
1602704910, 0, 0, 575, 575, 1, 2.62%, 0, 0, 2, 43.28, 1719, 211518
1602704915, 0, 0, 576, 576, 1, 2.62%, 0, 0, 2, 40.41, 1719, 211728
1602704920, 0, 0, 577, 577, 1, 2.62%, 0, 0, 2, 39.47, 1719, 211927
1602704925, 0, 0, 580, 580, 1, 2.62%, 0, 0, 2, 44.31, 1720, 212147
1602704930, 0, 0, 583, 583, 1, 2.62%, 0, 0, 2, 44.43, 1720, 212368
1602704935, 0, 0, 585, 585, 1, 2.62%, 0, 0, 2, 43.48, 1720, 212589
1602704940, 0, 0, 588, 588, 1, 2.62%, 0, 0, 2, 41.36, 1720, 212796
1602704945, 0, 0, 593, 593, 1, 2.62%, 0, 0, 2, 44.50, 1720, 213023
1602704950, 0, 0, 595, 595, 1, 2.63%, 0, 0, 2, 43.15, 1721, 213241
1602704961, 0, 0, 596, 596, 1, 2.63%, 0, 0, 2, 39.53, 1721, 213665
1602704966, 0, 0, 599, 599, 1, 2.63%, 0, 0, 2, 39.75, 1721, 213859
1602704971, 0, 0, 600, 600, 1, 2.63%, 0, 0, 2, 41.64, 1721, 214075
1602704976, 0, 0, 602, 602, 1, 2.63%, 0, 0, 2, 41.81, 1721, 214288
1602704981, 0, 0, 603, 603, 1, 2.63%, 0, 0, 2, 42.69, 1721, 214506
1602704986, 0, 0, 604, 604, 1, 2.63%, 0, 0, 2, 44.95, 1721, 214737
1602704991, 0, 0, 605, 605, 1, 2.63%, 0, 0, 2, 46.28, 1721, 214974
1602705002, 0, 0, 607, 607, 1, 2.63%, 0, 0, 2, 44.73, 1721, 215417
1602705007, 0, 0, 608, 608, 1, 2.63%, 0, 0, 2, 44.21, 1721, 215636
1602705012, 0, 0, 609, 609, 1, 2.63%, 0, 0, 2, 43.07, 1721, 215849
1602705017, 0, 0, 610, 610, 1, 2.63%, 0, 0, 2, 43.03, 1721, 216070
1602705022, 0, 0, 612, 612, 1, 2.63%, 0, 0, 2, 45.11, 1721, 216304
1602705027, 0, 0, 614, 614, 1, 2.63%, 0, 0, 2, 40.36, 1721, 216509
1602705032, 0, 0, 616, 616, 1, 2.63%, 0, 0, 2, 41.62, 1721, 216722
1602705037, 0, 0, 619, 619, 1, 2.63%, 0, 0, 2, 42.75, 1721, 216940
1602705043, 0, 0, 620, 620, 1, 2.63%, 0, 0, 2, 43.60, 1721, 217163
1602705048, 0, 0, 621, 621, 1, 2.63%, 0, 0, 2, 41.43, 1721, 217371
1602705053, 0, 0, 622, 622, 1, 2.63%, 0, 0, 2, 44.37, 1721, 217605
1602705058, 0, 0, 624, 624, 1, 2.63%, 0, 0, 2, 44.34, 1721, 217829
1602705063, 0, 0, 625, 625, 1, 2.63%, 0, 0, 2, 42.47, 1721, 218044
1602705068, 0, 0, 626, 626, 1, 2.63%, 0, 0, 2, 42.05, 1721, 218261
1602705073, 0, 0, 627, 627, 1, 2.63%, 0, 0, 2, 41.72, 1721, 218476
1602705084, 0, 0, 630, 630, 1, 2.63%, 0, 0, 2, 40.20, 1721, 218897
1602705089, 0, 0, 631, 631, 1, 2.63%, 0, 0, 2, 42.93, 1721, 219118
1602705094, 0, 0, 632, 632, 1, 2.63%, 0, 0, 2, 44.24, 1721, 219350
1602705104, 0, 0, 633, 633, 1, 2.63%, 0, 0, 2, 43.29, 1721, 219773
1602705109, 0, 0, 634, 634, 1, 2.63%, 0, 0, 2, 42.70, 1721, 219989
1602705114, 0, 0, 636, 636, 1, 2.63%, 0, 0, 2, 42.78, 1721, 220205
1602705119, 0, 0, 637, 637, 1, 2.63%, 0, 0, 2, 42.86, 1721, 220424
1602705135, 0, 0, 641, 641, 1, 2.63%, 0, 0, 2, 40.50, 1721, 221083
1602705140, 0, 0, 642, 642, 1, 2.63%, 0, 0, 2, 44.15, 1721, 221313
1602705145, 0, 2, 642, 641, 35, 2.63%, 0, 0, 2, 2443.00, 1721, 225545
1602705165, 0, 5, 642, 640, 34, 2.63%, 0, 0, 2, 23.49, 1721, 227953
1602705459, 0, 5, 643, 641, 34, 2.63%, 0, 0, 3, 26.10, 1721, 235434
1602705717, 0, 5, 644, 642, 34, 2.63%, 0, 0, 3, 25.31, 1721, 241904
1602712490, 0, 5, 646, 644, 34, 2.63%, 0, 0, 3, 24.84, 1721, 409375
1602713090, 0, 5, 647, 645, 34, 2.63%, 0, 0, 3, 26.80, 1721, 424496
1602713095, 0, 5, 648, 646, 34, 2.63%, 0, 0, 3, 27.62, 1721, 424644
1602713223, 0, 5, 650, 648, 34, 2.63%, 0, 0, 3, 30.52, 1721, 427915
1602713249, 0, 5, 651, 649, 34, 2.63%, 0, 0, 3, 31.23, 1721, 428703
1602713254, 0, 5, 652, 650, 34, 2.63%, 0, 0, 3, 32.19, 1721, 428867
1602713259, 0, 5, 653, 651, 34, 2.63%, 0, 0, 3, 31.37, 1723, 429026
1602713279, 0, 5, 654, 652, 34, 2.63%, 0, 0, 3, 29.14, 1723, 429654
1602713284, 0, 5, 655, 653, 34, 2.63%, 0, 0, 3, 31.10, 1723, 429815
1602713295, 0, 5, 656, 654, 34, 2.63%, 0, 0, 3, 31.03, 1723, 430127
1602713300, 0, 5, 657, 655, 34, 2.63%, 0, 0, 3, 29.30, 1725, 430271
1602713325, 0, 5, 658, 656, 34, 2.63%, 0, 0, 3, 32.07, 1725, 431056
1602713336, 0, 5, 659, 657, 34, 2.63%, 0, 0, 3, 32.64, 1725, 431395
1602713341, 0, 5, 660, 658, 34, 2.63%, 0, 0, 3, 31.15, 1725, 431551
1602713346, 0, 5, 662, 660, 34, 2.63%, 0, 0, 3, 30.86, 1725, 431710
1602713356, 0, 5, 665, 663, 34, 2.63%, 0, 0, 3, 33.42, 1725, 432043
1602713366, 0, 5, 666, 664, 34, 2.63%, 0, 0, 3, 31.18, 1725, 432370
1602713376, 0, 5, 667, 665, 34, 2.63%, 0, 0, 3, 32.87, 1725, 432681
1602713381, 0, 5, 669, 667, 34, 2.63%, 0, 0, 3, 32.24, 1725, 432842
1602713422, 0, 5, 670, 668, 34, 2.63%, 0, 0, 3, 33.98, 1725, 434111
1602713438, 0, 5, 671, 669, 34, 2.63%, 0, 0, 3, 32.52, 1725, 434593
1602713443, 0, 5, 672, 670, 34, 2.63%, 0, 0, 3, 32.38, 1725, 434760
1602713484, 0, 5, 674, 672, 34, 2.63%, 0, 0, 3, 31.59, 1725, 436015
1602713494, 0, 5, 675, 673, 34, 2.63%, 0, 0, 3, 32.41, 1725, 436347
1602713499, 0, 5, 676, 674, 34, 2.63%, 0, 0, 3, 34.16, 1725, 436514
1602713504, 0, 5, 677, 675, 34, 2.63%, 0, 0, 3, 32.54, 1725, 436673
1602713509, 0, 5, 678, 676, 34, 2.63%, 0, 0, 3, 33.22, 1725, 436834
1602713514, 0, 5, 680, 678, 34, 2.63%, 0, 0, 3, 31.63, 1725, 436993
1602713519, 0, 5, 681, 679, 34, 2.63%, 0, 0, 3, 33.15, 1725, 437165
1602713550, 0, 5, 682, 680, 34, 2.63%, 0, 0, 3, 29.49, 1725, 438130
1602713555, 0, 5, 685, 683, 34, 2.63%, 0, 0, 3, 30.86, 1725, 438292
1602713576, 0, 5, 686, 684, 34, 2.63%, 0, 0, 3, 30.42, 1725, 438921
1602713586, 0, 5, 687, 685, 34, 2.63%, 0, 0, 3, 30.73, 1725, 439236
1602713606, 0, 5, 688, 686, 34, 2.63%, 0, 0, 3, 30.85, 1725, 439875
1602713626, 0, 79, 688, 685, 37, 2.63%, 0, 0, 3, 39.09, 1725, 440558
1602720150, 0, 79, 689, 686, 37, 2.63%, 0, 0, 3, 53.81, 1725, 614106
1602720354, 0, 79, 690, 687, 37, 2.63%, 0, 0, 3, 48.53, 1725, 623650
1602720956, 0, 79, 691, 688, 37, 2.63%, 0, 0, 3, 42.11, 1726, 651197
1602720976, 0, 136, 697, 693, 37, 2.63%, 0, 0, 3, 435.35, 1726, 653922
1602720987, 0, 136, 701, 697, 37, 2.63%, 0, 0, 3, 425.29, 1726, 658426
1602720992, 0, 136, 702, 698, 37, 2.63%, 0, 0, 3, 441.24, 1726, 660682
1602721027, 0, 136, 704, 700, 37, 2.63%, 0, 0, 3, 421.35, 1726, 676382
1602721038, 0, 136, 705, 701, 37, 2.63%, 0, 0, 3, 439.81, 1726, 680926
1602721073, 0, 136, 706, 702, 37, 2.63%, 0, 0, 3, 448.99, 1726, 696894
1602721119, 0, 136, 707, 703, 37, 2.63%, 0, 0, 3, 391.36, 1726, 717269
1602721360, 0, 136, 708, 704, 37, 2.63%, 0, 0, 3, 443.15, 1726, 823900
1602721365, 0, 136, 709, 705, 37, 2.63%, 0, 0, 3, 444.51, 1726, 826140
1602721446, 0, 136, 712, 708, 37, 2.63%, 0, 0, 3, 422.39, 1726, 862810
1602721452, 0, 136, 720, 716, 37, 2.63%, 0, 0, 3, 368.16, 1726, 864608
1602721457, 0, 136, 727, 723, 37, 2.63%, 0, 0, 3, 335.80, 1726, 866292
1602721462, 0, 136, 730, 726, 37, 2.63%, 0, 0, 3, 327.10, 1726, 867960
1602721467, 0, 136, 732, 728, 37, 2.63%, 0, 0, 3, 20.34, 1726, 869542
1602721472, 0, 136, 735, 731, 37, 2.63%, 0, 0, 3, 308.88, 1726, 871277
1602721477, 0, 136, 740, 736, 37, 2.63%, 0, 0, 3, 343.51, 1726, 873111
1602721482, 0, 136, 741, 737, 37, 2.63%, 0, 0, 3, 352.64, 1726, 874871
1602721487, 0, 156, 743, 738, 38, 2.63%, 0, 0, 3, 1836.96, 1726, 883321
1602721492, 0, 156, 744, 739, 38, 2.63%, 0, 0, 3, 1877.10, 1726, 892791
1602721569, 0, 156, 745, 740, 38, 2.64%, 0, 0, 3, 1793.89, 1731, 1037646
1602721579, 0, 156, 746, 741, 38, 2.64%, 0, 0, 3, 1808.89, 1731, 1056067
1602721590, 0, 226, 746, 740, 39, 2.64%, 0, 0, 3, 2128.77, 1731, 1075840
1602721610, 0, 233, 747, 740, 38, 2.64%, 0, 0, 3, 392.19, 1731, 1110974
1602721723, 0, 233, 748, 741, 38, 2.64%, 0, 0, 3, 293.11, 1731, 1144659
1602722066, 0, 233, 750, 743, 38, 2.64%, 0, 0, 3, 304.54, 1731, 1248632
1602722179, 0, 233, 751, 744, 38, 2.64%, 0, 0, 3, 302.43, 1731, 1282719
1602722184, 0, 233, 752, 745, 38, 2.64%, 0, 0, 3, 292.46, 1731, 1284238
1602722214, 0, 233, 755, 748, 38, 2.64%, 0, 0, 3, 288.59, 1732, 1293524
1602722219, 0, 233, 757, 750, 38, 2.64%, 0, 0, 3, 293.46, 1732, 1294940
1602722317, 0, 233, 761, 754, 38, 2.64%, 0, 0, 3, 303.96, 1732, 1324415
1602722322, 0, 233, 771, 764, 38, 2.64%, 0, 0, 3, 280.90, 1732, 1325826
1602722327, 0, 233, 776, 769, 38, 2.64%, 0, 0, 3, 285.24, 1732, 1327256
1602722332, 0, 233, 779, 772, 38, 2.64%, 0, 0, 3, 276.45, 1732, 1328635
1602722337, 0, 233, 783, 776, 38, 2.64%, 0, 0, 3, 257.17, 1732, 1329952
1602722342, 0, 233, 784, 777, 38, 2.64%, 0, 0, 3, 256.89, 1732, 1331281
1602722347, 0, 233, 785, 778, 38, 2.64%, 0, 0, 3, 292.92, 1732, 1332639
1602722352, 0, 233, 786, 779, 38, 2.64%, 0, 0, 3, 289.71, 1732, 1334067
1602722357, 0, 233, 787, 780, 38, 2.64%, 0, 0, 3, 261.91, 1732, 1335391
1602722362, 0, 242, 789, 781, 37, 2.64%, 0, 0, 3, 375.93, 1732, 1337138
1602722480, 0, 242, 791, 783, 37, 2.64%, 0, 0, 3, 1307.36, 1732, 1563026
1602722485, 0, 242, 792, 784, 37, 2.64%, 0, 0, 3, 664.79, 1732, 1567065
1602722490, 0, 297, 793, 784, 36, 2.64%, 0, 0, 3, 1227.45, 1732, 1573038
1602722500, 0, 297, 797, 788, 36, 2.65%, 0, 0, 3, 238.26, 1734, 1596632
1602722506, 0, 329, 799, 789, 35, 2.65%, 0, 0, 3, 176.95, 1734, 1601216
1602722853, 0, 329, 802, 792, 35, 2.65%, 0, 0, 3, 52.58, 1734, 1621737
1602725549, 0, 329, 803, 793, 35, 2.65%, 0, 0, 3, 63.71, 1734, 1780960
1602725559, 0, 329, 804, 794, 35, 2.65%, 0, 0, 3, 68.15, 1734, 1781660
1602725569, 0, 329, 805, 795, 35, 2.65%, 0, 0, 3, 67.18, 1734, 1782341
1602725585, 0, 329, 806, 796, 35, 2.65%, 0, 0, 3, 69.14, 1734, 1783373
1602725595, 0, 329, 808, 798, 35, 2.65%, 0, 0, 3, 67.76, 1734, 1784062
1602725605, 0, 329, 809, 799, 35, 2.65%, 0, 0, 3, 68.10, 1734, 1784755
1602725610, 0, 329, 810, 800, 35, 2.65%, 0, 0, 3, 68.24, 1734, 1785099
1602725620, 0, 329, 811, 801, 35, 2.65%, 0, 0, 3, 68.62, 1734, 1785786
1602725656, 0, 329, 812, 802, 35, 2.65%, 0, 0, 3, 65.91, 1734, 1788171
1602725666, 0, 329, 813, 803, 35, 2.65%, 0, 0, 3, 64.32, 1734, 1788841
1602725692, 0, 329, 814, 804, 35, 2.65%, 0, 0, 3, 66.48, 1734, 1790552
1602725697, 0, 329, 815, 805, 35, 2.65%, 0, 0, 3, 67.04, 1734, 1790889
1602725702, 0, 329, 816, 806, 35, 2.65%, 0, 0, 3, 66.85, 1734, 1791229
1602725717, 0, 329, 817, 807, 35, 2.65%, 0, 0, 3, 70.42, 1734, 1792269
1602725722, 0, 329, 818, 808, 35, 2.65%, 0, 0, 3, 70.14, 1734, 1792627
1602725733, 0, 329, 819, 809, 35, 2.65%, 0, 0, 3, 67.23, 1734, 1793319
1602725763, 0, 329, 821, 811, 35, 2.65%, 0, 0, 3, 65.69, 1734, 1795330
1602725783, 0, 329, 822, 812, 35, 2.65%, 0, 0, 3, 67.13, 1734, 1796672
1602725794, 0, 359, 822, 811, 34, 2.65%, 0, 0, 3, 573.95, 1734, 1798298
1602725809, 0, 359, 823, 812, 34, 2.65%, 0, 0, 3, 1447.75, 1734, 1821501
1602725880, 0, 359, 824, 813, 34, 2.65%, 0, 0, 3, 1526.74, 1734, 1929508
1602725885, 0, 359, 825, 814, 34, 2.65%, 0, 0, 3, 1455.99, 1734, 1937015
1602725901, 0, 359, 826, 815, 34, 2.65%, 0, 0, 3, 1284.48, 1734, 1959459
1602725916, 0, 359, 832, 821, 34, 2.65%, 0, 0, 3, 1139.15, 1734, 1980666
1602725921, 0, 359, 835, 824, 34, 2.65%, 0, 0, 3, 1052.00, 1734, 1985984
1602725927, 0, 401, 836, 824, 35, 2.65%, 0, 0, 3, 702.01, 1734, 1989410
1602725942, 0, 401, 837, 825, 35, 2.65%, 0, 0, 3, 464.69, 1734, 1997537
1602725978, 0, 401, 839, 827, 35, 2.65%, 0, 0, 3, 264.93, 1734, 2013557
1602725983, 0, 401, 840, 828, 35, 2.65%, 0, 0, 3, 300.65, 1734, 2015034
1602725988, 0, 424, 840, 827, 34, 2.65%, 0, 0, 3, 2413.92, 1734, 2027406
1602725993, 0, 424, 841, 828, 34, 2.65%, 0, 0, 3, 127.91, 1734, 2037119
1602725998, 0, 521, 841, 827, 34, 2.65%, 0, 0, 3, 52.47, 1734, 2038044
1602726274, 0, 521, 842, 828, 34, 2.65%, 0, 0, 3, 43.00, 1734, 2050314
1602726459, 0, 521, 843, 829, 34, 2.65%, 0, 0, 3, 43.89, 1734, 2058503
1602730217, 0, 536, 843, 828, 34, 2.65%, 0, 0, 3, 480.00, 1734, 2220764
1602730222, 0, 536, 844, 829, 34, 2.65%, 0, 0, 3, 547.78, 1734, 2223602
1602730242, 0, 536, 845, 830, 34, 2.65%, 0, 0, 3, 564.02, 1734, 2235116
1602730252, 0, 536, 846, 831, 34, 2.65%, 0, 0, 3, 520.50, 1734, 2240694
1602730257, 0, 536, 847, 832, 34, 2.65%, 0, 0, 3, 533.24, 1734, 2243429
1602730273, 0, 545, 847, 831, 33, 2.65%, 0, 0, 3, 250.80, 1734, 2250362
1602730278, 0, 545, 850, 834, 33, 2.65%, 0, 0, 3, 157.86, 1734, 2250997
1602731394, 0, 545, 851, 835, 33, 2.65%, 0, 0, 3, 129.47, 1734, 2415776
1602731404, 0, 549, 851, 834, 32, 2.65%, 0, 0, 3, 232.43, 1734, 2417500
1602731599, 0, 549, 852, 835, 32, 2.65%, 0, 0, 3, 371.23, 1734, 2490192
1602731977, 0, 549, 854, 837, 32, 2.65%, 0, 0, 3, 355.88, 1736, 2631124
1602731988, 0, 549, 856, 839, 32, 2.65%, 0, 0, 3, 378.69, 1736, 2634934
1602731993, 0, 549, 857, 840, 32, 2.65%, 0, 0, 3, 376.93, 1739, 2636839
1602731998, 0, 549, 858, 841, 32, 2.65%, 0, 0, 3, 375.73, 1739, 2638751
1602732008, 0, 627, 859, 841, 32, 2.65%, 0, 0, 3, 363.80, 1739, 2642528
1602732434, 0, 627, 860, 842, 32, 2.65%, 0, 0, 3, 336.63, 1739, 2790710
1602732500, 0, 627, 863, 845, 32, 2.65%, 0, 0, 3, 331.25, 1739, 2813836
1602732510, 0, 627, 864, 846, 32, 2.65%, 0, 0, 3, 345.04, 1739, 2817264
1602732515, 0, 627, 865, 847, 32, 2.65%, 0, 0, 3, 351.74, 1739, 2819036
1602732520, 0, 627, 866, 848, 32, 2.65%, 0, 0, 3, 336.14, 1739, 2820706
1602732536, 0, 647, 866, 847, 32, 2.65%, 0, 0, 3, 28.95, 1739, 2824993
1602742925, 0, 648, 866, 846, 32, 2.65%, 0, 0, 3, 904.74, 1739, 3056010
1602743083, 0, 648, 867, 847, 32, 2.65%, 0, 0, 4, 1094.78, 1739, 3228051
1602743119, 0, 648, 870, 850, 32, 2.65%, 0, 0, 4, 875.64, 1739, 3265950
1602743124, 0, 648, 871, 851, 32, 2.65%, 0, 0, 4, 768.91, 1739, 3269710
1602743129, 0, 648, 873, 853, 32, 2.65%, 0, 0, 4, 760.95, 1739, 3273731
1602743134, 0, 682, 873, 852, 31, 2.65%, 0, 0, 4, 28.35, 1739, 3274585
1602743145, 0, 682, 874, 853, 31, 2.65%, 0, 0, 4, 30.22, 1739, 3274897
1602743349, 0, 682, 875, 854, 31, 2.65%, 0, 0, 4, 29.64, 1739, 3280794
1602743359, 0, 682, 876, 855, 31, 2.65%, 0, 0, 4, 30.07, 1739, 3281105
1602743774, 0, 682, 877, 856, 31, 2.65%, 0, 0, 4, 29.52, 1739, 3293179
1602743856, 0, 682, 878, 857, 31, 2.65%, 0, 0, 4, 26.25, 1739, 3295582
1602748922, 0, 682, 879, 858, 31, 2.65%, 0, 0, 4, 30.05, 1739, 3443056
1602750158, 0, 682, 881, 860, 31, 2.65%, 0, 0, 4, 28.10, 1739, 3478842
1602750163, 0, 682, 882, 861, 31, 2.65%, 0, 0, 4, 26.06, 1739, 3478971
1602750173, 0, 682, 883, 862, 31, 2.65%, 0, 0, 4, 26.09, 1739, 3479235
1602750178, 0, 682, 884, 863, 31, 2.65%, 0, 0, 4, 25.33, 1739, 3479365
1602750183, 0, 682, 885, 864, 31, 2.65%, 0, 0, 4, 26.01, 1739, 3479499
1602750194, 0, 682, 886, 865, 31, 2.65%, 0, 0, 4, 24.80, 1739, 3479761
1602750199, 0, 682, 887, 866, 31, 2.65%, 0, 0, 4, 24.43, 1739, 3479886
1602750224, 0, 682, 888, 867, 31, 2.65%, 0, 0, 4, 25.82, 1739, 3480550
1602750244, 0, 682, 889, 868, 31, 2.65%, 0, 0, 4, 24.51, 1739, 3481064
1602750280, 0, 682, 890, 869, 31, 2.65%, 0, 0, 4, 25.44, 1739, 3481991
1602750418, 0, 682, 891, 870, 31, 2.65%, 0, 0, 4, 26.12, 1739, 3485639
1602750433, 0, 682, 892, 871, 31, 2.65%, 0, 0, 4, 26.41, 1739, 3486047
1602750459, 0, 682, 893, 872, 31, 2.65%, 0, 0, 4, 26.07, 1739, 3486707
1602750469, 0, 682, 894, 873, 31, 2.65%, 0, 0, 4, 25.56, 1739, 3486977
1602750500, 0, 682, 895, 874, 31, 2.65%, 0, 0, 4, 26.02, 1739, 3487756
1602750551, 0, 682, 896, 875, 31, 2.65%, 0, 0, 4, 26.41, 1739, 3489097
1602750634, 0, 701, 896, 874, 32, 2.65%, 0, 0, 4, 1237.71, 1739, 3493281
1602750639, 0, 701, 897, 875, 32, 2.65%, 0, 0, 4, 1457.84, 1739, 3501020
1602750649, 0, 701, 898, 876, 32, 2.65%, 0, 0, 4, 1504.95, 1739, 3515945
1602750771, 0, 701, 899, 877, 32, 2.65%, 0, 0, 4, 1497.36, 1739, 3696092
1602750797, 0, 706, 899, 876, 34, 2.65%, 0, 0, 4, 941.52, 1739, 3731246
1602751477, 0, 706, 900, 877, 34, 2.65%, 0, 0, 4, 326.45, 1739, 3968834
1602751487, 0, 707, 900, 876, 34, 2.65%, 0, 0, 4, 267.86, 1739, 3971792
1602753866, 0, 710, 900, 875, 34, 2.65%, 0, 0, 4, 115.09, 1739, 4210244
1602754391, 0, 730, 901, 875, 33, 2.65%, 0, 0, 4, 538.18, 1739, 4455279
1602754524, 0, 730, 902, 876, 33, 2.65%, 0, 0, 4, 688.75, 1739, 4548796
1602754529, 0, 730, 903, 877, 33, 2.65%, 0, 0, 4, 706.59, 1739, 4552473
1602754585, 0, 730, 904, 878, 33, 2.65%, 0, 0, 4, 478.82, 1739, 4590052
1602754591, 0, 733, 904, 877, 34, 2.65%, 0, 0, 4, 844.62, 1739, 4594293
1602754708, 0, 733, 907, 880, 34, 2.65%, 0, 0, 4, 839.07, 1739, 4720395
1602754718, 0, 733, 908, 881, 34, 2.65%, 0, 0, 4, 749.16, 1739, 4727885
1602754723, 0, 738, 908, 880, 35, 2.65%, 0, 0, 4, 620.53, 1739, 4731041
1602754733, 0, 738, 909, 881, 35, 2.65%, 0, 0, 4, 503.47, 1739, 4736147
1602754753, 0, 738, 910, 882, 35, 2.65%, 0, 0, 4, 511.77, 1739, 4746590
1602755178, 0, 741, 910, 881, 35, 2.65%, 0, 0, 4, 633.50, 1739, 4961941
1602755433, 0, 741, 911, 882, 35, 2.66%, 0, 0, 4, 700.97, 1744, 5143518
1602755515, 0, 741, 912, 883, 35, 2.66%, 0, 0, 4, 687.49, 1744, 5201907
1602755520, 0, 744, 912, 882, 35, 2.66%, 0, 0, 4, 1352.84, 1744, 5207956
1602755536, 0, 754, 912, 881, 34, 2.66%, 0, 0, 4, 2015.87, 1744, 5240051
1602755608, 0, 768, 912, 880, 33, 2.66%, 0, 0, 4, 1450.81, 1744, 5367698
1602755628, 0, 768, 913, 881, 33, 2.66%, 0, 0, 4, 1223.94, 1744, 5392908
1602755787, 0, 772, 913, 880, 32, 2.66%, 0, 0, 4, 1139.17, 1744, 5594078
1602757571, 0, 785, 913, 879, 31, 2.66%, 0, 0, 4, 313.12, 1744, 5831315
1602757889, 0, 792, 913, 878, 30, 2.66%, 0, 0, 4, 1922.32, 1744, 6024985
1602757905, 0, 795, 913, 877, 29, 2.66%, 0, 0, 4, 365.38, 1744, 6047014
1602758017, 0, 795, 914, 878, 29, 2.66%, 0, 0, 4, 360.44, 1744, 6087074
1602758022, 0, 795, 915, 879, 29, 2.66%, 0, 0, 4, 362.53, 1744, 6088916
1602758027, 0, 795, 917, 881, 29, 2.66%, 0, 0, 4, 354.91, 1744, 6090770
1602758042, 0, 795, 918, 882, 29, 2.66%, 0, 0, 4, 347.73, 1744, 6095896
1602758047, 0, 795, 919, 883, 29, 2.66%, 0, 0, 4, 361.43, 1744, 6097746
1602758068, 0, 795, 923, 887, 29, 2.66%, 0, 0, 4, 373.20, 1744, 6105102
1602758073, 0, 795, 924, 888, 29, 2.66%, 0, 0, 4, 377.88, 1744, 6107014
1602758098, 0, 807, 924, 887, 28, 2.66%, 0, 0, 4, 63.59, 1744, 6115780
1602761094, 0, 818, 924, 886, 27, 2.66%, 0, 0, 4, 1603.26, 1744, 6297668
1602761181, 0, 819, 924, 885, 26, 2.66%, 0, 0, 4, 75.85, 1744, 6435442
1602761186, 0, 819, 926, 887, 26, 2.66%, 0, 0, 4, 64.97, 1744, 6435753
1602764042, 0, 824, 926, 886, 26, 2.66%, 0, 0, 4, 2164.19, 1744, 6618799
1602764047, 0, 824, 927, 887, 26, 2.66%, 0, 0, 4, 2289.75, 1744, 6630508
1602764057, 0, 826, 927, 886, 26, 2.66%, 0, 0, 4, 1496.53, 1744, 6646836
1602764176, 0, 827, 927, 885, 25, 2.66%, 0, 0, 4, 1613.94, 1744, 6829206
1602764242, 0, 828, 927, 884, 24, 2.66%, 0, 0, 4, 1692.52, 1744, 6953945
1602764375, 0, 829, 928, 884, 23, 2.66%, 0, 0, 4, 1148.34, 1744, 7151056
1602764396, 0, 829, 929, 885, 23, 2.66%, 0, 0, 4, 645.69, 1744, 7166623
1602764431, 0, 829, 930, 886, 23, 2.66%, 0, 0, 4, 476.52, 1744, 7194039
1602764548, 0, 831, 930, 885, 23, 2.66%, 0, 0, 4, 930.33, 1744, 7285702
1602764625, 0, 842, 930, 884, 22, 2.66%, 0, 0, 4, 29.88, 1744, 7416130
1602775192, 0, 844, 930, 883, 22, 2.66%, 0, 0, 4, 1330.17, 1744, 7621754
1602775259, 0, 845, 930, 882, 21, 2.66%, 0, 0, 4, 1573.88, 1744, 7734452
1602775351, 0, 850, 930, 881, 21, 2.66%, 0, 0, 4, 197.78, 1744, 7767430
1602777304, 0, 853, 930, 880, 20, 2.66%, 0, 0, 4, 378.72, 1744, 7911420
1602777636, 0, 853, 931, 881, 20, 2.66%, 0, 0, 4, 449.35, 1744, 8064155
1602777763, 0, 857, 932, 881, 20, 2.66%, 0, 0, 4, 420.88, 1744, 8122457
1602778068, 0, 859, 932, 880, 20, 2.66%, 0, 0, 4, 381.74, 1744, 8247378
1602778340, 0, 863, 932, 879, 19, 2.66%, 0, 0, 4, 359.12, 1744, 8343100
1602779850, 0, 867, 932, 878, 18, 2.66%, 0, 0, 4, 1189.52, 1744, 8531646
1602780040, 0, 868, 932, 877, 17, 2.66%, 0, 0, 4, 1108.61, 1744, 8751812
1602780132, 0, 868, 933, 878, 17, 2.66%, 0, 0, 5, 1416.62, 1744, 8895302
1602780137, 0, 870, 933, 877, 16, 2.66%, 0, 0, 5, 1176.61, 1744, 8900866
1602780321, 0, 871, 933, 876, 15, 2.66%, 0, 0, 5, 972.96, 1744, 9123718
1602780510, 0, 892, 933, 875, 14, 2.66%, 0, 0, 5, 784.87, 1744, 9342329
1602783357, 0, 892, 934, 876, 14, 2.66%, 0, 0, 5, 63.98, 1744, 9486417
1602783367, 0, 892, 935, 877, 14, 2.66%, 0, 0, 5, 64.61, 1744, 9487079
1602783398, 0, 892, 936, 878, 14, 2.66%, 0, 0, 5, 65.52, 1744, 9489076
1602783475, 0, 896, 936, 877, 13, 2.66%, 0, 0, 5, 1784.14, 1744, 9495172
1602783619, 0, 900, 936, 876, 12, 2.66%, 0, 0, 5, 871.16, 1744, 9742860
1602783813, 0, 902, 936, 875, 11, 2.66%, 0, 0, 5, 690.70, 1744, 9885124
1602783992, 0, 905, 936, 874, 10, 2.66%, 0, 0, 5, 801.51, 1744, 10015770
1602784063, 0, 906, 936, 873, 9, 2.66%, 0, 0, 5, 1741.38, 1744, 10114636
1602784069, 0, 906, 942, 879, 9, 2.67%, 0, 0, 5, 2321.00, 1748, 10127508
1602784074, 0, 907, 942, 878, 12, 2.67%, 0, 0, 5, 2013.35, 1748, 10137602
1602784084, 0, 907, 943, 879, 12, 2.67%, 0, 0, 5, 1917.47, 1751, 10156986
1602784089, 0, 910, 943, 878, 12, 2.67%, 0, 0, 5, 1750.85, 1751, 10165642
1602784217, 0, 915, 943, 877, 11, 2.67%, 0, 0, 5, 948.32, 1751, 10383081
1602784497, 0, 925, 943, 876, 11, 2.67%, 0, 0, 5, 65.71, 1751, 10481002
