# unix_time, cycles_done, cur_path, paths_total, pending_total, pending_favs, map_size, unique_crashes, unique_hangs, max_depth, execs_per_sec, edge_coverage, total_execs
1602460156, 0, 0, 3, 3, 3, 5.37%, 0, 0, 1, 0.57, 3519, 24
1602460161, 0, 0, 36, 36, 3, 5.63%, 0, 0, 2, 116.43, 3689, 570
1602460166, 0, 0, 69, 69, 3, 5.89%, 0, 0, 2, 129.45, 3861, 1172
1602460171, 0, 0, 82, 82, 3, 5.90%, 0, 0, 2, 139.42, 3865, 1892
1602460177, 0, 0, 122, 122, 3, 6.16%, 0, 0, 2, 136.68, 4035, 2580
1602460182, 0, 0, 134, 134, 3, 6.19%, 0, 0, 2, 134.99, 4056, 3282
1602460187, 0, 0, 179, 179, 3, 6.28%, 0, 0, 2, 138.36, 4113, 3998
1602460192, 0, 0, 188, 188, 3, 6.32%, 0, 0, 2, 137.97, 4143, 4676
1602460197, 0, 0, 201, 201, 3, 6.36%, 0, 0, 2, 135.30, 4170, 5370
1602460202, 0, 0, 206, 206, 3, 6.49%, 0, 0, 2, 27.70, 4252, 6041
1602460207, 0, 0, 224, 224, 3, 7.28%, 0, 0, 2, 138.48, 4770, 6386
1602460212, 0, 0, 240, 240, 3, 7.35%, 0, 0, 2, 139.08, 4817, 7071
1602460218, 0, 0, 243, 243, 3, 7.35%, 0, 0, 2, 138.91, 4818, 7783
1602460223, 0, 0, 251, 251, 3, 7.41%, 0, 0, 2, 136.96, 4859, 8457
1602460228, 0, 0, 259, 259, 3, 7.42%, 0, 0, 2, 151.82, 4864, 9227
1602460233, 0, 0, 270, 270, 3, 7.42%, 0, 0, 2, 154.23, 4864, 10004
1602460238, 0, 0, 280, 280, 3, 7.47%, 0, 0, 2, 132.88, 4897, 10641
1602460243, 0, 0, 295, 295, 3, 7.53%, 0, 0, 2, 124.15, 4934, 11264
1602460248, 0, 0, 302, 302, 3, 7.54%, 0, 0, 2, 129.82, 4939, 11951
1602460253, 0, 0, 306, 306, 3, 7.57%, 0, 0, 2, 135.06, 4959, 12603
1602460258, 0, 0, 312, 312, 3, 7.79%, 0, 0, 2, 63.54, 5103, 13177
1602460263, 0, 0, 319, 319, 3, 7.90%, 0, 0, 2, 134.45, 5176, 13779
1602460289, 0, 0, 346, 346, 3, 8.03%, 0, 0, 2, 132.60, 5260, 17271
1602460294, 0, 0, 352, 352, 3, 8.04%, 0, 0, 2, 145.21, 5267, 18021
1602460299, 0, 0, 353, 353, 3, 8.04%, 0, 0, 2, 138.38, 5268, 18721
1602460304, 0, 0, 354, 354, 3, 8.04%, 0, 0, 2, 140.08, 5271, 19433
1602460315, 0, 0, 358, 358, 3, 8.05%, 0, 0, 2, 136.56, 5276, 20847
1602460320, 0, 0, 362, 362, 3, 8.06%, 0, 0, 2, 138.70, 5281, 21555
1602460325, 0, 0, 366, 366, 3, 8.06%, 0, 0, 2, 138.62, 5285, 22258
1602460371, 0, 0, 373, 373, 3, 8.06%, 0, 0, 2, 139.40, 5285, 28650
1602460391, 0, 0, 376, 376, 3, 8.06%, 0, 0, 2, 141.75, 5285, 31516
1602460401, 0, 0, 378, 378, 3, 8.06%, 0, 0, 2, 137.71, 5285, 32948
1602460406, 0, 0, 380, 380, 3, 8.07%, 0, 0, 2, 136.99, 5288, 33648
1602460417, 0, 0, 383, 383, 3, 8.07%, 0, 0, 2, 140.32, 5289, 35068
1602460422, 0, 0, 387, 387, 3, 8.07%, 0, 0, 2, 139.09, 5289, 35776
1602460427, 0, 0, 390, 390, 3, 8.07%, 0, 0, 2, 138.74, 5289, 36478
1602460437, 0, 0, 391, 391, 3, 8.07%, 0, 0, 2, 138.83, 5292, 37916
1602460447, 0, 0, 395, 395, 3, 8.08%, 0, 0, 2, 138.58, 5296, 39318
1602460468, 0, 0, 396, 396, 3, 8.08%, 0, 0, 2, 137.59, 5296, 42122
1602460478, 0, 0, 397, 397, 3, 8.08%, 0, 0, 2, 139.53, 5296, 43552
1602460488, 0, 0, 398, 398, 3, 8.08%, 0, 0, 2, 136.28, 5296, 44958
1602460493, 0, 0, 400, 400, 3, 8.08%, 0, 0, 2, 136.42, 5296, 45663
1602460498, 0, 0, 433, 433, 3, 8.08%, 0, 0, 2, 140.23, 5297, 46379
1602460504, 0, 0, 496, 496, 3, 8.10%, 0, 0, 2, 139.38, 5308, 47107
1602460509, 0, 0, 540, 540, 3, 8.16%, 0, 0, 2, 147.66, 5349, 47868
1602460514, 0, 0, 568, 568, 3, 8.17%, 0, 0, 2, 151.49, 5352, 48643
1602460519, 0, 0, 585, 585, 3, 8.18%, 0, 0, 2, 153.43, 5362, 49418
1602460524, 0, 0, 611, 611, 3, 8.18%, 0, 0, 2, 156.73, 5364, 50208
1602460532, 0, 0, 622, 622, 3, 8.45%, 0, 0, 2, 2.26, 5541, 50577
1602460538, 0, 1, 633, 632, 227, 8.45%, 0, 0, 2, 130.74, 5541, 51245
1602460553, 0, 1, 639, 638, 227, 8.52%, 0, 0, 2, 44.66, 5583, 51891
1602460558, 0, 1, 645, 644, 227, 8.52%, 0, 0, 2, 42.79, 5586, 52110
1602460563, 0, 1, 650, 649, 227, 8.52%, 0, 0, 2, 43.12, 5586, 52326
1602460568, 0, 1, 655, 654, 227, 8.52%, 0, 0, 2, 42.72, 5586, 52542
1602460573, 0, 1, 657, 656, 227, 8.52%, 0, 0, 2, 42.69, 5586, 52758
1602460578, 0, 1, 658, 657, 227, 8.52%, 0, 0, 2, 42.95, 5586, 52974
1602460583, 0, 1, 659, 658, 227, 8.52%, 0, 0, 2, 42.60, 5586, 53192
1602460588, 0, 1, 662, 661, 227, 8.54%, 0, 0, 2, 42.85, 5595, 53415
1602460604, 0, 1, 664, 663, 227, 8.54%, 0, 0, 2, 44.16, 5595, 54080
1602460609, 0, 1, 668, 667, 227, 8.54%, 0, 0, 2, 42.57, 5595, 54297
1602460614, 0, 1, 669, 668, 227, 8.54%, 0, 0, 2, 42.21, 5595, 54513
1602460619, 0, 1, 671, 670, 227, 8.54%, 0, 0, 2, 42.57, 5595, 54729
1602460624, 0, 1, 675, 674, 227, 8.54%, 0, 0, 2, 43.88, 5596, 54954
1602460629, 0, 1, 676, 675, 227, 8.54%, 0, 0, 2, 44.64, 5596, 55186
1602460635, 0, 1, 680, 679, 227, 8.54%, 0, 0, 2, 46.91, 5596, 55428
1602460640, 0, 1, 683, 682, 227, 8.54%, 0, 0, 2, 45.34, 5597, 55661
1602460645, 0, 1, 686, 685, 227, 8.54%, 0, 0, 2, 44.46, 5598, 55886
1602460650, 0, 1, 690, 689, 227, 8.57%, 0, 0, 2, 44.57, 5617, 56115
1602460655, 0, 1, 696, 695, 227, 8.60%, 0, 0, 2, 45.53, 5636, 56334
1602460660, 0, 1, 697, 696, 227, 8.60%, 0, 0, 2, 44.78, 5637, 56559
1602460665, 0, 1, 698, 697, 227, 8.60%, 0, 0, 2, 44.55, 5637, 56784
1602460675, 0, 1, 704, 703, 227, 8.60%, 0, 0, 2, 45.69, 5638, 57247
1602460727, 0, 1, 707, 706, 227, 8.60%, 0, 0, 2, 44.47, 5639, 59539
1602460732, 0, 1, 709, 708, 227, 8.61%, 0, 0, 2, 43.04, 5642, 59755
1602460737, 0, 1, 711, 710, 227, 8.61%, 0, 0, 2, 43.61, 5642, 59980
1602460757, 0, 1, 713, 712, 227, 8.61%, 0, 0, 2, 43.52, 5644, 60891
1602460803, 0, 1, 714, 713, 227, 8.61%, 0, 0, 2, 43.52, 5644, 62895
1602460819, 0, 1, 715, 714, 227, 8.61%, 0, 0, 2, 43.35, 5644, 63570
1602460850, 0, 1, 716, 715, 227, 8.61%, 0, 0, 2, 43.61, 5644, 64929
1602460865, 0, 1, 717, 716, 227, 8.61%, 0, 0, 2, 44.40, 5644, 65601
1602460875, 0, 1, 718, 717, 227, 8.62%, 0, 0, 2, 43.77, 5646, 66056
1602460880, 0, 1, 720, 719, 227, 8.62%, 0, 0, 2, 44.58, 5646, 66286
1602460901, 0, 1, 721, 720, 227, 8.62%, 0, 0, 2, 43.94, 5646, 67183
1602460983, 0, 1, 722, 721, 227, 8.62%, 0, 0, 2, 44.47, 5646, 70735
1602461054, 0, 1, 723, 722, 227, 8.62%, 0, 0, 2, 43.09, 5646, 73902
1602461070, 0, 1, 724, 723, 227, 8.62%, 0, 0, 2, 43.87, 5646, 74585
1602461111, 0, 1, 725, 724, 227, 8.62%, 0, 0, 2, 43.59, 5647, 76361
1602461290, 0, 1, 726, 725, 227, 8.62%, 0, 0, 2, 43.10, 5647, 84079
1602461341, 0, 1, 727, 726, 227, 8.62%, 0, 0, 2, 43.91, 5647, 86364
1602461372, 0, 1, 728, 727, 227, 8.62%, 0, 0, 2, 44.05, 5647, 87717
1602461382, 0, 1, 730, 729, 227, 8.62%, 0, 0, 2, 43.74, 5647, 88167
1602461388, 0, 1, 731, 730, 227, 8.62%, 0, 0, 2, 43.89, 5647, 88393
1602461516, 0, 1, 732, 731, 227, 8.62%, 0, 0, 2, 44.10, 5647, 94060
1602461567, 0, 1, 733, 732, 227, 8.62%, 0, 0, 2, 43.35, 5647, 96395
1602461613, 0, 1, 734, 733, 227, 8.62%, 0, 0, 2, 43.96, 5647, 98393
1602461654, 0, 1, 735, 734, 227, 8.62%, 0, 0, 2, 43.62, 5648, 100167
1602461659, 0, 1, 736, 735, 227, 8.62%, 0, 0, 2, 43.57, 5649, 100392
1602461716, 0, 1, 737, 736, 227, 8.62%, 0, 0, 2, 43.90, 5649, 102863
1602461731, 0, 1, 738, 737, 227, 8.62%, 0, 0, 2, 44.51, 5650, 103578
1602461829, 0, 1, 739, 738, 227, 8.62%, 0, 0, 2, 43.52, 5651, 107851
1602461865, 0, 1, 740, 739, 227, 8.62%, 0, 0, 2, 43.54, 5651, 109425
1602462028, 0, 1, 741, 740, 227, 8.62%, 0, 0, 2, 43.95, 5651, 116533
1602462044, 0, 1, 748, 747, 227, 8.66%, 0, 0, 2, 41.59, 5674, 117195
1602462116, 0, 1, 749, 748, 227, 8.66%, 0, 0, 2, 42.56, 5674, 120279
1602462203, 0, 1, 751, 750, 227, 8.66%, 0, 0, 2, 43.49, 5677, 124004
1602462213, 0, 1, 753, 752, 227, 8.67%, 0, 0, 2, 43.46, 5681, 124445
1602462381, 0, 1, 754, 753, 227, 8.67%, 0, 0, 2, 43.31, 5681, 131579
1602462407, 0, 1, 755, 754, 227, 8.67%, 0, 0, 2, 43.69, 5681, 132686
1602462668, 0, 1, 756, 755, 227, 8.67%, 0, 0, 2, 43.91, 5683, 144229
1602463076, 0, 1, 757, 756, 227, 8.67%, 0, 0, 2, 44.69, 5683, 161513
1602463081, 0, 1, 758, 757, 227, 8.67%, 0, 0, 2, 44.72, 5683, 161734
1602463121, 0, 1, 759, 758, 227, 8.67%, 0, 0, 2, 43.06, 5684, 163472
1602463137, 0, 1, 760, 759, 227, 8.67%, 0, 0, 2, 44.11, 5684, 164177
1602463152, 0, 1, 761, 760, 227, 8.68%, 0, 0, 2, 43.86, 5687, 164849
1602463254, 0, 1, 762, 761, 227, 8.68%, 0, 0, 2, 43.79, 5687, 169371
1602463300, 0, 1, 763, 762, 227, 8.68%, 0, 0, 2, 44.68, 5687, 171413
1602463331, 0, 1, 764, 763, 227, 8.68%, 0, 0, 2, 43.98, 5688, 172771
1602463342, 0, 1, 765, 764, 227, 8.68%, 0, 0, 2, 44.04, 5688, 173223
1602463347, 0, 1, 766, 765, 227, 8.68%, 0, 0, 2, 43.77, 5688, 173450
1602463362, 0, 1, 767, 766, 227, 8.68%, 0, 0, 2, 44.53, 5688, 174134
1602463368, 0, 1, 768, 767, 227, 8.68%, 0, 0, 2, 43.90, 5688, 174359
1602463536, 0, 1, 769, 768, 227, 8.68%, 0, 0, 2, 43.23, 5688, 181615
1602463582, 0, 1, 771, 770, 227, 8.68%, 0, 0, 2, 43.13, 5688, 183559
1602463638, 0, 1, 772, 771, 227, 8.68%, 0, 0, 2, 40.67, 5689, 185931
1602463643, 0, 1, 773, 772, 227, 8.68%, 0, 0, 2, 41.68, 5689, 186147
1602463811, 0, 1, 774, 773, 227, 8.68%, 0, 0, 2, 41.08, 5691, 193158
1602463821, 0, 1, 775, 774, 227, 8.68%, 0, 0, 2, 41.35, 5691, 193581
1602463836, 0, 1, 776, 775, 227, 8.68%, 0, 0, 2, 40.38, 5691, 194212
1602464249, 0, 1, 778, 777, 227, 8.68%, 0, 0, 2, 42.02, 5691, 211324
1602464468, 0, 1, 779, 778, 227, 8.68%, 0, 0, 2, 39.40, 5691, 220368
1602464473, 0, 1, 780, 779, 227, 8.68%, 0, 0, 2, 39.85, 5691, 220574
1602464499, 0, 1, 782, 781, 227, 8.68%, 0, 0, 2, 42.32, 5691, 221657
1602464504, 0, 1, 785, 784, 227, 8.68%, 0, 0, 2, 41.04, 5691, 221864
1602464544, 0, 1, 786, 785, 227, 8.68%, 0, 0, 2, 41.13, 5691, 223551
1602464621, 0, 1, 788, 787, 227, 8.68%, 0, 0, 2, 42.24, 5691, 226719
1602464656, 0, 1, 809, 808, 227, 8.69%, 0, 0, 2, 46.65, 5695, 228252
1602464661, 0, 1, 825, 824, 227, 8.69%, 0, 0, 2, 45.81, 5695, 228480
1602464666, 0, 1, 843, 842, 227, 8.69%, 0, 0, 2, 47.25, 5697, 228718
1602464671, 0, 1, 859, 858, 227, 8.69%, 0, 0, 2, 45.82, 5697, 228946
1602464676, 0, 1, 867, 866, 227, 8.69%, 0, 0, 2, 46.33, 5697, 229180
1602464681, 0, 1, 874, 873, 227, 8.69%, 0, 0, 2, 46.73, 5697, 229418
1602464686, 0, 1, 888, 887, 227, 8.70%, 0, 0, 2, 47.27, 5699, 229657
1602464692, 0, 1, 899, 898, 227, 8.70%, 0, 0, 2, 47.39, 5701, 229901
1602464697, 0, 1, 908, 907, 227, 8.70%, 0, 0, 2, 48.33, 5701, 230147
1602464702, 0, 1, 918, 917, 227, 8.70%, 0, 0, 2, 46.07, 5701, 230380
1602464707, 0, 1, 928, 927, 227, 8.70%, 0, 0, 2, 47.18, 5701, 230620
1602464712, 0, 1, 935, 934, 227, 8.70%, 0, 0, 2, 46.46, 5703, 230861
1602464717, 0, 1, 942, 941, 227, 8.70%, 0, 0, 2, 46.49, 5703, 231094
1602464722, 0, 1, 947, 946, 227, 8.70%, 0, 0, 2, 46.93, 5703, 231331
1602464727, 0, 1, 952, 951, 227, 8.70%, 0, 0, 2, 46.87, 5703, 231570
1602464732, 0, 1, 958, 957, 227, 8.71%, 0, 0, 2, 47.82, 5706, 231815
1602464737, 0, 1, 966, 965, 227, 8.71%, 0, 0, 2, 46.75, 5706, 232055
1602464742, 0, 1, 969, 968, 227, 8.71%, 0, 0, 2, 46.37, 5706, 232288
1602464748, 0, 1, 976, 975, 227, 8.71%, 0, 0, 2, 45.24, 5709, 232520
1602464753, 0, 1, 978, 977, 227, 8.71%, 0, 0, 2, 47.40, 5709, 232761
1602464758, 0, 1, 979, 978, 227, 8.71%, 0, 0, 2, 47.04, 5709, 233003
1602464763, 0, 1, 985, 984, 227, 8.71%, 0, 0, 2, 46.63, 5709, 233235
1602464768, 0, 1, 986, 985, 227, 8.71%, 0, 0, 2, 44.58, 5709, 233463
1602464773, 0, 1, 994, 993, 227, 8.71%, 0, 0, 2, 45.82, 5711, 233704
1602464778, 0, 2, 1013, 1011, 237, 8.76%, 0, 0, 2, 383.96, 5740, 235203
1602464783, 0, 2, 1015, 1013, 237, 8.76%, 0, 0, 2, 460.39, 5740, 237658
1602464789, 0, 2, 1020, 1018, 237, 8.80%, 0, 0, 2, 468.68, 5770, 240129
1602464794, 0, 2, 1022, 1020, 237, 8.81%, 0, 0, 2, 493.50, 5773, 242726
1602464799, 0, 2, 1027, 1025, 237, 8.81%, 0, 0, 2, 498.09, 5773, 245310
1602464804, 0, 2, 1056, 1054, 237, 8.81%, 0, 0, 2, 530.25, 5775, 247981
1602464809, 0, 2, 1063, 1061, 237, 8.81%, 0, 0, 2, 544.12, 5776, 250747
1602464814, 0, 2, 1066, 1064, 237, 8.82%, 0, 0, 2, 551.95, 5777, 253621
1602464819, 0, 2, 1070, 1068, 237, 8.82%, 0, 0, 2, 547.66, 5782, 256473
1602464825, 0, 2, 1073, 1071, 237, 8.82%, 0, 0, 2, 553.31, 5782, 259298
1602464830, 0, 2, 1075, 1073, 237, 8.82%, 0, 0, 2, 547.59, 5782, 262093
1602464835, 0, 17, 1076, 1072, 254, 8.82%, 0, 0, 2, 476.49, 5782, 264551
1602464840, 0, 18, 1076, 1071, 253, 8.82%, 0, 0, 2, 447.33, 5782, 266820
1602464845, 0, 21, 1076, 1070, 252, 8.82%, 0, 0, 2, 252.94, 5782, 268100
1602465180, 0, 21, 1083, 1077, 252, 8.82%, 0, 0, 3, 143.00, 5782, 312965
1602465186, 0, 21, 1087, 1081, 252, 8.82%, 0, 0, 3, 151.78, 5782, 313760
1602465191, 0, 21, 1093, 1087, 252, 8.82%, 0, 0, 3, 152.97, 5782, 314528
1602465196, 0, 26, 1098, 1091, 255, 8.82%, 0, 0, 3, 216.77, 5782, 315554
1602465201, 0, 26, 1099, 1092, 255, 8.82%, 0, 0, 3, 369.00, 5783, 317680
1602465206, 0, 27, 1101, 1093, 255, 8.83%, 0, 0, 3, 283.79, 5786, 319274
1602465242, 0, 27, 1102, 1094, 255, 8.83%, 0, 0, 3, 134.98, 5787, 323980
1602465272, 0, 27, 1103, 1095, 255, 8.83%, 0, 0, 3, 135.82, 5789, 328112
1602465538, 0, 27, 1106, 1098, 255, 8.83%, 0, 0, 3, 136.38, 5789, 364049
1602465543, 0, 27, 1109, 1101, 255, 8.83%, 0, 0, 3, 149.33, 5789, 364831
1602465548, 0, 27, 1115, 1107, 255, 8.92%, 0, 0, 3, 143.46, 5846, 365539
1602465553, 0, 27, 1118, 1110, 255, 8.92%, 0, 0, 3, 143.88, 5846, 366275
1602465559, 0, 30, 1123, 1114, 258, 8.92%, 0, 0, 3, 134.47, 5849, 366958
1602465891, 0, 30, 1126, 1117, 258, 8.92%, 0, 0, 3, 141.50, 5849, 411701
1602465896, 0, 30, 1131, 1122, 258, 8.92%, 0, 0, 3, 143.25, 5849, 412455
1602465901, 0, 30, 1136, 1127, 258, 8.92%, 0, 0, 3, 150.93, 5849, 413219
1602465906, 0, 31, 1140, 1130, 258, 8.92%, 0, 0, 3, 147.42, 5849, 413981
1602465927, 0, 31, 1141, 1131, 258, 8.93%, 0, 0, 3, 132.73, 5854, 416650
1602465947, 0, 31, 1142, 1132, 258, 8.94%, 0, 0, 3, 133.75, 5856, 419369
1602465973, 0, 31, 1155, 1145, 258, 8.98%, 0, 0, 3, 135.20, 5882, 422919
1602466244, 0, 32, 1156, 1145, 272, 8.98%, 0, 0, 3, 138.33, 5882, 459741
1602466574, 0, 32, 1160, 1149, 272, 8.98%, 0, 0, 3, 146.57, 5882, 504561
1602466579, 0, 32, 1162, 1151, 272, 8.98%, 0, 0, 3, 155.07, 5882, 505372
1602466585, 0, 32, 1165, 1154, 272, 8.98%, 0, 0, 3, 155.87, 5882, 506185
1602466590, 0, 33, 1166, 1154, 270, 8.98%, 0, 0, 3, 154.41, 5882, 506967
1602466923, 0, 40, 1167, 1154, 269, 8.98%, 0, 0, 3, 141.37, 5883, 552373
1602466943, 0, 40, 1168, 1155, 269, 8.98%, 0, 0, 3, 133.94, 5883, 555149
1602466989, 0, 40, 1169, 1156, 269, 8.98%, 0, 0, 3, 129.71, 5884, 561280
1602467270, 0, 40, 1174, 1161, 269, 8.98%, 0, 0, 3, 143.71, 5884, 598785
1602467275, 0, 40, 1175, 1162, 269, 8.98%, 0, 0, 3, 154.28, 5884, 599590
1602467280, 0, 40, 1182, 1169, 269, 9.20%, 0, 0, 3, 144.84, 6032, 600205
1602467285, 0, 42, 1186, 1172, 270, 9.21%, 0, 0, 3, 142.19, 6034, 600937
1602467311, 0, 42, 1187, 1173, 270, 9.21%, 0, 0, 3, 131.61, 6034, 604296
1602467352, 0, 42, 1188, 1174, 270, 9.21%, 0, 0, 3, 132.00, 6035, 609705
1602467638, 0, 54, 1188, 1173, 270, 9.21%, 0, 0, 3, 140.35, 6035, 647666
1602467643, 0, 54, 1189, 1174, 270, 9.21%, 0, 0, 3, 133.58, 6036, 648350
1602467658, 0, 54, 1190, 1175, 270, 9.21%, 0, 0, 3, 135.32, 6037, 650464
1602467715, 0, 54, 1201, 1186, 270, 9.24%, 0, 0, 3, 132.37, 6058, 658069
1602467796, 0, 54, 1202, 1187, 270, 9.25%, 0, 0, 3, 136.84, 6059, 669023
1602467892, 0, 58, 1203, 1187, 283, 9.25%, 0, 0, 3, 139.64, 6059, 681966
1602467958, 0, 58, 1205, 1189, 283, 9.25%, 0, 0, 3, 134.15, 6061, 690865
1602468050, 0, 58, 1206, 1190, 283, 9.26%, 0, 0, 3, 137.18, 6068, 703233
1602468137, 0, 58, 1207, 1191, 283, 9.26%, 0, 0, 3, 128.53, 6070, 714759
1602468147, 0, 58, 1210, 1194, 283, 9.26%, 0, 0, 3, 152.07, 6070, 716221
1602468152, 0, 58, 1213, 1197, 283, 9.27%, 0, 0, 3, 156.06, 6072, 717010
1602468157, 0, 58, 1220, 1204, 283, 9.27%, 0, 0, 3, 149.13, 6072, 717787
1602468162, 0, 67, 1221, 1204, 286, 9.27%, 0, 0, 3, 140.52, 6072, 718494
1602468248, 0, 67, 1222, 1205, 286, 9.27%, 0, 0, 3, 135.34, 6072, 730217
1602468426, 0, 67, 1225, 1208, 286, 9.27%, 0, 0, 3, 149.39, 6072, 754080
1602468431, 0, 67, 1231, 1214, 286, 9.27%, 0, 0, 3, 153.58, 6078, 754886
1602468436, 0, 67, 1235, 1218, 286, 9.27%, 0, 0, 3, 151.35, 6078, 755644
1602468441, 0, 86, 1236, 1218, 285, 9.27%, 0, 0, 3, 145.86, 6078, 756379
1602468451, 0, 86, 1237, 1219, 285, 9.28%, 0, 0, 3, 133.38, 6080, 757733
1602468467, 0, 86, 1238, 1220, 285, 9.28%, 0, 0, 3, 132.28, 6081, 759755
1602468777, 0, 86, 1241, 1223, 285, 9.28%, 0, 0, 3, 141.89, 6082, 801302
1602468782, 0, 86, 1243, 1225, 285, 9.28%, 0, 0, 3, 151.66, 6082, 802072
1602468788, 0, 86, 1245, 1227, 285, 9.28%, 0, 0, 3, 153.07, 6082, 802871
1602468793, 0, 87, 1248, 1229, 289, 9.28%, 0, 0, 3, 153.96, 6082, 803657
1602468803, 0, 87, 1250, 1231, 289, 9.28%, 0, 0, 3, 137.57, 6085, 805073
1602468823, 0, 87, 1251, 1232, 289, 9.29%, 0, 0, 3, 133.94, 6086, 807771
1602468900, 0, 87, 1252, 1233, 289, 9.29%, 0, 0, 3, 132.96, 6087, 817986
1602468905, 0, 87, 1253, 1234, 289, 9.29%, 0, 0, 3, 134.77, 6089, 818686
1602469130, 0, 87, 1255, 1236, 289, 9.30%, 0, 0, 3, 147.00, 6094, 849089
1602469135, 0, 88, 1255, 1235, 293, 9.30%, 0, 0, 3, 141.19, 6094, 849814
1602469141, 0, 88, 1256, 1236, 293, 9.30%, 0, 0, 3, 135.87, 6095, 850514
1602469238, 0, 88, 1257, 1237, 293, 9.30%, 0, 0, 3, 135.47, 6096, 863739
1602469463, 0, 88, 1258, 1238, 293, 9.30%, 0, 0, 3, 141.49, 6096, 894432
1602469468, 0, 89, 1258, 1237, 294, 9.30%, 0, 0, 3, 136.80, 6096, 895143
1602469473, 0, 89, 1260, 1239, 294, 9.30%, 0, 0, 3, 135.90, 6098, 895843
1602469570, 0, 89, 1261, 1240, 294, 9.31%, 0, 0, 3, 134.80, 6099, 909038
1602469800, 0, 89, 1267, 1246, 294, 9.34%, 0, 0, 3, 144.77, 6122, 940118
1602469805, 0, 89, 1274, 1253, 294, 9.34%, 0, 0, 3, 149.06, 6122, 940894
1602469810, 0, 89, 1276, 1255, 294, 9.34%, 0, 0, 3, 152.93, 6122, 941696
1602469816, 0, 90, 1276, 1254, 296, 9.34%, 0, 0, 3, 140.91, 6122, 942435
1602469826, 0, 90, 1277, 1255, 296, 9.34%, 0, 0, 3, 129.78, 6123, 943733
1602469841, 0, 90, 1280, 1258, 296, 9.35%, 0, 0, 3, 134.51, 6128, 945757
1602469861, 0, 90, 1281, 1259, 296, 9.35%, 0, 0, 3, 133.13, 6130, 948456
1602469922, 0, 90, 1288, 1266, 296, 9.38%, 0, 0, 3, 133.22, 6147, 956646
1602470151, 0, 90, 1290, 1268, 296, 9.38%, 0, 0, 3, 148.69, 6147, 987579
1602470156, 0, 90, 1293, 1271, 296, 9.38%, 0, 0, 3, 153.39, 6147, 988386
1602470161, 0, 90, 1294, 1272, 296, 9.38%, 0, 0, 3, 159.17, 6147, 989219
1602470166, 0, 92, 1296, 1273, 308, 9.38%, 0, 0, 3, 145.31, 6147, 989954
1602470493, 0, 92, 1297, 1274, 308, 9.38%, 0, 0, 3, 147.66, 6147, 1034782
1602470499, 0, 95, 1297, 1273, 307, 9.38%, 0, 0, 3, 144.93, 6147, 1035539
1602470509, 0, 95, 1298, 1274, 307, 9.38%, 0, 0, 3, 141.08, 6147, 1036991
1602470827, 0, 98, 1298, 1273, 307, 9.38%, 0, 0, 3, 141.91, 6147, 1080210
1602470935, 0, 98, 1299, 1274, 307, 9.38%, 0, 0, 3, 134.57, 6148, 1094863
1602471159, 0, 98, 1300, 1275, 307, 9.38%, 0, 0, 3, 141.71, 6148, 1125151
1602471165, 0, 98, 1306, 1281, 307, 9.38%, 0, 0, 3, 152.74, 6150, 1125956
1602471170, 0, 98, 1310, 1285, 307, 9.38%, 0, 0, 3, 156.07, 6150, 1126744
1602471175, 0, 99, 1310, 1284, 310, 9.38%, 0, 0, 3, 150.81, 6150, 1127503
1602471287, 0, 99, 1311, 1285, 310, 9.39%, 0, 0, 3, 135.10, 6151, 1142753
1602471513, 0, 99, 1319, 1293, 310, 9.39%, 0, 0, 3, 149.37, 6151, 1172957
1602471518, 0, 99, 1322, 1296, 310, 9.39%, 0, 0, 3, 155.34, 6155, 1173750
1602471523, 0, 99, 1325, 1299, 310, 9.39%, 0, 0, 3, 152.13, 6155, 1174509
1602471528, 0, 101, 1331, 1304, 310, 9.39%, 0, 0, 3, 146.58, 6155, 1175266
1602471553, 0, 101, 1332, 1305, 310, 9.39%, 0, 0, 3, 133.96, 6156, 1178714
1602471640, 0, 101, 1334, 1307, 310, 9.40%, 0, 0, 3, 134.72, 6158, 1190249
1602471864, 0, 103, 1334, 1306, 312, 9.40%, 0, 0, 3, 138.71, 6158, 1220296
1602472201, 0, 108, 1334, 1305, 311, 9.40%, 0, 0, 3, 137.55, 6158, 1265311
1602472211, 0, 108, 1335, 1306, 311, 9.40%, 0, 0, 3, 133.01, 6159, 1266661
1602472247, 0, 108, 1336, 1307, 311, 9.40%, 0, 0, 3, 130.67, 6160, 1271491
1602472319, 0, 108, 1339, 1310, 311, 9.40%, 0, 0, 3, 133.52, 6163, 1281139
1602472537, 0, 108, 1340, 1311, 311, 9.40%, 0, 0, 3, 141.24, 6163, 1310348
1602472542, 0, 109, 1341, 1311, 315, 9.40%, 0, 0, 3, 141.71, 6163, 1311091
1602472875, 0, 109, 1343, 1313, 315, 9.40%, 0, 0, 3, 147.43, 6163, 1356122
1602472880, 0, 109, 1345, 1315, 315, 9.40%, 0, 0, 3, 157.77, 6163, 1356929
1602472885, 0, 109, 1349, 1319, 315, 9.41%, 0, 0, 3, 158.04, 6165, 1357732
1602472890, 0, 111, 1351, 1320, 315, 9.41%, 0, 0, 3, 154.96, 6165, 1358516
1602472962, 0, 111, 1352, 1321, 315, 9.41%, 0, 0, 3, 137.90, 6165, 1368560
1602473223, 0, 119, 1352, 1320, 314, 9.41%, 0, 0, 3, 134.64, 6165, 1404024
1602473556, 0, 123, 1352, 1319, 313, 9.41%, 0, 0, 3, 136.15, 6165, 1449070
1602473682, 0, 123, 1353, 1320, 313, 9.41%, 0, 0, 3, 132.04, 6166, 1465905
1602473892, 0, 127, 1353, 1319, 313, 9.41%, 0, 0, 3, 135.04, 6166, 1494098
1602474228, 0, 127, 1354, 1320, 313, 9.41%, 0, 0, 3, 145.01, 6166, 1538815
1602474234, 0, 132, 1354, 1319, 312, 9.41%, 0, 0, 3, 133.80, 6166, 1539492
1602474559, 0, 146, 1354, 1318, 311, 9.41%, 0, 0, 3, 136.58, 6166, 1583399
1602474896, 0, 148, 1354, 1317, 310, 9.41%, 0, 0, 3, 135.34, 6166, 1628580
1602474926, 0, 148, 1355, 1318, 310, 9.41%, 0, 0, 3, 133.03, 6166, 1632618
1602475227, 0, 148, 1358, 1321, 310, 9.41%, 0, 0, 3, 144.38, 6166, 1673326
1602475232, 0, 148, 1360, 1323, 310, 9.41%, 0, 0, 3, 149.22, 6166, 1674098
1602475242, 0, 149, 1362, 1324, 309, 9.41%, 0, 0, 3, 149.78, 6166, 1675634
1602475278, 0, 149, 1363, 1325, 309, 9.41%, 0, 0, 3, 136.22, 6168, 1680460
1602475569, 0, 149, 1366, 1328, 309, 9.41%, 0, 0, 3, 150.66, 6168, 1720747
1602475580, 0, 163, 1366, 1327, 310, 9.41%, 0, 0, 3, 147.42, 6168, 1722334
1602475897, 0, 163, 1367, 1328, 310, 9.41%, 0, 0, 3, 143.91, 6168, 1766765
1602475902, 0, 163, 1372, 1333, 310, 9.41%, 0, 0, 3, 152.10, 6168, 1767562
1602475907, 0, 163, 1373, 1334, 310, 9.41%, 0, 0, 3, 156.39, 6168, 1768353
1602475912, 0, 164, 1373, 1333, 311, 9.41%, 0, 0, 3, 154.91, 6168, 1769160
1602476239, 0, 164, 1375, 1335, 311, 9.41%, 0, 0, 3, 153.74, 6168, 1814619
1602476244, 0, 172, 1375, 1334, 311, 9.41%, 0, 0, 3, 144.80, 6168, 1815345
1602476565, 0, 176, 1375, 1333, 310, 9.41%, 0, 0, 3, 144.08, 6168, 1860203
1602476892, 0, 177, 1377, 1334, 309, 9.41%, 0, 0, 3, 142.13, 6169, 1905273
1602476954, 0, 177, 1378, 1335, 309, 9.41%, 0, 0, 3, 138.20, 6170, 1913750
1602477214, 0, 177, 1379, 1336, 309, 9.41%, 0, 0, 3, 139.32, 6170, 1949910
1602477219, 0, 177, 1383, 1340, 309, 9.42%, 0, 0, 3, 151.49, 6172, 1950708
1602477224, 0, 177, 1386, 1343, 309, 9.42%, 0, 0, 3, 152.25, 6172, 1951473
1602477234, 0, 178, 1386, 1342, 310, 9.42%, 0, 0, 3, 139.89, 6172, 1952931
1602477562, 0, 181, 1386, 1341, 309, 9.42%, 0, 0, 3, 141.47, 6172, 1998007
1602477894, 0, 183, 1386, 1340, 308, 9.42%, 0, 0, 3, 138.87, 6172, 2044249
1602478227, 0, 185, 1386, 1339, 307, 9.42%, 0, 0, 3, 137.35, 6172, 2089061
1602478304, 0, 185, 1387, 1340, 307, 9.42%, 0, 0, 3, 134.11, 6173, 2099403
1602478340, 0, 185, 1388, 1341, 307, 9.43%, 0, 0, 3, 138.39, 6179, 2104169
1602478554, 0, 185, 1390, 1343, 307, 9.43%, 0, 0, 3, 141.36, 6183, 2134116
1602478559, 0, 185, 1394, 1347, 307, 9.44%, 0, 0, 3, 153.38, 6184, 2134927
1602478564, 0, 185, 1397, 1350, 307, 9.44%, 0, 0, 3, 160.89, 6189, 2135767
1602478569, 0, 187, 1397, 1349, 309, 9.44%, 0, 0, 3, 157.01, 6189, 2136559
1602478641, 0, 187, 1398, 1350, 309, 9.45%, 0, 0, 3, 143.16, 6190, 2146674
1602478810, 0, 189, 1399, 1350, 309, 9.45%, 0, 0, 3, 149.23, 6190, 2171115
1602478820, 0, 189, 1400, 1351, 309, 9.45%, 0, 0, 3, 145.14, 6191, 2172585
1602478907, 0, 189, 1401, 1352, 309, 9.45%, 0, 0, 3, 138.98, 6192, 2185188
1602479127, 0, 190, 1401, 1351, 310, 9.45%, 0, 0, 3, 146.39, 6192, 2216245
1602479152, 0, 190, 1402, 1352, 310, 9.45%, 0, 0, 3, 144.45, 6193, 2219849
1602479224, 0, 190, 1404, 1354, 310, 9.47%, 0, 0, 3, 141.49, 6208, 2230324
1602479440, 0, 191, 1405, 1354, 312, 9.47%, 0, 0, 3, 150.43, 6208, 2261548
1602479450, 0, 191, 1406, 1355, 312, 9.47%, 0, 0, 3, 141.68, 6208, 2263017
1602479511, 0, 191, 1407, 1356, 312, 9.47%, 0, 0, 3, 142.53, 6208, 2271844
1602479706, 0, 191, 1408, 1357, 312, 9.48%, 0, 0, 3, 142.13, 6215, 2299751
1602479751, 0, 191, 1412, 1361, 312, 9.48%, 0, 0, 3, 153.71, 6215, 2306364
1602479757, 0, 191, 1413, 1362, 312, 9.48%, 0, 0, 3, 162.89, 6215, 2307218
1602479762, 0, 191, 1417, 1366, 312, 9.48%, 0, 0, 3, 166.80, 6215, 2308090
1602479767, 0, 192, 1418, 1366, 312, 9.48%, 0, 0, 3, 158.55, 6215, 2308890
1602480074, 0, 192, 1421, 1369, 312, 9.48%, 0, 0, 3, 144.80, 6215, 2353653
1602480079, 0, 192, 1423, 1371, 312, 9.49%, 0, 0, 3, 153.70, 6217, 2354438
1602480089, 0, 193, 1424, 1371, 310, 9.49%, 0, 0, 3, 152.07, 6217, 2356018
1602480197, 0, 193, 1425, 1372, 310, 9.49%, 0, 0, 3, 141.63, 6218, 2371141
1602480417, 0, 200, 1425, 1371, 310, 9.49%, 0, 0, 3, 138.54, 6218, 2401462
1602480745, 0, 201, 1425, 1370, 309, 9.49%, 0, 0, 3, 140.16, 6218, 2446357
1602481080, 0, 201, 1427, 1372, 309, 9.49%, 0, 0, 3, 134.56, 6218, 2491071
1602481085, 0, 202, 1427, 1371, 308, 9.49%, 0, 0, 3, 143.23, 6218, 2491836
1602481207, 0, 202, 1428, 1372, 308, 9.49%, 0, 0, 3, 133.59, 6219, 2508083
1602481416, 0, 219, 1428, 1371, 308, 9.49%, 0, 0, 3, 137.78, 6219, 2536722
1602481756, 0, 229, 1430, 1372, 308, 9.49%, 0, 0, 3, 146.46, 6220, 2582325
1602481807, 0, 229, 1431, 1373, 308, 9.49%, 0, 0, 3, 132.80, 6220, 2589305
1602481894, 0, 229, 1432, 1374, 308, 9.49%, 0, 0, 3, 133.86, 6221, 2601213
1602482093, 0, 231, 1433, 1374, 308, 9.49%, 0, 0, 3, 142.12, 6221, 2627658
1602482429, 0, 236, 1433, 1373, 307, 9.49%, 0, 0, 3, 139.31, 6221, 2672920
1602482775, 0, 236, 1434, 1374, 307, 9.49%, 0, 0, 3, 136.34, 6221, 2719024
1602482780, 0, 238, 1434, 1373, 306, 9.49%, 0, 0, 3, 136.12, 6221, 2719739
1602482852, 0, 238, 1435, 1374, 306, 9.49%, 0, 0, 3, 131.50, 6222, 2729344
1602483107, 0, 238, 1436, 1375, 306, 9.49%, 0, 0, 3, 140.71, 6222, 2764289
1602483113, 0, 243, 1436, 1374, 306, 9.49%, 0, 0, 3, 141.89, 6222, 2765030
1602483440, 0, 243, 1437, 1375, 306, 9.49%, 0, 0, 3, 131.27, 6222, 2809410
1602483445, 0, 244, 1437, 1374, 305, 9.49%, 0, 0, 3, 137.91, 6222, 2810145
1602483471, 0, 244, 1438, 1375, 305, 9.50%, 0, 0, 3, 136.99, 6224, 2813559
1602483547, 0, 244, 1440, 1377, 305, 9.50%, 0, 0, 3, 136.99, 6228, 2824121
1602483578, 0, 244, 1441, 1378, 305, 9.50%, 0, 0, 3, 136.79, 6228, 2828360
1602483773, 0, 244, 1444, 1381, 305, 9.50%, 0, 0, 3, 141.93, 6228, 2855149
1602483778, 0, 244, 1448, 1385, 305, 9.50%, 0, 0, 3, 149.68, 6228, 2855929
1602483783, 0, 244, 1449, 1386, 305, 9.50%, 0, 0, 3, 152.97, 6229, 2856692
1602483788, 0, 244, 1453, 1390, 305, 9.51%, 0, 0, 3, 153.89, 6231, 2857495
1602483793, 0, 245, 1453, 1389, 310, 9.51%, 0, 0, 3, 152.02, 6231, 2858269
1602483798, 0, 245, 1454, 1390, 310, 9.51%, 0, 0, 3, 141.73, 6231, 2858990
1602484121, 0, 245, 1456, 1392, 310, 9.51%, 0, 0, 3, 149.52, 6231, 2903504
1602484126, 0, 245, 1458, 1394, 310, 9.51%, 0, 0, 3, 156.25, 6231, 2904296
1602484131, 0, 245, 1461, 1397, 310, 9.51%, 0, 0, 3, 160.65, 6231, 2905118
1602484136, 0, 246, 1462, 1397, 310, 9.51%, 0, 0, 3, 147.86, 6231, 2905865
1602484213, 0, 246, 1463, 1398, 310, 9.53%, 0, 0, 3, 136.51, 6247, 2916490
1602484243, 0, 246, 1464, 1399, 310, 9.53%, 0, 0, 3, 133.24, 6248, 2920574
1602484469, 0, 248, 1464, 1398, 310, 9.53%, 0, 0, 3, 138.25, 6248, 2950966
1602484577, 0, 248, 1465, 1399, 310, 9.54%, 0, 0, 3, 141.00, 6249, 2965729
1602484781, 0, 272, 1465, 1398, 310, 9.54%, 0, 0, 3, 163.63, 6249, 2996394
1602485059, 0, 273, 1466, 1398, 310, 9.54%, 0, 0, 3, 168.54, 6249, 3041136
1602485336, 0, 273, 1467, 1399, 310, 9.54%, 0, 0, 3, 165.37, 6249, 3085817
1602485341, 0, 274, 1467, 1398, 310, 9.54%, 0, 0, 3, 164.01, 6249, 3086669
1602485617, 0, 276, 1467, 1397, 309, 9.54%, 0, 0, 3, 165.55, 6249, 3131039
1602485899, 0, 277, 1467, 1396, 308, 9.54%, 0, 0, 3, 165.30, 6249, 3176294
1602486176, 0, 277, 1468, 1397, 308, 9.54%, 0, 0, 3, 167.81, 6249, 3221104
1602486181, 0, 278, 1468, 1396, 308, 9.54%, 0, 0, 3, 163.60, 6249, 3221944
1602486458, 0, 279, 1468, 1395, 307, 9.54%, 0, 0, 3, 158.42, 6249, 3266798
1602486724, 0, 279, 1469, 1396, 307, 9.54%, 0, 0, 3, 161.59, 6249, 3309273
1602486739, 0, 280, 1469, 1395, 307, 9.54%, 0, 0, 3, 163.84, 6249, 3311788
1602487016, 0, 280, 1471, 1397, 307, 9.54%, 0, 0, 3, 170.45, 6250, 3356509
1602487023, 0, 280, 1475, 1401, 307, 10.31%, 0, 0, 3, 6.47, 6759, 3356953
1602487028, 0, 280, 1478, 1404, 307, 10.31%, 0, 0, 3, 174.74, 6759, 3357873
1602487033, 0, 280, 1481, 1407, 307, 10.31%, 0, 0, 3, 180.38, 6759, 3358785
1602487038, 0, 281, 1483, 1408, 303, 10.31%, 0, 0, 3, 178.36, 6760, 3359716
1602487095, 0, 281, 1484, 1409, 303, 10.32%, 0, 0, 3, 161.52, 6761, 3368911
1602487321, 0, 282, 1486, 1410, 304, 10.32%, 0, 0, 3, 169.87, 6761, 3405243
1602487603, 0, 282, 1489, 1413, 304, 10.32%, 0, 0, 3, 178.71, 6762, 3450694
1602487608, 0, 283, 1489, 1412, 304, 10.32%, 0, 0, 3, 163.00, 6762, 3451501
1602487890, 0, 285, 1489, 1411, 303, 10.32%, 0, 0, 3, 162.41, 6762, 3496454
1602488171, 0, 288, 1489, 1410, 302, 10.32%, 0, 0, 3, 159.45, 6762, 3541149
1602488453, 0, 289, 1490, 1410, 301, 10.32%, 0, 0, 3, 166.56, 6762, 3585922
1602488736, 0, 289, 1494, 1414, 301, 10.32%, 0, 0, 3, 175.34, 6762, 3631509
1602488741, 0, 289, 1496, 1416, 301, 10.32%, 0, 0, 3, 183.58, 6762, 3632470
1602488751, 0, 294, 1497, 1416, 302, 10.32%, 0, 0, 3, 178.68, 6762, 3634344
1602489038, 0, 302, 1497, 1415, 301, 10.32%, 0, 0, 3, 162.62, 6762, 3680549
1602489069, 0, 302, 1498, 1416, 301, 10.32%, 0, 0, 3, 161.73, 6762, 3685491
1602489105, 0, 302, 1499, 1417, 301, 10.32%, 0, 0, 3, 161.29, 6766, 3691327
1602489320, 0, 305, 1500, 1417, 302, 10.32%, 0, 0, 3, 161.99, 6766, 3725771
1602489608, 0, 319, 1500, 1416, 301, 10.32%, 0, 0, 3, 162.34, 6766, 3771559
1602489695, 0, 319, 1502, 1418, 301, 10.33%, 0, 0, 3, 159.36, 6768, 3785412
1602489886, 0, 320, 1502, 1417, 302, 10.33%, 0, 0, 3, 163.47, 6768, 3816049
1602489896, 0, 320, 1503, 1418, 302, 10.33%, 0, 0, 3, 157.52, 6769, 3817632
1602489973, 0, 320, 1504, 1419, 302, 10.33%, 0, 0, 3, 162.44, 6770, 3830118
1602489979, 0, 320, 1505, 1420, 302, 10.33%, 0, 0, 3, 156.05, 6771, 3830903
1602490168, 0, 321, 1506, 1420, 305, 10.33%, 0, 0, 3, 170.20, 6771, 3861352
1602490260, 0, 321, 1507, 1421, 305, 10.33%, 0, 0, 3, 164.35, 6773, 3876193
1602490450, 0, 322, 1508, 1421, 306, 10.33%, 0, 0, 3, 162.69, 6773, 3906202
1602490691, 0, 322, 1509, 1422, 306, 10.37%, 0, 0, 3, 154.98, 6794, 3944720
1602490732, 0, 324, 1510, 1422, 306, 10.37%, 0, 0, 3, 165.33, 6794, 3951360
1602490758, 0, 324, 1511, 1423, 306, 10.37%, 0, 0, 3, 161.54, 6797, 3955517
1602490825, 0, 324, 1513, 1425, 306, 10.38%, 0, 0, 3, 159.22, 6800, 3966160
1602491015, 0, 324, 1515, 1427, 306, 10.38%, 0, 0, 3, 165.74, 6800, 3996485
1602491020, 0, 324, 1517, 1429, 306, 10.38%, 0, 0, 3, 182.15, 6800, 3997443
1602491025, 0, 325, 1517, 1428, 308, 10.38%, 0, 0, 3, 173.51, 6800, 3998352
1602491317, 0, 326, 1517, 1427, 307, 10.38%, 0, 0, 3, 137.73, 6800, 4043639
1602491322, 0, 326, 1518, 1428, 307, 10.38%, 0, 0, 3, 138.21, 6801, 4044341
1602491343, 0, 326, 1519, 1429, 307, 10.38%, 0, 0, 3, 140.97, 6802, 4047199
1602491420, 0, 326, 1522, 1432, 307, 10.39%, 0, 0, 3, 135.11, 6807, 4057686
1602491645, 0, 327, 1523, 1432, 311, 10.39%, 0, 0, 3, 143.55, 6807, 4088414
1602491656, 0, 327, 1524, 1433, 311, 10.39%, 0, 0, 3, 137.71, 6808, 4089820
1602491753, 0, 327, 1525, 1434, 311, 10.39%, 0, 0, 3, 133.48, 6809, 4102855
1602491983, 0, 328, 1526, 1434, 312, 10.39%, 0, 0, 3, 137.95, 6809, 4133720
1602491993, 0, 328, 1527, 1435, 312, 10.39%, 0, 0, 3, 136.64, 6810, 4135092
1602492009, 0, 328, 1528, 1436, 312, 10.40%, 0, 0, 3, 134.61, 6813, 4137164
1602492090, 0, 328, 1531, 1439, 312, 10.40%, 0, 0, 3, 131.76, 6816, 4147931
1602492324, 0, 329, 1532, 1439, 315, 10.40%, 0, 0, 3, 133.75, 6816, 4179021
1602492614, 0, 329, 1533, 1440, 315, 10.41%, 0, 0, 3, 137.04, 6823, 4217775
1602492660, 0, 329, 1535, 1442, 315, 10.41%, 0, 0, 3, 142.11, 6823, 4223913
1602492665, 0, 330, 1535, 1441, 316, 10.41%, 0, 0, 3, 136.31, 6823, 4224618
1602492670, 0, 330, 1536, 1442, 316, 10.41%, 0, 0, 3, 133.48, 6824, 4225292
1602492690, 0, 330, 1537, 1443, 316, 10.41%, 0, 0, 3, 133.07, 6825, 4227992
1602492771, 0, 330, 1540, 1446, 316, 10.42%, 0, 0, 3, 132.80, 6829, 4238763
1602493001, 0, 333, 1541, 1446, 321, 10.42%, 0, 0, 3, 136.23, 6829, 4269350
1602493337, 0, 334, 1541, 1445, 320, 10.42%, 0, 0, 3, 137.97, 6829, 4314610
1602493347, 0, 334, 1542, 1446, 320, 10.42%, 0, 0, 3, 134.33, 6830, 4315984
1602493444, 0, 334, 1543, 1447, 320, 10.42%, 0, 0, 3, 134.45, 6831, 4329059
1602493669, 0, 336, 1543, 1446, 321, 10.42%, 0, 0, 3, 137.24, 6831, 4359295
1602493679, 0, 336, 1544, 1447, 321, 10.42%, 0, 0, 3, 133.88, 6831, 4360646
1602493775, 0, 336, 1545, 1448, 321, 10.42%, 0, 0, 3, 134.41, 6832, 4373561
1602494005, 0, 337, 1546, 1448, 321, 10.42%, 0, 0, 3, 140.64, 6832, 4404413
1602494016, 0, 337, 1547, 1449, 321, 10.43%, 0, 0, 3, 135.23, 6833, 4405794
1602494112, 0, 337, 1548, 1450, 321, 10.43%, 0, 0, 3, 134.36, 6834, 4418869
1602494343, 0, 338, 1549, 1450, 322, 10.43%, 0, 0, 3, 134.30, 6834, 4449970
1602494679, 0, 339, 1550, 1450, 322, 10.43%, 0, 0, 3, 140.93, 6834, 4495154
1602495015, 0, 340, 1551, 1450, 321, 10.43%, 0, 0, 3, 137.75, 6834, 4540324
1602495025, 0, 340, 1552, 1451, 321, 10.43%, 0, 0, 3, 136.53, 6835, 4541698
1602495122, 0, 340, 1553, 1452, 321, 10.43%, 0, 0, 3, 131.63, 6836, 4554623
1602495351, 0, 341, 1553, 1451, 322, 10.43%, 0, 0, 3, 138.98, 6836, 4585228
1602495362, 0, 341, 1554, 1452, 322, 10.43%, 0, 0, 3, 132.07, 6837, 4586606
1602495458, 0, 341, 1555, 1453, 322, 10.43%, 0, 0, 3, 134.08, 6838, 4599441
1602495641, 0, 341, 1556, 1454, 322, 10.45%, 0, 0, 3, 127.71, 6846, 4623944
1602495687, 0, 344, 1556, 1453, 323, 10.45%, 0, 0, 3, 135.48, 6846, 4630080
1602495697, 0, 344, 1557, 1454, 323, 10.45%, 0, 0, 3, 137.87, 6847, 4631497
1602496019, 0, 345, 1558, 1454, 323, 10.45%, 0, 0, 3, 140.57, 6847, 4675207
1602496352, 0, 346, 1559, 1454, 322, 10.45%, 0, 0, 3, 141.30, 6847, 4720478
1602496688, 0, 347, 1559, 1453, 321, 10.45%, 0, 0, 3, 140.72, 6847, 4765658
1602497024, 0, 352, 1559, 1452, 320, 10.45%, 0, 0, 3, 136.19, 6847, 4810937
1602497136, 0, 352, 1561, 1454, 320, 10.45%, 0, 0, 3, 136.27, 6849, 4826135
1602497141, 0, 352, 1567, 1460, 320, 10.46%, 0, 0, 3, 133.93, 6854, 4826804
1602497356, 0, 352, 1568, 1461, 320, 10.46%, 0, 0, 3, 144.98, 6854, 4855707
1602497361, 0, 354, 1568, 1460, 326, 10.46%, 0, 0, 3, 137.67, 6854, 4856400
1602497392, 0, 354, 1569, 1461, 326, 10.46%, 0, 0, 3, 131.90, 6855, 4860452
1602497488, 0, 354, 1570, 1462, 326, 10.46%, 0, 0, 3, 133.75, 6856, 4873295
1602497692, 0, 355, 1570, 1461, 327, 10.46%, 0, 0, 3, 144.17, 6856, 4901023
1602498015, 0, 355, 1572, 1463, 327, 10.46%, 0, 0, 3, 140.28, 6856, 4944927
1602498020, 0, 355, 1574, 1465, 327, 10.47%, 0, 0, 3, 150.83, 6862, 4945722
1602498025, 0, 355, 1576, 1467, 327, 10.47%, 0, 0, 3, 160.26, 6862, 4946542
1602498030, 0, 355, 1578, 1469, 327, 10.48%, 0, 0, 3, 156.22, 6867, 4947332
1602498036, 0, 360, 1581, 1471, 327, 10.48%, 0, 0, 3, 154.22, 6869, 4948139
1602498369, 0, 379, 1581, 1470, 326, 10.48%, 0, 0, 3, 137.22, 6869, 4993595
1602498450, 0, 379, 1582, 1471, 326, 10.49%, 0, 0, 3, 131.29, 6874, 5004322
1602498526, 0, 379, 1583, 1472, 326, 10.49%, 0, 0, 3, 135.75, 6875, 5014489
1602498654, 0, 379, 1584, 1473, 326, 10.49%, 0, 0, 3, 134.76, 6875, 5031563
1602498715, 0, 405, 1584, 1472, 326, 10.49%, 0, 0, 3, 141.45, 6875, 5039883
1602498838, 0, 461, 1584, 1471, 325, 10.49%, 0, 0, 3, 161.32, 6875, 5059764
1602498843, 0, 461, 1585, 1472, 325, 10.49%, 0, 0, 3, 148.46, 6875, 5060525
1602499038, 0, 476, 1586, 1472, 325, 10.49%, 0, 0, 3, 150.01, 6875, 5088933
1602499197, 0, 498, 1586, 1471, 324, 10.49%, 0, 0, 3, 155.90, 6875, 5112582
1602499381, 0, 499, 1586, 1470, 323, 10.49%, 0, 0, 3, 157.08, 6875, 5139646
1602499397, 0, 499, 1587, 1471, 323, 10.49%, 0, 0, 3, 160.84, 6875, 5142147
1602499571, 0, 500, 1587, 1470, 322, 10.49%, 0, 0, 3, 162.63, 6875, 5170393
1602499749, 0, 504, 1587, 1469, 321, 10.49%, 0, 0, 3, 162.85, 6875, 5198841
1602499867, 0, 504, 1588, 1470, 321, 10.49%, 0, 0, 3, 130.45, 6875, 5214561
1602500061, 0, 528, 1588, 1469, 320, 10.49%, 0, 0, 3, 179.37, 6875, 5240149
1602500143, 0, 534, 1589, 1469, 319, 10.49%, 0, 0, 3, 208.67, 6875, 5256558
1602500219, 0, 536, 1589, 1468, 318, 10.49%, 0, 0, 3, 155.51, 6875, 5271914
1602500383, 0, 536, 1590, 1469, 318, 10.49%, 0, 0, 3, 145.52, 6875, 5294231
1602500481, 0, 552, 1590, 1468, 318, 10.49%, 0, 0, 3, 142.63, 6875, 5307853
1602500828, 0, 554, 1590, 1467, 317, 10.49%, 0, 0, 3, 148.70, 6875, 5356704
1602501080, 0, 568, 1590, 1466, 316, 10.49%, 0, 0, 3, 142.91, 6875, 5393300
1602501095, 0, 568, 1591, 1467, 316, 10.49%, 0, 0, 3, 140.59, 6877, 5395450
1602501356, 0, 575, 1591, 1466, 316, 10.49%, 0, 0, 3, 148.09, 6877, 5432100
1602501596, 0, 578, 1591, 1465, 315, 10.49%, 0, 0, 3, 159.87, 6877, 5468917
1602501617, 0, 578, 1592, 1466, 315, 10.49%, 0, 0, 3, 155.23, 6877, 5472083
1602501775, 0, 582, 1594, 1467, 315, 10.49%, 0, 0, 3, 148.59, 6877, 5496441
1602501790, 0, 582, 1595, 1468, 315, 10.49%, 0, 0, 3, 140.58, 6877, 5498557
1602501913, 0, 582, 1596, 1469, 315, 10.49%, 0, 0, 3, 145.52, 6877, 5515776
1602501979, 0, 582, 1598, 1471, 315, 10.49%, 0, 0, 3, 153.44, 6877, 5525293
1602501984, 0, 593, 1598, 1470, 315, 10.49%, 0, 0, 3, 161.11, 6877, 5526127
1602502056, 0, 593, 1599, 1471, 315, 10.49%, 0, 0, 3, 166.11, 6877, 5537818
1602502234, 0, 593, 1602, 1474, 315, 10.49%, 0, 0, 3, 162.72, 6877, 5566660
1602502239, 0, 593, 1606, 1478, 315, 10.49%, 0, 0, 3, 180.15, 6877, 5567574
1602502245, 0, 593, 1611, 1483, 315, 10.49%, 0, 0, 3, 176.70, 6877, 5568493
1602502250, 0, 612, 1612, 1483, 314, 10.49%, 0, 0, 3, 153.36, 6877, 5569276
1602502550, 0, 616, 1612, 1482, 313, 10.49%, 0, 0, 3, 144.02, 6877, 5609808
1602502576, 0, 616, 1613, 1483, 313, 10.50%, 0, 0, 3, 143.13, 6881, 5613524
1602502617, 0, 616, 1616, 1486, 313, 10.75%, 0, 0, 3, 145.69, 7044, 5619411
1602502821, 0, 623, 1616, 1485, 312, 10.75%, 0, 0, 3, 170.21, 7044, 5649645
1602502954, 0, 626, 1616, 1484, 311, 10.75%, 0, 0, 3, 189.88, 7044, 5674477
1602503122, 0, 626, 1618, 1486, 311, 10.75%, 0, 0, 3, 172.60, 7044, 5703327
1602503127, 0, 626, 1620, 1488, 311, 10.75%, 0, 0, 3, 188.50, 7045, 5704294
1602503133, 0, 626, 1623, 1491, 311, 10.75%, 0, 0, 3, 194.13, 7046, 5705308
1602503138, 0, 672, 1624, 1491, 314, 10.75%, 0, 0, 3, 104.44, 7046, 5705843
1602503341, 0, 672, 1625, 1492, 314, 10.75%, 0, 0, 3, 42.18, 7046, 5714561
1602507326, 0, 680, 1625, 1491, 313, 10.75%, 0, 0, 3, 43.38, 7046, 5884454
1602507535, 0, 680, 1626, 1492, 313, 10.75%, 0, 0, 3, 42.79, 7046, 5893573
1602512089, 0, 690, 1627, 1492, 312, 10.75%, 0, 0, 3, 53.43, 7046, 6061227
1602512192, 0, 690, 1628, 1493, 312, 10.75%, 0, 0, 3, 51.19, 7046, 6066524
1602515681, 0, 692, 1628, 1492, 312, 10.75%, 0, 0, 3, 53.28, 7046, 6239730
1602515732, 0, 692, 1629, 1493, 312, 10.75%, 0, 0, 3, 53.03, 7046, 6242354
1602515788, 0, 692, 1630, 1494, 312, 10.75%, 0, 0, 3, 49.91, 7046, 6245186
1602515834, 0, 692, 1631, 1495, 312, 10.75%, 0, 0, 3, 49.19, 7046, 6247455
1602519530, 0, 692, 1632, 1496, 312, 10.75%, 0, 0, 3, 44.96, 7046, 6418410
1602519535, 0, 701, 1632, 1495, 312, 10.75%, 0, 0, 3, 43.76, 7046, 6418637
1602519576, 0, 701, 1633, 1496, 312, 10.76%, 0, 0, 3, 42.58, 7051, 6420354
1602519720, 0, 701, 1635, 1498, 312, 10.76%, 0, 0, 3, 41.73, 7051, 6426374
1602520954, 0, 701, 1636, 1499, 312, 10.76%, 0, 0, 3, 40.45, 7053, 6477608
1602523809, 0, 706, 1637, 1499, 313, 10.76%, 0, 0, 3, 44.93, 7053, 6597269
1602528004, 0, 706, 1640, 1502, 313, 10.76%, 0, 0, 3, 49.59, 7053, 6776067
1602528009, 0, 706, 1642, 1504, 313, 10.76%, 0, 0, 3, 50.39, 7053, 6776327
1602528014, 0, 706, 1644, 1506, 313, 10.76%, 0, 0, 3, 48.17, 7053, 6776565
1602528019, 0, 706, 1646, 1508, 313, 10.76%, 0, 0, 3, 49.94, 7053, 6776818
1602528034, 0, 706, 1649, 1511, 313, 10.76%, 0, 0, 3, 51.11, 7053, 6777586
1602528044, 0, 706, 1651, 1513, 313, 10.76%, 0, 0, 3, 50.58, 7053, 6778095
1602528049, 0, 707, 1651, 1512, 313, 10.76%, 0, 0, 3, 48.99, 7053, 6778347
1602528172, 0, 707, 1652, 1513, 313, 10.76%, 0, 0, 3, 42.75, 7054, 6783794
1602531711, 0, 711, 1652, 1512, 313, 10.76%, 0, 0, 3, 46.52, 7054, 6935331
1602531926, 0, 711, 1653, 1513, 313, 10.76%, 0, 0, 3, 42.68, 7054, 6944612
1602535873, 0, 711, 1654, 1514, 313, 10.76%, 0, 0, 3, 45.38, 7054, 7111550
1602535878, 0, 717, 1654, 1513, 312, 10.76%, 0, 0, 3, 43.32, 7054, 7111771
1602536329, 0, 717, 1655, 1514, 312, 10.76%, 0, 0, 3, 41.39, 7054, 7130568
1602540156, 0, 724, 1655, 1513, 311, 10.76%, 0, 0, 3, 42.88, 7054, 7290338
1602540760, 0, 724, 1656, 1514, 311, 10.76%, 0, 0, 3, 42.54, 7054, 7315507
1602544345, 0, 734, 1657, 1514, 311, 10.76%, 0, 0, 3, 44.93, 7054, 7468942
1602546028, 0, 734, 1658, 1515, 311, 10.76%, 0, 0, 3, 43.79, 7054, 7541159
