# unix_time, cycles_done, cur_path, paths_total, pending_total, pending_favs, map_size, unique_crashes, unique_hangs, max_depth, execs_per_sec, edge_coverage, total_execs
1605368152, 0, 0, 169, 169, 29, 3.64%, 0, 0, 1, 147.16, 2387, 1352
1605368157, 0, 0, 244, 244, 29, 4.20%, 0, 0, 2, 1220.14, 2754, 7492
1605368162, 0, 0, 260, 260, 29, 4.21%, 0, 0, 2, 1201.75, 2757, 13681
1605368173, 0, 0, 261, 261, 29, 4.21%, 0, 0, 2, 1221.19, 2757, 25776
1605368178, 0, 0, 271, 271, 29, 4.21%, 0, 0, 2, 1179.42, 2761, 31939
1605368183, 0, 0, 275, 275, 29, 4.21%, 0, 0, 2, 1199.69, 2762, 38304
1605368188, 0, 0, 282, 282, 29, 4.22%, 0, 0, 2, 1184.57, 2768, 44466
1605368193, 0, 0, 293, 293, 29, 4.23%, 0, 0, 2, 1356.17, 2771, 51737
1605368198, 0, 0, 297, 297, 29, 4.23%, 0, 0, 2, 1393.85, 2772, 58843
1605368204, 0, 0, 301, 301, 29, 4.23%, 0, 0, 2, 48.95, 2772, 65653
1605368209, 0, 3, 306, 305, 87, 4.23%, 0, 0, 2, 1291.02, 2775, 72255
1605368224, 0, 3, 307, 306, 87, 4.23%, 0, 0, 2, 1266.45, 2775, 91090
1605368234, 0, 3, 308, 307, 87, 4.23%, 0, 0, 2, 1367.61, 2775, 104527
1605368240, 0, 4, 321, 319, 85, 4.24%, 0, 0, 2, 1254.42, 2776, 110913
1605368245, 0, 4, 324, 322, 85, 4.24%, 0, 0, 2, 1120.89, 2776, 116702
1605368255, 0, 4, 325, 323, 85, 4.24%, 0, 0, 2, 1219.73, 2779, 129109
1605368265, 0, 4, 326, 324, 85, 4.24%, 0, 0, 2, 1316.04, 2779, 141924
1605368270, 0, 5, 330, 327, 87, 4.24%, 0, 0, 2, 1176.52, 2780, 147667
1605368276, 0, 5, 334, 331, 87, 4.24%, 0, 0, 2, 1134.44, 2780, 153604
1605368301, 0, 5, 335, 332, 87, 4.25%, 0, 0, 2, 1219.55, 2783, 182815
1605368306, 0, 7, 343, 339, 86, 4.25%, 0, 0, 2, 957.28, 2785, 187721
1605368311, 0, 7, 344, 340, 86, 4.25%, 0, 0, 2, 827.77, 2785, 191793
1605368316, 0, 7, 363, 359, 86, 4.25%, 0, 0, 2, 839.37, 2785, 196204
1605368357, 0, 7, 364, 360, 86, 4.25%, 0, 0, 2, 989.21, 2785, 231018
1605368372, 0, 7, 366, 362, 86, 4.26%, 0, 0, 2, 1054.36, 2789, 244320
1605368387, 0, 7, 369, 365, 86, 4.26%, 0, 0, 2, 1108.32, 2789, 257130
1605368392, 0, 7, 370, 366, 86, 4.26%, 0, 0, 2, 1289.10, 2789, 264028
1605368407, 0, 8, 370, 365, 88, 4.26%, 0, 0, 2, 1292.57, 2789, 284110
1605368428, 0, 9, 379, 373, 87, 4.27%, 0, 0, 2, 1274.22, 2799, 310419
1605368433, 0, 9, 380, 374, 87, 4.27%, 0, 0, 2, 1217.51, 2799, 316561
1605368453, 0, 9, 381, 375, 87, 4.30%, 0, 0, 2, 1208.85, 2819, 341063
1605368458, 0, 10, 381, 374, 91, 4.30%, 0, 0, 2, 1224.42, 2819, 347383
1605368504, 0, 12, 381, 373, 90, 4.30%, 0, 0, 2, 1144.15, 2819, 400320
1605368509, 0, 12, 383, 375, 90, 4.30%, 0, 0, 2, 1113.60, 2819, 405917
1605368519, 0, 12, 384, 376, 90, 4.30%, 0, 0, 2, 1165.74, 2819, 417199
1605368524, 0, 12, 385, 377, 90, 4.30%, 0, 0, 2, 1190.22, 2821, 423161
1605368529, 0, 12, 387, 379, 90, 4.31%, 0, 0, 2, 1222.74, 2826, 429149
1605368534, 0, 13, 387, 378, 91, 4.31%, 0, 0, 2, 1267.64, 2826, 435893
1605368540, 0, 13, 389, 380, 91, 4.31%, 0, 0, 2, 785.21, 2826, 439543
1605368601, 0, 13, 390, 381, 91, 4.31%, 0, 0, 2, 658.62, 2826, 472682
1605368646, 0, 13, 391, 382, 91, 4.31%, 0, 0, 2, 662.26, 2826, 498220
1605368652, 0, 13, 392, 383, 91, 4.31%, 0, 0, 2, 955.88, 2826, 503197
1605369052, 0, 13, 393, 384, 91, 4.31%, 0, 0, 2, 922.08, 2826, 724833
1605369417, 0, 15, 393, 383, 91, 4.31%, 0, 0, 2, 763.47, 2826, 928523
1605369423, 0, 15, 396, 386, 91, 4.32%, 0, 0, 2, 656.11, 2828, 932080
1605369654, 0, 15, 399, 389, 91, 4.32%, 0, 0, 2, 542.56, 2828, 1024520
1605370891, 0, 15, 400, 390, 91, 4.32%, 0, 0, 2, 675.57, 2828, 1524902
1605371307, 0, 16, 406, 395, 92, 4.33%, 0, 0, 2, 839.34, 2838, 1697535
1605371312, 0, 16, 407, 396, 92, 4.33%, 0, 0, 2, 1139.10, 2838, 1703869
1605371342, 0, 21, 410, 398, 96, 4.33%, 0, 0, 2, 1015.24, 2838, 1740050
1605371378, 0, 21, 411, 399, 96, 4.34%, 0, 0, 2, 570.74, 2841, 1758787
1605371455, 0, 21, 413, 401, 96, 4.34%, 0, 0, 2, 592.06, 2841, 1798454
1605372029, 0, 21, 415, 403, 96, 4.34%, 0, 0, 2, 748.31, 2844, 2094052
1605372034, 0, 21, 416, 404, 96, 4.35%, 0, 0, 2, 953.45, 2848, 2098881
1605372228, 0, 23, 420, 407, 99, 4.35%, 0, 0, 2, 726.06, 2851, 2197813
1605372269, 0, 23, 421, 408, 99, 4.35%, 0, 0, 2, 699.16, 2851, 2223990
1605372783, 0, 24, 421, 407, 101, 4.35%, 0, 0, 2, 831.39, 2851, 2559922
1605373083, 0, 24, 422, 408, 101, 4.35%, 0, 0, 2, 945.69, 2851, 2789853
1605373175, 0, 26, 423, 408, 100, 4.35%, 0, 0, 2, 825.84, 2851, 2856876
1605373185, 0, 26, 428, 413, 100, 4.35%, 0, 0, 2, 780.86, 2853, 2864809
1605373190, 0, 26, 429, 414, 100, 4.35%, 0, 0, 2, 770.47, 2853, 2868769
1605373226, 0, 26, 434, 419, 100, 4.35%, 0, 0, 2, 896.89, 2853, 2896983
1605373231, 0, 26, 435, 420, 100, 4.35%, 0, 0, 2, 807.17, 2853, 2901037
1605373384, 0, 26, 436, 421, 100, 4.35%, 0, 0, 2, 800.90, 2853, 3018435
1605373512, 0, 26, 437, 422, 100, 4.35%, 0, 0, 2, 917.02, 2853, 3121326
1605373609, 0, 38, 449, 433, 101, 4.41%, 0, 0, 2, 935.16, 2892, 3195341
1605373614, 0, 38, 455, 439, 101, 4.42%, 0, 0, 2, 1056.83, 2899, 3200806
1605373620, 0, 38, 457, 441, 101, 4.43%, 0, 0, 2, 1134.68, 2901, 3206294
1605373635, 0, 38, 470, 454, 101, 4.44%, 0, 0, 2, 1034.25, 2907, 3222032
1605373640, 0, 38, 475, 459, 101, 4.44%, 0, 0, 2, 1090.06, 2909, 3227577
1605373645, 0, 38, 479, 463, 101, 4.44%, 0, 0, 2, 1119.87, 2909, 3233274
1605373650, 0, 38, 480, 464, 101, 4.44%, 0, 0, 2, 1154.62, 2909, 3239152
1605373655, 0, 38, 486, 470, 101, 4.44%, 0, 0, 2, 1131.85, 2909, 3244964
1605373666, 0, 38, 496, 480, 101, 4.44%, 0, 0, 2, 1303.58, 2910, 3257608
1605373671, 0, 38, 501, 485, 101, 4.44%, 0, 0, 2, 1352.62, 2910, 3264471
1605373676, 0, 38, 502, 486, 101, 4.44%, 0, 0, 2, 1345.01, 2910, 3271286
1605373681, 0, 38, 504, 488, 101, 4.44%, 0, 0, 2, 1367.43, 2910, 3278319
1605373686, 0, 48, 542, 525, 115, 4.53%, 0, 0, 2, 1278.60, 2972, 3284982
1605373691, 0, 48, 544, 527, 115, 4.54%, 0, 0, 2, 1085.14, 2973, 3290341
1605373722, 0, 48, 547, 530, 115, 4.54%, 0, 0, 2, 977.71, 2978, 3321672
1605373742, 0, 48, 550, 533, 115, 4.55%, 0, 0, 2, 1128.05, 2980, 3343928
1605373758, 0, 80, 560, 542, 149, 4.56%, 0, 0, 2, 1214.19, 2988, 3361344
1605373763, 0, 80, 583, 565, 149, 4.56%, 0, 0, 2, 1218.74, 2990, 3367478
1605373778, 0, 80, 589, 571, 149, 4.56%, 0, 0, 2, 1269.99, 2990, 3385969
1605373788, 0, 82, 595, 576, 146, 4.57%, 0, 0, 2, 1147.67, 2998, 3397773
1605373793, 0, 82, 602, 583, 146, 4.57%, 0, 0, 2, 1187.92, 2998, 3403902
1605373834, 0, 88, 602, 582, 147, 4.57%, 0, 0, 2, 1155.83, 2998, 3449955
1605373839, 0, 88, 608, 588, 147, 4.58%, 0, 0, 2, 1099.99, 3003, 3455546
1605373844, 0, 88, 616, 596, 147, 4.58%, 0, 0, 2, 1039.55, 3003, 3460952
1605373895, 0, 91, 619, 598, 148, 4.58%, 0, 0, 2, 1076.61, 3003, 3517515
1605373941, 0, 91, 620, 599, 148, 4.58%, 0, 0, 2, 649.81, 3003, 3541063
1605374049, 0, 91, 623, 602, 148, 4.58%, 0, 0, 2, 628.64, 3003, 3594935
1605374465, 0, 91, 624, 603, 148, 4.58%, 0, 0, 2, 563.78, 3003, 3803303
1605374470, 0, 91, 626, 605, 148, 4.58%, 0, 0, 2, 773.64, 3003, 3807931
1605375162, 0, 107, 626, 604, 148, 4.58%, 0, 0, 2, 737.69, 3003, 4151575
1605375178, 0, 107, 629, 607, 148, 4.58%, 0, 0, 2, 752.69, 3003, 4163034
1605375193, 0, 107, 630, 608, 148, 4.58%, 0, 0, 2, 762.05, 3003, 4174521
1605375218, 0, 107, 637, 615, 148, 4.58%, 0, 0, 2, 785.93, 3003, 4194180
1605375607, 0, 123, 639, 616, 149, 4.58%, 0, 0, 2, 1003.81, 3003, 4491105
1605375618, 0, 123, 640, 617, 149, 4.58%, 0, 0, 2, 1086.09, 3003, 4501967
1605375628, 0, 123, 641, 618, 149, 4.58%, 0, 0, 2, 64.52, 3003, 4512812
1605375638, 0, 123, 642, 619, 149, 4.58%, 0, 0, 2, 1102.84, 3003, 4523161
1605375643, 0, 123, 643, 620, 149, 4.58%, 0, 0, 2, 1112.45, 3003, 4528798
1605375653, 0, 123, 644, 621, 149, 4.58%, 0, 0, 2, 1163.78, 3003, 4540292
1605375659, 0, 123, 645, 622, 149, 4.58%, 0, 0, 2, 1093.49, 3003, 4545638
1605375669, 0, 141, 651, 627, 149, 4.66%, 0, 0, 2, 901.35, 3056, 4555985
1605375700, 0, 141, 653, 629, 149, 4.67%, 0, 0, 2, 574.02, 3060, 4574004
1605376379, 0, 141, 654, 630, 149, 4.67%, 0, 0, 2, 650.92, 3061, 4974697
1605376574, 0, 141, 656, 632, 149, 4.68%, 0, 0, 2, 550.10, 3067, 5088344
1605376579, 0, 143, 658, 633, 156, 4.68%, 0, 0, 2, 606.84, 3067, 5091573
1605376584, 0, 143, 670, 645, 156, 4.68%, 0, 0, 2, 263.17, 3070, 5092390
1605376589, 0, 143, 682, 657, 156, 4.71%, 0, 0, 2, 182.18, 3090, 5093202
1605376594, 0, 143, 703, 678, 156, 4.77%, 0, 0, 2, 150.58, 3128, 5093925
1605376599, 0, 143, 716, 691, 156, 4.80%, 0, 0, 2, 250.42, 3149, 5095048
1605376971, 0, 143, 718, 693, 156, 4.81%, 0, 0, 2, 148.33, 3154, 5160122
1605376981, 0, 143, 724, 699, 156, 4.84%, 0, 0, 2, 136.03, 3175, 5161518
1605376996, 0, 143, 733, 708, 156, 4.86%, 0, 0, 2, 141.52, 3186, 5163997
1605377001, 0, 143, 742, 717, 156, 4.88%, 0, 0, 2, 156.02, 3197, 5164786
1605377368, 0, 143, 743, 718, 156, 4.88%, 0, 0, 2, 165.48, 3200, 5230008
1605377373, 0, 143, 744, 719, 156, 4.88%, 0, 0, 2, 142.45, 3200, 5230696
1605377383, 0, 143, 745, 720, 156, 4.88%, 0, 0, 2, 135.50, 3200, 5232096
1605377388, 0, 143, 746, 721, 156, 4.88%, 0, 0, 2, 337.12, 3200, 5233120
1605377398, 0, 143, 749, 724, 156, 4.89%, 0, 0, 2, 170.33, 3205, 5234799
1605377775, 0, 143, 750, 725, 156, 4.89%, 0, 0, 2, 136.90, 3205, 5301805
1605377876, 0, 143, 751, 726, 156, 4.89%, 0, 0, 2, 154.73, 3206, 5319841
1605377881, 0, 143, 752, 727, 156, 4.89%, 0, 0, 2, 233.57, 3206, 5321161
1605377982, 0, 143, 753, 728, 156, 4.89%, 0, 0, 2, 158.47, 3206, 5339702
1605377988, 0, 143, 757, 732, 156, 4.89%, 0, 0, 2, 150.80, 3206, 5340508
1605377998, 0, 143, 758, 733, 156, 4.89%, 0, 0, 2, 136.50, 3206, 5341909
1605378003, 0, 143, 759, 734, 156, 4.89%, 0, 0, 2, 136.04, 3206, 5342609
1605378008, 0, 143, 762, 737, 156, 4.90%, 0, 0, 2, 156.44, 3208, 5343461
1605378013, 0, 143, 764, 739, 156, 4.90%, 0, 0, 2, 139.67, 3209, 5344163
1605380569, 0, 143, 765, 740, 156, 4.90%, 0, 0, 2, 148.37, 3214, 5801797
1605381236, 0, 143, 772, 747, 156, 4.91%, 0, 0, 2, 177.13, 3218, 5918059
1605381241, 0, 143, 774, 749, 156, 4.91%, 0, 0, 2, 303.11, 3218, 5919344
1605381530, 0, 143, 779, 754, 156, 4.91%, 0, 0, 2, 166.97, 3218, 5970384
1605381540, 0, 143, 781, 756, 156, 4.91%, 0, 0, 2, 138.08, 3221, 5971811
1605381545, 0, 143, 782, 757, 156, 4.91%, 0, 0, 2, 228.32, 3221, 5973401
1605382883, 0, 143, 783, 758, 156, 4.91%, 0, 0, 2, 135.96, 3221, 6211455
1605382924, 0, 143, 784, 759, 156, 4.91%, 0, 0, 2, 134.12, 3221, 6220514
1605385023, 0, 143, 787, 762, 156, 4.92%, 0, 0, 2, 353.00, 3225, 6597982
1605385044, 0, 143, 788, 763, 156, 4.92%, 0, 0, 2, 284.12, 3225, 6602447
1605385049, 0, 143, 789, 764, 156, 4.92%, 0, 0, 2, 255.02, 3227, 6603725
1605385054, 0, 143, 790, 765, 156, 4.92%, 0, 0, 2, 223.29, 3227, 6604855
1605385059, 0, 143, 791, 766, 156, 4.92%, 0, 0, 2, 154.76, 3227, 6605551
1605385069, 0, 143, 794, 769, 156, 4.93%, 0, 0, 2, 244.39, 3232, 6607371
1605385084, 0, 143, 795, 770, 156, 4.93%, 0, 0, 2, 215.40, 3232, 6610427
1605387288, 0, 143, 797, 772, 156, 4.94%, 0, 0, 2, 177.13, 3235, 7018909
1605387293, 0, 143, 798, 773, 156, 4.94%, 0, 0, 2, 146.38, 3235, 7019613
1605387390, 0, 153, 798, 772, 210, 4.94%, 0, 0, 2, 71.33, 3235, 7033746
1605387400, 0, 153, 799, 773, 210, 4.94%, 0, 0, 2, 53.81, 3235, 7034326
1605387431, 0, 153, 802, 776, 210, 4.94%, 0, 0, 2, 93.78, 3236, 7036134
1605387508, 0, 153, 804, 778, 210, 4.94%, 0, 0, 2, 72.40, 3236, 7040515
1605388473, 0, 153, 805, 779, 210, 4.94%, 0, 0, 2, 58.91, 3236, 7100091
1605388499, 0, 153, 810, 784, 210, 4.94%, 0, 0, 2, 55.07, 3236, 7102657
1605389056, 0, 153, 814, 788, 210, 4.94%, 0, 0, 2, 58.96, 3237, 7146382
1605389062, 0, 153, 815, 789, 210, 4.94%, 0, 0, 2, 51.41, 3237, 7146892
1605389311, 0, 153, 816, 790, 210, 4.94%, 0, 0, 2, 1370.00, 3237, 7163712
1605389474, 0, 153, 817, 791, 210, 4.94%, 0, 0, 2, 110.87, 3237, 7175045
1605390444, 0, 162, 817, 790, 211, 4.94%, 0, 0, 2, 358.14, 3237, 7238216
1605395217, 0, 162, 819, 792, 211, 4.94%, 0, 0, 2, 22.36, 3237, 7354029
1605398053, 0, 162, 820, 793, 211, 4.94%, 0, 0, 2, 219.06, 3237, 7425592
1605403278, 0, 168, 822, 794, 211, 4.94%, 0, 0, 2, 537.30, 3237, 7556218
1605403353, 0, 168, 823, 795, 211, 4.94%, 0, 0, 2, 120.76, 3237, 7564913
1605404002, 0, 168, 824, 796, 211, 4.94%, 0, 0, 2, 178.15, 3237, 7659770
1605404719, 0, 168, 825, 797, 211, 4.94%, 0, 0, 2, 163.66, 3237, 7763108
1605405705, 0, 168, 827, 799, 211, 4.94%, 0, 0, 2, 144.34, 3237, 7906483
1605412134, 0, 168, 828, 800, 211, 4.94%, 0, 0, 2, 135.22, 3237, 8822330
1605412787, 0, 168, 830, 802, 211, 4.94%, 0, 0, 2, 123.68, 3237, 8915382
1605415196, 0, 168, 832, 804, 211, 4.94%, 0, 0, 2, 115.61, 3237, 9274163
1605422913, 0, 169, 833, 804, 210, 4.94%, 0, 0, 3, 1446.32, 3237, 10449600
1605422918, 0, 172, 834, 803, 208, 4.94%, 0, 0, 3, 1478.24, 3237, 10457053
1605422923, 0, 179, 834, 801, 206, 4.94%, 0, 0, 3, 1503.69, 3237, 10464626
1605422933, 0, 180, 834, 800, 205, 4.94%, 0, 0, 3, 1447.47, 3237, 10479359
1605422943, 0, 182, 834, 799, 204, 4.94%, 0, 0, 3, 1439.24, 3237, 10493965
1605422948, 0, 183, 834, 798, 203, 4.94%, 0, 0, 3, 1449.58, 3237, 10501293
1605422959, 0, 185, 834, 797, 202, 4.94%, 0, 0, 3, 1446.28, 3237, 10515953
1605422964, 0, 186, 834, 796, 201, 4.94%, 0, 0, 3, 1444.89, 3237, 10523271
1605422974, 0, 187, 834, 795, 200, 4.94%, 0, 0, 3, 1446.37, 3237, 10537908
1605422984, 0, 188, 834, 794, 199, 4.94%, 0, 0, 3, 1443.12, 3237, 10552563
1605422989, 0, 189, 834, 793, 198, 4.94%, 0, 0, 3, 1436.54, 3237, 10559820
1605422999, 0, 197, 834, 792, 197, 4.94%, 0, 0, 3, 1446.23, 3237, 10574504
1605423009, 0, 204, 834, 791, 196, 4.94%, 0, 0, 3, 1304.17, 3237, 10588376
1605423050, 0, 205, 834, 790, 195, 4.94%, 0, 0, 3, 1277.92, 3237, 10637292
1605423096, 0, 206, 834, 789, 194, 4.94%, 0, 0, 3, 1210.36, 3237, 10692733
1605423137, 0, 207, 834, 788, 193, 4.94%, 0, 0, 3, 1318.00, 3237, 10742518
1605423152, 0, 208, 834, 787, 192, 4.94%, 0, 0, 3, 1358.84, 3237, 10763395
1605423172, 0, 210, 834, 786, 191, 4.94%, 0, 0, 3, 1322.80, 3237, 10791090
1605423192, 0, 212, 834, 785, 190, 4.94%, 0, 0, 3, 1311.80, 3237, 10817969
1605423213, 0, 214, 834, 784, 189, 4.94%, 0, 0, 3, 1320.07, 3237, 10845528
1605423218, 0, 214, 835, 785, 189, 4.94%, 0, 0, 3, 1288.57, 3237, 10852095
1605423233, 0, 215, 835, 784, 188, 4.94%, 0, 0, 3, 1289.27, 3237, 10872082
1605423238, 0, 215, 836, 785, 188, 4.94%, 0, 0, 3, 1256.36, 3237, 10878284
1605423274, 0, 221, 836, 784, 188, 4.94%, 0, 0, 3, 1306.14, 3237, 10922230
1605423320, 0, 223, 836, 783, 187, 4.94%, 0, 0, 3, 1263.82, 3237, 10978511
1605423340, 0, 229, 836, 782, 186, 4.94%, 0, 0, 3, 1279.72, 3237, 11004689
1605423386, 0, 233, 836, 781, 186, 4.94%, 0, 0, 3, 1331.49, 3237, 11060510
1605423401, 0, 234, 837, 781, 185, 4.94%, 0, 0, 3, 1368.88, 3237, 11081350
1605423417, 0, 237, 837, 780, 183, 4.94%, 0, 0, 3, 1421.10, 3237, 11102085
1605423427, 0, 250, 837, 779, 182, 4.94%, 0, 0, 3, 1447.57, 3237, 11116977
1605423432, 0, 252, 837, 778, 181, 4.94%, 0, 0, 3, 1402.94, 3237, 11124134
1605423447, 0, 252, 838, 779, 181, 4.94%, 0, 0, 3, 1359.50, 3239, 11144680
1605423452, 0, 257, 839, 779, 181, 4.94%, 0, 0, 3, 1277.12, 3239, 11151214
1605423493, 0, 262, 839, 778, 181, 4.94%, 0, 0, 3, 1289.13, 3239, 11201294
1605423534, 0, 264, 839, 777, 181, 4.94%, 0, 0, 3, 1423.66, 3239, 11255272
1605423539, 0, 274, 840, 777, 180, 4.94%, 0, 0, 3, 1351.15, 3239, 11262277
1605423544, 0, 274, 843, 780, 180, 4.94%, 0, 0, 3, 1274.44, 3239, 11268549
1605423575, 0, 274, 844, 781, 180, 4.94%, 0, 0, 3, 1157.21, 3239, 11305310
1605423580, 0, 276, 844, 780, 179, 4.94%, 0, 0, 3, 1284.41, 3239, 11311660
1605423595, 0, 279, 844, 779, 178, 4.94%, 0, 0, 3, 1366.10, 3239, 11332951
1605423610, 0, 280, 845, 779, 177, 4.94%, 0, 0, 3, 1311.99, 3239, 11353433
1605423626, 0, 280, 846, 780, 177, 4.94%, 0, 0, 3, 1349.06, 3239, 11374073
1605423631, 0, 295, 848, 780, 176, 4.94%, 0, 0, 3, 1345.43, 3239, 11380940
1605423651, 0, 299, 848, 779, 175, 4.94%, 0, 0, 3, 1396.41, 3239, 11408801
1605423661, 0, 304, 849, 779, 174, 4.94%, 0, 0, 3, 1412.68, 3239, 11422891
1605423691, 0, 306, 849, 778, 173, 4.94%, 0, 0, 3, 1308.80, 3239, 11460647
1605423711, 0, 307, 851, 779, 172, 4.94%, 0, 0, 3, 1332.83, 3239, 11487677
1605423737, 0, 308, 851, 778, 172, 4.94%, 0, 0, 3, 1401.68, 3239, 11521040
1605423747, 0, 309, 851, 777, 171, 4.94%, 0, 0, 3, 1247.70, 3239, 11534600
1605423772, 0, 322, 851, 776, 170, 4.94%, 0, 0, 3, 1258.06, 3239, 11564781
1605423803, 0, 324, 851, 775, 169, 4.94%, 0, 0, 3, 1287.78, 3239, 11601727
1605423823, 0, 327, 851, 774, 168, 4.94%, 0, 0, 3, 1109.23, 3239, 11627834
1605423859, 0, 328, 851, 773, 167, 4.94%, 0, 0, 3, 1213.07, 3239, 11667014
1605423879, 0, 334, 851, 772, 166, 4.94%, 0, 0, 3, 1217.13, 3239, 11693526
1605423915, 0, 338, 851, 771, 165, 4.94%, 0, 0, 3, 1070.23, 3239, 11731762
1605424001, 0, 364, 851, 770, 164, 4.94%, 0, 0, 3, 848.19, 3239, 11800194
1605424087, 0, 365, 851, 769, 163, 4.94%, 0, 0, 3, 874.63, 3239, 11873007
1605424153, 0, 365, 852, 770, 163, 4.94%, 0, 0, 3, 942.11, 3239, 11929744
1605424169, 0, 371, 852, 769, 163, 4.94%, 0, 0, 3, 1199.11, 3239, 11943550
1605424184, 0, 372, 852, 768, 162, 4.94%, 0, 0, 3, 1284.60, 3239, 11963676
1605424215, 0, 374, 853, 768, 162, 4.94%, 0, 0, 3, 1272.80, 3239, 12001358
1605424245, 0, 376, 853, 767, 161, 4.94%, 0, 0, 3, 1248.09, 3239, 12039182
1605424276, 0, 377, 854, 767, 160, 4.94%, 0, 0, 3, 1279.77, 3239, 12077434
1605424301, 0, 378, 854, 766, 160, 4.94%, 0, 0, 3, 1294.64, 3239, 12109996
1605424332, 0, 378, 855, 767, 160, 4.94%, 0, 0, 3, 1349.02, 3239, 12147922
1605424337, 0, 380, 856, 767, 159, 4.94%, 0, 0, 3, 1302.68, 3239, 12154366
1605424342, 0, 380, 857, 768, 159, 4.94%, 0, 0, 3, 1199.40, 3239, 12160335
1605424367, 0, 384, 857, 767, 159, 4.94%, 0, 0, 3, 1233.33, 3239, 12191789
1605424387, 0, 384, 858, 768, 159, 4.94%, 0, 0, 3, 1146.02, 3239, 12215661
1605424392, 0, 386, 858, 767, 159, 4.94%, 0, 0, 3, 1178.88, 3239, 12221798
1605424418, 0, 387, 858, 766, 158, 4.94%, 0, 0, 3, 1180.83, 3239, 12251682
1605424484, 0, 393, 858, 765, 157, 4.94%, 0, 0, 3, 1095.33, 3239, 12324924
1605424575, 0, 395, 858, 764, 156, 4.94%, 0, 0, 3, 1115.33, 3239, 12418133
1605426486, 0, 400, 858, 763, 155, 4.94%, 0, 0, 3, 521.23, 3239, 13185356
1605426527, 0, 401, 858, 762, 154, 4.94%, 0, 0, 3, 1338.25, 3239, 13235739
1605426543, 0, 403, 858, 761, 153, 4.94%, 0, 0, 3, 1271.07, 3239, 13256456
1605426579, 0, 404, 858, 760, 152, 4.94%, 0, 0, 3, 1245.45, 3239, 13300032
1605426614, 0, 405, 858, 759, 151, 4.94%, 0, 0, 3, 1247.71, 3239, 13343848
1605426650, 0, 406, 859, 759, 150, 4.94%, 0, 0, 3, 1218.78, 3239, 13387638
1605426655, 0, 406, 860, 760, 150, 4.94%, 0, 0, 3, 1213.75, 3239, 13393874
1605426675, 0, 406, 861, 761, 150, 4.95%, 0, 0, 3, 1279.26, 3241, 13418792
1605426685, 0, 409, 861, 760, 151, 4.95%, 0, 0, 3, 1147.86, 3241, 13430687
1605426757, 0, 410, 861, 759, 150, 4.95%, 0, 0, 3, 819.98, 3241, 13506689
1605427636, 0, 414, 861, 758, 149, 4.95%, 0, 0, 3, 757.93, 3241, 13960747
1605428519, 0, 415, 861, 757, 148, 4.95%, 0, 0, 3, 769.28, 3241, 14416848
1605429204, 0, 415, 862, 758, 148, 4.95%, 0, 0, 3, 748.36, 3242, 14770251
1605429398, 0, 416, 862, 757, 148, 4.95%, 0, 0, 3, 764.97, 3242, 14871010
1605429958, 0, 417, 862, 756, 147, 4.95%, 0, 0, 3, 877.79, 3242, 15236282
1605430515, 0, 419, 862, 755, 146, 4.95%, 0, 0, 3, 778.16, 3242, 15604515
1605431075, 0, 423, 862, 754, 145, 4.95%, 0, 0, 3, 866.20, 3242, 15967229
1605431274, 0, 434, 862, 753, 145, 4.95%, 0, 0, 3, 1155.04, 3242, 16179513
1605431630, 0, 435, 862, 752, 144, 4.95%, 0, 0, 3, 1157.66, 3242, 16522757
1605431972, 0, 438, 866, 755, 143, 4.95%, 0, 0, 3, 1003.19, 3243, 16859722
1605432022, 0, 438, 867, 756, 143, 4.95%, 0, 0, 3, 1226.62, 3243, 16915511
1605432027, 0, 438, 868, 757, 143, 4.95%, 0, 0, 3, 1354.66, 3243, 16922500
1605432032, 0, 439, 868, 756, 144, 4.95%, 0, 0, 3, 1296.40, 3243, 16928877
1605432058, 0, 443, 868, 755, 143, 4.95%, 0, 0, 3, 1155.71, 3243, 16961320
1605432109, 0, 445, 868, 754, 142, 4.95%, 0, 0, 3, 1173.45, 3243, 17017965
1605432165, 0, 445, 870, 756, 142, 4.95%, 0, 0, 3, 1259.97, 3243, 17079474
1605432170, 0, 453, 870, 755, 141, 4.95%, 0, 0, 3, 1278.92, 3243, 17086145
1605432221, 0, 456, 871, 755, 140, 4.95%, 0, 0, 3, 1320.97, 3243, 17148159
1605432226, 0, 456, 872, 756, 140, 4.95%, 0, 0, 3, 1201.25, 3243, 17154059
1605432251, 0, 456, 874, 758, 140, 4.95%, 0, 0, 3, 1241.38, 3243, 17183205
1605432256, 0, 458, 874, 757, 140, 4.95%, 0, 0, 3, 1269.81, 3243, 17189637
1605432277, 0, 470, 874, 756, 139, 4.95%, 0, 0, 3, 1255.08, 3243, 17214946
1605432312, 0, 474, 874, 755, 138, 4.95%, 0, 0, 3, 1201.59, 3243, 17256141
1605432343, 0, 476, 874, 754, 138, 4.95%, 0, 0, 3, 1261.36, 3243, 17291560
1605432378, 0, 485, 874, 753, 137, 4.95%, 0, 0, 3, 1229.20, 3243, 17332854
1605432414, 0, 489, 874, 752, 136, 4.95%, 0, 0, 3, 1275.94, 3243, 17374757
1605432435, 0, 489, 876, 754, 136, 4.95%, 0, 0, 3, 1364.64, 3243, 17401942
1605432445, 0, 502, 876, 753, 136, 4.95%, 0, 0, 3, 1276.94, 3243, 17415373
1605432465, 0, 506, 876, 752, 135, 4.95%, 0, 0, 3, 1336.85, 3243, 17442305
1605432536, 0, 506, 878, 754, 135, 4.95%, 0, 0, 3, 1204.83, 3243, 17516655
1605432541, 0, 507, 878, 753, 134, 4.95%, 0, 0, 3, 1215.76, 3243, 17523001
1605432613, 0, 508, 878, 752, 133, 4.95%, 0, 0, 3, 1257.44, 3243, 17599790
1605432639, 0, 511, 878, 751, 132, 4.95%, 0, 0, 3, 1161.73, 3243, 17632363
1605432705, 0, 512, 878, 750, 131, 4.95%, 0, 0, 3, 1130.82, 3243, 17703132
1605432776, 0, 513, 878, 749, 130, 4.95%, 0, 0, 3, 1075.32, 3243, 17778917
1605432786, 0, 513, 879, 750, 130, 4.95%, 0, 0, 3, 1118.11, 3246, 17789333
1605432847, 0, 514, 879, 749, 130, 4.95%, 0, 0, 3, 1087.04, 3246, 17852456
1605432883, 0, 514, 880, 750, 130, 4.95%, 0, 0, 3, 1028.57, 3246, 17889387
1605432888, 0, 514, 881, 751, 130, 4.95%, 0, 0, 3, 1058.21, 3247, 17894887
1605432914, 0, 515, 881, 750, 131, 4.95%, 0, 0, 3, 1125.63, 3247, 17923180
1605432985, 0, 516, 881, 749, 130, 4.95%, 0, 0, 3, 1083.22, 3247, 17999317
1605433051, 0, 517, 881, 748, 129, 4.95%, 0, 0, 3, 1119.21, 3247, 18070073
1605433118, 0, 518, 881, 747, 128, 4.95%, 0, 0, 3, 1170.29, 3247, 18140892
1605433189, 0, 519, 881, 746, 127, 4.95%, 0, 0, 3, 1117.94, 3247, 18216357
1605433261, 0, 520, 881, 745, 126, 4.95%, 0, 0, 3, 1081.63, 3247, 18292336
1605433327, 0, 521, 881, 744, 125, 4.95%, 0, 0, 3, 1103.89, 3247, 18361861
1605433398, 0, 523, 881, 743, 124, 4.95%, 0, 0, 3, 1084.85, 3247, 18437141
1605433464, 0, 525, 881, 742, 123, 4.95%, 0, 0, 3, 1135.55, 3247, 18507988
1605433531, 0, 526, 881, 741, 122, 4.95%, 0, 0, 3, 1171.99, 3247, 18579135
1605433603, 0, 527, 881, 740, 121, 4.95%, 0, 0, 3, 1089.45, 3247, 18655722
1605433669, 0, 528, 881, 739, 120, 4.95%, 0, 0, 3, 1140.46, 3247, 18726375
1605433739, 0, 529, 881, 738, 119, 4.95%, 0, 0, 3, 1091.31, 3247, 18802321
1605433806, 0, 530, 881, 737, 118, 4.95%, 0, 0, 3, 1101.08, 3247, 18873480
1605433877, 0, 531, 881, 736, 117, 4.95%, 0, 0, 3, 1091.43, 3247, 18949556
1605433944, 0, 532, 881, 735, 116, 4.95%, 0, 0, 3, 1103.70, 3247, 19019933
1605434015, 0, 533, 881, 734, 115, 4.95%, 0, 0, 3, 1077.36, 3247, 19095816
1605434081, 0, 535, 881, 733, 114, 4.95%, 0, 0, 3, 1112.28, 3247, 19164758
1605434153, 0, 536, 881, 732, 113, 4.95%, 0, 0, 3, 1108.62, 3247, 19240243
1605434224, 0, 537, 881, 731, 112, 4.95%, 0, 0, 3, 1079.81, 3247, 19314663
1605434290, 0, 538, 881, 730, 111, 4.95%, 0, 0, 3, 1131.86, 3247, 19385384
1605434361, 0, 539, 881, 729, 110, 4.95%, 0, 0, 3, 1076.23, 3247, 19460474
1605434428, 0, 540, 881, 728, 109, 4.95%, 0, 0, 3, 1132.15, 3247, 19530622
1605434499, 0, 543, 881, 727, 108, 4.95%, 0, 0, 3, 1091.08, 3247, 19606653
1605434566, 0, 544, 881, 726, 107, 4.95%, 0, 0, 3, 1118.74, 3247, 19678019
1605434632, 0, 545, 881, 725, 106, 4.95%, 0, 0, 3, 1187.23, 3247, 19748805
1605434703, 0, 546, 881, 724, 105, 4.95%, 0, 0, 3, 1091.16, 3247, 19825044
1605434739, 0, 546, 883, 726, 105, 4.96%, 0, 0, 3, 1026.49, 3248, 19861927
1605434769, 0, 546, 884, 727, 105, 4.96%, 0, 0, 3, 1219.05, 3248, 19896163
1605434775, 0, 556, 884, 726, 106, 4.96%, 0, 0, 3, 1284.69, 3248, 19902847
1605434800, 0, 570, 886, 727, 106, 4.96%, 0, 0, 3, 1264.81, 3248, 19934472
1605434805, 0, 570, 896, 737, 106, 4.96%, 0, 0, 3, 1194.94, 3248, 19940721
1605434810, 0, 570, 897, 738, 106, 4.96%, 0, 0, 3, 1261.01, 3248, 19947282
1605434825, 0, 588, 897, 737, 106, 4.96%, 0, 0, 3, 1278.39, 3248, 19966546
1605434851, 0, 592, 898, 737, 105, 4.96%, 0, 0, 3, 1204.94, 3248, 19998750
1605434856, 0, 592, 899, 738, 105, 4.96%, 0, 0, 3, 1131.18, 3248, 20004378
1605434861, 0, 592, 903, 742, 105, 4.96%, 0, 0, 3, 1178.71, 3248, 20010680
1605434902, 0, 596, 904, 742, 105, 4.96%, 0, 0, 3, 1158.79, 3248, 20057194
1605434948, 0, 605, 904, 741, 104, 4.96%, 0, 0, 3, 1159.57, 3248, 20109467
1605435009, 0, 626, 904, 740, 103, 4.96%, 0, 0, 3, 977.54, 3248, 20179388
1605435065, 0, 626, 906, 742, 103, 4.96%, 0, 0, 3, 793.68, 3248, 20222444
1605435442, 0, 632, 906, 741, 103, 4.96%, 0, 0, 3, 862.42, 3248, 20516769
1605435457, 0, 632, 907, 742, 103, 4.96%, 0, 0, 3, 789.59, 3248, 20528643
1605435604, 0, 632, 908, 743, 103, 4.96%, 0, 0, 3, 785.48, 3248, 20643636
1605435874, 0, 633, 908, 742, 102, 4.96%, 0, 0, 3, 774.55, 3248, 20855929
1605436318, 0, 638, 908, 741, 102, 4.96%, 0, 0, 3, 1069.92, 3248, 21195291
1605436354, 0, 645, 908, 740, 101, 4.96%, 0, 0, 3, 1245.98, 3248, 21236586
1605437260, 0, 646, 908, 739, 100, 4.96%, 0, 0, 3, 698.43, 3248, 21774574
1605438172, 0, 647, 908, 738, 99, 4.96%, 0, 0, 3, 790.08, 3248, 22309584
1605438244, 0, 650, 908, 737, 98, 4.96%, 0, 0, 3, 729.67, 3248, 22384114
1605439153, 0, 652, 908, 736, 97, 4.96%, 0, 0, 3, 755.32, 3248, 22917813
1605440065, 0, 653, 908, 735, 96, 4.96%, 0, 0, 3, 739.62, 3248, 23455469
1605440977, 0, 655, 908, 734, 95, 4.96%, 0, 0, 3, 777.75, 3248, 23991385
1605441884, 0, 663, 908, 733, 94, 4.96%, 0, 0, 3, 676.46, 3248, 24526506
1605446918, 0, 663, 909, 734, 94, 4.96%, 0, 0, 3, 589.70, 3248, 25416613
1605450380, 0, 663, 910, 735, 94, 5.02%, 0, 0, 3, 329.48, 3290, 26032033
1605452693, 0, 663, 914, 739, 94, 5.02%, 0, 0, 3, 369.37, 3290, 26468267
1605452698, 0, 663, 918, 743, 94, 5.02%, 0, 0, 3, 500.04, 3290, 26471042
1605452703, 0, 663, 922, 747, 94, 5.02%, 0, 0, 3, 526.07, 3290, 26473759
1605452708, 0, 663, 923, 748, 94, 5.02%, 0, 0, 3, 529.42, 3290, 26476427
1605452713, 0, 663, 926, 751, 94, 5.02%, 0, 0, 3, 527.82, 3290, 26479121
1605452718, 0, 663, 927, 752, 94, 5.02%, 0, 0, 3, 516.86, 3290, 26481719
1605452723, 0, 663, 928, 753, 94, 5.02%, 0, 0, 3, 427.19, 3290, 26484273
1605452729, 0, 670, 928, 752, 94, 5.02%, 0, 0, 3, 437.55, 3290, 26486734
