# unix_time, cycles_done, cur_path, paths_total, pending_total, pending_favs, map_size, unique_crashes, unique_hangs, max_depth, execs_per_sec, edge_coverage, total_execs
1606835353, 0, 0, 1, 1, 1, 1.95%, 0, 0, 1, 133.33, 1276, 8
1606835358, 0, 0, 42, 42, 1, 2.12%, 0, 0, 2, 250.69, 1388, 2886
1606835363, 0, 0, 235, 235, 1, 2.53%, 0, 0, 2, 1123.12, 1656, 7112
1606835368, 0, 0, 309, 309, 1, 2.61%, 0, 0, 2, 885.47, 1708, 10672
1606835374, 0, 0, 360, 360, 1, 2.62%, 0, 0, 2, 711.06, 1720, 14338
1606835379, 0, 0, 394, 394, 1, 2.63%, 0, 0, 2, 768.12, 1724, 17956
1606835384, 0, 0, 415, 415, 1, 2.64%, 0, 0, 2, 730.93, 1730, 21750
1606835389, 0, 0, 422, 422, 1, 2.64%, 0, 0, 2, 523.67, 1730, 24576
1606835394, 0, 0, 423, 423, 1, 2.64%, 0, 0, 2, 250.91, 1730, 25499
1606835399, 0, 0, 424, 424, 1, 2.64%, 0, 0, 2, 210.94, 1730, 26462
1606835414, 0, 0, 425, 425, 1, 2.64%, 0, 0, 2, 269.03, 1730, 30615
1606835424, 0, 0, 426, 426, 1, 2.64%, 0, 0, 2, 218.68, 1730, 32950
1606835440, 0, 0, 428, 428, 1, 2.64%, 0, 0, 2, 217.78, 1730, 36354
1606835445, 0, 0, 429, 429, 1, 2.64%, 0, 0, 2, 214.59, 1730, 37454
1606835450, 0, 0, 430, 430, 1, 2.64%, 0, 0, 2, 223.53, 1730, 38638
1606835455, 0, 0, 431, 431, 1, 2.64%, 0, 0, 2, 198.44, 1730, 39615
1606835460, 0, 0, 432, 432, 1, 2.64%, 0, 0, 2, 231.01, 1730, 40814
1606835475, 0, 0, 433, 433, 1, 2.64%, 0, 0, 2, 205.12, 1730, 44170
1606835495, 0, 0, 434, 434, 1, 2.64%, 0, 0, 2, 219.75, 1730, 48394
1606835505, 0, 0, 435, 435, 1, 2.64%, 0, 0, 2, 261.93, 1730, 50990
1606835515, 0, 0, 437, 437, 1, 2.64%, 0, 0, 2, 236.07, 1730, 53310
1606835586, 0, 0, 438, 438, 1, 2.64%, 0, 0, 2, 221.27, 1730, 70226
1606835611, 0, 0, 439, 439, 1, 2.64%, 0, 0, 2, 287.63, 1730, 76437
1606835632, 0, 0, 440, 440, 1, 2.65%, 0, 0, 2, 249.82, 1736, 81585
1606835642, 0, 0, 441, 441, 1, 2.65%, 0, 0, 2, 231.00, 1738, 84018
1606835647, 0, 0, 444, 444, 1, 2.65%, 0, 0, 2, 241.74, 1739, 85262
1606835657, 0, 0, 445, 445, 1, 2.65%, 0, 0, 2, 255.25, 1739, 87795
1606835662, 0, 0, 446, 446, 1, 2.65%, 0, 0, 2, 266.24, 1739, 89103
1606835667, 0, 0, 447, 447, 1, 2.65%, 0, 0, 2, 270.97, 1739, 90486
1606835682, 0, 0, 448, 448, 1, 2.66%, 0, 0, 2, 182.46, 1744, 93505
1606835692, 0, 0, 451, 451, 1, 2.66%, 0, 0, 2, 187.91, 1744, 95407
1606835723, 0, 0, 452, 452, 1, 2.66%, 0, 0, 2, 215.56, 1744, 101654
1606835743, 0, 0, 453, 453, 1, 2.66%, 0, 0, 2, 225.22, 1744, 106218
1606835774, 0, 0, 454, 454, 1, 2.66%, 0, 0, 2, 209.00, 1744, 112854
1606835779, 0, 0, 455, 455, 1, 2.66%, 0, 0, 2, 223.82, 1744, 114030
1606835794, 0, 0, 456, 456, 1, 2.66%, 0, 0, 2, 234.85, 1744, 117170
1606835804, 0, 0, 459, 459, 1, 2.66%, 0, 0, 2, 204.92, 1746, 119346
1606835814, 0, 0, 462, 462, 1, 2.69%, 0, 0, 2, 214.89, 1766, 121610
1606835830, 0, 0, 463, 463, 1, 2.69%, 0, 0, 2, 223.04, 1766, 125042
1606835835, 0, 0, 465, 465, 1, 2.70%, 0, 0, 2, 227.25, 1768, 126242
1606835840, 0, 0, 467, 467, 1, 2.71%, 0, 0, 2, 239.62, 1774, 127466
1606835845, 0, 0, 489, 489, 1, 2.71%, 0, 0, 2, 231.01, 1777, 128638
1606835851, 0, 0, 539, 539, 1, 2.73%, 0, 0, 2, 204.61, 1788, 129646
1606835856, 0, 0, 562, 562, 1, 2.73%, 0, 0, 2, 222.20, 1790, 130790
1606835861, 0, 0, 583, 583, 1, 2.73%, 0, 0, 2, 191.33, 1790, 131800
1606835866, 0, 0, 598, 598, 1, 2.73%, 0, 0, 2, 165.02, 1790, 132580
1606835871, 0, 0, 601, 601, 1, 2.73%, 0, 0, 2, 168.18, 1790, 133432
1606835876, 0, 0, 607, 607, 1, 2.73%, 0, 0, 2, 162.81, 1790, 134224
1606835896, 0, 0, 610, 610, 1, 2.73%, 0, 0, 2, 222.23, 1790, 138366
1606835901, 0, 0, 612, 612, 1, 2.73%, 0, 0, 2, 223.34, 1790, 139506
1606835911, 0, 0, 615, 615, 1, 2.76%, 0, 0, 2, 226.41, 1811, 141790
1606835916, 0, 0, 616, 616, 1, 2.76%, 0, 0, 2, 230.70, 1811, 142982
1606835922, 0, 0, 617, 617, 1, 2.76%, 0, 0, 2, 211.66, 1811, 144038
1606835932, 0, 0, 620, 620, 1, 2.76%, 0, 0, 2, 217.08, 1811, 146166
1606835937, 0, 0, 622, 622, 1, 2.76%, 0, 0, 2, 211.81, 1811, 147206
1606835942, 0, 0, 623, 623, 1, 2.76%, 0, 0, 2, 204.73, 1811, 148246
1606835947, 0, 0, 624, 624, 1, 2.76%, 0, 0, 2, 216.14, 1811, 149350
1606835957, 0, 0, 625, 625, 1, 2.76%, 0, 0, 2, 203.31, 1811, 151410
1606835987, 0, 0, 626, 626, 1, 2.76%, 0, 0, 2, 210.39, 1812, 157718
1606835997, 0, 0, 627, 627, 1, 2.77%, 0, 0, 2, 205.63, 1816, 159802
1606836007, 0, 0, 628, 628, 1, 2.77%, 0, 0, 2, 206.06, 1816, 161886
1606836017, 0, 0, 629, 629, 1, 2.77%, 0, 0, 2, 204.67, 1818, 163914
1606836022, 0, 0, 630, 630, 1, 2.78%, 0, 0, 2, 206.82, 1819, 164958
1606836032, 0, 0, 631, 631, 1, 2.78%, 0, 0, 2, 202.69, 1821, 167042
1606836048, 0, 0, 634, 634, 1, 2.78%, 0, 0, 2, 198.73, 1822, 170020
1606836053, 0, 0, 636, 636, 1, 2.78%, 0, 0, 2, 200.66, 1822, 171074
1606836063, 0, 0, 637, 637, 1, 2.78%, 0, 0, 2, 201.58, 1822, 173152
1606836073, 0, 0, 638, 638, 1, 2.78%, 0, 0, 2, 207.22, 1822, 175330
1606836078, 0, 0, 639, 639, 1, 2.78%, 0, 0, 2, 205.54, 1822, 176362
1606836099, 0, 0, 640, 640, 1, 2.78%, 0, 0, 2, 216.79, 1823, 180694
