# unix_time, cycles_done, cur_path, paths_total, pending_total, pending_favs, map_size, unique_crashes, unique_hangs, max_depth, execs_per_sec, edge_coverage, total_execs
1606978372, 0, 0, 1, 1, 1, 0.60%, 0, 0, 1, 228.57, 393, 8
1606978377, 0, 0, 112, 112, 1, 3.93%, 0, 0, 2, 524.01, 2574, 2630
1606978382, 0, 0, 202, 202, 1, 4.35%, 0, 0, 2, 625.40, 2847, 5983
1606978387, 0, 0, 329, 329, 1, 5.13%, 0, 0, 2, 629.25, 3361, 9230
1606978392, 0, 0, 412, 412, 1, 5.31%, 0, 0, 2, 626.54, 3480, 12382
1606978398, 0, 0, 473, 473, 1, 5.42%, 0, 0, 2, 634.37, 3555, 15685
1606978403, 0, 0, 529, 529, 1, 5.48%, 0, 0, 2, 661.22, 3592, 19119
1606978408, 0, 0, 573, 573, 1, 5.58%, 0, 0, 2, 660.00, 3654, 22409
1606978413, 0, 0, 610, 610, 1, 5.60%, 0, 0, 2, 662.30, 3671, 25717
1606978418, 0, 0, 649, 649, 1, 5.63%, 0, 0, 2, 656.59, 3685, 29104
1606978423, 0, 0, 670, 670, 1, 5.65%, 0, 0, 2, 668.88, 3704, 32609
1606978428, 0, 0, 695, 695, 1, 5.69%, 0, 0, 2, 650.99, 3731, 35867
1606978433, 0, 0, 720, 720, 1, 5.71%, 0, 0, 2, 652.72, 3745, 39177
1606978438, 0, 0, 742, 742, 1, 5.76%, 0, 0, 2, 661.35, 3772, 42639
1606978444, 0, 0, 767, 767, 1, 5.85%, 1, 0, 2, 640.98, 3836, 45925
1606978449, 0, 32, 784, 783, 190, 5.88%, 1, 0, 3, 661.40, 3851, 49260
1606978454, 0, 32, 793, 792, 190, 5.96%, 1, 0, 3, 665.38, 3903, 52604
1606978459, 0, 32, 810, 809, 190, 5.98%, 1, 0, 3, 653.47, 3916, 55858
1606978464, 0, 32, 826, 825, 190, 6.00%, 1, 0, 3, 658.28, 3929, 59170
1606978469, 0, 32, 840, 839, 190, 6.00%, 1, 0, 3, 675.21, 3931, 62577
1606978474, 0, 32, 850, 849, 190, 6.00%, 1, 0, 3, 672.76, 3932, 65939
1606978479, 0, 32, 861, 860, 190, 6.00%, 1, 0, 3, 659.65, 3935, 69308
1606978484, 0, 32, 869, 868, 190, 6.02%, 1, 0, 3, 668.03, 3944, 72685
1606978489, 0, 32, 879, 878, 190, 6.02%, 1, 0, 3, 673.62, 3945, 76183
1606978494, 0, 32, 889, 888, 190, 6.06%, 1, 0, 3, 668.19, 3968, 79543
1606978499, 0, 32, 897, 896, 190, 6.06%, 1, 0, 3, 654.32, 3971, 82824
1606978504, 0, 42, 909, 907, 206, 6.08%, 1, 0, 3, 42.45, 3986, 85935
1606978510, 0, 42, 922, 920, 206, 6.10%, 1, 0, 3, 45.36, 3998, 86152
1606978515, 0, 42, 932, 930, 206, 6.11%, 1, 0, 3, 51.55, 4006, 86429
1606978520, 0, 42, 941, 939, 206, 6.12%, 1, 0, 3, 83.93, 4014, 86845
1606978525, 0, 42, 944, 942, 206, 6.13%, 1, 0, 3, 63.03, 4017, 87184
1606978530, 0, 42, 953, 951, 206, 6.17%, 1, 0, 3, 424.90, 4044, 87827
1606978535, 0, 42, 957, 955, 206, 6.17%, 1, 0, 3, 86.37, 4045, 88435
1606978540, 0, 42, 965, 963, 206, 6.18%, 1, 0, 3, 38.12, 4048, 89108
1606978545, 0, 42, 979, 977, 206, 6.22%, 1, 0, 3, 285.71, 4077, 90985
1606978550, 0, 42, 989, 987, 206, 6.23%, 1, 0, 3, 408.08, 4083, 92957
1606978555, 0, 42, 1003, 1001, 206, 6.24%, 1, 0, 3, 521.52, 4087, 94167
1606978560, 0, 42, 1011, 1009, 206, 6.24%, 1, 0, 3, 29.70, 4092, 95257
1606978565, 0, 42, 1019, 1017, 206, 6.25%, 2, 0, 3, 439.53, 4095, 97515
1606978571, 0, 42, 1026, 1024, 206, 6.25%, 2, 0, 3, 47.62, 4098, 99181
