# unix_time, cycles_done, cur_path, paths_total, pending_total, pending_favs, map_size, unique_crashes, unique_hangs, max_depth, execs_per_sec, edge_coverage, total_execs
1601583273, 0, 0, 1, 1, 1, 1.03%, 0, 0, 1, 66.12 0 8
1601583283, 0, 0, 12, 12, 1, 1.70%, 0, 0, 2, 51.32 1114 533
1601583288, 0, 0, 20, 20, 1, 1.71%, 0, 0, 2, 62.56 1123 866
1601583293, 0, 0, 25, 25, 1, 1.72%, 0, 0, 2, 63.84 1125 1190
1601583298, 0, 0, 26, 26, 1, 1.72%, 0, 0, 2, 64.63 1125 1516
1601583303, 0, 0, 28, 28, 1, 1.72%, 0, 0, 2, 63.90 1125 1833
1601583308, 0, 0, 29, 29, 1, 1.72%, 0, 0, 2, 64.12 1126 2155
1601583319, 0, 0, 31, 31, 1, 1.72%, 0, 0, 2, 64.32 1126 2806
1601583324, 0, 0, 32, 32, 1, 1.72%, 0, 0, 2, 64.27 1126 3130
1601583364, 0, 0, 33, 33, 1, 1.72%, 0, 0, 2, 63.82 1126 5703
1601583389, 0, 0, 42, 42, 1, 1.77%, 0, 0, 2, 64.90 1158 7328
1601583394, 0, 0, 76, 76, 1, 1.77%, 0, 0, 2, 64.17 1158 7650
1601583399, 0, 0, 81, 81, 1, 1.77%, 0, 0, 2, 63.14 1163 7967
1601583405, 0, 0, 93, 93, 1, 1.82%, 0, 0, 2, 61.03 1191 8275
1601583410, 0, 0, 94, 94, 1, 1.82%, 0, 0, 2, 63.99 1191 8602
1601583415, 0, 0, 95, 95, 1, 1.82%, 0, 0, 2, 64.72 1192 8928
1601583506, 0, 0, 97, 97, 1, 1.82%, 0, 0, 2, 64.57 1192 14841
1601583511, 0, 0, 105, 105, 1, 1.82%, 0, 0, 2, 62.86 1192 15148
1601583516, 0, 0, 113, 113, 1, 1.84%, 0, 0, 2, 67.21 1207 15488
1601583521, 0, 0, 114, 114, 1, 1.84%, 0, 0, 2, 65.18 1207 15813
1601583536, 0, 0, 115, 115, 1, 1.84%, 0, 0, 2, 65.20 1207 16795
1601583551, 0, 0, 116, 116, 1, 1.84%, 0, 0, 2, 65.26 1207 17792
1601583622, 0, 0, 125, 125, 1, 1.84%, 0, 0, 2, 62.62 1207 22352
1601583628, 0, 0, 127, 127, 1, 1.86%, 0, 0, 2, 66.27 1221 22687
1601583643, 0, 0, 129, 129, 1, 1.86%, 0, 0, 2, 65.96 1221 23669
1601583653, 0, 0, 130, 130, 1, 1.87%, 0, 0, 2, 65.03 1223 24323
1601583658, 0, 0, 134, 134, 1, 1.87%, 0, 0, 2, 64.96 1223 24647
1601583673, 0, 0, 158, 158, 1, 1.93%, 0, 0, 2, 58.83 1267 25568
1601583678, 0, 0, 179, 179, 1, 2.00%, 0, 0, 2, 57.23 1308 25825
1601583683, 0, 0, 180, 180, 1, 2.00%, 0, 0, 2, 62.35 1308 26145
1601583688, 0, 0, 182, 182, 1, 2.00%, 0, 0, 2, 64.03 1308 26479
1601583740, 0, 0, 183, 183, 1, 2.00%, 0, 0, 2, 64.48 1308 29808
1601583781, 0, 0, 184, 184, 1, 2.00%, 0, 0, 2, 64.86 1308 32448
1601584361, 0, 0, 185, 185, 1, 2.00%, 0, 0, 2, 63.31 1308 69335
1601584402, 0, 0, 188, 188, 1, 2.00%, 0, 0, 2, 63.99 1308 71909
1601584407, 0, 0, 196, 196, 1, 2.00%, 0, 0, 2, 47.45 1308 72149
1601584412, 0, 0, 197, 197, 1, 2.00%, 0, 0, 2, 60.65 1308 72475
1601584458, 0, 0, 206, 206, 1, 2.01%, 0, 0, 2, 68.82 1316 75449
1601584463, 0, 0, 207, 207, 1, 2.01%, 0, 0, 2, 65.11 1316 75770
1601584494, 0, 0, 208, 208, 1, 2.01%, 0, 0, 2, 63.82 1316 77734
1601584840, 0, 0, 209, 209, 1, 2.01%, 0, 0, 2, 64.64 1316 99814
1601585023, 0, 0, 210, 210, 1, 2.01%, 0, 0, 2, 64.44 1316 111464
1601585038, 0, 0, 211, 211, 1, 2.01%, 0, 0, 2, 64.19 1316 112422
1601585241, 0, 0, 214, 214, 1, 2.01%, 0, 0, 2, 55.61 1316 125241
1601585246, 0, 0, 215, 215, 1, 2.01%, 0, 0, 2, 62.90 1316 125566
1601585992, 0, 0, 220, 220, 1, 2.01%, 0, 0, 2, 44.67 1316 172808
1601585998, 0, 0, 229, 229, 1, 2.02%, 0, 0, 2, 57.11 1323 173092
1601586033, 0, 0, 231, 231, 1, 2.04%, 0, 0, 2, 63.19 1334 175350
1601586039, 0, 0, 259, 259, 1, 2.04%, 0, 0, 2, 71.07 1338 175730
1601586166, 0, 0, 265, 265, 1, 2.04%, 0, 0, 2, 54.73 1338 183657
1601586191, 0, 0, 283, 283, 1, 2.06%, 0, 0, 2, 75.67 1351 185341
1601586405, 0, 0, 284, 284, 1, 2.06%, 0, 0, 2, 37.03 1351 198819
1601586410, 0, 0, 295, 295, 1, 2.06%, 0, 0, 2, 35.83 1352 199003
1601586415, 0, 0, 299, 299, 1, 2.06%, 0, 0, 2, 57.90 1352 199316
1601586420, 0, 0, 300, 300, 1, 2.06%, 0, 0, 2, 63.77 1352 199644
1601586476, 0, 0, 307, 307, 1, 2.07%, 0, 0, 2, 59.43 1355 203221
1601586481, 0, 0, 325, 325, 1, 2.21%, 0, 0, 2, 47.34 1450 203456
1601586486, 0, 0, 345, 345, 1, 2.21%, 0, 0, 2, 50.47 1451 203708
1601586491, 0, 0, 365, 365, 1, 2.22%, 0, 0, 2, 48.29 1454 203957
1601586496, 0, 0, 382, 382, 1, 2.22%, 0, 0, 2, 49.62 1458 204202
1601586502, 0, 0, 397, 397, 1, 2.22%, 0, 0, 2, 49.04 1458 204441
1601586507, 0, 0, 415, 415, 1, 2.23%, 0, 0, 2, 49.93 1464 204698
1601586512, 0, 0, 427, 427, 1, 2.24%, 0, 0, 2, 46.55 1467 204929
1601586517, 0, 0, 438, 438, 1, 2.24%, 0, 0, 2, 45.53 1470 205168
1601586522, 0, 0, 448, 448, 1, 2.24%, 0, 0, 2, 45.81 1470 205391
1601586527, 0, 0, 460, 460, 1, 2.24%, 0, 0, 2, 49.30 1470 205645
1601586532, 0, 0, 474, 474, 1, 2.26%, 0, 0, 2, 50.44 1483 205902
1601586537, 0, 0, 482, 482, 1, 2.26%, 0, 0, 2, 50.05 1484 206150
1601586542, 0, 0, 490, 490, 1, 2.26%, 0, 0, 2, 49.68 1484 206415
1601586547, 0, 0, 499, 499, 1, 2.26%, 0, 0, 2, 48.92 1484 206661
1601586552, 0, 0, 506, 506, 1, 2.26%, 0, 0, 2, 50.09 1484 206917
1601586557, 0, 0, 513, 513, 1, 2.26%, 0, 0, 2, 44.79 1484 207136
1601586563, 0, 0, 525, 525, 1, 2.27%, 0, 0, 2, 46.73 1485 207402
1601586568, 0, 0, 532, 532, 1, 2.27%, 0, 0, 2, 43.86 1485 207629
1601586573, 0, 0, 537, 537, 1, 2.27%, 0, 0, 2, 49.25 1485 207890
1601586578, 0, 0, 544, 544, 1, 2.27%, 0, 0, 2, 47.96 1485 208116
1601586583, 0, 0, 552, 552, 1, 2.27%, 0, 0, 2, 51.74 1485 208383
1601586588, 0, 0, 560, 560, 1, 2.27%, 0, 0, 2, 47.78 1485 208632
1601586593, 0, 0, 565, 565, 1, 2.27%, 0, 0, 2, 50.81 1485 208897
1601586598, 0, 0, 567, 567, 1, 2.27%, 0, 0, 2, 50.46 1485 209160
1601586604, 0, 0, 572, 572, 1, 2.27%, 0, 0, 2, 50.02 1486 209407
1601586609, 0, 0, 578, 578, 1, 2.27%, 0, 0, 2, 51.53 1487 209669
1601586614, 0, 0, 584, 584, 1, 2.27%, 0, 0, 2, 49.56 1489 209924
1601586619, 0, 0, 586, 586, 1, 2.27%, 0, 0, 2, 51.79 1489 210175
1601586624, 0, 0, 593, 593, 1, 2.27%, 0, 0, 2, 48.07 1490 210414
1601586629, 0, 0, 600, 600, 1, 2.27%, 0, 0, 2, 49.52 1490 210681
1601586634, 0, 0, 602, 602, 1, 2.27%, 0, 0, 2, 48.90 1490 210923
1601586639, 0, 0, 604, 604, 1, 2.27%, 0, 0, 2, 51.04 1490 211151
1601586644, 0, 0, 607, 607, 1, 2.27%, 0, 0, 2, 49.81 1490 211405
1601586649, 0, 0, 612, 612, 1, 2.28%, 0, 0, 2, 45.14 1493 211632
1601586654, 0, 0, 614, 614, 1, 2.28%, 0, 0, 2, 47.49 1495 211879
1601586660, 0, 0, 615, 615, 1, 2.28%, 0, 0, 2, 46.39 1495 212120
1601586665, 0, 0, 620, 620, 1, 2.28%, 0, 0, 2, 49.13 1496 212373
1601586670, 0, 0, 624, 624, 1, 2.28%, 0, 0, 2, 48.29 1497 212618
1601586675, 0, 0, 628, 628, 1, 2.29%, 0, 0, 2, 48.76 1498 212863
1601586680, 0, 0, 631, 631, 1, 2.29%, 0, 0, 2, 50.58 1498 213126
1601586685, 0, 0, 632, 632, 1, 2.29%, 0, 0, 2, 47.97 1498 213372
1601586690, 0, 0, 634, 634, 1, 2.29%, 0, 0, 2, 50.85 1498 213639
1601586695, 0, 0, 635, 635, 1, 2.29%, 0, 0, 2, 48.61 1498 213890
1601586700, 0, 0, 641, 641, 1, 2.29%, 0, 0, 2, 45.84 1500 214112
1601586705, 0, 0, 643, 643, 1, 2.29%, 0, 0, 2, 47.79 1500 214366
1601586710, 0, 0, 646, 646, 1, 2.29%, 0, 0, 2, 48.52 1500 214611
1601586715, 0, 0, 652, 652, 1, 2.29%, 0, 0, 2, 52.81 1501 214886
1601586721, 0, 0, 655, 655, 1, 2.29%, 0, 0, 2, 48.92 1501 215129
1601586726, 0, 0, 658, 658, 1, 2.29%, 0, 0, 2, 51.07 1502 215394
1601586731, 0, 0, 662, 662, 1, 2.29%, 0, 0, 2, 54.23 1502 215640
1601586736, 0, 0, 666, 666, 1, 2.29%, 0, 0, 2, 52.73 1502 215894
1601586741, 0, 0, 668, 668, 1, 2.29%, 0, 0, 2, 51.96 1502 216147
1601586746, 0, 0, 672, 672, 1, 2.29%, 0, 0, 2, 49.52 1502 216398
1601586751, 0, 0, 674, 674, 1, 2.29%, 0, 0, 2, 51.60 1502 216673
1601586756, 0, 0, 678, 678, 1, 2.29%, 0, 0, 2, 49.22 1502 216917
1601586761, 0, 0, 681, 681, 1, 2.29%, 0, 0, 2, 47.15 1502 217158
1601586766, 0, 0, 683, 683, 1, 2.29%, 0, 0, 2, 46.76 1502 217396
1601586771, 0, 0, 684, 684, 1, 2.29%, 0, 0, 2, 49.96 1502 217651
1601586776, 0, 0, 687, 687, 1, 2.29%, 0, 0, 2, 50.20 1502 217906
1601586781, 0, 0, 688, 688, 1, 2.29%, 0, 0, 2, 51.05 1502 218156
1601586786, 0, 0, 691, 691, 1, 2.29%, 0, 0, 2, 50.39 1502 218413
1601586791, 0, 0, 693, 693, 1, 2.29%, 0, 0, 2, 51.59 1502 218671
1601586797, 0, 0, 696, 696, 1, 2.29%, 0, 0, 2, 50.20 1502 218926
1601586802, 0, 0, 699, 699, 1, 2.29%, 0, 0, 2, 49.66 1502 219181
1601586807, 0, 0, 700, 700, 1, 2.29%, 0, 0, 2, 50.44 1502 219437
1601586812, 0, 0, 702, 702, 1, 2.29%, 0, 0, 2, 51.14 1502 219694
1601586817, 0, 0, 703, 703, 1, 2.29%, 0, 0, 2, 49.16 1502 219942
1601586822, 0, 0, 704, 704, 1, 2.29%, 0, 0, 2, 50.31 1502 220205
1601586827, 0, 0, 706, 706, 1, 2.29%, 0, 0, 2, 47.69 1502 220443
1601586832, 0, 0, 707, 707, 1, 2.31%, 0, 0, 2, 50.29 1514 220704
1601586837, 0, 0, 712, 712, 1, 2.31%, 0, 0, 2, 48.21 1514 220959
1601586848, 0, 0, 716, 716, 1, 2.31%, 0, 0, 2, 52.23 1514 221483
1601586853, 0, 0, 718, 718, 1, 2.31%, 0, 0, 2, 48.61 1514 221732
1601586858, 0, 0, 720, 720, 1, 2.31%, 0, 0, 2, 48.73 1514 221988
1601586863, 0, 0, 721, 721, 1, 2.31%, 0, 0, 2, 47.43 1514 222227
1601586868, 0, 0, 722, 722, 1, 2.31%, 0, 0, 2, 52.38 1514 222494
1601586873, 0, 0, 723, 723, 1, 2.31%, 0, 0, 2, 49.88 1514 222748
1601586878, 0, 3, 723, 722, 55, 2.31%, 0, 0, 2, 40.42 1514 223419
1601586884, 0, 3, 724, 723, 55, 2.31%, 0, 0, 3, 2201.53 1514 234514
1601586889, 0, 3, 725, 724, 55, 2.31%, 0, 0, 3, 2199.74 1514 245480
1601586894, 0, 118, 726, 724, 55, 2.31%, 0, 0, 3, 61.89 1514 247831
1601587250, 0, 118, 727, 725, 55, 2.31%, 0, 0, 3, 66.05 1514 270349
1601589642, 0, 118, 728, 726, 55, 2.31%, 0, 0, 3, 65.65 1514 421369
1601590089, 0, 118, 729, 727, 55, 2.31%, 0, 0, 3, 52.34 1514 449424
1601590094, 0, 118, 730, 728, 55, 2.31%, 0, 0, 3, 49.92 1514 449673
1601590099, 0, 118, 731, 729, 55, 2.31%, 0, 0, 3, 48.08 1514 449905
1601590104, 0, 118, 732, 730, 55, 2.31%, 0, 0, 3, 50.25 1514 450165
1601590110, 0, 118, 734, 732, 55, 2.31%, 0, 0, 3, 46.55 1514 450395
1601590115, 0, 118, 737, 735, 55, 2.31%, 0, 0, 3, 48.42 1514 450643
1601590120, 0, 118, 738, 736, 55, 2.31%, 0, 0, 3, 48.33 1514 450892
1601590125, 0, 118, 739, 737, 55, 2.31%, 0, 0, 3, 50.80 1514 451154
1601590130, 0, 118, 740, 738, 55, 2.31%, 0, 0, 3, 47.23 1514 451387
1601590140, 0, 118, 742, 740, 55, 2.31%, 0, 0, 3, 47.34 1514 451875
1601590145, 0, 118, 744, 742, 55, 2.31%, 0, 0, 3, 49.47 1514 452134
1601590150, 0, 118, 745, 743, 55, 2.31%, 0, 0, 3, 49.95 1514 452389
1601590156, 0, 118, 747, 745, 55, 2.31%, 0, 0, 3, 49.78 1514 452640
1601590161, 0, 118, 748, 746, 55, 2.31%, 0, 0, 3, 50.66 1514 452874
1601590166, 0, 118, 750, 748, 55, 2.31%, 0, 0, 3, 51.32 1514 453142
1601590171, 0, 118, 751, 749, 55, 2.31%, 0, 0, 3, 52.53 1514 453404
1601590181, 0, 118, 753, 751, 55, 2.31%, 0, 0, 3, 48.00 1514 453897
1601590186, 0, 118, 754, 752, 55, 2.31%, 0, 0, 3, 48.97 1514 454144
1601590191, 0, 118, 756, 754, 55, 2.31%, 0, 0, 3, 51.84 1517 454391
1601590196, 0, 118, 757, 755, 55, 2.31%, 0, 0, 3, 49.11 1517 454638
1601590201, 0, 118, 758, 756, 55, 2.32%, 0, 0, 3, 51.74 1518 454899
1601590212, 0, 118, 761, 759, 55, 2.32%, 0, 0, 3, 48.31 1518 455400
1601590217, 0, 118, 763, 761, 55, 2.32%, 0, 0, 3, 48.60 1518 455643
1601590222, 0, 118, 765, 763, 55, 2.32%, 0, 0, 3, 48.39 1518 455881
1601590232, 0, 118, 768, 766, 55, 2.32%, 0, 0, 3, 51.66 1518 456405
1601590242, 0, 118, 770, 768, 55, 2.32%, 0, 0, 3, 52.46 1518 456926
1601590252, 0, 118, 771, 769, 55, 2.32%, 0, 0, 3, 49.22 1518 457417
1601590257, 0, 118, 773, 771, 55, 2.32%, 0, 0, 3, 51.52 1518 457673
1601590267, 0, 118, 776, 774, 55, 2.32%, 0, 0, 3, 50.59 1518 458196
1601590293, 0, 118, 777, 775, 55, 2.32%, 0, 0, 3, 49.54 1518 459443
1601590298, 0, 118, 778, 776, 55, 2.32%, 0, 0, 3, 49.53 1518 459696
1601590303, 0, 118, 779, 777, 55, 2.32%, 0, 0, 3, 47.94 1518 459946
1601590308, 0, 118, 782, 780, 55, 2.32%, 0, 0, 3, 50.50 1520 460202
1601590313, 0, 118, 783, 781, 55, 2.32%, 0, 0, 3, 51.27 1520 460463
1601590328, 0, 118, 785, 783, 55, 2.32%, 0, 0, 3, 50.83 1520 461219
1601590339, 0, 118, 789, 787, 55, 2.32%, 0, 0, 3, 51.99 1520 461742
1601590344, 0, 118, 791, 789, 55, 2.32%, 0, 0, 3, 48.92 1520 461984
1601590354, 0, 118, 792, 790, 55, 2.32%, 0, 0, 3, 49.44 1520 462487
1601590379, 0, 118, 793, 791, 55, 2.32%, 0, 0, 3, 50.07 1520 463766
1601590394, 0, 118, 794, 792, 55, 2.32%, 0, 0, 3, 51.07 1520 464522
1601590400, 0, 118, 795, 793, 55, 2.32%, 0, 0, 3, 49.85 1520 464776
1601590425, 0, 118, 796, 794, 55, 2.32%, 0, 0, 3, 49.92 1520 466026
1601590430, 0, 126, 796, 793, 56, 2.32%, 0, 0, 3, 66.50 1520 466318
1601590435, 0, 126, 797, 794, 56, 2.32%, 0, 0, 3, 163.66 1520 467225
1601590548, 0, 126, 802, 799, 56, 2.32%, 0, 0, 3, 194.19 1520 490614
1601590787, 0, 126, 803, 800, 56, 2.32%, 0, 0, 3, 213.51 1520 540465
1601591246, 0, 126, 804, 801, 56, 2.32%, 0, 0, 3, 203.67 1520 637737
1601591261, 0, 126, 805, 802, 56, 2.32%, 0, 0, 3, 211.89 1520 641014
1601591394, 0, 126, 806, 803, 56, 2.32%, 0, 0, 3, 195.28 1520 669007
1601591399, 0, 126, 808, 805, 56, 2.32%, 0, 0, 3, 165.71 1520 669807
1601591404, 0, 126, 810, 807, 56, 2.32%, 0, 0, 3, 159.25 1521 670597
1601591409, 0, 126, 811, 808, 56, 2.32%, 0, 0, 3, 155.04 1521 671382
1601591414, 0, 126, 813, 810, 56, 2.32%, 0, 0, 3, 155.14 1521 672185
1601591419, 0, 126, 815, 812, 56, 2.33%, 0, 0, 3, 162.00 1524 672987
1601591424, 0, 126, 816, 813, 56, 2.33%, 0, 0, 3, 156.86 1524 673773
1601591429, 0, 126, 818, 815, 56, 2.33%, 0, 0, 3, 152.50 1524 674554
1601591434, 0, 126, 821, 818, 56, 2.33%, 0, 0, 3, 163.77 1524 675374
1601591440, 0, 126, 822, 819, 56, 2.33%, 0, 0, 3, 161.57 1524 676180
1601591445, 0, 126, 825, 822, 56, 2.33%, 0, 0, 3, 157.76 1524 676909
1601591450, 0, 126, 826, 823, 56, 2.33%, 0, 0, 3, 162.35 1524 677727
1601591460, 0, 126, 829, 826, 56, 2.33%, 0, 0, 3, 32.22 1525 679251
1601591470, 0, 126, 833, 830, 56, 2.33%, 0, 0, 3, 167.14 1526 680853
1601591475, 0, 132, 840, 836, 57, 2.33%, 0, 0, 3, 248.76 1526 682059
1601591480, 0, 132, 842, 838, 57, 2.33%, 0, 0, 3, 321.77 1526 683821
1601591491, 0, 132, 843, 839, 57, 2.33%, 0, 0, 3, 360.82 1526 687604
1601591496, 0, 132, 852, 848, 57, 2.33%, 0, 0, 3, 347.35 1526 689388
1601591542, 0, 132, 855, 851, 57, 2.33%, 0, 0, 3, 341.72 1526 706039
1601591599, 0, 132, 856, 852, 57, 2.33%, 0, 0, 3, 356.82 1526 726431
1601591655, 0, 132, 857, 853, 57, 2.33%, 0, 0, 3, 313.71 1526 746939
1601591901, 0, 132, 858, 854, 57, 2.33%, 0, 0, 3, 357.00 1526 834433
1601591958, 0, 132, 860, 856, 57, 2.33%, 0, 0, 3, 365.84 1526 854294
1601591963, 0, 132, 864, 860, 57, 2.33%, 0, 0, 3, 356.58 1526 856069
1601592045, 0, 132, 871, 867, 57, 2.33%, 0, 0, 3, 292.21 1526 885355
1601592050, 0, 132, 873, 869, 57, 2.33%, 0, 0, 3, 281.48 1526 886766
1601592055, 0, 132, 878, 874, 57, 2.33%, 0, 0, 3, 260.03 1526 888022
1601592060, 0, 132, 884, 880, 57, 2.33%, 0, 0, 3, 265.24 1526 889315
1601592065, 0, 132, 886, 882, 57, 2.34%, 0, 0, 3, 261.99 1531 890618
1601592070, 0, 132, 888, 884, 57, 2.34%, 0, 0, 3, 282.24 1531 892047
1601592075, 0, 132, 892, 888, 57, 2.34%, 0, 0, 3, 279.54 1531 893439
1601592080, 0, 132, 898, 894, 57, 2.34%, 0, 0, 3, 227.86 1533 894702
1601592086, 0, 132, 901, 897, 57, 2.34%, 0, 0, 3, 296.67 1533 896126
1601592091, 0, 153, 902, 897, 59, 2.34%, 0, 0, 3, 296.24 1534 897562
1601592116, 0, 153, 905, 900, 59, 2.35%, 0, 0, 3, 306.47 1537 905391
1601592137, 0, 153, 906, 901, 59, 2.35%, 0, 0, 3, 324.59 1537 911817
1601592645, 0, 153, 907, 902, 59, 2.35%, 0, 0, 3, 304.79 1539 1068191
1601592655, 0, 153, 908, 903, 59, 2.35%, 0, 0, 3, 305.75 1542 1071373
1601592686, 0, 153, 911, 906, 59, 2.35%, 0, 0, 3, 302.45 1542 1080882
1601592737, 0, 153, 914, 909, 59, 2.35%, 0, 0, 3, 317.46 1542 1096634
1601592762, 0, 153, 915, 910, 59, 2.35%, 0, 0, 3, 292.85 1542 1104400
1601592767, 0, 153, 918, 913, 59, 2.35%, 0, 0, 3, 318.26 1543 1106031
1601592772, 0, 153, 921, 916, 59, 2.35%, 0, 0, 3, 299.22 1543 1107531
1601592777, 0, 153, 923, 918, 59, 2.36%, 0, 0, 3, 288.75 1544 1108954
1601592782, 0, 153, 926, 921, 59, 2.36%, 0, 0, 3, 283.34 1544 1110349
1601592788, 0, 153, 929, 924, 59, 2.36%, 0, 0, 3, 278.65 1544 1111808
1601592793, 0, 153, 931, 926, 59, 2.36%, 0, 0, 3, 289.82 1544 1113299
1601592798, 0, 153, 933, 928, 59, 2.36%, 0, 0, 3, 302.63 1544 1114870
1601592803, 0, 196, 936, 930, 65, 2.36%, 0, 0, 3, 42.93 1544 1116209
1601599329, 0, 231, 936, 929, 65, 2.36%, 0, 0, 3, 1003.34 1544 1325730
1601599349, 0, 275, 936, 928, 64, 2.36%, 0, 0, 3, 103.50 1544 1362783
1601599380, 0, 275, 937, 929, 64, 2.36%, 0, 0, 3, 89.86 1544 1365571
1601601410, 0, 275, 938, 930, 64, 2.36%, 0, 0, 3, 107.44 1544 1545971
1601601677, 0, 275, 939, 931, 64, 2.36%, 0, 0, 3, 95.35 1544 1569934
1601601687, 0, 275, 941, 933, 64, 2.36%, 0, 0, 3, 101.96 1544 1570974
1601601692, 0, 275, 942, 934, 64, 2.36%, 0, 0, 3, 103.14 1544 1571498
1601601697, 0, 275, 943, 935, 64, 2.36%, 0, 0, 3, 102.26 1544 1572018
1601601713, 0, 275, 944, 936, 64, 2.36%, 0, 0, 3, 100.82 1544 1573576
1601601718, 0, 275, 946, 938, 64, 2.36%, 0, 0, 3, 103.50 1547 1574104
1601601723, 0, 275, 948, 940, 64, 2.36%, 0, 0, 3, 92.91 1547 1574570
1601601728, 0, 275, 949, 941, 64, 2.36%, 0, 0, 3, 99.73 1547 1575084
1601601743, 0, 275, 950, 942, 64, 2.36%, 0, 0, 3, 100.71 1547 1576606
1601601794, 0, 275, 951, 943, 64, 2.36%, 0, 0, 3, 100.16 1547 1581663
1601601799, 0, 275, 953, 945, 64, 2.36%, 0, 0, 3, 96.29 1547 1582128
1601601809, 0, 275, 954, 946, 64, 2.36%, 0, 0, 3, 97.74 1547 1583118
1601601845, 0, 311, 954, 945, 65, 2.36%, 0, 0, 3, 1940.72 1547 1591678
1601601850, 0, 311, 955, 946, 65, 2.36%, 0, 0, 3, 1999.46 1547 1601943
1601601855, 0, 311, 958, 949, 65, 2.36%, 0, 0, 3, 172.26 1549 1609226
1601601860, 0, 344, 958, 948, 64, 2.36%, 0, 0, 3, 187.01 1549 1611531
1601601865, 0, 344, 959, 949, 64, 2.36%, 0, 0, 3, 97.53 1549 1611887
1601602141, 0, 344, 960, 950, 64, 2.36%, 0, 0, 3, 69.69 1549 1631697
1601604164, 0, 344, 961, 951, 64, 2.36%, 0, 0, 3, 75.19 1549 1777794
1601604170, 0, 344, 962, 952, 64, 2.36%, 0, 0, 3, 73.43 1549 1778175
1601604180, 0, 344, 963, 953, 64, 2.36%, 0, 0, 3, 75.71 1549 1778936
1601604185, 0, 344, 964, 954, 64, 2.36%, 0, 0, 3, 75.56 1549 1779321
1601604221, 0, 344, 965, 955, 64, 2.36%, 0, 0, 3, 78.28 1549 1782042
1601604226, 0, 344, 966, 956, 64, 2.36%, 0, 0, 3, 76.98 1549 1782441
1601604232, 0, 344, 967, 957, 64, 2.36%, 0, 0, 3, 75.96 1549 1782829
1601604242, 0, 344, 968, 958, 64, 2.36%, 0, 0, 3, 75.39 1549 1783603
1601604252, 0, 344, 969, 959, 64, 2.36%, 0, 0, 3, 73.39 1549 1784386
1601604304, 0, 344, 970, 960, 64, 2.36%, 0, 0, 3, 75.14 1549 1788177
1601604309, 0, 344, 971, 961, 64, 2.36%, 0, 0, 3, 76.21 1549 1788576
1601604355, 0, 344, 973, 963, 64, 2.36%, 0, 0, 3, 72.75 1549 1791981
1601604386, 0, 376, 973, 962, 62, 2.36%, 0, 0, 3, 44.28 1549 1794205
1601604897, 0, 376, 975, 964, 62, 2.37%, 0, 0, 3, 47.02 1550 1818101
1601605753, 0, 376, 976, 965, 62, 2.37%, 0, 0, 3, 47.51 1550 1858358
1601608086, 0, 376, 978, 967, 62, 2.37%, 0, 0, 3, 20.36 1550 1967903
1601608101, 0, 376, 979, 968, 62, 2.37%, 0, 0, 3, 44.76 1550 1968600
1601608152, 0, 376, 980, 969, 62, 2.37%, 0, 0, 3, 46.95 1550 1970968
1601608162, 0, 376, 982, 971, 62, 2.37%, 0, 0, 3, 47.88 1550 1971441
1601608197, 0, 376, 983, 972, 62, 2.37%, 0, 0, 3, 48.82 1550 1973157
1601608202, 0, 376, 984, 973, 62, 2.37%, 0, 0, 3, 47.63 1550 1973402
1601608228, 0, 376, 986, 975, 62, 2.37%, 0, 0, 3, 49.03 1550 1974617
1601608233, 0, 376, 987, 976, 62, 2.37%, 0, 0, 3, 46.16 1550 1974851
1601608248, 0, 376, 988, 977, 62, 2.37%, 0, 0, 3, 45.21 1550 1975537
1601608274, 0, 376, 989, 978, 62, 2.37%, 0, 0, 3, 46.29 1550 1976728
1601608304, 0, 376, 990, 979, 62, 2.37%, 0, 0, 3, 45.99 1550 1978130
1601608320, 0, 376, 991, 980, 62, 2.37%, 0, 0, 3, 48.81 1550 1978865
1601608345, 0, 376, 992, 981, 62, 2.37%, 0, 0, 3, 50.56 1550 1980076
1601608391, 0, 376, 993, 982, 62, 2.37%, 0, 0, 3, 46.78 1550 1982213
1601608426, 0, 376, 994, 983, 62, 2.37%, 0, 0, 3, 48.28 1550 1983882
1601608431, 0, 409, 994, 982, 61, 2.37%, 0, 0, 3, 42.85 1550 1984102
1601608631, 0, 409, 995, 983, 61, 2.37%, 0, 0, 3, 31.48 1550 1990364
1601609085, 0, 409, 996, 984, 61, 2.37%, 0, 0, 3, 32.01 1550 2004610
1601609110, 0, 409, 997, 985, 61, 2.37%, 0, 0, 3, 33.60 1550 2005447
1601609116, 0, 409, 999, 987, 61, 2.37%, 0, 0, 3, 32.04 1551 2005608
1601614075, 0, 409, 1000, 988, 61, 2.37%, 0, 0, 3, 38.75 1551 2164175
1601614081, 0, 409, 1001, 989, 61, 2.37%, 0, 0, 3, 40.19 1551 2164380
1601614106, 0, 409, 1002, 990, 61, 2.37%, 0, 0, 3, 37.93 1551 2165366
1601614111, 0, 409, 1003, 991, 61, 2.37%, 0, 0, 3, 39.04 1551 2165566
1601614117, 0, 409, 1004, 992, 61, 2.37%, 0, 0, 3, 38.41 1551 2165766
1601614122, 0, 409, 1006, 994, 61, 2.37%, 0, 0, 3, 38.06 1551 2165968
1601614132, 0, 409, 1007, 995, 61, 2.37%, 0, 0, 3, 37.99 1551 2166355
1601614137, 0, 409, 1008, 996, 61, 2.37%, 0, 0, 3, 37.97 1551 2166552
1601614142, 0, 409, 1009, 997, 61, 2.37%, 0, 0, 3, 38.69 1551 2166749
1601614147, 0, 409, 1010, 998, 61, 2.37%, 0, 0, 3, 39.53 1551 2166946
1601614163, 0, 409, 1011, 999, 61, 2.37%, 0, 0, 3, 39.41 1551 2167546
1601614183, 0, 409, 1012, 1000, 61, 2.37%, 0, 0, 3, 37.25 1551 2168322
1601614199, 0, 409, 1013, 1001, 61, 2.37%, 0, 0, 3, 36.56 1551 2168897
1601614219, 0, 409, 1014, 1002, 61, 2.37%, 0, 0, 3, 38.23 1551 2169689
1601614245, 0, 409, 1015, 1003, 61, 2.37%, 0, 0, 3, 38.57 1551 2170662
1601614255, 0, 409, 1017, 1005, 61, 2.37%, 0, 0, 3, 38.93 1551 2171054
1601614260, 0, 409, 1018, 1006, 61, 2.37%, 0, 0, 3, 40.33 1551 2171261
1601614306, 0, 409, 1019, 1007, 61, 2.37%, 0, 0, 3, 37.63 1551 2173021
1601614342, 0, 409, 1020, 1008, 61, 2.37%, 0, 0, 3, 41.73 1551 2174380
1601614357, 0, 409, 1021, 1009, 61, 2.37%, 0, 0, 3, 39.62 1551 2174968
1601614362, 0, 409, 1022, 1010, 61, 2.37%, 0, 0, 3, 37.40 1551 2175158
1601614393, 0, 433, 1023, 1010, 56, 2.37%, 0, 0, 3, 249.34 1551 2177225
1601614408, 0, 433, 1024, 1011, 56, 2.37%, 0, 0, 3, 255.90 1551 2181075
1601614449, 0, 433, 1025, 1012, 56, 2.37%, 0, 0, 3, 258.13 1551 2191516
1601614752, 0, 433, 1026, 1013, 56, 2.37%, 0, 0, 3, 257.11 1552 2268786
1601614869, 0, 433, 1029, 1016, 56, 2.37%, 0, 0, 3, 275.16 1552 2298693
1601614874, 0, 433, 1032, 1019, 56, 2.37%, 0, 0, 3, 267.57 1552 2300065
1601614879, 0, 433, 1034, 1021, 56, 2.37%, 0, 0, 3, 282.45 1552 2301538
1601614884, 0, 433, 1037, 1024, 56, 2.37%, 0, 0, 3, 274.20 1553 2302867
1601614890, 0, 433, 1039, 1026, 56, 2.37%, 0, 0, 3, 283.45 1553 2304333
1601614895, 0, 433, 1041, 1028, 56, 2.37%, 0, 0, 3, 287.62 1553 2305769
1601614900, 0, 433, 1044, 1031, 56, 2.37%, 0, 0, 3, 277.33 1553 2307208
1601614905, 0, 433, 1046, 1033, 56, 2.37%, 0, 0, 3, 282.63 1553 2308619
1601614910, 0, 513, 1047, 1033, 58, 2.37%, 0, 0, 3, 376.77 1553 2310358
1601614930, 0, 513, 1048, 1034, 58, 2.37%, 0, 0, 3, 1249.07 1553 2335765
1601615027, 0, 513, 1049, 1035, 58, 2.38%, 0, 0, 3, 1250.86 1559 2454300
1601615078, 0, 513, 1051, 1037, 58, 2.38%, 0, 0, 3, 1081.72 1559 2517224
1601615083, 0, 513, 1055, 1041, 58, 2.38%, 0, 0, 3, 1060.29 1559 2522548
1601615088, 0, 546, 1057, 1042, 58, 2.38%, 0, 0, 3, 113.49 1559 2525357
1601615721, 0, 546, 1058, 1043, 58, 2.38%, 0, 0, 3, 177.56 1560 2633353
1601615994, 0, 581, 1058, 1042, 57, 2.38%, 0, 0, 3, 434.62 1560 2680514
1601616029, 0, 583, 1058, 1041, 56, 2.38%, 0, 0, 3, 47.40 1560 2701252
1601616584, 0, 583, 1059, 1042, 56, 2.38%, 0, 0, 3, 38.45 1560 2723581
1601619970, 0, 583, 1060, 1043, 56, 2.38%, 0, 0, 3, 40.50 1560 2860021
1601621202, 0, 589, 1060, 1042, 56, 2.38%, 0, 0, 3, 73.34 1560 2910268
1601621331, 0, 589, 1061, 1043, 56, 2.38%, 0, 0, 3, 76.47 1560 2920150
1601621418, 0, 589, 1062, 1044, 56, 2.38%, 0, 0, 3, 79.18 1560 2926902
1601622833, 0, 589, 1063, 1045, 56, 2.38%, 0, 0, 3, 80.88 1560 3035566
1601623110, 0, 589, 1064, 1046, 56, 2.38%, 0, 0, 3, 79.66 1560 3057060
1601623131, 0, 610, 1064, 1045, 56, 2.38%, 0, 0, 3, 81.18 1560 3058738
1601623228, 0, 610, 1065, 1046, 56, 2.38%, 0, 0, 3, 59.81 1560 3065087
1601625231, 0, 610, 1066, 1047, 56, 2.38%, 0, 0, 3, 67.43 1560 3194090
1601625708, 0, 610, 1067, 1048, 56, 2.38%, 0, 0, 3, 58.91 1560 3225016
1601626189, 0, 619, 1067, 1047, 54, 2.38%, 0, 0, 3, 433.04 1560 3257253
1601626632, 0, 619, 1069, 1049, 54, 2.38%, 0, 0, 3, 365.92 1560 3435407
1601626708, 0, 619, 1071, 1051, 54, 2.38%, 0, 0, 3, 441.33 1560 3466723
1601626713, 0, 619, 1073, 1053, 54, 2.38%, 0, 0, 3, 435.54 1560 3468931
1601626723, 0, 619, 1074, 1054, 54, 2.38%, 0, 0, 3, 436.28 1560 3473275
1601626733, 0, 647, 1075, 1054, 55, 2.38%, 0, 0, 3, 492.55 1561 3477891
1601626744, 0, 647, 1076, 1055, 55, 2.38%, 0, 0, 3, 1694.09 1562 3494906
1601626749, 0, 647, 1077, 1056, 55, 2.38%, 0, 0, 3, 48.53 1562 3498440
1601626780, 0, 655, 1077, 1055, 55, 2.38%, 0, 0, 3, 191.97 1562 3507513
1601628024, 0, 667, 1077, 1054, 54, 2.38%, 0, 0, 3, 466.72 1562 3734275
1601628273, 0, 667, 1078, 1055, 54, 2.38%, 0, 0, 3, 569.56 1562 3877736
1601628371, 0, 667, 1080, 1057, 54, 2.38%, 0, 0, 3, 488.09 1562 3933102
1601628381, 0, 687, 1080, 1056, 53, 2.38%, 0, 0, 3, 496.00 1562 3937961
1601628401, 0, 687, 1081, 1057, 53, 2.38%, 0, 0, 3, 529.54 1562 3948637
1601628719, 0, 687, 1082, 1058, 53, 2.38%, 0, 0, 3, 531.19 1562 4116642
1601628724, 0, 687, 1083, 1059, 53, 2.38%, 0, 0, 3, 513.21 1562 4119020
1601628729, 0, 687, 1085, 1061, 53, 2.38%, 0, 0, 3, 502.05 1563 4121586
1601628744, 0, 702, 1085, 1060, 53, 2.38%, 0, 0, 3, 344.52 1563 4128813
1601631330, 0, 711, 1085, 1059, 53, 2.38%, 0, 0, 3, 1100.73 1563 4312352
1601631528, 0, 749, 1085, 1058, 52, 2.38%, 0, 0, 3, 717.58 1563 4525836
1601631960, 0, 754, 1085, 1057, 51, 2.38%, 0, 0, 3, 53.73 1563 4709777
1601632159, 0, 754, 1086, 1058, 51, 2.39%, 0, 0, 4, 52.27 1564 4720249
1601632348, 0, 754, 1087, 1059, 51, 2.39%, 0, 0, 4, 53.55 1564 4730377
1601632394, 0, 754, 1089, 1061, 51, 2.39%, 0, 0, 4, 54.79 1564 4732882
1601635490, 0, 754, 1090, 1062, 51, 2.39%, 0, 0, 4, 57.00 1564 4897989
1601636262, 0, 754, 1091, 1063, 51, 2.39%, 0, 0, 4, 53.74 1564 4939587
1601636277, 0, 754, 1092, 1064, 51, 2.39%, 0, 0, 4, 54.42 1565 4940385
1601636298, 0, 757, 1093, 1064, 52, 2.39%, 0, 0, 4, 862.91 1565 4943549
1601636414, 0, 757, 1095, 1066, 52, 2.39%, 0, 0, 4, 953.76 1566 5055454
1601636419, 0, 757, 1096, 1067, 52, 2.39%, 0, 0, 4, 948.16 1566 5060386
1601636435, 0, 757, 1098, 1069, 52, 2.39%, 0, 0, 4, 966.19 1566 5074909
1601636465, 0, 757, 1105, 1076, 52, 2.40%, 0, 0, 4, 957.71 1572 5103930
1601636476, 0, 805, 1106, 1076, 53, 2.40%, 0, 0, 4, 857.92 1572 5113216
1601636481, 0, 805, 1107, 1077, 53, 2.40%, 0, 0, 4, 200.44 1572 5114419
1601637404, 0, 808, 1107, 1076, 52, 2.40%, 0, 0, 4, 140.48 1572 5319109
1601637409, 0, 808, 1108, 1077, 52, 2.40%, 0, 0, 4, 72.32 1572 5319391
1601637521, 0, 808, 1109, 1078, 52, 2.40%, 0, 0, 4, 52.62 1572 5325364
1601641605, 0, 808, 1110, 1079, 52, 2.40%, 0, 0, 4, 58.37 1572 5543227
1601641611, 0, 808, 1111, 1080, 52, 2.40%, 0, 0, 4, 60.27 1573 5543542
1601641631, 0, 808, 1112, 1081, 52, 2.40%, 0, 0, 4, 57.93 1573 5544730
1601641636, 0, 808, 1113, 1082, 52, 2.40%, 0, 0, 4, 59.00 1573 5545027
1601641682, 0, 808, 1114, 1083, 52, 2.40%, 0, 0, 4, 62.04 1573 5547807
1601641753, 0, 808, 1115, 1084, 52, 2.40%, 0, 0, 4, 57.57 1573 5551994
1601641758, 0, 808, 1116, 1085, 52, 2.40%, 0, 0, 4, 59.53 1573 5552301
1601641789, 0, 808, 1117, 1086, 52, 2.40%, 0, 0, 4, 58.60 1573 5554141
1601641794, 0, 808, 1119, 1088, 52, 2.40%, 0, 0, 4, 58.11 1573 5554434
1601641824, 0, 808, 1120, 1089, 52, 2.40%, 0, 0, 4, 62.24 1573 5556290
1601641880, 0, 814, 1120, 1088, 53, 2.40%, 0, 0, 4, 144.78 1573 5560058
1601642470, 0, 814, 1121, 1089, 53, 2.40%, 0, 0, 4, 255.37 1573 5706926
1601642587, 0, 814, 1122, 1090, 53, 2.40%, 0, 0, 4, 177.28 1573 5735185
1601642755, 0, 819, 1122, 1089, 53, 2.40%, 0, 0, 4, 1148.80 1573 5777720
1601642985, 0, 841, 1122, 1088, 52, 2.40%, 0, 0, 4, 366.66 1573 6002430
1601643668, 0, 851, 1122, 1087, 51, 2.40%, 0, 0, 4, 557.95 1573 6247306
1601643678, 0, 851, 1123, 1088, 51, 2.40%, 0, 0, 4, 1172.18 1573 6259476
1601643688, 0, 851, 1124, 1089, 51, 2.40%, 0, 0, 4, 1189.58 1573 6271396
1601643886, 0, 862, 1124, 1088, 50, 2.40%, 0, 0, 4, 728.19 1573 6491134
1601643891, 0, 862, 1125, 1089, 50, 2.40%, 0, 0, 4, 401.36 1573 6492661
1601643937, 0, 862, 1126, 1090, 50, 2.40%, 0, 0, 4, 301.96 1573 6506268
1601644691, 0, 862, 1127, 1091, 50, 2.40%, 0, 0, 4, 276.43 1574 6735219
1601644701, 0, 869, 1127, 1090, 49, 2.40%, 0, 0, 4, 670.71 1574 6740133
1601644721, 0, 869, 1128, 1091, 49, 2.40%, 0, 0, 4, 817.59 1574 6756982
1601644902, 0, 869, 1129, 1092, 49, 2.40%, 0, 0, 4, 654.52 1574 6906632
1601644907, 0, 869, 1131, 1094, 49, 2.40%, 0, 0, 4, 516.92 1574 6909072
1601644917, 0, 869, 1132, 1095, 49, 2.40%, 0, 0, 4, 500.55 1574 6914011
1601644927, 0, 872, 1132, 1094, 49, 2.40%, 0, 0, 4, 400.00 1574 6918582
1601644942, 0, 872, 1139, 1101, 49, 2.40%, 0, 0, 4, 449.54 1574 6924195
1601644982, 0, 872, 1141, 1103, 49, 2.40%, 0, 0, 4, 359.82 1574 6938828
1601645311, 0, 872, 1142, 1104, 49, 2.40%, 0, 0, 4, 351.78 1574 7056817
1601645499, 0, 872, 1145, 1107, 49, 2.40%, 0, 0, 4, 340.95 1574 7128870
1601645515, 0, 872, 1146, 1108, 49, 2.40%, 0, 0, 4, 316.29 1574 7133804
1601645520, 0, 872, 1147, 1109, 49, 2.40%, 0, 0, 4, 324.82 1574 7135444
1601645530, 0, 885, 1147, 1108, 52, 2.40%, 0, 0, 4, 371.40 1574 7138920
1601645545, 0, 885, 1150, 1111, 52, 2.40%, 0, 0, 4, 466.76 1574 7145312
1601645759, 0, 885, 1151, 1112, 52, 2.40%, 0, 0, 4, 475.39 1574 7242098
1601645779, 0, 885, 1152, 1113, 52, 2.40%, 0, 0, 4, 57.08 1574 7251759
1601645840, 0, 885, 1153, 1114, 52, 2.40%, 0, 0, 4, 307.19 1574 7279347
1601645845, 0, 901, 1153, 1113, 52, 2.40%, 0, 0, 4, 57.22 1574 7280461
1601650015, 0, 901, 1154, 1114, 52, 2.40%, 0, 0, 4, 61.54 1574 7506127
1601650030, 0, 903, 1154, 1113, 51, 2.40%, 0, 0, 4, 39.72 1574 7506958
1601650148, 0, 903, 1156, 1115, 51, 2.40%, 0, 0, 4, 24.32 1574 7510154
1601650153, 0, 903, 1157, 1116, 51, 2.40%, 0, 0, 4, 21.51 1574 7510258
1601659165, 0, 906, 1157, 1115, 50, 2.40%, 0, 0, 4, 2200.77 1574 7755740
1601659180, 0, 912, 1157, 1114, 49, 2.40%, 0, 0, 4, 250.42 1574 7778155
1601659185, 0, 912, 1158, 1115, 49, 2.40%, 0, 0, 4, 251.01 1574 7779418
1601659252, 0, 912, 1159, 1116, 49, 2.40%, 0, 0, 4, 241.47 1574 7795863
1601659994, 0, 912, 1160, 1117, 49, 2.40%, 0, 0, 4, 318.17 1574 7977225
1601660177, 0, 912, 1161, 1118, 49, 2.40%, 0, 0, 4, 254.56 1574 8022035
1601660187, 0, 918, 1161, 1117, 50, 2.40%, 0, 0, 4, 337.24 1574 8024905
1601660780, 0, 929, 1161, 1116, 49, 2.40%, 0, 0, 4, 774.26 1574 8237785
1601660911, 0, 929, 1162, 1117, 49, 2.40%, 0, 0, 4, 1029.17 1575 8370670
1601660967, 0, 929, 1163, 1118, 49, 2.40%, 0, 0, 4, 902.06 1575 8422770
1601660972, 0, 931, 1164, 1118, 51, 2.40%, 0, 0, 4, 807.13 1575 8426684
1601661193, 0, 939, 1164, 1117, 50, 2.40%, 0, 0, 4, 1577.28 1575 8602399
1601661199, 0, 940, 1165, 1117, 50, 2.40%, 0, 0, 4, 1370.65 1575 8609669
1601661260, 0, 940, 1166, 1118, 50, 2.40%, 0, 0, 4, 284.05 1575 8626065
1601661763, 0, 941, 1166, 1117, 49, 2.40%, 0, 0, 4, 279.24 1575 8768808
1601661768, 0, 941, 1168, 1119, 49, 2.40%, 0, 0, 4, 240.44 1575 8769967
1601662653, 0, 998, 1168, 1118, 49, 2.40%, 0, 0, 4, 31.31 1575 8972668
1601662898, 0, 998, 1171, 1121, 49, 2.40%, 0, 0, 4, 24.64 1575 8978809
