# unix_time, cycles_done, cur_path, paths_total, pending_total, pending_favs, map_size, unique_crashes, unique_hangs, max_depth, execs_per_sec, edge_coverage, total_execs
1605546744, 0, 0, 1, 1, 1, 0.08%, 0, 0, 1, 222.22 0 8
1605546749, 0, 0, 13, 13, 1, 0.13%, 0, 0, 2, 743.93 83 4499
1605546764, 0, 0, 14, 14, 1, 0.13%, 0, 0, 2, 871.39 84 17910
1605546787, 0, 0, 15, 15, 1, 0.13%, 0, 0, 2, 872.15 85 27251
1605546797, 0, 3, 15, 13, 10, 0.13%, 0, 0, 2, 873.60 85 36167
1605546802, 0, 6, 16, 11, 8, 0.13%, 0, 0, 3, 866.60 88 40537
1605546807, 0, 8, 17, 10, 7, 0.14%, 0, 0, 3, 865.68 89 44961
1605546812, 0, 13, 18, 8, 5, 0.14%, 0, 0, 3, 849.24 90 49214
1605546817, 0, 15, 20, 8, 3, 0.14%, 0, 0, 4, 840.39 92 53478
1605546822, 0, 18, 20, 5, 1, 0.14%, 0, 0, 4, 839.88 92 57829
1605546828, 0, 18, 23, 8, 1, 0.15%, 0, 0, 5, 849.54 96 62178
1605546833, 0, 21, 23, 6, 2, 0.15%, 0, 0, 5, 831.28 96 66474
1605546838, 0, 22, 27, 9, 1, 0.15%, 0, 0, 6, 803.36 101 70665
1605546843, 0, 23, 27, 8, 4, 0.15%, 0, 0, 6, 825.50 101 74821
1605546848, 0, 25, 27, 6, 2, 0.15%, 0, 0, 6, 827.06 101 79092
1605546853, 0, 26, 29, 7, 1, 0.16%, 0, 0, 7, 798.41 103 83182
1605546858, 0, 28, 32, 9, 1, 0.16%, 0, 0, 8, 787.52 105 87302
1605546864, 0, 30, 32, 8, 2, 0.16%, 0, 0, 8, 790.67 105 91477
1605546869, 0, 31, 32, 7, 1, 0.16%, 0, 0, 8, 792.68 105 95552
1605546874, 1, 4, 32, 6, 0, 0.16%, 0, 0, 8, 842.84 105 99952
1605546879, 1, 18, 32, 5, 0, 0.16%, 0, 0, 8, 858.67 105 104277
1605546884, 1, 29, 32, 5, 0, 0.16%, 0, 0, 8, 844.02 105 108654
1605546895, 2, 5, 32, 4, 0, 0.16%, 0, 0, 8, 852.98 105 116965
1605546900, 2, 15, 32, 4, 0, 0.16%, 0, 0, 8, 860.60 105 121302
1605546906, 2, 21, 32, 4, 0, 0.16%, 0, 0, 8, 861.14 105 125620
1605546911, 2, 26, 32, 4, 0, 0.16%, 0, 0, 8, 855.71 105 129911
1605546916, 2, 31, 32, 4, 0, 0.16%, 0, 0, 8, 854.95 105 134277
1605546921, 3, 8, 32, 4, 0, 0.16%, 0, 0, 8, 863.41 105 138757
1605546926, 3, 14, 32, 3, 0, 0.16%, 0, 0, 8, 863.49 105 143090
1605546931, 3, 21, 32, 3, 0, 0.16%, 0, 0, 8, 863.41 105 147455
1605546936, 3, 26, 32, 3, 0, 0.16%, 0, 0, 8, 858.27 105 151743
1605546941, 4, 0, 32, 3, 0, 0.16%, 0, 0, 8, 857.33 105 156148
1605546946, 4, 8, 32, 3, 0, 0.16%, 0, 0, 8, 862.67 105 160478
1605546951, 4, 18, 32, 3, 0, 0.16%, 0, 0, 8, 860.99 105 164844
1605546956, 4, 21, 32, 2, 0, 0.16%, 0, 0, 8, 853.50 105 169232
1605546962, 4, 25, 32, 2, 0, 0.16%, 0, 0, 8, 856.96 105 173682
1605546967, 4, 27, 32, 2, 0, 0.16%, 0, 0, 8, 820.36 105 177899
1605546972, 4, 31, 32, 1, 0, 0.16%, 0, 0, 8, 845.44 105 182299
1605546977, 5, 7, 32, 1, 0, 0.16%, 0, 0, 8, 860.21 105 186788
1605546982, 5, 16, 32, 1, 0, 0.16%, 0, 0, 8, 862.17 105 191137
1605546987, 5, 21, 32, 1, 0, 0.16%, 0, 0, 8, 858.13 105 195477
1605546992, 5, 26, 32, 1, 0, 0.16%, 0, 0, 8, 853.32 105 199846
1605546997, 6, 0, 32, 1, 0, 0.16%, 0, 0, 8, 853.28 105 204217
1605547003, 6, 8, 32, 1, 0, 0.16%, 0, 0, 8, 861.45 105 208716
1605547008, 6, 20, 32, 1, 0, 0.16%, 0, 0, 8, 859.59 105 213095
1605547013, 6, 24, 32, 1, 0, 0.16%, 0, 0, 8, 858.69 105 217388
1605547018, 6, 30, 32, 1, 0, 0.16%, 0, 0, 8, 855.56 105 221806
1605547023, 7, 1, 32, 1, 0, 0.16%, 0, 0, 8, 865.30 105 226155
1605547028, 7, 11, 32, 0, 0, 0.16%, 0, 0, 8, 865.06 105 230667
1605547033, 7, 19, 32, 0, 0, 0.16%, 0, 0, 8, 860.75 105 235016
1605547038, 7, 24, 32, 0, 0, 0.16%, 0, 0, 8, 859.68 105 239322
1605547043, 7, 29, 32, 0, 0, 0.16%, 0, 0, 8, 854.24 105 243727
1605547048, 8, 3, 32, 0, 0, 0.16%, 0, 0, 8, 860.35 105 248125
1605547053, 8, 13, 32, 0, 0, 0.16%, 0, 0, 8, 862.02 105 252452
1605547059, 8, 21, 32, 0, 0, 0.16%, 0, 0, 8, 861.61 105 256837
1605547064, 8, 26, 32, 0, 0, 0.16%, 0, 0, 8, 858.01 105 261267
1605547069, 9, 0, 32, 0, 0, 0.16%, 0, 0, 8, 858.62 105 265689
1605547074, 9, 11, 32, 0, 0, 0.16%, 0, 0, 8, 863.37 105 270028
1605547079, 9, 20, 32, 0, 0, 0.16%, 0, 0, 8, 862.61 105 274386
1605547084, 9, 25, 32, 0, 0, 0.16%, 0, 0, 8, 858.98 105 278682
1605547089, 9, 30, 32, 0, 0, 0.16%, 0, 0, 8, 857.83 105 283067
1605547094, 10, 7, 32, 0, 0, 0.16%, 0, 0, 8, 864.75 105 287556
1605547099, 10, 16, 32, 0, 0, 0.16%, 0, 0, 8, 865.30 105 291923
1605547104, 10, 22, 32, 0, 0, 0.16%, 0, 0, 8, 863.26 105 296245
1605547110, 10, 28, 32, 0, 0, 0.16%, 0, 0, 8, 859.94 105 300691
1605547115, 11, 0, 32, 0, 0, 0.16%, 0, 0, 8, 861.24 105 305132
1605547120, 11, 9, 32, 0, 0, 0.16%, 0, 0, 8, 866.86 105 309647
1605547125, 11, 18, 32, 0, 0, 0.16%, 0, 0, 8, 863.47 105 314015
1605547130, 11, 24, 32, 0, 0, 0.16%, 0, 0, 8, 861.18 105 318479
1605547135, 11, 30, 32, 0, 0, 0.16%, 0, 0, 8, 856.23 105 322883
1605547140, 12, 3, 32, 0, 0, 0.16%, 0, 0, 8, 863.22 105 327332
1605547145, 12, 12, 32, 0, 0, 0.16%, 0, 0, 8, 862.34 105 331664
1605547150, 12, 19, 32, 0, 0, 0.16%, 0, 0, 8, 860.51 105 335987
1605547156, 12, 24, 32, 0, 0, 0.16%, 0, 0, 8, 860.91 105 340454
1605547161, 12, 30, 32, 0, 0, 0.16%, 0, 0, 8, 855.99 105 344902
1605547166, 13, 4, 32, 0, 0, 0.16%, 0, 0, 8, 860.94 105 349371
1605547171, 13, 15, 32, 0, 0, 0.16%, 0, 0, 8, 862.70 105 353712
1605547176, 13, 22, 32, 0, 0, 0.16%, 0, 0, 8, 859.00 105 358048
1605547181, 13, 26, 32, 0, 0, 0.16%, 0, 0, 8, 856.49 105 362491
1605547186, 13, 31, 32, 0, 0, 0.16%, 0, 0, 8, 853.19 105 366862
1605547192, 14, 5, 32, 0, 0, 0.16%, 0, 0, 8, 864.25 105 371345
1605547197, 14, 16, 32, 0, 0, 0.16%, 0, 0, 8, 863.05 105 375695
1605547202, 14, 22, 32, 0, 0, 0.16%, 0, 0, 8, 859.45 105 380005
1605547207, 14, 28, 32, 0, 0, 0.16%, 0, 0, 8, 856.63 105 384428
1605547212, 15, 2, 32, 0, 0, 0.16%, 0, 0, 8, 859.87 105 388891
1605547217, 15, 12, 32, 0, 0, 0.16%, 0, 0, 8, 864.25 105 393398
1605547222, 15, 20, 32, 0, 0, 0.16%, 0, 0, 8, 864.01 105 397769
1605547227, 15, 25, 32, 0, 0, 0.16%, 0, 0, 8, 859.14 105 402086
1605547232, 15, 31, 32, 0, 0, 0.16%, 0, 0, 8, 856.14 105 406501
1605547237, 16, 5, 32, 0, 0, 0.16%, 0, 0, 8, 865.26 105 410851
1605547242, 16, 15, 32, 0, 0, 0.16%, 0, 0, 8, 865.27 105 415186
1605547248, 16, 22, 32, 0, 0, 0.16%, 0, 0, 8, 861.38 105 419645
1605547253, 16, 26, 32, 0, 0, 0.16%, 0, 0, 8, 860.02 105 424061
1605547258, 17, 2, 32, 0, 0, 0.16%, 0, 0, 8, 859.49 105 428491
1605547263, 17, 12, 32, 0, 0, 0.16%, 0, 0, 8, 866.00 105 433003
1605547268, 17, 20, 32, 0, 0, 0.16%, 0, 0, 8, 863.67 105 437373
1605547273, 17, 25, 32, 0, 0, 0.16%, 0, 0, 8, 860.26 105 441705
1605547278, 17, 30, 32, 0, 0, 0.16%, 0, 0, 8, 854.44 105 446119
1605547284, 18, 4, 32, 0, 0, 0.16%, 0, 0, 8, 863.52 105 450569
1605547289, 18, 14, 32, 0, 0, 0.16%, 0, 0, 8, 863.58 105 454898
1605547294, 18, 21, 32, 0, 0, 0.16%, 0, 0, 8, 860.73 105 459273
1605547299, 18, 25, 32, 0, 0, 0.16%, 0, 0, 8, 858.19 105 463689
1605547304, 18, 31, 32, 0, 0, 0.16%, 0, 0, 8, 854.50 105 468018
1605547309, 19, 7, 32, 0, 0, 0.16%, 0, 0, 8, 862.94 105 472497
1605547314, 19, 17, 32, 0, 0, 0.16%, 0, 0, 8, 861.34 105 476835
1605547319, 19, 22, 32, 0, 0, 0.16%, 0, 0, 8, 860.17 105 481161
1605547324, 19, 26, 32, 0, 0, 0.16%, 0, 0, 8, 858.10 105 485603
1605547329, 20, 0, 32, 0, 0, 0.16%, 0, 0, 8, 857.28 105 489979
1605547335, 20, 11, 32, 0, 0, 0.16%, 0, 0, 8, 863.88 105 494489
1605547340, 20, 18, 32, 0, 0, 0.16%, 0, 0, 8, 862.06 105 498835
1605547345, 20, 24, 32, 0, 0, 0.16%, 0, 0, 8, 858.36 105 503148
1605547350, 20, 30, 32, 0, 0, 0.16%, 0, 0, 8, 852.58 105 507515
1605547355, 21, 3, 32, 0, 0, 0.16%, 0, 0, 8, 860.95 105 511955
1605547360, 21, 13, 32, 0, 0, 0.16%, 0, 0, 8, 858.50 105 516277
1605547365, 21, 21, 32, 0, 0, 0.16%, 0, 0, 8, 860.27 105 520645
1605547370, 21, 25, 32, 0, 0, 0.16%, 0, 0, 8, 857.28 105 525057
1605547375, 21, 31, 32, 0, 0, 0.16%, 0, 0, 8, 854.24 105 529431
1605547381, 22, 7, 32, 0, 0, 0.16%, 0, 0, 8, 862.57 105 533891
1605547386, 22, 16, 32, 0, 0, 0.16%, 0, 0, 8, 861.31 105 538235
1605547391, 22, 22, 32, 0, 0, 0.16%, 0, 0, 8, 858.11 105 542537
1605547396, 22, 28, 32, 0, 0, 0.16%, 0, 0, 8, 854.30 105 546953
1605547401, 23, 2, 32, 0, 0, 0.16%, 0, 0, 8, 859.63 105 551329
1605547406, 23, 12, 32, 0, 0, 0.16%, 0, 0, 8, 864.99 105 555682
1605547411, 23, 20, 32, 0, 0, 0.16%, 0, 0, 8, 861.08 105 559989
1605547416, 23, 25, 32, 0, 0, 0.16%, 0, 0, 8, 855.18 105 564435
1605547421, 23, 31, 32, 0, 0, 0.16%, 0, 0, 8, 852.23 105 568826
1605547426, 24, 7, 32, 0, 0, 0.16%, 0, 0, 8, 861.77 105 573306
1605547431, 24, 16, 32, 0, 0, 0.16%, 0, 0, 8, 860.95 105 577658
1605547437, 24, 22, 32, 0, 0, 0.16%, 0, 0, 8, 856.56 105 582117
1605547442, 24, 28, 32, 0, 0, 0.16%, 0, 0, 8, 854.98 105 586528
1605547447, 25, 2, 32, 0, 0, 0.16%, 0, 0, 8, 858.44 105 590987
1605547452, 25, 12, 32, 0, 0, 0.16%, 0, 0, 8, 862.62 105 595313
1605547457, 25, 20, 32, 0, 0, 0.16%, 0, 0, 8, 862.12 105 599672
1605547462, 25, 25, 32, 0, 0, 0.16%, 0, 0, 8, 857.46 105 604124
1605547467, 25, 31, 32, 0, 0, 0.16%, 0, 0, 8, 854.28 105 608525
1605547473, 26, 8, 32, 0, 0, 0.16%, 0, 0, 8, 863.29 105 613025
1605547478, 26, 17, 32, 0, 0, 0.16%, 0, 0, 8, 862.65 105 617371
1605547483, 26, 23, 32, 0, 0, 0.16%, 0, 0, 8, 860.66 105 621833
1605547488, 26, 30, 32, 0, 0, 0.16%, 0, 0, 8, 856.68 105 626291
1605547493, 27, 3, 32, 0, 0, 0.16%, 0, 0, 8, 861.98 105 630713
1605547498, 27, 13, 32, 0, 0, 0.16%, 0, 0, 8, 863.11 105 635040
1605547503, 27, 21, 32, 0, 0, 0.16%, 0, 0, 8, 862.14 105 639406
1605547508, 27, 26, 32, 0, 0, 0.16%, 0, 0, 8, 858.85 105 643702
1605547513, 27, 31, 32, 0, 0, 0.16%, 0, 0, 8, 856.83 105 648077
1605547519, 28, 8, 32, 0, 0, 0.16%, 0, 0, 8, 864.02 105 652582
1605547524, 28, 17, 32, 0, 0, 0.16%, 0, 0, 8, 862.19 105 656921
1605547529, 28, 23, 32, 0, 0, 0.16%, 0, 0, 8, 858.61 105 661218
1605547534, 28, 28, 32, 0, 0, 0.16%, 0, 0, 8, 855.65 105 665497
1605547539, 29, 2, 32, 0, 0, 0.16%, 0, 0, 8, 863.00 105 669923
1605547544, 29, 12, 32, 0, 0, 0.16%, 0, 0, 8, 862.84 105 674257
1605547549, 29, 20, 32, 0, 0, 0.16%, 0, 0, 8, 860.72 105 678600
1605547554, 29, 23, 32, 0, 0, 0.16%, 0, 0, 8, 856.03 105 681797
1605547559, 29, 28, 32, 0, 0, 0.16%, 0, 0, 8, 853.10 105 686149
1605547564, 30, 2, 32, 0, 0, 0.16%, 0, 0, 8, 859.76 105 690569
1605547569, 30, 12, 32, 0, 0, 0.16%, 0, 0, 8, 860.94 105 694892
1605547574, 30, 19, 32, 0, 0, 0.16%, 0, 0, 8, 858.85 105 699223
1605547579, 30, 24, 32, 0, 0, 0.16%, 0, 0, 8, 855.68 105 703645
1605547585, 30, 30, 32, 0, 0, 0.16%, 0, 0, 8, 852.16 105 708063
1605547590, 31, 4, 32, 0, 0, 0.16%, 0, 0, 8, 857.87 105 712499
1605547595, 31, 14, 32, 0, 0, 0.16%, 0, 0, 8, 860.41 105 716825
1605547600, 31, 21, 32, 0, 0, 0.16%, 0, 0, 8, 859.12 105 721281
1605547605, 31, 26, 32, 0, 0, 0.16%, 0, 0, 8, 855.21 105 725701
1605547610, 32, 0, 32, 0, 0, 0.16%, 0, 0, 8, 851.95 105 730073
1605547616, 32, 11, 32, 0, 0, 0.16%, 0, 0, 8, 863.07 105 734585
1605547621, 32, 19, 32, 0, 0, 0.16%, 0, 0, 8, 859.36 105 738953
1605547626, 32, 24, 32, 0, 0, 0.16%, 0, 0, 8, 856.32 105 743340
1605547631, 32, 30, 32, 0, 0, 0.16%, 0, 0, 8, 854.33 105 747742
1605547636, 33, 3, 32, 0, 0, 0.16%, 0, 0, 8, 862.09 105 752185
1605547641, 33, 12, 32, 0, 0, 0.16%, 0, 0, 8, 862.90 105 756520
1605547646, 33, 20, 32, 0, 0, 0.16%, 0, 0, 8, 861.12 105 760860
1605547651, 33, 24, 32, 0, 0, 0.16%, 0, 0, 8, 859.21 105 765168
1605547656, 33, 30, 32, 0, 0, 0.16%, 0, 0, 8, 853.02 105 769497
1605547661, 34, 4, 32, 0, 0, 0.16%, 0, 0, 8, 861.21 105 773935
1605547666, 34, 14, 32, 0, 0, 0.16%, 0, 0, 8, 862.20 105 778275
1605547672, 34, 21, 32, 0, 0, 0.16%, 0, 0, 8, 860.00 105 782609
1605547677, 34, 26, 32, 0, 0, 0.16%, 0, 0, 8, 855.42 105 787025
1605547682, 34, 31, 32, 0, 0, 0.16%, 0, 0, 8, 853.18 105 791395
1605547687, 35, 8, 32, 0, 0, 0.16%, 0, 0, 8, 862.03 105 795723
1605547692, 35, 17, 32, 0, 0, 0.16%, 0, 0, 8, 862.24 105 800067
1605547697, 35, 23, 32, 0, 0, 0.16%, 0, 0, 8, 857.02 105 804351
1605547702, 35, 28, 32, 0, 0, 0.16%, 0, 0, 8, 854.29 105 808763
1605547707, 36, 2, 32, 0, 0, 0.16%, 0, 0, 8, 857.97 105 813155
1605547712, 36, 11, 32, 0, 0, 0.16%, 0, 0, 8, 864.79 105 817673
1605547717, 36, 20, 32, 0, 0, 0.16%, 0, 0, 8, 860.51 105 822060
1605547723, 36, 25, 32, 0, 0, 0.16%, 0, 0, 8, 856.16 105 826500
1605547728, 36, 31, 32, 0, 0, 0.16%, 0, 0, 8, 850.48 105 830863
1605547733, 37, 7, 32, 0, 0, 0.16%, 0, 0, 8, 861.33 105 835353
1605547738, 37, 17, 32, 0, 0, 0.16%, 0, 0, 8, 862.58 105 839846
1605547743, 37, 22, 32, 0, 0, 0.16%, 0, 0, 8, 858.26 105 844141
1605547748, 37, 28, 32, 0, 0, 0.16%, 0, 0, 8, 855.00 105 848526
1605547753, 38, 2, 32, 0, 0, 0.16%, 0, 0, 8, 858.90 105 852899
1605547759, 38, 11, 32, 0, 0, 0.16%, 0, 0, 8, 865.82 105 857411
1605547764, 38, 18, 32, 0, 0, 0.16%, 0, 0, 8, 862.33 105 861777
1605547769, 38, 23, 32, 0, 0, 0.16%, 0, 0, 8, 857.00 105 866065
1605547774, 38, 28, 32, 0, 0, 0.16%, 0, 0, 8, 855.09 105 870464
1605547779, 38, 31, 32, 0, 0, 0.16%, 0, 0, 8, 856.33 105 874836
1605547784, 39, 8, 32, 0, 0, 0.16%, 0, 0, 8, 863.24 105 879337
1605547789, 39, 18, 32, 0, 0, 0.16%, 0, 0, 8, 859.61 105 883671
1605547794, 39, 24, 32, 0, 0, 0.16%, 0, 0, 8, 858.43 105 887977
1605547799, 39, 30, 32, 0, 0, 0.16%, 0, 0, 8, 853.20 105 892362
1605547805, 40, 4, 32, 0, 0, 0.16%, 0, 0, 8, 856.66 105 896787
1605547810, 40, 13, 32, 0, 0, 0.16%, 0, 0, 8, 860.24 105 901121
1605547815, 40, 21, 32, 0, 0, 0.16%, 0, 0, 8, 858.16 105 905557
1605547820, 40, 26, 32, 0, 0, 0.16%, 0, 0, 8, 854.13 105 909939
1605547825, 40, 31, 32, 0, 0, 0.16%, 0, 0, 8, 852.31 105 914318
1605547830, 41, 5, 32, 0, 0, 0.16%, 0, 0, 8, 859.68 105 918769
1605547835, 41, 15, 32, 0, 0, 0.16%, 0, 0, 8, 859.69 105 923089
1605547840, 41, 21, 32, 0, 0, 0.16%, 0, 0, 8, 857.08 105 927380
1605547845, 41, 26, 32, 0, 0, 0.16%, 0, 0, 8, 852.09 105 931735
1605547851, 42, 0, 32, 0, 0, 0.16%, 0, 0, 8, 852.81 105 936137
1605547856, 42, 11, 32, 0, 0, 0.16%, 0, 0, 8, 860.01 105 940457
1605547861, 42, 20, 32, 0, 0, 0.16%, 0, 0, 8, 857.39 105 944790
1605547866, 42, 25, 32, 0, 0, 0.16%, 0, 0, 8, 854.46 105 949210
1605547871, 42, 30, 32, 0, 0, 0.16%, 0, 0, 8, 853.95 105 953580
1605547876, 43, 5, 32, 0, 0, 0.16%, 0, 0, 8, 859.48 105 958043
1605547881, 43, 16, 32, 0, 0, 0.16%, 0, 0, 8, 858.91 105 962365
1605547886, 43, 22, 32, 0, 0, 0.16%, 0, 0, 8, 856.10 105 966686
1605547891, 43, 26, 32, 0, 0, 0.16%, 0, 0, 8, 853.14 105 971081
1605547896, 44, 0, 32, 0, 0, 0.16%, 0, 0, 8, 854.89 105 975441
1605547901, 44, 11, 32, 0, 0, 0.16%, 0, 0, 8, 863.09 105 979779
1605547906, 44, 18, 32, 0, 0, 0.16%, 0, 0, 8, 858.92 105 984123
1605547911, 44, 24, 32, 0, 0, 0.16%, 0, 0, 8, 855.45 105 988405
1605547917, 44, 30, 32, 0, 0, 0.16%, 0, 0, 8, 850.93 105 992780
1605547922, 45, 5, 32, 0, 0, 0.16%, 0, 0, 8, 859.34 105 997223
1605547927, 45, 15, 32, 0, 0, 0.16%, 0, 0, 8, 862.38 105 1001541
1605547932, 45, 21, 32, 0, 0, 0.16%, 0, 0, 8, 859.68 105 1005844
1605547937, 45, 26, 32, 0, 0, 0.16%, 0, 0, 8, 851.38 105 1010224
1605547942, 46, 0, 32, 0, 0, 0.16%, 0, 0, 8, 852.35 105 1014611
1605547947, 46, 8, 32, 0, 0, 0.16%, 0, 0, 8, 860.88 105 1018947
1605547952, 46, 18, 32, 0, 0, 0.16%, 0, 0, 8, 858.44 105 1023281
1605547957, 46, 24, 32, 0, 0, 0.16%, 0, 0, 8, 853.99 105 1027714
1605547962, 46, 30, 32, 0, 0, 0.16%, 0, 0, 8, 852.03 105 1032067
1605547968, 47, 4, 32, 0, 0, 0.16%, 0, 0, 8, 860.46 105 1036528
1605547973, 47, 13, 32, 0, 0, 0.16%, 0, 0, 8, 861.42 105 1040865
1605547978, 47, 21, 32, 0, 0, 0.16%, 0, 0, 8, 859.17 105 1045195
1605547983, 47, 25, 32, 0, 0, 0.16%, 0, 0, 8, 856.54 105 1049569
1605547988, 47, 31, 32, 0, 0, 0.16%, 0, 0, 8, 851.02 105 1053924
1605547993, 48, 7, 32, 0, 0, 0.16%, 0, 0, 8, 862.32 105 1058256
1605547998, 48, 16, 32, 0, 0, 0.16%, 0, 0, 8, 859.97 105 1062561
1605548003, 48, 23, 32, 0, 0, 0.16%, 0, 0, 8, 855.01 105 1066839
1605548008, 48, 28, 32, 0, 0, 0.16%, 0, 0, 8, 853.53 105 1071268
1605548013, 49, 2, 32, 0, 0, 0.16%, 0, 0, 8, 857.67 105 1075659
1605548018, 49, 12, 32, 0, 0, 0.16%, 0, 0, 8, 860.65 105 1079979
1605548023, 49, 20, 32, 0, 0, 0.16%, 0, 0, 8, 857.55 105 1084291
1605548029, 49, 24, 32, 0, 0, 0.16%, 0, 0, 8, 856.72 105 1088717
1605548034, 49, 30, 32, 0, 0, 0.16%, 0, 0, 8, 853.79 105 1093103
1605548039, 50, 5, 32, 0, 0, 0.16%, 0, 0, 8, 859.70 105 1097553
1605548044, 50, 16, 32, 0, 0, 0.16%, 0, 0, 8, 861.04 105 1101876
1605548049, 50, 22, 32, 0, 0, 0.16%, 0, 0, 8, 856.61 105 1106309
1605548054, 50, 26, 32, 0, 0, 0.16%, 0, 0, 8, 855.11 105 1110737
1605548059, 51, 0, 32, 0, 0, 0.16%, 0, 0, 8, 854.55 105 1115105
1605548064, 51, 11, 32, 0, 0, 0.16%, 0, 0, 8, 860.91 105 1119430
1605548069, 51, 20, 32, 0, 0, 0.16%, 0, 0, 8, 859.05 105 1123761
1605548075, 51, 25, 32, 0, 0, 0.16%, 0, 0, 8, 856.40 105 1128207
1605548080, 51, 30, 32, 0, 0, 0.16%, 0, 0, 8, 852.94 105 1132604
1605548085, 52, 5, 32, 0, 0, 0.16%, 0, 0, 8, 859.81 105 1136913
1605548090, 52, 16, 32, 0, 0, 0.16%, 0, 0, 8, 860.74 105 1141251
1605548095, 52, 22, 32, 0, 0, 0.16%, 0, 0, 8, 857.57 105 1145559
1605548100, 52, 28, 32, 0, 0, 0.16%, 0, 0, 8, 854.05 105 1149976
1605548105, 53, 2, 32, 0, 0, 0.16%, 0, 0, 8, 856.66 105 1154352
1605548110, 53, 11, 32, 0, 0, 0.16%, 0, 0, 8, 860.33 105 1158683
1605548115, 53, 20, 32, 0, 0, 0.16%, 0, 0, 8, 857.81 105 1162996
1605548120, 53, 24, 32, 0, 0, 0.16%, 0, 0, 8, 854.93 105 1167387
1605548125, 53, 30, 32, 0, 0, 0.16%, 0, 0, 8, 851.64 105 1171788
1605548131, 54, 4, 32, 0, 0, 0.16%, 0, 0, 8, 860.63 105 1176209
1605548136, 54, 14, 32, 0, 0, 0.16%, 0, 0, 8, 863.23 105 1180557
1605548141, 54, 22, 32, 0, 0, 0.16%, 0, 0, 8, 861.63 105 1184901
1605548146, 54, 26, 32, 0, 0, 0.16%, 0, 0, 8, 856.29 105 1189317
1605548151, 55, 2, 32, 0, 0, 0.16%, 0, 0, 8, 859.67 105 1193719
1605548156, 55, 11, 32, 0, 0, 0.16%, 0, 0, 8, 863.40 105 1198049
1605548161, 55, 20, 32, 0, 0, 0.16%, 0, 0, 8, 860.85 105 1202407
1605548166, 55, 25, 32, 0, 0, 0.16%, 0, 0, 8, 856.97 105 1206806
1605548171, 55, 31, 32, 0, 0, 0.16%, 0, 0, 8, 853.94 105 1211196
1605548177, 56, 7, 32, 0, 0, 0.16%, 0, 0, 8, 863.12 105 1215673
1605548182, 56, 17, 32, 0, 0, 0.16%, 0, 0, 8, 862.47 105 1220011
1605548187, 56, 23, 32, 0, 0, 0.16%, 0, 0, 8, 858.74 105 1224327
1605548192, 56, 28, 32, 0, 0, 0.16%, 0, 0, 8, 853.75 105 1228732
1605548197, 57, 0, 32, 0, 0, 0.16%, 0, 0, 8, 874.36 105 1232251
1605548202, 57, 11, 32, 0, 0, 0.16%, 0, 0, 8, 866.32 105 1236589
1605548207, 57, 20, 32, 0, 0, 0.16%, 0, 0, 8, 859.94 105 1240926
1605548212, 57, 25, 32, 0, 0, 0.16%, 0, 0, 8, 856.83 105 1245368
1605548217, 57, 31, 32, 0, 0, 0.16%, 0, 0, 8, 854.29 105 1249785
1605548223, 58, 7, 32, 0, 0, 0.16%, 0, 0, 8, 861.14 105 1254257
1605548228, 58, 16, 32, 0, 0, 0.16%, 0, 0, 8, 860.19 105 1258595
1605548233, 58, 22, 32, 0, 0, 0.16%, 0, 0, 8, 856.52 105 1263042
1605548238, 58, 26, 32, 0, 0, 0.16%, 0, 0, 8, 853.75 105 1267458
1605548243, 58, 31, 32, 0, 0, 0.16%, 0, 0, 8, 853.43 105 1271862
1605548248, 59, 7, 32, 0, 0, 0.16%, 0, 0, 8, 861.26 105 1276193
1605548253, 59, 16, 32, 0, 0, 0.16%, 0, 0, 8, 860.12 105 1280531
1605548258, 59, 23, 32, 0, 0, 0.16%, 0, 0, 8, 855.44 105 1284974
1605548263, 59, 32, 35, 3, 1, 0.16%, 0, 0, 8, 800.16 107 1289036
1605548268, 59, 32, 36, 4, 1, 0.16%, 0, 0, 8, 800.79 108 1293006
1605548279, 59, 34, 36, 3, 2, 0.16%, 0, 0, 8, 793.05 108 1301274
1605548299, 59, 35, 37, 3, 1, 0.16%, 0, 0, 9, 835.88 108 1318342
1605548304, 59, 35, 38, 4, 1, 0.17%, 0, 0, 9, 785.67 109 1322091
1605548309, 59, 35, 39, 5, 1, 0.17%, 0, 0, 9, 821.93 110 1326286
1605548339, 59, 38, 40, 5, 1, 0.17%, 0, 0, 10, 774.87 112 1351284
1605548360, 59, 39, 41, 5, 1, 0.17%, 0, 0, 11, 766.77 113 1367672
1605548375, 59, 39, 42, 6, 1, 0.18%, 0, 0, 11, 830.84 116 1380331
1605548380, 59, 39, 43, 7, 1, 0.18%, 0, 0, 11, 834.43 117 1384547
1605548395, 59, 41, 47, 10, 2, 0.19%, 0, 0, 12, 711.66 122 1396530
1605548416, 59, 42, 47, 9, 5, 0.19%, 0, 0, 12, 761.96 122 1413173
1605548441, 59, 43, 47, 8, 4, 0.19%, 0, 0, 12, 718.62 122 1433182
1605548462, 59, 44, 47, 7, 3, 0.19%, 0, 0, 12, 805.28 122 1449763
1605548487, 59, 45, 48, 7, 2, 0.19%, 0, 0, 13, 704.45 123 1469478
1605548492, 59, 45, 50, 9, 2, 0.20%, 0, 0, 13, 794.11 129 1473618
1605548497, 59, 45, 51, 10, 2, 0.20%, 0, 0, 13, 814.78 130 1477766
1605548523, 59, 46, 51, 9, 4, 0.20%, 0, 0, 13, 737.84 130 1498441
1605548533, 59, 46, 52, 10, 4, 0.20%, 0, 0, 13, 811.99 131 1506489
1605548559, 59, 48, 52, 9, 4, 0.20%, 0, 0, 13, 779.88 131 1527394
1605548584, 59, 49, 52, 8, 3, 0.20%, 0, 0, 13, 682.65 131 1546655
1605548589, 59, 49, 55, 11, 3, 0.21%, 0, 0, 14, 655.56 135 1549765
1605548600, 59, 49, 56, 12, 3, 0.21%, 0, 0, 14, 798.29 135 1558074
1605548615, 59, 50, 56, 11, 6, 0.21%, 0, 0, 14, 791.04 135 1570529
1605548641, 59, 51, 56, 10, 5, 0.21%, 0, 0, 14, 820.58 135 1590486
1605548666, 59, 52, 56, 9, 4, 0.21%, 0, 0, 14, 821.42 135 1610240
1605548702, 59, 53, 56, 8, 3, 0.21%, 0, 0, 14, 654.36 135 1637700
1605548728, 59, 54, 56, 7, 2, 0.21%, 0, 0, 14, 674.03 135 1657060
